1.0 -1.3754 0.0678 0.1719 -1.3152 0.0557 0.1901 -1.2664 0.0733 0.177 -1.258 0.0855 0.1654 -1.2634 0.0914 0.1588 -1.2817 0.0951 0.1533 -1.318 0.0566 0.189 -1.3161 0.066 0.1796 -1.3176 0.0744 0.1709 -1.3242 0.082 0.1624 -1.3303 0.0693 0.1747
2.0 -1.3743 0.0667 0.1731 -1.3137 0.0572 0.1888 -1.2658 0.0746 0.1757 -1.258 0.0855 0.1654 -1.2633 0.0908 0.1594 -1.2817 0.0951 0.1533 -1.3189 0.0565 0.189 -1.3161 0.066 0.1796 -1.3184 0.0736 0.1715 -1.325 0.0813 0.163 -1.3305 0.0688 0.1753
3.0 -1.3736 0.0674 0.1724 -1.3137 0.0572 0.1888 -1.2648 0.0742 0.1763 -1.2581 0.0861 0.1648 -1.2635 0.092 0.1582 -1.2817 0.0951 0.1533 -1.3179 0.056 0.1896 -1.3161 0.066 0.1796 -1.3185 0.0742 0.1709 -1.325 0.0813 0.163 -1.3302 0.069 0.1751
4.0 -1.3743 0.0667 0.1731 -1.3136 0.0566 0.1895 -1.2649 0.0748 0.1757 -1.2572 0.0862 0.1648 -1.2626 0.0916 0.1588 -1.2826 0.0956 0.1527 -1.3179 0.056 0.1896 -1.3161 0.066 0.1796 -1.3185 0.0742 0.1709 -1.3251 0.0819 0.1624 -1.3304 0.069 0.1751
5.0 -1.3736 0.0674 0.1724 -1.3145 0.0565 0.1895 -1.2658 0.0746 0.1757 -1.2572 0.0862 0.1648 -1.2625 0.091 0.1594 -1.2809 0.0958 0.1526 -1.318 0.0566 0.189 -1.3161 0.066 0.1796 -1.3176 0.0744 0.1709 -1.3242 0.082 0.1624 -1.3299 0.0693 0.1749
6.0 -1.3728 0.0681 0.1718 -1.3136 0.0566 0.1895 -1.2648 0.0742 0.1763 -1.2572 0.0862 0.1648 -1.2626 0.0916 0.1588 -1.2808 0.0952 0.1532 -1.317 0.0561 0.1896 -1.3153 0.0661 0.1795 -1.3167 0.0745 0.1708 -1.3234 0.0821 0.1624 -1.3291 0.0694 0.1748
7.0 -1.3737 0.068 0.1718 -1.3129 0.0573 0.1888 -1.2649 0.0748 0.1757 -1.2581 0.0861 0.1648 -1.2634 0.0914 0.1588 -1.2807 0.0946 0.1538 -1.3172 0.0567 0.189 -1.3153 0.0661 0.1795 -1.3176 0.0744 0.1709 -1.3234 0.0821 0.1624 -1.3294 0.0695 0.1747
8.0 -1.3736 0.0674 0.1724 -1.3129 0.0573 0.1888 -1.2649 0.0748 0.1757 -1.2572 0.0862 0.1648 -1.2626 0.0916 0.1588 -1.2809 0.0958 0.1526 -1.317 0.0561 0.1896 -1.3153 0.0661 0.1795 -1.3176 0.0744 0.1709 -1.3251 0.0819 0.1624 -1.3297 0.0692 0.175
9.0 -1.3737 0.068 0.1718 -1.3119 0.0568 0.1894 -1.2649 0.0748 0.1757 -1.2572 0.0862 0.1648 -1.2626 0.0916 0.1588 -1.2809 0.0958 0.1526 -1.319 0.0571 0.1884 -1.3162 0.0666 0.1789 -1.3185 0.0742 0.1709 -1.3251 0.0819 0.1624 -1.3305 0.0696 0.1745
10.0 -1.3727 0.0675 0.1724 -1.3129 0.0573 0.1888 -1.2648 0.0742 0.1763 -1.2564 0.0863 0.1648 -1.2627 0.0922 0.1581 -1.2809 0.0958 0.1526 -1.3162 0.0562 0.1896 -1.3144 0.0662 0.1795 -1.3167 0.0745 0.1708 -1.3234 0.0821 0.1624 -1.3287 0.0693 0.1749
11.0 -1.3727 0.0675 0.1724 -1.3111 0.0575 0.1887 -1.264 0.0749 0.1757 -1.2572 0.0862 0.1648 -1.2618 0.0923 0.1581 -1.28 0.0959 0.1526 -1.3162 0.0562 0.1896 -1.3144 0.0662 0.1795 -1.3167 0.0745 0.1708 -1.3242 0.082 0.1624 -1.3289 0.0693 0.1749
12.0 -1.372 0.0682 0.1717 -1.312 0.0574 0.1888 -1.2639 0.0743 0.1763 -1.2563 0.0857 0.1654 -1.2618 0.0923 0.1581 -1.2809 0.0958 0.1526 -1.3172 0.0567 0.189 -1.3144 0.0662 0.1795 -1.3167 0.0745 0.1708 -1.3234 0.0821 0.1624 -1.3287 0.0696 0.1747
13.0 -1.3728 0.0681 0.1718 -1.3112 0.0581 0.1881 -1.2639 0.0743 0.1763 -1.2564 0.0863 0.1648 -1.2618 0.0923 0.1581 -1.2792 0.096 0.1525 -1.317 0.0561 0.1896 -1.3144 0.0662 0.1795 -1.3167 0.0745 0.1708 -1.3234 0.0821 0.1624 -1.3289 0.0694 0.1748
14.0 -1.371 0.0678 0.1723 -1.3112 0.0581 0.1881 -1.2624 0.0757 0.175 -1.2555 0.0864 0.1647 -1.2617 0.0917 0.1587 -1.2792 0.096 0.1525 -1.3153 0.0563 0.1895 -1.3143 0.0656 0.1801 -1.3158 0.074 0.1714 -1.3224 0.0817 0.1629 -1.3278 0.0691 0.1753
15.0 -1.3691 0.0668 0.1735 -1.3112 0.0581 0.1881 -1.2616 0.0758 0.175 -1.2546 0.0865 0.1647 -1.2608 0.0918 0.1587 -1.2792 0.096 0.1525 -1.3136 0.0566 0.1895 -1.3118 0.0666 0.1794 -1.3142 0.0748 0.1707 -1.3217 0.0824 0.1623 -1.3261 0.0694 0.1751
16.0 -1.3703 0.0691 0.1711 -1.311 0.0569 0.1894 -1.2616 0.0758 0.175 -1.2545 0.0859 0.1653 -1.2608 0.0918 0.1587 -1.2792 0.096 0.1525 -1.3163 0.0568 0.1889 -1.3136 0.0664 0.1795 -1.3158 0.074 0.1714 -1.3224 0.0817 0.1629 -1.3277 0.0696 0.1748
17.0 -1.3702 0.0685 0.1717 -1.3104 0.0582 0.1881 -1.2625 0.0763 0.1744 -1.2546 0.0865 0.1647 -1.26 0.0919 0.1587 -1.2775 0.0963 0.1525 -1.3162 0.0562 0.1896 -1.3135 0.0658 0.1801 -1.3158 0.074 0.1714 -1.3225 0.0822 0.1623 -1.3276 0.0693 0.175
18.0 -1.3693 0.068 0.1723 -1.3112 0.0581 0.1881 -1.2616 0.0758 0.175 -1.2555 0.0864 0.1647 -1.2608 0.0918 0.1587 -1.2783 0.0962 0.1525 -1.3145 0.0565 0.1895 -1.3126 0.0659 0.1801 -1.3149 0.0741 0.1714 -1.3207 0.0819 0.1629 -1.3264 0.0693 0.1752
19.0 -1.3667 0.0683 0.1722 -1.3104 0.0582 0.1881 -1.2616 0.0758 0.175 -1.2549 0.0877 0.1635 -1.2602 0.0931 0.1574 -1.2776 0.0969 0.1518 -1.3137 0.0572 0.1888 -1.312 0.0672 0.1788 -1.3142 0.0748 0.1707 -1.3208 0.0825 0.1623 -1.3255 0.07 0.1746
20.0 -1.3684 0.0681 0.1722 -1.3096 0.0589 0.1874 -1.2625 0.0763 0.1744 -1.2556 0.087 0.1641 -1.2609 0.0924 0.1581 -1.2784 0.0967 0.1519 -1.3153 0.0563 0.1895 -1.3136 0.0664 0.1795 -1.315 0.0747 0.1708 -1.3217 0.0824 0.1623 -1.3268 0.0696 0.1749
21.0 -1.3668 0.0689 0.1715 -1.3105 0.0588 0.1875 -1.2616 0.0758 0.175 -1.2555 0.0864 0.1647 -1.2617 0.0917 0.1587 -1.2793 0.0966 0.1519 -1.3137 0.0572 0.1888 -1.312 0.0672 0.1788 -1.3142 0.0748 0.1707 -1.3208 0.0825 0.1623 -1.3255 0.0701 0.1744
22.0 -1.3693 0.068 0.1723 -1.3094 0.0577 0.1887 -1.2617 0.0764 0.1743 -1.2549 0.0877 0.1635 -1.2611 0.093 0.1574 -1.2785 0.0973 0.1513 -1.3145 0.0565 0.1895 -1.3127 0.0665 0.1794 -1.315 0.0747 0.1708 -1.3208 0.0825 0.1623 -1.3265 0.0696 0.1748
23.0 -1.3649 0.068 0.1727 -1.3095 0.0583 0.1881 -1.2617 0.0764 0.1743 -1.2532 0.0885 0.1628 -1.2602 0.0931 0.1574 -1.2777 0.0975 0.1512 -1.3129 0.0573 0.1888 -1.311 0.0667 0.1794 -1.3133 0.0749 0.1707 -1.3199 0.0826 0.1622 -1.3244 0.0699 0.1748
24.0 -1.3685 0.0687 0.1716 -1.3111 0.0575 0.1887 -1.2617 0.0764 0.1743 -1.2549 0.0877 0.1635 -1.2618 0.0923 0.1581 -1.2794 0.0972 0.1513 -1.3146 0.0571 0.1889 -1.3127 0.0665 0.1794 -1.3142 0.0748 0.1707 -1.3208 0.0825 0.1623 -1.3262 0.0699 0.1746
25.0 -1.3659 0.0691 0.1715 -1.3104 0.0582 0.1881 -1.2617 0.0764 0.1743 -1.2541 0.0884 0.1628 -1.2602 0.0931 0.1574 -1.2785 0.0973 0.1513 -1.3147 0.0576 0.1883 -1.312 0.0672 0.1788 -1.3142 0.0748 0.1707 -1.3199 0.0826 0.1622 -1.3253 0.0703 0.1743
26.0 -1.3666 0.0677 0.1728 -1.3104 0.0582 0.1881 -1.2617 0.0764 0.1743 -1.2549 0.0877 0.1635 -1.2602 0.0931 0.1574 -1.2777 0.0975 0.1512 -1.3146 0.0571 0.1889 -1.3118 0.0666 0.1794 -1.3133 0.0749 0.1707 -1.3199 0.0826 0.1622 -1.3253 0.0698 0.1748
27.0 -1.3677 0.0688 0.1716 -1.3095 0.0583 0.1881 -1.2616 0.0758 0.175 -1.2541 0.0884 0.1628 -1.2603 0.0937 0.1568 -1.2777 0.0975 0.1512 -1.3146 0.0571 0.1889 -1.3127 0.0665 0.1794 -1.315 0.0747 0.1708 -1.3208 0.0825 0.1623 -1.3262 0.0699 0.1746
28.0 -1.3676 0.0682 0.1722 -1.3087 0.0585 0.188 -1.2626 0.0769 0.1737 -1.2549 0.0877 0.1635 -1.2611 0.093 0.1574 -1.2785 0.0973 0.1513 -1.3146 0.0571 0.1889 -1.3127 0.0665 0.1794 -1.3142 0.0748 0.1707 -1.3208 0.0825 0.1623 -1.326 0.0698 0.1747
29.0 -1.3685 0.0687 0.1716 -1.3078 0.0586 0.188 -1.2617 0.0764 0.1743 -1.2549 0.0877 0.1635 -1.2603 0.0937 0.1568 -1.2778 0.0981 0.1506 -1.3137 0.0572 0.1888 -1.312 0.0672 0.1788 -1.3134 0.0755 0.1701 -1.3209 0.0831 0.1616 -1.3257 0.0703 0.1742
30.0 -1.3666 0.0677 0.1728 -1.3089 0.0597 0.1868 -1.2608 0.0765 0.1743 -1.2551 0.0889 0.1622 -1.2603 0.0937 0.1568 -1.2777 0.0975 0.1512 -1.3121 0.058 0.1882 -1.3112 0.0679 0.1781 -1.3134 0.0755 0.1701 -1.3209 0.0831 0.1616 -1.3248 0.0704 0.1742
31.0 -1.3667 0.0683 0.1722 -1.3079 0.0592 0.1874 -1.2616 0.0758 0.175 -1.254 0.0878 0.1634 -1.2595 0.0944 0.1561 -1.2786 0.0979 0.1506 -1.3121 0.058 0.1882 -1.3103 0.068 0.1781 -1.3127 0.0762 0.1694 -1.32 0.0832 0.1616 -1.3244 0.0708 0.1739
32.0 -1.3669 0.0695 0.1709 -1.3088 0.0591 0.1874 -1.2619 0.0776 0.1731 -1.2551 0.0889 0.1622 -1.2604 0.0943 0.1562 -1.2787 0.0985 0.15 -1.313 0.0579 0.1882 -1.3112 0.0679 0.1781 -1.3127 0.0762 0.1694 -1.3201 0.0838 0.161 -1.3248 0.0711 0.1735
33.0 -1.3659 0.0691 0.1715 -1.3072 0.0599 0.1867 -1.2607 0.0759 0.1749 -1.2541 0.0884 0.1628 -1.2615 0.0954 0.155 -1.2788 0.0991 0.1494 -1.3122 0.0586 0.1875 -1.3112 0.0679 0.1781 -1.3135 0.0761 0.1695 -1.32 0.0832 0.1616 -1.3246 0.071 0.1736
34.0 -1.3668 0.0689 0.1715 -1.3097 0.0595 0.1868 -1.2619 0.0776 0.1731 -1.2551 0.0889 0.1622 -1.2604 0.0943 0.1562 -1.2779 0.0987 0.15 -1.3139 0.0584 0.1876 -1.3112 0.0679 0.1781 -1.3135 0.0761 0.1695 -1.3202 0.0844 0.1604 -1.3251 0.0711 0.1734
35.0 -1.3659 0.0691 0.1715 -1.3073 0.0605 0.1861 -1.261 0.0777 0.1731 -1.2542 0.089 0.1622 -1.2606 0.0955 0.1549 -1.2779 0.0987 0.15 -1.3122 0.0586 0.1875 -1.3104 0.0686 0.1775 -1.3128 0.0768 0.1688 -1.3193 0.0839 0.161 -1.3241 0.0714 0.1733
36.0 -1.3634 0.0694 0.1714 -1.3054 0.0601 0.1866 -1.2594 0.0785 0.1724 -1.2542 0.089 0.1622 -1.2596 0.095 0.1555 -1.277 0.0988 0.1499 -1.3105 0.0588 0.1875 -1.3095 0.0681 0.1781 -1.3118 0.0764 0.1694 -1.3184 0.084 0.1609 -1.3227 0.0713 0.1735
37.0 -1.3564 0.0697 0.1718 -1.304 0.0621 0.1847 -1.2576 0.0782 0.1729 -1.2509 0.0901 0.1614 -1.2564 0.0967 0.1541 -1.2747 0.1003 0.1486 -1.3069 0.0587 0.188 -1.306 0.0686 0.1779 -1.3084 0.0768 0.1693 -1.315 0.0845 0.1608 -1.3185 0.0717 0.1735
38.0 -1.3469 0.071 0.1714 -1.3006 0.0626 0.1846 -1.255 0.0785 0.1728 -1.2473 0.09 0.1619 -1.2529 0.0965 0.1546 -1.2718 0.0989 0.1504 -1.3029 0.0605 0.1865 -1.3018 0.0698 0.1771 -1.3041 0.0774 0.1691 -1.3097 0.0846 0.1612 -1.3131 0.0726 0.1731
39.0 -1.3449 0.0695 0.1732 -1.2954 0.0633 0.1844 -1.2514 0.0778 0.1739 -1.2445 0.0891 0.1631 -1.2502 0.0963 0.1552 -1.2674 0.0989 0.1508 -1.3 0.059 0.1883 -1.2991 0.0689 0.1783 -1.3005 0.0773 0.1696 -1.3062 0.0845 0.1617 -1.3101 0.0718 0.1742
40.0 -1.3337 0.071 0.1728 -1.291 0.0633 0.1848 -1.2467 0.0766 0.1756 -1.24 0.0885 0.1641 -1.2447 0.0952 0.1568 -1.2619 0.0978 0.1525 -1.2922 0.0601 0.188 -1.2912 0.0694 0.1786 -1.2927 0.0777 0.1699 -1.2982 0.0843 0.1626 -1.3016 0.0725 0.1744
41.0 -1.3205 0.0709 0.1741 -1.2837 0.0618 0.1871 -1.2412 0.0749 0.1779 -1.2326 0.0864 0.167 -1.2372 0.0925 0.1603 -1.2537 0.0964 0.1547 -1.2834 0.06 0.1889 -1.2816 0.0695 0.1795 -1.2839 0.0777 0.1708 -1.2877 0.0845 0.1635 -1.2914 0.0725 0.1754
42.0 -1.3273 0.0694 0.175 -1.2751 0.063 0.1867 -1.2336 0.0717 0.182 -1.2267 0.083 0.1711 -1.2316 0.0908 0.1626 -1.2483 0.0953 0.1563 -1.2835 0.0551 0.1939 -1.28 0.0654 0.1838 -1.2807 0.0745 0.1744 -1.2855 0.0817 0.1665 -1.2914 0.0692 0.1787
43.0 -1.3162 0.0666 0.1789 -1.2661 0.0618 0.1889 -1.2263 0.0702 0.1842 -1.2186 0.0816 0.1733 -1.2223 0.0878 0.1666 -1.2383 0.0936 0.1591 -1.2743 0.0533 0.1967 -1.2709 0.0636 0.1866 -1.2723 0.0719 0.1779 -1.2771 0.0792 0.1699 -1.2822 0.0669 0.182
43.0 -1.3162 0.0666 0.1789 -1.2661 0.0618 0.1889 -1.2263 0.0702 0.1842 -1.2186 0.0816 0.1733 -1.2223 0.0878 0.1666 -1.2383 0.0936 0.1591 -1.2743 0.0533 0.1967 -1.2709 0.0636 0.1866 -1.2723 0.0719 0.1779 -1.2771 0.0792 0.1699 -1.2822 0.0669 0.182
43.0 -1.3162 0.0666 0.1789 -1.2661 0.0618 0.1889 -1.2263 0.0702 0.1842 -1.2186 0.0816 0.1733 -1.2223 0.0878 0.1666 -1.2383 0.0936 0.1591 -1.2743 0.0533 0.1967 -1.2709 0.0636 0.1866 -1.2723 0.0719 0.1779 -1.2771 0.0792 0.1699 -1.2822 0.0669 0.182
43.0 -1.3162 0.0666 0.1789 -1.2661 0.0618 0.1889 -1.2263 0.0702 0.1842 -1.2186 0.0816 0.1733 -1.2223 0.0878 0.1666 -1.2383 0.0936 0.1591 -1.2743 0.0533 0.1967 -1.2709 0.0636 0.1866 -1.2723 0.0719 0.1779 -1.2771 0.0792 0.1699 -1.2822 0.0669 0.182
43.0 -1.3162 0.0666 0.1789 -1.2661 0.0618 0.1889 -1.2263 0.0702 0.1842 -1.2186 0.0816 0.1733 -1.2223 0.0878 0.1666 -1.2383 0.0936 0.1591 -1.2743 0.0533 0.1967 -1.2709 0.0636 0.1866 -1.2723 0.0719 0.1779 -1.2771 0.0792 0.1699 -1.2822 0.0669 0.182
48.0 -1.2687 0.0614 0.189 -1.2048 0.0529 0.204 -1.1691 0.0553 0.2051 -1.1614 0.0667 0.1942 -1.1687 0.0731 0.187 -1.1808 0.0818 0.1768 -1.2295 0.0435 0.2112 -1.2244 0.0546 0.2004 -1.2226 0.0646 0.1903 -1.2241 0.0729 0.1816 -1.2339 0.0594 0.1945
49.0 -1.2542 0.0591 0.1928 -1.1903 0.0506 0.2078 -1.1548 0.0542 0.2077 -1.1497 0.0653 0.1969 -1.1537 0.0727 0.1889 -1.1689 0.0792 0.1807 -1.2119 0.0434 0.213 -1.2084 0.0537 0.2029 -1.2082 0.0623 0.1941 -1.2104 0.0699 0.1861 -1.2186 0.0577 0.1978
50.0 -1.2466 0.0607 0.1919 -1.1783 0.0522 0.2073 -1.1418 0.0498 0.2134 -1.1352 0.0623 0.2013 -1.1409 0.0701 0.1928 -1.1561 0.0766 0.1846 -1.1968 0.0424 0.2155 -1.1923 0.0522 0.206 -1.1921 0.0608 0.1972 -1.1952 0.0689 0.1886 -1.2046 0.057 0.1999
51.0 -1.2429 0.0594 0.1936 -1.1659 0.0521 0.2087 -1.1271 0.0463 0.2185 -1.1213 0.0587 0.2064 -1.1264 0.0678 0.1966 -1.1421 0.0767 0.1859 -1.1864 0.0383 0.2208 -1.1828 0.048 0.2112 -1.1819 0.0579 0.2012 -1.1843 0.0667 0.1919 -1.1956 0.0541 0.2038
52.0 -1.2277 0.0584 0.1961 -1.1491 0.0513 0.2112 -1.1092 0.0445 0.2221 -1.1051 0.0566 0.2101 -1.1098 0.0633 0.2028 -1.1229 0.0725 0.1921 -1.1685 0.0365 0.2244 -1.1649 0.0461 0.2149 -1.1648 0.0559 0.2049 -1.1672 0.0647 0.1957 -1.1786 0.0523 0.2072
53.0 -1.2122 0.055 0.2011 -1.1309 0.0482 0.2161 -1.0938 0.0423 0.2259 -1.0896 0.0532 0.2151 -1.0963 0.0615 0.206 -1.1127 0.0696 0.196 -1.1555 0.0327 0.2295 -1.1519 0.0424 0.22 -1.1517 0.0515 0.2107 -1.1551 0.0609 0.2008 -1.1653 0.0485 0.2124
54.0 -1.1972 0.0552 0.2024 -1.1128 0.0452 0.221 -1.0773 0.0384 0.2315 -1.0718 0.052 0.2182 -1.0795 0.0607 0.2085 -1.0947 0.0672 0.2003 -1.1395 0.0318 0.2321 -1.1361 0.0427 0.2213 -1.1352 0.0526 0.2113 -1.1376 0.0614 0.202 -1.1491 0.0487 0.2138
55.0 -1.186 0.0512 0.2076 -1.0951 0.0445 0.2235 -1.0615 0.0387 0.2328 -1.0572 0.049 0.2226 -1.0625 0.0544 0.2166 -1.0804 0.0612 0.2079 -1.1298 0.027 0.2379 -1.128 0.0364 0.2285 -1.1289 0.0467 0.2179 -1.1319 0.0585 0.2055 -1.1409 0.044 0.2195
56.0 -1.1637 0.0493 0.2118 -1.0762 0.0422 0.2277 -1.0459 0.0347 0.2384 -1.0417 0.0462 0.227 -1.0477 0.0552 0.2173 -1.0651 0.0639 0.2067 -1.1072 0.0282 0.2389 -1.1054 0.0383 0.2289 -1.1063 0.0485 0.2183 -1.1097 0.0578 0.2084 -1.1185 0.0444 0.2212
57.0 -1.1492 0.047 0.2156 -1.0582 0.0397 0.232 -1.0278 0.0371 0.2377 -1.027 0.0476 0.2271 -1.0356 0.0562 0.2174 -1.0518 0.0638 0.208 -1.0911 0.0268 0.242 -1.0902 0.0366 0.232 -1.0919 0.0462 0.2221 -1.0953 0.0555 0.2122 -1.1035 0.0424 0.2248
58.0 -1.133 0.0449 0.2193 -1.044 0.0392 0.234 -1.0146 0.0371 0.2391 -1.0149 0.0486 0.2272 -1.0231 0.0555 0.2194 -1.04 0.0617 0.2113 -1.0803 0.0252 0.2447 -1.0801 0.0343 0.2354 -1.0819 0.0445 0.2248 -1.0855 0.055 0.2137 -1.0921 0.0408 0.2276
59.0 -1.1127 0.0446 0.2216 -1.028 0.0383 0.2365 -0.9993 0.0349 0.2429 -0.9987 0.0466 0.231 -1.0075 0.057 0.2194 -1.0202 0.0638 0.2112 -1.0663 0.0258 0.2455 -1.0645 0.0358 0.2354 -1.0646 0.0462 0.2248 -1.0663 0.0558 0.2148 -1.0749 0.0416 0.2284
60.0 -1.0951 0.0445 0.2235 -1.0062 0.0394 0.2375 -0.9861 0.0348 0.2442 -0.9876 0.0487 0.2299 -0.9936 0.0576 0.2202 -1.0053 0.064 0.2125 -1.0433 0.0253 0.2483 -1.0418 0.0365 0.237 -1.0427 0.0467 0.2264 -1.0443 0.0557 0.2171 -1.0534 0.0417 0.2305
61.0 -1.0476 0.0448 0.2279 -0.9526 0.0393 0.2429 -0.9451 0.0471 0.2358 -0.9426 0.0578 0.225 -0.952 0.0663 0.2154 -0.9717 0.0734 0.2062 -0.993 0.0345 0.2439 -0.9955 0.0433 0.2346 -0.9996 0.0519 0.2254 -1.007 0.0589 0.2175 -1.0086 0.0467 0.2298
62.0 -1.046 0.0457 0.2272 -0.9475 0.0406 0.2421 -0.9409 0.0482 0.235 -0.9396 0.0606 0.2224 -0.9481 0.0693 0.2128 -0.9692 0.0744 0.2055 -0.9899 0.0319 0.2469 -0.9915 0.0408 0.2376 -0.9959 0.0506 0.2271 -1.0026 0.0589 0.218 -1.0052 0.0456 0.2313
63.0 -1.0425 0.0455 0.2277 -0.9423 0.0413 0.2419 -0.9369 0.0506 0.2329 -0.9362 0.0617 0.2217 -0.944 0.071 0.2114 -0.9668 0.0753 0.2047 -0.9845 0.0308 0.2485 -0.9878 0.0395 0.2393 -0.9929 0.0486 0.2295 -1.0007 0.0579 0.2192 -1.0017 0.0444 0.2328
64.0 -1.0381 0.0455 0.2281 -0.9424 0.0364 0.2469 -0.9331 0.0438 0.2403 -0.9309 0.0612 0.2227 -0.9405 0.0709 0.2118 -0.9617 0.0766 0.2039 -0.9822 0.0329 0.2466 -0.9846 0.0417 0.2373 -0.9907 0.0513 0.2269 -0.9984 0.06 0.2172 -0.9988 0.0463 0.2312
65.0 -1.0332 0.048 0.2261 -0.9353 0.0362 0.2479 -0.9298 0.0449 0.2395 -0.9311 0.0624 0.2215 -0.9397 0.0716 0.2112 -0.9601 0.0774 0.2032 -0.973 0.0354 0.245 -0.9781 0.0444 0.2352 -0.9858 0.0532 0.2255 -0.9949 0.0599 0.2177 -0.993 0.0482 0.2299
66.0 -1.03 0.0448 0.2297 -0.9351 0.035 0.2491 -0.9279 0.0445 0.2401 -0.9271 0.0648 0.2194 -0.9376 0.0743 0.2086 -0.9587 0.0794 0.2013 -0.9784 0.031 0.2489 -0.9816 0.0397 0.2397 -0.9877 0.0493 0.2293 -0.9964 0.0585 0.219 -0.9948 0.0446 0.2333
67.0 -1.0268 0.0464 0.2283 -0.9286 0.0383 0.2464 -0.9256 0.046 0.2387 -0.9263 0.0655 0.2188 -0.9377 0.0749 0.208 -0.9595 0.0787 0.202 -0.97 0.0333 0.2473 -0.9749 0.0412 0.2388 -0.9817 0.0501 0.2291 -0.992 0.0585 0.2195 -0.9891 0.0459 0.2326
68.0 -1.0259 0.0465 0.2283 -0.9295 0.0382 0.2464 -0.9248 0.0419 0.2431 -0.9253 0.0644 0.22 -0.9369 0.0757 0.2073 -0.9571 0.0803 0.2006 -0.9748 0.0308 0.2494 -0.9781 0.0396 0.2402 -0.9841 0.0485 0.2304 -0.9927 0.0577 0.2201 -0.9911 0.0446 0.2337
69.0 -1.025 0.0461 0.2289 -0.9251 0.0382 0.2468 -0.9246 0.0456 0.2393 -0.9248 0.0669 0.2175 -0.9363 0.077 0.2061 -0.958 0.0807 0.2 -0.9729 0.0299 0.2506 -0.9778 0.0378 0.242 -0.9846 0.0466 0.2323 -0.9932 0.0552 0.2226 -0.9907 0.0431 0.2353
70.0 -1.0225 0.047 0.2281 -0.9232 0.0378 0.2474 -0.923 0.0464 0.2386 -0.9248 0.0669 0.2175 -0.9353 0.0765 0.2067 -0.9544 0.08 0.2011 -0.9693 0.0297 0.2511 -0.9742 0.0376 0.2425 -0.9811 0.0465 0.2328 -0.9896 0.0551 0.2231 -0.9874 0.0432 0.2355
71.0 -1.0215 0.0465 0.2287 -0.9238 0.0359 0.2493 -0.9218 0.0447 0.2405 -0.9236 0.0646 0.2199 -0.9335 0.0761 0.2072 -0.9536 0.0807 0.2005 -0.9676 0.03 0.251 -0.9718 0.0386 0.2418 -0.9777 0.0475 0.232 -0.9863 0.0562 0.2224 -0.985 0.0438 0.2352
72.0 -1.0183 0.0482 0.2274 -0.9255 0.0357 0.2494 -0.9201 0.0401 0.2454 -0.9212 0.0564 0.2286 -0.9287 0.0639 0.2201 -0.947 0.0627 0.2196 -0.9646 0.0328 0.2484 -0.9677 0.0404 0.2404 -0.9724 0.0471 0.2331 -0.9793 0.0516 0.2277 -0.9805 0.044 0.2354
73.0 -1.0169 0.0453 0.2304 -0.9344 0.0314 0.2528 -0.9192 0.0347 0.251 -0.9196 0.0371 0.2485 -0.924 0.0371 0.2481 -0.9362 0.0367 0.2473 -0.9716 0.0276 0.253 -0.9716 0.0325 0.248 -0.9727 0.0391 0.2412 -0.9738 0.045 0.235 -0.9813 0.0379 0.2415
74.0 -1.0179 0.0458 0.2298 -0.935 0.0344 0.2497 -0.9191 0.0341 0.2516 -0.9188 0.0378 0.2479 -0.9251 0.0382 0.2468 -0.9372 0.0371 0.2467 -0.9687 0.0311 0.2498 -0.9688 0.0365 0.2442 -0.9714 0.0417 0.2387 -0.9739 0.0456 0.2344 -0.9801 0.0401 0.2394
75.0 -1.0136 0.0464 0.2297 -0.9288 0.0346 0.2501 -0.9182 0.0342 0.2516 -0.9197 0.0377 0.2479 -0.9336 0.0364 0.2478 -0.9471 0.0383 0.2446 -0.9678 0.0312 0.2498 -0.9655 0.0382 0.2428 -0.9666 0.0442 0.2366 -0.9701 0.0492 0.2311 -0.9767 0.0418 0.238
76.0 -1.0145 0.0463 0.2297 -0.9261 0.0338 0.2513 -0.9162 0.0375 0.2484 -0.9178 0.052 0.2335 -0.9276 0.0629 0.2213 -0.9452 0.0678 0.2145 -0.9631 0.0294 0.2521 -0.9646 0.0377 0.2434 -0.9694 0.045 0.2355 -0.9757 0.0509 0.2288 -0.9774 0.0418 0.2379
77.0 -1.0153 0.0461 0.2297 -0.9316 0.0354 0.249 -0.9179 0.0324 0.2534 -0.9141 0.036 0.2502 -0.9204 0.0364 0.2492 -0.9319 0.0372 0.2471 -0.9658 0.0296 0.2515 -0.9674 0.0337 0.2472 -0.9691 0.0383 0.2423 -0.9724 0.0422 0.2381 -0.978 0.038 0.2418
78.0 -1.0118 0.046 0.2302 -0.9254 0.0351 0.25 -0.9155 0.034 0.2521 -0.9156 0.0443 0.2415 -0.9248 0.0516 0.2331 -0.9368 0.0549 0.2286 -0.959 0.0311 0.2507 -0.9602 0.0377 0.2438 -0.9647 0.0432 0.2378 -0.9699 0.048 0.2323 -0.9731 0.0412 0.239
79.0 -1.0125 0.0453 0.2309 -0.9241 0.0328 0.2524 -0.9138 0.0391 0.247 -0.9169 0.0619 0.2234 -0.9303 0.0729 0.2108 -0.9465 0.075 0.2071 -0.9596 0.0341 0.2476 -0.9627 0.0422 0.2389 -0.9675 0.0495 0.231 -0.9746 0.0547 0.225 -0.9754 0.0452 0.2347
80.0 -1.0143 0.0451 0.2309 -0.9225 0.0336 0.2517 -0.9133 0.0361 0.2501 -0.9174 0.0649 0.2203 -0.9327 0.0768 0.2066 -0.9519 0.081 0.2004 -0.9592 0.0323 0.2494 -0.9635 0.0415 0.2396 -0.9703 0.0504 0.2299 -0.9795 0.0577 0.2215 -0.9774 0.0454 0.2343
81.0 -1.0152 0.0455 0.2304 -0.9223 0.0324 0.253 -0.9126 0.0374 0.2489 -0.914 0.0653 0.2202 -0.9326 0.0762 0.2072 -0.9512 0.0817 0.1998 -0.9596 0.0341 0.2476 -0.9637 0.0427 0.2384 -0.9704 0.051 0.2292 -0.9794 0.0571 0.2221 -0.9777 0.0461 0.2335
82.0 -1.0152 0.0455 0.2304 -0.9207 0.0333 0.2523 -0.9123 0.0405 0.2457 -0.9155 0.0639 0.2215 -0.9305 0.0741 0.2096 -0.9485 0.0765 0.2053 -0.9599 0.031 0.2507 -0.9639 0.039 0.2421 -0.9697 0.0468 0.2336 -0.9771 0.0537 0.2258 -0.9772 0.0432 0.2365
83.0 -1.0161 0.0454 0.2304 -0.9191 0.0341 0.2516 -0.9126 0.0374 0.2489 -0.9155 0.0639 0.2215 -0.9325 0.0756 0.2078 -0.9522 0.0773 0.2042 -0.9609 0.0315 0.2501 -0.9651 0.0407 0.2403 -0.9718 0.049 0.2312 -0.9801 0.0558 0.2234 -0.9788 0.0445 0.2351
84.0 -1.016 0.0448 0.231 -0.9205 0.0321 0.2535 -0.9128 0.0386 0.2476 -0.9165 0.0644 0.2209 -0.9342 0.0754 0.2079 -0.953 0.0772 0.2042 -0.9607 0.0309 0.2507 -0.9649 0.0395 0.2415 -0.9716 0.0478 0.2324 -0.98 0.0552 0.224 -0.9786 0.0436 0.2359
85.0 -1.0161 0.0454 0.2304 -0.9282 0.031 0.2538 -0.9148 0.0347 0.2514 -0.9165 0.0595 0.2259 -0.9319 0.0721 0.2115 -0.9488 0.0734 0.2084 -0.9627 0.0319 0.2496 -0.9666 0.0393 0.2416 -0.9715 0.0472 0.233 -0.9778 0.053 0.2264 -0.9789 0.0434 0.2362
86.0 -1.0124 0.0447 0.2315 -0.9157 0.0297 0.2565 -0.9141 0.0506 0.2352 -0.9203 0.0663 0.2186 -0.9365 0.0733 0.2098 -0.9551 0.0738 0.2074 -0.9582 0.0313 0.2506 -0.965 0.0401 0.2409 -0.9725 0.0476 0.2324 -0.9815 0.0538 0.2253 -0.9779 0.0435 0.2362
87.0 -1.0144 0.0457 0.2303 -0.9303 0.0277 0.257 -0.9137 0.0336 0.2527 -0.9161 0.0571 0.2284 -0.9344 0.0711 0.2122 -0.9526 0.0748 0.2067 -0.9635 0.0318 0.2496 -0.9659 0.04 0.2409 -0.9716 0.0478 0.2324 -0.9782 0.0554 0.2239 -0.9787 0.0441 0.2354
88.0 -1.0125 0.0453 0.2309 -0.9176 0.0306 0.2553 -0.9137 0.0385 0.2477 -0.9163 0.0534 0.2321 -0.9274 0.0617 0.2226 -0.9429 0.0645 0.2182 -0.9588 0.0299 0.2519 -0.9628 0.0374 0.2439 -0.9675 0.0441 0.2366 -0.973 0.0506 0.2293 -0.9749 0.0415 0.2385
89.0 -1.0126 0.0459 0.2303 -0.9193 0.0304 0.2554 -0.9131 0.0349 0.2514 -0.9179 0.0526 0.2328 -0.9284 0.0622 0.222 -0.9459 0.0665 0.2158 -0.9613 0.029 0.2526 -0.9653 0.037 0.244 -0.9701 0.0443 0.2361 -0.9749 0.0516 0.2282 -0.9769 0.0416 0.2382
90.0 -1.0132 0.044 0.2322 -0.9175 0.03 0.2559 -0.9125 0.0417 0.2445 -0.9202 0.0608 0.2242 -0.9335 0.0663 0.2172 -0.9513 0.0676 0.2141 -0.9584 0.0324 0.2494 -0.9633 0.0403 0.2408 -0.9697 0.0468 0.2336 -0.9759 0.0521 0.2276 -0.9761 0.0431 0.2367
91.0 -1.0141 0.0445 0.2316 -0.9183 0.0299 0.256 -0.9146 0.0384 0.2477 -0.9213 0.057 0.228 -0.9313 0.0636 0.2202 -0.948 0.0638 0.2184 -0.9612 0.0284 0.2532 -0.966 0.0357 0.2453 -0.9708 0.043 0.2374 -0.9755 0.0497 0.2301 -0.9775 0.0402 0.2395
92.0 -1.0138 0.0476 0.2284 -0.9165 0.0295 0.2565 -0.914 0.0403 0.2458 -0.9181 0.0538 0.2316 -0.9295 0.0583 0.2258 -0.9459 0.0616 0.2208 -0.9591 0.0317 0.25 -0.9622 0.0393 0.242 -0.9679 0.0464 0.2341 -0.9733 0.0524 0.2275 -0.9753 0.0435 0.2364
93.0 -1.0188 0.0457 0.2299 -0.9179 0.0275 0.2584 -0.914 0.0501 0.2358 -0.926 0.0686 0.2157 -0.9491 0.0746 0.2072 -0.9719 0.0746 0.2049 -0.9591 0.0317 0.25 -0.9661 0.0412 0.2397 -0.9755 0.0497 0.2301 -0.9855 0.0569 0.2217 -0.981 0.045 0.2343
94.0 -1.0161 0.0454 0.2304 -0.9181 0.0287 0.2572 -0.9153 0.0474 0.2383 -0.9304 0.0686 0.2152 -0.9539 0.0721 0.2092 -0.9743 0.0731 0.2063 -0.962 0.0283 0.2533 -0.968 0.0373 0.2435 -0.9767 0.0465 0.2332 -0.9861 0.055 0.2236 -0.9818 0.0425 0.2368
95.0 -1.0144 0.0457 0.2303 -0.9189 0.028 0.2579 -0.9162 0.0375 0.2484 -0.9302 0.0625 0.2214 -0.9501 0.0653 0.2166 -0.9653 0.0669 0.2134 -0.9617 0.0265 0.2551 -0.9666 0.0344 0.2466 -0.9726 0.0434 0.2368 -0.9784 0.0511 0.2283 -0.9787 0.0402 0.2394
96.0 -1.0141 0.0445 0.2316 -0.9182 0.0293 0.2566 -0.9167 0.0405 0.2453 -0.9318 0.0666 0.2171 -0.958 0.0704 0.2107 -0.9756 0.0704 0.2088 -0.962 0.0283 0.2533 -0.9671 0.0368 0.2441 -0.973 0.0457 0.2343 -0.9814 0.0532 0.2259 -0.9795 0.0417 0.2378
97.0 -1.0169 0.0453 0.2304 -0.9166 0.0301 0.2559 -0.9178 0.0471 0.2384 -0.9341 0.0644 0.2191 -0.9548 0.0671 0.2143 -0.9751 0.0675 0.2119 -0.9625 0.0258 0.2558 -0.969 0.0328 0.2479 -0.9768 0.0422 0.2376 -0.9845 0.0509 0.2279 -0.9819 0.0394 0.2399
98.0 -1.0167 0.0441 0.2317 -0.9202 0.0303 0.2554 -0.9154 0.0382 0.2477 -0.9268 0.0581 0.2263 -0.9471 0.0584 0.224 -0.9634 0.0611 0.2196 -0.9611 0.0278 0.2539 -0.9658 0.0345 0.2466 -0.9714 0.0417 0.2387 -0.9789 0.0492 0.2302 -0.9788 0.0395 0.2402
99.0 -1.0206 0.046 0.2293 -0.92 0.0291 0.2566 -0.916 0.0418 0.244 -0.9333 0.0652 0.2184 -0.9607 0.0657 0.2151 -0.9713 0.0661 0.2137 -0.9649 0.0242 0.2571 -0.9697 0.0315 0.2492 -0.9748 0.0406 0.2394 -0.9807 0.0496 0.2296 -0.9821 0.0384 0.2409
100.0 -1.0209 0.0478 0.2275 -0.9164 0.029 0.2571 -0.9168 0.0411 0.2447 -0.9281 0.0652 0.2189 -0.9502 0.0659 0.216 -0.9651 0.0657 0.2147 -0.9642 0.0256 0.2559 -0.9673 0.0331 0.2479 -0.9724 0.0422 0.2381 -0.9791 0.0504 0.229 -0.9808 0.0398 0.2396
101.0 -1.0206 0.046 0.2293 -0.9172 0.0282 0.2578 -0.9173 0.0392 0.2465 -0.9283 0.0664 0.2176 -0.9506 0.0683 0.2135 -0.9696 0.0664 0.2136 -0.965 0.0248 0.2565 -0.968 0.0324 0.2485 -0.9733 0.042 0.2381 -0.9791 0.0504 0.229 -0.9812 0.0391 0.2403
102.0 -1.0187 0.0451 0.2305 -0.9162 0.0278 0.2584 -0.9203 0.0412 0.2442 -0.9308 0.0606 0.2233 -0.9434 0.0626 0.2201 -0.9601 0.0622 0.2189 -0.9631 0.0245 0.2571 -0.9697 0.0315 0.2492 -0.9755 0.0399 0.2401 -0.9804 0.0478 0.2315 -0.9815 0.0378 0.2417
103.0 -1.0185 0.0445 0.2311 -0.9164 0.029 0.2571 -0.9157 0.04 0.2459 -0.9306 0.0649 0.219 -0.9547 0.0665 0.2149 -0.9683 0.0641 0.216 -0.9633 0.0257 0.2558 -0.9679 0.0318 0.2491 -0.9736 0.0389 0.2412 -0.9803 0.0472 0.2321 -0.9807 0.0376 0.2419
104.0 -1.0176 0.044 0.2317 -0.9182 0.0293 0.2566 -0.9172 0.0386 0.2472 -0.9262 0.0649 0.2194 -0.9464 0.0695 0.2127 -0.9696 0.0664 0.2136 -0.9618 0.0271 0.2545 -0.9666 0.0344 0.2466 -0.9726 0.0434 0.2368 -0.9793 0.0516 0.2277 -0.9796 0.0401 0.2395
105.0 -1.0205 0.0454 0.2299 -0.9173 0.0288 0.2572 -0.9173 0.0392 0.2465 -0.937 0.0659 0.2173 -0.9611 0.0681 0.2126 -0.973 0.0659 0.2137 -0.9632 0.0251 0.2564 -0.967 0.0313 0.2497 -0.9729 0.0403 0.24 -0.9789 0.0492 0.2302 -0.9805 0.0383 0.2413
106.0 -1.0204 0.0448 0.2306 -0.9182 0.0293 0.2566 -0.9169 0.0368 0.249 -0.9292 0.0614 0.2227 -0.9434 0.0675 0.2151 -0.9634 0.066 0.2146 -0.9641 0.025 0.2565 -0.9679 0.0318 0.2491 -0.9722 0.041 0.2393 -0.9779 0.0487 0.2308 -0.9805 0.0383 0.2413
107.0 -1.0204 0.0448 0.2306 -0.9172 0.0282 0.2578 -0.9155 0.0437 0.2421 -0.9312 0.0679 0.2159 -0.9479 0.0681 0.214 -0.9659 0.065 0.2153 -0.9641 0.025 0.2565 -0.9686 0.0305 0.2504 -0.9745 0.0388 0.2413 -0.9802 0.0466 0.2327 -0.9815 0.0371 0.2423
108.0 -1.0224 0.0464 0.2288 -0.9157 0.0297 0.2565 -0.9162 0.043 0.2428 -0.9313 0.0636 0.2202 -0.9492 0.0654 0.2166 -0.9649 0.0646 0.2159 -0.9615 0.0253 0.2564 -0.9678 0.0312 0.2498 -0.9745 0.0388 0.2413 -0.9811 0.0465 0.2328 -0.9815 0.0376 0.2418
109.0 -1.0212 0.0447 0.2306 -0.9183 0.0299 0.256 -0.9161 0.0369 0.249 -0.9291 0.0663 0.2177 -0.9508 0.0695 0.2122 -0.9748 0.0657 0.2138 -0.9632 0.0251 0.2564 -0.9672 0.0325 0.2485 -0.9732 0.0414 0.2387 -0.9792 0.051 0.2283 -0.9808 0.039 0.2405
110.0 -1.0196 0.0456 0.2299 -0.9166 0.0301 0.2559 -0.9142 0.0415 0.2446 -0.9301 0.0668 0.2171 -0.9592 0.0672 0.2138 -0.973 0.0659 0.2137 -0.9625 0.0258 0.2558 -0.9665 0.0338 0.2472 -0.9725 0.0428 0.2374 -0.9793 0.0516 0.2277 -0.9801 0.0399 0.2396
111.0 -1.0188 0.0457 0.2299 -0.9165 0.0295 0.2565 -0.9153 0.0425 0.2433 -0.9328 0.0622 0.2215 -0.9487 0.0625 0.2197 -0.9634 0.0611 0.2196 -0.9624 0.0252 0.2564 -0.9676 0.03 0.251 -0.9734 0.0378 0.2425 -0.98 0.0454 0.234 -0.9804 0.0368 0.2427
112.0 -1.0195 0.045 0.2305 -0.9163 0.0284 0.2578 -0.9168 0.0411 0.2447 -0.929 0.0657 0.2183 -0.9436 0.0686 0.2138 -0.9657 0.0644 0.2159 -0.9635 0.0263 0.2552 -0.9674 0.0337 0.2472 -0.9733 0.042 0.2381 -0.9791 0.0504 0.229 -0.9805 0.0395 0.24
113.0 -1.0168 0.0447 0.231 -0.9232 0.0274 0.258 -0.9149 0.0353 0.2508 -0.9258 0.0625 0.2219 -0.9465 0.0652 0.2171 -0.9638 0.0635 0.2171 -0.9616 0.0259 0.2558 -0.9656 0.0333 0.2478 -0.9707 0.0424 0.238 -0.9774 0.0506 0.2289 -0.9784 0.0394 0.2403
114.0 -1.0179 0.0458 0.2298 -0.9209 0.0296 0.2561 -0.914 0.0354 0.2508 -0.9267 0.0624 0.2219 -0.9386 0.0651 0.218 -0.9602 0.0627 0.2182 -0.9648 0.0236 0.2578 -0.9684 0.0293 0.2516 -0.9725 0.0379 0.2424 -0.9775 0.0464 0.2333 -0.9802 0.0366 0.243
115.0 -1.0188 0.0457 0.2299 -0.9237 0.0304 0.2549 -0.9146 0.0335 0.2527 -0.9272 0.0605 0.2238 -0.9479 0.0632 0.219 -0.9646 0.0628 0.2178 -0.9667 0.0246 0.2566 -0.9687 0.0311 0.2498 -0.9721 0.0404 0.2399 -0.9754 0.0491 0.2307 -0.9803 0.0382 0.2414
116.0 -1.0195 0.045 0.2305 -0.9181 0.0287 0.2572 -0.9143 0.0372 0.2489 -0.9276 0.0629 0.2213 -0.9418 0.0683 0.2144 -0.9609 0.0669 0.2139 -0.9646 0.0231 0.2584 -0.9676 0.03 0.251 -0.9719 0.0392 0.2412 -0.9778 0.0481 0.2314 -0.9803 0.0371 0.2425
117.0 -1.0185 0.0445 0.2311 -0.9164 0.029 0.2571 -0.9166 0.0399 0.2459 -0.9314 0.0642 0.2196 -0.9534 0.0643 0.2173 -0.9699 0.0633 0.2167 -0.9633 0.0257 0.2558 -0.9671 0.0319 0.2491 -0.9728 0.0397 0.2406 -0.9796 0.0479 0.2315 -0.9803 0.0379 0.2416
118.0 -1.0188 0.0457 0.2299 -0.9173 0.0288 0.2572 -0.9146 0.0384 0.2477 -0.9289 0.0651 0.2189 -0.947 0.0682 0.214 -0.9644 0.0671 0.2134 -0.9632 0.0251 0.2564 -0.9671 0.0319 0.2491 -0.9721 0.0404 0.2399 -0.9779 0.0487 0.2308 -0.9798 0.0384 0.2412
119.0 -1.0213 0.0453 0.23 -0.9189 0.028 0.2579 -0.9156 0.0394 0.2465 -0.925 0.0626 0.2219 -0.9394 0.0649 0.2181 -0.9638 0.0635 0.2171 -0.9618 0.0271 0.2545 -0.9665 0.0338 0.2472 -0.9732 0.0414 0.2387 -0.9798 0.0491 0.2302 -0.9805 0.0394 0.2401
120.0 -1.0213 0.0453 0.23 -0.9166 0.0301 0.2559 -0.9149 0.0402 0.2458 -0.9308 0.0661 0.2177 -0.952 0.0663 0.2154 -0.97 0.0639 0.2161 -0.963 0.0239 0.2577 -0.9685 0.0299 0.251 -0.9752 0.0381 0.2419 -0.9819 0.0464 0.2328 -0.982 0.0367 0.2427
121.0 -1.0185 0.0445 0.2311 -0.9165 0.0295 0.2565 -0.9145 0.0433 0.2427 -0.9285 0.0627 0.2214 -0.9433 0.062 0.2207 -0.9613 0.0589 0.222 -0.9625 0.0258 0.2558 -0.967 0.0313 0.2497 -0.9725 0.0379 0.2424 -0.9782 0.045 0.2345 -0.9797 0.0369 0.2427
122.0 -1.0204 0.0448 0.2306 -0.9182 0.0293 0.2566 -0.9161 0.0369 0.249 -0.9287 0.0639 0.2201 -0.9555 0.0664 0.2149 -0.9722 0.066 0.2137 -0.9631 0.0245 0.2571 -0.9671 0.0319 0.2491 -0.973 0.0409 0.2393 -0.9799 0.0497 0.2296 -0.9807 0.0384 0.2411
123.0 -1.0197 0.0462 0.2293 -0.92 0.0291 0.2566 -0.9163 0.0381 0.2478 -0.9293 0.062 0.222 -0.9596 0.0647 0.2163 -0.9685 0.0653 0.2148 -0.9631 0.0245 0.2571 -0.967 0.0313 0.2497 -0.9728 0.0397 0.2406 -0.9788 0.0486 0.2308 -0.9803 0.038 0.2415
124.0 -1.0168 0.0447 0.231 -0.9264 0.0307 0.2544 -0.9151 0.0316 0.2546 -0.9236 0.0597 0.2249 -0.9498 0.0635 0.2185 -0.969 0.0628 0.2173 -0.9658 0.0247 0.2565 -0.9679 0.0318 0.2491 -0.9713 0.0411 0.2393 -0.9765 0.0508 0.2289 -0.9797 0.0386 0.241
125.0 -1.0189 0.0463 0.2292 -0.9198 0.0279 0.2579 -0.9141 0.0409 0.2452 -0.9332 0.0694 0.2141 -0.9712 0.0655 0.2143 -0.9824 0.064 0.2147 -0.9633 0.0257 0.2558 -0.9683 0.0336 0.2473 -0.9743 0.0431 0.2369 -0.9821 0.0525 0.2266 -0.9814 0.0402 0.2392
126.0 -1.0178 0.0452 0.2305 -0.9188 0.0274 0.2585 -0.9143 0.0372 0.2489 -0.9267 0.0673 0.2169 -0.9446 0.0691 0.2133 -0.9684 0.0647 0.2154 -0.9633 0.0257 0.2558 -0.9673 0.0331 0.2479 -0.9732 0.0414 0.2387 -0.9799 0.0497 0.2296 -0.9803 0.039 0.2405
127.0 -1.017 0.0459 0.2298 -0.9154 0.0279 0.2583 -0.9158 0.0406 0.2452 -0.9284 0.067 0.217 -0.9454 0.069 0.2133 -0.9649 0.0646 0.2159 -0.9643 0.0262 0.2552 -0.9674 0.0337 0.2472 -0.9724 0.0422 0.2381 -0.9783 0.0505 0.2289 -0.9799 0.0397 0.2399
128.0 -1.0168 0.0447 0.231 -0.9189 0.028 0.2579 -0.9144 0.0378 0.2483 -0.9302 0.0674 0.2164 -0.9686 0.0659 0.2142 -0.9799 0.065 0.214 -0.9616 0.0259 0.2558 -0.9657 0.0339 0.2472 -0.9709 0.0436 0.2368 -0.9787 0.0529 0.2264 -0.9787 0.0402 0.2394
129.0 -1.0196 0.0456 0.2299 -0.9154 0.0279 0.2583 -0.9177 0.0465 0.2391 -0.9279 0.0641 0.2201 -0.9386 0.0651 0.218 -0.961 0.0626 0.2183 -0.9611 0.0278 0.2539 -0.9675 0.0343 0.2466 -0.9741 0.0419 0.2381 -0.9806 0.049 0.2303 -0.9806 0.0397 0.2398
130.0 -1.0187 0.0451 0.2305 -0.9173 0.0288 0.2572 -0.9148 0.0396 0.2464 -0.9264 0.0661 0.2182 -0.948 0.0687 0.2134 -0.967 0.0667 0.2135 -0.9633 0.0257 0.2558 -0.9672 0.0325 0.2485 -0.9739 0.0407 0.2394 -0.9807 0.0496 0.2296 -0.9808 0.0387 0.2408
131.0 -1.0188 0.0457 0.2299 -0.918 0.0281 0.2578 -0.9148 0.0347 0.2514 -0.9273 0.066 0.2182 -0.9551 0.0689 0.2124 -0.975 0.0669 0.2126 -0.9625 0.0258 0.2558 -0.9657 0.0339 0.2472 -0.9717 0.0435 0.2368 -0.9787 0.0529 0.2264 -0.9795 0.0404 0.2392
132.0 -1.0188 0.0457 0.2299 -0.9163 0.0284 0.2578 -0.914 0.0403 0.2458 -0.9293 0.0675 0.2164 -0.953 0.0668 0.2148 -0.972 0.0648 0.2149 -0.9642 0.0256 0.2559 -0.9689 0.0323 0.2485 -0.9748 0.0406 0.2394 -0.9816 0.0495 0.2297 -0.9816 0.0387 0.2407
133.0 -1.0196 0.0456 0.2299 -0.9172 0.0282 0.2578 -0.9146 0.0384 0.2477 -0.9283 0.0664 0.2176 -0.949 0.0691 0.2128 -0.9696 0.0664 0.2136 -0.9641 0.025 0.2565 -0.968 0.0324 0.2485 -0.974 0.0413 0.2388 -0.9808 0.0502 0.229 -0.9813 0.0389 0.2405
134.0 -1.0187 0.0451 0.2305 -0.9145 0.028 0.2583 -0.9166 0.0448 0.2409 -0.9294 0.0681 0.2158 -0.9464 0.0695 0.2127 -0.967 0.0667 0.2135 -0.9624 0.0252 0.2564 -0.968 0.0324 0.2485 -0.9748 0.0406 0.2394 -0.9816 0.0495 0.2297 -0.9811 0.0385 0.2409
135.0 -1.0178 0.0452 0.2305 -0.9206 0.0278 0.2579 -0.915 0.0359 0.2502 -0.9274 0.0666 0.2176 -0.9541 0.0684 0.213 -0.9728 0.0647 0.215 -0.9626 0.0264 0.2552 -0.9657 0.0339 0.2472 -0.9716 0.0429 0.2374 -0.9784 0.0511 0.2283 -0.9792 0.0399 0.2397
136.0 -1.0145 0.0463 0.2297 -0.9187 0.0268 0.2591 -0.9151 0.0365 0.2496 -0.928 0.0647 0.2195 -0.9421 0.0701 0.2125 -0.9599 0.0664 0.2145 -0.9625 0.0258 0.2558 -0.9647 0.0334 0.2478 -0.9698 0.0425 0.238 -0.9747 0.0504 0.2294 -0.9772 0.0397 0.2401
137.0 -1.0189 0.0463 0.2292 -0.9172 0.0282 0.2578 -0.9146 0.0384 0.2477 -0.9284 0.067 0.217 -0.9481 0.0693 0.2128 -0.9685 0.0653 0.2148 -0.9632 0.0251 0.2564 -0.9664 0.0332 0.2478 -0.9725 0.0428 0.2374 -0.9792 0.051 0.2283 -0.9801 0.0397 0.2399
138.0 -1.0151 0.0449 0.231 -0.9179 0.0275 0.2584 -0.9143 0.0372 0.2489 -0.9304 0.0686 0.2152 -0.9699 0.0682 0.2117 -0.9817 0.0653 0.2134 -0.9626 0.0264 0.2552 -0.9666 0.0344 0.2466 -0.9727 0.044 0.2362 -0.9804 0.0527 0.2265 -0.9795 0.0405 0.2391
139.0 -1.0171 0.0465 0.2292 -0.9163 0.0284 0.2578 -0.9153 0.0425 0.2433 -0.9279 0.0641 0.2201 -0.9432 0.0663 0.2163 -0.9606 0.0651 0.2158 -0.9632 0.0251 0.2564 -0.9662 0.032 0.2491 -0.9712 0.0405 0.2399 -0.9771 0.0489 0.2308 -0.979 0.0386 0.2411
140.0 -1.0181 0.047 0.2286 -0.9144 0.0274 0.2589 -0.9155 0.0437 0.2421 -0.9283 0.0664 0.2176 -0.945 0.0666 0.2158 -0.9622 0.0643 0.2164 -0.9626 0.0264 0.2552 -0.9675 0.0343 0.2466 -0.9735 0.0432 0.2369 -0.9785 0.0517 0.2277 -0.98 0.0405 0.239
141.0 -1.0154 0.0467 0.2291 -0.9229 0.0256 0.2599 -0.9146 0.0335 0.2527 -0.922 0.0606 0.2242 -0.9407 0.0672 0.2156 -0.964 0.0647 0.2159 -0.9619 0.0277 0.2539 -0.9634 0.036 0.2452 -0.9686 0.0457 0.2348 -0.9752 0.0534 0.2263 -0.9769 0.0419 0.2379
142.0 -1.0153 0.0461 0.2297 -0.9214 0.0271 0.2586 -0.9149 0.0353 0.2508 -0.9282 0.0658 0.2182 -0.9634 0.066 0.2146 -0.9762 0.0636 0.2157 -0.9641 0.025 0.2565 -0.9673 0.0331 0.2479 -0.9716 0.0429 0.2374 -0.9775 0.0512 0.2283 -0.9792 0.0397 0.24
143.0 -1.0164 0.0472 0.2285 -0.9204 0.0266 0.2592 -0.9157 0.04 0.2459 -0.9266 0.0667 0.2176 -0.9472 0.0688 0.2134 -0.9695 0.0658 0.2142 -0.9626 0.0264 0.2552 -0.9666 0.0344 0.2466 -0.9726 0.0434 0.2368 -0.9793 0.0516 0.2277 -0.9795 0.0406 0.239
144.0 -1.0181 0.047 0.2286 -0.9205 0.0272 0.2585 -0.9152 0.0371 0.249 -0.9259 0.0631 0.2213 -0.9372 0.0671 0.2161 -0.9614 0.065 0.2158 -0.9641 0.025 0.2565 -0.968 0.0324 0.2485 -0.9733 0.042 0.2381 -0.9783 0.0505 0.2289 -0.9804 0.0394 0.2401
145.0 -1.0154 0.0467 0.2291 -0.9267 0.0276 0.2575 -0.9137 0.0336 0.2527 -0.9248 0.0669 0.2175 -0.959 0.066 0.2151 -0.9728 0.0647 0.215 -0.9636 0.0269 0.2546 -0.966 0.0357 0.2453 -0.9703 0.0455 0.2349 -0.9762 0.0539 0.2257 -0.9783 0.0417 0.2379
146.0 -1.019 0.0469 0.2286 -0.921 0.0302 0.2554 -0.915 0.0359 0.2502 -0.929 0.0657 0.2183 -0.9565 0.0669 0.2143 -0.9703 0.0651 0.2149 -0.964 0.0244 0.2571 -0.968 0.0324 0.2485 -0.9733 0.042 0.2381 -0.9791 0.0504 0.229 -0.9807 0.0392 0.2403
147.0 -1.018 0.0464 0.2292 -0.9196 0.0273 0.2585 -0.9159 0.0357 0.2502 -0.9242 0.0633 0.2212 -0.9434 0.0626 0.2201 -0.9636 0.0623 0.2184 -0.9643 0.0262 0.2552 -0.9665 0.0338 0.2472 -0.9708 0.043 0.2374 -0.9765 0.0508 0.2289 -0.9792 0.04 0.2396
148.0 -1.0189 0.0463 0.2292 -0.9174 0.0294 0.2565 -0.9151 0.0365 0.2496 -0.9274 0.0666 0.2176 -0.9546 0.0708 0.2105 -0.9701 0.0693 0.2105 -0.9616 0.0259 0.2558 -0.9658 0.0345 0.2466 -0.9717 0.0435 0.2368 -0.9786 0.0523 0.2271 -0.9793 0.0405 0.2391
149.0 -1.0204 0.0448 0.2306 -0.9233 0.028 0.2574 -0.9155 0.034 0.2521 -0.9248 0.0669 0.2175 -0.9594 0.0683 0.2126 -0.9803 0.0674 0.2115 -0.9654 0.0272 0.254 -0.9677 0.0355 0.2454 -0.9729 0.0451 0.235 -0.9789 0.0541 0.2252 -0.9811 0.0414 0.238
150.0 -1.0196 0.0456 0.2299 -0.9223 0.0275 0.258 -0.9151 0.0365 0.2496 -0.9278 0.0689 0.2151 -0.9749 0.0663 0.2132 -0.9853 0.0655 0.213 -0.9646 0.0279 0.2534 -0.9671 0.0368 0.2441 -0.9723 0.0465 0.2337 -0.9791 0.0553 0.224 -0.9805 0.0424 0.237
151.0 -1.0213 0.0453 0.23 -0.9173 0.0288 0.2572 -0.9156 0.0394 0.2465 -0.9322 0.069 0.2147 -0.9601 0.0676 0.2132 -0.9736 0.064 0.2156 -0.9669 0.0258 0.2553 -0.9714 0.0313 0.2493 -0.9763 0.0392 0.2407 -0.982 0.047 0.2322 -0.9836 0.0377 0.2415
152.0 -1.0224 0.0464 0.2288 -0.9202 0.0303 0.2554 -0.9168 0.0362 0.2497 -0.9294 0.0681 0.2158 -0.9534 0.0692 0.2123 -0.9688 0.0671 0.2129 -0.9654 0.0272 0.254 -0.9692 0.034 0.2467 -0.9751 0.0424 0.2375 -0.98 0.0503 0.229 -0.9824 0.0401 0.2392
153.0 -1.0208 0.0472 0.2281 -0.9252 0.029 0.2562 -0.9172 0.0386 0.2472 -0.9345 0.0717 0.2116 -0.9626 0.0716 0.209 -0.9771 0.069 0.2101 -0.967 0.0264 0.2547 -0.97 0.0333 0.2473 -0.975 0.0418 0.2382 -0.9809 0.0508 0.2284 -0.9827 0.0399 0.2393
154.0 -1.0198 0.0468 0.2287 -0.9245 0.0297 0.2556 -0.9164 0.0387 0.2471 -0.9307 0.0704 0.2133 -0.9561 0.0694 0.2118 -0.9722 0.066 0.2137 -0.9661 0.0265 0.2547 -0.9702 0.0345 0.2461 -0.9752 0.043 0.2369 -0.9818 0.0507 0.2284 -0.9826 0.0403 0.239
155.0 -1.018 0.0464 0.2292 -0.9261 0.0289 0.2563 -0.9164 0.0387 0.2471 -0.9215 0.0582 0.2267 -0.936 0.0654 0.2179 -0.955 0.0634 0.218 -0.9675 0.0245 0.2566 -0.9698 0.0321 0.2486 -0.9729 0.0403 0.24 -0.9769 0.0477 0.232 -0.981 0.0382 0.2413
156.0 -1.0206 0.046 0.2293 -0.9205 0.0321 0.2535 -0.9165 0.0393 0.2465 -0.9237 0.0603 0.2243 -0.9384 0.0687 0.2143 -0.956 0.0688 0.2124 -0.967 0.0264 0.2547 -0.9701 0.0339 0.2467 -0.975 0.0418 0.2382 -0.9798 0.0491 0.2302 -0.9825 0.0395 0.2398
157.0 -1.0252 0.0473 0.2276 -0.9208 0.0339 0.2517 -0.9157 0.04 0.2459 -0.923 0.0665 0.218 -0.9405 0.0758 0.2069 -0.9653 0.0767 0.2034 -0.9665 0.0283 0.2528 -0.9723 0.0367 0.2437 -0.9791 0.0455 0.234 -0.9868 0.0543 0.2243 -0.986 0.0424 0.2365
158.0 -1.0223 0.0458 0.2294 -0.9218 0.0343 0.2511 -0.9165 0.0442 0.2415 -0.9234 0.0689 0.2156 -0.937 0.0763 0.2067 -0.9577 0.0735 0.2075 -0.9634 0.0312 0.2502 -0.9684 0.0396 0.241 -0.975 0.0467 0.2332 -0.9822 0.0531 0.226 -0.9823 0.0433 0.236
159.0 -1.0232 0.0457 0.2294 -0.9291 0.0309 0.2539 -0.9169 0.0417 0.244 -0.9201 0.07 0.2148 -0.9374 0.0786 0.2042 -0.9588 0.08 0.2007 -0.9638 0.0335 0.2477 -0.9682 0.0433 0.2373 -0.9758 0.0515 0.2282 -0.9849 0.0582 0.2204 -0.9832 0.0464 0.2326
160.0 -1.0257 0.0453 0.2295 -0.9303 0.0326 0.252 -0.9197 0.0426 0.2429 -0.9182 0.069 0.216 -0.9331 0.0792 0.2041 -0.9571 0.0803 0.2006 -0.9683 0.0287 0.2523 -0.9717 0.038 0.2424 -0.9786 0.0474 0.2321 -0.9881 0.0565 0.2218 -0.9865 0.0432 0.2356
161.0 -1.023 0.0445 0.2307 -0.9322 0.0335 0.2509 -0.9188 0.0427 0.2429 -0.9177 0.0666 0.2185 -0.932 0.0775 0.2059 -0.9568 0.0785 0.2025 -0.9687 0.0311 0.2498 -0.9711 0.0399 0.2405 -0.977 0.0483 0.2314 -0.9853 0.0557 0.223 -0.985 0.0439 0.2351
162.0 -1.0255 0.0442 0.2308 -0.9376 0.0292 0.2548 -0.9225 0.0434 0.2418 -0.9193 0.0652 0.2198 -0.931 0.0771 0.2065 -0.9585 0.0782 0.2026 -0.9702 0.0296 0.2511 -0.9733 0.0372 0.2431 -0.9793 0.0461 0.2333 -0.9876 0.0535 0.2249 -0.9872 0.0421 0.2366
163.0 -1.0282 0.0444 0.2302 -0.9358 0.0294 0.2548 -0.924 0.042 0.2431 -0.9199 0.0639 0.221 -0.9295 0.0736 0.2102 -0.9573 0.0766 0.2044 -0.975 0.0271 0.2532 -0.9783 0.0359 0.2439 -0.9835 0.0455 0.2335 -0.9895 0.0545 0.2237 -0.9909 0.0415 0.2369
164.0 -1.0456 0.0433 0.2297 -0.9528 0.0308 0.2517 -0.9411 0.0293 0.2543 -0.9374 0.0383 0.2455 -0.9454 0.0537 0.2289 -0.964 0.0744 0.2059 -0.9966 0.0248 0.2534 -0.9956 0.0341 0.244 -0.9976 0.0455 0.2322 -1.0023 0.0571 0.2199 -1.0076 0.041 0.2358
165.0 -1.0534 0.0428 0.2293 -0.968 0.0269 0.2541 -0.9562 0.0303 0.2518 -0.9507 0.0439 0.2385 -0.9552 0.0597 0.2218 -0.9776 0.072 0.207 -1.0069 0.0283 0.2488 -1.0068 0.0375 0.2394 -1.0102 0.0468 0.2295 -1.0161 0.0558 0.2198 -1.0187 0.0423 0.2334
166.0 -1.0599 0.0444 0.2271 -0.9716 0.0276 0.253 -0.9579 0.0295 0.2525 -0.9537 0.0459 0.2361 -0.959 0.0611 0.2201 -0.9792 0.0712 0.2077 -1.0077 0.0276 0.2494 -1.0085 0.0373 0.2395 -1.0111 0.0473 0.2289 -1.017 0.0557 0.2198 -1.0208 0.0425 0.2329
167.0 -1.0625 0.0441 0.2272 -0.9715 0.027 0.2536 -0.9655 0.0327 0.2484 -0.9546 0.0458 0.2361 -0.9594 0.0586 0.2226 -0.982 0.072 0.2066 -1.0094 0.0274 0.2495 -1.0092 0.0366 0.2401 -1.0127 0.0465 0.2296 -1.0186 0.0549 0.2205 -1.0225 0.0419 0.2334
168.0 -1.0621 0.0423 0.2291 -0.9743 0.0279 0.2525 -0.9704 0.0357 0.2449 -0.9569 0.0491 0.2325 -0.9613 0.0589 0.222 -0.9855 0.0715 0.2067 -1.0136 0.0262 0.2503 -1.0143 0.0353 0.2409 -1.0178 0.0452 0.2305 -1.0238 0.0542 0.2207 -1.0263 0.0406 0.2343
169.0 -1.0703 0.0436 0.2269 -0.9818 0.0305 0.249 -0.9594 0.0335 0.2482 -0.9584 0.0477 0.2338 -0.9657 0.059 0.2216 -0.9905 0.0703 0.2075 -1.0154 0.0266 0.2497 -1.0161 0.0356 0.2404 -1.0205 0.0454 0.2299 -1.0284 0.0554 0.219 -1.0301 0.0413 0.2332
170.0 -1.0782 0.0438 0.2259 -0.9869 0.0298 0.2492 -0.9705 0.0314 0.2492 -0.969 0.0426 0.2379 -0.9802 0.0515 0.2278 -0.9923 0.0706 0.207 -1.0283 0.0248 0.2502 -1.029 0.0339 0.2409 -1.0324 0.0432 0.231 -1.0371 0.0548 0.2187 -1.041 0.0401 0.2334
171.0 -1.0804 0.0459 0.2235 -0.9928 0.0278 0.2507 -0.9722 0.0312 0.2493 -0.9712 0.0454 0.2349 -0.9783 0.056 0.2233 -0.9957 0.0696 0.2077 -1.0253 0.0277 0.2476 -1.0252 0.0375 0.2376 -1.0279 0.0475 0.2271 -1.0341 0.0577 0.2161 -1.0386 0.0432 0.2304
172.0 -1.0845 0.0441 0.2249 -0.9991 0.0288 0.2491 -0.9743 0.0327 0.2475 -0.9718 0.049 0.2312 -0.9781 0.0597 0.2196 -0.9992 0.0697 0.2073 -1.0306 0.0282 0.2466 -1.0305 0.0374 0.2372 -1.0348 0.0466 0.2274 -1.0417 0.056 0.217 -1.0444 0.0425 0.2306
173.0 -1.0897 0.044 0.2245 -1.0034 0.0282 0.2493 -0.9766 0.0312 0.2488 -0.9827 0.0457 0.2335 -0.9907 0.0562 0.2219 -1.0018 0.0693 0.2074 -1.033 0.0266 0.2479 -1.0348 0.0368 0.2374 -1.0392 0.0466 0.2269 -1.0444 0.0563 0.2165 -1.0482 0.0421 0.2306
174.0 -1.0897 0.044 0.2245 -1.0055 0.0304 0.2468 -0.982 0.0317 0.2478 -0.9799 0.0497 0.2296 -0.9876 0.0584 0.2199 -1.0072 0.0698 0.2063 -1.0401 0.0269 0.2469 -1.0402 0.0373 0.2363 -1.0428 0.0473 0.2258 -1.0481 0.0576 0.2148 -1.0522 0.0426 0.2297
175.0 -1.0952 0.0451 0.2228 -1.0167 0.0289 0.2473 -0.9863 0.0311 0.248 -0.9856 0.0471 0.2317 -0.9948 0.0593 0.2183 -1.0112 0.0681 0.2077 -1.0446 0.0275 0.2459 -1.0446 0.0373 0.2359 -1.0481 0.0472 0.2254 -1.054 0.0562 0.2156 -1.0573 0.0427 0.2291
176.0 -1.0979 0.0454 0.2223 -1.0253 0.0277 0.2476 -0.9897 0.0307 0.2481 -0.9865 0.0476 0.2311 -0.9991 0.0587 0.2185 -1.0156 0.0681 0.2073 -1.0473 0.0278 0.2453 -1.0472 0.0376 0.2353 -1.0516 0.0474 0.2249 -1.0576 0.0563 0.2151 -1.0603 0.0429 0.2286
177.0 -1.103 0.0447 0.2225 -1.0279 0.0273 0.2477 -0.9933 0.0308 0.2476 -0.9918 0.0475 0.2307 -1.0017 0.059 0.218 -1.0201 0.0681 0.2068 -1.0517 0.0278 0.2449 -1.0525 0.0375 0.2349 -1.0559 0.0468 0.2251 -1.0627 0.0556 0.2153 -1.0652 0.0425 0.2285
178.0 -1.1156 0.046 0.2199 -1.0366 0.0268 0.2474 -0.997 0.0321 0.2459 -0.9948 0.0495 0.2283 -1.0065 0.0608 0.2157 -1.0253 0.068 0.2064 -1.056 0.0272 0.2451 -1.0568 0.0369 0.2351 -1.0612 0.0467 0.2246 -1.0688 0.0554 0.2149 -1.0717 0.0424 0.2279
179.0 -1.1156 0.046 0.2199 -1.0411 0.0274 0.2463 -1.003 0.0313 0.2461 -0.9973 0.0486 0.229 -1.0088 0.0592 0.217 -1.0298 0.0686 0.2053 -1.0607 0.029 0.2427 -1.0606 0.0382 0.2334 -1.0638 0.0469 0.2241 -1.0715 0.0557 0.2144 -1.0744 0.0432 0.2269
180.0 -1.1237 0.0474 0.2177 -1.0474 0.0284 0.2447 -1.0087 0.0336 0.2432 -1.0018 0.0492 0.228 -1.015 0.0596 0.216 -1.0368 0.0683 0.205 -1.0678 0.0293 0.2418 -1.0676 0.0385 0.2324 -1.071 0.0478 0.2225 -1.0769 0.0562 0.2134 -1.0814 0.0438 0.2256
181.0 -1.1336 0.0485 0.2156 -1.0543 0.0274 0.245 -1.0149 0.034 0.2422 -1.0089 0.0495 0.227 -1.0202 0.0589 0.2162 -1.0422 0.0688 0.2039 -1.0758 0.03 0.2402 -1.0757 0.0392 0.2308 -1.0791 0.0485 0.221 -1.085 0.0575 0.2112 -1.0899 0.0448 0.2238
182.0 -1.1417 0.0492 0.214 -1.0631 0.0275 0.2441 -1.0205 0.0357 0.2399 -1.0162 0.0509 0.2248 -1.0274 0.0598 0.2146 -1.0476 0.0699 0.2023 -1.0804 0.0312 0.2385 -1.0794 0.0405 0.2291 -1.0836 0.0491 0.2199 -1.0904 0.058 0.2102 -1.0951 0.0456 0.2223
183.0 -1.1469 0.0491 0.2136 -1.0705 0.0295 0.2412 -1.0262 0.038 0.237 -1.0217 0.0526 0.2225 -1.0348 0.0618 0.2118 -1.0556 0.07 0.2013 -1.0856 0.0305 0.2387 -1.0863 0.0396 0.2294 -1.0906 0.0488 0.2195 -1.0984 0.0581 0.2092 -1.1016 0.0453 0.2221
184.0 -1.1523 0.0496 0.2126 -1.0767 0.0299 0.2402 -1.0347 0.0362 0.238 -1.028 0.053 0.2215 -1.0384 0.0626 0.2106 -1.0604 0.0724 0.1984 -1.0939 0.0325 0.2359 -1.0937 0.0417 0.2265 -1.0971 0.051 0.2167 -1.1047 0.0591 0.2076 -1.1083 0.0468 0.2199
185.0 -1.1587 0.0512 0.2103 -1.089 0.0301 0.2388 -1.041 0.0372 0.2364 -1.0351 0.0538 0.2199 -1.0456 0.0634 0.2091 -1.0674 0.0721 0.198 -1.1002 0.0335 0.2343 -1.1 0.0426 0.2249 -1.1034 0.052 0.215 -1.111 0.0601 0.206 -1.1147 0.0479 0.2181
186.0 -1.1704 0.0527 0.2076 -1.1026 0.0319 0.2356 -1.0546 0.0396 0.2325 -1.0468 0.0553 0.2172 -1.0592 0.0659 0.2052 -1.0807 0.0727 0.196 -1.1127 0.0348 0.2316 -1.1117 0.0441 0.2222 -1.1151 0.0534 0.2124 -1.122 0.0623 0.2026 -1.1264 0.0495 0.2153
187.0 -1.1775 0.053 0.2067 -1.1087 0.0317 0.2352 -1.0608 0.0394 0.2321 -1.054 0.0562 0.2156 -1.0635 0.0653 0.2054 -1.0844 0.0741 0.1943 -1.1199 0.0357 0.23 -1.1181 0.0451 0.2206 -1.1205 0.0539 0.2113 -1.1272 0.0622 0.2022 -1.1326 0.05 0.2142
188.0 -1.2199 0.054 0.2014 -1.1526 0.0313 0.2313 -1.1005 0.0401 0.2274 -1.0946 0.0568 0.211 -1.1049 0.0652 0.2014 -1.1232 0.0743 0.1902 -1.1612 0.035 0.2266 -1.1594 0.045 0.2166 -1.1619 0.0544 0.2067 -1.1689 0.0639 0.1963 -1.1743 0.0505 0.2095
189.0 -1.2359 0.0548 0.1989 -1.1688 0.0334 0.2276 -1.1156 0.0412 0.2249 -1.1071 0.0576 0.2089 -1.1166 0.0667 0.1987 -1.1374 0.0749 0.1883 -1.1754 0.0361 0.2241 -1.172 0.0464 0.2139 -1.1745 0.0558 0.2041 -1.1813 0.0647 0.1943 -1.1878 0.0516 0.2071
190.0 -1.2402 0.0543 0.1991 -1.1756 0.0318 0.2285 -1.1227 0.0414 0.2239 -1.1152 0.0589 0.2068 -1.1247 0.068 0.1965 -1.1447 0.0763 0.186 -1.1833 0.0357 0.2238 -1.1806 0.0458 0.2137 -1.184 0.0551 0.2038 -1.1909 0.064 0.1941 -1.1958 0.051 0.2069
191.0 -1.2482 0.055 0.1975 -1.1855 0.0335 0.2257 -1.1306 0.0416 0.223 -1.1213 0.0587 0.2064 -1.13 0.0679 0.1961 -1.1536 0.077 0.1845 -1.1896 0.0367 0.2221 -1.187 0.0468 0.212 -1.1895 0.0562 0.2021 -1.1962 0.0645 0.193 -1.2021 0.0518 0.2054
192.0 -1.2556 0.0571 0.1947 -1.1918 0.0339 0.2247 -1.1389 0.0435 0.2202 -1.1311 0.0592 0.2049 -1.1381 0.0693 0.1939 -1.1599 0.0779 0.1829 -1.2011 0.0369 0.2207 -1.1976 0.0472 0.2106 -1.1993 0.0567 0.2006 -1.2052 0.0657 0.1909 -1.2118 0.0527 0.2035
193.0 -1.2687 0.0565 0.194 -1.2022 0.0331 0.2245 -1.1469 0.0443 0.2186 -1.1375 0.0608 0.2026 -1.1463 0.0706 0.1917 -1.1688 0.0786 0.1814 -1.2092 0.0383 0.2185 -1.2066 0.0484 0.2084 -1.209 0.0573 0.1991 -1.215 0.0662 0.1894 -1.2217 0.0533 0.2019
194.0 -1.2715 0.0574 0.1928 -1.2096 0.0352 0.2217 -1.1559 0.0449 0.2171 -1.1474 0.0619 0.2005 -1.1552 0.0712 0.1902 -1.1725 0.0799 0.1796 -1.2155 0.0387 0.2175 -1.2121 0.0495 0.2068 -1.2138 0.0591 0.1968 -1.2197 0.068 0.1871 -1.2265 0.0545 0.2002
195.0 -1.2786 0.0576 0.1919 -1.217 0.0372 0.2188 -1.165 0.0467 0.2143 -1.1561 0.0613 0.2002 -1.1629 0.0702 0.1905 -1.1815 0.0805 0.1781 -1.2236 0.04 0.2153 -1.221 0.0501 0.2052 -1.2226 0.0591 0.1959 -1.2285 0.0681 0.1862 -1.2349 0.055 0.1989
196.0 -1.286 0.0597 0.189 -1.2259 0.0379 0.2173 -1.173 0.0475 0.2127 -1.1649 0.0614 0.1993 -1.1715 0.069 0.1908 -1.1907 0.0829 0.1747 -1.2318 0.0414 0.2131 -1.229 0.0509 0.2037 -1.2305 0.0592 0.195 -1.2356 0.0683 0.1852 -1.2426 0.0559 0.1972
197.0 -1.2933 0.0611 0.1868 -1.2306 0.0397 0.215 -1.1805 0.0501 0.2093 -1.1719 0.0659 0.194 -1.1788 0.0754 0.1836 -1.1978 0.0832 0.1737 -1.2433 0.0416 0.2117 -1.2406 0.0518 0.2016 -1.2414 0.0614 0.1917 -1.2448 0.0707 0.1818 -1.2527 0.0573 0.1947
198.0 -1.3021 0.0612 0.1859 -1.2416 0.0425 0.211 -1.1903 0.0506 0.2078 -1.1842 0.0661 0.1926 -1.1913 0.0767 0.181 -1.2091 0.0829 0.1729 -1.2505 0.0431 0.2095 -1.2471 0.0533 0.1994 -1.2479 0.063 0.1894 -1.253 0.0721 0.1796 -1.2601 0.0585 0.1928
199.0 -1.3165 0.0629 0.1827 -1.2515 0.0436 0.2089 -1.2004 0.0529 0.2044 -1.1926 0.0686 0.1891 -1.1989 0.0794 0.1775 -1.2183 0.0847 0.1702 -1.2613 0.0441 0.2074 -1.2569 0.0544 0.1973 -1.2576 0.0635 0.1879 -1.2628 0.0726 0.1781 -1.271 0.0595 0.1907
200.0 -1.3237 0.0638 0.1811 -1.2598 0.0455 0.2061 -1.2102 0.054 0.2023 -1.2042 0.0695 0.1871 -1.2094 0.0792 0.1767 -1.2281 0.0858 0.168 -1.2695 0.046 0.2046 -1.2652 0.0564 0.1945 -1.2658 0.0649 0.1857 -1.2709 0.0739 0.1759 -1.279 0.061 0.1884
201.0 -1.3283 0.065 0.1794 -1.27 0.0484 0.2021 -1.2203 0.0563 0.199 -1.2132 0.0707 0.1849 -1.218 0.078 0.177 -1.2357 0.0891 0.164 -1.2812 0.0475 0.2019 -1.2759 0.0574 0.1924 -1.2758 0.0666 0.183 -1.2799 0.0752 0.1738 -1.2882 0.0623 0.1861
202.0 -1.3389 0.0654 0.178 -1.2822 0.048 0.2014 -1.2293 0.0576 0.1968 -1.2225 0.0738 0.1809 -1.2284 0.0821 0.1718 -1.2455 0.0896 0.1625 -1.2876 0.0485 0.2003 -1.2831 0.0582 0.1908 -1.2838 0.0673 0.1814 -1.2888 0.0758 0.1723 -1.2964 0.063 0.1845
203.0 -1.3424 0.0655 0.1775 -1.2867 0.0486 0.2003 -1.236 0.0603 0.1933 -1.2309 0.0763 0.1775 -1.2368 0.0853 0.1678 -1.2547 0.092 0.1591 -1.2938 0.0489 0.1993 -1.2903 0.0591 0.1892 -1.2919 0.0681 0.1799 -1.296 0.0767 0.1707 -1.3029 0.0636 0.1833
204.0 -1.3506 0.0668 0.1753 -1.2967 0.0503 0.1975 -1.2458 0.0614 0.1912 -1.2399 0.0775 0.1754 -1.2449 0.086 0.1662 -1.2636 0.0926 0.1575 -1.3011 0.0503 0.1971 -1.2976 0.0606 0.187 -1.2991 0.0689 0.1783 -1.3042 0.078 0.1685 -1.3105 0.0649 0.1812
205.0 -1.3503 0.0651 0.1771 -1.3041 0.0524 0.1947 -1.2531 0.0629 0.189 -1.2462 0.0785 0.1737 -1.2529 0.0868 0.1646 -1.2709 0.0941 0.1553 -1.3064 0.0508 0.1961 -1.3038 0.0609 0.186 -1.3054 0.0699 0.1767 -1.3094 0.0779 0.1681 -1.3151 0.0649 0.1808
206.0 -1.3628 0.0664 0.1745 -1.3097 0.0541 0.1924 -1.2595 0.0639 0.1874 -1.2542 0.0792 0.1722 -1.2611 0.0881 0.1624 -1.279 0.0948 0.1538 -1.3127 0.0512 0.195 -1.31 0.0613 0.185 -1.3125 0.0702 0.1757 -1.3183 0.0785 0.1665 -1.3233 0.0655 0.1793
207.0 -1.3711 0.0684 0.1717 -1.3168 0.0549 0.1908 -1.266 0.0661 0.1845 -1.2608 0.0814 0.1693 -1.2665 0.0892 0.1608 -1.2842 0.0947 0.1534 -1.3199 0.0521 0.1935 -1.3172 0.0622 0.1834 -1.3188 0.0711 0.174 -1.3246 0.0789 0.1655 -1.3303 0.0665 0.1776
208.0 -1.3784 0.0698 0.1695 -1.3228 0.0535 0.1917 -1.2731 0.0663 0.1835 -1.2678 0.0811 0.1689 -1.2735 0.0889 0.1604 -1.2897 0.0958 0.1517 -1.328 0.0534 0.1913 -1.3244 0.0631 0.1818 -1.326 0.072 0.1725 -1.3309 0.0799 0.1639 -1.3375 0.0676 0.1758
209.0 -1.3774 0.0693 0.1701 -1.3276 0.0559 0.1888 -1.2778 0.0681 0.1812 -1.2727 0.0841 0.1654 -1.2793 0.0917 0.1569 -1.2961 0.0974 0.1494 -1.3292 0.0551 0.1894 -1.3266 0.0652 0.1793 -1.328 0.0736 0.1707 -1.3338 0.0813 0.1621 -1.339 0.0689 0.1743
210.0 -1.3401 0.067 0.1761 -1.3365 0.0565 0.1872 -1.2802 0.0715 0.1775 -1.2731 0.0865 0.1629 -1.2798 0.0947 0.1538 -1.299 0.0989 0.1477 -1.314 0.059 0.187 -1.3165 0.0678 0.1777 -1.3204 0.0752 0.1697 -1.3261 0.0824 0.1618 -1.3234 0.0703 0.1745
211.0 -1.3468 0.0655 0.177 -1.3377 0.0582 0.1854 -1.2823 0.0736 0.1751 -1.2778 0.0883 0.1606 -1.2835 0.0955 0.1527 -1.3026 0.099 0.1472 -1.3185 0.0596 0.1859 -1.32 0.0679 0.1772 -1.3239 0.0753 0.1693 -1.3303 0.0818 0.162 -1.3279 0.07 0.1743
212.0 -1.3464 0.068 0.1745 -1.3461 0.0565 0.1864 -1.2874 0.0729 0.1753 -1.2805 0.0885 0.1601 -1.2862 0.0957 0.1522 -1.3045 0.0999 0.146 -1.3204 0.0599 0.1854 -1.3211 0.069 0.176 -1.3259 0.0763 0.1681 -1.3315 0.0835 0.1602 -1.329 0.0713 0.1728
213.0 -1.371 0.0678 0.1723 -1.3417 0.0613 0.1818 -1.2909 0.0725 0.1755 -1.2839 0.0881 0.1602 -1.2914 0.0956 0.1518 -1.3078 0.0989 0.1468 -1.3314 0.0578 0.1864 -1.3304 0.0671 0.177 -1.3336 0.0753 0.1684 -1.3401 0.0823 0.1605 -1.3413 0.0701 0.1729
214.0 -1.367 0.0652 0.1753 -1.3469 0.0606 0.182 -1.2945 0.0732 0.1744 -1.2883 0.0881 0.1598 -1.2957 0.095 0.1519 -1.3113 0.0984 0.1469 -1.3314 0.0578 0.1864 -1.3313 0.067 0.177 -1.3344 0.0745 0.169 -1.3408 0.081 0.1618 -1.341 0.0691 0.1739
215.0 -1.3733 0.0656 0.1743 -1.346 0.0608 0.182 -1.2969 0.0717 0.1757 -1.2907 0.0865 0.1611 -1.2992 0.0946 0.1521 -1.3136 0.0969 0.1482 -1.3355 0.0561 0.1878 -1.3345 0.0654 0.1784 -1.3367 0.073 0.1704 -1.3431 0.0795 0.1631 -1.3446 0.0679 0.1748
216.0 -1.3405 0.0694 0.1736 -1.3487 0.0561 0.1865 -1.2975 0.0752 0.172 -1.2931 0.0899 0.1574 -1.2985 0.0959 0.1508 -1.3158 0.099 0.1458 -1.3233 0.0614 0.1836 -1.3263 0.0689 0.1756 -1.3303 0.0763 0.1676 -1.3349 0.0824 0.1609 -1.331 0.0717 0.1723
217.0 -1.3705 0.0648 0.1754 -1.3453 0.0615 0.1813 -1.3009 0.0742 0.1727 -1.2973 0.0887 0.1582 -1.3072 0.0953 0.1505 -1.3199 0.0973 0.1472 -1.334 0.0575 0.1865 -1.3339 0.0667 0.1771 -1.3368 0.0736 0.1698 -1.3423 0.0796 0.1631 -1.3435 0.0684 0.1744
218.0 -1.3799 0.0733 0.1658 -1.3463 0.0876 0.1545 -1.3377 0.1089 0.1336 -1.3342 0.1088 0.1341 -1.3348 0.1075 0.1353 -1.3369 0.1041 0.1385 -1.3446 0.0878 0.1544 -1.3435 0.0867 0.1556 -1.3458 0.0846 0.1576 -1.3487 0.0812 0.1608 -1.3525 0.0827 0.1589
219.0 -1.371 0.0727 0.1673 -1.3607 0.0942 0.1463 -1.3447 0.1135 0.1282 -1.3365 0.1121 0.1304 -1.3318 0.1103 0.1327 -1.3264 0.1043 0.1394 -1.351 0.0943 0.1472 -1.3446 0.0927 0.1494 -1.3395 0.0891 0.1536 -1.3361 0.0847 0.1585 -1.3484 0.0867 0.1552
220.0 -1.3794 0.0758 0.1633 -1.352 0.0948 0.1466 -1.3337 0.1107 0.1322 -1.3408 0.1164 0.1256 -1.3419 0.1175 0.1244 -1.3395 0.1142 0.128 -1.345 0.0853 0.157 -1.3459 0.0901 0.152 -1.3481 0.0928 0.149 -1.352 0.0948 0.1466 -1.3541 0.0878 0.1536
221.0 -1.3686 0.0791 0.161 -1.3684 0.098 0.1416 -1.3473 0.118 0.1233 -1.3443 0.1214 0.1201 -1.3417 0.1212 0.1206 -1.3365 0.117 0.1254 -1.349 0.0927 0.149 -1.3442 0.0958 0.1463 -1.3409 0.0969 0.1456 -1.3383 0.0972 0.1455 -1.3482 0.0923 0.1495
222.0 -1.3604 0.0875 0.1532 -1.3344 0.1148 0.1278 -1.3325 0.1243 0.1184 -1.3408 0.1262 0.1156 -1.3476 0.1253 0.1158 -1.3541 0.122 0.1186 -1.3333 0.1034 0.1396 -1.3399 0.1062 0.1361 -1.3463 0.1077 0.1339 -1.3526 0.1081 0.1329 -1.3465 0.1026 0.1392
223.0 -1.3662 0.0904 0.1497 -1.3364 0.1213 0.121 -1.331 0.1306 0.1121 -1.3383 0.132 0.1099 -1.3477 0.1308 0.1102 -1.3574 0.1258 0.1143 -1.3338 0.1064 0.1365 -1.3402 0.108 0.1343 -1.3474 0.1088 0.1327 -1.3562 0.1088 0.1318 -1.3488 0.1045 0.137
224.0 -1.3736 0.0925 0.1468 -1.341 0.1176 0.1243 -1.3325 0.134 0.1084 -1.3358 0.1379 0.1041 -1.3487 0.1361 0.1046 -1.3601 0.1309 0.1088 -1.3367 0.1078 0.1348 -1.3423 0.1101 0.1319 -1.3496 0.1116 0.1297 -1.3585 0.1122 0.1281 -1.3522 0.1068 0.1342
225.0 -1.3655 0.0917 0.1484 -1.3447 0.1287 0.1126 -1.3353 0.1404 0.1016 -1.3451 0.1409 0.1001 -1.3598 0.1346 0.1051 -1.3648 0.1278 0.1115 -1.3375 0.1126 0.1298 -1.3446 0.1129 0.1288 -1.354 0.1116 0.1292 -1.3634 0.1097 0.1302 -1.353 0.1077 0.1333
225.0 -1.3655 0.0917 0.1484 -1.3447 0.1287 0.1126 -1.3353 0.1404 0.1016 -1.3451 0.1409 0.1001 -1.3598 0.1346 0.1051 -1.3648 0.1278 0.1115 -1.3375 0.1126 0.1298 -1.3446 0.1129 0.1288 -1.354 0.1116 0.1292 -1.3634 0.1097 0.1302 -1.353 0.1077 0.1333
225.0 -1.3655 0.0917 0.1484 -1.3447 0.1287 0.1126 -1.3353 0.1404 0.1016 -1.3451 0.1409 0.1001 -1.3598 0.1346 0.1051 -1.3648 0.1278 0.1115 -1.3375 0.1126 0.1298 -1.3446 0.1129 0.1288 -1.354 0.1116 0.1292 -1.3634 0.1097 0.1302 -1.353 0.1077 0.1333
228.0 -1.3724 0.1012 0.138 -1.3432 0.1301 0.1113 -1.3381 0.1461 0.0955 -1.3455 0.1482 0.0926 -1.3556 0.1456 0.0943 -1.3626 0.1404 0.0989 -1.3441 0.1203 0.1213 -1.3498 0.1225 0.1184 -1.357 0.1234 0.1168 -1.3658 0.1234 0.1159 -1.3578 0.1182 0.1221
229.0 -1.3728 0.1029 0.1362 -1.3436 0.127 0.1144 -1.3401 0.1477 0.0937 -1.3456 0.1488 0.092 -1.3551 0.1475 0.0924 -1.3637 0.1414 0.0977 -1.3446 0.1232 0.1182 -1.3503 0.1255 0.1153 -1.3574 0.1258 0.1143 -1.366 0.1246 0.1147 -1.3582 0.1204 0.1197
229.0 -1.3728 0.1029 0.1362 -1.3436 0.127 0.1144 -1.3401 0.1477 0.0937 -1.3456 0.1488 0.092 -1.3551 0.1475 0.0924 -1.3637 0.1414 0.0977 -1.3446 0.1232 0.1182 -1.3503 0.1255 0.1153 -1.3574 0.1258 0.1143 -1.366 0.1246 0.1147 -1.3582 0.1204 0.1197
229.0 -1.3728 0.1029 0.1362 -1.3436 0.127 0.1144 -1.3401 0.1477 0.0937 -1.3456 0.1488 0.092 -1.3551 0.1475 0.0924 -1.3637 0.1414 0.0977 -1.3446 0.1232 0.1182 -1.3503 0.1255 0.1153 -1.3574 0.1258 0.1143 -1.366 0.1246 0.1147 -1.3582 0.1204 0.1197
