1.0 -1.3759 0.0604 0.1794 -1.3266 0.0505 0.1943 -1.2844 0.0758 0.1727 -1.2814 0.0884 0.1601 -1.2869 0.095 0.1528 -1.3005 0.0974 0.149 -1.326 0.0518 0.1931 -1.3242 0.0619 0.183 -1.3264 0.0695 0.175 -1.3329 0.0766 0.1671 -1.3371 0.064 0.1795
2.0 -1.3655 0.0563 0.1846 -1.3248 0.0502 0.1949 -1.2827 0.076 0.1727 -1.2792 0.0911 0.1575 -1.2855 0.097 0.1509 -1.2998 0.0981 0.1483 -1.3215 0.0512 0.1941 -1.3224 0.0615 0.1836 -1.3256 0.0696 0.1749 -1.3328 0.076 0.1677 -1.3335 0.0629 0.181
3.0 -1.3613 0.0575 0.1838 -1.3257 0.0501 0.1949 -1.2827 0.076 0.1727 -1.2793 0.0917 0.1569 -1.2848 0.0977 0.1502 -1.2998 0.0981 0.1483 -1.3207 0.0519 0.1935 -1.3208 0.0623 0.1829 -1.324 0.0704 0.1742 -1.3304 0.0769 0.167 -1.3314 0.0638 0.1803
4.0 -1.3792 0.0593 0.1801 -1.3248 0.0502 0.1949 -1.2837 0.0765 0.1721 -1.281 0.0915 0.157 -1.2871 0.0962 0.1516 -1.2997 0.0975 0.149 -1.3275 0.0504 0.1944 -1.3267 0.0609 0.1837 -1.329 0.0692 0.1751 -1.3346 0.0757 0.1678 -1.3394 0.0631 0.1802
5.0 -1.3622 0.0579 0.1832 -1.3248 0.0502 0.1949 -1.2828 0.0766 0.172 -1.2784 0.0919 0.1569 -1.2848 0.0977 0.1502 -1.2989 0.0983 0.1483 -1.3206 0.0514 0.1941 -1.3208 0.0623 0.1829 -1.324 0.0704 0.1742 -1.3304 0.0769 0.167 -1.3316 0.0638 0.1803
6.0 -1.3782 0.0588 0.1807 -1.3239 0.0503 0.1949 -1.2828 0.0766 0.172 -1.2809 0.0909 0.1576 -1.2864 0.0969 0.1509 -1.3005 0.0974 0.149 -1.3267 0.0511 0.1937 -1.3259 0.0616 0.1831 -1.3282 0.0693 0.175 -1.3337 0.0758 0.1678 -1.3386 0.0633 0.1801
7.0 -1.3628 0.056 0.1851 -1.3249 0.0508 0.1943 -1.2829 0.0772 0.1714 -1.2786 0.0925 0.1563 -1.2857 0.0982 0.1497 -1.3007 0.0986 0.1477 -1.3198 0.0515 0.1941 -1.3208 0.0623 0.1829 -1.3248 0.0703 0.1743 -1.3321 0.0767 0.1671 -1.332 0.0634 0.1807
8.0 -1.3628 0.056 0.1851 -1.3258 0.0507 0.1943 -1.2828 0.0766 0.172 -1.2793 0.0917 0.1569 -1.2866 0.0981 0.1497 -1.299 0.0989 0.1477 -1.3215 0.0512 0.1941 -1.3225 0.0621 0.1829 -1.3265 0.0701 0.1743 -1.3329 0.0766 0.1671 -1.3332 0.0632 0.1807
9.0 -1.3655 0.0563 0.1846 -1.3248 0.0502 0.1949 -1.2828 0.0766 0.172 -1.2792 0.0911 0.1575 -1.2865 0.0975 0.1503 -1.3007 0.0986 0.1477 -1.3223 0.0511 0.1942 -1.3225 0.0621 0.1829 -1.3257 0.0702 0.1743 -1.3329 0.0766 0.1671 -1.3338 0.0633 0.1806
10.0 -1.3718 0.0573 0.183 -1.3248 0.0502 0.1949 -1.2845 0.0764 0.1721 -1.2801 0.091 0.1576 -1.2865 0.0975 0.1503 -1.3015 0.0979 0.1484 -1.325 0.0514 0.1937 -1.3251 0.0617 0.183 -1.3284 0.0705 0.1738 -1.3348 0.0769 0.1665 -1.337 0.0636 0.18
11.0 -1.3385 0.0581 0.1854 -1.3298 0.0483 0.1963 -1.2832 0.079 0.1695 -1.2789 0.0942 0.1544 -1.2841 0.099 0.149 -1.2982 0.099 0.1476 -1.3107 0.0551 0.1912 -1.3142 0.065 0.1807 -1.319 0.0723 0.1728 -1.3254 0.0788 0.1656 -1.3216 0.0659 0.1792
12.0 -1.3658 0.0581 0.1827 -1.3259 0.0513 0.1937 -1.2828 0.0766 0.172 -1.2793 0.0917 0.1569 -1.2857 0.0982 0.1497 -1.3 0.0993 0.1471 -1.3224 0.0517 0.1936 -1.3225 0.0621 0.1829 -1.3265 0.0701 0.1743 -1.3331 0.0772 0.1665 -1.3341 0.0638 0.18
13.0 -1.3665 0.0574 0.1834 -1.3241 0.0509 0.1942 -1.2828 0.0766 0.172 -1.2802 0.0916 0.1569 -1.2865 0.0975 0.1503 -1.3016 0.0985 0.1478 -1.3226 0.0529 0.1923 -1.3226 0.0627 0.1823 -1.3266 0.0707 0.1737 -1.3331 0.0772 0.1665 -1.3343 0.0642 0.1796
14.0 -1.3448 0.0591 0.1838 -1.3289 0.0484 0.1963 -1.2838 0.0771 0.1714 -1.2786 0.0925 0.1563 -1.2839 0.0978 0.1502 -1.2983 0.0996 0.147 -1.3141 0.0541 0.192 -1.3166 0.0635 0.1821 -1.3215 0.0714 0.1735 -1.328 0.0785 0.1657 -1.325 0.0653 0.1794
15.0 -1.3633 0.059 0.182 -1.3266 0.0505 0.1943 -1.2838 0.0771 0.1714 -1.2792 0.0911 0.1575 -1.2866 0.0981 0.1497 -1.2999 0.0987 0.1477 -1.3216 0.0518 0.1935 -1.3226 0.0627 0.1823 -1.3258 0.0708 0.1737 -1.3322 0.0773 0.1664 -1.3331 0.0643 0.1796
16.0 -1.3354 0.0604 0.1834 -1.3255 0.0489 0.1962 -1.284 0.0783 0.1702 -1.2795 0.0929 0.1557 -1.2839 0.0978 0.1502 -1.2982 0.099 0.1476 -1.3108 0.0557 0.1906 -1.3151 0.0649 0.1808 -1.3199 0.0722 0.1728 -1.3254 0.0788 0.1656 -1.3213 0.0664 0.1786
17.0 -1.363 0.0572 0.1839 -1.3273 0.0492 0.1956 -1.2828 0.0766 0.172 -1.2792 0.0911 0.1575 -1.2856 0.0976 0.1503 -1.2998 0.0981 0.1483 -1.3215 0.0512 0.1941 -1.3216 0.0622 0.1829 -1.3257 0.0702 0.1743 -1.3322 0.0773 0.1664 -1.3328 0.0636 0.1803
18.0 -1.3691 0.057 0.1835 -1.3239 0.0503 0.1949 -1.2827 0.076 0.1727 -1.28 0.0904 0.1582 -1.2872 0.0968 0.151 -1.2998 0.0981 0.1483 -1.3232 0.051 0.1942 -1.3234 0.062 0.183 -1.3265 0.0701 0.1743 -1.3329 0.0766 0.1671 -1.335 0.0633 0.1804
19.0 -1.3623 0.0585 0.1826 -1.3275 0.0504 0.1944 -1.2845 0.0764 0.1721 -1.2792 0.0911 0.1575 -1.2856 0.0976 0.1503 -1.2989 0.0983 0.1483 -1.3223 0.0511 0.1942 -1.3216 0.0622 0.1829 -1.3248 0.0703 0.1743 -1.3304 0.0769 0.167 -1.3323 0.0638 0.1802
20.0 -1.363 0.0572 0.1839 -1.3256 0.0495 0.1955 -1.2836 0.0759 0.1727 -1.2792 0.0911 0.1575 -1.2856 0.0976 0.1503 -1.3006 0.098 0.1484 -1.3207 0.0519 0.1935 -1.3208 0.0623 0.1829 -1.3248 0.0703 0.1743 -1.3312 0.0768 0.167 -1.3321 0.0637 0.1803
21.0 -1.3594 0.0571 0.1844 -1.3264 0.0493 0.1956 -1.2845 0.0764 0.1721 -1.2802 0.0916 0.1569 -1.2848 0.0977 0.1502 -1.2989 0.0983 0.1483 -1.3198 0.0515 0.1941 -1.3209 0.0629 0.1822 -1.3232 0.0712 0.1736 -1.3296 0.0776 0.1664 -1.3306 0.0641 0.1801
22.0 -1.3604 0.0576 0.1838 -1.3249 0.0508 0.1943 -1.2844 0.0758 0.1727 -1.2792 0.0911 0.1575 -1.2847 0.0971 0.1509 -1.2998 0.0981 0.1483 -1.3207 0.0519 0.1935 -1.3209 0.0629 0.1822 -1.3241 0.071 0.1736 -1.3305 0.0775 0.1664 -1.3313 0.0642 0.1799
23.0 -1.3611 0.0563 0.1851 -1.3248 0.0502 0.1949 -1.2836 0.0759 0.1727 -1.2792 0.0911 0.1575 -1.2856 0.0976 0.1503 -1.2998 0.0981 0.1483 -1.3206 0.0514 0.1941 -1.3216 0.0622 0.1829 -1.3248 0.0703 0.1743 -1.3321 0.0767 0.1671 -1.332 0.0634 0.1807
24.0 -1.3596 0.0577 0.1837 -1.3273 0.0492 0.1956 -1.2844 0.0758 0.1727 -1.2792 0.0911 0.1575 -1.2856 0.0976 0.1503 -1.2998 0.0981 0.1483 -1.3206 0.0514 0.1941 -1.3208 0.0623 0.1829 -1.324 0.0704 0.1742 -1.3305 0.0775 0.1664 -1.3311 0.0639 0.1803
25.0 -1.3636 0.0559 0.1852 -1.3256 0.0495 0.1955 -1.2836 0.0759 0.1727 -1.2792 0.0911 0.1575 -1.2856 0.0976 0.1503 -1.3006 0.098 0.1484 -1.3215 0.0512 0.1941 -1.3216 0.0622 0.1829 -1.3256 0.0696 0.1749 -1.3328 0.076 0.1677 -1.333 0.063 0.181
26.0 -1.3576 0.0567 0.1849 -1.3259 0.0513 0.1937 -1.2844 0.0758 0.1727 -1.2792 0.0911 0.1575 -1.2848 0.0977 0.1502 -1.2989 0.0983 0.1483 -1.3189 0.0516 0.194 -1.3199 0.0624 0.1828 -1.324 0.0704 0.1742 -1.3304 0.0769 0.167 -1.3302 0.0636 0.1806
27.0 -1.3791 0.0587 0.1808 -1.3249 0.0508 0.1943 -1.2837 0.0765 0.1721 -1.2816 0.0896 0.1589 -1.2879 0.0955 0.1522 -1.3004 0.0968 0.1496 -1.3266 0.0505 0.1943 -1.3259 0.0616 0.1831 -1.3282 0.0693 0.175 -1.3347 0.0763 0.1672 -1.3389 0.0633 0.1801
28.0 -1.357 0.058 0.1836 -1.3259 0.0513 0.1937 -1.2836 0.0759 0.1727 -1.2783 0.0913 0.1575 -1.2847 0.0971 0.1509 -1.298 0.0978 0.1489 -1.3198 0.0515 0.1941 -1.3199 0.0624 0.1828 -1.3232 0.0712 0.1736 -1.3288 0.0777 0.1663 -1.3297 0.0642 0.1801
29.0 -1.3605 0.0582 0.1832 -1.3267 0.0511 0.1937 -1.2843 0.0752 0.1733 -1.2791 0.0905 0.1581 -1.2855 0.097 0.1509 -1.2988 0.0977 0.1489 -1.3205 0.0508 0.1947 -1.3215 0.0616 0.1835 -1.3248 0.0703 0.1743 -1.3312 0.0768 0.167 -1.3317 0.0635 0.1805
30.0 -1.381 0.0597 0.1796 -1.3247 0.0496 0.1955 -1.2835 0.0753 0.1733 -1.2807 0.0897 0.1588 -1.2869 0.095 0.1528 -1.2995 0.0964 0.1502 -1.3274 0.0498 0.195 -1.3266 0.0603 0.1843 -1.329 0.0692 0.1751 -1.3354 0.0756 0.1678 -1.3399 0.0629 0.1804
31.0 -1.3648 0.0576 0.1833 -1.3248 0.0502 0.1949 -1.2834 0.0747 0.1739 -1.2774 0.0908 0.1581 -1.2845 0.0965 0.1515 -1.2969 0.0967 0.1501 -1.3223 0.0511 0.1942 -1.3224 0.0615 0.1836 -1.3256 0.0696 0.1749 -1.3311 0.0762 0.1677 -1.3332 0.0632 0.1807
32.0 -1.3664 0.0568 0.184 -1.3242 0.0515 0.1936 -1.2826 0.0754 0.1733 -1.2773 0.0902 0.1587 -1.2844 0.0959 0.1521 -1.2967 0.0955 0.1513 -1.3215 0.0512 0.1941 -1.3225 0.0621 0.1829 -1.3257 0.0702 0.1743 -1.332 0.0761 0.1677 -1.3336 0.0633 0.1806
33.0 -1.3779 0.0619 0.1776 -1.3242 0.0515 0.1936 -1.2826 0.0754 0.1733 -1.277 0.0884 0.1606 -1.2823 0.0938 0.1545 -1.2957 0.095 0.1519 -1.3275 0.0504 0.1944 -1.3249 0.0606 0.1843 -1.3272 0.0688 0.1756 -1.3328 0.076 0.1677 -1.3381 0.0635 0.1799
34.0 -1.372 0.0585 0.1817 -1.3233 0.0516 0.1936 -1.2786 0.0729 0.1762 -1.2741 0.087 0.1623 -1.2805 0.0934 0.1551 -1.2929 0.0942 0.1531 -1.3232 0.051 0.1942 -1.3223 0.0609 0.1842 -1.3246 0.0691 0.1755 -1.3302 0.0757 0.1682 -1.3345 0.063 0.1808
35.0 -1.3702 0.0581 0.1823 -1.3207 0.0519 0.1935 -1.2768 0.0725 0.1768 -1.272 0.0854 0.1641 -1.2766 0.0915 0.1574 -1.2893 0.0935 0.1542 -1.3214 0.0506 0.1948 -1.3196 0.0607 0.1847 -1.3211 0.069 0.176 -1.3265 0.075 0.1694 -1.3317 0.0627 0.1814
36.0 -1.3667 0.0586 0.1822 -1.3195 0.0503 0.1953 -1.2728 0.0694 0.1804 -1.2687 0.0816 0.1684 -1.2716 0.0879 0.1616 -1.2835 0.0906 0.1577 -1.3183 0.048 0.1978 -1.3149 0.0588 0.187 -1.3162 0.0666 0.1789 -1.3209 0.0733 0.1716 -1.3274 0.0611 0.1835
37.0 -1.3675 0.0578 0.1828 -1.3131 0.0487 0.1976 -1.27 0.0686 0.1815 -1.264 0.0798 0.1707 -1.2652 0.0863 0.1639 -1.2752 0.0886 0.1605 -1.3171 0.0463 0.1996 -1.3119 0.0568 0.1894 -1.3107 0.0649 0.1812 -1.3138 0.0724 0.1732 -1.3242 0.0597 0.1852
37.0 -1.3675 0.0578 0.1828 -1.3131 0.0487 0.1976 -1.27 0.0686 0.1815 -1.264 0.0798 0.1707 -1.2652 0.0863 0.1639 -1.2752 0.0886 0.1605 -1.3171 0.0463 0.1996 -1.3119 0.0568 0.1894 -1.3107 0.0649 0.1812 -1.3138 0.0724 0.1732 -1.3242 0.0597 0.1852
37.0 -1.3675 0.0578 0.1828 -1.3131 0.0487 0.1976 -1.27 0.0686 0.1815 -1.264 0.0798 0.1707 -1.2652 0.0863 0.1639 -1.2752 0.0886 0.1605 -1.3171 0.0463 0.1996 -1.3119 0.0568 0.1894 -1.3107 0.0649 0.1812 -1.3138 0.0724 0.1732 -1.3242 0.0597 0.1852
40.0 -1.3228 0.0486 0.1967 -1.2865 0.0425 0.2065 -1.2417 0.0577 0.1954 -1.2357 0.0689 0.1846 -1.2374 0.0736 0.1796 -1.2431 0.0759 0.1767 -1.2886 0.0392 0.2097 -1.2836 0.0509 0.1983 -1.2807 0.0598 0.1894 -1.2808 0.0653 0.1838 -1.2913 0.0527 0.1956
40.0 -1.3228 0.0486 0.1967 -1.2865 0.0425 0.2065 -1.2417 0.0577 0.1954 -1.2357 0.0689 0.1846 -1.2374 0.0736 0.1796 -1.2431 0.0759 0.1767 -1.2886 0.0392 0.2097 -1.2836 0.0509 0.1983 -1.2807 0.0598 0.1894 -1.2808 0.0653 0.1838 -1.2913 0.0527 0.1956
40.0 -1.3228 0.0486 0.1967 -1.2865 0.0425 0.2065 -1.2417 0.0577 0.1954 -1.2357 0.0689 0.1846 -1.2374 0.0736 0.1796 -1.2431 0.0759 0.1767 -1.2886 0.0392 0.2097 -1.2836 0.0509 0.1983 -1.2807 0.0598 0.1894 -1.2808 0.0653 0.1838 -1.2913 0.0527 0.1956
40.0 -1.3228 0.0486 0.1967 -1.2865 0.0425 0.2065 -1.2417 0.0577 0.1954 -1.2357 0.0689 0.1846 -1.2374 0.0736 0.1796 -1.2431 0.0759 0.1767 -1.2886 0.0392 0.2097 -1.2836 0.0509 0.1983 -1.2807 0.0598 0.1894 -1.2808 0.0653 0.1838 -1.2913 0.0527 0.1956
40.0 -1.3228 0.0486 0.1967 -1.2865 0.0425 0.2065 -1.2417 0.0577 0.1954 -1.2357 0.0689 0.1846 -1.2374 0.0736 0.1796 -1.2431 0.0759 0.1767 -1.2886 0.0392 0.2097 -1.2836 0.0509 0.1983 -1.2807 0.0598 0.1894 -1.2808 0.0653 0.1838 -1.2913 0.0527 0.1956
40.0 -1.3228 0.0486 0.1967 -1.2865 0.0425 0.2065 -1.2417 0.0577 0.1954 -1.2357 0.0689 0.1846 -1.2374 0.0736 0.1796 -1.2431 0.0759 0.1767 -1.2886 0.0392 0.2097 -1.2836 0.0509 0.1983 -1.2807 0.0598 0.1894 -1.2808 0.0653 0.1838 -1.2913 0.0527 0.1956
46.0 -1.276 0.0378 0.2124 -1.2118 0.0379 0.2186 -1.1559 0.0449 0.2171 -1.1503 0.0536 0.2087 -1.1552 0.056 0.2058 -1.1658 0.0564 0.2043 -1.2197 0.0228 0.2333 -1.2149 0.0302 0.2262 -1.2127 0.0378 0.2186 -1.2132 0.0457 0.2105 -1.2273 0.0349 0.2202
47.0 -1.2564 0.0362 0.216 -1.1959 0.0376 0.2205 -1.1421 0.0419 0.2215 -1.135 0.0514 0.2125 -1.138 0.0534 0.2101 -1.1485 0.0532 0.2093 -1.2092 0.0181 0.2391 -1.2033 0.0244 0.2333 -1.1994 0.0323 0.2256 -1.1983 0.041 0.2168 -1.2133 0.0304 0.2262
48.0 -1.2537 0.036 0.2165 -1.1849 0.0349 0.2244 -1.1286 0.04 0.2248 -1.1214 0.0489 0.2164 -1.1237 0.0523 0.2127 -1.1345 0.0533 0.2106 -1.1925 0.018 0.241 -1.186 0.0262 0.2332 -1.1831 0.0345 0.225 -1.1837 0.043 0.2163 -1.1998 0.0315 0.2264
49.0 -1.2421 0.0351 0.2185 -1.1671 0.0287 0.2325 -1.114 0.0371 0.2292 -1.1053 0.0474 0.2195 -1.1096 0.0517 0.2147 -1.1217 0.0507 0.2145 -1.1769 0.0146 0.246 -1.1723 0.0231 0.2377 -1.1712 0.0318 0.2289 -1.1726 0.0402 0.2202 -1.187 0.029 0.2303
50.0 -1.2281 0.0357 0.2192 -1.146 0.0236 0.2398 -1.0962 0.0358 0.2322 -1.0899 0.0452 0.2233 -1.096 0.0499 0.2179 -1.1182 0.0457 0.22 -1.1588 0.0164 0.2459 -1.1553 0.0266 0.2358 -1.1584 0.0342 0.2278 -1.1666 0.041 0.22 -1.1734 0.0308 0.2297
51.0 -1.2056 0.0376 0.2196 -1.1341 0.021 0.2437 -1.0843 0.0332 0.2362 -1.0748 0.0442 0.2258 -1.0796 0.0515 0.2179 -1.088 0.054 0.2144 -1.1415 0.0181 0.2459 -1.1356 0.0299 0.2344 -1.1354 0.0385 0.2256 -1.1386 0.0466 0.217 -1.1513 0.0341 0.2285
52.0 -1.1922 0.0363 0.2222 -1.1186 0.0181 0.2481 -1.0725 0.0311 0.2394 -1.0608 0.0449 0.2265 -1.0665 0.0521 0.2186 -1.0788 0.0571 0.2122 -1.1299 0.0172 0.2479 -1.1258 0.0288 0.2365 -1.1249 0.0387 0.2265 -1.129 0.0473 0.2173 -1.1403 0.0337 0.2301
53.0 -1.1863 0.0377 0.2214 -1.1017 0.0168 0.2512 -1.0575 0.0307 0.2414 -1.0485 0.0447 0.2279 -1.0545 0.0537 0.2181 -1.071 0.0576 0.2125 -1.1218 0.0165 0.2495 -1.1178 0.0286 0.2375 -1.1187 0.0389 0.2269 -1.124 0.0486 0.2165 -1.1337 0.0341 0.2303
54.0 -1.1776 0.0383 0.2217 -1.0901 0.0159 0.2532 -1.0472 0.0321 0.241 -1.0371 0.045 0.2287 -1.042 0.0529 0.2202 -1.0581 0.0593 0.212 -1.1122 0.0166 0.2504 -1.1073 0.0288 0.2383 -1.1075 0.0398 0.2271 -1.1119 0.0502 0.216 -1.1233 0.0347 0.2307
55.0 -1.162 0.0398 0.2217 -1.0806 0.0123 0.2579 -1.0327 0.0346 0.2398 -1.027 0.0476 0.2271 -1.0319 0.0555 0.2185 -1.0496 0.0611 0.2111 -1.0926 0.0204 0.2483 -1.0902 0.0318 0.237 -1.092 0.0419 0.2265 -1.0989 0.0513 0.2161 -1.1072 0.037 0.2299
56.0 -1.149 0.0409 0.2218 -1.0648 0.012 0.2598 -1.0229 0.0341 0.2413 -1.0148 0.048 0.2278 -1.0209 0.0576 0.2175 -1.0384 0.0626 0.2106 -1.0829 0.0199 0.2498 -1.0806 0.0318 0.2379 -1.0824 0.0426 0.2267 -1.0878 0.0529 0.2157 -1.0965 0.0376 0.2304
57.0 -1.1312 0.0397 0.2249 -1.047 0.0113 0.2622 -1.0117 0.0356 0.2408 -1.0038 0.0507 0.2262 -1.0105 0.059 0.2171 -1.0281 0.064 0.2102 -1.0699 0.0211 0.25 -1.0684 0.0329 0.238 -1.0712 0.0435 0.2269 -1.0783 0.0541 0.2153 -1.0838 0.0382 0.231
58.0 -1.1207 0.0399 0.2257 -1.0359 0.0128 0.2618 -1.0001 0.0348 0.2429 -0.9929 0.0535 0.2245 -0.9989 0.063 0.2141 -1.0173 0.0673 0.208 -1.0597 0.0231 0.2489 -1.0591 0.0347 0.2371 -1.0619 0.046 0.2253 -1.0681 0.0561 0.2143 -1.0739 0.0399 0.2303
59.0 -1.1112 0.0411 0.2253 -1.0259 0.0111 0.2645 -0.9928 0.0382 0.2401 -0.9835 0.0553 0.2235 -0.9894 0.0637 0.2144 -1.0054 0.0701 0.2062 -1.0502 0.0243 0.2486 -1.0489 0.0367 0.236 -1.0517 0.0479 0.2243 -1.058 0.0587 0.2127 -1.064 0.0418 0.2294
60.0 -1.1015 0.0412 0.2262 -1.0133 0.0098 0.2671 -0.985 0.0386 0.2404 -0.974 0.0566 0.2231 -0.9781 0.0646 0.2146 -0.9931 0.0699 0.2076 -1.0425 0.0254 0.2483 -1.0411 0.0378 0.2357 -1.0431 0.0491 0.2239 -1.0477 0.0601 0.2123 -1.0552 0.0427 0.2293
61.0 -1.0926 0.0406 0.2277 -1.0043 0.0085 0.2693 -0.9797 0.0387 0.2408 -0.9661 0.0564 0.2241 -0.9701 0.0645 0.2155 -0.9844 0.0705 0.2079 -1.0345 0.0252 0.2492 -1.0333 0.0382 0.2361 -1.0353 0.0496 0.2243 -1.039 0.0607 0.2125 -1.0469 0.0429 0.23
62.0 -1.0475 0.0339 0.2391 -0.9614 0.0046 0.2776 -0.927 0.0489 0.2357 -0.9176 0.0606 0.2247 -0.9211 0.0656 0.2192 -0.9343 0.0705 0.2129 -0.9803 0.0319 0.2477 -0.9813 0.0428 0.2365 -0.9857 0.0526 0.2261 -0.9931 0.0601 0.2176 -0.9976 0.0443 0.2334
63.0 -1.0437 0.0325 0.2408 -0.9587 0.0043 0.2781 -0.9181 0.0538 0.2316 -0.9112 0.0596 0.2263 -0.9159 0.0663 0.219 -0.9314 0.0691 0.2146 -0.9768 0.0324 0.2476 -0.9779 0.0433 0.2364 -0.9821 0.0525 0.2266 -0.9904 0.0593 0.2188 -0.9942 0.044 0.234
64.0 -1.0407 0.0305 0.2432 -0.953 0.002 0.281 -0.9138 0.0489 0.237 -0.9079 0.0558 0.2306 -0.9074 0.0625 0.2237 -0.9215 0.068 0.2167 -0.9706 0.032 0.2486 -0.9715 0.0423 0.238 -0.9757 0.0509 0.2288 -0.9831 0.0578 0.221 -0.9883 0.0427 0.2359
65.0 -1.0367 0.0274 0.2468 -0.9493 0.0007 0.2828 -0.9248 0.0419 0.2431 -0.9008 0.0555 0.2315 -0.9035 0.0606 0.226 -0.9182 0.0641 0.221 -0.9675 0.0294 0.2516 -0.9684 0.0396 0.241 -0.9727 0.0488 0.2312 -0.9801 0.0558 0.2234 -0.9851 0.0402 0.2388
66.0 -1.0316 0.0287 0.246 -0.9481 -0.001 0.2846 -0.9148 0.0396 0.2464 -0.899 0.0551 0.2321 -0.8991 0.0606 0.2265 -0.9111 0.0639 0.222 -0.9642 0.0304 0.2509 -0.9641 0.0402 0.2409 -0.9674 0.0489 0.2316 -0.9722 0.0562 0.2237 -0.9799 0.0409 0.2386
67.0 -1.0314 0.0275 0.2472 -0.9445 -0.0017 0.2857 -0.9095 0.0397 0.2469 -0.8982 0.0552 0.2321 -0.8996 0.0587 0.2284 -0.9082 0.0624 0.2237 -0.9634 0.0312 0.2502 -0.9641 0.0402 0.2409 -0.9674 0.0489 0.2316 -0.9714 0.0564 0.2237 -0.9796 0.0408 0.2387
68.0 -1.0295 0.0265 0.2484 -0.9446 -0.0011 0.2851 -0.9126 0.0374 0.2489 -0.8979 0.054 0.2333 -0.9057 0.0579 0.2286 -0.934 0.0541 0.2297 -0.9631 0.0294 0.2521 -0.9648 0.0389 0.2421 -0.969 0.0481 0.2323 -0.9764 0.0551 0.2245 -0.9806 0.0396 0.2399
69.0 -1.0272 0.0287 0.2464 -0.9465 -0.0002 0.2839 -0.9139 0.0348 0.2514 -0.8944 0.0539 0.2338 -0.9028 0.0564 0.2304 -0.9321 0.0531 0.2309 -0.9638 0.0281 0.2533 -0.9638 0.0384 0.2427 -0.9688 0.0469 0.2336 -0.9752 0.0534 0.2263 -0.9798 0.0391 0.2405
70.0 -1.0268 0.0263 0.2489 -0.9459 0.0012 0.2826 -0.9104 0.0347 0.2519 -0.8948 0.0514 0.2363 -0.897 0.0585 0.2289 -0.9247 0.0559 0.2287 -0.9628 0.0276 0.2539 -0.9628 0.0374 0.2439 -0.9678 0.0458 0.2348 -0.9733 0.0524 0.2275 -0.9787 0.0379 0.2418
71.0 -1.0251 0.0265 0.2489 -0.9452 0.0025 0.2814 -0.9085 0.0337 0.2531 -0.8923 0.0518 0.2362 -0.9003 0.0574 0.2297 -0.9494 0.0465 0.2359 -0.9618 0.0271 0.2545 -0.9617 0.0363 0.2451 -0.9668 0.0454 0.2354 -0.9742 0.0523 0.2275 -0.9779 0.0375 0.2423
72.0 -1.025 0.0259 0.2495 -0.948 0.0033 0.2802 -0.9068 0.0345 0.2524 -0.8912 0.0507 0.2374 -0.8966 0.0567 0.2308 -0.9301 0.0515 0.2327 -0.9618 0.0271 0.2545 -0.9617 0.0363 0.2451 -0.9667 0.0448 0.236 -0.9732 0.0518 0.2281 -0.9777 0.0372 0.2426
73.0 -1.0233 0.0261 0.2494 -0.95 0.0049 0.2784 -0.9077 0.0344 0.2524 -0.8909 0.0489 0.2393 -0.8939 0.0558 0.2319 -0.9174 0.0545 0.2309 -0.9613 0.029 0.2526 -0.9609 0.037 0.2445 -0.9642 0.0457 0.2353 -0.9707 0.0528 0.2274 -0.9761 0.0381 0.2418
74.0 -1.0224 0.0263 0.2494 -0.9494 0.0062 0.2771 -0.9047 0.0373 0.2498 -0.8909 0.0489 0.2393 -0.8947 0.0557 0.2319 -0.9247 0.051 0.2337 -0.9604 0.0291 0.2526 -0.9601 0.0371 0.2445 -0.9642 0.0457 0.2353 -0.9707 0.0528 0.2274 -0.9756 0.0382 0.2418
75.0 -1.0234 0.0267 0.2488 -0.9505 0.0079 0.2753 -0.9095 0.0348 0.2519 -0.8908 0.0483 0.2399 -0.8946 0.0551 0.2326 -0.9197 0.0529 0.2323 -0.963 0.0288 0.2527 -0.9618 0.0369 0.2445 -0.9658 0.0449 0.2359 -0.9715 0.0521 0.228 -0.9771 0.0379 0.242
76.0 -1.0226 0.0274 0.2481 -0.9508 0.009 0.2741 -0.9102 0.0335 0.2531 -0.8908 0.0483 0.2399 -0.8972 0.0548 0.2327 -0.9282 0.0512 0.2332 -0.9603 0.0285 0.2532 -0.9592 0.0372 0.2444 -0.9642 0.0457 0.2353 -0.9716 0.0527 0.2274 -0.9756 0.0383 0.2417
77.0 -1.0225 0.0268 0.2488 -0.9489 0.0087 0.2746 -0.9093 0.0336 0.2531 -0.8891 0.0485 0.2398 -0.8975 0.0565 0.2308 -0.9419 0.0487 0.2344 -0.9606 0.0303 0.2513 -0.9595 0.039 0.2426 -0.9653 0.0468 0.234 -0.9743 0.0529 0.2269 -0.9764 0.0392 0.2407
78.0 -1.024 0.0254 0.2501 -0.9499 0.0092 0.274 -0.9085 0.0337 0.2531 -0.8899 0.0484 0.2399 -0.8971 0.0542 0.2333 -0.9515 0.0432 0.2391 -0.9613 0.029 0.2526 -0.9609 0.037 0.2445 -0.965 0.045 0.2359 -0.9722 0.0513 0.2287 -0.9767 0.0376 0.2424
79.0 -1.0242 0.0266 0.2488 -0.95 0.0098 0.2734 -0.9145 0.0329 0.2533 -0.8889 0.0473 0.2411 -0.8946 0.0551 0.2326 -0.9237 0.0506 0.2343 -0.9626 0.0313 0.2502 -0.9614 0.0394 0.242 -0.9645 0.0475 0.2334 -0.9708 0.0534 0.2268 -0.9767 0.0396 0.2402
80.0 -1.0225 0.0268 0.2488 -0.9509 0.0096 0.2735 -0.9108 0.0322 0.2544 -0.8899 0.0484 0.2399 -0.8971 0.0542 0.2333 -0.9534 0.0441 0.238 -0.9613 0.029 0.2526 -0.9592 0.0372 0.2444 -0.9633 0.0452 0.2358 -0.9715 0.0521 0.228 -0.9756 0.0381 0.2419
81.0 -1.0238 0.0291 0.2463 -0.9517 0.0095 0.2735 -0.9035 0.0356 0.2516 -0.8892 0.0491 0.2392 -0.8989 0.0545 0.2327 -0.9566 0.0425 0.2393 -0.9589 0.0305 0.2513 -0.9586 0.0385 0.2432 -0.9635 0.0464 0.2346 -0.9716 0.0527 0.2274 -0.9753 0.0395 0.2405
82.0 -1.0243 0.0272 0.2482 -0.95 0.0098 0.2734 -0.9031 0.0381 0.2491 -0.8883 0.0492 0.2392 -0.9002 0.0519 0.2353 -0.9581 0.041 0.2406 -0.959 0.0311 0.2507 -0.9595 0.039 0.2426 -0.9644 0.0469 0.234 -0.9726 0.0531 0.2268 -0.976 0.0395 0.2405
83.0 -1.0236 0.0279 0.2475 -0.9518 0.0101 0.2729 -0.9069 0.0351 0.2518 -0.8899 0.0484 0.2399 -0.897 0.0536 0.2339 -0.9506 0.0433 0.2391 -0.9596 0.0292 0.2526 -0.9593 0.0378 0.2438 -0.9642 0.0457 0.2353 -0.9716 0.0527 0.2274 -0.9757 0.0387 0.2413
84.0 -1.0229 0.0292 0.2463 -0.95 0.0098 0.2734 -0.9077 0.0344 0.2524 -0.8909 0.0489 0.2393 -0.9132 0.0508 0.2351 -0.9635 0.0415 0.2396 -0.9625 0.0307 0.2508 -0.9614 0.0394 0.242 -0.9653 0.0468 0.234 -0.9725 0.0525 0.2275 -0.9769 0.0397 0.2401
85.0 -1.023 0.0298 0.2456 -0.951 0.0102 0.2728 -0.9091 0.0324 0.2543 -0.8881 0.048 0.2404 -0.91 0.0524 0.2338 -0.9548 0.0421 0.2399 -0.9617 0.0314 0.2501 -0.9605 0.0395 0.242 -0.9654 0.0474 0.2334 -0.9726 0.0531 0.2268 -0.9766 0.0402 0.2396
86.0 -1.024 0.0303 0.2451 -0.951 0.0102 0.2728 -0.9069 0.0351 0.2518 -0.8871 0.0476 0.241 -0.9219 0.0502 0.2349 -0.9672 0.0429 0.2379 -0.9607 0.0309 0.2507 -0.9595 0.039 0.2426 -0.9645 0.0475 0.2334 -0.9727 0.0537 0.2262 -0.9763 0.0403 0.2396
87.0 -1.0223 0.0305 0.245 -0.9501 0.0104 0.2728 -0.9126 0.0325 0.2539 -0.888 0.0474 0.241 -0.9014 0.0536 0.2334 -0.9653 0.0419 0.239 -0.961 0.0321 0.2495 -0.9597 0.0402 0.2413 -0.9638 0.0482 0.2327 -0.9718 0.0538 0.2262 -0.9757 0.041 0.2389
88.0 -1.024 0.0303 0.2451 -0.9518 0.0101 0.2729 -0.9087 0.0349 0.2518 -0.8881 0.048 0.2404 -0.904 0.0532 0.2335 -0.9611 0.0431 0.2383 -0.9606 0.0303 0.2513 -0.9594 0.0384 0.2432 -0.9643 0.0463 0.2346 -0.9725 0.0525 0.2275 -0.9762 0.0396 0.2403
89.0 -1.0246 0.029 0.2463 -0.9517 0.0095 0.2735 -0.9063 0.0364 0.2505 -0.8908 0.0483 0.2399 -0.897 0.0536 0.2339 -0.9431 0.0455 0.2376 -0.9591 0.0317 0.25 -0.9595 0.039 0.2426 -0.9644 0.0469 0.234 -0.9725 0.0525 0.2275 -0.976 0.0398 0.2401
90.0 -1.0256 0.0295 0.2457 -0.9519 0.0107 0.2722 -0.9118 0.0326 0.2538 -0.889 0.0479 0.2405 -0.9083 0.0527 0.2337 -0.9568 0.0437 0.2381 -0.9625 0.0307 0.2508 -0.9612 0.0388 0.2426 -0.9662 0.0467 0.2341 -0.9743 0.0529 0.2269 -0.9779 0.0397 0.24
91.0 -1.0238 0.0291 0.2463 -0.951 0.0102 0.2728 -0.907 0.0357 0.2511 -0.8881 0.048 0.2404 -0.9093 0.0537 0.2325 -0.9645 0.042 0.239 -0.9599 0.031 0.2507 -0.9595 0.039 0.2426 -0.9644 0.0469 0.234 -0.9734 0.053 0.2269 -0.9762 0.0398 0.2401
92.0 -1.0247 0.0296 0.2457 -0.9518 0.0101 0.2729 -0.9078 0.035 0.2518 -0.8891 0.0485 0.2398 -0.9327 0.0463 0.2378 -0.9642 0.0408 0.2402 -0.9635 0.0318 0.2496 -0.9633 0.0403 0.2408 -0.9681 0.0476 0.2329 -0.9751 0.0528 0.2269 -0.979 0.0404 0.2392
93.0 -1.0246 0.029 0.2463 -0.9519 0.0107 0.2722 -0.9064 0.037 0.2499 -0.8881 0.048 0.2404 -0.9287 0.0487 0.2357 -0.9517 0.0443 0.2379 -0.96 0.0316 0.2501 -0.9605 0.0395 0.242 -0.9662 0.0467 0.2341 -0.9751 0.0528 0.2269 -0.9773 0.0399 0.2399
94.0 -1.0247 0.0296 0.2457 -0.9519 0.0107 0.2722 -0.9088 0.0355 0.2512 -0.8889 0.0473 0.2411 -0.9612 0.0388 0.2426 -0.9727 0.0391 0.2412 -0.9629 0.0331 0.2483 -0.9626 0.0416 0.2396 -0.9673 0.0483 0.2322 -0.9745 0.0541 0.2257 -0.9784 0.0414 0.2383
95.0 -1.0237 0.0285 0.2469 -0.9502 0.011 0.2722 -0.9109 0.0327 0.2538 -0.8899 0.0484 0.2399 -0.9066 0.0535 0.233 -0.9611 0.0431 0.2383 -0.9625 0.0307 0.2508 -0.9614 0.0394 0.242 -0.9663 0.0473 0.2335 -0.9743 0.0529 0.2269 -0.9776 0.0397 0.24
96.0 -1.0254 0.0283 0.247 -0.9511 0.0108 0.2722 -0.911 0.0333 0.2532 -0.8889 0.0473 0.2411 -0.904 0.0532 0.2335 -0.9548 0.0421 0.2399 -0.9626 0.0313 0.2502 -0.9622 0.0393 0.242 -0.9663 0.0473 0.2335 -0.9743 0.0529 0.2269 -0.9781 0.0398 0.2399
97.0 -1.0222 0.0299 0.2456 -0.9511 0.0108 0.2722 -0.9086 0.0343 0.2525 -0.8871 0.0476 0.241 -0.9055 0.0518 0.2348 -0.9618 0.0418 0.2395 -0.9606 0.0303 0.2513 -0.9586 0.0385 0.2432 -0.9626 0.0465 0.2346 -0.9716 0.0527 0.2274 -0.9751 0.0396 0.2404
98.0 -1.0229 0.0292 0.2463 -0.9502 0.011 0.2722 -0.9066 0.0333 0.2536 -0.888 0.0474 0.241 -0.9002 0.0519 0.2353 -0.9601 0.042 0.2395 -0.9605 0.0297 0.252 -0.9594 0.0384 0.2432 -0.9642 0.0457 0.2353 -0.9724 0.0519 0.2281 -0.9759 0.039 0.2409
99.0 -1.0239 0.0297 0.2457 -0.9511 0.0108 0.2722 -0.912 0.0338 0.2526 -0.8889 0.0473 0.2411 -0.937 0.0457 0.2379 -0.9668 0.0405 0.2403 -0.9626 0.0313 0.2502 -0.9614 0.0394 0.242 -0.9654 0.0474 0.2334 -0.9734 0.053 0.2269 -0.9773 0.0402 0.2396
100.0 -1.023 0.0298 0.2456 -0.951 0.0102 0.2728 -0.9103 0.0341 0.2525 -0.888 0.0474 0.241 -0.9108 0.0523 0.2338 -0.9645 0.042 0.239 -0.9616 0.0308 0.2508 -0.9604 0.0389 0.2426 -0.9644 0.0469 0.234 -0.9734 0.053 0.2269 -0.9766 0.0399 0.24
101.0 -1.0256 0.0295 0.2457 -0.9511 0.0108 0.2722 -0.907 0.0357 0.2511 -0.8882 0.0486 0.2398 -0.9084 0.0532 0.2331 -0.9595 0.0439 0.2376 -0.9625 0.0307 0.2508 -0.9629 0.038 0.2433 -0.9685 0.0451 0.2354 -0.9765 0.0508 0.2289 -0.9792 0.0388 0.2408
102.0 -1.0238 0.0291 0.2463 -0.951 0.0102 0.2728 -0.9121 0.0344 0.252 -0.889 0.0479 0.2405 -0.9344 0.0461 0.2378 -0.9688 0.0414 0.2392 -0.9628 0.0325 0.2489 -0.9624 0.0405 0.2408 -0.9664 0.0479 0.2328 -0.9744 0.0535 0.2263 -0.9779 0.0407 0.239
103.0 -1.0247 0.0296 0.2457 -0.9519 0.0107 0.2722 -0.9109 0.0327 0.2538 -0.8879 0.0469 0.2417 -0.9301 0.0467 0.2377 -0.9685 0.0402 0.2404 -0.9643 0.031 0.2502 -0.9632 0.0397 0.2415 -0.968 0.047 0.2335 -0.9769 0.0526 0.227 -0.9794 0.04 0.2396
104.0 -1.0244 0.0278 0.2476 -0.9511 0.0108 0.2722 -0.9063 0.0364 0.2505 -0.888 0.0474 0.241 -0.9083 0.0527 0.2337 -0.9619 0.0424 0.2389 -0.9616 0.0308 0.2508 -0.9614 0.0394 0.242 -0.9663 0.0473 0.2335 -0.9752 0.0534 0.2263 -0.9778 0.0397 0.24
105.0 -1.0255 0.0289 0.2464 -0.952 0.0113 0.2716 -0.9118 0.0326 0.2538 -0.888 0.0474 0.241 -0.9159 0.051 0.2346 -0.9553 0.0451 0.2368 -0.9624 0.0301 0.2514 -0.963 0.0385 0.2427 -0.9678 0.0458 0.2348 -0.9766 0.0514 0.2282 -0.979 0.0389 0.2407
106.0 -1.0237 0.0285 0.2469 -0.9511 0.0108 0.2722 -0.9104 0.0347 0.2519 -0.8906 0.0471 0.2411 -0.9229 0.0507 0.2343 -0.963 0.044 0.2371 -0.9634 0.0312 0.2502 -0.9631 0.0391 0.2421 -0.9678 0.0458 0.2348 -0.9759 0.0521 0.2276 -0.9788 0.0393 0.2403
107.0 -1.0246 0.029 0.2463 -0.9512 0.0114 0.2716 -0.9105 0.0352 0.2513 -0.8895 0.046 0.2423 -0.9653 0.037 0.244 -0.9727 0.0391 0.2412 -0.9636 0.0324 0.249 -0.9633 0.0403 0.2408 -0.9672 0.0477 0.2329 -0.9743 0.0529 0.2269 -0.9786 0.0405 0.2392
108.0 -1.0248 0.0302 0.2451 -0.9509 0.0096 0.2735 -0.906 0.0346 0.2524 -0.8896 0.0466 0.2417 -0.9002 0.0519 0.2353 -0.9511 0.0463 0.236 -0.9607 0.0309 0.2507 -0.961 0.0376 0.2439 -0.965 0.045 0.2359 -0.9731 0.0512 0.2287 -0.9769 0.039 0.2409
109.0 -1.0255 0.0289 0.2464 -0.9519 0.0107 0.2722 -0.9121 0.0344 0.252 -0.8896 0.0466 0.2417 -0.897 0.0536 0.2339 -0.9339 0.0486 0.2353 -0.9616 0.0308 0.2508 -0.9611 0.0382 0.2433 -0.9659 0.0455 0.2353 -0.9731 0.0512 0.2287 -0.9775 0.0389 0.2409
110.0 -1.0262 0.0282 0.247 -0.952 0.0113 0.2716 -0.9053 0.0359 0.2511 -0.8879 0.0469 0.2417 -0.9031 0.0533 0.2335 -0.9618 0.0418 0.2395 -0.96 0.0316 0.2501 -0.9595 0.039 0.2426 -0.9644 0.0469 0.234 -0.9733 0.0524 0.2275 -0.9767 0.0396 0.2402
111.0 -1.0247 0.0296 0.2457 -0.9512 0.0114 0.2716 -0.9095 0.0348 0.2519 -0.8887 0.0467 0.2417 -0.9368 0.0451 0.2386 -0.9669 0.0411 0.2397 -0.9633 0.0306 0.2508 -0.9622 0.0393 0.242 -0.9671 0.0472 0.2335 -0.9752 0.0534 0.2263 -0.9785 0.04 0.2397
112.0 -1.0231 0.0304 0.245 -0.9511 0.0108 0.2722 -0.9039 0.038 0.2492 -0.8889 0.0473 0.2411 -0.9489 0.0435 0.239 -0.9711 0.0399 0.2405 -0.9621 0.0338 0.2477 -0.9618 0.0418 0.2395 -0.9655 0.048 0.2328 -0.9734 0.053 0.2269 -0.9772 0.0414 0.2384
113.0 -1.0254 0.0283 0.247 -0.952 0.0113 0.2716 -0.912 0.0338 0.2526 -0.8896 0.0466 0.2417 -0.8986 0.0527 0.2346 -0.9542 0.044 0.238 -0.9631 0.0294 0.2521 -0.961 0.0376 0.2439 -0.9659 0.0455 0.2353 -0.9742 0.0523 0.2275 -0.9779 0.0386 0.2412
114.0 -1.0237 0.0285 0.2469 -0.9512 0.0114 0.2716 -0.9078 0.035 0.2518 -0.8889 0.0473 0.2411 -0.9346 0.0473 0.2366 -0.9654 0.0425 0.2384 -0.9627 0.0319 0.2496 -0.9623 0.0399 0.2414 -0.9672 0.0477 0.2329 -0.9744 0.0535 0.2263 -0.9781 0.0403 0.2394
115.0 -1.0246 0.029 0.2463 -0.9521 0.0119 0.271 -0.9145 0.0329 0.2533 -0.8887 0.0467 0.2417 -0.9158 0.0504 0.2352 -0.9627 0.0422 0.2389 -0.9634 0.0312 0.2502 -0.9623 0.0399 0.2414 -0.9664 0.0479 0.2328 -0.9744 0.0535 0.2263 -0.9782 0.0403 0.2394
116.0 -1.0246 0.029 0.2463 -0.952 0.0113 0.2716 -0.9097 0.036 0.2506 -0.8887 0.0467 0.2417 -0.9446 0.0441 0.2389 -0.9686 0.0408 0.2398 -0.9637 0.0329 0.2483 -0.9634 0.0409 0.2402 -0.9673 0.0483 0.2322 -0.9753 0.054 0.2257 -0.9789 0.041 0.2386
117.0 -1.0246 0.029 0.2463 -0.9513 0.012 0.271 -0.9094 0.0342 0.2525 -0.8887 0.0467 0.2417 -0.9073 0.0522 0.2343 -0.9626 0.0416 0.2396 -0.9615 0.0302 0.2514 -0.9604 0.0389 0.2426 -0.9644 0.0469 0.234 -0.9734 0.053 0.2269 -0.9769 0.0396 0.2402
118.0 -1.0254 0.0283 0.247 -0.9512 0.0114 0.2716 -0.9089 0.0361 0.2506 -0.8912 0.0458 0.2424 -0.8941 0.0521 0.2357 -0.9267 0.0477 0.2369 -0.9625 0.0307 0.2508 -0.9612 0.0388 0.2426 -0.9643 0.0463 0.2346 -0.97 0.0535 0.2267 -0.9767 0.0395 0.2404
119.0 -1.0254 0.0283 0.247 -0.9512 0.0114 0.2716 -0.9087 0.0349 0.2518 -0.888 0.0474 0.241 -0.9132 0.0508 0.2351 -0.9669 0.0411 0.2397 -0.9634 0.0312 0.2502 -0.9622 0.0393 0.242 -0.9662 0.0467 0.2341 -0.9743 0.0529 0.2269 -0.9783 0.0397 0.24
120.0 -1.0239 0.0297 0.2457 -0.9513 0.012 0.271 -0.9112 0.0345 0.2519 -0.8886 0.0461 0.2423 -0.914 0.0501 0.2358 -0.9694 0.0401 0.2404 -0.9643 0.031 0.2502 -0.9622 0.0393 0.242 -0.9663 0.0473 0.2335 -0.9734 0.053 0.2269 -0.978 0.0401 0.2397
121.0 -1.0254 0.0283 0.247 -0.9502 0.011 0.2722 -0.9061 0.0352 0.2517 -0.8898 0.0478 0.2405 -0.9 0.0507 0.2365 -0.9559 0.0432 0.2387 -0.9616 0.0308 0.2508 -0.962 0.0381 0.2433 -0.9669 0.046 0.2347 -0.9749 0.0516 0.2282 -0.9782 0.0389 0.2408
122.0 -1.0262 0.0282 0.247 -0.9501 0.0104 0.2728 -0.9079 0.0356 0.2512 -0.8898 0.0478 0.2405 -0.9051 0.0494 0.2373 -0.9549 0.0427 0.2393 -0.9617 0.0314 0.2501 -0.963 0.0385 0.2427 -0.9685 0.0451 0.2354 -0.9764 0.0502 0.2295 -0.9792 0.0387 0.241
123.0 -1.0265 0.0294 0.2458 -0.9502 0.011 0.2722 -0.9088 0.0355 0.2512 -0.8897 0.0472 0.2411 -0.9064 0.0523 0.2343 -0.9617 0.0412 0.2401 -0.9643 0.031 0.2502 -0.9639 0.039 0.2421 -0.967 0.0466 0.2341 -0.9743 0.0529 0.2269 -0.9792 0.0398 0.2398
124.0 -1.0262 0.0282 0.247 -0.9511 0.0108 0.2722 -0.9031 0.0381 0.2491 -0.8898 0.0478 0.2405 -0.9053 0.0506 0.2361 -0.9542 0.044 0.238 -0.9618 0.032 0.2495 -0.9631 0.0391 0.2421 -0.9687 0.0463 0.2342 -0.9749 0.0516 0.2282 -0.979 0.0394 0.2402
125.0 -1.0264 0.0288 0.2464 -0.952 0.0113 0.2716 -0.913 0.0343 0.252 -0.8886 0.0461 0.2423 -0.9048 0.0531 0.2336 -0.956 0.0438 0.2381 -0.9641 0.0298 0.2515 -0.963 0.0385 0.2427 -0.9669 0.046 0.2347 -0.9742 0.0523 0.2275 -0.9789 0.0391 0.2406
126.0 -1.0261 0.0276 0.2476 -0.952 0.0113 0.2716 -0.9046 0.0367 0.2504 -0.8871 0.0476 0.241 -0.9199 0.0486 0.2367 -0.9684 0.0396 0.241 -0.9609 0.0315 0.2501 -0.9615 0.04 0.2414 -0.9663 0.0473 0.2335 -0.975 0.0522 0.2276 -0.9779 0.0397 0.24
127.0 -1.0261 0.0276 0.2476 -0.9511 0.0108 0.2722 -0.9096 0.0354 0.2512 -0.8881 0.048 0.2404 -0.9183 0.0495 0.236 -0.9661 0.0412 0.2397 -0.9654 0.0321 0.249 -0.9641 0.0402 0.2409 -0.9688 0.0469 0.2336 -0.9759 0.0521 0.2276 -0.9801 0.0398 0.2397
128.0 -1.027 0.0275 0.2477 -0.9529 0.0112 0.2717 -0.9088 0.0355 0.2512 -0.887 0.047 0.2416 -0.9243 0.0487 0.2362 -0.9551 0.0439 0.238 -0.9654 0.0321 0.249 -0.9649 0.0395 0.2415 -0.9697 0.0468 0.2336 -0.9768 0.052 0.2276 -0.9807 0.0396 0.2399
129.0 -1.0262 0.0282 0.247 -0.9529 0.0112 0.2717 -0.9118 0.0326 0.2538 -0.8878 0.0463 0.2423 -0.9277 0.0482 0.2363 -0.9633 0.0403 0.2408 -0.9643 0.031 0.2502 -0.9632 0.0397 0.2415 -0.9671 0.0472 0.2335 -0.9742 0.0523 0.2275 -0.979 0.0397 0.2399
130.0 -1.027 0.0275 0.2477 -0.9519 0.0107 0.2722 -0.9007 0.0396 0.2478 -0.888 0.0474 0.241 -0.9078 0.0503 0.2362 -0.9607 0.0407 0.2407 -0.9601 0.0322 0.2495 -0.9614 0.0394 0.242 -0.9662 0.0467 0.2341 -0.9742 0.0523 0.2275 -0.9778 0.0396 0.2401
131.0 -1.0272 0.0287 0.2464 -0.952 0.0113 0.2716 -0.9112 0.0345 0.2519 -0.8878 0.0463 0.2423 -0.9275 0.047 0.2376 -0.9597 0.0402 0.2413 -0.9643 0.031 0.2502 -0.964 0.0396 0.2415 -0.968 0.047 0.2335 -0.9751 0.0528 0.2269 -0.9797 0.0398 0.2397
132.0 -1.0279 0.0273 0.2477 -0.9528 0.0106 0.2723 -0.9055 0.0371 0.2498 -0.8879 0.0469 0.2417 -0.9116 0.0516 0.2345 -0.9624 0.0405 0.2408 -0.9628 0.0325 0.2489 -0.9624 0.0405 0.2408 -0.9672 0.0477 0.2329 -0.9751 0.0528 0.2269 -0.9791 0.0402 0.2394
133.0 -1.0253 0.0277 0.2476 -0.9519 0.0107 0.2722 -0.9112 0.0345 0.2519 -0.8904 0.0459 0.2424 -0.903 0.0528 0.2341 -0.9592 0.0421 0.2394 -0.9641 0.0298 0.2515 -0.9629 0.038 0.2433 -0.9669 0.046 0.2347 -0.9733 0.0524 0.2275 -0.9785 0.0388 0.2409
134.0 -1.0286 0.0266 0.2484 -0.9518 0.0101 0.2729 -0.9038 0.0374 0.2498 -0.8905 0.0465 0.2418 -0.9038 0.052 0.2348 -0.9603 0.0432 0.2382 -0.9617 0.0314 0.2501 -0.9622 0.0393 0.242 -0.9687 0.0463 0.2342 -0.9768 0.052 0.2276 -0.9796 0.0391 0.2405
135.0 -1.0262 0.0282 0.247 -0.952 0.0113 0.2716 -0.9107 0.0364 0.25 -0.8894 0.0454 0.243 -0.9444 0.0429 0.2401 -0.9566 0.0425 0.2393 -0.9644 0.0316 0.2496 -0.9649 0.0395 0.2415 -0.9688 0.0469 0.2336 -0.9751 0.0528 0.2269 -0.9799 0.0398 0.2397
136.0 -1.0271 0.0281 0.2471 -0.952 0.0113 0.2716 -0.912 0.0338 0.2526 -0.8905 0.0465 0.2418 -0.904 0.0532 0.2335 -0.9619 0.0424 0.2389 -0.9643 0.031 0.2502 -0.9639 0.039 0.2421 -0.9679 0.0464 0.2341 -0.975 0.0522 0.2276 -0.9796 0.0394 0.2402
137.0 -1.0265 0.0294 0.2458 -0.9512 0.0114 0.2716 -0.9089 0.0361 0.2506 -0.8881 0.048 0.2404 -0.9116 0.0516 0.2345 -0.9583 0.0422 0.2394 -0.9655 0.0327 0.2484 -0.9651 0.0407 0.2403 -0.9697 0.0468 0.2336 -0.9768 0.052 0.2276 -0.9807 0.0403 0.2391
138.0 -1.0262 0.0282 0.247 -0.9521 0.0119 0.271 -0.9099 0.0372 0.2494 -0.8896 0.0466 0.2417 -0.9158 0.0504 0.2352 -0.9602 0.0426 0.2388 -0.9655 0.0327 0.2484 -0.9641 0.0402 0.2409 -0.9681 0.0476 0.2329 -0.9744 0.0535 0.2263 -0.9797 0.0404 0.2391
139.0 -1.0265 0.0294 0.2458 -0.9521 0.0119 0.271 -0.9103 0.0341 0.2525 -0.8889 0.0473 0.2411 -0.932 0.0476 0.2365 -0.9685 0.0402 0.2404 -0.9662 0.032 0.2491 -0.9651 0.0407 0.2403 -0.969 0.0481 0.2323 -0.9752 0.0534 0.2263 -0.9804 0.0407 0.2388
140.0 -1.0287 0.0272 0.2477 -0.9519 0.0107 0.2722 -0.9097 0.036 0.2506 -0.8898 0.0478 0.2405 -0.9151 0.0517 0.234 -0.9645 0.042 0.239 -0.9655 0.0327 0.2484 -0.9659 0.04 0.2409 -0.9707 0.0473 0.233 -0.9786 0.0523 0.2271 -0.9819 0.0399 0.2394
141.0 -1.0271 0.0281 0.2471 -0.9512 0.0114 0.2716 -0.905 0.039 0.2479 -0.888 0.0474 0.241 -0.9184 0.0501 0.2353 -0.9677 0.0404 0.2404 -0.9645 0.0322 0.249 -0.9641 0.0402 0.2409 -0.9681 0.0476 0.2329 -0.9761 0.0533 0.2263 -0.98 0.0403 0.2392
142.0 -1.0264 0.0288 0.2464 -0.9521 0.0119 0.271 -0.9115 0.0357 0.2507 -0.8897 0.0472 0.2411 -0.9346 0.0473 0.2366 -0.968 0.0421 0.2385 -0.9662 0.032 0.2491 -0.9651 0.0407 0.2403 -0.9689 0.0475 0.2329 -0.976 0.0527 0.227 -0.9805 0.0403 0.2391
143.0 -1.0261 0.0276 0.2476 -0.9511 0.0108 0.2722 -0.9035 0.0405 0.2466 -0.8889 0.0473 0.2411 -0.9696 0.0364 0.2442 -0.9666 0.0442 0.2366 -0.9637 0.0329 0.2483 -0.9649 0.0395 0.2415 -0.9696 0.0462 0.2342 -0.9766 0.0514 0.2282 -0.9802 0.0395 0.24
144.0 -1.0288 0.0278 0.2471 -0.9511 0.0108 0.2722 -0.9086 0.0343 0.2525 -0.8897 0.0472 0.2411 -0.9106 0.0511 0.235 -0.9628 0.0428 0.2383 -0.9635 0.0318 0.2496 -0.964 0.0396 0.2415 -0.9697 0.0468 0.2336 -0.9785 0.0517 0.2277 -0.9809 0.0395 0.2399
145.0 -1.0256 0.0295 0.2457 -0.953 0.0118 0.271 -0.9107 0.0364 0.25 -0.8887 0.0467 0.2417 -0.931 0.0471 0.2371 -0.9695 0.0407 0.2398 -0.9643 0.031 0.2502 -0.9623 0.0399 0.2414 -0.9663 0.0473 0.2335 -0.9744 0.0535 0.2263 -0.9786 0.0402 0.2394
146.0 -1.0256 0.0295 0.2457 -0.952 0.0113 0.2716 -0.9068 0.0394 0.2474 -0.8879 0.0469 0.2417 -0.9445 0.0435 0.2395 -0.9692 0.0389 0.2417 -0.9638 0.0335 0.2477 -0.9635 0.0415 0.2396 -0.9674 0.0489 0.2316 -0.9745 0.0541 0.2257 -0.979 0.0415 0.2381
147.0 -1.0276 0.031 0.244 -0.9514 0.0077 0.2753 -0.9031 0.0381 0.2491 -0.8891 0.0485 0.2398 -0.8983 0.0558 0.2314 -0.9469 0.0474 0.2352 -0.9601 0.0322 0.2495 -0.9605 0.0395 0.242 -0.9654 0.0474 0.2334 -0.9727 0.0537 0.2262 -0.9773 0.0408 0.239
148.0 -1.0308 0.0288 0.2459 -0.9495 0.0068 0.2765 -0.9018 0.0407 0.2466 -0.8902 0.0502 0.238 -0.8965 0.0561 0.2314 -0.9294 0.0529 0.2314 -0.9584 0.0324 0.2494 -0.9589 0.0403 0.2413 -0.9646 0.0481 0.2328 -0.9728 0.0543 0.2256 -0.9771 0.0408 0.239
149.0 -1.0318 0.0299 0.2447 -0.9511 0.0059 0.2772 -0.9048 0.0427 0.2442 -0.8908 0.0532 0.2349 -0.902 0.0572 0.2297 -0.919 0.0585 0.2266 -0.963 0.0337 0.2477 -0.9635 0.0415 0.2396 -0.9674 0.0489 0.2316 -0.9737 0.0548 0.225 -0.9799 0.0418 0.2377
150.0 -1.0318 0.0299 0.2447 -0.9515 0.0034 0.2797 -0.916 0.0363 0.2496 -0.8949 0.052 0.2357 -0.8985 0.057 0.2302 -0.9141 0.061 0.2246 -0.9676 0.03 0.251 -0.9666 0.0393 0.2416 -0.969 0.0481 0.2323 -0.9739 0.056 0.2238 -0.9818 0.0406 0.2387
151.0 -1.034 0.032 0.2423 -0.9574 0.002 0.2806 -0.945 0.0312 0.252 -0.9009 0.0506 0.2365 -0.8992 0.0563 0.2309 -0.9134 0.0617 0.2239 -0.9694 0.0303 0.2504 -0.9677 0.0404 0.2404 -0.9701 0.0492 0.2311 -0.9749 0.0565 0.2232 -0.9832 0.0417 0.2375
152.0 -1.0332 0.0327 0.2417 -0.9578 -0.0011 0.2837 -0.9256 0.0363 0.2487 -0.9019 0.0517 0.2353 -0.8993 0.0569 0.2302 -0.9119 0.0632 0.2226 -0.9687 0.0311 0.2498 -0.9668 0.0405 0.2403 -0.9684 0.0494 0.231 -0.9743 0.0578 0.2219 -0.9823 0.0423 0.2369
153.0 -1.0377 0.0333 0.2406 -0.9619 -0.0028 0.2851 -0.9507 0.0341 0.2485 -0.9016 0.0499 0.2372 -0.8983 0.0558 0.2314 -0.9145 0.0634 0.2221 -0.9712 0.0301 0.2505 -0.9684 0.0396 0.241 -0.971 0.0491 0.2311 -0.976 0.0576 0.222 -0.9849 0.0419 0.237
154.0 -1.0411 0.0329 0.2407 -0.9651 -0.0045 0.2865 -0.9696 0.0309 0.2498 -0.9068 0.0492 0.2374 -0.901 0.0567 0.2303 -0.9163 0.0632 0.2222 -0.9756 0.0301 0.2501 -0.972 0.0398 0.2405 -0.9735 0.0487 0.2312 -0.9786 0.0572 0.2221 -0.9882 0.0417 0.2369
155.0 -1.0446 0.0324 0.2409 -0.9693 -0.0057 0.2873 -0.9634 0.0312 0.2502 -0.9099 0.0469 0.2394 -0.9 0.0556 0.2315 -0.9172 0.0637 0.2216 -0.9774 0.0305 0.2495 -0.9737 0.0395 0.2406 -0.9753 0.0485 0.2313 -0.9803 0.057 0.2221 -0.9902 0.0416 0.2369
156.0 -1.0481 0.0326 0.2404 -0.9736 -0.0063 0.2874 -0.9282 0.0359 0.2488 -0.906 0.0499 0.2367 -0.9063 0.0566 0.2299 -0.9214 0.0625 0.2224 -0.98 0.0301 0.2496 -0.9772 0.0397 0.2401 -0.9779 0.0487 0.2308 -0.983 0.0572 0.2216 -0.9932 0.0417 0.2365
157.0 -1.0509 0.0334 0.2392 -0.9779 -0.0068 0.2876 -0.9426 0.0327 0.2507 -0.9103 0.0493 0.2369 -0.9079 0.0558 0.2306 -0.9231 0.0622 0.2224 -0.9827 0.0304 0.2491 -0.9791 0.04 0.2396 -0.9806 0.049 0.2303 -0.9856 0.0575 0.2211 -0.9958 0.0421 0.2358
158.0 -1.0561 0.0327 0.2394 -0.9815 -0.0061 0.2865 -0.9368 0.0396 0.2442 -0.9116 0.0516 0.2345 -0.9118 0.0577 0.2282 -0.9277 0.0635 0.2207 -0.9847 0.032 0.2473 -0.982 0.0415 0.2378 -0.9844 0.0503 0.2285 -0.991 0.058 0.2201 -0.9996 0.0429 0.2346
159.0 -1.0608 0.0345 0.2371 -0.9868 -0.0062 0.2861 -0.9403 0.0398 0.2437 -0.9178 0.052 0.2335 -0.917 0.0576 0.2278 -0.9306 0.0649 0.219 -0.9898 0.0313 0.2475 -0.9855 0.0416 0.2373 -0.9871 0.0506 0.228 -0.993 0.0595 0.2183 -1.0032 0.0435 0.2336
160.0 -1.0662 0.035 0.2361 -0.9922 -0.0057 0.285 -0.9435 0.0381 0.2451 -0.9219 0.0502 0.2349 -0.9222 0.0569 0.228 -0.9365 0.0635 0.2198 -0.9941 0.0307 0.2477 -0.9907 0.0409 0.2375 -0.9914 0.05 0.2282 -0.9965 0.0591 0.2184 -1.0078 0.0431 0.2336
161.0 -1.0707 0.0356 0.235 -0.9975 -0.0052 0.284 -0.9507 0.039 0.2435 -0.9303 0.0527 0.2314 -0.9296 0.0589 0.2252 -0.9421 0.0652 0.2175 -1.0006 0.0323 0.2454 -0.9962 0.0426 0.2352 -0.9969 0.0517 0.2259 -1.0019 0.0602 0.2167 -1.0133 0.0445 0.2317
162.0 -1.076 0.0361 0.234 -1.0044 -0.0061 0.2843 -0.9499 0.0391 0.2434 -0.9338 0.0529 0.2309 -0.9341 0.0595 0.2241 -0.9475 0.0657 0.2165 -1.0051 0.0329 0.2443 -1.0016 0.0431 0.2342 -1.0024 0.0528 0.2242 -1.0083 0.0611 0.2151 -1.0187 0.0452 0.2304
163.0 -1.0826 0.0383 0.2311 -1.0124 -0.0054 0.2827 -0.954 0.0428 0.2392 -0.9385 0.0547 0.2286 -0.9396 0.0606 0.2224 -0.9547 0.0665 0.2149 -1.0094 0.0323 0.2445 -1.0069 0.043 0.2338 -1.0085 0.0526 0.2239 -1.0145 0.0615 0.2141 -1.0244 0.0455 0.2295
164.0 -1.0891 0.0405 0.2282 -1.0205 -0.0046 0.2811 -0.9594 0.0433 0.2382 -0.9457 0.0555 0.227 -0.9486 0.0619 0.2203 -0.9629 0.0685 0.2121 -1.0201 0.0333 0.2424 -1.0168 0.0447 0.231 -1.0185 0.0543 0.2211 -1.0244 0.0626 0.212 -1.0338 0.0471 0.227
165.0 -1.0977 0.0393 0.2286 -1.0295 -0.0034 0.279 -0.9735 0.0432 0.2369 -0.9564 0.0565 0.225 -0.9574 0.0619 0.2194 -0.9717 0.0685 0.2112 -1.0299 0.0338 0.2409 -1.0256 0.0447 0.2301 -1.0264 0.0544 0.2202 -1.0324 0.0634 0.2104 -1.0424 0.0471 0.226
166.0 -1.1058 0.0406 0.2264 -1.0378 -0.0015 0.2762 -0.9788 0.0437 0.2358 -0.9633 0.0556 0.2252 -0.9653 0.0621 0.2184 -0.9805 0.0685 0.2103 -1.0388 0.0344 0.2394 -1.0354 0.0453 0.2286 -1.0362 0.0549 0.2187 -1.0413 0.064 0.2089 -1.0515 0.0479 0.2244
167.0 -1.1173 0.0409 0.2249 -1.0458 -0.0007 0.2746 -0.9884 0.0431 0.2356 -0.9731 0.0561 0.2237 -0.9733 0.0622 0.2175 -0.9886 0.0693 0.2087 -1.0484 0.0343 0.2385 -1.0443 0.0459 0.2271 -1.0451 0.0556 0.2172 -1.0502 0.0646 0.2074 -1.0611 0.0483 0.223
168.0 -1.1255 0.0423 0.2228 -1.0573 -0.0004 0.2732 -0.9982 0.0436 0.2341 -0.9819 0.0562 0.2228 -0.9839 0.0626 0.216 -0.9983 0.0692 0.2078 -1.0565 0.0351 0.237 -1.0524 0.0466 0.2256 -1.0533 0.0569 0.215 -1.0592 0.0659 0.2052 -1.0694 0.0494 0.2211
169.0 -1.1335 0.043 0.2212 -1.0647 0.0016 0.2704 -1.0089 0.0446 0.232 -0.9936 0.0576 0.2202 -0.9945 0.063 0.2146 -1.009 0.0702 0.2058 -1.0671 0.0355 0.2355 -1.063 0.047 0.2241 -1.0638 0.0567 0.2141 -1.0689 0.0658 0.2043 -1.0793 0.0496 0.2198
170.0 -1.1451 0.0439 0.2192 -1.0745 0.0021 0.2689 -1.0177 0.0446 0.2311 -1.0015 0.0578 0.2192 -1.0035 0.0642 0.2124 -1.0179 0.0708 0.2042 -1.0769 0.036 0.234 -1.0726 0.047 0.2232 -1.0736 0.0572 0.2126 -1.0778 0.0664 0.2028 -1.0892 0.0501 0.2184
171.0 -1.2206 0.0478 0.2077 -1.1454 0.0103 0.2535 -1.0918 0.0511 0.2171 -1.0775 0.0646 0.2047 -1.0819 0.0695 0.1992 -1.097 0.0754 0.1917 -1.1511 0.0431 0.2194 -1.1487 0.0544 0.2081 -1.1504 0.0639 0.1981 -1.1563 0.0723 0.189 -1.1654 0.0563 0.2045
172.0 -1.2314 0.0493 0.205 -1.1572 0.0123 0.2502 -1.1036 0.0532 0.2138 -1.0892 0.0661 0.202 -1.0945 0.0715 0.196 -1.1107 0.0785 0.1872 -1.1612 0.0454 0.216 -1.1596 0.056 0.2053 -1.1621 0.0654 0.1955 -1.169 0.0749 0.1851 -1.1767 0.0582 0.2014
173.0 -1.2422 0.0509 0.2023 -1.1665 0.0153 0.2462 -1.1153 0.0546 0.2111 -1.1011 0.0688 0.1981 -1.1064 0.0742 0.192 -1.1241 0.0797 0.1846 -1.1738 0.0467 0.2134 -1.1722 0.0579 0.2021 -1.1748 0.0674 0.1922 -1.1815 0.0756 0.1831 -1.1889 0.0597 0.1986
174.0 -1.2547 0.0517 0.2003 -1.1781 0.0162 0.2442 -1.129 0.0571 0.2073 -1.1164 0.071 0.1943 -1.1219 0.077 0.1877 -1.137 0.0829 0.1801 -1.1873 0.0486 0.2102 -1.1857 0.0598 0.1989 -1.1883 0.0692 0.189 -1.195 0.0775 0.1799 -1.2022 0.0614 0.1956
175.0 -1.2664 0.0532 0.1976 -1.1909 0.0188 0.2403 -1.14 0.0599 0.2033 -1.1282 0.073 0.191 -1.1328 0.0791 0.1843 -1.1505 0.0847 0.1769 -1.1983 0.0514 0.2062 -1.1975 0.0619 0.1956 -1.2001 0.0713 0.1857 -1.2067 0.0789 0.1772 -1.2138 0.0633 0.1925
176.0 -1.2754 0.0544 0.1955 -1.2027 0.0209 0.237 -1.1536 0.0623 0.1995 -1.1427 0.0754 0.1872 -1.1481 0.0808 0.1812 -1.1649 0.0864 0.1737 -1.2082 0.0525 0.2041 -1.2074 0.063 0.1935 -1.2116 0.0716 0.1843 -1.2191 0.0797 0.1752 -1.2243 0.0642 0.1905
177.0 -1.2879 0.0552 0.1935 -1.2136 0.023 0.2337 -1.1644 0.0633 0.1974 -1.1544 0.0768 0.1845 -1.159 0.0829 0.1778 -1.1757 0.088 0.171 -1.2199 0.054 0.2014 -1.2191 0.0644 0.1908 -1.2224 0.0732 0.1816 -1.23 0.0813 0.1725 -1.2358 0.0656 0.1879
178.0 -1.3003 0.0559 0.1914 -1.2226 0.0243 0.2315 -1.177 0.0652 0.1942 -1.1662 0.0789 0.1813 -1.1715 0.0837 0.1758 -1.1884 0.09 0.1677 -1.2324 0.0547 0.1994 -1.2307 0.0653 0.1887 -1.2341 0.0746 0.1789 -1.2416 0.0822 0.1704 -1.2478 0.0666 0.1858
179.0 -1.3102 0.057 0.1893 -1.2353 0.0262 0.2283 -1.1889 0.0679 0.1902 -1.1778 0.0798 0.1792 -1.1842 0.0863 0.172 -1.2029 0.0923 0.1639 -1.244 0.0562 0.1968 -1.2432 0.0667 0.1861 -1.2475 0.0759 0.1763 -1.2559 0.0839 0.1672 -1.2602 0.0679 0.1831
180.0 -1.3192 0.0583 0.1872 -1.247 0.0277 0.2256 -1.2023 0.0692 0.1876 -1.1913 0.0816 0.176 -1.1976 0.0875 0.1694 -1.2145 0.0932 0.1619 -1.2548 0.0572 0.1947 -1.2548 0.0676 0.1841 -1.2591 0.0768 0.1742 -1.2675 0.0848 0.1652 -1.2711 0.0689 0.1811
181.0 -1.3324 0.0583 0.1858 -1.256 0.0289 0.2234 -1.2123 0.0709 0.1849 -1.2039 0.083 0.1733 -1.2104 0.0901 0.1655 -1.2279 0.0944 0.1593 -1.2663 0.0575 0.1932 -1.2664 0.0684 0.182 -1.2707 0.0776 0.1722 -1.28 0.0855 0.1632 -1.2831 0.0695 0.1793
182.0 -1.3455 0.0578 0.1851 -1.2657 0.0294 0.222 -1.2245 0.0704 0.1841 -1.2163 0.0838 0.1713 -1.2226 0.0896 0.1647 -1.2385 0.0948 0.1578 -1.2794 0.0569 0.1925 -1.2796 0.0685 0.1807 -1.2839 0.0777 0.1708 -1.2923 0.0857 0.1618 -1.2961 0.0693 0.1782
183.0 -1.3554 0.0589 0.183 -1.2755 0.03 0.2205 -1.2355 0.0726 0.1808 -1.2281 0.0858 0.168 -1.2344 0.0917 0.1614 -1.2511 0.0962 0.1552 -1.2892 0.058 0.1904 -1.2895 0.0696 0.1785 -1.2938 0.0788 0.1687 -1.3022 0.0868 0.1597 -1.306 0.0704 0.1761
184.0 -1.3642 0.0589 0.1821 -1.2893 0.0336 0.2154 -1.2462 0.0736 0.1787 -1.2404 0.0854 0.1673 -1.247 0.0931 0.1588 -1.2645 0.0974 0.1526 -1.3009 0.0595 0.1877 -1.302 0.0704 0.1765 -1.3071 0.0794 0.1667 -1.3163 0.0868 0.1583 -1.3181 0.071 0.1743
185.0 -1.3732 0.0601 0.1799 -1.2966 0.035 0.2132 -1.258 0.0757 0.1754 -1.2524 0.0887 0.1627 -1.2577 0.094 0.1567 -1.2744 0.0991 0.1498 -1.3117 0.0605 0.1856 -1.3127 0.0714 0.1744 -1.3178 0.0804 0.1646 -1.3262 0.0885 0.1556 -1.3283 0.0722 0.172
186.0 -1.3789 0.0624 0.177 -1.3077 0.0378 0.2092 -1.267 0.0769 0.1733 -1.2642 0.0907 0.1594 -1.2695 0.0961 0.1534 -1.2882 0.1022 0.1454 -1.3182 0.0627 0.1828 -1.3201 0.0734 0.1716 -1.3261 0.0824 0.1618 -1.3371 0.0901 0.1529 -1.3361 0.0742 0.1692
187.0 -1.3841 0.0672 0.1716 -1.3147 0.043 0.2032 -1.2773 0.0804 0.1687 -1.277 0.0939 0.1549 -1.2838 0.1021 0.1458 -1.303 0.1063 0.1397 -1.3265 0.0646 0.18 -1.3283 0.0754 0.1688 -1.3352 0.0842 0.1591 -1.3445 0.0921 0.1501 -1.3437 0.0767 0.1659
188.0 -1.3898 0.0695 0.1687 -1.3206 0.0465 0.1991 -1.2876 0.0839 0.1641 -1.2915 0.0962 0.1511 -1.3002 0.1054 0.1409 -1.3177 0.1098 0.1347 -1.3341 0.0679 0.1759 -1.3377 0.0784 0.1648 -1.3437 0.0879 0.1544 -1.3539 0.0957 0.1454 -1.3518 0.0799 0.1618
189.0 -1.3962 0.0711 0.1664 -1.3256 0.0549 0.1899 -1.2977 0.0911 0.1557 -1.3015 0.1028 0.1434 -1.3128 0.1123 0.1326 -1.3319 0.1158 0.1271 -1.3401 0.0719 0.1711 -1.3438 0.083 0.1594 -1.3515 0.0918 0.1497 -1.3615 0.099 0.1414 -1.3586 0.0834 0.1576
190.0 -1.3903 0.0725 0.1656 -1.3319 0.0608 0.1833 -1.3087 0.0939 0.1518 -1.3159 0.1045 0.1402 -1.3268 0.1116 0.1319 -1.3424 0.1156 0.1263 -1.3453 0.0767 0.1657 -1.348 0.0874 0.1546 -1.3539 0.0957 0.1454 -1.3639 0.1023 0.1377 -1.3603 0.0869 0.1538
191.0 -1.3806 0.0775 0.1615 -1.3351 0.0689 0.1747 -1.3197 0.0961 0.1485 -1.3354 0.1007 0.1422 -1.3492 0.1043 0.1371 -1.3565 0.1106 0.1299 -1.3432 0.0849 0.1575 -1.3468 0.0955 0.1464 -1.3527 0.1038 0.1373 -1.3608 0.1101 0.1301 -1.3568 0.0944 0.1465
191.0 -1.3806 0.0775 0.1615 -1.3351 0.0689 0.1747 -1.3197 0.0961 0.1485 -1.3354 0.1007 0.1422 -1.3492 0.1043 0.1371 -1.3565 0.1106 0.1299 -1.3432 0.0849 0.1575 -1.3468 0.0955 0.1464 -1.3527 0.1038 0.1373 -1.3608 0.1101 0.1301 -1.3568 0.0944 0.1465
191.0 -1.3806 0.0775 0.1615 -1.3351 0.0689 0.1747 -1.3197 0.0961 0.1485 -1.3354 0.1007 0.1422 -1.3492 0.1043 0.1371 -1.3565 0.1106 0.1299 -1.3432 0.0849 0.1575 -1.3468 0.0955 0.1464 -1.3527 0.1038 0.1373 -1.3608 0.1101 0.1301 -1.3568 0.0944 0.1465
191.0 -1.3806 0.0775 0.1615 -1.3351 0.0689 0.1747 -1.3197 0.0961 0.1485 -1.3354 0.1007 0.1422 -1.3492 0.1043 0.1371 -1.3565 0.1106 0.1299 -1.3432 0.0849 0.1575 -1.3468 0.0955 0.1464 -1.3527 0.1038 0.1373 -1.3608 0.1101 0.1301 -1.3568 0.0944 0.1465
191.0 -1.3806 0.0775 0.1615 -1.3351 0.0689 0.1747 -1.3197 0.0961 0.1485 -1.3354 0.1007 0.1422 -1.3492 0.1043 0.1371 -1.3565 0.1106 0.1299 -1.3432 0.0849 0.1575 -1.3468 0.0955 0.1464 -1.3527 0.1038 0.1373 -1.3608 0.1101 0.1301 -1.3568 0.0944 0.1465
191.0 -1.3806 0.0775 0.1615 -1.3351 0.0689 0.1747 -1.3197 0.0961 0.1485 -1.3354 0.1007 0.1422 -1.3492 0.1043 0.1371 -1.3565 0.1106 0.1299 -1.3432 0.0849 0.1575 -1.3468 0.0955 0.1464 -1.3527 0.1038 0.1373 -1.3608 0.1101 0.1301 -1.3568 0.0944 0.1465
191.0 -1.3806 0.0775 0.1615 -1.3351 0.0689 0.1747 -1.3197 0.0961 0.1485 -1.3354 0.1007 0.1422 -1.3492 0.1043 0.1371 -1.3565 0.1106 0.1299 -1.3432 0.0849 0.1575 -1.3468 0.0955 0.1464 -1.3527 0.1038 0.1373 -1.3608 0.1101 0.1301 -1.3568 0.0944 0.1465
191.0 -1.3806 0.0775 0.1615 -1.3351 0.0689 0.1747 -1.3197 0.0961 0.1485 -1.3354 0.1007 0.1422 -1.3492 0.1043 0.1371 -1.3565 0.1106 0.1299 -1.3432 0.0849 0.1575 -1.3468 0.0955 0.1464 -1.3527 0.1038 0.1373 -1.3608 0.1101 0.1301 -1.3568 0.0944 0.1465
191.0 -1.3806 0.0775 0.1615 -1.3351 0.0689 0.1747 -1.3197 0.0961 0.1485 -1.3354 0.1007 0.1422 -1.3492 0.1043 0.1371 -1.3565 0.1106 0.1299 -1.3432 0.0849 0.1575 -1.3468 0.0955 0.1464 -1.3527 0.1038 0.1373 -1.3608 0.1101 0.1301 -1.3568 0.0944 0.1465
191.0 -1.3806 0.0775 0.1615 -1.3351 0.0689 0.1747 -1.3197 0.0961 0.1485 -1.3354 0.1007 0.1422 -1.3492 0.1043 0.1371 -1.3565 0.1106 0.1299 -1.3432 0.0849 0.1575 -1.3468 0.0955 0.1464 -1.3527 0.1038 0.1373 -1.3608 0.1101 0.1301 -1.3568 0.0944 0.1465
191.0 -1.3806 0.0775 0.1615 -1.3351 0.0689 0.1747 -1.3197 0.0961 0.1485 -1.3354 0.1007 0.1422 -1.3492 0.1043 0.1371 -1.3565 0.1106 0.1299 -1.3432 0.0849 0.1575 -1.3468 0.0955 0.1464 -1.3527 0.1038 0.1373 -1.3608 0.1101 0.1301 -1.3568 0.0944 0.1465
191.0 -1.3806 0.0775 0.1615 -1.3351 0.0689 0.1747 -1.3197 0.0961 0.1485 -1.3354 0.1007 0.1422 -1.3492 0.1043 0.1371 -1.3565 0.1106 0.1299 -1.3432 0.0849 0.1575 -1.3468 0.0955 0.1464 -1.3527 0.1038 0.1373 -1.3608 0.1101 0.1301 -1.3568 0.0944 0.1465
191.0 -1.3806 0.0775 0.1615 -1.3351 0.0689 0.1747 -1.3197 0.0961 0.1485 -1.3354 0.1007 0.1422 -1.3492 0.1043 0.1371 -1.3565 0.1106 0.1299 -1.3432 0.0849 0.1575 -1.3468 0.0955 0.1464 -1.3527 0.1038 0.1373 -1.3608 0.1101 0.1301 -1.3568 0.0944 0.1465
191.0 -1.3806 0.0775 0.1615 -1.3351 0.0689 0.1747 -1.3197 0.0961 0.1485 -1.3354 0.1007 0.1422 -1.3492 0.1043 0.1371 -1.3565 0.1106 0.1299 -1.3432 0.0849 0.1575 -1.3468 0.0955 0.1464 -1.3527 0.1038 0.1373 -1.3608 0.1101 0.1301 -1.3568 0.0944 0.1465
191.0 -1.3806 0.0775 0.1615 -1.3351 0.0689 0.1747 -1.3197 0.0961 0.1485 -1.3354 0.1007 0.1422 -1.3492 0.1043 0.1371 -1.3565 0.1106 0.1299 -1.3432 0.0849 0.1575 -1.3468 0.0955 0.1464 -1.3527 0.1038 0.1373 -1.3608 0.1101 0.1301 -1.3568 0.0944 0.1465
191.0 -1.3806 0.0775 0.1615 -1.3351 0.0689 0.1747 -1.3197 0.0961 0.1485 -1.3354 0.1007 0.1422 -1.3492 0.1043 0.1371 -1.3565 0.1106 0.1299 -1.3432 0.0849 0.1575 -1.3468 0.0955 0.1464 -1.3527 0.1038 0.1373 -1.3608 0.1101 0.1301 -1.3568 0.0944 0.1465
