1.0 -1.3666 0.0128 0.229 -1.3132 0.0041 0.2432 -1.2434 -0.003 0.2573 -1.2345 0.0117 0.2432 -1.242 0.0247 0.2292 -1.2643 0.0412 0.21 -1.3106 -0.0108 0.2587 -1.3055 0.0003 0.2479 -1.3057 0.0112 0.2366 -1.3121 0.0226 0.2244 -1.3201 0.0072 0.2393
2.0 -1.3675 0.0127 0.229 -1.3131 0.0035 0.2438 -1.2424 -0.0034 0.2579 -1.2353 0.0116 0.2433 -1.2422 0.0253 0.2285 -1.2652 0.0411 0.2101 -1.3097 -0.0107 0.2586 -1.3046 0.0004 0.2478 -1.3057 0.0112 0.2366 -1.3122 0.0232 0.2238 -1.3199 0.0073 0.2392
3.0 -1.3665 0.0122 0.2296 -1.3141 0.004 0.2432 -1.2415 -0.0033 0.2579 -1.2336 0.0118 0.2432 -1.2422 0.0253 0.2285 -1.2644 0.0418 0.2094 -1.3097 -0.0107 0.2586 -1.3046 0.0004 0.2478 -1.3057 0.0112 0.2366 -1.3112 0.0227 0.2243 -1.3196 0.0072 0.2394
4.0 -1.365 0.0136 0.2283 -1.3132 0.0041 0.2432 -1.2425 -0.0028 0.2573 -1.2346 0.0123 0.2426 -1.243 0.0252 0.2286 -1.2638 0.0431 0.2081 -1.3097 -0.0107 0.2586 -1.3046 0.0004 0.2478 -1.3049 0.0119 0.236 -1.3104 0.0234 0.2237 -1.3189 0.0077 0.2389
5.0 -1.3676 0.0132 0.2284 -1.3139 0.0028 0.2444 -1.2425 -0.0028 0.2573 -1.2346 0.0123 0.2426 -1.2423 0.0259 0.2279 -1.2653 0.0417 0.2094 -1.3097 -0.0107 0.2586 -1.3046 0.0004 0.2478 -1.3057 0.0112 0.2366 -1.3121 0.0226 0.2244 -1.3199 0.0073 0.2392
6.0 -1.3647 0.0118 0.2302 -1.3131 0.0035 0.2438 -1.2424 -0.0034 0.2579 -1.2336 0.0118 0.2432 -1.2423 0.0259 0.2279 -1.2645 0.0424 0.2088 -1.3088 -0.0112 0.2592 -1.3045 -0.0002 0.2484 -1.3057 0.0112 0.2366 -1.3113 0.0233 0.2237 -1.319 0.007 0.2396
7.0 -1.3685 0.0131 0.2284 -1.314 0.0034 0.2438 -1.2431 -0.0042 0.2585 -1.2353 0.0116 0.2433 -1.2431 0.0258 0.2279 -1.2653 0.0417 0.2094 -1.3114 -0.0115 0.2593 -1.3054 -0.0003 0.2485 -1.3065 0.0111 0.2366 -1.3122 0.0232 0.2238 -1.3208 0.0071 0.2393
8.0 -1.3667 0.0134 0.2284 -1.314 0.0034 0.2438 -1.2433 -0.0036 0.2579 -1.2352 0.011 0.2439 -1.2429 0.0246 0.2292 -1.2661 0.0416 0.2095 -1.3105 -0.0114 0.2593 -1.3063 -0.0005 0.2485 -1.3065 0.0111 0.2366 -1.3121 0.0226 0.2244 -1.3204 0.007 0.2394
9.0 -1.3687 0.0143 0.2272 -1.3156 0.0026 0.2445 -1.2442 -0.0031 0.2573 -1.2372 0.0119 0.2427 -1.2429 0.0246 0.2292 -1.2659 0.0404 0.2107 -1.3132 -0.0112 0.2588 -1.3072 2.019e-05 0.2479 -1.3082 0.0109 0.2367 -1.3139 0.0229 0.2238 -1.3222 0.0074 0.2389
10.0 -1.3621 0.0122 0.2301 -1.3168 0.0042 0.2427 -1.2451 -0.0032 0.2574 -1.2354 0.0122 0.2426 -1.244 0.0257 0.228 -1.2654 0.0423 0.2088 -1.3097 -0.0107 0.2586 -1.3055 0.0003 0.2479 -1.3066 0.0117 0.236 -1.313 0.0231 0.2238 -1.3194 0.0073 0.2393
11.0 -1.3657 0.0123 0.2296 -1.3169 0.0048 0.242 -1.245 -0.0038 0.258 -1.2356 0.0127 0.242 -1.2449 0.0261 0.2274 -1.2663 0.0428 0.2082 -1.3115 -0.0109 0.2587 -1.3072 2.019e-05 0.2479 -1.3082 0.0109 0.2367 -1.3138 0.0223 0.2244 -1.3213 0.0069 0.2395
12.0 -1.3675 0.0127 0.229 -1.3168 0.0042 0.2427 -1.2459 -0.0033 0.2574 -1.2364 0.0126 0.2421 -1.244 0.0257 0.228 -1.2672 0.0427 0.2083 -1.315 -0.0108 0.2582 -1.31 0.0009 0.2468 -1.3102 0.0118 0.2355 -1.3157 0.0233 0.2233 -1.3237 0.0076 0.2386
13.0 -1.3673 0.0115 0.2303 -1.315 0.0045 0.2426 -1.2467 -0.004 0.2581 -1.238 0.0118 0.2427 -1.2457 0.0254 0.228 -1.2663 0.0428 0.2082 -1.3132 -0.0112 0.2588 -1.3081 -9.581e-05 0.248 -1.3092 0.0114 0.2361 -1.3156 0.0227 0.2239 -1.3227 0.0069 0.2394
14.0 -1.3675 0.0127 0.229 -1.3168 0.0042 0.2427 -1.2458 -0.0039 0.258 -1.2371 0.0113 0.2433 -1.2448 0.0255 0.228 -1.2672 0.0427 0.2083 -1.3131 -0.0118 0.2594 -1.3081 -9.581e-05 0.248 -1.3092 0.0114 0.2361 -1.3156 0.0227 0.2239 -1.3227 0.007 0.2393
15.0 -1.3684 0.0125 0.2291 -1.3168 0.0042 0.2427 -1.2451 -0.0032 0.2574 -1.2379 0.0112 0.2434 -1.2448 0.0255 0.228 -1.2681 0.0426 0.2083 -1.3131 -0.0118 0.2594 -1.3089 -0.0002 0.248 -1.3092 0.0114 0.2361 -1.3156 0.0227 0.2239 -1.323 0.0069 0.2393
16.0 -1.3666 0.0128 0.229 -1.3177 0.0047 0.2421 -1.2458 -0.0039 0.258 -1.2371 0.0113 0.2433 -1.2457 0.0254 0.228 -1.2687 0.0413 0.2096 -1.3131 -0.0118 0.2594 -1.3081 -9.581e-05 0.248 -1.3092 0.0114 0.2361 -1.3147 0.0228 0.2239 -1.3223 0.007 0.2393
17.0 -1.3685 0.0131 0.2284 -1.3185 0.004 0.2427 -1.2459 -0.0033 0.2574 -1.2379 0.0112 0.2434 -1.2447 0.0249 0.2286 -1.2679 0.042 0.2089 -1.314 -0.0113 0.2588 -1.3089 -0.0002 0.248 -1.3091 0.0108 0.2367 -1.3156 0.0227 0.2239 -1.3232 0.007 0.2392
18.0 -1.3682 0.0119 0.2297 -1.3185 0.004 0.2427 -1.2468 -0.0034 0.2574 -1.2388 0.0111 0.2434 -1.2447 0.0249 0.2286 -1.2679 0.042 0.2089 -1.3139 -0.0119 0.2594 -1.3088 -0.0008 0.2486 -1.31 0.0106 0.2368 -1.3173 0.0225 0.224 -1.3237 0.0065 0.2397
19.0 -1.3657 0.0123 0.2296 -1.3186 0.0046 0.2421 -1.2467 -0.004 0.2581 -1.2389 0.0117 0.2428 -1.2466 0.0253 0.2281 -1.2679 0.042 0.2089 -1.313 -0.0124 0.26 -1.308 -0.0007 0.2486 -1.3091 0.0108 0.2367 -1.3146 0.0222 0.2245 -1.3221 0.0064 0.2399
20.0 -1.3675 0.0127 0.229 -1.3176 0.0041 0.2427 -1.2467 -0.004 0.2581 -1.238 0.0118 0.2427 -1.2457 0.0254 0.228 -1.2689 0.0425 0.2083 -1.3148 -0.012 0.2595 -1.3098 -0.0003 0.248 -1.31 0.0106 0.2368 -1.3163 0.022 0.2245 -1.3237 0.0066 0.2396
21.0 -1.3685 0.0131 0.2284 -1.3177 0.0047 0.2421 -1.2475 -0.0041 0.2581 -1.238 0.0118 0.2427 -1.2466 0.0253 0.2281 -1.2689 0.0425 0.2083 -1.3158 -0.0115 0.2589 -1.3099 0.0003 0.2474 -1.3109 0.0111 0.2362 -1.3165 0.0226 0.2239 -1.3243 0.0071 0.239
22.0 -1.362 0.0116 0.2307 -1.3168 0.0042 0.2427 -1.2467 -0.004 0.2581 -1.2389 0.0117 0.2428 -1.2473 0.0246 0.2287 -1.2682 0.0432 0.2077 -1.3131 -0.0118 0.2594 -1.3081 -9.581e-05 0.248 -1.3091 0.0108 0.2367 -1.3146 0.0222 0.2245 -1.3214 0.0065 0.2398
23.0 -1.3703 0.0135 0.2279 -1.3192 0.0033 0.2434 -1.2477 -0.0035 0.2575 -1.2398 0.0122 0.2422 -1.2474 0.0252 0.2281 -1.2697 0.0417 0.209 -1.3158 -0.0115 0.2589 -1.3107 -0.0004 0.2481 -1.3117 0.0104 0.2368 -1.3173 0.0225 0.224 -1.3251 0.0069 0.2391
24.0 -1.3701 0.0123 0.2291 -1.3185 0.004 0.2427 -1.2477 -0.0035 0.2575 -1.2397 0.0116 0.2428 -1.2464 0.0247 0.2287 -1.2679 0.042 0.2089 -1.3159 -0.0109 0.2582 -1.3108 0.0002 0.2474 -1.3118 0.011 0.2362 -1.3173 0.0225 0.224 -1.3252 0.007 0.239
25.0 -1.3675 0.0127 0.229 -1.3186 0.0046 0.2421 -1.2467 -0.004 0.2581 -1.2372 0.0119 0.2427 -1.2466 0.0253 0.2281 -1.2682 0.0432 0.2077 -1.3139 -0.0119 0.2594 -1.3088 -0.0008 0.2486 -1.3091 0.0108 0.2367 -1.3155 0.0221 0.2245 -1.323 0.0066 0.2397
26.0 -1.3674 0.0121 0.2296 -1.3169 0.0048 0.242 -1.2484 -0.0043 0.2581 -1.2415 0.0113 0.2429 -1.2474 0.0252 0.2281 -1.2681 0.0426 0.2083 -1.3149 -0.0114 0.2588 -1.3108 0.0002 0.2474 -1.311 0.0117 0.2356 -1.3157 0.0233 0.2233 -1.324 0.0072 0.2389
27.0 -1.3701 0.0123 0.2291 -1.3186 0.0046 0.2421 -1.2478 -0.0029 0.2569 -1.2406 0.0115 0.2428 -1.2466 0.0253 0.2281 -1.2679 0.042 0.2089 -1.3149 -0.0114 0.2588 -1.3099 0.0003 0.2474 -1.3109 0.0111 0.2362 -1.3165 0.0226 0.2239 -1.3244 0.007 0.2391
28.0 -1.3684 0.0125 0.2291 -1.3186 0.0046 0.2421 -1.2475 -0.0041 0.2581 -1.2398 0.0122 0.2422 -1.2457 0.0254 0.228 -1.2679 0.042 0.2089 -1.3139 -0.0119 0.2594 -1.3089 -0.0002 0.248 -1.31 0.0106 0.2368 -1.3156 0.0227 0.2239 -1.3234 0.0068 0.2394
29.0 -1.3674 0.0121 0.2296 -1.3186 0.0046 0.2421 -1.2484 -0.0043 0.2581 -1.2398 0.0122 0.2422 -1.2467 0.0259 0.2275 -1.2689 0.0425 0.2083 -1.3139 -0.0119 0.2594 -1.3089 -0.0002 0.248 -1.31 0.0106 0.2368 -1.3155 0.0221 0.2245 -1.3231 0.0065 0.2397
30.0 -1.3685 0.0131 0.2284 -1.3176 0.0041 0.2427 -1.2468 -0.0034 0.2574 -1.239 0.0123 0.2422 -1.2457 0.0254 0.228 -1.2679 0.042 0.2089 -1.3139 -0.0119 0.2594 -1.3089 -0.0002 0.248 -1.3092 0.0114 0.2361 -1.3147 0.0228 0.2239 -1.3231 0.007 0.2392
31.0 -1.3656 0.0117 0.2302 -1.3177 0.0047 0.2421 -1.2451 -0.0032 0.2574 -1.2372 0.0119 0.2427 -1.2449 0.0261 0.2274 -1.2679 0.042 0.2089 -1.3114 -0.0115 0.2593 -1.3072 2.019e-05 0.2479 -1.3091 0.0108 0.2367 -1.3165 0.0226 0.2239 -1.3219 0.0067 0.2396
32.0 -1.3685 0.0131 0.2284 -1.3184 0.0034 0.2434 -1.2477 -0.0035 0.2575 -1.239 0.0123 0.2422 -1.2466 0.0253 0.2281 -1.2681 0.0426 0.2083 -1.3132 -0.0112 0.2588 -1.3089 -0.0002 0.248 -1.3092 0.0114 0.2361 -1.3156 0.0227 0.2239 -1.3231 0.0072 0.239
33.0 -1.3649 0.013 0.2289 -1.315 0.0045 0.2426 -1.2458 -0.0039 0.258 -1.238 0.0118 0.2427 -1.2456 0.0248 0.2287 -1.2673 0.0433 0.2077 -1.3132 -0.0112 0.2588 -1.3082 0.0005 0.2473 -1.3092 0.0114 0.2361 -1.3139 0.0229 0.2238 -1.3219 0.0073 0.239
34.0 -1.3693 0.013 0.2285 -1.3192 0.0033 0.2434 -1.2469 -0.0028 0.2568 -1.2389 0.0117 0.2428 -1.2457 0.0254 0.228 -1.2671 0.0421 0.2089 -1.3139 -0.0119 0.2594 -1.3089 -0.0002 0.248 -1.3101 0.0112 0.2362 -1.3165 0.0226 0.2239 -1.3237 0.007 0.2392
35.0 -1.3684 0.0125 0.2291 -1.3176 0.0041 0.2427 -1.2477 -0.0035 0.2575 -1.2406 0.0115 0.2428 -1.2466 0.0253 0.2281 -1.2688 0.0419 0.209 -1.314 -0.0113 0.2588 -1.3089 -0.0002 0.248 -1.3101 0.0112 0.2362 -1.3165 0.0226 0.2239 -1.3236 0.007 0.2392
36.0 -1.3667 0.0134 0.2284 -1.3176 0.0041 0.2427 -1.2468 -0.0034 0.2574 -1.2381 0.0124 0.2421 -1.2457 0.0254 0.228 -1.2681 0.0426 0.2083 -1.3132 -0.0112 0.2588 -1.3089 -0.0002 0.248 -1.3092 0.0114 0.2361 -1.3147 0.0228 0.2239 -1.3226 0.0072 0.239
37.0 -1.3693 0.013 0.2285 -1.3176 0.0041 0.2427 -1.2469 -0.0028 0.2568 -1.2389 0.0117 0.2428 -1.2448 0.0255 0.228 -1.2672 0.0427 0.2083 -1.3141 -0.0107 0.2582 -1.309 0.0004 0.2474 -1.3092 0.0114 0.2361 -1.3157 0.0233 0.2233 -1.3235 0.0075 0.2387
38.0 -1.3666 0.0128 0.229 -1.3176 0.0041 0.2427 -1.2469 -0.0028 0.2568 -1.2382 0.013 0.2415 -1.2449 0.0261 0.2274 -1.2673 0.0433 0.2077 -1.3133 -0.0106 0.2581 -1.3082 0.0005 0.2473 -1.3083 0.0115 0.2361 -1.3147 0.0228 0.2239 -1.3222 0.0074 0.2389
39.0 -1.3611 0.0111 0.2313 -1.315 0.0045 0.2426 -1.246 -0.0027 0.2568 -1.2389 0.0117 0.2428 -1.2457 0.0254 0.228 -1.2674 0.0439 0.207 -1.3124 -0.0105 0.2581 -1.3074 0.0012 0.2467 -1.3076 0.0122 0.2354 -1.3131 0.0237 0.2232 -1.3203 0.0075 0.2389
40.0 -1.3678 0.0144 0.2272 -1.3176 0.0041 0.2427 -1.2443 -0.0025 0.2567 -1.2373 0.0125 0.2421 -1.2449 0.0261 0.2274 -1.2672 0.0427 0.2083 -1.3124 -0.0105 0.2581 -1.3073 0.0006 0.2473 -1.3084 0.0121 0.2355 -1.314 0.0235 0.2232 -1.322 0.008 0.2382
41.0 -1.3669 0.0146 0.2271 -1.3133 0.0047 0.2425 -1.2442 -0.0031 0.2573 -1.2365 0.0132 0.2414 -1.244 0.0257 0.228 -1.2664 0.0434 0.2076 -1.3123 -0.0111 0.2587 -1.3082 0.0005 0.2473 -1.3084 0.0121 0.2355 -1.313 0.0231 0.2238 -1.3218 0.0078 0.2385
42.0 -1.3659 0.0135 0.2283 -1.315 0.0045 0.2426 -1.2434 -0.003 0.2573 -1.2362 0.0114 0.2433 -1.2431 0.0258 0.2279 -1.2663 0.0428 0.2082 -1.3116 -0.0103 0.2581 -1.3065 0.0007 0.2473 -1.3066 0.0117 0.236 -1.3123 0.0238 0.2231 -1.3206 0.0079 0.2386
43.0 -1.3668 0.014 0.2277 -1.3141 0.004 0.2432 -1.2425 -0.0028 0.2573 -1.2354 0.0122 0.2426 -1.2431 0.0258 0.2279 -1.2655 0.0429 0.2082 -1.3097 -0.0107 0.2586 -1.3047 0.001 0.2472 -1.3058 0.0118 0.236 -1.3113 0.0233 0.2237 -1.3197 0.0079 0.2387
44.0 -1.3668 0.014 0.2277 -1.3121 0.003 0.2444 -1.2417 -0.0021 0.2566 -1.2337 0.0124 0.2426 -1.2414 0.026 0.2279 -1.2645 0.0424 0.2088 -1.3098 -0.0101 0.258 -1.3047 0.001 0.2472 -1.3049 0.0119 0.236 -1.3104 0.0234 0.2237 -1.3194 0.008 0.2385
45.0 -1.3642 0.0137 0.2283 -1.3114 0.0037 0.2437 -1.2408 -0.0026 0.2572 -1.2329 0.0125 0.2425 -1.2395 0.025 0.2291 -1.2617 0.0416 0.2099 -1.308 -0.0105 0.2586 -1.3029 0.0006 0.2478 -1.3039 0.0115 0.2365 -1.3086 0.023 0.2242 -1.3175 0.0077 0.2391
46.0 -1.3598 0.0137 0.2287 -1.3081 0.0048 0.243 -1.2388 -0.0036 0.2584 -1.231 0.0121 0.2431 -1.2369 0.0254 0.229 -1.2609 0.0417 0.2099 -1.3069 -0.0115 0.2598 -1.302 0.0001 0.2483 -1.3022 0.0117 0.2365 -1.3078 0.0232 0.2242 -1.3157 0.0074 0.2395
47.0 -1.3588 0.0132 0.2293 -1.3045 0.0047 0.2434 -1.2354 -0.0031 0.2582 -1.2274 0.0114 0.2442 -1.2351 0.025 0.2295 -1.2582 0.0415 0.2104 -1.3044 -0.0112 0.2597 -1.2994 0.0005 0.2482 -1.2996 0.012 0.2364 -1.3052 0.0235 0.2241 -1.3135 0.0076 0.2395
48.0 -1.3572 0.014 0.2286 -1.3025 0.0031 0.2452 -1.2326 -0.004 0.2594 -1.2247 0.0112 0.2447 -1.2324 0.0248 0.23 -1.2538 0.0414 0.2109 -1.3019 -0.0103 0.259 -1.2959 0.0009 0.2481 -1.2961 0.0119 0.2369 -1.3008 0.0235 0.2246 -1.3104 0.008 0.2394
49.0 -1.3491 0.0133 0.2302 -1.2965 0.0039 0.245 -1.2291 -0.0041 0.2599 -1.2213 0.0116 0.2446 -1.2286 0.0235 0.2318 -1.2527 0.0404 0.2121 -1.2955 -0.0118 0.2612 -1.2905 -0.0002 0.2498 -1.2915 0.0107 0.2386 -1.2969 0.0216 0.2269 -1.3047 0.0067 0.2413
50.0 -1.3482 0.0128 0.2308 -1.2939 0.0043 0.2449 -1.2244 -0.0059 0.2622 -1.2174 0.0097 0.2469 -1.2232 0.0224 0.2334 -1.2446 0.039 0.2143 -1.2928 -0.0121 0.2617 -1.2877 -0.001 0.2509 -1.2878 0.01 0.2397 -1.2925 0.0216 0.2274 -1.3018 0.0062 0.2421
51.0 -1.3419 0.0124 0.2318 -1.2866 0.0028 0.2471 -1.2198 -0.0071 0.2639 -1.2118 0.008 0.2492 -1.2186 0.0212 0.2351 -1.2397 0.0366 0.2172 -1.2875 -0.012 0.2621 -1.2822 -0.0021 0.2526 -1.2824 0.0089 0.2413 -1.287 0.0205 0.229 -1.2962 0.0055 0.2434
52.0 -1.3338 0.0111 0.234 -1.2768 0.0023 0.2486 -1.2126 -0.008 0.2655 -1.2053 0.0058 0.2521 -1.2131 0.0201 0.2368 -1.2324 0.0352 0.2194 -1.2802 -0.0134 0.2644 -1.275 -0.003 0.2542 -1.2751 0.0074 0.2435 -1.2796 0.0184 0.2319 -1.2888 0.0041 0.2456
53.0 -1.3285 0.0112 0.2344 -1.2716 0.0024 0.249 -1.2037 -0.0086 0.267 -1.199 0.0049 0.2537 -1.2047 0.0175 0.2402 -1.2242 0.0332 0.2222 -1.2722 -0.0142 0.2659 -1.267 -0.0037 0.2557 -1.2663 0.0074 0.2445 -1.27 0.0185 0.2327 -1.2808 0.0038 0.2466
54.0 -1.2803 0.0073 0.2431 -1.204 0.0036 0.2545 -1.1481 -0.0096 0.2736 -1.1423 0.0027 0.2615 -1.1531 0.0141 0.2488 -1.1754 0.0258 0.2347 -1.2181 -0.0167 0.2738 -1.2127 -0.0074 0.2649 -1.2126 0.0024 0.2549 -1.2177 0.0115 0.2451 -1.2283 -0.0006 0.2564
55.0 -1.2668 0.0055 0.2464 -1.1915 0.0022 0.2572 -1.1374 -0.01 0.2751 -1.1319 0.0035 0.2617 -1.1436 0.0154 0.2484 -1.1643 0.023 0.2386 -1.209 -0.0185 0.2766 -1.2043 -0.0099 0.2683 -1.2034 -1.505e-05 0.2583 -1.2069 0.0099 0.2478 -1.2181 -0.0026 0.2595
56.0 -1.2535 0.0048 0.2483 -1.1781 0.001 0.2598 -1.1266 -0.0116 0.2778 -1.1225 -8.298e-05 0.2664 -1.1337 0.0137 0.2512 -1.1537 0.0226 0.2401 -1.1956 -0.0197 0.2792 -1.1919 -0.0107 0.2703 -1.191 -0.0008 0.2603 -1.1946 0.0097 0.2492 -1.2053 -0.0033 0.2615
57.0 -1.2431 0.0056 0.2486 -1.1631 0.0011 0.2611 -1.1124 -0.0122 0.2797 -1.1102 0.0003 0.2671 -1.1191 0.0108 0.2556 -1.1362 0.0182 0.2463 -1.1831 -0.0205 0.2812 -1.1779 -0.01 0.271 -1.1763 0.0012 0.2597 -1.1789 0.0106 0.2498 -1.1919 -0.0026 0.2621
58.0 -1.2289 0.0051 0.2505 -1.1479 -0.0005 0.2642 -1.1009 -0.0124 0.2811 -1.0976 -0.0016 0.2704 -1.1046 0.0084 0.2594 -1.1182 0.0158 0.2506 -1.1707 -0.0212 0.2832 -1.1646 -0.0107 0.273 -1.1629 -4.902e-05 0.2623 -1.1647 0.0101 0.2518 -1.1784 -0.0034 0.2642
59.0 -1.2137 0.0035 0.2537 -1.1351 -0.003 0.2681 -1.0902 -0.0134 0.2832 -1.0857 -0.0043 0.2743 -1.0907 0.0042 0.2651 -1.1077 0.0111 0.2564 -1.1592 -0.0215 0.2846 -1.1538 -0.0122 0.2757 -1.1519 -0.0028 0.2663 -1.1535 0.0061 0.2569 -1.1664 -0.0054 0.2674
60.0 -1.1996 0.0035 0.255 -1.122 -0.0025 0.2688 -1.0766 -0.011 0.2821 -1.0728 -0.0025 0.2738 -1.0777 0.0054 0.2653 -1.0942 0.0092 0.2596 -1.1519 -0.023 0.2869 -1.1463 -0.0149 0.2792 -1.1427 -0.0053 0.2696 -1.1417 0.004 0.2602 -1.1564 -0.0071 0.2702
61.0 -1.1897 0.0018 0.2577 -1.1071 -0.0023 0.2701 -1.0627 -0.0097 0.2822 -1.0616 -0.001 0.2734 -1.0685 0.0084 0.263 -1.086 0.0128 0.2568 -1.137 -0.0228 0.2882 -1.1331 -0.015 0.2805 -1.1312 -0.0055 0.2711 -1.1309 0.003 0.2623 -1.1444 -0.0077 0.272
62.0 -1.1844 0.0019 0.2581 -1.0933 -0.001 0.2702 -1.0516 -0.0076 0.2811 -1.0526 0.0026 0.2705 -1.0591 0.0097 0.2627 -1.0738 0.0132 0.2576 -1.1248 -0.0218 0.2883 -1.122 -0.0128 0.2795 -1.121 -0.0035 0.2701 -1.1226 0.006 0.2601 -1.135 -0.006 0.2712
63.0 -1.1714 0.0031 0.2583 -1.081 -0.0006 0.271 -1.0389 -0.0053 0.28 -1.0388 0.0045 0.27 -1.0461 0.0108 0.2628 -1.0615 0.0136 0.2584 -1.1126 -0.0213 0.2891 -1.1095 -0.0136 0.2815 -1.1095 -0.0038 0.2715 -1.1111 0.0051 0.2622 -1.1228 -0.0061 0.2725
64.0 -1.1562 0.0015 0.2614 -1.0671 6.507e-05 0.2717 -1.025 -0.004 0.2801 -1.0285 0.0059 0.2696 -1.037 0.0145 0.2599 -1.0535 0.0178 0.2549 -1.0967 -0.0216 0.291 -1.0955 -0.0135 0.2828 -1.0962 -0.0045 0.2735 -1.0979 0.0051 0.2635 -1.1085 -0.0066 0.2744
65.0 -1.1519 0.0021 0.2613 -1.0529 -0.0005 0.2737 -1.0155 -0.0028 0.2797 -1.0145 0.0065 0.2703 -1.0268 0.0165 0.2589 -1.0501 0.0237 0.2492 -1.0873 -0.0198 0.29 -1.087 -0.0118 0.2819 -1.0887 -0.0022 0.2719 -1.094 0.008 0.2609 -1.1018 -0.0047 0.2732
66.0 -1.1411 0.0011 0.2633 -1.0373 0.001 0.2737 -1.0034 -0.0017 0.2799 -1.0033 0.0075 0.2705 -1.0176 0.019 0.2573 -1.0424 0.0248 0.2489 -1.0778 -0.0191 0.2902 -1.0783 -0.0112 0.2821 -1.0818 -0.0013 0.2717 -1.0871 0.009 0.2606 -1.0932 -0.0043 0.2736
67.0 -1.1349 0.0007 0.2643 -1.0258 0.0007 0.2751 -0.9941 0.0001 0.2789 -0.995 0.0104 0.2683 -1.008 0.0196 0.2576 -1.0366 0.0268 0.2474 -1.0664 -0.0188 0.291 -1.0686 -0.0111 0.283 -1.0739 -0.0009 0.272 -1.0818 0.0091 0.261 -1.0851 -0.0042 0.2743
68.0 -1.122 0.0024 0.2638 -1.0141 0.0042 0.2728 -0.9806 0.0038 0.2765 -0.9847 0.0118 0.2679 -0.9994 0.0208 0.2572 -1.0249 0.0253 0.2501 -1.0524 -0.0181 0.2918 -1.0546 -0.0111 0.2843 -1.0589 -0.0013 0.2739 -1.0668 0.0087 0.263 -1.0709 -0.0039 0.2754
69.0 -1.1073 0.0038 0.2639 -1.005 0.0023 0.2756 -0.9744 0.0034 0.2775 -0.9796 0.0131 0.2671 -0.9927 0.0223 0.2563 -1.0156 0.0278 0.2485 -1.0419 -0.0179 0.2926 -1.0441 -0.0103 0.2846 -1.0485 -0.0005 0.2741 -1.0554 0.009 0.2638 -1.0595 -0.0032 0.2758
70.0 -1.0928 0.0015 0.2677 -0.9935 0.0021 0.277 -0.9655 0.0028 0.279 -0.9663 0.0124 0.2691 -0.9842 0.0241 0.2554 -1.0083 0.0312 0.2457 -1.0315 -0.0171 0.2928 -1.0338 -0.0089 0.2842 -1.0382 0.0009 0.2737 -1.0461 0.0108 0.2628 -1.0485 -0.0026 0.2762
71.0 -1.0838 0.0002 0.2699 -0.9832 0.0034 0.2766 -0.958 0.005 0.2775 -0.9622 0.0142 0.2676 -0.9781 0.0243 0.2558 -1.0046 0.0299 0.2474 -1.0228 -0.0166 0.2931 -1.0267 -0.0092 0.2851 -1.0328 0.0004 0.2748 -1.0416 0.0102 0.2639 -1.0416 -0.003 0.2773
72.0 -1.071 -0.0023 0.2737 -0.977 0.0031 0.2776 -0.9528 0.0057 0.2773 -0.9522 0.0125 0.2704 -0.9745 0.0242 0.2563 -0.9996 0.0318 0.246 -1.0168 -0.0157 0.2929 -1.0206 -0.0089 0.2855 -1.0276 0.0005 0.2752 -1.0364 0.0109 0.2637 -1.0345 -0.0031 0.2782
73.0 -1.0625 -0.0011 0.2734 -0.9767 0.0165 0.2638 -0.9437 0.0088 0.275 -0.9422 0.0157 0.2681 -0.9575 0.0277 0.2544 -0.988 0.0358 0.243 -1.0065 -0.0144 0.2925 -1.0115 -0.0108 0.2883 -1.0191 -0.0026 0.2792 -1.0298 0.0082 0.2671 -1.0259 -0.0041 0.2801
74.0 -1.0604 0.0022 0.2702 -0.9491 0.0044 0.279 -0.9372 0.017 0.2673 -0.9383 0.0235 0.2605 -0.9633 0.0354 0.2458 -0.9897 0.0404 0.2381 -0.9949 -0.0103 0.2895 -1.0022 -0.0034 0.2817 -1.0118 0.0057 0.2714 -1.023 0.0146 0.2613 -1.0184 0.0017 0.2748
75.0 -1.0538 0.0049 0.2681 -0.95 0.0098 0.2734 -0.9355 0.0172 0.2672 -0.9314 0.0239 0.2608 -0.9449 0.0306 0.2526 -0.9618 0.032 0.2495 -0.9912 -0.0062 0.2856 -0.9955 -0.0019 0.2808 -1.0009 0.0041 0.2741 -1.0073 0.0106 0.2669 -1.0097 0.0023 0.2751
76.0 -1.0386 0.0082 0.2662 -0.9583 0.0471 0.2344 -0.9277 0.0433 0.2413 -0.9433 0.0467 0.2363 -0.9408 0.0476 0.2356 -0.9427 0.0382 0.245 -0.9712 0.0203 0.2605 -0.9746 0.0199 0.2606 -0.9796 0.018 0.2621 -0.9853 0.0154 0.2642 -0.9899 0.0163 0.2627
77.0 -1.0265 0.0043 0.2714 -0.9123 0.0203 0.2663 -0.9205 0.0424 0.2429 -0.934 0.0541 0.2297 -0.9559 0.0633 0.2181 -0.9891 0.0674 0.2106 -0.9612 0.0186 0.2632 -0.9762 0.0288 0.2513 -0.9932 0.0351 0.2432 -1.0115 0.0393 0.2371 -0.9937 0.0252 0.2533
78.0 -1.0251 0.0063 0.2695 -0.9077 0.0246 0.2624 -0.9201 0.0498 0.2354 -0.9367 0.0592 0.2242 -0.9573 0.0662 0.215 -0.9866 0.0677 0.2105 -0.9557 0.0224 0.2599 -0.9716 0.0325 0.248 -0.9878 0.0395 0.2393 -1.0053 0.0444 0.2325 -0.9891 0.029 0.2498
79.0 -1.0224 0.0061 0.27 -0.9098 0.0262 0.2606 -0.9222 0.0569 0.228 -0.9341 0.0644 0.2191 -0.9534 0.0692 0.2123 -0.9799 0.0699 0.209 -0.9532 0.0283 0.2542 -0.9678 0.0361 0.2448 -0.9844 0.0405 0.2385 -1.0028 0.0448 0.2324 -0.9861 0.0311 0.248
80.0 -1.0207 0.0063 0.2699 -0.9079 0.0307 0.2562 -0.9215 0.0582 0.2267 -0.9347 0.068 0.2154 -0.9575 0.0729 0.2081 -0.9863 0.0714 0.2068 -0.9526 0.0296 0.2529 -0.9688 0.0365 0.2442 -0.9863 0.0409 0.238 -1.0061 0.0437 0.2331 -0.9869 0.0314 0.2476
81.0 -1.0164 0.0069 0.2697 -0.9083 0.0331 0.2537 -0.9292 0.0614 0.2227 -0.9443 0.0673 0.2151 -0.9622 0.0741 0.2064 -0.9869 0.0695 0.2086 -0.9468 0.0365 0.2464 -0.9638 0.0433 0.2377 -0.9828 0.0463 0.2328 -1.0032 0.0472 0.2299 -0.9826 0.036 0.2433
82.0 -1.0155 0.007 0.2697 -0.9077 0.0344 0.2524 -0.9259 0.0631 0.2213 -0.9426 0.0682 0.2144 -0.9611 0.073 0.2077 -0.9854 0.071 0.2073 -0.9484 0.0356 0.2471 -0.9655 0.0431 0.2378 -0.9845 0.046 0.2329 -1.0039 0.0465 0.2305 -0.9836 0.0356 0.2436
83.0 -1.0137 0.0067 0.2703 -0.9069 0.0351 0.2518 -0.9268 0.063 0.2213 -0.9409 0.0684 0.2144 -0.9602 0.0731 0.2076 -0.9842 0.0693 0.2092 -0.9482 0.0344 0.2484 -0.9653 0.0419 0.239 -0.9843 0.0448 0.2342 -1.003 0.046 0.2311 -0.9829 0.0348 0.2446
84.0 -1.0145 0.0065 0.2703 -0.9052 0.0353 0.2517 -0.9275 0.0623 0.222 -0.9417 0.0677 0.215 -0.9591 0.0714 0.2094 -0.9823 0.0683 0.2103 -0.9483 0.035 0.2477 -0.9662 0.0418 0.2391 -0.9843 0.0448 0.2342 -1.0038 0.0459 0.2312 -0.9834 0.0348 0.2445
85.0 -1.0105 0.0083 0.2689 -0.9047 0.0373 0.2498 -0.9282 0.061 0.2232 -0.942 0.0646 0.2182 -0.9578 0.0692 0.2119 -0.9796 0.0681 0.2109 -0.9458 0.036 0.247 -0.9628 0.0428 0.2383 -0.9818 0.0458 0.2334 -1.0016 0.048 0.2292 -0.9805 0.0362 0.2434
86.0 -1.0102 0.0071 0.2701 -0.9047 0.0373 0.2498 -0.9297 0.0595 0.2245 -0.9427 0.0633 0.2194 -0.9584 0.0679 0.2132 -0.9784 0.0664 0.2127 -0.9466 0.0353 0.2477 -0.9645 0.042 0.239 -0.9834 0.0449 0.2341 -1.0022 0.0467 0.2305 -0.9814 0.0352 0.2443
87.0 -1.0128 0.0068 0.2702 -0.904 0.0386 0.2485 -0.9331 0.0591 0.2247 -0.9433 0.062 0.2207 -0.9588 0.0648 0.2163 -0.9779 0.0634 0.2158 -0.9466 0.0353 0.2477 -0.9645 0.042 0.239 -0.9826 0.0451 0.2341 -1.0023 0.0473 0.2299 -0.9817 0.0353 0.2442
88.0 -1.012 0.0069 0.2702 -0.9034 0.0399 0.2473 -0.9337 0.0572 0.2266 -0.9457 0.0604 0.222 -0.9603 0.0633 0.2176 -0.98 0.0607 0.2184 -0.9482 0.0344 0.2484 -0.9651 0.0407 0.2403 -0.9833 0.0444 0.2347 -1.0014 0.0468 0.2304 -0.982 0.0346 0.2448
89.0 -1.0103 0.0077 0.2695 -0.9061 0.0401 0.2467 -0.9357 0.0538 0.2298 -0.947 0.0578 0.2246 -0.9616 0.0607 0.2202 -0.9806 0.0588 0.2203 -0.9447 0.0349 0.2482 -0.9609 0.0419 0.2395 -0.98 0.0454 0.234 -0.9997 0.0476 0.2298 -0.9791 0.0355 0.2442
90.0 -1.0103 0.0077 0.2695 -0.9095 0.0397 0.2469 -0.9335 0.0511 0.2328 -0.9483 0.0552 0.2271 -0.9662 0.057 0.2235 -0.9826 0.0554 0.2235 -0.9471 0.0334 0.2496 -0.9633 0.0403 0.2408 -0.9807 0.0441 0.2353 -0.9989 0.0477 0.2297 -0.9801 0.0347 0.245
91.0 -1.0102 0.0071 0.2701 -0.9108 0.0419 0.2444 -0.9323 0.0494 0.2346 -0.9487 0.0527 0.2297 -0.9658 0.0547 0.2259 -0.9826 0.0554 0.2235 -0.9473 0.0346 0.2483 -0.9624 0.0405 0.2408 -0.9807 0.0441 0.2353 -0.9997 0.0476 0.2298 -0.9801 0.0348 0.2449
92.0 -1.0121 0.0075 0.2696 -0.9142 0.0415 0.2446 -0.9361 0.0458 0.2379 -0.9519 0.0504 0.2316 -0.969 0.053 0.2273 -0.9849 0.0533 0.2254 -0.9481 0.0338 0.249 -0.9632 0.0397 0.2415 -0.9807 0.0441 0.2353 -0.9989 0.0477 0.2297 -0.9806 0.0346 0.245
93.0 -1.012 0.0069 0.2702 -0.9162 0.043 0.2428 -0.9386 0.0449 0.2386 -0.9541 0.0483 0.2336 -0.9714 0.0515 0.2287 -0.9858 0.0532 0.2255 -0.9491 0.0349 0.2478 -0.9641 0.0402 0.2409 -0.9815 0.044 0.2353 -0.9987 0.0466 0.231 -0.9811 0.0345 0.245
94.0 -1.0122 0.0081 0.269 -0.9181 0.0434 0.2422 -0.9403 0.0447 0.2387 -0.9567 0.0479 0.2337 -0.9755 0.0497 0.2301 -0.9865 0.0525 0.2261 -0.95 0.0348 0.2478 -0.9641 0.0402 0.2409 -0.9798 0.0442 0.2352 -0.9963 0.0481 0.2296 -0.9805 0.0351 0.2445
95.0 -1.0125 0.0099 0.2671 -0.9172 0.0435 0.2422 -0.9391 0.043 0.2405 -0.958 0.0453 0.2363 -0.9762 0.049 0.2307 -0.9892 0.0527 0.2256 -0.9489 0.0337 0.249 -0.9642 0.0408 0.2402 -0.9808 0.0447 0.2346 -0.9964 0.0487 0.229 -0.9806 0.0356 0.244
96.0 -1.0124 0.0093 0.2677 -0.9187 0.0421 0.2435 -0.9364 0.0427 0.241 -0.9579 0.0447 0.2369 -0.9744 0.0486 0.2313 -0.99 0.052 0.2263 -0.9499 0.0342 0.2484 -0.9649 0.0395 0.2415 -0.9806 0.0435 0.2359 -0.9963 0.0481 0.2296 -0.9808 0.0349 0.2446
97.0 -1.014 0.0085 0.2684 -0.9189 0.0433 0.2422 -0.9335 0.0413 0.2428 -0.9535 0.0447 0.2373 -0.9726 0.0482 0.2318 -0.9864 0.0519 0.2267 -0.9479 0.0326 0.2502 -0.9631 0.0391 0.2421 -0.9788 0.0437 0.2358 -0.9946 0.0483 0.2296 -0.9797 0.0345 0.2452
98.0 -1.0132 0.0092 0.2678 -0.9205 0.0424 0.2429 -0.9314 0.044 0.2402 -0.9561 0.0444 0.2374 -0.9743 0.048 0.2319 -0.9908 0.0519 0.2263 -0.9497 0.033 0.2497 -0.9649 0.0395 0.2415 -0.9815 0.044 0.2353 -0.9979 0.0473 0.2303 -0.9815 0.0346 0.2449
99.0 -1.0125 0.0099 0.2671 -0.9203 0.0412 0.2442 -0.9345 0.0418 0.2422 -0.9561 0.0444 0.2374 -0.9742 0.0474 0.2325 -0.9905 0.0501 0.2282 -0.9479 0.0326 0.2502 -0.964 0.0396 0.2415 -0.9807 0.0441 0.2353 -0.9963 0.0481 0.2296 -0.9803 0.0349 0.2447
100.0 -1.0118 0.0112 0.2658 -0.9242 0.0432 0.2418 -0.9377 0.0401 0.2436 -0.9599 0.0414 0.2401 -0.9757 0.046 0.2338 -0.9885 0.0485 0.2299 -0.9485 0.0313 0.2515 -0.9647 0.0383 0.2428 -0.9806 0.0435 0.2359 -0.9955 0.0482 0.2296 -0.9802 0.0345 0.2451
101.0 -1.0143 0.0102 0.2665 -0.9221 0.041 0.2442 -0.9376 0.0395 0.2442 -0.9582 0.0416 0.24 -0.975 0.0467 0.2332 -0.9905 0.0501 0.2282 -0.9494 0.0312 0.2515 -0.9647 0.0383 0.2428 -0.9814 0.0434 0.2359 -0.9962 0.0475 0.2302 -0.9812 0.0341 0.2454
102.0 -1.0125 0.0099 0.2671 -0.9224 0.0428 0.2424 -0.9361 0.041 0.2429 -0.9566 0.0425 0.2393 -0.9723 0.0465 0.2337 -0.9887 0.0497 0.2287 -0.9478 0.0321 0.2508 -0.9631 0.0391 0.2421 -0.9797 0.0436 0.2359 -0.9962 0.0475 0.2302 -0.9798 0.0344 0.2452
103.0 -1.0143 0.0102 0.2665 -0.9205 0.0424 0.2429 -0.9401 0.0386 0.2449 -0.9607 0.0407 0.2407 -0.9756 0.0454 0.2344 -0.9905 0.0501 0.2282 -0.9487 0.0325 0.2503 -0.964 0.0396 0.2415 -0.9808 0.0447 0.2346 -0.9964 0.0487 0.229 -0.9808 0.0352 0.2444
104.0 -1.0129 0.0123 0.2646 -0.9223 0.0422 0.243 -0.9358 0.0392 0.2448 -0.9589 0.0403 0.2413 -0.9756 0.0454 0.2344 -0.9895 0.0496 0.2287 -0.9467 0.031 0.2521 -0.9629 0.038 0.2433 -0.9797 0.0436 0.2359 -0.9937 0.0484 0.2295 -0.9792 0.0347 0.2451
105.0 -1.0131 0.0086 0.2684 -0.9214 0.0423 0.243 -0.9413 0.0354 0.2481 -0.9612 0.0388 0.2426 -0.9753 0.0436 0.2363 -0.99 0.0471 0.2313 -0.9481 0.0338 0.249 -0.9633 0.0403 0.2408 -0.9799 0.0448 0.2346 -0.9955 0.0482 0.2296 -0.98 0.0352 0.2445
106.0 -1.0125 0.0099 0.2671 -0.9216 0.0435 0.2417 -0.9372 0.0371 0.2467 -0.9578 0.0392 0.2425 -0.9727 0.044 0.2362 -0.989 0.0466 0.2318 -0.9479 0.0326 0.2502 -0.9631 0.0391 0.2421 -0.9798 0.0442 0.2352 -0.9947 0.0489 0.2289 -0.9796 0.035 0.2447
107.0 -1.0125 0.0099 0.2671 -0.9225 0.0434 0.2418 -0.9354 0.0417 0.2423 -0.9576 0.0429 0.2387 -0.9741 0.0468 0.2331 -0.9878 0.0499 0.2287 -0.9486 0.0319 0.2509 -0.9647 0.0383 0.2428 -0.9806 0.0435 0.2359 -0.9962 0.0475 0.2302 -0.9805 0.0342 0.2454
108.0 -1.0124 0.0093 0.2677 -0.9203 0.0412 0.2442 -0.9349 0.0393 0.2447 -0.9565 0.0419 0.2399 -0.9739 0.0456 0.2344 -0.9895 0.0496 0.2287 -0.9487 0.0325 0.2503 -0.9639 0.039 0.2421 -0.9807 0.0441 0.2353 -0.9963 0.0481 0.2296 -0.9804 0.0346 0.245
109.0 -1.0136 0.011 0.2659 -0.9205 0.0424 0.2429 -0.9362 0.0415 0.2423 -0.9584 0.0428 0.2388 -0.975 0.0467 0.2332 -0.9905 0.0501 0.2282 -0.9484 0.0307 0.2521 -0.9647 0.0383 0.2428 -0.9814 0.0434 0.2359 -0.9971 0.0474 0.2303 -0.981 0.0342 0.2454
110.0 -1.0127 0.0111 0.2659 -0.9217 0.0392 0.2461 -0.9375 0.0389 0.2448 -0.9607 0.0407 0.2407 -0.9757 0.046 0.2338 -0.9903 0.0489 0.2294 -0.9486 0.0319 0.2509 -0.9638 0.0384 0.2427 -0.9806 0.0435 0.2359 -0.9955 0.0482 0.2296 -0.9802 0.0346 0.245
111.0 -1.0126 0.0105 0.2665 -0.9197 0.0426 0.2429 -0.9378 0.0407 0.243 -0.9592 0.0421 0.2394 -0.9756 0.0454 0.2344 -0.9905 0.0501 0.2282 -0.9486 0.0319 0.2509 -0.9639 0.039 0.2421 -0.9807 0.0441 0.2353 -0.9962 0.0475 0.2302 -0.9804 0.0346 0.245
112.0 -1.0126 0.0105 0.2665 -0.9191 0.039 0.2466 -0.9335 0.0413 0.2428 -0.955 0.0433 0.2386 -0.9724 0.0471 0.2331 -0.9887 0.0497 0.2287 -0.9474 0.0303 0.2527 -0.9636 0.0372 0.244 -0.9803 0.0423 0.2371 -0.996 0.0463 0.2315 -0.98 0.0333 0.2464
113.0 -1.0125 0.0099 0.2671 -0.9213 0.0417 0.2436 -0.9392 0.0387 0.2449 -0.9598 0.0408 0.2407 -0.9755 0.0448 0.2351 -0.9903 0.0489 0.2294 -0.9479 0.0326 0.2502 -0.9623 0.0399 0.2414 -0.9789 0.0443 0.2352 -0.9945 0.0477 0.2302 -0.9792 0.0349 0.2448
114.0 -1.0118 0.0112 0.2658 -0.923 0.0415 0.2436 -0.9385 0.0394 0.2442 -0.9597 0.0402 0.2413 -0.9753 0.0436 0.2363 -0.9891 0.0472 0.2312 -0.9485 0.0313 0.2515 -0.9647 0.0383 0.2428 -0.9806 0.0435 0.2359 -0.9963 0.0481 0.2296 -0.9804 0.0345 0.2451
115.0 -1.0136 0.011 0.2659 -0.9214 0.0423 0.243 -0.9346 0.0424 0.2416 -0.9552 0.0445 0.2374 -0.9742 0.0474 0.2325 -0.9905 0.0501 0.2282 -0.9501 0.0305 0.2522 -0.9654 0.0376 0.2434 -0.9822 0.0427 0.2366 -0.9979 0.0473 0.2303 -0.9818 0.0338 0.2457
116.0 -1.0126 0.0105 0.2665 -0.921 0.0399 0.2454 -0.9334 0.0407 0.2434 -0.9548 0.0421 0.2399 -0.973 0.0457 0.2343 -0.9888 0.0503 0.2281 -0.9485 0.0313 0.2515 -0.9639 0.039 0.2421 -0.9807 0.0441 0.2353 -0.9963 0.0481 0.2296 -0.9804 0.0346 0.245
117.0 -1.0128 0.0117 0.2652 -0.9208 0.0387 0.2467 -0.9341 0.0394 0.2447 -0.9547 0.0415 0.2405 -0.9721 0.0453 0.2349 -0.986 0.0495 0.2292 -0.9478 0.0321 0.2508 -0.9622 0.0393 0.242 -0.9781 0.0444 0.2352 -0.9938 0.049 0.2289 -0.9789 0.0353 0.2444
118.0 -1.0136 0.011 0.2659 -0.9202 0.0407 0.2448 -0.9362 0.0415 0.2423 -0.9577 0.0435 0.2381 -0.9752 0.0479 0.2319 -0.989 0.0515 0.2268 -0.9486 0.0319 0.2509 -0.9639 0.039 0.2421 -0.9797 0.0436 0.2359 -0.9953 0.0476 0.2302 -0.9802 0.0346 0.245
119.0 -1.0151 0.0095 0.2672 -0.9112 0.0394 0.2469 -0.9275 0.0568 0.2276 -0.9423 0.0609 0.2219 -0.9561 0.0645 0.2168 -0.9758 0.0619 0.2176 -0.947 0.0328 0.2502 -0.9633 0.0403 0.2408 -0.9808 0.0447 0.2346 -0.9988 0.0472 0.2303 -0.981 0.0349 0.2446
120.0 -1.0175 0.0086 0.2679 -0.911 0.0382 0.2482 -0.928 0.0598 0.2245 -0.9411 0.0641 0.2187 -0.9574 0.0668 0.2144 -0.979 0.0645 0.2146 -0.9497 0.033 0.2497 -0.9659 0.04 0.2409 -0.9832 0.0438 0.2354 -1.0012 0.0456 0.2317 -0.9835 0.0342 0.2451
121.0 -1.0193 0.0084 0.268 -0.9113 0.0351 0.2513 -0.9245 0.0602 0.2243 -0.938 0.067 0.2161 -0.9579 0.0698 0.2113 -0.9817 0.0653 0.2134 -0.9512 0.0316 0.251 -0.9666 0.0393 0.2416 -0.9841 0.0436 0.2354 -1.0021 0.0461 0.2311 -0.9847 0.0338 0.2454
122.0 -1.0206 0.0057 0.2705 -0.9118 0.0326 0.2538 -0.9229 0.0562 0.2287 -0.9352 0.0661 0.2173 -0.9562 0.07 0.2112 -0.9779 0.0683 0.2108 -0.9551 0.0286 0.2536 -0.9705 0.0363 0.2442 -0.9871 0.0408 0.238 -1.0052 0.0438 0.2331 -0.9877 0.0311 0.2479
123.0 -1.0243 0.0071 0.2688 -0.9132 0.0306 0.2558 -0.9228 0.0501 0.2349 -0.9354 0.0618 0.2216 -0.9565 0.0669 0.2143 -0.9785 0.067 0.2121 -0.9589 0.0257 0.2563 -0.9728 0.0342 0.2462 -0.9888 0.0406 0.2381 -1.0046 0.0451 0.2318 -0.9899 0.0305 0.2482
124.0 -1.0269 0.0067 0.2689 -0.9145 0.028 0.2583 -0.9196 0.0469 0.2385 -0.9329 0.0579 0.2259 -0.9541 0.063 0.2186 -0.9774 0.0659 0.2133 -0.9605 0.0242 0.2576 -0.9753 0.0338 0.2463 -0.9913 0.0396 0.2388 -1.0063 0.0449 0.2319 -0.9921 0.0299 0.2487
125.0 -1.031 0.0049 0.2703 -0.9174 0.0245 0.2615 -0.9172 0.0386 0.2472 -0.9303 0.0527 0.2314 -0.9515 0.0584 0.2235 -0.9813 0.0629 0.2159 -0.9641 0.0201 0.2615 -0.9781 0.0298 0.2502 -0.9925 0.0364 0.242 -1.0083 0.041 0.2357 -0.9948 0.0264 0.2519
126.0 -1.035 0.0026 0.2723 -0.9202 0.0205 0.2654 -0.9168 0.0362 0.2497 -0.9306 0.0496 0.2346 -0.953 0.057 0.2248 -0.9851 0.0643 0.2142 -0.9646 0.0176 0.264 -0.9785 0.0267 0.2533 -0.9946 0.0331 0.2452 -1.0113 0.0381 0.2383 -0.9968 0.0236 0.2546
127.0 -1.0368 0.0029 0.2718 -0.927 0.019 0.2663 -0.9243 0.034 0.2512 -0.9411 0.0494 0.2337 -0.9624 0.0551 0.2258 -0.9939 0.0594 0.2183 -0.9669 0.016 0.2653 -0.981 0.0257 0.254 -0.997 0.0321 0.2459 -1.0135 0.036 0.2403 -0.999 0.0226 0.2555
128.0 -1.0443 0.0007 0.2733 -0.9312 0.0178 0.2671 -0.9256 0.0314 0.2537 -0.9396 0.046 0.2374 -0.9604 0.0542 0.227 -0.9913 0.0598 0.2182 -0.9736 0.0139 0.2668 -0.9857 0.0227 0.2567 -1.0009 0.0292 0.2485 -1.0184 0.0335 0.2423 -1.0046 0.02 0.2575
129.0 -1.0502 -0.0007 0.2742 -0.9343 0.0155 0.2691 -0.9305 0.0289 0.2558 -0.9434 0.0424 0.2407 -0.9627 0.052 0.2289 -0.9952 0.0568 0.2208 -0.9849 0.0081 0.2716 -0.9955 0.0183 0.2602 -1.0099 0.0255 0.2514 -1.0268 0.0312 0.2439 -1.0135 0.0165 0.2603
130.0 -1.0582 -0.0006 0.2732 -0.9395 0.0148 0.2693 -0.9368 0.025 0.2592 -0.9463 0.039 0.2439 -0.9691 0.0487 0.2317 -1.0022 0.0565 0.2205 -0.9906 0.0055 0.2737 -1.0011 0.0151 0.2629 -1.0148 0.023 0.2534 -1.0308 0.0288 0.2459 -1.0191 0.0144 0.2619
131.0 -1.0672 -0.0042 0.2761 -0.9532 0.013 0.2698 -0.9357 0.0233 0.261 -0.9569 0.0339 0.2481 -0.9788 0.0437 0.2358 -1.0044 0.0543 0.2224 -0.9958 -8.553e-05 0.2789 -1.0064 0.0101 0.2675 -1.021 0.0185 0.2574 -1.0374 0.0267 0.2475 -1.0256 0.0102 0.2655
132.0 -1.0741 -0.0052 0.2764 -0.9585 0.0129 0.2694 -0.9399 0.0221 0.2618 -0.9646 0.0377 0.2434 -0.985 0.0435 0.2354 -1.0092 0.0512 0.2251 -1.0009 -0.0008 0.2791 -1.0113 0.0082 0.2689 -1.0261 0.0172 0.2583 -1.0416 0.0255 0.2482 -1.0308 0.009 0.2662
133.0 -1.0836 -0.0058 0.2761 -0.9702 0.0095 0.2717 -0.9453 0.0183 0.2651 -0.9589 0.0354 0.2463 -0.9859 0.044 0.2348 -1.0149 0.0486 0.2272 -1.0093 -0.0031 0.2807 -1.0189 0.0066 0.2698 -1.032 0.0158 0.2591 -1.0475 0.0241 0.2491 -1.0383 0.0075 0.267
134.0 -1.0897 -0.0061 0.2757 -0.9757 0.0057 0.275 -0.9545 0.0153 0.2673 -0.9704 0.0308 0.2499 -0.9939 0.0393 0.2389 -1.0237 0.0487 0.2263 -1.0179 -0.0043 0.281 -1.0265 0.0043 0.2714 -1.0386 0.0131 0.2612 -1.0549 0.0212 0.2513 -1.0455 0.0057 0.2681
135.0 -1.0958 -0.0069 0.2759 -0.9827 0.0054 0.2747 -0.96 0.0115 0.2707 -0.9763 0.0294 0.2507 -0.9966 0.0395 0.2384 -1.0285 0.0462 0.2284 -1.0237 -0.0063 0.2825 -1.0323 0.0023 0.2729 -1.0452 0.011 0.2627 -1.0616 0.0191 0.2528 -1.0517 0.0038 0.2694
136.0 -1.1061 -0.0083 0.2763 -0.991 0.003 0.2763 -0.9666 0.0093 0.2722 -0.9793 0.0266 0.2533 -1.0033 0.038 0.2393 -1.0351 0.0435 0.2305 -1.0338 -0.0089 0.2842 -1.0416 0.0004 0.2738 -1.0546 0.0091 0.2637 -1.0701 0.0174 0.2537 -1.0612 0.002 0.2704
137.0 -1.1175 -0.0086 0.2755 -1.0006 -0.0026 0.281 -0.9734 0.0078 0.2731 -0.9862 0.0256 0.2536 -1.0091 0.036 0.2407 -1.0406 0.0397 0.2338 -1.0398 -0.0097 0.2844 -1.0486 0.0001 0.2735 -1.0599 0.0096 0.2627 -1.0755 0.0179 0.2527 -1.0683 0.0019 0.2698
138.0 -1.1268 -0.0104 0.2765 -1.0118 -0.0041 0.2814 -0.9815 0.0037 0.2765 -0.9918 0.0224 0.2563 -1.0156 0.0327 0.2435 -1.0494 0.0397 0.2329 -1.0523 -0.0138 0.2874 -1.06 -0.0051 0.2777 -1.0722 0.0043 0.2669 -1.0878 0.0131 0.2563 -1.0798 -0.0024 0.273
139.0 -1.1364 -0.0111 0.2763 -1.0234 -0.0081 0.2844 -0.99 0.0019 0.2775 -1.0012 0.0206 0.2573 -1.0225 0.0317 0.2438 -1.056 0.0376 0.2344 -1.0618 -0.0151 0.2877 -1.0697 -0.0052 0.2768 -1.081 0.0043 0.266 -1.0965 0.0126 0.256 -1.0891 -0.0029 0.2726
140.0 -1.1485 -0.0121 0.2761 -1.0325 -0.0112 0.2866 -0.9998 -0.0025 0.281 -1.0085 0.0171 0.2601 -1.0331 0.0272 0.2473 -1.0647 0.037 0.2342 -1.0735 -0.0185 0.2901 -1.0813 -0.0092 0.2798 -1.0927 0.0009 0.2683 -1.1086 0.011 0.2565 -1.1009 -0.0056 0.2741
141.0 -1.1607 -0.0126 0.2753 -1.0459 -0.0105 0.2846 -1.0094 -0.0025 0.2801 -1.0196 0.0156 0.2605 -1.0417 0.0261 0.2476 -1.0744 0.0321 0.2383 -1.087 -0.0216 0.2918 -1.0949 -0.0116 0.2809 -1.1055 -0.0015 0.2695 -1.1196 0.0089 0.2575 -1.1136 -0.0077 0.275
142.0 -1.1738 -0.0131 0.2746 -1.0613 -0.0126 0.2852 -1.0229 -0.0062 0.2825 -1.0301 0.0148 0.2603 -1.0535 0.0233 0.2493 -1.0859 0.0323 0.2368 -1.0991 -0.0232 0.2923 -1.1069 -0.0139 0.282 -1.1175 -0.0031 0.2699 -1.1318 0.0078 0.2574 -1.1258 -0.0091 0.2752
143.0 -1.1791 -0.0132 0.2742 -1.0721 -0.0116 0.2831 -1.0356 -0.0085 0.2836 -1.0401 0.0117 0.2625 -1.0665 0.0221 0.2492 -1.0961 0.0303 0.2379 -1.1113 -0.0236 0.2915 -1.1183 -0.0136 0.2806 -1.129 -0.0028 0.2685 -1.1423 0.0076 0.2565 -1.136 -0.0091 0.2743
144.0 -1.1877 -0.0144 0.2745 -1.0885 -0.0132 0.2832 -1.0477 -0.0101 0.2841 -1.052 0.0094 0.2636 -1.0758 0.0197 0.2508 -1.1073 0.0288 0.2383 -1.1228 -0.0233 0.2901 -1.1288 -0.0144 0.2803 -1.1403 -0.0037 0.2683 -1.1544 0.0066 0.2564 -1.1468 -0.0098 0.2739
145.0 -1.1937 -0.0152 0.2747 -1.1033 -0.014 0.2825 -1.0614 -0.012 0.2846 -1.0692 0.0071 0.2643 -1.0914 0.0182 0.2508 -1.1199 0.0302 0.2357 -1.1339 -0.0254 0.2912 -1.1409 -0.0154 0.2802 -1.1507 -0.0045 0.2681 -1.1631 0.006 0.2561 -1.1565 -0.0109 0.2741
146.0 -1.2163 -0.0115 0.2688 -1.1218 -0.014 0.2807 -1.0761 -0.0134 0.2846 -1.0822 0.006 0.2642 -1.1052 0.0169 0.2507 -1.1308 0.0275 0.2373 -1.149 -0.0244 0.2886 -1.1526 -0.0139 0.2775 -1.1608 -0.0022 0.2647 -1.1732 0.0083 0.2527 -1.1704 -0.0088 0.2705
147.0 -1.229 -0.0145 0.2705 -1.1347 -0.0103 0.2756 -1.0877 -0.0125 0.2825 -1.0962 0.0059 0.2628 -1.1151 0.018 0.2486 -1.1441 0.0281 0.2354 -1.1593 -0.0258 0.289 -1.1649 -0.0138 0.2761 -1.1741 -0.0016 0.2627 -1.1877 0.0107 0.2489 -1.183 -0.009 0.2695
148.0 -1.2465 -0.015 0.2693 -1.152 -0.012 0.2756 -1.1016 -0.0138 0.2824 -1.1069 0.0063 0.2614 -1.127 0.0158 0.2497 -1.1574 0.0288 0.2334 -1.1763 -0.0244 0.2859 -1.1808 -0.0135 0.2742 -1.1915 -0.0027 0.2622 -1.2056 0.0076 0.2502 -1.2001 -0.0096 0.2684
149.0 -1.2503 -0.0137 0.2676 -1.1626 -0.0122 0.2748 -1.1167 -0.0127 0.2799 -1.1209 0.0062 0.2601 -1.142 0.0162 0.2478 -1.1694 0.0321 0.2288 -1.1867 -0.0252 0.2857 -1.1903 -0.0147 0.2746 -1.1992 -0.0037 0.2625 -1.2117 0.0074 0.2498 -1.2076 -0.01 0.268
150.0 -1.2601 -0.0126 0.2655 -1.1759 -0.0116 0.2728 -1.1298 -0.0133 0.2791 -1.1323 0.0059 0.2593 -1.1517 0.0161 0.2469 -1.1807 0.0311 0.2287 -1.1999 -0.0252 0.2844 -1.2028 -0.0134 0.272 -1.211 -0.0017 0.2592 -1.2208 0.0086 0.2477 -1.2189 -0.0088 0.2657
151.0 -1.3473 0.008 0.2357 -1.2737 -0.0003 0.2516 -1.2249 -0.0078 0.2641 -1.2178 0.0121 0.2445 -1.2261 0.0238 0.2317 -1.2567 0.038 0.2141 -1.2918 -0.0126 0.2623 -1.2901 -0.0025 0.2522 -1.2928 0.0081 0.2411 -1.2991 0.0188 0.2295 -1.3042 0.004 0.2442
152.0 -1.3538 0.0096 0.2335 -1.2857 0.0029 0.2471 -1.2318 -0.0038 0.2594 -1.2252 0.0141 0.2416 -1.2344 0.0263 0.2282 -1.2617 0.0416 0.2099 -1.2991 -0.0111 0.2601 -1.2966 -0.0004 0.2494 -1.2993 0.0102 0.2382 -1.3056 0.021 0.2266 -1.3109 0.0059 0.2416
153.0 -1.3583 0.0102 0.2324 -1.2955 0.0034 0.2456 -1.2365 -0.002 0.257 -1.2318 0.0163 0.2387 -1.2418 0.0284 0.2254 -1.2679 0.042 0.2089 -1.3021 -0.0091 0.2577 -1.2995 0.0011 0.2476 -1.3021 0.0111 0.2371 -1.3111 0.0221 0.225 -1.3146 0.0071 0.24
154.0 -1.3613 0.0123 0.23 -1.301 0.0045 0.2439 -1.2401 -0.0013 0.2559 -1.2363 0.0169 0.2377 -1.2463 0.029 0.2243 -1.2716 0.0427 0.2078 -1.3058 -0.0083 0.2566 -1.3032 0.0024 0.2459 -1.3059 0.0124 0.2354 -1.3139 0.0229 0.2238 -1.318 0.0083 0.2383
155.0 -1.3632 0.0132 0.2289 -1.3043 0.0035 0.2447 -1.2439 1.891e-05 0.2542 -1.2391 0.0178 0.2365 -1.2499 0.0291 0.2238 -1.276 0.0427 0.2074 -1.3092 -0.0088 0.2567 -1.3058 0.002 0.246 -1.3093 0.012 0.2355 -1.3174 0.0231 0.2233 -1.321 0.0083 0.2381
156.0 -1.3676 0.0132 0.2284 -1.3077 0.003 0.2448 -1.2472 -0.001 0.255 -1.2433 0.0166 0.2373 -1.2516 0.0289 0.2239 -1.2787 0.043 0.2068 -1.3136 -0.0088 0.2563 -1.311 0.0013 0.2462 -1.3129 0.0121 0.235 -1.3209 0.0226 0.2235 -1.3252 0.0081 0.2379
157.0 -1.3676 0.0132 0.2284 -1.3129 0.0023 0.245 -1.2506 -0.0015 0.2551 -1.2442 0.0171 0.2367 -1.2544 0.0298 0.2228 -1.2813 0.0426 0.2069 -1.3153 -0.009 0.2563 -1.3128 0.0017 0.2456 -1.3154 0.0117 0.2351 -1.3235 0.0229 0.2229 -1.3269 0.0081 0.2377
158.0 -1.3665 0.0122 0.2296 -1.313 0.0029 0.2444 -1.2531 -0.0025 0.2558 -1.245 0.0164 0.2374 -1.2551 0.029 0.2234 -1.2822 0.0431 0.2064 -1.316 -0.0103 0.2576 -1.3126 0.0005 0.2469 -1.3162 0.011 0.2358 -1.3243 0.0221 0.2236 -1.3271 0.0071 0.2387
159.0 -1.3674 0.0121 0.2296 -1.3121 0.003 0.2444 -1.2541 -0.002 0.2552 -1.2459 0.0168 0.2368 -1.2569 0.0294 0.2229 -1.2831 0.043 0.2064 -1.3179 -0.0094 0.2564 -1.3161 0.0007 0.2464 -1.3188 0.0107 0.2359 -1.3268 0.0212 0.2243 -1.3294 0.007 0.2385
160.0 -1.372 0.0133 0.2279 -1.312 0.0024 0.245 -1.2524 -0.0017 0.2552 -1.2477 0.0166 0.2369 -1.2567 0.0282 0.2241 -1.2829 0.0418 0.2076 -1.3179 -0.0094 0.2564 -1.3145 0.0015 0.2457 -1.318 0.0114 0.2352 -1.3261 0.0225 0.223 -1.3297 0.0079 0.2377
161.0 -1.372 0.0133 0.2279 -1.3138 0.0022 0.245 -1.2532 -0.0019 0.2552 -1.2494 0.0164 0.2369 -1.2585 0.028 0.2242 -1.2837 0.0417 0.2077 -1.3178 -0.01 0.2571 -1.3153 0.0008 0.2464 -1.3189 0.0113 0.2353 -1.327 0.0224 0.2231 -1.3302 0.0075 0.2379
162.0 -1.3721 0.0139 0.2273 -1.3128 0.0017 0.2456 -1.2532 -0.0019 0.2552 -1.2494 0.0164 0.2369 -1.2577 0.0287 0.2235 -1.2838 0.0423 0.207 -1.3196 -0.0096 0.2565 -1.317 0.0005 0.2464 -1.3197 0.0112 0.2353 -1.327 0.0224 0.2231 -1.3311 0.0077 0.2377
163.0 -1.3755 0.0134 0.2275 -1.3163 0.0018 0.2451 -1.2533 -0.0013 0.2546 -1.2494 0.0164 0.2369 -1.2585 0.028 0.2242 -1.283 0.0424 0.207 -1.3197 -0.009 0.2559 -1.3163 0.0018 0.2451 -1.319 0.0119 0.2346 -1.3271 0.023 0.2225 -1.3315 0.0082 0.2371
164.0 -1.3754 0.0128 0.2281 -1.3157 0.0032 0.2439 -1.2525 -0.0011 0.2545 -1.2494 0.0164 0.2369 -1.2593 0.0279 0.2242 -1.283 0.0424 0.207 -1.319 -0.0083 0.2552 -1.3155 0.002 0.2451 -1.3191 0.0125 0.234 -1.3272 0.0236 0.2218 -1.3312 0.0085 0.2369
165.0 -1.3747 0.0135 0.2274 -1.3171 0.0011 0.2458 -1.2542 -0.0014 0.2546 -1.2494 0.0164 0.2369 -1.2585 0.028 0.2242 -1.2838 0.0423 0.207 -1.3207 -0.0085 0.2553 -1.3172 0.0017 0.2452 -1.3198 0.0118 0.2347 -1.3279 0.0229 0.2225 -1.3321 0.0083 0.237
166.0 -1.3756 0.014 0.2268 -1.3162 0.0012 0.2458 -1.2543 -0.0008 0.254 -1.2503 0.0169 0.2363 -1.2593 0.0279 0.2242 -1.2847 0.0422 0.2071 -1.3207 -0.0085 0.2553 -1.3181 0.0016 0.2452 -1.3207 0.0116 0.2347 -1.3288 0.0228 0.2225 -1.3328 0.0083 0.2369
167.0 -1.3749 0.0147 0.2262 -1.3172 0.0017 0.2452 -1.2552 -0.0009 0.254 -1.2505 0.0175 0.2357 -1.2594 0.0285 0.2236 -1.2848 0.0427 0.2065 -1.3214 -0.0092 0.256 -1.3181 0.0016 0.2452 -1.3207 0.0116 0.2347 -1.3279 0.0229 0.2225 -1.3326 0.0083 0.2369
