1.0 -1.3619 -0.0446 0.2881 -1.2857 -0.0826 0.3345 -1.225 -0.0573 0.3147 -1.2262 -0.0355 0.2922 -1.238 -0.0236 0.279 -1.26 -0.0132 0.2661 -1.2931 -0.0653 0.3161 -1.2919 -0.0523 0.3029 -1.2957 -0.0406 0.2906 -1.3039 -0.0289 0.2778 -1.3093 -0.0463 0.2951
2.0 -1.3609 -0.0451 0.2887 -1.2857 -0.0826 0.3345 -1.2233 -0.0571 0.3146 -1.2263 -0.0349 0.2916 -1.237 -0.0241 0.2795 -1.26 -0.0132 0.2661 -1.2923 -0.0652 0.316 -1.2928 -0.0524 0.3029 -1.2966 -0.0407 0.2906 -1.3032 -0.0281 0.2771 -1.3091 -0.0463 0.2951
3.0 -1.3611 -0.0439 0.2875 -1.2866 -0.0827 0.3345 -1.2249 -0.0579 0.3153 -1.2269 -0.0368 0.2935 -1.2399 -0.0227 0.2778 -1.26 -0.0132 0.2661 -1.2931 -0.0653 0.3161 -1.2918 -0.0529 0.3035 -1.2956 -0.0412 0.2912 -1.3031 -0.0287 0.2777 -1.3089 -0.0464 0.2952
4.0 -1.3601 -0.0444 0.2881 -1.2856 -0.0832 0.3351 -1.2249 -0.0579 0.3153 -1.2269 -0.0368 0.2935 -1.2399 -0.0227 0.2778 -1.26 -0.0132 0.2661 -1.2923 -0.0652 0.316 -1.291 -0.0522 0.3029 -1.2948 -0.0405 0.2905 -1.3022 -0.0286 0.2777 -1.3081 -0.0462 0.295
5.0 -1.362 -0.044 0.2875 -1.2847 -0.0831 0.3351 -1.2249 -0.0579 0.3153 -1.2272 -0.035 0.2917 -1.24 -0.0221 0.2772 -1.261 -0.0127 0.2655 -1.2924 -0.0646 0.3154 -1.2919 -0.0523 0.3029 -1.2957 -0.0406 0.2906 -1.303 -0.0293 0.2784 -1.309 -0.0461 0.2949
6.0 -1.36 -0.045 0.2887 -1.2848 -0.0825 0.3345 -1.225 -0.0573 0.3147 -1.2271 -0.0356 0.2923 -1.2398 -0.0233 0.2784 -1.26 -0.0132 0.2661 -1.293 -0.0659 0.3167 -1.2926 -0.053 0.3036 -1.2965 -0.0413 0.2912 -1.3031 -0.0287 0.2777 -1.309 -0.0468 0.2956
7.0 -1.3619 -0.0446 0.2881 -1.2855 -0.0838 0.3358 -1.2259 -0.0574 0.3147 -1.2277 -0.0369 0.2935 -1.2398 -0.0233 0.2784 -1.2608 -0.0139 0.2667 -1.294 -0.0654 0.3161 -1.2928 -0.0524 0.3029 -1.2966 -0.0407 0.2906 -1.3039 -0.0289 0.2778 -1.3098 -0.0464 0.2951
8.0 -1.361 -0.0445 0.2881 -1.2857 -0.0826 0.3345 -1.2259 -0.0574 0.3147 -1.2278 -0.0363 0.2929 -1.2399 -0.0227 0.2778 -1.2608 -0.0139 0.2667 -1.294 -0.0654 0.3161 -1.2928 -0.0524 0.3029 -1.2966 -0.0407 0.2906 -1.3039 -0.0289 0.2778 -1.3096 -0.0464 0.2951
9.0 -1.3627 -0.0447 0.2882 -1.2858 -0.082 0.3339 -1.226 -0.0568 0.3141 -1.228 -0.0351 0.2917 -1.2398 -0.0233 0.2784 -1.2619 -0.0128 0.2655 -1.2941 -0.0648 0.3155 -1.2929 -0.0518 0.3023 -1.2967 -0.0401 0.29 -1.304 -0.0283 0.2771 -1.3101 -0.0459 0.2946
10.0 -1.3609 -0.0451 0.2887 -1.2867 -0.0821 0.3339 -1.226 -0.0568 0.3141 -1.2279 -0.0357 0.2923 -1.2388 -0.0237 0.279 -1.2609 -0.0133 0.2661 -1.2941 -0.0648 0.3155 -1.2936 -0.0525 0.303 -1.2974 -0.0408 0.2906 -1.3048 -0.029 0.2778 -1.3102 -0.0464 0.2951
11.0 -1.362 -0.044 0.2875 -1.2857 -0.0826 0.3345 -1.2259 -0.0574 0.3147 -1.228 -0.0351 0.2917 -1.2399 -0.0227 0.2778 -1.2618 -0.0134 0.2661 -1.2932 -0.0647 0.3154 -1.2928 -0.0524 0.3029 -1.2967 -0.0401 0.29 -1.3031 -0.0287 0.2777 -1.3095 -0.046 0.2947
12.0 -1.3626 -0.0453 0.2888 -1.2857 -0.0826 0.3345 -1.226 -0.0568 0.3141 -1.2279 -0.0357 0.2923 -1.2408 -0.0228 0.2778 -1.2619 -0.0128 0.2655 -1.2941 -0.0648 0.3155 -1.2937 -0.0519 0.3024 -1.2975 -0.0402 0.29 -1.3049 -0.0284 0.2772 -1.3106 -0.0461 0.2948
13.0 -1.3627 -0.0447 0.2882 -1.2858 -0.082 0.3339 -1.2269 -0.0569 0.3141 -1.2289 -0.0352 0.2917 -1.2397 -0.0238 0.279 -1.2619 -0.0128 0.2655 -1.2931 -0.0653 0.3161 -1.2926 -0.053 0.3036 -1.2965 -0.0413 0.2912 -1.3038 -0.0294 0.2784 -1.3098 -0.0467 0.2955
14.0 -1.3638 -0.0437 0.287 -1.2857 -0.0826 0.3345 -1.2259 -0.0574 0.3147 -1.2281 -0.0345 0.2911 -1.2409 -0.0222 0.2772 -1.2627 -0.0129 0.2656 -1.2932 -0.0647 0.3154 -1.2929 -0.0518 0.3023 -1.2967 -0.0401 0.29 -1.3039 -0.0289 0.2778 -1.3101 -0.0458 0.2945
15.0 -1.3628 -0.0441 0.2875 -1.2866 -0.0827 0.3345 -1.2259 -0.0574 0.3147 -1.228 -0.0351 0.2917 -1.2408 -0.0228 0.2778 -1.2627 -0.0129 0.2656 -1.2941 -0.0648 0.3155 -1.2929 -0.0518 0.3023 -1.2967 -0.0401 0.29 -1.3032 -0.0281 0.2771 -1.3099 -0.0458 0.2945
16.0 -1.3617 -0.0452 0.2888 -1.2867 -0.0821 0.3339 -1.226 -0.0568 0.3141 -1.228 -0.0351 0.2917 -1.2397 -0.0238 0.279 -1.2627 -0.0129 0.2656 -1.2931 -0.0653 0.3161 -1.2928 -0.0524 0.3029 -1.2974 -0.0408 0.2906 -1.3049 -0.0284 0.2772 -1.31 -0.0464 0.2951
17.0 -1.3628 -0.0441 0.2875 -1.2857 -0.0826 0.3345 -1.2259 -0.0574 0.3147 -1.2288 -0.0358 0.2923 -1.2407 -0.0234 0.2784 -1.2619 -0.0128 0.2655 -1.2941 -0.0648 0.3155 -1.2929 -0.0518 0.3023 -1.2967 -0.0401 0.29 -1.3032 -0.0281 0.2771 -1.3099 -0.0458 0.2945
18.0 -1.3612 -0.0433 0.2869 -1.2866 -0.0827 0.3345 -1.2259 -0.0574 0.3147 -1.2287 -0.0364 0.293 -1.2406 -0.024 0.2791 -1.2618 -0.0134 0.2661 -1.2931 -0.0653 0.3161 -1.2928 -0.0524 0.3029 -1.2957 -0.0406 0.2906 -1.3032 -0.0281 0.2771 -1.3092 -0.0459 0.2947
19.0 -1.3628 -0.0441 0.2875 -1.2866 -0.0827 0.3345 -1.2258 -0.058 0.3153 -1.2279 -0.0357 0.2923 -1.2406 -0.024 0.2791 -1.2618 -0.0134 0.2661 -1.2931 -0.0653 0.3161 -1.2926 -0.053 0.3036 -1.2956 -0.0412 0.2912 -1.303 -0.0293 0.2784 -1.3094 -0.0466 0.2953
20.0 -1.3556 -0.045 0.2891 -1.2873 -0.0834 0.3352 -1.2256 -0.0592 0.3166 -1.2268 -0.0374 0.2941 -1.2385 -0.0255 0.2809 -1.2618 -0.0134 0.2661 -1.293 -0.0659 0.3167 -1.2917 -0.0535 0.3041 -1.2964 -0.0419 0.2918 -1.3047 -0.0296 0.2784 -1.3083 -0.0472 0.296
21.0 -1.3555 -0.0456 0.2898 -1.2855 -0.0838 0.3358 -1.2255 -0.0598 0.3172 -1.2258 -0.0379 0.2947 -1.2366 -0.0265 0.282 -1.2599 -0.0138 0.2667 -1.2929 -0.0665 0.3173 -1.2924 -0.0542 0.3048 -1.2954 -0.0424 0.2924 -1.3028 -0.0299 0.279 -1.3078 -0.0477 0.2967
22.0 -1.3553 -0.0468 0.291 -1.2863 -0.0839 0.3358 -1.2254 -0.0604 0.3178 -1.2267 -0.038 0.2948 -1.2356 -0.027 0.2826 -1.2573 -0.014 0.2672 -1.2929 -0.0665 0.3173 -1.2916 -0.0541 0.3048 -1.2953 -0.043 0.293 -1.3027 -0.0305 0.2796 -1.3076 -0.0482 0.2971
23.0 -1.3552 -0.0474 0.2916 -1.2863 -0.0839 0.3358 -1.2245 -0.0603 0.3178 -1.2257 -0.0385 0.2953 -1.2355 -0.0276 0.2832 -1.2572 -0.0146 0.2678 -1.2928 -0.0671 0.3179 -1.2923 -0.0548 0.3054 -1.2961 -0.0431 0.2931 -1.3027 -0.0305 0.2796 -1.3079 -0.0486 0.2975
24.0 -1.3535 -0.0471 0.2916 -1.2871 -0.0846 0.3364 -1.2244 -0.0609 0.3184 -1.2256 -0.039 0.296 -1.2346 -0.028 0.2838 -1.2572 -0.0146 0.2678 -1.2927 -0.0677 0.3186 -1.2915 -0.0547 0.3054 -1.2953 -0.043 0.293 -1.3027 -0.0305 0.2796 -1.3071 -0.0486 0.2976
25.0 -1.3563 -0.0463 0.2904 -1.2862 -0.0845 0.3364 -1.2219 -0.0599 0.3177 -1.2238 -0.0394 0.2965 -1.2346 -0.028 0.2838 -1.2589 -0.0148 0.2679 -1.2919 -0.0675 0.3185 -1.2915 -0.0547 0.3054 -1.2953 -0.043 0.293 -1.3027 -0.0305 0.2796 -1.3075 -0.0484 0.2974
26.0 -1.3581 -0.0459 0.2899 -1.2865 -0.0833 0.3352 -1.2235 -0.0608 0.3184 -1.2255 -0.0396 0.2966 -1.2345 -0.0286 0.2844 -1.2587 -0.016 0.2691 -1.2928 -0.0671 0.3179 -1.2915 -0.0547 0.3054 -1.2953 -0.043 0.293 -1.3019 -0.0304 0.2796 -1.3079 -0.0482 0.2972
27.0 -1.3582 -0.0453 0.2892 -1.2881 -0.0841 0.3359 -1.2246 -0.0597 0.3172 -1.224 -0.0382 0.2953 -1.2364 -0.0277 0.2833 -1.2596 -0.0155 0.2686 -1.2921 -0.0663 0.3173 -1.2916 -0.0541 0.3048 -1.2954 -0.0424 0.2924 -1.3019 -0.0304 0.2796 -1.3078 -0.0477 0.2967
28.0 -1.3563 -0.0463 0.2904 -1.2854 -0.0844 0.3364 -1.2229 -0.0595 0.3171 -1.2237 -0.04 0.2971 -1.2336 -0.0285 0.2844 -1.2589 -0.0148 0.2679 -1.2912 -0.0662 0.3172 -1.2899 -0.0538 0.3047 -1.2944 -0.0428 0.293 -1.3019 -0.0304 0.2796 -1.3067 -0.0479 0.297
29.0 -1.3591 -0.0455 0.2893 -1.2882 -0.0835 0.3352 -1.2255 -0.0598 0.3172 -1.2257 -0.0385 0.2953 -1.2371 -0.0284 0.2839 -1.2604 -0.0163 0.2692 -1.2928 -0.0671 0.3179 -1.2915 -0.0547 0.3054 -1.2953 -0.043 0.293 -1.3018 -0.031 0.2802 -1.3081 -0.0482 0.2972
30.0 -1.3562 -0.0469 0.291 -1.2873 -0.0834 0.3352 -1.2227 -0.0606 0.3183 -1.2228 -0.0399 0.2971 -1.2336 -0.0285 0.2844 -1.258 -0.0147 0.2679 -1.2921 -0.0663 0.3173 -1.2916 -0.0541 0.3048 -1.2954 -0.0424 0.2924 -1.3036 -0.0306 0.2796 -1.3078 -0.0481 0.297
31.0 -1.3562 -0.0469 0.291 -1.2855 -0.0838 0.3358 -1.2228 -0.06 0.3177 -1.2228 -0.0399 0.2971 -1.2345 -0.0286 0.2844 -1.2588 -0.0154 0.2685 -1.292 -0.0669 0.3179 -1.2916 -0.0541 0.3048 -1.2953 -0.043 0.293 -1.3035 -0.0312 0.2802 -1.3077 -0.0484 0.2974
32.0 -1.357 -0.047 0.2911 -1.2855 -0.0838 0.3358 -1.2218 -0.0605 0.3183 -1.2238 -0.0394 0.2965 -1.2345 -0.0286 0.2844 -1.2586 -0.0166 0.2698 -1.2911 -0.0668 0.3179 -1.2907 -0.0539 0.3047 -1.2945 -0.0422 0.2924 -1.302 -0.0298 0.2789 -1.3071 -0.048 0.297
33.0 -1.3572 -0.0458 0.2898 -1.2839 -0.083 0.3351 -1.2228 -0.06 0.3177 -1.2245 -0.0401 0.2972 -1.2363 -0.0283 0.2839 -1.2561 -0.0157 0.269 -1.291 -0.0674 0.3185 -1.2897 -0.055 0.3059 -1.2926 -0.0432 0.2936 -1.2992 -0.0307 0.2801 -1.3059 -0.0484 0.2976
34.0 -1.3566 -0.0445 0.2886 -1.2822 -0.0827 0.335 -1.2237 -0.0602 0.3177 -1.2238 -0.0394 0.2965 -1.2348 -0.0268 0.2826 -1.2569 -0.0158 0.2691 -1.2902 -0.0667 0.3178 -1.2879 -0.0548 0.3059 -1.2909 -0.043 0.2935 -1.2982 -0.0311 0.2807 -1.3048 -0.048 0.2973
35.0 -1.3449 -0.046 0.2912 -1.2722 -0.0844 0.3377 -1.2155 -0.0615 0.3199 -1.2156 -0.0408 0.2987 -1.2265 -0.0288 0.2854 -1.2479 -0.017 0.2712 -1.2796 -0.0671 0.3193 -1.279 -0.0554 0.3074 -1.282 -0.0436 0.295 -1.2893 -0.0318 0.2822 -1.295 -0.0488 0.299
36.0 -1.3351 -0.0465 0.2927 -1.2598 -0.0846 0.3391 -1.2018 -0.0645 0.3244 -1.2016 -0.0407 0.3 -1.2128 -0.0318 0.2898 -1.2345 -0.0183 0.2738 -1.2688 -0.0687 0.322 -1.2664 -0.0574 0.3107 -1.2692 -0.0462 0.2989 -1.2774 -0.0344 0.2861 -1.2834 -0.0506 0.3021
37.0 -1.3256 -0.0507 0.298 -1.2554 -0.0846 0.3396 -1.194 -0.0635 0.3241 -1.1934 -0.042 0.3022 -1.2047 -0.0326 0.2914 -1.2293 -0.0182 0.2742 -1.2619 -0.0678 0.3217 -1.2605 -0.056 0.3098 -1.2642 -0.0449 0.2981 -1.273 -0.0345 0.2866 -1.277 -0.0508 0.3028
38.0 -1.3212 -0.0507 0.2984 -1.2503 -0.0839 0.3394 -1.1887 -0.064 0.3251 -1.1863 -0.0423 0.3032 -1.1978 -0.0322 0.2918 -1.2231 -0.0179 0.2746 -1.2575 -0.0678 0.3222 -1.2561 -0.056 0.3103 -1.2605 -0.0456 0.2992 -1.2696 -0.034 0.2864 -1.273 -0.0508 0.3033
39.0 -1.3188 -0.0492 0.2971 -1.2442 -0.0837 0.3398 -1.1817 -0.0637 0.3255 -1.1803 -0.0415 0.303 -1.1924 -0.0327 0.2928 -1.2178 -0.0184 0.2757 -1.2506 -0.0669 0.3219 -1.2491 -0.0557 0.3106 -1.2535 -0.0453 0.2995 -1.2626 -0.0337 0.2868 -1.2669 -0.0501 0.3032
40.0 -1.3128 -0.0484 0.2968 -1.2342 -0.0854 0.3425 -1.1764 -0.0636 0.3259 -1.1742 -0.0413 0.3033 -1.1857 -0.0306 0.2913 -1.2084 -0.0166 0.2747 -1.2459 -0.0687 0.3242 -1.2436 -0.0567 0.3123 -1.2473 -0.0456 0.3006 -1.2554 -0.0345 0.2884 -1.261 -0.0508 0.3045
41.0 -1.3027 -0.0507 0.3002 -1.2291 -0.0841 0.3417 -1.1674 -0.0648 0.3281 -1.167 -0.0421 0.3049 -1.1785 -0.0315 0.2929 -1.2014 -0.0162 0.275 -1.2361 -0.0692 0.3257 -1.2356 -0.0575 0.3138 -1.2401 -0.0465 0.3021 -1.2492 -0.0349 0.2894 -1.2527 -0.0518 0.3063
42.0 -1.2994 -0.0496 0.2994 -1.2217 -0.0813 0.3395 -1.1587 -0.0642 0.3283 -1.1592 -0.0417 0.3053 -1.1708 -0.0304 0.2926 -1.1939 -0.0189 0.2785 -1.2336 -0.0688 0.3256 -1.2329 -0.0577 0.3144 -1.2375 -0.0462 0.302 -1.2466 -0.0346 0.2893 -1.25 -0.0514 0.3062
43.0 -1.29 -0.0477 0.2985 -1.2114 -0.0848 0.3441 -1.1524 -0.0652 0.33 -1.1489 -0.0452 0.3099 -1.1607 -0.0327 0.2959 -1.187 -0.0186 0.2789 -1.2238 -0.0693 0.3271 -1.2222 -0.0581 0.3158 -1.2261 -0.0464 0.3035 -1.2344 -0.0341 0.2901 -1.2393 -0.0512 0.307
44.0 -1.278 -0.051 0.303 -1.2064 -0.0835 0.3433 -1.1419 -0.065 0.3308 -1.1403 -0.044 0.3095 -1.1538 -0.0318 0.2957 -1.179 -0.0187 0.2798 -1.2165 -0.0708 0.3293 -1.2169 -0.0586 0.3169 -1.2207 -0.0469 0.3045 -1.229 -0.0346 0.2911 -1.2322 -0.0524 0.309
45.0 -1.2729 -0.0503 0.3028 -1.1954 -0.0857 0.3466 -1.1356 -0.0654 0.3318 -1.1331 -0.0449 0.3111 -1.1458 -0.0326 0.2972 -1.1679 -0.0166 0.2787 -1.2077 -0.0708 0.3302 -1.2071 -0.0592 0.3184 -1.2109 -0.0475 0.306 -1.2183 -0.0356 0.2932 -1.2234 -0.0527 0.3101
46.0 -1.2668 -0.0501 0.3032 -1.1874 -0.0864 0.3482 -1.1276 -0.0661 0.3334 -1.1266 -0.0465 0.3134 -1.141 -0.035 0.3002 -1.1623 -0.0189 0.2816 -1.2016 -0.0706 0.3306 -1.2 -0.0594 0.3193 -1.2038 -0.0477 0.307 -1.213 -0.0355 0.2936 -1.217 -0.0527 0.3107
47.0 -1.256 -0.0511 0.3053 -1.1691 -0.0754 0.3387 -1.1171 -0.0659 0.3342 -1.1183 -0.0441 0.3118 -1.1332 -0.0339 0.2999 -1.1571 -0.0231 0.2864 -1.1935 -0.0714 0.3322 -1.1969 -0.0621 0.3223 -1.2032 -0.0513 0.3107 -1.2124 -0.0391 0.2973 -1.2124 -0.055 0.3136
48.0 -1.2506 -0.0522 0.3069 -1.1686 -0.0833 0.3468 -1.1109 -0.0663 0.3352 -1.1118 -0.0457 0.314 -1.1269 -0.0349 0.3015 -1.1492 -0.0183 0.2824 -1.1873 -0.0717 0.3332 -1.1884 -0.0603 0.3214 -1.1931 -0.0487 0.3091 -1.2014 -0.0364 0.2957 -1.2042 -0.0539 0.3132
49.0 -1.2438 -0.0507 0.306 -1.1636 -0.0814 0.3454 -1.1048 -0.0655 0.335 -1.104 -0.0452 0.3144 -1.1164 -0.0347 0.3023 -1.1413 -0.0179 0.2827 -1.1769 -0.071 0.3334 -1.1778 -0.0607 0.3228 -1.1842 -0.0493 0.3106 -1.1935 -0.0365 0.2966 -1.1952 -0.0536 0.3139
50.0 -1.2303 -0.0525 0.3093 -1.1501 -0.0832 0.3486 -1.0968 -0.0662 0.3366 -1.095 -0.0465 0.3165 -1.1085 -0.0348 0.3033 -1.1323 -0.0191 0.2849 -1.1711 -0.0738 0.3369 -1.1722 -0.0624 0.3251 -1.178 -0.0497 0.3116 -1.1865 -0.0362 0.2969 -1.1876 -0.0549 0.316
51.0 -1.227 -0.0508 0.3079 -1.1459 -0.082 0.3478 -1.0895 -0.0628 0.3338 -1.0897 -0.0464 0.3169 -1.1023 -0.0346 0.3037 -1.1266 -0.0214 0.2878 -1.1626 -0.0721 0.336 -1.1635 -0.0618 0.3254 -1.1698 -0.0511 0.3138 -1.1791 -0.0383 0.2998 -1.1804 -0.0548 0.3166
52.0 -1.2198 -0.0523 0.3101 -1.1257 -0.0567 0.3239 -1.0819 -0.0606 0.3322 -1.0808 -0.047 0.3185 -1.0989 -0.0439 0.3135 -1.1307 -0.0482 0.3148 -1.155 -0.0656 0.3301 -1.1605 -0.0639 0.3278 -1.1727 -0.06 0.3226 -1.1858 -0.0551 0.3163 -1.1788 -0.0594 0.3214
53.0 -1.2086 -0.0508 0.3097 -1.1276 -0.0814 0.349 -1.0711 -0.0671 0.3399 -1.0723 -0.0452 0.3175 -1.0848 -0.0341 0.3049 -1.1109 -0.0211 0.289 -1.1457 -0.0735 0.3391 -1.1474 -0.0633 0.3285 -1.1537 -0.0526 0.3169 -1.1645 -0.0412 0.3042 -1.164 -0.0563 0.3197
54.0 -1.1973 -0.0548 0.3149 -1.1172 -0.08 0.3486 -1.065 -0.0668 0.3403 -1.065 -0.0467 0.3197 -1.0799 -0.0371 0.3084 -1.106 -0.0235 0.292 -1.1368 -0.0741 0.3406 -1.1394 -0.0641 0.3301 -1.1466 -0.0528 0.3179 -1.1576 -0.0403 0.3039 -1.1556 -0.0572 0.3215
55.0 -1.1898 -0.0574 0.3183 -1.1067 -0.0798 0.3494 -1.0552 -0.0674 0.3418 -1.0571 -0.0468 0.3207 -1.0721 -0.0366 0.3088 -1.0975 -0.0218 0.291 -1.1303 -0.0757 0.3429 -1.1322 -0.0649 0.3317 -1.1396 -0.0531 0.3189 -1.1498 -0.0398 0.3043 -1.1483 -0.0582 0.3232
56.0 -1.181 -0.0575 0.3192 -1.0981 -0.0786 0.3491 -1.0493 -0.066 0.341 -1.0475 -0.0462 0.3209 -1.0638 -0.0386 0.3116 -1.0936 -0.0243 0.294 -1.1201 -0.0737 0.3418 -1.1233 -0.0656 0.3332 -1.1321 -0.0557 0.3223 -1.1438 -0.0439 0.309 -1.1401 -0.0593 0.3251
57.0 -1.1704 -0.0579 0.3207 -1.092 -0.0833 0.3545 -1.0418 -0.0686 0.3444 -1.0413 -0.0465 0.3219 -1.0576 -0.039 0.3126 -1.0872 -0.0259 0.2962 -1.112 -0.075 0.344 -1.1155 -0.0651 0.3335 -1.1227 -0.0539 0.3213 -1.1336 -0.0419 0.308 -1.1308 -0.0588 0.3255
58.0 -1.1583 -0.0568 0.3208 -1.0786 -0.0797 0.3521 -1.0284 -0.0698 0.347 -1.0306 -0.0475 0.324 -1.0437 -0.0377 0.3126 -1.0721 -0.0214 0.2931 -1.1005 -0.0753 0.3454 -1.1025 -0.064 0.3337 -1.109 -0.052 0.3208 -1.12 -0.0394 0.3069 -1.118 -0.0575 0.3255
59.0 -1.1472 -0.0547 0.3198 -1.0625 -0.0763 0.3502 -1.0164 -0.0682 0.3466 -1.019 -0.0484 0.3261 -1.033 -0.0387 0.3147 -1.06 -0.0204 0.2933 -1.0906 -0.0764 0.3476 -1.0935 -0.0652 0.3358 -1.0999 -0.0532 0.3229 -1.1092 -0.0404 0.3089 -1.1081 -0.058 0.327
60.0 -1.1388 -0.0524 0.3182 -1.0573 -0.0756 0.35 -1.0066 -0.0687 0.3481 -1.0078 -0.0469 0.3256 -1.0225 -0.0385 0.3156 -1.0521 -0.0199 0.2936 -1.0812 -0.0751 0.3472 -1.083 -0.0644 0.336 -1.0887 -0.0523 0.3231 -1.0977 -0.0407 0.3104 -1.0979 -0.057 0.327
61.0 -1.1264 -0.0531 0.3202 -1.0415 -0.0704 0.3463 -0.997 -0.0687 0.3489 -0.999 -0.0469 0.3265 -1.0122 -0.0371 0.3152 -1.0445 -0.0183 0.2927 -1.0707 -0.0743 0.3474 -1.0726 -0.0636 0.3363 -1.079 -0.0522 0.324 -1.0889 -0.0408 0.3113 -1.0875 -0.0568 0.3278
62.0 -1.1169 -0.0519 0.3199 -1.0285 -0.0693 0.3464 -0.9849 -0.067 0.3485 -0.9893 -0.0469 0.3274 -1.0034 -0.0371 0.3161 -1.0331 -0.018 0.2935 -1.0586 -0.0733 0.3476 -1.0621 -0.0634 0.3371 -1.0684 -0.0526 0.3255 -1.0783 -0.0412 0.3127 -1.0769 -0.0565 0.3285
63.0 -1.1093 -0.0502 0.3189 -1.0176 -0.0665 0.3447 -0.9743 -0.0674 0.3499 -0.9799 -0.0456 0.327 -0.9936 -0.0377 0.3176 -1.0241 -0.0192 0.2957 -1.0533 -0.0732 0.348 -1.0567 -0.0639 0.3381 -1.0622 -0.053 0.3265 -1.0704 -0.0413 0.3137 -1.0704 -0.0563 0.329
64.0 -1.1014 -0.0498 0.3193 -0.9994 -0.0647 0.3447 -0.9629 -0.0671 0.3507 -0.9684 -0.0459 0.3285 -0.9821 -0.0379 0.319 -1.0135 -0.0196 0.2971 -1.0415 -0.0704 0.3463 -1.0455 -0.063 0.3383 -1.0525 -0.0529 0.3274 -1.0615 -0.0419 0.3152 -1.0605 -0.0556 0.3293
65.0 -1.1007 -0.0491 0.3186 -0.9976 -0.0651 0.3452 -0.9543 -0.066 0.3504 -0.9565 -0.0436 0.3274 -0.9719 -0.036 0.318 -1.0022 -0.0187 0.2973 -1.0357 -0.0733 0.3498 -1.0403 -0.0672 0.3431 -1.0474 -0.0571 0.3321 -1.0557 -0.0448 0.3187 -1.056 -0.0583 0.3325
66.0 -1.0824 -0.0478 0.3191 -0.9776 -0.0636 0.3457 -0.9349 -0.0615 0.3478 -0.94 -0.042 0.3274 -0.9575 -0.0328 0.3162 -0.9919 -0.0173 0.2969 -1.0165 -0.0725 0.3509 -1.0205 -0.0651 0.343 -1.0286 -0.054 0.3308 -1.0387 -0.0413 0.3168 -1.0373 -0.0561 0.3321
67.0 -1.0713 -0.0463 0.3187 -0.9605 -0.0607 0.3444 -0.9272 -0.0599 0.3469 -0.9341 -0.0406 0.3265 -0.9501 -0.03 0.314 -0.981 -0.014 0.2946 -1.0063 -0.0705 0.3499 -1.0113 -0.062 0.3407 -1.0194 -0.0509 0.3286 -1.0303 -0.039 0.3153 -1.0277 -0.0537 0.3306
68.0 -1.0571 -0.042 0.3157 -0.9537 -0.0543 0.3385 -0.9088 -0.0549 0.3436 -0.915 -0.0344 0.322 -0.9347 -0.0273 0.3128 -0.9661 -0.0138 0.2959 -0.9909 -0.0678 0.3487 -0.9956 -0.0611 0.3414 -1.0054 -0.0509 0.3299 -1.0155 -0.0382 0.3159 -1.0129 -0.052 0.3303
69.0 -1.0381 -0.04 0.3156 -0.933 -0.0319 0.3177 -0.8921 -0.0447 0.3349 -0.8927 -0.0259 0.3155 -0.9108 -0.0179 0.3056 -0.9471 -0.0069 0.2908 -0.9699 -0.0626 0.3454 -0.974 -0.0588 0.3412 -0.9817 -0.0501 0.3315 -0.9926 -0.0381 0.3182 -0.9913 -0.0499 0.3304
70.0 -1.034 -0.0382 0.3141 -0.9418 -0.0117 0.2962 -0.8831 -0.0405 0.3314 -0.8871 -0.0227 0.3128 -0.906 -0.0155 0.3036 -0.943 -0.0052 0.2894 -0.9637 -0.0575 0.3408 -0.9668 -0.0548 0.3378 -0.9743 -0.0473 0.3293 -0.9826 -0.035 0.3159 -0.9843 -0.0465 0.3276
71.0 -1.0149 -0.0418 0.3196 -0.9229 -0.0245 0.3111 -0.8748 -0.0381 0.3298 -0.8796 -0.0204 0.3113 -0.9013 -0.0124 0.3009 -0.9378 -0.0045 0.2892 -0.9507 -0.0563 0.3409 -0.955 -0.052 0.3361 -0.9636 -0.0434 0.3264 -0.9744 -0.032 0.3137 -0.9717 -0.0451 0.3273
72.0 -1.0122 -0.0371 0.3152 -0.9214 -0.0127 0.2992 -0.8648 -0.0349 0.3276 -0.8708 -0.0205 0.3122 -0.8915 -0.0129 0.3024 -0.9321 -0.0019 0.2871 -0.9523 -0.0522 0.3366 -0.9574 -0.0486 0.3324 -0.9658 -0.0406 0.3234 -0.9758 -0.0285 0.31 -0.9727 -0.0414 0.3235
73.0 -1.0095 -0.0325 0.3107 -0.924 0.0017 0.2843 -0.863 -0.0298 0.3225 -0.8586 -0.0249 0.318 -0.879 -0.0136 0.3044 -0.9065 -0.0076 0.2955 -0.947 -0.0473 0.332 -0.9504 -0.0483 0.3328 -0.9558 -0.0423 0.3261 -0.9616 -0.0297 0.3126 -0.9649 -0.04 0.3228
74.0 -0.9996 -0.0336 0.3128 -0.9171 0.0026 0.284 -0.8525 -0.0296 0.3233 -0.8481 -0.0247 0.3188 -0.866 -0.0125 0.3045 -0.9006 -0.0062 0.2946 -0.9423 -0.0442 0.3293 -0.9439 -0.045 0.33 -0.9482 -0.0407 0.3252 -0.9534 -0.031 0.3148 -0.9575 -0.0389 0.3224
75.0 -0.989 -0.0285 0.3087 -0.9047 -0.0079 0.296 -0.8511 -0.0276 0.3214 -0.8497 -0.0207 0.3145 -0.8744 -0.01 0.3011 -0.9136 0.0031 0.2839 -0.9326 -0.0441 0.3302 -0.9378 -0.0399 0.3254 -0.9454 -0.0318 0.3163 -0.9537 -0.0194 0.3029 -0.9517 -0.0327 0.3167
76.0 -0.9819 -0.0239 0.3046 -0.8925 -0.0124 0.3018 -0.8409 -0.0256 0.3204 -0.8433 -0.0119 0.3061 -0.8689 -0.0062 0.2978 -0.9126 0.0069 0.2801 -0.9262 -0.0408 0.3275 -0.9317 -0.0342 0.3202 -0.9404 -0.025 0.3099 -0.9495 -0.0134 0.2971 -0.9459 -0.0274 0.3119
77.0 -0.9726 -0.0269 0.3086 -0.8927 -0.0008 0.2899 -0.8388 -0.0223 0.3172 -0.8383 -0.0155 0.3103 -0.8621 -0.0046 0.2969 -0.8985 0.0021 0.2864 -0.9188 -0.0379 0.3253 -0.9236 -0.0355 0.3224 -0.9318 -0.0287 0.3146 -0.9398 -0.0182 0.303 -0.9373 -0.0295 0.3148
78.0 -0.97 -0.0216 0.3035 -0.9006 0.014 0.274 -0.8392 -0.0101 0.3047 -0.8341 -0.0088 0.3039 -0.8416 -0.0165 0.3111 -0.855 -0.0251 0.3185 -0.9191 -0.0209 0.3078 -0.9185 -0.0294 0.3165 -0.9186 -0.0337 0.3209 -0.9194 -0.0344 0.3216 -0.9291 -0.028 0.3141
79.0 -0.9606 -0.0204 0.3032 -0.878 -0.0043 0.295 -0.826 -0.0199 0.3161 -0.8272 -0.0085 0.3043 -0.8462 -5.54e-05 0.2938 -0.8777 0.0085 0.2819 -0.9055 -0.0331 0.3217 -0.9094 -0.0263 0.3143 -0.9162 -0.0174 0.3046 -0.9242 -0.0069 0.293 -0.9232 -0.0208 0.3074
80.0 -0.9515 -0.0118 0.2953 -0.8601 -0.0013 0.2937 -0.8169 -0.0169 0.3139 -0.8188 -0.0061 0.3027 -0.8327 0.003 0.292 -0.8515 0.0047 0.2883 -0.8942 -0.0273 0.3168 -0.8941 -0.023 0.3125 -0.8954 -0.0158 0.305 -0.8985 -0.0083 0.297 -0.9067 -0.0173 0.3053
81.0 -0.9403 -0.0103 0.2949 -0.8407 -0.0017 0.296 -0.8022 -0.0106 0.3089 -0.8144 0.0042 0.2925 -0.8311 0.0087 0.2863 -0.8507 0.0103 0.2827 -0.8771 -0.025 0.3162 -0.8771 -0.0195 0.3106 -0.8802 -0.012 0.3026 -0.8851 -0.0041 0.294 -0.892 -0.0142 0.3036
82.0 -0.9367 -0.011 0.296 -0.8512 0.0084 0.2846 -0.8031 -0.0101 0.3083 -0.8077 0.0009 0.2966 -0.8266 0.0081 0.2874 -0.84 0.0093 0.2848 -0.8794 -0.0216 0.3125 -0.8782 -0.0184 0.3094 -0.8791 -0.013 0.3038 -0.882 -0.0067 0.297 -0.8911 -0.0142 0.3037
83.0 -0.93 -0.004 0.2895 -0.8281 0.0067 0.2887 -0.7959 -0.0061 0.3049 -0.7998 0.0062 0.292 -0.8305 0.0155 0.2794 -0.8454 0.0153 0.2781 -0.8701 -0.0198 0.3115 -0.8693 -0.0142 0.3059 -0.8705 -0.007 0.2984 -0.8728 0.0006 0.2904 -0.8825 -0.0089 0.2992
84.0 -0.9276 -0.0025 0.2882 -0.8232 0.0092 0.2866 -0.7962 -0.0043 0.3031 -0.8051 0.011 0.2865 -0.8203 0.0175 0.2784 -0.8354 0.0185 0.2758 -0.8651 -0.0179 0.3101 -0.866 -0.0125 0.3045 -0.8674 -0.0047 0.2964 -0.8696 0.0029 0.2884 -0.8792 -0.0069 0.2975
85.0 -0.9257 0.0014 0.2843 -0.8189 0.0097 0.2865 -0.797 -0.0001 0.2987 -0.8078 0.0167 0.2804 -0.8342 0.0217 0.2727 -0.8497 0.0245 0.2683 -0.8598 -0.0129 0.3055 -0.8617 -0.007 0.2994 -0.8657 0.0004 0.2914 -0.8714 0.0081 0.2829 -0.8769 -0.002 0.2927
86.0 -0.9164 0.0039 0.2827 -0.8348 0.0149 0.2796 -0.7974 0.0023 0.2962 -0.7996 0.0148 0.2832 -0.8294 0.0193 0.2756 -0.8346 0.0186 0.2758 -0.8583 -0.0066 0.2992 -0.8541 -0.0005 0.2934 -0.8525 0.0058 0.2871 -0.8537 0.0124 0.2803 -0.867 0.003 0.2886
87.0 -0.915 0.0059 0.2808 -0.8208 0.0156 0.2803 -0.7978 0.0047 0.2938 -0.7998 0.016 0.282 -0.8184 0.022 0.2739 -0.8253 0.0211 0.2742 -0.8599 -0.0025 0.2949 -0.8559 -0.0001 0.2929 -0.8548 0.0037 0.2891 -0.8548 0.0086 0.2841 -0.8681 0.0031 0.2884
88.0 -0.9158 0.0101 0.2765 -0.8191 0.0207 0.2752 -0.7985 0.0088 0.2894 -0.8212 0.0278 0.2678 -0.836 0.027 0.2671 -0.8386 0.0266 0.2672 -0.8542 9.393e-05 0.2928 -0.8539 0.0038 0.2891 -0.8557 0.009 0.2835 -0.8576 0.0143 0.278 -0.8674 0.0075 0.284
89.0 -0.9132 0.0153 0.2714 -0.8162 0.0242 0.272 -0.7993 0.013 0.2851 -0.8175 0.0319 0.2639 -0.8345 0.0333 0.2608 -0.8389 0.0333 0.2604 -0.8519 0.0022 0.2909 -0.8528 0.007 0.2859 -0.8548 0.0135 0.2791 -0.8576 0.0198 0.2723 -0.866 0.0116 0.2799
90.0 -0.9112 0.0144 0.2725 -0.8146 0.025 0.2713 -0.7991 0.0118 0.2863 -0.8065 0.0242 0.2729 -0.8156 0.0261 0.2701 -0.8273 0.0275 0.2674 -0.8542 0.005 0.2878 -0.8551 0.0055 0.2872 -0.8573 0.0076 0.2848 -0.8597 0.0116 0.2805 -0.8675 0.0088 0.2826
91.0 -0.9115 0.0162 0.2707 -0.812 0.0302 0.2662 -0.7998 0.016 0.282 -0.806 0.0316 0.2653 -0.8194 0.0323 0.2634 -0.829 0.0322 0.2625 -0.8522 0.0089 0.284 -0.8533 0.01 0.2828 -0.8555 0.0127 0.2798 -0.858 0.0167 0.2755 -0.8661 0.0129 0.2785
92.0 -0.9048 0.0177 0.2698 -0.8118 0.0345 0.2618 -0.8002 0.0184 0.2795 -0.8038 0.0387 0.2584 -0.8186 0.0379 0.2577 -0.8208 0.0357 0.2597 -0.8502 0.0122 0.2808 -0.8478 0.0138 0.2795 -0.8466 0.017 0.2763 -0.8464 0.0207 0.2725 -0.8591 0.0163 0.2758
93.0 -0.8997 0.019 0.269 -0.8124 0.0375 0.2587 -0.8005 0.0202 0.2776 -0.8023 0.0303 0.2671 -0.8031 0.0351 0.2621 -0.8107 0.0328 0.2636 -0.8499 0.0159 0.277 -0.8461 0.014 0.2794 -0.8445 0.0148 0.2787 -0.844 0.0173 0.2762 -0.8568 0.0162 0.2761
94.0 -0.8982 0.0253 0.2627 -0.8141 0.0422 0.2538 -0.8017 0.0267 0.2708 -0.803 0.0345 0.2627 -0.8038 0.0387 0.2584 -0.8034 0.0369 0.2602 -0.8492 0.0221 0.2708 -0.8466 0.0219 0.2713 -0.8452 0.0239 0.2694 -0.8439 0.0265 0.2668 -0.8566 0.024 0.2682
94.0 -0.8982 0.0253 0.2627 -0.8141 0.0422 0.2538 -0.8017 0.0267 0.2708 -0.803 0.0345 0.2627 -0.8038 0.0387 0.2584 -0.8034 0.0369 0.2602 -0.8492 0.0221 0.2708 -0.8466 0.0219 0.2713 -0.8452 0.0239 0.2694 -0.8439 0.0265 0.2668 -0.8566 0.024 0.2682
94.0 -0.8982 0.0253 0.2627 -0.8141 0.0422 0.2538 -0.8017 0.0267 0.2708 -0.803 0.0345 0.2627 -0.8038 0.0387 0.2584 -0.8034 0.0369 0.2602 -0.8492 0.0221 0.2708 -0.8466 0.0219 0.2713 -0.8452 0.0239 0.2694 -0.8439 0.0265 0.2668 -0.8566 0.024 0.2682
94.0 -0.8982 0.0253 0.2627 -0.8141 0.0422 0.2538 -0.8017 0.0267 0.2708 -0.803 0.0345 0.2627 -0.8038 0.0387 0.2584 -0.8034 0.0369 0.2602 -0.8492 0.0221 0.2708 -0.8466 0.0219 0.2713 -0.8452 0.0239 0.2694 -0.8439 0.0265 0.2668 -0.8566 0.024 0.2682
94.0 -0.8982 0.0253 0.2627 -0.8141 0.0422 0.2538 -0.8017 0.0267 0.2708 -0.803 0.0345 0.2627 -0.8038 0.0387 0.2584 -0.8034 0.0369 0.2602 -0.8492 0.0221 0.2708 -0.8466 0.0219 0.2713 -0.8452 0.0239 0.2694 -0.8439 0.0265 0.2668 -0.8566 0.024 0.2682
94.0 -0.8982 0.0253 0.2627 -0.8141 0.0422 0.2538 -0.8017 0.0267 0.2708 -0.803 0.0345 0.2627 -0.8038 0.0387 0.2584 -0.8034 0.0369 0.2602 -0.8492 0.0221 0.2708 -0.8466 0.0219 0.2713 -0.8452 0.0239 0.2694 -0.8439 0.0265 0.2668 -0.8566 0.024 0.2682
100.0 -0.8819 0.0428 0.2464 -0.8029 0.0339 0.2633 -0.8044 0.0422 0.2547 -0.8048 0.0446 0.2522 -0.8051 0.0464 0.2503 -0.8089 0.0477 0.2486 -0.817 0.0589 0.2364 -0.8241 0.0646 0.2298 -0.8314 0.0661 0.2276 -0.8383 0.0651 0.2279 -0.8386 0.0595 0.2336
100.0 -0.8819 0.0428 0.2464 -0.8029 0.0339 0.2633 -0.8044 0.0422 0.2547 -0.8048 0.0446 0.2522 -0.8051 0.0464 0.2503 -0.8089 0.0477 0.2486 -0.817 0.0589 0.2364 -0.8241 0.0646 0.2298 -0.8314 0.0661 0.2276 -0.8383 0.0651 0.2279 -0.8386 0.0595 0.2336
100.0 -0.8819 0.0428 0.2464 -0.8029 0.0339 0.2633 -0.8044 0.0422 0.2547 -0.8048 0.0446 0.2522 -0.8051 0.0464 0.2503 -0.8089 0.0477 0.2486 -0.817 0.0589 0.2364 -0.8241 0.0646 0.2298 -0.8314 0.0661 0.2276 -0.8383 0.0651 0.2279 -0.8386 0.0595 0.2336
100.0 -0.8819 0.0428 0.2464 -0.8029 0.0339 0.2633 -0.8044 0.0422 0.2547 -0.8048 0.0446 0.2522 -0.8051 0.0464 0.2503 -0.8089 0.0477 0.2486 -0.817 0.0589 0.2364 -0.8241 0.0646 0.2298 -0.8314 0.0661 0.2276 -0.8383 0.0651 0.2279 -0.8386 0.0595 0.2336
100.0 -0.8819 0.0428 0.2464 -0.8029 0.0339 0.2633 -0.8044 0.0422 0.2547 -0.8048 0.0446 0.2522 -0.8051 0.0464 0.2503 -0.8089 0.0477 0.2486 -0.817 0.0589 0.2364 -0.8241 0.0646 0.2298 -0.8314 0.0661 0.2276 -0.8383 0.0651 0.2279 -0.8386 0.0595 0.2336
100.0 -0.8819 0.0428 0.2464 -0.8029 0.0339 0.2633 -0.8044 0.0422 0.2547 -0.8048 0.0446 0.2522 -0.8051 0.0464 0.2503 -0.8089 0.0477 0.2486 -0.817 0.0589 0.2364 -0.8241 0.0646 0.2298 -0.8314 0.0661 0.2276 -0.8383 0.0651 0.2279 -0.8386 0.0595 0.2336
100.0 -0.8819 0.0428 0.2464 -0.8029 0.0339 0.2633 -0.8044 0.0422 0.2547 -0.8048 0.0446 0.2522 -0.8051 0.0464 0.2503 -0.8089 0.0477 0.2486 -0.817 0.0589 0.2364 -0.8241 0.0646 0.2298 -0.8314 0.0661 0.2276 -0.8383 0.0651 0.2279 -0.8386 0.0595 0.2336
100.0 -0.8819 0.0428 0.2464 -0.8029 0.0339 0.2633 -0.8044 0.0422 0.2547 -0.8048 0.0446 0.2522 -0.8051 0.0464 0.2503 -0.8089 0.0477 0.2486 -0.817 0.0589 0.2364 -0.8241 0.0646 0.2298 -0.8314 0.0661 0.2276 -0.8383 0.0651 0.2279 -0.8386 0.0595 0.2336
100.0 -0.8819 0.0428 0.2464 -0.8029 0.0339 0.2633 -0.8044 0.0422 0.2547 -0.8048 0.0446 0.2522 -0.8051 0.0464 0.2503 -0.8089 0.0477 0.2486 -0.817 0.0589 0.2364 -0.8241 0.0646 0.2298 -0.8314 0.0661 0.2276 -0.8383 0.0651 0.2279 -0.8386 0.0595 0.2336
100.0 -0.8819 0.0428 0.2464 -0.8029 0.0339 0.2633 -0.8044 0.0422 0.2547 -0.8048 0.0446 0.2522 -0.8051 0.0464 0.2503 -0.8089 0.0477 0.2486 -0.817 0.0589 0.2364 -0.8241 0.0646 0.2298 -0.8314 0.0661 0.2276 -0.8383 0.0651 0.2279 -0.8386 0.0595 0.2336
100.0 -0.8819 0.0428 0.2464 -0.8029 0.0339 0.2633 -0.8044 0.0422 0.2547 -0.8048 0.0446 0.2522 -0.8051 0.0464 0.2503 -0.8089 0.0477 0.2486 -0.817 0.0589 0.2364 -0.8241 0.0646 0.2298 -0.8314 0.0661 0.2276 -0.8383 0.0651 0.2279 -0.8386 0.0595 0.2336
100.0 -0.8819 0.0428 0.2464 -0.8029 0.0339 0.2633 -0.8044 0.0422 0.2547 -0.8048 0.0446 0.2522 -0.8051 0.0464 0.2503 -0.8089 0.0477 0.2486 -0.817 0.0589 0.2364 -0.8241 0.0646 0.2298 -0.8314 0.0661 0.2276 -0.8383 0.0651 0.2279 -0.8386 0.0595 0.2336
100.0 -0.8819 0.0428 0.2464 -0.8029 0.0339 0.2633 -0.8044 0.0422 0.2547 -0.8048 0.0446 0.2522 -0.8051 0.0464 0.2503 -0.8089 0.0477 0.2486 -0.817 0.0589 0.2364 -0.8241 0.0646 0.2298 -0.8314 0.0661 0.2276 -0.8383 0.0651 0.2279 -0.8386 0.0595 0.2336
100.0 -0.8819 0.0428 0.2464 -0.8029 0.0339 0.2633 -0.8044 0.0422 0.2547 -0.8048 0.0446 0.2522 -0.8051 0.0464 0.2503 -0.8089 0.0477 0.2486 -0.817 0.0589 0.2364 -0.8241 0.0646 0.2298 -0.8314 0.0661 0.2276 -0.8383 0.0651 0.2279 -0.8386 0.0595 0.2336
100.0 -0.8819 0.0428 0.2464 -0.8029 0.0339 0.2633 -0.8044 0.0422 0.2547 -0.8048 0.0446 0.2522 -0.8051 0.0464 0.2503 -0.8089 0.0477 0.2486 -0.817 0.0589 0.2364 -0.8241 0.0646 0.2298 -0.8314 0.0661 0.2276 -0.8383 0.0651 0.2279 -0.8386 0.0595 0.2336
100.0 -0.8819 0.0428 0.2464 -0.8029 0.0339 0.2633 -0.8044 0.0422 0.2547 -0.8048 0.0446 0.2522 -0.8051 0.0464 0.2503 -0.8089 0.0477 0.2486 -0.817 0.0589 0.2364 -0.8241 0.0646 0.2298 -0.8314 0.0661 0.2276 -0.8383 0.0651 0.2279 -0.8386 0.0595 0.2336
100.0 -0.8819 0.0428 0.2464 -0.8029 0.0339 0.2633 -0.8044 0.0422 0.2547 -0.8048 0.0446 0.2522 -0.8051 0.0464 0.2503 -0.8089 0.0477 0.2486 -0.817 0.0589 0.2364 -0.8241 0.0646 0.2298 -0.8314 0.0661 0.2276 -0.8383 0.0651 0.2279 -0.8386 0.0595 0.2336
100.0 -0.8819 0.0428 0.2464 -0.8029 0.0339 0.2633 -0.8044 0.0422 0.2547 -0.8048 0.0446 0.2522 -0.8051 0.0464 0.2503 -0.8089 0.0477 0.2486 -0.817 0.0589 0.2364 -0.8241 0.0646 0.2298 -0.8314 0.0661 0.2276 -0.8383 0.0651 0.2279 -0.8386 0.0595 0.2336
100.0 -0.8819 0.0428 0.2464 -0.8029 0.0339 0.2633 -0.8044 0.0422 0.2547 -0.8048 0.0446 0.2522 -0.8051 0.0464 0.2503 -0.8089 0.0477 0.2486 -0.817 0.0589 0.2364 -0.8241 0.0646 0.2298 -0.8314 0.0661 0.2276 -0.8383 0.0651 0.2279 -0.8386 0.0595 0.2336
100.0 -0.8819 0.0428 0.2464 -0.8029 0.0339 0.2633 -0.8044 0.0422 0.2547 -0.8048 0.0446 0.2522 -0.8051 0.0464 0.2503 -0.8089 0.0477 0.2486 -0.817 0.0589 0.2364 -0.8241 0.0646 0.2298 -0.8314 0.0661 0.2276 -0.8383 0.0651 0.2279 -0.8386 0.0595 0.2336
100.0 -0.8819 0.0428 0.2464 -0.8029 0.0339 0.2633 -0.8044 0.0422 0.2547 -0.8048 0.0446 0.2522 -0.8051 0.0464 0.2503 -0.8089 0.0477 0.2486 -0.817 0.0589 0.2364 -0.8241 0.0646 0.2298 -0.8314 0.0661 0.2276 -0.8383 0.0651 0.2279 -0.8386 0.0595 0.2336
100.0 -0.8819 0.0428 0.2464 -0.8029 0.0339 0.2633 -0.8044 0.0422 0.2547 -0.8048 0.0446 0.2522 -0.8051 0.0464 0.2503 -0.8089 0.0477 0.2486 -0.817 0.0589 0.2364 -0.8241 0.0646 0.2298 -0.8314 0.0661 0.2276 -0.8383 0.0651 0.2279 -0.8386 0.0595 0.2336
100.0 -0.8819 0.0428 0.2464 -0.8029 0.0339 0.2633 -0.8044 0.0422 0.2547 -0.8048 0.0446 0.2522 -0.8051 0.0464 0.2503 -0.8089 0.0477 0.2486 -0.817 0.0589 0.2364 -0.8241 0.0646 0.2298 -0.8314 0.0661 0.2276 -0.8383 0.0651 0.2279 -0.8386 0.0595 0.2336
100.0 -0.8819 0.0428 0.2464 -0.8029 0.0339 0.2633 -0.8044 0.0422 0.2547 -0.8048 0.0446 0.2522 -0.8051 0.0464 0.2503 -0.8089 0.0477 0.2486 -0.817 0.0589 0.2364 -0.8241 0.0646 0.2298 -0.8314 0.0661 0.2276 -0.8383 0.0651 0.2279 -0.8386 0.0595 0.2336
100.0 -0.8819 0.0428 0.2464 -0.8029 0.0339 0.2633 -0.8044 0.0422 0.2547 -0.8048 0.0446 0.2522 -0.8051 0.0464 0.2503 -0.8089 0.0477 0.2486 -0.817 0.0589 0.2364 -0.8241 0.0646 0.2298 -0.8314 0.0661 0.2276 -0.8383 0.0651 0.2279 -0.8386 0.0595 0.2336
100.0 -0.8819 0.0428 0.2464 -0.8029 0.0339 0.2633 -0.8044 0.0422 0.2547 -0.8048 0.0446 0.2522 -0.8051 0.0464 0.2503 -0.8089 0.0477 0.2486 -0.817 0.0589 0.2364 -0.8241 0.0646 0.2298 -0.8314 0.0661 0.2276 -0.8383 0.0651 0.2279 -0.8386 0.0595 0.2336
100.0 -0.8819 0.0428 0.2464 -0.8029 0.0339 0.2633 -0.8044 0.0422 0.2547 -0.8048 0.0446 0.2522 -0.8051 0.0464 0.2503 -0.8089 0.0477 0.2486 -0.817 0.0589 0.2364 -0.8241 0.0646 0.2298 -0.8314 0.0661 0.2276 -0.8383 0.0651 0.2279 -0.8386 0.0595 0.2336
100.0 -0.8819 0.0428 0.2464 -0.8029 0.0339 0.2633 -0.8044 0.0422 0.2547 -0.8048 0.0446 0.2522 -0.8051 0.0464 0.2503 -0.8089 0.0477 0.2486 -0.817 0.0589 0.2364 -0.8241 0.0646 0.2298 -0.8314 0.0661 0.2276 -0.8383 0.0651 0.2279 -0.8386 0.0595 0.2336
100.0 -0.8819 0.0428 0.2464 -0.8029 0.0339 0.2633 -0.8044 0.0422 0.2547 -0.8048 0.0446 0.2522 -0.8051 0.0464 0.2503 -0.8089 0.0477 0.2486 -0.817 0.0589 0.2364 -0.8241 0.0646 0.2298 -0.8314 0.0661 0.2276 -0.8383 0.0651 0.2279 -0.8386 0.0595 0.2336
100.0 -0.8819 0.0428 0.2464 -0.8029 0.0339 0.2633 -0.8044 0.0422 0.2547 -0.8048 0.0446 0.2522 -0.8051 0.0464 0.2503 -0.8089 0.0477 0.2486 -0.817 0.0589 0.2364 -0.8241 0.0646 0.2298 -0.8314 0.0661 0.2276 -0.8383 0.0651 0.2279 -0.8386 0.0595 0.2336
100.0 -0.8819 0.0428 0.2464 -0.8029 0.0339 0.2633 -0.8044 0.0422 0.2547 -0.8048 0.0446 0.2522 -0.8051 0.0464 0.2503 -0.8089 0.0477 0.2486 -0.817 0.0589 0.2364 -0.8241 0.0646 0.2298 -0.8314 0.0661 0.2276 -0.8383 0.0651 0.2279 -0.8386 0.0595 0.2336
100.0 -0.8819 0.0428 0.2464 -0.8029 0.0339 0.2633 -0.8044 0.0422 0.2547 -0.8048 0.0446 0.2522 -0.8051 0.0464 0.2503 -0.8089 0.0477 0.2486 -0.817 0.0589 0.2364 -0.8241 0.0646 0.2298 -0.8314 0.0661 0.2276 -0.8383 0.0651 0.2279 -0.8386 0.0595 0.2336
100.0 -0.8819 0.0428 0.2464 -0.8029 0.0339 0.2633 -0.8044 0.0422 0.2547 -0.8048 0.0446 0.2522 -0.8051 0.0464 0.2503 -0.8089 0.0477 0.2486 -0.817 0.0589 0.2364 -0.8241 0.0646 0.2298 -0.8314 0.0661 0.2276 -0.8383 0.0651 0.2279 -0.8386 0.0595 0.2336
100.0 -0.8819 0.0428 0.2464 -0.8029 0.0339 0.2633 -0.8044 0.0422 0.2547 -0.8048 0.0446 0.2522 -0.8051 0.0464 0.2503 -0.8089 0.0477 0.2486 -0.817 0.0589 0.2364 -0.8241 0.0646 0.2298 -0.8314 0.0661 0.2276 -0.8383 0.0651 0.2279 -0.8386 0.0595 0.2336
100.0 -0.8819 0.0428 0.2464 -0.8029 0.0339 0.2633 -0.8044 0.0422 0.2547 -0.8048 0.0446 0.2522 -0.8051 0.0464 0.2503 -0.8089 0.0477 0.2486 -0.817 0.0589 0.2364 -0.8241 0.0646 0.2298 -0.8314 0.0661 0.2276 -0.8383 0.0651 0.2279 -0.8386 0.0595 0.2336
100.0 -0.8819 0.0428 0.2464 -0.8029 0.0339 0.2633 -0.8044 0.0422 0.2547 -0.8048 0.0446 0.2522 -0.8051 0.0464 0.2503 -0.8089 0.0477 0.2486 -0.817 0.0589 0.2364 -0.8241 0.0646 0.2298 -0.8314 0.0661 0.2276 -0.8383 0.0651 0.2279 -0.8386 0.0595 0.2336
100.0 -0.8819 0.0428 0.2464 -0.8029 0.0339 0.2633 -0.8044 0.0422 0.2547 -0.8048 0.0446 0.2522 -0.8051 0.0464 0.2503 -0.8089 0.0477 0.2486 -0.817 0.0589 0.2364 -0.8241 0.0646 0.2298 -0.8314 0.0661 0.2276 -0.8383 0.0651 0.2279 -0.8386 0.0595 0.2336
100.0 -0.8819 0.0428 0.2464 -0.8029 0.0339 0.2633 -0.8044 0.0422 0.2547 -0.8048 0.0446 0.2522 -0.8051 0.0464 0.2503 -0.8089 0.0477 0.2486 -0.817 0.0589 0.2364 -0.8241 0.0646 0.2298 -0.8314 0.0661 0.2276 -0.8383 0.0651 0.2279 -0.8386 0.0595 0.2336
100.0 -0.8819 0.0428 0.2464 -0.8029 0.0339 0.2633 -0.8044 0.0422 0.2547 -0.8048 0.0446 0.2522 -0.8051 0.0464 0.2503 -0.8089 0.0477 0.2486 -0.817 0.0589 0.2364 -0.8241 0.0646 0.2298 -0.8314 0.0661 0.2276 -0.8383 0.0651 0.2279 -0.8386 0.0595 0.2336
100.0 -0.8819 0.0428 0.2464 -0.8029 0.0339 0.2633 -0.8044 0.0422 0.2547 -0.8048 0.0446 0.2522 -0.8051 0.0464 0.2503 -0.8089 0.0477 0.2486 -0.817 0.0589 0.2364 -0.8241 0.0646 0.2298 -0.8314 0.0661 0.2276 -0.8383 0.0651 0.2279 -0.8386 0.0595 0.2336
100.0 -0.8819 0.0428 0.2464 -0.8029 0.0339 0.2633 -0.8044 0.0422 0.2547 -0.8048 0.0446 0.2522 -0.8051 0.0464 0.2503 -0.8089 0.0477 0.2486 -0.817 0.0589 0.2364 -0.8241 0.0646 0.2298 -0.8314 0.0661 0.2276 -0.8383 0.0651 0.2279 -0.8386 0.0595 0.2336
100.0 -0.8819 0.0428 0.2464 -0.8029 0.0339 0.2633 -0.8044 0.0422 0.2547 -0.8048 0.0446 0.2522 -0.8051 0.0464 0.2503 -0.8089 0.0477 0.2486 -0.817 0.0589 0.2364 -0.8241 0.0646 0.2298 -0.8314 0.0661 0.2276 -0.8383 0.0651 0.2279 -0.8386 0.0595 0.2336
100.0 -0.8819 0.0428 0.2464 -0.8029 0.0339 0.2633 -0.8044 0.0422 0.2547 -0.8048 0.0446 0.2522 -0.8051 0.0464 0.2503 -0.8089 0.0477 0.2486 -0.817 0.0589 0.2364 -0.8241 0.0646 0.2298 -0.8314 0.0661 0.2276 -0.8383 0.0651 0.2279 -0.8386 0.0595 0.2336
100.0 -0.8819 0.0428 0.2464 -0.8029 0.0339 0.2633 -0.8044 0.0422 0.2547 -0.8048 0.0446 0.2522 -0.8051 0.0464 0.2503 -0.8089 0.0477 0.2486 -0.817 0.0589 0.2364 -0.8241 0.0646 0.2298 -0.8314 0.0661 0.2276 -0.8383 0.0651 0.2279 -0.8386 0.0595 0.2336
100.0 -0.8819 0.0428 0.2464 -0.8029 0.0339 0.2633 -0.8044 0.0422 0.2547 -0.8048 0.0446 0.2522 -0.8051 0.0464 0.2503 -0.8089 0.0477 0.2486 -0.817 0.0589 0.2364 -0.8241 0.0646 0.2298 -0.8314 0.0661 0.2276 -0.8383 0.0651 0.2279 -0.8386 0.0595 0.2336
100.0 -0.8819 0.0428 0.2464 -0.8029 0.0339 0.2633 -0.8044 0.0422 0.2547 -0.8048 0.0446 0.2522 -0.8051 0.0464 0.2503 -0.8089 0.0477 0.2486 -0.817 0.0589 0.2364 -0.8241 0.0646 0.2298 -0.8314 0.0661 0.2276 -0.8383 0.0651 0.2279 -0.8386 0.0595 0.2336
146.0 -0.8847 0.0436 0.2453 -0.8045 0.0428 0.254 -0.8041 0.0405 0.2565 -0.8099 0.0433 0.253 -0.8251 0.0449 0.2498 -0.8302 0.0491 0.245 -0.8156 0.056 0.2395 -0.8237 0.0622 0.2323 -0.8322 0.0654 0.2283 -0.8386 0.0669 0.226 -0.839 0.0588 0.2343
146.0 -0.8847 0.0436 0.2453 -0.8045 0.0428 0.254 -0.8041 0.0405 0.2565 -0.8099 0.0433 0.253 -0.8251 0.0449 0.2498 -0.8302 0.0491 0.245 -0.8156 0.056 0.2395 -0.8237 0.0622 0.2323 -0.8322 0.0654 0.2283 -0.8386 0.0669 0.226 -0.839 0.0588 0.2343
148.0 -0.8844 0.0418 0.2471 -0.8036 0.0375 0.2596 -0.8034 0.0369 0.2602 -0.812 0.0406 0.2556 -0.8258 0.0442 0.2505 -0.8328 0.0488 0.2451 -0.8087 0.0569 0.2392 -0.8172 0.0649 0.2302 -0.8267 0.0692 0.2249 -0.8357 0.0704 0.2228 -0.8345 0.0607 0.2328
149.0 -1.1353 -0.0776 0.3443 -0.9153 0.0077 0.2789 -0.8038 0.0387 0.2584 -0.8027 0.0327 0.2646 -0.8032 0.0357 0.2615 -0.8154 0.0298 0.2663 -0.9842 0.0192 0.2604 -0.9823 0.0182 0.2616 -0.9759 0.0118 0.2688 -0.9677 4.65e-05 0.2816 -1.0091 -0.0057 0.2833
150.0 -0.8854 0.0325 0.2566 -0.8038 0.0387 0.2584 -0.8065 0.0542 0.2423 -0.8079 0.057 0.2392 -0.8209 0.0559 0.2391 -0.8276 0.0593 0.235 -0.8135 0.0392 0.2569 -0.8207 0.0449 0.2503 -0.8296 0.0504 0.2438 -0.8374 0.0549 0.2385 -0.8373 0.0444 0.2492
150.0 -0.8854 0.0325 0.2566 -0.8038 0.0387 0.2584 -0.8065 0.0542 0.2423 -0.8079 0.057 0.2392 -0.8209 0.0559 0.2391 -0.8276 0.0593 0.235 -0.8135 0.0392 0.2569 -0.8207 0.0449 0.2503 -0.8296 0.0504 0.2438 -0.8374 0.0549 0.2385 -0.8373 0.0444 0.2492
150.0 -0.8854 0.0325 0.2566 -0.8038 0.0387 0.2584 -0.8065 0.0542 0.2423 -0.8079 0.057 0.2392 -0.8209 0.0559 0.2391 -0.8276 0.0593 0.235 -0.8135 0.0392 0.2569 -0.8207 0.0449 0.2503 -0.8296 0.0504 0.2438 -0.8374 0.0549 0.2385 -0.8373 0.0444 0.2492
153.0 -0.8855 0.0233 0.2659 -0.8027 0.0327 0.2646 -0.804 0.0399 0.2571 -0.8049 0.0452 0.2516 -0.8051 0.0464 0.2503 -0.8116 0.048 0.2481 -0.8255 0.0223 0.273 -0.8303 0.0247 0.27 -0.8355 0.0289 0.2652 -0.8407 0.0337 0.2598 -0.8435 0.0266 0.2668
153.0 -0.8855 0.0233 0.2659 -0.8027 0.0327 0.2646 -0.804 0.0399 0.2571 -0.8049 0.0452 0.2516 -0.8051 0.0464 0.2503 -0.8116 0.048 0.2481 -0.8255 0.0223 0.273 -0.8303 0.0247 0.27 -0.8355 0.0289 0.2652 -0.8407 0.0337 0.2598 -0.8435 0.0266 0.2668
155.0 -0.913 0.0044 0.2826 -0.8081 0.013 0.2842 -0.8 0.0172 0.2807 -0.8014 0.0249 0.2727 -0.8134 0.0282 0.2681 -0.8241 0.0341 0.261 -0.8427 -0.0002 0.2942 -0.8472 0.0053 0.2882 -0.8519 0.012 0.2809 -0.8574 0.0186 0.2736 -0.8624 0.008 0.2839
156.0 -0.911 0.0028 0.2844 -0.8096 0.0067 0.2905 -0.7986 0.0094 0.2888 -0.8009 0.0226 0.2751 -0.8137 0.0251 0.2713 -0.8229 0.0275 0.2679 -0.8413 -0.0031 0.2973 -0.8441 0.0027 0.2912 -0.8479 0.0095 0.2838 -0.8525 0.0156 0.2771 -0.8594 0.0055 0.2868
157.0 -0.9233 -0.0019 0.288 -0.8244 0.0108 0.2848 -0.7974 0.0023 0.2962 -0.804 0.0197 0.2778 -0.8228 0.022 0.2735 -0.8327 0.0231 0.2714 -0.8526 -0.0089 0.3021 -0.856 -0.0044 0.2973 -0.8606 0.0017 0.2906 -0.8644 0.0085 0.2832 -0.8714 -0.001 0.2922
158.0 -0.9284 -0.0032 0.2888 -0.8124 -0.0022 0.2993 -0.8064 0.0084 0.2891 -0.8193 0.017 0.279 -0.8369 0.0171 0.2772 -0.8508 0.0158 0.2771 -0.8537 -0.0127 0.3059 -0.8594 -0.0055 0.298 -0.8667 0.0015 0.2902 -0.875 0.0083 0.2824 -0.8766 -0.0023 0.2931
159.0 -0.9267 -0.0079 0.2937 -0.823 0.008 0.2879 -0.798 0.0058 0.2925 -0.8135 0.0141 0.2825 -0.8432 0.0175 0.2761 -0.8569 0.0156 0.2767 -0.8546 -0.0177 0.3109 -0.8601 -0.0111 0.3037 -0.8676 -0.0036 0.2952 -0.8752 0.0046 0.2861 -0.8768 -0.0071 0.2979
160.0 -0.9433 -0.0132 0.2975 -0.8498 7.727e-05 0.2933 -0.8141 -0.0079 0.305 -0.815 -0.0026 0.2994 -0.8331 0.0103 0.2845 -0.8535 0.0112 0.2815 -0.8791 -0.0234 0.3144 -0.881 -0.0176 0.3082 -0.8841 -0.01 0.3002 -0.89 -0.0011 0.2905 -0.8955 -0.0131 0.3022
161.0 -0.9538 -0.014 0.2973 -0.8465 -0.0038 0.2975 -0.8218 -0.009 0.3053 -0.8253 0.0009 0.2948 -0.8419 0.0103 0.2836 -0.8622 0.0057 0.2863 -0.8854 -0.0273 0.3178 -0.8907 -0.0225 0.3123 -0.8963 -0.0154 0.3044 -0.9022 -0.007 0.2953 -0.9057 -0.0172 0.3054
162.0 -0.9602 -0.0222 0.305 -0.8664 -0.0052 0.297 -0.8265 -0.0121 0.308 -0.834 0.0004 0.2945 -0.855 0.0098 0.2829 -0.8831 0.0047 0.2852 -0.8934 -0.0321 0.3218 -0.9001 -0.0293 0.3183 -0.9091 -0.0226 0.3106 -0.9196 -0.013 0.2997 -0.9165 -0.0238 0.3111
163.0 -0.9706 -0.0236 0.3054 -0.8904 -0.0042 0.2936 -0.8355 -0.0163 0.3114 -0.8372 -0.0062 0.3009 -0.8615 0.0064 0.2856 -0.8975 0.0113 0.277 -0.9048 -0.0373 0.326 -0.9091 -0.033 0.3212 -0.9175 -0.0249 0.3121 -0.9281 -0.0148 0.3007 -0.926 -0.0267 0.3131
164.0 -0.9782 -0.0252 0.3064 -0.8861 -0.0134 0.3034 -0.8449 -0.0225 0.3168 -0.8498 -0.0048 0.2983 -0.8697 0.0035 0.2878 -0.9044 0.0055 0.2823 -0.9103 -0.0411 0.3293 -0.9145 -0.0374 0.3251 -0.9228 -0.0299 0.3167 -0.9332 -0.021 0.3065 -0.9318 -0.0309 0.3168
165.0 -0.9813 -0.0323 0.3134 -0.8756 -0.0284 0.3199 -0.8499 -0.0244 0.3183 -0.8566 -0.0063 0.2992 -0.8758 -0.0022 0.293 -0.9044 -0.0097 0.2979 -0.914 -0.0452 0.3332 -0.9199 -0.0418 0.3291 -0.9297 -0.0358 0.322 -0.9406 -0.0287 0.3136 -0.9371 -0.0368 0.3223
166.0 -0.9925 -0.0338 0.3138 -0.8807 -0.0493 0.3407 -0.8575 -0.0309 0.3242 -0.8679 -0.0121 0.304 -0.8911 -0.0049 0.2942 -0.9258 0.002 0.2837 -0.9211 -0.0499 0.3372 -0.9302 -0.0431 0.3295 -0.9431 -0.0345 0.3194 -0.9579 -0.0255 0.3087 -0.949 -0.0374 0.3217
167.0 -0.9945 -0.0378 0.3176 -0.8897 -0.053 0.3435 -0.8645 -0.0361 0.3288 -0.876 -0.0157 0.3068 -0.8986 -0.0077 0.2964 -0.9402 -0.006 0.2905 -0.9316 -0.0549 0.3414 -0.9402 -0.0463 0.3317 -0.9524 -0.037 0.321 -0.968 -0.0281 0.3103 -0.9573 -0.0408 0.3244
168.0 -1.0116 -0.0352 0.3133 -0.9313 -0.0115 0.2971 -0.8811 -0.0371 0.3282 -0.8836 -0.0228 0.3133 -0.8927 -0.021 0.3105 -0.9114 -0.04 0.3281 -0.9516 -0.0515 0.3359 -0.9522 -0.0528 0.3372 -0.9551 -0.0514 0.3354 -0.9594 -0.0471 0.3306 -0.966 -0.0476 0.3305
169.0 -1.0201 -0.0419 0.3192 -0.9127 -0.0628 0.3513 -0.8843 -0.0437 0.3346 -0.8948 -0.0243 0.3137 -0.9135 -0.0177 0.3051 -0.95 -0.0055 0.289 -0.9537 -0.0598 0.3441 -0.9604 -0.0515 0.335 -0.9716 -0.0426 0.3248 -0.9866 -0.0324 0.3129 -0.9785 -0.0456 0.3272
170.0 -1.0293 -0.0449 0.3215 -0.9248 -0.0687 0.3561 -0.8957 -0.0489 0.3388 -0.9029 -0.0279 0.3166 -0.9209 -0.0205 0.3073 -0.9563 -0.0094 0.2924 -0.9619 -0.0627 0.3463 -0.9678 -0.0543 0.3372 -0.979 -0.0455 0.327 -0.9921 -0.0362 0.3163 -0.986 -0.0487 0.3296
171.0 -1.0394 -0.0475 0.3231 -0.9333 -0.0753 0.3621 -0.9032 -0.0517 0.3409 -0.9119 -0.0321 0.32 -0.9319 -0.0232 0.3089 -0.9654 -0.0131 0.2952 -0.9744 -0.0668 0.3493 -0.9812 -0.058 0.3396 -0.9917 -0.0484 0.3287 -1.005 -0.038 0.3168 -0.9983 -0.0517 0.3315
172.0 -1.0541 -0.0489 0.323 -0.9476 -0.0791 0.3645 -0.9148 -0.0557 0.3439 -0.9226 -0.036 0.3229 -0.9416 -0.0233 0.3081 -0.9749 -0.0138 0.295 -0.9881 -0.0693 0.3505 -0.9932 -0.0602 0.3407 -1.0028 -0.0505 0.3298 -1.0144 -0.0393 0.3171 -1.0105 -0.0536 0.3322
173.0 -1.0628 -0.0543 0.3278 -0.9573 -0.0841 0.3686 -0.9276 -0.0581 0.345 -0.9336 -0.0387 0.3246 -0.9515 -0.0271 0.3109 -0.9866 -0.0172 0.2973 -0.9963 -0.0722 0.3527 -1.0017 -0.062 0.3416 -1.0114 -0.0517 0.3301 -1.0246 -0.0412 0.3182 -1.0194 -0.0563 0.3341
174.0 -1.0701 -0.0578 0.3305 -0.9689 -0.0881 0.3716 -0.9379 -0.0595 0.3454 -0.9461 -0.0428 0.3276 -0.9657 -0.0314 0.314 -0.9976 -0.0199 0.299 -1.0071 -0.0761 0.3556 -1.0123 -0.0664 0.3452 -1.0221 -0.0556 0.333 -1.0346 -0.0444 0.3204 -1.0293 -0.0601 0.3369
175.0 -1.088 -0.0559 0.3269 -0.9949 -0.0653 0.3457 -0.9545 -0.0648 0.3492 -0.9563 -0.0448 0.3286 -0.9741 -0.0332 0.3149 -1.0069 -0.0217 0.3 -1.0228 -0.077 0.3549 -1.0251 -0.0688 0.3463 -1.033 -0.0589 0.3353 -1.0445 -0.0482 0.3233 -1.0427 -0.0618 0.3373
176.0 -1.1018 -0.0529 0.3224 -1.0217 -0.0329 0.3099 -0.965 -0.0552 0.3383 -0.9674 -0.0463 0.3291 -0.9815 -0.0464 0.3277 -1.0005 -0.0685 0.3484 -1.0342 -0.067 0.3435 -1.0355 -0.0696 0.3461 -1.0405 -0.0715 0.3475 -1.0483 -0.0719 0.3472 -1.052 -0.0666 0.3413
177.0 -1.1061 -0.0632 0.3326 -1.0164 -0.0933 0.3722 -0.9794 -0.0687 0.3507 -0.9827 -0.0496 0.3309 -1.0006 -0.038 0.3172 -1.0327 -0.0252 0.301 -1.0432 -0.081 0.357 -1.0475 -0.0712 0.3465 -1.0575 -0.0597 0.3338 -1.0708 -0.0487 0.3212 -1.065 -0.0648 0.3382
178.0 -1.1243 -0.0651 0.3326 -1.0287 -0.0986 0.3764 -0.9917 -0.0686 0.3494 -0.9973 -0.0516 0.3315 -1.0136 -0.0391 0.3171 -1.0427 -0.0284 0.3032 -1.0607 -0.0815 0.3558 -1.066 -0.0713 0.3447 -1.0758 -0.0604 0.3326 -1.0884 -0.0486 0.3194 -1.083 -0.0654 0.337
179.0 -1.1356 -0.0654 0.3318 -1.0458 -0.1009 0.3771 -1.0079 -0.0714 0.3506 -1.0127 -0.0543 0.3327 -1.0271 -0.0422 0.3189 -1.0575 -0.0292 0.3026 -1.0737 -0.0827 0.3557 -1.0782 -0.0717 0.344 -1.0882 -0.0602 0.3312 -1.1007 -0.0491 0.3186 -1.0953 -0.0658 0.3363
180.0 -1.2426 -0.0523 0.3079 -1.1413 -0.0484 0.3139 -1.1071 -0.0676 0.337 -1.1002 -0.0618 0.3317 -1.1148 -0.0436 0.3117 -1.1391 -0.0304 0.2957 -1.1718 -0.0751 0.3382 -1.1723 -0.0673 0.3301 -1.1775 -0.0576 0.3197 -1.1867 -0.0454 0.3063 -1.1902 -0.0596 0.3204
181.0 -1.2581 -0.0495 0.3035 -1.1524 -0.0298 0.2938 -1.1239 -0.0522 0.3195 -1.119 -0.0601 0.3281 -1.1318 -0.0624 0.3292 -1.1608 -0.0822 0.3465 -1.1872 -0.0571 0.3182 -1.1915 -0.0631 0.324 -1.1993 -0.0685 0.3287 -1.21 -0.073 0.3322 -1.2092 -0.0622 0.3213
182.0 -1.2688 -0.0437 0.2964 -1.1718 -0.0299 0.292 -1.1505 -0.046 0.3105 -1.1462 -0.0552 0.3204 -1.1537 -0.0629 0.3275 -1.1795 -0.086 0.3485 -1.2047 -0.0478 0.307 -1.2078 -0.055 0.314 -1.2161 -0.0628 0.3212 -1.2272 -0.0698 0.3273 -1.2249 -0.0558 0.3132
183.0 -1.3141 -0.0412 0.2894 -1.2326 -0.0742 0.3312 -1.2101 -0.0418 0.3004 -1.2044 -0.0344 0.2933 -1.2204 -0.0237 0.2808 -1.2365 -0.0167 0.272 -1.2473 -0.056 0.3112 -1.2461 -0.0473 0.3024 -1.2512 -0.0382 0.2926 -1.2607 -0.0297 0.283 -1.2639 -0.0425 0.2957
184.0 -1.3286 -0.0334 0.28 -1.2505 -0.0223 0.2763 -1.2261 -0.0263 0.2829 -1.2237 -0.0345 0.2915 -1.2315 -0.0453 0.3018 -1.2484 -0.0696 0.325 -1.2665 -0.0317 0.2844 -1.2704 -0.0396 0.2921 -1.2787 -0.0474 0.2993 -1.2903 -0.0563 0.3072 -1.2869 -0.0417 0.2926
185.0 -1.3433 -0.0299 0.2749 -1.2819 -0.0088 0.2594 -1.2532 -0.0122 0.2658 -1.2452 -0.0228 0.2774 -1.2463 -0.0363 0.2911 -1.2613 -0.061 0.3148 -1.281 -0.0288 0.28 -1.2842 -0.036 0.287 -1.2926 -0.0432 0.2936 -1.3036 -0.0508 0.3002 -1.301 -0.0377 0.2871
186.0 -1.3646 -0.0291 0.272 -1.3018 -0.006 0.2546 -1.2692 -0.0113 0.2633 -1.2652 -0.0187 0.2713 -1.2668 -0.0299 0.2826 -1.2772 -0.0558 0.308 -1.3011 -0.0248 0.2739 -1.3016 -0.0322 0.2814 -1.3063 -0.0402 0.2891 -1.3144 -0.0492 0.2975 -1.3176 -0.0351 0.2828
187.0 -1.3715 -0.0245 0.2666 -1.3186 -0.0052 0.2521 -1.2862 -0.0094 0.2596 -1.2824 -0.0162 0.2669 -1.285 -0.0263 0.277 -1.2962 -0.048 0.2981 -1.3202 -0.0213 0.2684 -1.3201 -0.0268 0.274 -1.3251 -0.0335 0.2805 -1.3325 -0.0413 0.2876 -1.3339 -0.0295 0.2754
188.0 -1.3815 -0.0277 0.2689 -1.3291 -0.0005 0.2463 -1.3022 -0.0036 0.2521 -1.2964 -0.0114 0.2606 -1.2972 -0.0218 0.2713 -1.308 -0.0459 0.2948 -1.3313 -0.0179 0.2638 -1.3302 -0.0245 0.2707 -1.3331 -0.0328 0.2789 -1.3404 -0.0417 0.2873 -1.3433 -0.0289 0.2739
189.0 -1.3931 -0.0268 0.2669 -1.3426 0.0013 0.243 -1.3155 -0.0029 0.2501 -1.3117 -0.0097 0.2575 -1.3126 -0.0196 0.2675 -1.3211 -0.041 0.2884 -1.344 -0.0159 0.2606 -1.3436 -0.0232 0.2681 -1.3467 -0.031 0.2757 -1.353 -0.0398 0.284 -1.3561 -0.0273 0.271
190.0 -1.4012 -0.0261 0.2653 -1.349 0.0023 0.2414 -1.3265 -0.0001 0.2462 -1.323 -0.0052 0.2517 -1.324 -0.0145 0.2611 -1.3311 -0.0344 0.2807 -1.3549 -0.0138 0.2573 -1.3528 -0.0208 0.2647 -1.355 -0.0284 0.2723 -1.3615 -0.0366 0.28 -1.3651 -0.0251 0.2679
191.0 -1.4077 -0.0239 0.2624 -1.3652 0.0044 0.2377 -1.3426 0.0062 0.238 -1.3343 -0.0012 0.2465 -1.3322 -0.0131 0.2589 -1.34 -0.0337 0.2792 -1.3659 -0.0116 0.2539 -1.364 -0.0174 0.2601 -1.3653 -0.0249 0.2677 -1.3691 -0.0334 0.2759 -1.3744 -0.0222 0.264
192.0 -1.4282 -0.0175 0.2539 -1.374 0.0044 0.2368 -1.3552 0.0076 0.2354 -1.3436 0.0018 0.2425 -1.3427 -0.0084 0.253 -1.3464 -0.0322 0.2769 -1.3764 -0.0118 0.2531 -1.3745 -0.0176 0.2593 -1.3768 -0.0246 0.2662 -1.3816 -0.0326 0.2739 -1.3875 -0.0208 0.2613
193.0 -1.4338 -0.0158 0.2516 -1.3598 -0.0211 0.2643 -1.3543 0.0028 0.2404 -1.3522 0.0056 0.2378 -1.3586 0.0071 0.2355 -1.3682 0.0016 0.2403 -1.3786 -0.0194 0.2607 -1.381 -0.0154 0.2564 -1.3868 -0.0126 0.2529 -1.3943 -0.0099 0.2494 -1.3949 -0.0146 0.2542
193.0 -1.4338 -0.0158 0.2516 -1.3598 -0.0211 0.2643 -1.3543 0.0028 0.2404 -1.3522 0.0056 0.2378 -1.3586 0.0071 0.2355 -1.3682 0.0016 0.2403 -1.3786 -0.0194 0.2607 -1.381 -0.0154 0.2564 -1.3868 -0.0126 0.2529 -1.3943 -0.0099 0.2494 -1.3949 -0.0146 0.2542
193.0 -1.4338 -0.0158 0.2516 -1.3598 -0.0211 0.2643 -1.3543 0.0028 0.2404 -1.3522 0.0056 0.2378 -1.3586 0.0071 0.2355 -1.3682 0.0016 0.2403 -1.3786 -0.0194 0.2607 -1.381 -0.0154 0.2564 -1.3868 -0.0126 0.2529 -1.3943 -0.0099 0.2494 -1.3949 -0.0146 0.2542
196.0 -1.4361 -0.0174 0.2529 -1.3785 0.0099 0.2307 -1.3649 0.013 0.2289 -1.3611 0.0111 0.2313 -1.3616 0.0043 0.2382 -1.3613 -0.0177 0.2606 -1.3873 -0.0096 0.2498 -1.3867 -0.0132 0.2535 -1.3893 -0.0184 0.2586 -1.3935 -0.0245 0.2644 -1.3986 -0.0166 0.2558
196.0 -1.4361 -0.0174 0.2529 -1.3785 0.0099 0.2307 -1.3649 0.013 0.2289 -1.3611 0.0111 0.2313 -1.3616 0.0043 0.2382 -1.3613 -0.0177 0.2606 -1.3873 -0.0096 0.2498 -1.3867 -0.0132 0.2535 -1.3893 -0.0184 0.2586 -1.3935 -0.0245 0.2644 -1.3986 -0.0166 0.2558
196.0 -1.4361 -0.0174 0.2529 -1.3785 0.0099 0.2307 -1.3649 0.013 0.2289 -1.3611 0.0111 0.2313 -1.3616 0.0043 0.2382 -1.3613 -0.0177 0.2606 -1.3873 -0.0096 0.2498 -1.3867 -0.0132 0.2535 -1.3893 -0.0184 0.2586 -1.3935 -0.0245 0.2644 -1.3986 -0.0166 0.2558
