
2.0 -1.3926 -0.05 0.2906 -1.3547 -0.0907 0.3359 -1.2689 -0.073 0.3264 -1.2553 -0.0553 0.3096 -1.2656 -0.0414 0.2944 -1.2914 -0.0247 0.2748 -1.3379 -0.0707 0.3172 -1.3328 -0.0596 0.3064 -1.3346 -0.0495 0.2958 -1.3411 -0.0375 0.283 -1.3478 -0.0535 0.2986
3.0 -1.3909 -0.0498 0.2905 -1.3547 -0.0907 0.3359 -1.2679 -0.0735 0.327 -1.2553 -0.0553 0.3096 -1.2647 -0.0419 0.295 -1.2913 -0.0253 0.2754 -1.338 -0.0701 0.3166 -1.3329 -0.059 0.3057 -1.3348 -0.0483 0.2946 -1.3412 -0.0369 0.2823 -1.3476 -0.0528 0.2979
4.0 -1.382 -0.0504 0.292 -1.3538 -0.0906 0.3359 -1.2661 -0.0738 0.3275 -1.2537 -0.0544 0.3089 -1.263 -0.0416 0.2949 -1.2898 -0.0239 0.2741 -1.3326 -0.0712 0.3182 -1.3284 -0.0596 0.3068 -1.3304 -0.0483 0.295 -1.3377 -0.0371 0.2828 -1.3422 -0.0533 0.299
5.0 -1.3881 -0.0506 0.2916 -1.3549 -0.0895 0.3347 -1.2682 -0.0723 0.3257 -1.2552 -0.0559 0.3102 -1.2647 -0.0419 0.295 -1.2913 -0.0253 0.2754 -1.3372 -0.07 0.3165 -1.3313 -0.0582 0.3051 -1.3332 -0.0475 0.2939 -1.3405 -0.0362 0.2817 -1.346 -0.0525 0.2978
5.0 -1.3881 -0.0506 0.2916 -1.3549 -0.0895 0.3347 -1.2682 -0.0723 0.3257 -1.2552 -0.0559 0.3102 -1.2647 -0.0419 0.295 -1.2913 -0.0253 0.2754 -1.3372 -0.07 0.3165 -1.3313 -0.0582 0.3051 -1.3332 -0.0475 0.2939 -1.3405 -0.0362 0.2817 -1.346 -0.0525 0.2978
7.0 -1.3643 -0.0559 0.2995 -1.3571 -0.0867 0.3317 -1.2654 -0.0731 0.3269 -1.2524 -0.0567 0.3114 -1.2629 -0.0422 0.2955 -1.2902 -0.027 0.2772 -1.3245 -0.0719 0.3198 -1.3211 -0.0611 0.309 -1.3238 -0.0511 0.2985 -1.3309 -0.0404 0.2869 -1.3329 -0.0561 0.3027
8.0 -1.3543 -0.0625 0.3072 -1.3301 -0.08 0.3275 -1.2596 -0.076 0.3304 -1.2489 -0.0568 0.3119 -1.2648 -0.0413 0.2944 -1.296 -0.0339 0.2837 -1.3166 -0.077 0.3257 -1.3152 -0.0646 0.3132 -1.3188 -0.0541 0.3021 -1.3247 -0.0457 0.2929 -1.3259 -0.0608 0.3082
9.0 -1.3557 -0.0597 0.3041 -1.3586 -0.0784 0.323 -1.2613 -0.0762 0.3304 -1.2467 -0.059 0.3143 -1.259 -0.0442 0.2979 -1.2863 -0.0289 0.2796 -1.316 -0.0751 0.3238 -1.3145 -0.0639 0.3125 -1.3182 -0.0528 0.3008 -1.3261 -0.0428 0.2899 -1.3261 -0.0588 0.3062
10.0 -1.3546 -0.0559 0.3003 -1.3586 -0.0882 0.333 -1.2595 -0.0766 0.331 -1.2457 -0.0601 0.3155 -1.258 -0.0446 0.2985 -1.2829 -0.0285 0.2794 -1.3154 -0.0738 0.3226 -1.3138 -0.0626 0.3113 -1.3175 -0.0515 0.2995 -1.3247 -0.0408 0.2879 -1.3252 -0.0569 0.3043
11.0 -1.3694 -0.0566 0.2997 -1.3514 -0.089 0.3346 -1.26 -0.0785 0.3329 -1.2456 -0.0607 0.3161 -1.2571 -0.0451 0.2991 -1.2836 -0.0292 0.2801 -1.3241 -0.0743 0.3223 -1.32 -0.0628 0.3109 -1.3227 -0.0522 0.2997 -1.3291 -0.0408 0.2875 -1.3331 -0.0573 0.304
12.0 -1.3734 -0.0541 0.2967 -1.3487 -0.0893 0.3351 -1.2601 -0.0779 0.3323 -1.2464 -0.0608 0.3161 -1.257 -0.0457 0.2997 -1.2828 -0.0291 0.2801 -1.326 -0.0734 0.3211 -1.3218 -0.0624 0.3103 -1.3238 -0.0511 0.2985 -1.3302 -0.0397 0.2863 -1.335 -0.0561 0.3026
13.0 -1.3716 -0.0545 0.2972 -1.3504 -0.0901 0.3358 -1.2618 -0.0781 0.3323 -1.2482 -0.0604 0.3156 -1.2571 -0.0451 0.2991 -1.2846 -0.0287 0.2795 -1.326 -0.0734 0.3211 -1.3219 -0.0618 0.3097 -1.3238 -0.0511 0.2985 -1.331 -0.0398 0.2863 -1.3349 -0.0561 0.3026
14.0 -1.3798 -0.0525 0.2944 -1.3522 -0.0897 0.3352 -1.2611 -0.0774 0.3317 -1.2494 -0.0588 0.3137 -1.2579 -0.0452 0.2991 -1.2822 -0.0271 0.2782 -1.3297 -0.0726 0.32 -1.3247 -0.061 0.3085 -1.3257 -0.0501 0.2973 -1.3322 -0.0382 0.2845 -1.3384 -0.0549 0.301
15.0 -1.3798 -0.0525 0.2944 -1.3531 -0.0892 0.3346 -1.2611 -0.0774 0.3317 -1.2487 -0.058 0.3131 -1.258 -0.0446 0.2985 -1.284 -0.0268 0.2776 -1.3287 -0.0731 0.3206 -1.3247 -0.061 0.3085 -1.3267 -0.0496 0.2968 -1.3341 -0.0372 0.2833 -1.3388 -0.0547 0.3007
16.0 -1.3791 -0.0518 0.2938 -1.3539 -0.09 0.3353 -1.262 -0.0775 0.3317 -1.2487 -0.058 0.3131 -1.2581 -0.0441 0.2979 -1.285 -0.0263 0.277 -1.3315 -0.0723 0.3194 -1.3265 -0.0606 0.308 -1.3276 -0.0492 0.2962 -1.335 -0.0373 0.2833 -1.3399 -0.0542 0.3001
17.0 -1.3727 -0.0528 0.2954 -1.3538 -0.0906 0.3359 -1.2637 -0.0778 0.3318 -1.2486 -0.0586 0.3137 -1.2583 -0.0435 0.2972 -1.2852 -0.0251 0.2758 -1.3287 -0.0731 0.3206 -1.3238 -0.0609 0.3085 -1.3249 -0.0494 0.2967 -1.3323 -0.0376 0.2839 -1.3365 -0.0548 0.301
18.0 -1.3812 -0.0497 0.2914 -1.3539 -0.09 0.3353 -1.263 -0.0765 0.3305 -1.2504 -0.0583 0.3132 -1.2583 -0.0435 0.2972 -1.2843 -0.0256 0.2764 -1.3325 -0.0718 0.3188 -1.3267 -0.0594 0.3068 -1.3286 -0.0487 0.2956 -1.3352 -0.0361 0.2821 -1.3408 -0.0531 0.2989
19.0 -1.3801 -0.0507 0.2926 -1.3548 -0.0901 0.3353 -1.2629 -0.0771 0.3311 -1.2495 -0.0582 0.3131 -1.2584 -0.0429 0.2966 -1.2854 -0.0239 0.2746 -1.3316 -0.0717 0.3188 -1.3266 -0.06 0.3074 -1.3277 -0.0486 0.2956 -1.3342 -0.0366 0.2827 -1.3401 -0.0535 0.2994
20.0 -1.3839 -0.0494 0.2909 -1.3566 -0.0897 0.3348 -1.2622 -0.0764 0.3305 -1.2495 -0.0582 0.3131 -1.2576 -0.0421 0.296 -1.2836 -0.0243 0.2751 -1.3308 -0.071 0.3182 -1.3257 -0.0599 0.3073 -1.3277 -0.0486 0.2956 -1.3351 -0.0367 0.2827 -1.3407 -0.0531 0.2989
21.0 -1.3748 -0.0512 0.2936 -1.3585 -0.0888 0.3336 -1.2624 -0.0752 0.3292 -1.2487 -0.058 0.3131 -1.2567 -0.042 0.2959 -1.2846 -0.0238 0.2745 -1.329 -0.0713 0.3187 -1.324 -0.0597 0.3073 -1.3252 -0.0482 0.2955 -1.3326 -0.0358 0.282 -1.3371 -0.0532 0.2994
22.0 -1.3769 -0.0491 0.2912 -1.3588 -0.087 0.3317 -1.2615 -0.075 0.3292 -1.2488 -0.0574 0.3125 -1.2567 -0.042 0.2959 -1.2838 -0.0231 0.2739 -1.33 -0.0709 0.3181 -1.3249 -0.0598 0.3073 -1.326 -0.0483 0.2955 -1.3326 -0.0358 0.282 -1.3381 -0.0528 0.2988
23.0 -1.374 -0.0505 0.293 -1.3597 -0.0871 0.3318 -1.2618 -0.0733 0.3273 -1.2482 -0.0555 0.3106 -1.2578 -0.041 0.2947 -1.2848 -0.0226 0.2733 -1.3283 -0.0706 0.3181 -1.3233 -0.059 0.3066 -1.3253 -0.0476 0.2948 -1.3326 -0.0358 0.282 -1.3367 -0.0527 0.2989
24.0 -1.3778 -0.0492 0.2912 -1.3582 -0.0857 0.3305 -1.2611 -0.0725 0.3267 -1.249 -0.0563 0.3112 -1.2568 -0.0414 0.2953 -1.2831 -0.0224 0.2732 -1.3301 -0.0703 0.3175 -1.3241 -0.0591 0.3067 -1.326 -0.0483 0.2955 -1.3325 -0.0364 0.2826 -1.3381 -0.0526 0.2987
24.0 -1.3778 -0.0492 0.2912 -1.3582 -0.0857 0.3305 -1.2611 -0.0725 0.3267 -1.249 -0.0563 0.3112 -1.2568 -0.0414 0.2953 -1.2831 -0.0224 0.2732 -1.3301 -0.0703 0.3175 -1.3241 -0.0591 0.3067 -1.326 -0.0483 0.2955 -1.3325 -0.0364 0.2826 -1.3381 -0.0526 0.2987
26.0 -1.3764 -0.0472 0.2893 -1.3583 -0.0851 0.3298 -1.263 -0.0716 0.3255 -1.2492 -0.0551 0.31 -1.2579 -0.0404 0.2941 -1.2834 -0.0206 0.2713 -1.332 -0.0693 0.3163 -1.3252 -0.058 0.3054 -1.3253 -0.0476 0.2948 -1.3318 -0.0357 0.282 -1.3381 -0.0515 0.2976
27.0 -1.3653 -0.05 0.2933 -1.3705 -0.0855 0.3291 -1.2614 -0.0708 0.3248 -1.2468 -0.0535 0.3087 -1.2572 -0.0396 0.2934 -1.285 -0.0214 0.272 -1.324 -0.07 0.3179 -1.3198 -0.0585 0.3065 -1.3227 -0.0473 0.2947 -1.3308 -0.0361 0.2826 -1.3325 -0.0524 0.299
28.0 -1.3615 -0.0519 0.2956 -1.3606 -0.0768 0.3212 -1.2621 -0.0715 0.3255 -1.2476 -0.0542 0.3093 -1.258 -0.0398 0.2935 -1.286 -0.0209 0.2714 -1.322 -0.071 0.3191 -1.3188 -0.0596 0.3077 -1.3216 -0.0483 0.2959 -1.3297 -0.0372 0.2838 -1.3307 -0.0536 0.3004
29.0 -1.3657 -0.0476 0.2908 -1.3654 -0.0848 0.3289 -1.2623 -0.0703 0.3242 -1.2478 -0.053 0.3081 -1.2572 -0.0396 0.2934 -1.2842 -0.0207 0.2714 -1.3266 -0.0698 0.3174 -1.3216 -0.0587 0.3066 -1.3236 -0.0468 0.2941 -1.33 -0.0354 0.2819 -1.3335 -0.0517 0.2981
30.0 -1.3744 -0.0481 0.2905 -1.361 -0.0848 0.3293 -1.2622 -0.0709 0.3249 -1.2494 -0.0539 0.3088 -1.258 -0.0398 0.2935 -1.2842 -0.0207 0.2714 -1.3302 -0.0697 0.3169 -1.3243 -0.0579 0.3054 -1.3254 -0.047 0.2942 -1.3318 -0.0357 0.282 -1.3372 -0.0517 0.2978
31.0 -1.3664 -0.0489 0.2921 -1.3664 -0.0837 0.3277 -1.2625 -0.0697 0.3236 -1.2478 -0.053 0.3081 -1.2581 -0.0392 0.2929 -1.2851 -0.0208 0.2714 -1.3258 -0.0697 0.3173 -1.3216 -0.0587 0.3066 -1.3245 -0.0469 0.2942 -1.3309 -0.0355 0.2819 -1.3338 -0.0519 0.2984
32.0 -1.3705 -0.0507 0.2935 -1.3622 -0.0825 0.3269 -1.2606 -0.07 0.3242 -1.2487 -0.0526 0.3075 -1.2571 -0.0402 0.2941 -1.2842 -0.0207 0.2714 -1.3257 -0.0703 0.318 -1.3216 -0.0587 0.3066 -1.3243 -0.0481 0.2954 -1.3316 -0.0363 0.2826 -1.3347 -0.0528 0.2992
33.0 -1.3622 -0.0477 0.2913 -1.3696 -0.0805 0.324 -1.2616 -0.0696 0.3236 -1.2479 -0.0524 0.3074 -1.2573 -0.039 0.2928 -1.2834 -0.0206 0.2713 -1.3224 -0.0692 0.3172 -1.3181 -0.0583 0.3064 -1.321 -0.047 0.2947 -1.3282 -0.0358 0.2825 -1.3304 -0.0516 0.2984
34.0 -1.3638 -0.0485 0.292 -1.3686 -0.0816 0.3252 -1.2616 -0.0696 0.3236 -1.2479 -0.0524 0.3074 -1.2573 -0.039 0.2928 -1.2834 -0.0206 0.2713 -1.3213 -0.0703 0.3184 -1.318 -0.0589 0.307 -1.32 -0.0475 0.2953 -1.3272 -0.0363 0.283 -1.3301 -0.0523 0.2991
35.0 -1.3612 -0.0482 0.2919 -1.3679 -0.0754 0.319 -1.2626 -0.0691 0.323 -1.2487 -0.0526 0.3075 -1.2573 -0.039 0.2928 -1.2824 -0.0211 0.2719 -1.3222 -0.0698 0.3178 -1.318 -0.0589 0.307 -1.319 -0.048 0.2958 -1.3254 -0.0366 0.2836 -1.3292 -0.0523 0.2992
36.0 -1.3599 -0.0505 0.2943 -1.365 -0.0768 0.3207 -1.2609 -0.0683 0.3223 -1.2471 -0.0517 0.3068 -1.2554 -0.0394 0.2934 -1.2813 -0.0221 0.2731 -1.3177 -0.0704 0.3189 -1.3135 -0.0595 0.3081 -1.3162 -0.0488 0.297 -1.3244 -0.0377 0.2848 -1.3264 -0.0534 0.3006
37.0 -1.3561 -0.0524 0.2966 -1.3034 -0.0667 0.3165 -1.2566 -0.0677 0.3221 -1.2465 -0.0504 0.3055 -1.2554 -0.0394 0.2934 -1.2797 -0.0213 0.2725 -1.3099 -0.07 0.3192 -1.3099 -0.0602 0.3092 -1.3143 -0.0498 0.2982 -1.3223 -0.0393 0.2866 -1.3225 -0.0543 0.302
38.0 -1.3565 -0.05 0.2942 -1.3551 -0.073 0.3178 -1.2584 -0.0679 0.3222 -1.2447 -0.0508 0.3061 -1.2547 -0.0387 0.2927 -1.2805 -0.022 0.2731 -1.3142 -0.0706 0.3194 -1.3117 -0.0598 0.3087 -1.3145 -0.0486 0.2969 -1.3226 -0.0375 0.2847 -1.3239 -0.0533 0.3008
39.0 -1.3535 -0.0471 0.2916 -1.3562 -0.0719 0.3166 -1.2577 -0.0666 0.3209 -1.2431 -0.0494 0.3048 -1.2531 -0.0379 0.292 -1.277 -0.0216 0.273 -1.3117 -0.0696 0.3187 -1.3091 -0.0595 0.3086 -1.3118 -0.0489 0.2974 -1.3198 -0.0383 0.2859 -1.3212 -0.0527 0.3004
40.0 -1.3508 -0.0474 0.2921 -1.3581 -0.0759 0.3205 -1.2573 -0.069 0.3234 -1.2412 -0.0503 0.3059 -1.2504 -0.0381 0.2926 -1.2755 -0.0201 0.2717 -1.3154 -0.0689 0.3176 -1.3102 -0.0584 0.3074 -1.3102 -0.048 0.2967 -1.3157 -0.0372 0.2851 -1.3204 -0.052 0.2998
41.0 -1.3446 -0.0478 0.2931 -1.3527 -0.077 0.3221 -1.2536 -0.0697 0.3245 -1.2368 -0.0503 0.3064 -1.2468 -0.0383 0.293 -1.2753 -0.0213 0.2729 -1.3118 -0.069 0.318 -1.3057 -0.059 0.3084 -1.3057 -0.0486 0.2978 -1.311 -0.0384 0.2868 -1.3158 -0.0526 0.3008
42.0 -1.3467 -0.0456 0.2907 -1.3618 -0.0751 0.3194 -1.249 -0.066 0.3212 -1.2345 -0.0482 0.3044 -1.2443 -0.0379 0.2929 -1.2679 -0.0185 0.2708 -1.3084 -0.0685 0.3179 -1.3041 -0.0582 0.3077 -1.3051 -0.0473 0.2965 -1.3114 -0.0366 0.2849 -1.3151 -0.0513 0.2996
43.0 -1.3776 -0.0449 0.2869 -1.3383 -0.0738 0.3203 -1.252 -0.064 0.3188 -1.2442 -0.0483 0.3036 -1.2493 -0.0392 0.2938 -1.2681 -0.0222 0.2745 -1.3203 -0.0659 0.314 -1.3133 -0.0558 0.3044 -1.3124 -0.0459 0.2943 -1.3168 -0.0355 0.2833 -1.3281 -0.0496 0.2966
44.0 -1.3647 -0.0432 0.2864 -1.3225 -0.0686 0.3166 -1.2476 -0.064 0.3193 -1.2393 -0.0513 0.3071 -1.2428 -0.0414 0.2966 -1.2577 -0.0214 0.2747 -1.3117 -0.0647 0.3137 -1.3047 -0.0546 0.304 -1.3028 -0.0452 0.2946 -1.3064 -0.0347 0.2835 -1.3181 -0.0485 0.2964
45.0 -1.3623 -0.0422 0.2856 -1.3191 -0.0676 0.3158 -1.2339 -0.0622 0.3188 -1.2275 -0.0485 0.3054 -1.2328 -0.0382 0.2944 -1.2527 -0.0201 0.2739 -1.3039 -0.0643 0.314 -1.2977 -0.0543 0.3044 -1.2975 -0.0451 0.295 -1.3021 -0.0341 0.2833 -1.3127 -0.048 0.2965
46.0 -1.3435 -0.044 0.2893 -1.3183 -0.0674 0.3158 -1.227 -0.0612 0.3185 -1.2151 -0.0437 0.3018 -1.2237 -0.0345 0.2915 -1.2503 -0.0186 0.2726 -1.2932 -0.0647 0.3154 -1.2879 -0.0548 0.3059 -1.2896 -0.0452 0.2959 -1.2967 -0.0346 0.2844 -1.3022 -0.0487 0.2982
47.0 -1.333 -0.0438 0.2901 -1.3057 -0.0639 0.3134 -1.2183 -0.0607 0.3188 -1.2073 -0.0433 0.3021 -1.2158 -0.0347 0.2925 -1.2424 -0.0187 0.2735 -1.2854 -0.0642 0.3158 -1.2801 -0.0543 0.3062 -1.2809 -0.0447 0.2962 -1.2872 -0.0339 0.2846 -1.2933 -0.0482 0.2986
48.0 -1.3286 -0.0438 0.2906 -1.285 -0.0617 0.3133 -1.2036 -0.0593 0.3188 -1.1943 -0.0421 0.3022 -1.2052 -0.0351 0.2939 -1.2304 -0.0165 0.2724 -1.2742 -0.0627 0.3153 -1.2688 -0.0534 0.3064 -1.2688 -0.0437 0.2964 -1.2751 -0.0329 0.2848 -1.2831 -0.0473 0.2987
49.0 -1.3262 -0.0422 0.2892 -1.2857 -0.0624 0.3139 -1.1967 -0.0584 0.3186 -1.1891 -0.0415 0.302 -1.2001 -0.0338 0.2931 -1.2277 -0.0167 0.2729 -1.2715 -0.063 0.3159 -1.2654 -0.053 0.3062 -1.2661 -0.0439 0.2969 -1.2724 -0.0331 0.2853 -1.2803 -0.047 0.2987
50.0 -1.3232 -0.0443 0.2916 -1.2812 -0.063 0.315 -1.1931 -0.0591 0.3197 -1.1844 -0.0433 0.3044 -1.1966 -0.0339 0.2936 -1.2233 -0.0168 0.2734 -1.2655 -0.0622 0.3156 -1.2602 -0.0523 0.306 -1.2618 -0.0433 0.2967 -1.2689 -0.0327 0.2852 -1.2759 -0.0469 0.299
51.0 -1.3192 -0.0419 0.2896 -1.2761 -0.0624 0.3148 -1.1921 -0.0596 0.3203 -1.1845 -0.0427 0.3037 -1.1947 -0.0349 0.2948 -1.2198 -0.0169 0.2739 -1.2654 -0.0627 0.3162 -1.2584 -0.0526 0.3066 -1.2583 -0.0435 0.2972 -1.2637 -0.0326 0.2856 -1.273 -0.0467 0.2991
52.0 -1.3128 -0.0435 0.2918 -1.2692 -0.0614 0.3145 -1.1867 -0.0601 0.3213 -1.1782 -0.0436 0.3054 -1.1894 -0.0348 0.2952 -1.2144 -0.0174 0.2749 -1.2575 -0.0629 0.3172 -1.2522 -0.053 0.3076 -1.2529 -0.044 0.2983 -1.26 -0.0333 0.2867 -1.2671 -0.0473 0.3003
53.0 -1.3114 -0.0415 0.2899 -1.2666 -0.0611 0.3144 -1.1835 -0.0584 0.3199 -1.1731 -0.0423 0.3045 -1.1851 -0.0342 0.295 -1.2109 -0.0175 0.2754 -1.2549 -0.0625 0.3171 -1.2496 -0.0527 0.3075 -1.2503 -0.0436 0.2982 -1.2566 -0.0328 0.2865 -1.2646 -0.0466 0.2998
54.0 -1.2952 -0.0387 0.2887 -1.2283 -0.059 0.3161 -1.1584 -0.0562 0.3202 -1.1517 -0.0389 0.3031 -1.1652 -0.0321 0.2949 -1.1926 -0.0163 0.276 -1.2334 -0.0596 0.3163 -1.2307 -0.0501 0.3068 -1.2332 -0.0407 0.2969 -1.2421 -0.0303 0.2854 -1.2469 -0.0439 0.2988
55.0 -1.2852 -0.0404 0.2914 -1.2139 -0.0558 0.3142 -1.1531 -0.0561 0.3206 -1.1465 -0.0388 0.3035 -1.16 -0.032 0.2953 -1.1866 -0.0155 0.2757 -1.224 -0.0584 0.3159 -1.222 -0.0496 0.3071 -1.2261 -0.041 0.2979 -1.235 -0.0305 0.2863 -1.2385 -0.044 0.2997
56.0 -1.2802 -0.0385 0.29 -1.2058 -0.0565 0.3158 -1.1453 -0.0557 0.321 -1.1388 -0.0371 0.3026 -1.1514 -0.0309 0.295 -1.1804 -0.0158 0.2767 -1.2171 -0.0574 0.3156 -1.2152 -0.048 0.3062 -1.2195 -0.0388 0.2964 -1.2283 -0.0284 0.2848 -1.2321 -0.0422 0.2986
57.0 -1.2436 -0.0366 0.2917 -1.1757 -0.0476 0.3096 -1.1094 -0.0545 0.3233 -1.1004 -0.0356 0.3049 -1.1155 -0.0297 0.2973 -1.1465 -0.0137 0.2779 -1.1811 -0.0569 0.3186 -1.1782 -0.0485 0.3104 -1.1816 -0.0392 0.3005 -1.1903 -0.0294 0.2896 -1.195 -0.0421 0.3021
58.0 -1.2381 -0.0377 0.2933 -1.1691 -0.0552 0.3181 -1.1024 -0.0542 0.3237 -1.0952 -0.0349 0.3047 -1.1104 -0.029 0.2971 -1.1404 -0.0129 0.2777 -1.1759 -0.0568 0.319 -1.1739 -0.0479 0.3102 -1.1782 -0.0382 0.2998 -1.187 -0.0283 0.2888 -1.1906 -0.0418 0.3022
59.0 -1.2327 -0.0388 0.295 -1.1699 -0.0505 0.3132 -1.0974 -0.0529 0.3228 -1.0899 -0.0354 0.3057 -1.1053 -0.0277 0.2963 -1.1355 -0.011 0.2762 -1.1705 -0.0573 0.3201 -1.1686 -0.0478 0.3106 -1.1729 -0.0387 0.3008 -1.1818 -0.0276 0.2886 -1.1853 -0.042 0.303
60.0 -1.2222 -0.0386 0.2958 -1.155 -0.0503 0.3145 -1.0906 -0.0514 0.322 -1.0851 -0.0323 0.303 -1.1021 -0.026 0.2949 -1.1329 -0.0107 0.2761 -1.1594 -0.0552 0.319 -1.1592 -0.0466 0.3103 -1.165 -0.0382 0.3011 -1.1764 -0.0287 0.2903 -1.1764 -0.0415 0.3033
61.0 -1.2155 -0.0365 0.2943 -1.1524 -0.0499 0.3144 -1.0853 -0.0513 0.3224 -1.0784 -0.0308 0.3021 -1.0935 -0.0249 0.2946 -1.1253 -0.009 0.2752 -1.1552 -0.054 0.3182 -1.1541 -0.0453 0.3094 -1.1591 -0.0368 0.3003 -1.1687 -0.0271 0.2894 -1.1705 -0.0399 0.3023
62.0 -1.213 -0.0355 0.2936 -1.1526 -0.0487 0.3131 -1.0809 -0.0513 0.3228 -1.0728 -0.0325 0.3044 -1.089 -0.0255 0.2957 -1.1201 -0.0083 0.275 -1.1535 -0.0538 0.3182 -1.1523 -0.0456 0.31 -1.1573 -0.0372 0.3008 -1.1662 -0.0268 0.2893 -1.1685 -0.0398 0.3024
63.0 -1.2124 -0.0342 0.2923 -1.1461 -0.0509 0.316 -1.0744 -0.0486 0.3207 -1.0677 -0.0312 0.3036 -1.0839 -0.0242 0.2948 -1.1133 -0.0074 0.2747 -1.1514 -0.051 0.3156 -1.1493 -0.0428 0.3074 -1.1534 -0.0342 0.2982 -1.1623 -0.0238 0.2866 -1.1657 -0.0372 0.3
64.0 -1.21 -0.0327 0.291 -1.1375 -0.0498 0.3157 -1.0711 -0.0469 0.3193 -1.0642 -0.0313 0.3041 -1.0769 -0.0239 0.2952 -1.1069 -0.0084 0.2764 -1.1447 -0.0489 0.3141 -1.1442 -0.0415 0.3066 -1.1491 -0.0336 0.298 -1.1587 -0.0239 0.2871 -1.1614 -0.0361 0.2993
65.0 -1.207 -0.0298 0.2884 -1.1362 -0.0471 0.3131 -1.0672 -0.0445 0.3173 -1.0619 -0.0292 0.3021 -1.0735 -0.0234 0.2951 -1.1019 -0.0071 0.2756 -1.1425 -0.0462 0.3115 -1.1412 -0.0387 0.3039 -1.1451 -0.0312 0.296 -1.1529 -0.0219 0.2857 -1.1578 -0.0336 0.2971
66.0 -1.1958 -0.0283 0.2879 -1.1161 -0.0414 0.3092 -1.0593 -0.0441 0.3176 -1.0542 -0.0281 0.3018 -1.0668 -0.0213 0.2936 -1.0959 -0.0063 0.2753 -1.133 -0.0455 0.3117 -1.1331 -0.04 0.3061 -1.1386 -0.0334 0.2988 -1.1472 -0.0248 0.2892 -1.1495 -0.0344 0.2988
67.0 -1.1877 -0.0297 0.2901 -1.106 -0.0486 0.3176 -1.0505 -0.0441 0.3185 -1.0453 -0.0288 0.3033 -1.058 -0.0213 0.2945 -1.0894 -0.0078 0.2776 -1.1246 -0.048 0.3152 -1.1257 -0.042 0.309 -1.1323 -0.0344 0.3005 -1.141 -0.0246 0.2896 -1.1423 -0.0357 0.3009
68.0 -1.1791 -0.0285 0.2898 -1.1027 -0.0475 0.3168 -1.0459 -0.0453 0.3202 -1.0401 -0.0281 0.3031 -1.0536 -0.0213 0.2949 -1.0819 -0.0056 0.276 -1.1204 -0.0468 0.3144 -1.1201 -0.0389 0.3062 -1.1241 -0.0308 0.2977 -1.132 -0.0209 0.2867 -1.1351 -0.0332 0.299
69.0 -1.1682 -0.0301 0.2925 -1.1041 -0.0446 0.3137 -1.0348 -0.0432 0.3192 -1.0307 -0.0268 0.3028 -1.0477 -0.0199 0.2941 -1.0776 -0.005 0.2759 -1.1064 -0.0468 0.3157 -1.1069 -0.0389 0.3076 -1.1126 -0.0311 0.2991 -1.1232 -0.021 0.2876 -1.1235 -0.0336 0.3005
70.0 -1.1649 -0.029 0.2917 -1.0838 -0.015 0.2855 -1.0308 -0.0415 0.3178 -1.0291 -0.026 0.3021 -1.0425 -0.0198 0.2945 -1.0753 -0.0084 0.2795 -1.1017 -0.0431 0.3124 -1.1048 -0.0405 0.3094 -1.1126 -0.036 0.3041 -1.1237 -0.0283 0.2951 -1.1216 -0.0354 0.3025
71.0 -1.159 -0.0276 0.2909 -1.0787 -0.029 0.3003 -1.0186 -0.0404 0.3179 -1.0183 -0.0221 0.2992 -1.0369 -0.0166 0.2918 -1.0715 -0.0048 0.2763 -1.0963 -0.0442 0.3141 -1.0981 -0.0389 0.3085 -1.1063 -0.0321 0.3007 -1.1175 -0.0232 0.2905 -1.1154 -0.0332 0.3009
72.0 -1.1574 -0.0268 0.2902 -1.0673 -0.0085 0.2805 -1.0146 -0.0381 0.3159 -1.014 -0.0215 0.299 -1.0326 -0.016 0.2916 -1.0688 -0.0051 0.2768 -1.095 -0.0416 0.3115 -1.0982 -0.0383 0.3079 -1.1063 -0.0321 0.3007 -1.1166 -0.0237 0.2911 -1.1147 -0.0325 0.3003
73.0 -1.1594 -0.0252 0.2884 -1.0603 -0.0033 0.2758 -1.0098 -0.0356 0.3138 -1.0096 -0.0215 0.2995 -1.0286 -0.0186 0.2946 -1.067 -0.0152 0.2873 -1.094 -0.0421 0.3121 -1.1002 -0.0417 0.3111 -1.1096 -0.0381 0.3065 -1.1208 -0.0298 0.2969 -1.1168 -0.0354 0.303
74.0 -1.1571 -0.0231 0.2864 -1.059 -0.0007 0.2733 -1.0048 -0.0337 0.3124 -1.004 -0.0183 0.2967 -1.0193 -0.0167 0.2936 -1.052 -0.0156 0.2892 -1.0873 -0.0399 0.3106 -1.0916 -0.0405 0.3108 -1.0991 -0.0379 0.3073 -1.1074 -0.031 0.2995 -1.1085 -0.0345 0.3029
75.0 -1.1279 -0.0191 0.2853 -1.036 0.0036 0.2711 -0.9801 -0.0291 0.3102 -0.9803 -0.0133 0.294 -0.9974 -0.0107 0.2896 -1.0322 -0.0081 0.2835 -1.0599 -0.0356 0.3089 -1.0643 -0.0356 0.3085 -1.0711 -0.0322 0.3043 -1.0802 -0.0255 0.2966 -1.0807 -0.0296 0.3007
76.0 -1.1252 -0.0194 0.2858 -1.0306 0.0026 0.2728 -0.9756 -0.0297 0.3113 -0.9786 -0.013 0.2939 -0.996 -0.0087 0.2877 -1.0304 -0.0035 0.279 -1.0579 -0.0372 0.3107 -1.0615 -0.0364 0.3096 -1.0693 -0.0326 0.3049 -1.0778 -0.024 0.2952 -1.0783 -0.0299 0.3013
77.0 -1.1251 -0.02 0.2865 -1.0281 0.0035 0.2721 -0.9731 -0.0294 0.3112 -0.9748 -0.0095 0.2906 -0.9927 -0.0076 0.2869 -1.0266 -0.0049 0.2808 -1.0553 -0.0368 0.3106 -1.0597 -0.0368 0.3101 -1.0675 -0.0324 0.3048 -1.076 -0.0243 0.2958 -1.0767 -0.0301 0.3016
78.0 -1.1185 -0.0179 0.2849 -1.0203 -0.0009 0.2774 -0.9697 -0.0283 0.3104 -0.9736 -0.0111 0.2924 -0.9917 -0.0081 0.2875 -1.0282 -0.0057 0.2814 -1.0495 -0.0348 0.3091 -1.0541 -0.0336 0.3074 -1.0638 -0.0288 0.3016 -1.0739 -0.021 0.2926 -1.072 -0.0272 0.2991
79.0 -1.1186 -0.0173 0.2843 -1.0275 0.0054 0.2702 -0.9684 -0.0257 0.3079 -0.9711 -0.0102 0.2917 -0.9867 -0.0117 0.2917 -1.0209 -0.0175 0.2943 -1.0472 -0.0327 0.3072 -1.0515 -0.0333 0.3073 -1.0608 -0.0308 0.3039 -1.0715 -0.025 0.2969 -1.0699 -0.0278 0.2999
80.0 -1.1146 -0.0149 0.2823 -1.0241 0.0059 0.27 -0.9651 -0.0246 0.3071 -0.9676 -0.0103 0.2922 -0.9846 -0.009 0.2891 -1.0189 -0.0136 0.2905 -1.0448 -0.0317 0.3064 -1.0491 -0.0323 0.3066 -1.0575 -0.0292 0.3026 -1.0685 -0.0221 0.2942 -1.0669 -0.0261 0.2984
81.0 -1.1111 -0.0144 0.2822 -1.0229 0.0091 0.2669 -0.962 -0.0224 0.3051 -0.9645 -0.0081 0.2902 -0.9797 -0.0065 0.2871 -1.0103 -0.0124 0.2901 -1.0413 -0.0313 0.3063 -1.0446 -0.0329 0.3077 -1.0521 -0.0303 0.3042 -1.0611 -0.0242 0.2971 -1.062 -0.0266 0.2995
82.0 -1.1043 -0.0135 0.2819 -1.0157 0.0082 0.2685 -0.9554 -0.0197 0.303 -0.9616 -0.0046 0.287 -0.9794 -0.0034 0.2839 -1.0143 -0.005 0.2822 -1.0365 -0.0288 0.3042 -1.041 -0.0282 0.3032 -1.0513 -0.0247 0.2986 -1.0624 -0.0164 0.289 -1.0591 -0.0223 0.2954
83.0 -1.1035 -0.0128 0.2812 -1.0163 0.0118 0.2647 -0.953 -0.0181 0.3016 -0.9584 -0.0024 0.285 -0.9752 -0.0022 0.2831 -1.0066 -0.0089 0.2869 -1.0365 -0.0288 0.3042 -1.0409 -0.0288 0.3038 -1.0496 -0.0244 0.2985 -1.059 -0.0159 0.2889 -1.0579 -0.0222 0.2953
84.0 -1.0965 -0.0125 0.2816 -1.0129 0.0123 0.2646 -0.9515 -0.0167 0.3003 -0.9548 -0.0031 0.2861 -0.9708 -0.0022 0.2836 -1.0021 -0.004 0.2823 -1.0297 -0.0273 0.3034 -1.0332 -0.0277 0.3035 -1.0417 -0.024 0.2988 -1.052 -0.0156 0.2892 -1.0506 -0.0214 0.2953
85.0 -1.0992 -0.0122 0.2811 -1.0119 0.0118 0.2652 -0.9464 -0.016 0.3001 -0.9498 -0.0012 0.2847 -0.9661 0.0015 0.2803 -1.0 -0.0013 0.2797 -1.0249 -0.0248 0.3013 -1.0283 -0.0252 0.3014 -1.0376 -0.0222 0.2974 -1.0487 -0.0146 0.2885 -1.0477 -0.0198 0.2939
86.0 -1.0941 -0.0115 0.2809 -1.0069 0.0131 0.2644 -0.9442 -0.0133 0.2976 -0.9466 0.0004 0.2833 -0.963 0.0037 0.2783 -0.9945 0.0025 0.2764 -1.0237 -0.0265 0.3031 -1.0282 -0.0258 0.3021 -1.0369 -0.0215 0.2968 -1.0465 -0.0118 0.2859 -1.0459 -0.0194 0.2937
87.0 -1.0933 -0.0108 0.2802 -1.0063 0.0199 0.2575 -0.9428 -0.0113 0.2956 -0.9453 0.0031 0.2807 -0.9609 0.0065 0.2757 -0.9913 -0.0007 0.28 -1.0212 -0.0255 0.3024 -1.0255 -0.0261 0.3026 -1.0332 -0.0222 0.2979 -1.0427 -0.0137 0.2883 -1.0432 -0.0197 0.2943
88.0 -1.0885 -0.0083 0.2782 -1.0058 0.0218 0.2556 -0.9414 -0.0092 0.2937 -0.9396 0.0008 0.2836 -0.955 0.0079 0.2749 -0.9843 0.0045 0.2754 -1.0192 -0.0222 0.2992 -1.0215 -0.0237 0.3005 -1.0283 -0.0204 0.2964 -1.036 -0.0116 0.2867 -1.0387 -0.0172 0.2922
89.0 -1.0884 -0.0089 0.2788 -0.9958 0.0152 0.2633 -0.9381 -0.0082 0.2929 -0.9408 0.0073 0.2768 -0.9585 0.0129 0.2694 -0.9944 0.0123 0.2664 -1.0175 -0.0219 0.2991 -1.0212 -0.0206 0.2974 -1.03 -0.0157 0.2915 -1.0405 -0.0061 0.2807 -1.0395 -0.0147 0.2895
90.0 -1.0865 -0.0093 0.2793 -1.0026 0.024 0.2536 -0.9367 -0.0062 0.291 -0.9366 0.0085 0.276 -0.9549 0.0128 0.2699 -0.9891 0.0118 0.2674 -1.0154 -0.0186 0.2959 -1.0196 -0.0198 0.2967 -1.0291 -0.0156 0.2915 -1.0386 -0.0065 0.2812 -1.0379 -0.014 0.2889
91.0 -1.0867 -0.0081 0.2781 -0.998 0.0228 0.2553 -0.9344 -0.004 0.2891 -0.9369 0.0103 0.2742 -0.9532 0.013 0.2698 -0.9856 0.0123 0.2673 -1.0138 -0.0178 0.2953 -1.0182 -0.0178 0.2948 -1.027 -0.0128 0.2889 -1.0375 -0.0033 0.2781 -1.0366 -0.012 0.287
92.0 -1.0819 -0.0056 0.276 -0.9913 0.0195 0.2594 -0.933 -0.002 0.2871 -0.937 0.0109 0.2735 -0.9533 0.0136 0.2692 -0.9831 0.0126 0.2672 -1.0087 -0.0165 0.2944 -1.0142 -0.0154 0.2928 -1.024 -0.01 0.2863 -1.0353 -0.0005 0.2755 -1.0328 -0.0096 0.285
93.0 -1.077 -0.0037 0.2746 -0.9827 0.0157 0.2641 -0.9314 -0.0012 0.2864 -0.9367 0.014 0.2704 -0.9547 0.0165 0.2661 -0.9838 0.0168 0.2629 -1.0072 -0.0151 0.2931 -1.013 -0.0122 0.2896 -1.0219 -0.0067 0.2831 -1.0332 0.0028 0.2723 -1.0305 -0.007 0.2825
94.0 -1.0756 -0.0017 0.2727 -0.9821 0.017 0.2628 -0.928 -0.0001 0.2857 -0.9362 0.0165 0.2679 -0.9575 0.0222 0.26 -0.9891 0.0271 0.2518 -1.0015 -0.0125 0.291 -1.005 -0.0074 0.2855 -1.0117 0.0002 0.2771 -1.022 0.0092 0.2668 -1.0232 -0.0024 0.2786
95.0 -1.0758 -0.0005 0.2714 -0.9706 0.007 0.2742 -0.9258 0.002 0.2837 -0.9335 0.0163 0.2684 -0.9575 0.0222 0.26 -0.9873 0.0267 0.2524 -1.0007 -0.0124 0.291 -1.0043 -0.0067 0.2849 -1.0128 0.0019 0.2752 -1.0232 0.0109 0.265 -1.0234 -0.0014 0.2775
96.0 -1.0719 -0.0024 0.2738 -0.9753 0.0137 0.2669 -0.927 0.0037 0.2819 -0.9284 0.0121 0.2732 -0.9451 0.0171 0.2664 -0.9834 0.0248 0.2547 -1.0058 -0.013 0.2912 -1.0098 -0.0105 0.2882 -1.018 -0.0037 0.2804 -1.0286 0.0065 0.269 -1.0268 -0.0046 0.2805
97.0 -1.0693 -0.0021 0.2737 -0.9763 0.0142 0.2663 -0.9252 0.0039 0.2818 -0.9291 0.0162 0.2689 -0.9494 0.0214 0.2615 -0.9903 0.0288 0.25 -1.0042 -0.0122 0.2905 -1.0085 -0.0079 0.2857 -1.0177 -0.0006 0.2773 -1.03 0.0093 0.2659 -1.0259 -0.0027 0.2786
98.0 -1.0695 -0.0009 0.2724 -0.9722 0.0159 0.2649 -0.9209 0.0045 0.2817 -0.9265 0.016 0.2694 -0.9459 0.0213 0.262 -0.9838 0.0272 0.2522 -1.0034 -0.0121 0.2905 -1.0084 -0.0085 0.2863 -1.0175 -0.0018 0.2785 -1.0282 0.009 0.2665 -1.0254 -0.0029 0.2788
99.0 -1.0643 -0.0008 0.2729 -0.9662 0.0118 0.2697 -0.9193 0.0053 0.281 -0.9242 0.0181 0.2674 -0.9443 0.0221 0.2613 -0.9834 0.0297 0.2497 -1.0 -0.011 0.2897 -1.0052 -0.0068 0.2849 -1.0142 -0.0001 0.2772 -1.0257 0.0099 0.2657 -1.0219 -0.0018 0.2781
100.0 -1.0608 -0.0003 0.2727 -0.9653 0.012 0.2696 -0.9196 0.0071 0.2791 -0.9234 0.0188 0.2668 -0.9443 0.0221 0.2613 -0.9851 0.0295 0.2498 -0.9993 -0.0103 0.2891 -1.0035 -0.006 0.2842 -1.0127 0.0013 0.2759 -1.0241 0.0108 0.265 -1.0201 -0.0009 0.2774
101.0 -1.0576 0.0013 0.2713 -0.9694 0.02 0.2611 -0.9161 0.007 0.2796 -0.9228 0.0202 0.2655 -0.9418 0.0231 0.2606 -0.9836 0.0309 0.2485 -0.9968 -0.0094 0.2883 -1.002 -0.0046 0.2829 -1.0104 0.0028 0.2745 -1.0208 0.0124 0.2637 -1.0175 0.0005 0.2762
102.0 -1.0531 0.0007 0.2724 -0.9619 0.0173 0.2645 -0.9146 0.0084 0.2783 -0.9203 0.0211 0.2648 -0.94 0.0227 0.2612 -0.9829 0.0316 0.2478 -0.9944 -0.0078 0.287 -0.998 -0.0022 0.2809 -1.0064 0.0052 0.2725 -1.0176 0.0141 0.2623 -1.0139 0.002 0.275
103.0 -1.0534 0.0025 0.2706 -0.9625 0.0258 0.2558 -0.9148 0.0096 0.2771 -0.9176 0.0208 0.2653 -0.9366 0.0238 0.2604 -0.9777 0.0323 0.2476 -0.9928 -0.007 0.2863 -0.9964 -0.0014 0.2802 -1.004 0.0067 0.2711 -1.0145 0.0163 0.2603 -1.0122 0.0034 0.2737
104.0 -1.0484 0.0038 0.2697 -0.9497 0.0232 0.2597 -0.9112 0.0095 0.2775 -0.9171 0.0228 0.2634 -0.9377 0.0249 0.2592 -0.9795 0.0326 0.2471 -0.987 -0.005 0.2848 -0.9922 -0.0002 0.2794 -1.0022 0.0064 0.2717 -1.0143 0.0151 0.2615 -1.0088 0.004 0.2735
105.0 -1.0472 0.007 0.2666 -0.9466 0.0255 0.2577 -0.9099 0.0121 0.275 -0.915 0.0261 0.2602 -0.9356 0.0282 0.256 -0.9752 0.0332 0.2469 -0.9845 -0.0041 0.2841 -0.9898 0.0007 0.2787 -0.9989 0.0074 0.2709 -1.0111 0.0168 0.2602 -1.0063 0.0056 0.2721
106.0 -1.0414 0.009 0.2651 -0.9387 0.0204 0.2636 -0.9058 0.0133 0.2742 -0.9148 0.0298 0.2564 -0.9409 0.033 0.2506 -0.9689 0.0371 0.2435 -0.9761 -0.0017 0.2826 -0.9784 0.0059 0.2745 -0.9842 0.0143 0.2654 -0.9936 0.0228 0.2558 -0.9947 0.0101 0.2687
107.0 -1.0385 0.0076 0.2669 -0.9334 0.0205 0.264 -0.9042 0.0147 0.2729 -0.9143 0.0317 0.2545 -0.9376 0.0346 0.2492 -0.9662 0.0369 0.2441 -0.9739 0.0004 0.2806 -0.976 0.0075 0.2732 -0.9819 0.0158 0.264 -0.9902 0.0233 0.2556 -0.9921 0.0109 0.2681
108.0 -1.0362 0.0097 0.2649 -0.9368 0.025 0.2592 -0.9037 0.0166 0.271 -0.9103 0.0292 0.2575 -0.9305 0.0338 0.2508 -0.9519 0.0358 0.2466 -0.9731 0.0011 0.2799 -0.975 0.007 0.2738 -0.9791 0.015 0.2652 -0.9848 0.0228 0.2567 -0.9897 0.0111 0.2681
109.0 -1.0305 0.0123 0.2628 -0.9225 0.0232 0.2624 -0.9011 0.0267 0.2609 -0.9036 0.0313 0.256 -0.9156 0.0346 0.2515 -0.9341 0.0345 0.2497 -0.9616 0.0057 0.2764 -0.965 0.0102 0.2715 -0.9696 0.0163 0.2648 -0.9751 0.0223 0.2582 -0.9804 0.0134 0.2667
110.0 -1.0273 0.014 0.2614 -0.9164 0.0241 0.2621 -0.8999 0.03 0.2577 -0.9022 0.0333 0.2541 -0.9141 0.036 0.2502 -0.9327 0.0365 0.2478 -0.9584 0.0074 0.275 -0.961 0.0125 0.2695 -0.9656 0.0186 0.2628 -0.9712 0.0252 0.2555 -0.9767 0.0156 0.2648
111.0 -1.0281 0.0139 0.2615 -0.9187 0.0219 0.2641 -0.8992 0.0313 0.2565 -0.9047 0.0324 0.2548 -0.918 0.033 0.2528 -0.9364 0.0324 0.2517 -0.9586 0.0086 0.2738 -0.9629 0.0129 0.2689 -0.9682 0.0183 0.2629 -0.9745 0.0242 0.2563 -0.9785 0.0156 0.2647
112.0 -1.0215 0.016 0.26 -0.913 0.0245 0.262 -0.897 0.0334 0.2545 -0.9024 0.0345 0.2528 -0.9157 0.0352 0.2509 -0.9323 0.0341 0.2503 -0.9539 0.0117 0.2711 -0.9581 0.016 0.2662 -0.9626 0.0215 0.2602 -0.9688 0.0268 0.2542 -0.973 0.0184 0.2623
113.0 -1.0206 0.0161 0.2599 -0.9116 0.0265 0.2601 -0.8988 0.0338 0.2539 -0.9028 0.0363 0.251 -0.916 0.0363 0.2496 -0.931 0.0368 0.2477 -0.954 0.0123 0.2705 -0.9574 0.0167 0.2656 -0.9618 0.0216 0.2601 -0.9662 0.0271 0.2541 -0.972 0.0188 0.262
114.0 -1.0206 0.0161 0.2599 -0.9128 0.0282 0.2582 -0.8971 0.034 0.2539 -0.9046 0.0367 0.2504 -0.9196 0.0371 0.2485 -0.9346 0.0375 0.2466 -0.9525 0.0137 0.2691 -0.9565 0.0168 0.2656 -0.9626 0.0215 0.2602 -0.968 0.0269 0.2541 -0.972 0.019 0.2618
115.0 -1.0207 0.0167 0.2593 -0.9137 0.0287 0.2577 -0.8954 0.0342 0.2538 -0.9026 0.0357 0.2516 -0.9166 0.035 0.2509 -0.9325 0.0353 0.249 -0.9518 0.015 0.2679 -0.9565 0.0168 0.2656 -0.9624 0.0203 0.2614 -0.9685 0.025 0.256 -0.972 0.0188 0.262
116.0 -1.0233 0.0164 0.2594 -0.9146 0.0286 0.2577 -0.8966 0.0365 0.2514 -0.9028 0.0363 0.251 -0.9166 0.035 0.2509 -0.9334 0.0352 0.249 -0.9544 0.0147 0.268 -0.9592 0.0171 0.265 -0.9652 0.0211 0.2603 -0.9704 0.0259 0.2549 -0.9745 0.019 0.2615
117.0 -1.0226 0.0177 0.2581 -0.9081 0.0319 0.2549 -0.8977 0.0376 0.2502 -0.906 0.0395 0.2474 -0.9193 0.0402 0.2454 -0.9352 0.0405 0.2435 -0.9527 0.0149 0.2679 -0.9575 0.0173 0.265 -0.9636 0.022 0.2596 -0.9707 0.0277 0.253 -0.9734 0.0199 0.2607
118.0 -1.0208 0.0173 0.2587 -0.9101 0.0329 0.2538 -0.8969 0.0383 0.2495 -0.9061 0.0401 0.2467 -0.9196 0.042 0.2435 -0.9355 0.0423 0.2416 -0.9505 0.0176 0.2653 -0.9555 0.0212 0.2611 -0.9625 0.0258 0.2558 -0.9704 0.0308 0.2499 -0.972 0.0226 0.2582
119.0 -1.0183 0.0182 0.258 -0.9129 0.0337 0.2526 -0.8979 0.0388 0.2489 -0.9071 0.0412 0.2455 -0.9212 0.0411 0.2442 -0.9362 0.0415 0.2423 -0.95 0.0195 0.2634 -0.955 0.0231 0.2592 -0.9618 0.0271 0.2545 -0.9697 0.0315 0.2492 -0.971 0.0239 0.2569
120.0 -1.0192 0.0181 0.258 -0.9145 0.0329 0.2533 -0.8969 0.0383 0.2495 -0.9035 0.0405 0.2466 -0.9185 0.0409 0.2447 -0.9344 0.0412 0.2428 -0.9495 0.022 0.2609 -0.9545 0.0256 0.2567 -0.9615 0.0302 0.2514 -0.9684 0.0342 0.2467 -0.9706 0.026 0.2547
121.0 -1.0156 0.0174 0.2591 -0.9148 0.0347 0.2514 -0.8969 0.0383 0.2495 -0.9042 0.0398 0.2473 -0.9192 0.0396 0.246 -0.9341 0.0394 0.2447 -0.9494 0.0214 0.2615 -0.9534 0.024 0.2586 -0.9594 0.028 0.2538 -0.9662 0.032 0.2491 -0.9688 0.0246 0.2564
122.0 -1.0191 0.0175 0.2586 -0.9145 0.0329 0.2533 -0.896 0.0378 0.2501 -0.9044 0.041 0.246 -0.9185 0.0409 0.2447 -0.9334 0.0407 0.2434 -0.9508 0.0194 0.2635 -0.9549 0.0225 0.2599 -0.961 0.0272 0.2545 -0.9679 0.0318 0.2491 -0.9707 0.0237 0.2571
123.0 -1.015 0.0193 0.2572 -0.9134 0.0318 0.2545 -0.8949 0.0367 0.2513 -0.9033 0.0393 0.2479 -0.9191 0.039 0.2466 -0.9349 0.0393 0.2447 -0.9464 0.0243 0.2589 -0.9525 0.029 0.2535 -0.9602 0.0328 0.2488 -0.9678 0.0361 0.2448 -0.9684 0.0283 0.2526
124.0 -1.016 0.0198 0.2566 -0.9082 0.0325 0.2543 -0.8944 0.0386 0.2494 -0.9025 0.04 0.2472 -0.9167 0.0405 0.2453 -0.9332 0.0395 0.2447 -0.9469 0.0224 0.2608 -0.9519 0.0254 0.2573 -0.9586 0.0288 0.2531 -0.9662 0.032 0.2491 -0.9679 0.0257 0.2554
125.0 -1.0117 0.0204 0.2564 -0.9106 0.031 0.2557 -0.895 0.0373 0.2507 -0.9022 0.0382 0.2491 -0.9171 0.038 0.2478 -0.9322 0.0384 0.2459 -0.945 0.0263 0.257 -0.9501 0.0305 0.2522 -0.9569 0.0339 0.2481 -0.9635 0.0366 0.2446 -0.9654 0.0295 0.2517
126.0 -1.0126 0.0208 0.2559 -0.9125 0.0319 0.2545 -0.8929 0.0401 0.2481 -0.8991 0.0405 0.2471 -0.9138 0.0391 0.247 -0.9294 0.0376 0.247 -0.9453 0.0281 0.2551 -0.9502 0.0311 0.2516 -0.9559 0.0334 0.2487 -0.9623 0.035 0.2464 -0.9653 0.0297 0.2515
127.0 -1.011 0.0217 0.2552 -0.9049 0.0336 0.2536 -0.8927 0.0444 0.2437 -0.8972 0.045 0.2426 -0.9115 0.0461 0.2401 -0.9274 0.0464 0.2382 -0.9443 0.0276 0.2557 -0.9485 0.0313 0.2515 -0.9553 0.0347 0.2474 -0.9619 0.0375 0.2439 -0.9642 0.0306 0.2507
128.0 -1.0099 0.02 0.257 -0.9033 0.0344 0.2529 -0.8907 0.0428 0.2455 -0.8982 0.0455 0.2421 -0.9135 0.0477 0.2383 -0.931 0.0471 0.2371 -0.9401 0.0288 0.2549 -0.9467 0.031 0.2521 -0.9542 0.0336 0.2486 -0.9623 0.035 0.2464 -0.9626 0.0297 0.2518
129.0 -1.0062 0.0242 0.2531 -0.9044 0.0355 0.2517 -0.8847 0.0436 0.2453 -0.8996 0.0587 0.2284 -0.9106 0.0609 0.2251 -0.9212 0.0564 0.2286 -0.9392 0.0283 0.2555 -0.9426 0.0327 0.2507 -0.9485 0.0362 0.2465 -0.9544 0.0397 0.2424 -0.9582 0.0322 0.2496
130.0 -1.0055 0.0255 0.2518 -0.9043 0.0349 0.2523 -0.8855 0.0435 0.2453 -0.8987 0.0582 0.229 -0.9111 0.0639 0.222 -0.9262 0.0649 0.2194 -0.9363 0.0318 0.2523 -0.941 0.0385 0.245 -0.9479 0.043 0.2396 -0.9557 0.0475 0.2343 -0.9573 0.0372 0.2446
131.0 -1.0055 0.0255 0.2518 -0.898 0.0394 0.2483 -0.8822 0.0446 0.2446 -0.9 0.0605 0.2265 -0.9148 0.0646 0.2208 -0.9324 0.0647 0.219 -0.9342 0.0302 0.2541 -0.9413 0.0354 0.2481 -0.9492 0.0404 0.2422 -0.9578 0.0441 0.2375 -0.9576 0.0351 0.2467
132.0 -1.0082 0.0257 0.2513 -0.9031 0.0381 0.2491 -0.883 0.0439 0.2452 -0.898 0.0595 0.2277 -0.915 0.0658 0.2196 -0.9339 0.0687 0.2147 -0.937 0.0311 0.2529 -0.9434 0.0375 0.2457 -0.9533 0.0435 0.2386 -0.9629 0.0483 0.2327 -0.961 0.0372 0.2442
133.0 -1.0039 0.0263 0.2512 -0.8982 0.0406 0.2471 -0.8834 0.0462 0.2427 -0.8982 0.0607 0.2264 -0.9131 0.0654 0.2202 -0.9317 0.066 0.2178 -0.9327 0.0316 0.2528 -0.9389 0.0369 0.2468 -0.9477 0.0418 0.2409 -0.9579 0.0447 0.2369 -0.9562 0.0363 0.2457
134.0 -1.0055 0.0255 0.2518 -0.894 0.0417 0.2463 -0.8854 0.0478 0.2409 -0.9045 0.0666 0.2198 -0.92 0.0694 0.2154 -0.9373 0.0677 0.2155 -0.9327 0.0316 0.2528 -0.9406 0.0367 0.2468 -0.9502 0.0409 0.2416 -0.9605 0.0444 0.237 -0.9579 0.0358 0.246
135.0 -1.0056 0.0261 0.2512 -0.889 0.043 0.2454 -0.8837 0.048 0.2409 -0.8991 0.0606 0.2265 -0.9166 0.065 0.2203 -0.9335 0.0663 0.2172 -0.9335 0.0309 0.2534 -0.9415 0.0366 0.2469 -0.9504 0.0421 0.2403 -0.9617 0.0467 0.2345 -0.9586 0.0365 0.2453
136.0 -1.0047 0.0256 0.2518 -0.8899 0.0435 0.2449 -0.8839 0.0492 0.2396 -0.8994 0.0624 0.2246 -0.9169 0.0668 0.2184 -0.9354 0.0667 0.2166 -0.9326 0.031 0.2534 -0.9396 0.0356 0.248 -0.9492 0.0404 0.2422 -0.9613 0.0443 0.237 -0.9575 0.0354 0.2465
137.0 -1.004 0.0269 0.2505 -0.8908 0.0434 0.2449 -0.8829 0.0487 0.2402 -0.9005 0.0635 0.2234 -0.9179 0.0672 0.2178 -0.9358 0.0691 0.2142 -0.9312 0.0331 0.2515 -0.9403 0.0398 0.2437 -0.9511 0.0463 0.236 -0.9632 0.0501 0.2308 -0.958 0.0392 0.2425
138.0 -1.005 0.0274 0.2499 -0.8932 0.0419 0.2462 -0.8852 0.0515 0.2372 -0.8994 0.0624 0.2246 -0.9132 0.066 0.2195 -0.9301 0.0668 0.2171 -0.9321 0.0329 0.2515 -0.9392 0.0387 0.2449 -0.9489 0.0435 0.239 -0.9593 0.0476 0.2338 -0.9569 0.038 0.2438
139.0 -1.0059 0.0273 0.25 -0.8833 0.0456 0.2434 -0.8928 0.0547 0.2331 -0.9057 0.0634 0.223 -0.9214 0.0674 0.2174 -0.9382 0.0682 0.2149 -0.9294 0.0327 0.252 -0.9383 0.0382 0.2455 -0.9498 0.044 0.2384 -0.9638 0.0482 0.2327 -0.9574 0.0381 0.2437
140.0 -1.0066 0.0265 0.2506 -0.8859 0.0453 0.2435 -0.887 0.0519 0.2366 -0.8982 0.0607 0.2264 -0.914 0.0653 0.2202 -0.9326 0.0659 0.2178 -0.9308 0.0307 0.2539 -0.9387 0.0357 0.248 -0.9493 0.041 0.2415 -0.9616 0.0461 0.2352 -0.9574 0.036 0.2459
141.0 -1.0077 0.0276 0.2494 -0.8834 0.0462 0.2427 -0.891 0.0544 0.2337 -0.9 0.0605 0.2265 -0.9155 0.0639 0.2215 -0.934 0.0638 0.2197 -0.9316 0.03 0.2546 -0.9402 0.0343 0.2493 -0.9508 0.0396 0.2429 -0.963 0.044 0.2371 -0.9587 0.0351 0.2467
142.0 -1.0067 0.0271 0.25 -0.88 0.0473 0.242 -0.8941 0.057 0.2307 -0.9099 0.0622 0.2238 -0.9217 0.0643 0.2205 -0.9386 0.0651 0.218 -0.9298 0.0302 0.2545 -0.9404 0.0355 0.2481 -0.9518 0.0401 0.2423 -0.964 0.0445 0.2365 -0.9586 0.0355 0.2463
143.0 -1.0066 0.0265 0.2506 -0.8883 0.0443 0.2442 -0.8833 0.0505 0.2384 -0.9013 0.0634 0.2234 -0.9186 0.0665 0.2185 -0.9377 0.0652 0.218 -0.9325 0.0304 0.254 -0.9404 0.0355 0.2481 -0.951 0.0408 0.2416 -0.9633 0.0452 0.2358 -0.9588 0.0357 0.246
144.0 -1.0092 0.0262 0.2507 -0.8824 0.0458 0.2433 -0.8931 0.0565 0.2312 -0.9067 0.0639 0.2224 -0.9214 0.0674 0.2174 -0.9415 0.0665 0.2163 -0.9314 0.0294 0.2552 -0.941 0.0336 0.25 -0.9523 0.0382 0.2442 -0.9664 0.043 0.2378 -0.9601 0.0341 0.2476
145.0 -1.0076 0.027 0.25 -0.8892 0.0442 0.2442 -0.8839 0.0492 0.2396 -0.8972 0.0596 0.2277 -0.9141 0.0659 0.2196 -0.9345 0.0668 0.2166 -0.9326 0.031 0.2534 -0.9415 0.0366 0.2469 -0.9521 0.0418 0.2404 -0.9635 0.0464 0.2346 -0.9595 0.0366 0.2451
146.0 -1.0097 0.0243 0.2526 -0.8838 0.0437 0.2452 -0.8931 0.0565 0.2312 -0.9097 0.0659 0.22 -0.9256 0.0711 0.2131 -0.9491 0.0697 0.2122 -0.9331 0.0285 0.2559 -0.9437 0.0338 0.2494 -0.958 0.0404 0.2413 -0.974 0.0462 0.2338 -0.9637 0.0347 0.2466
147.0 -1.003 0.0258 0.2517 -0.8854 0.0429 0.2459 -0.8877 0.0505 0.2379 -0.9038 0.0624 0.2242 -0.9207 0.0687 0.2161 -0.9448 0.0703 0.212 -0.9294 0.0327 0.252 -0.9395 0.0399 0.2437 -0.9538 0.0465 0.2355 -0.9696 0.0511 0.2292 -0.959 0.0392 0.2424
148.0 -1.0074 0.0258 0.2513 -0.8904 0.041 0.2474 -0.8836 0.0474 0.2415 -0.8962 0.0592 0.2282 -0.9138 0.0641 0.2214 -0.9356 0.0679 0.2154 -0.9327 0.0316 0.2528 -0.9417 0.0378 0.2456 -0.9533 0.0435 0.2386 -0.9665 0.0485 0.2322 -0.9603 0.0374 0.2441
149.0 -1.0023 0.0271 0.2505 -0.8969 0.0383 0.2495 -0.883 0.0439 0.2452 -0.896 0.058 0.2295 -0.912 0.0638 0.222 -0.9288 0.0645 0.2195 -0.9319 0.0318 0.2527 -0.9372 0.0371 0.2467 -0.9459 0.0415 0.2414 -0.9542 0.044 0.238 -0.9543 0.0363 0.2459
150.0 -0.9984 0.0246 0.2534 -0.895 0.0373 0.2507 -0.8808 0.0417 0.2476 -0.8881 0.048 0.2404 -0.9022 0.0535 0.2335 -0.9194 0.056 0.2291 -0.9301 0.032 0.2527 -0.9354 0.0368 0.2472 -0.9422 0.0407 0.2425 -0.9506 0.0433 0.2391 -0.9513 0.0355 0.247
151.0 -1.0044 0.0238 0.2537 -0.8938 0.0357 0.2525 -0.885 0.0405 0.2484 -0.8913 0.0415 0.2468 -0.9058 0.0438 0.243 -0.9231 0.047 0.238 -0.9347 0.0277 0.2566 -0.9407 0.0318 0.2518 -0.9484 0.0356 0.2471 -0.956 0.0389 0.2431 -0.9568 0.0316 0.2505
152.0 -1.0036 0.0196 0.258 -0.8947 0.0355 0.2525 -0.8869 0.036 0.2529 -0.8907 0.0379 0.2505 -0.9035 0.0405 0.2466 -0.9179 0.0422 0.2434 -0.9362 0.0214 0.2629 -0.9413 0.0256 0.2581 -0.9483 0.0301 0.2527 -0.9554 0.0353 0.2468 -0.957 0.0264 0.2557
153.0 -1.0073 0.0204 0.2569 -0.8921 0.031 0.2574 -0.8905 0.0367 0.2518 -0.8931 0.0364 0.2519 -0.9025 0.0351 0.2522 -0.917 0.0325 0.2534 -0.9438 0.0198 0.2638 -0.9493 0.0208 0.2622 -0.956 0.0236 0.2587 -0.9639 0.0287 0.2527 -0.9641 0.0226 0.2589
154.0 -1.0048 0.0213 0.2562 -0.9155 0.034 0.2521 -0.8958 0.0366 0.2513 -0.8888 0.037 0.2517 -0.8919 0.0347 0.2537 -0.9057 0.028 0.2592 -0.945 0.0214 0.262 -0.9448 0.0202 0.2632 -0.9467 0.0212 0.2621 -0.9508 0.0243 0.2585 -0.9584 0.0217 0.2604
155.0 -1.0064 0.0205 0.2569 -0.8934 0.0284 0.26 -0.8972 0.0395 0.2483 -0.9063 0.0413 0.2455 -0.9266 0.0416 0.2432 -0.95 0.0397 0.2428 -0.9398 0.0215 0.2624 -0.9492 0.0251 0.2578 -0.9613 0.029 0.2526 -0.9742 0.0322 0.2481 -0.9662 0.0257 0.2556
156.0 -1.0113 0.018 0.2589 -0.8967 0.0267 0.2614 -0.9013 0.0383 0.2491 -0.912 0.0436 0.2426 -0.9341 0.0443 0.2397 -0.9604 0.0438 0.2376 -0.9446 0.019 0.2645 -0.9551 0.0237 0.2586 -0.9673 0.0282 0.2529 -0.9812 0.0324 0.2472 -0.9719 0.0243 0.2564
157.0 -1.0159 0.0143 0.2622 -0.9105 0.0304 0.2563 -0.9002 0.0366 0.2509 -0.9038 0.0423 0.2448 -0.9169 0.0417 0.244 -0.9301 0.0265 0.2583 -0.9492 0.0154 0.2678 -0.9539 0.0172 0.2655 -0.9606 0.0199 0.262 -0.9681 0.0226 0.2585 -0.9695 0.0179 0.2632
158.0 -1.0359 0.0128 0.2618 -0.9215 0.0075 0.2786 -0.9104 0.0298 0.2569 -0.9296 0.0437 0.2408 -0.9477 0.0467 0.2359 -0.9805 0.038 0.2415 -0.9664 0.0082 0.2734 -0.9745 0.0138 0.2669 -0.9868 0.0188 0.2605 -1.0007 0.0231 0.2548 -0.9929 0.0153 0.2635
159.0 -1.0385 0.0125 0.2619 -0.9799 0.0448 0.2346 -0.9273 0.036 0.2488 -0.9357 0.0435 0.2404 -0.9324 0.0396 0.2446 -0.9351 0.0148 0.2697 -0.9789 0.0138 0.2664 -0.9768 0.0122 0.2682 -0.9784 0.0114 0.2689 -0.9809 0.0105 0.2696 -0.9907 0.0121 0.267
160.0 -1.0407 0.0103 0.2638 -0.9741 0.037 0.2431 -0.9218 0.0294 0.2561 -0.9343 0.0406 0.2435 -0.9356 0.038 0.246 -0.9438 0.0143 0.2694 -0.9798 0.0094 0.2708 -0.9798 0.0094 0.2708 -0.9826 0.0102 0.2697 -0.988 0.0107 0.2686 -0.9942 0.01 0.2688
161.0 -1.0423 0.0095 0.2645 -0.9833 0.0389 0.2404 -0.9368 0.0348 0.2492 -0.9349 0.0393 0.2447 -0.9343 0.0357 0.2485 -0.9388 0.0113 0.273 -0.9849 0.013 0.2667 -0.982 0.0115 0.2684 -0.9825 0.0096 0.2703 -0.9848 0.0075 0.2723 -0.9953 0.0102 0.2684
162.0 -1.0433 0.01 0.2639 -0.9408 0.0073 0.2768 -0.9211 0.0253 0.2604 -0.937 0.0408 0.2429 -0.9515 0.0432 0.2391 -0.9763 0.0343 0.2457 -0.9792 0.0058 0.2746 -0.9853 0.0105 0.2692 -0.9941 0.0154 0.2633 -1.0043 0.0183 0.2593 -1.0012 0.012 0.266
163.0 -1.0535 0.008 0.2649 -0.9665 0.0234 0.2578 -0.9283 0.0267 0.2582 -0.9376 0.0395 0.2442 -0.9493 0.041 0.2415 -0.9694 0.0303 0.2504 -0.9882 0.007 0.2724 -0.9922 0.0096 0.2694 -0.9979 0.0118 0.2665 -1.0053 0.0139 0.2637 -1.0074 0.0101 0.2674
164.0 -1.0518 0.0082 0.2649 -0.9702 0.0296 0.2511 -0.9299 0.0253 0.2595 -0.9408 0.0428 0.2406 -0.9509 0.0402 0.2422 -0.9643 0.0158 0.2659 -0.9877 0.0089 0.2705 -0.9905 0.0098 0.2694 -0.9959 0.0109 0.2677 -1.0028 0.01 0.268 -1.0057 0.0096 0.2681
165.0 -1.0628 0.011 0.2609 -0.9847 0.032 0.2473 -0.9412 0.0299 0.2537 -0.9422 0.0407 0.2425 -0.9477 0.0369 0.2459 -0.9571 0.01 0.2724 -0.9958 0.0103 0.2683 -0.9948 0.0092 0.2695 -0.9972 0.0083 0.2703 -1.0022 0.0064 0.2717 -1.0106 0.009 0.2681
166.0 -1.0606 0.0083 0.264 -0.9484 0.0008 0.2827 -0.9314 0.019 0.2658 -0.9456 0.0397 0.2433 -0.9664 0.043 0.2378 -1.0047 0.0409 0.2362 -0.989 0.0014 0.2781 -0.9972 0.0083 0.2703 -1.0089 0.0146 0.2626 -1.023 0.0195 0.2563 -1.0157 0.0104 0.2662
167.0 -1.0622 0.0074 0.2647 -0.9519 0.0003 0.2829 -0.9313 0.0184 0.2664 -0.9455 0.0391 0.2439 -0.968 0.0421 0.2385 -1.0096 0.0439 0.2326 -0.9916 0.0011 0.2782 -0.9998 0.0079 0.2704 -1.0125 0.0148 0.2621 -1.0274 0.0195 0.2558 -1.0187 0.0101 0.2662
168.0 -1.0731 0.0096 0.2613 -1.0136 0.0415 0.2347 -0.961 0.0376 0.2439 -0.9455 0.0391 0.2439 -0.9392 0.0283 0.2555 -0.9519 0.0003 0.2829 -1.0097 0.0139 0.2632 -1.0037 0.0098 0.268 -1.0011 0.0053 0.2729 -1.002 0.0003 0.2779 -1.0179 0.0078 0.2687
169.0 -1.0739 0.0089 0.262 -1.01 0.0359 0.2408 -0.9501 0.0305 0.2522 -0.9448 0.0355 0.2476 -0.9481 0.029 0.254 -0.9593 0.0024 0.28 -1.0071 0.0094 0.2681 -1.0039 0.0061 0.2718 -1.0034 0.0032 0.2749 -1.0063 -0.0003 0.2781 -1.0189 0.0055 0.271
170.0 -1.0729 0.0084 0.2626 -1.0166 0.0386 0.2373 -0.9617 0.0363 0.2451 -0.9468 0.0365 0.2464 -0.9432 0.026 0.2575 -0.9561 -0.0008 0.2836 -1.0104 0.0132 0.2639 -1.0044 0.0091 0.2687 -1.0018 0.004 0.2742 -1.0033 -0.0023 0.2805 -1.0186 0.0065 0.27
171.0 -1.0937 -0.0035 0.2727 -1.0199 -0.0027 0.2793 -0.9704 0.0058 0.2755 -0.9751 0.0223 0.2582 -0.9958 0.025 0.2533 -1.0367 0.0225 0.2518 -1.0332 -0.0125 0.2879 -1.0363 -0.0049 0.2799 -1.0461 0.0011 0.2728 -1.0586 0.0067 0.2658 -1.0536 -0.0026 0.2758
172.0 -1.0959 -0.0063 0.2753 -1.0121 -0.0176 0.2952 -0.9699 0.0028 0.2786 -0.9769 0.0226 0.2576 -0.998 0.0277 0.2503 -1.0431 0.0338 0.2396 -1.0331 -0.0131 0.2885 -1.0406 -0.0055 0.2801 -1.0525 0.002 0.2711 -1.0678 0.0091 0.2624 -1.058 -0.0027 0.2755
173.0 -1.0983 -0.0072 0.276 -1.0155 -0.018 0.2953 -0.9724 0.0019 0.2793 -0.979 0.0199 0.2602 -1.001 0.0249 0.2529 -1.048 0.032 0.241 -1.0363 -0.0147 0.2899 -1.0429 -0.0071 0.2814 -1.0541 0.0012 0.2718 -1.0695 0.0089 0.2624 -1.0602 -0.0038 0.2763
174.0 -1.1072 -0.0066 0.2745 -1.0188 -0.0191 0.2961 -0.9748 0.0009 0.28 -0.9806 0.0185 0.2615 -1.0018 0.0241 0.2536 -1.0506 0.0316 0.2411 -1.0422 -0.0161 0.2907 -1.048 -0.0084 0.2822 -1.06 -0.0002 0.2727 -1.0754 0.0075 0.2633 -1.0666 -0.0048 0.2767
175.0 -1.1018 -0.0077 0.2762 -1.0236 -0.0222 0.2988 -0.9759 -0.0029 0.2838 -0.9837 0.0162 0.2635 -1.0043 0.0232 0.2543 -1.0486 0.03 0.2429 -1.0412 -0.0172 0.2919 -1.0471 -0.0082 0.2822 -1.0591 -8.426e-05 0.2727 -1.0736 0.0071 0.2638 -1.0646 -0.0052 0.2774
176.0 -1.1074 -0.0109 0.2789 -1.0268 -0.0238 0.3001 -0.9775 -0.0037 0.2845 -0.9856 0.0172 0.2623 -1.0077 0.0227 0.2544 -1.0542 0.0268 0.2456 -1.0454 -0.0184 0.2927 -1.0513 -0.0094 0.283 -1.0634 -0.0007 0.2728 -1.0787 0.0064 0.264 -1.0692 -0.0066 0.2783
177.0 -1.1121 -0.0091 0.2766 -1.032 -0.0245 0.3003 -0.9818 -0.0043 0.2846 -0.9886 0.0143 0.2649 -1.0108 0.0205 0.2564 -1.0559 0.0266 0.2457 -1.0488 -0.0188 0.2929 -1.0547 -0.0105 0.2837 -1.0666 -0.0023 0.2742 -1.0811 0.0049 0.2654 -1.0727 -0.0072 0.2785
178.0 -1.1133 -0.0123 0.2797 -1.038 -0.0302 0.3056 -0.9875 -0.0069 0.2867 -0.9934 0.0112 0.2676 -1.0157 0.018 0.2585 -1.0591 0.025 0.247 -1.0536 -0.0213 0.2949 -1.0587 -0.0122 0.2851 -1.0699 -0.004 0.2756 -1.0853 0.0037 0.2662 -1.0762 -0.0092 0.2803
179.0 -1.126 -0.0097 0.2759 -1.0714 0.0196 0.2513 -1.0031 0.0117 0.2661 -0.9954 0.0079 0.2708 -1.0085 -0.003 0.2807 -1.0421 -0.032 0.307 -1.0674 -0.003 0.2748 -1.0653 -0.0101 0.2823 -1.071 -0.0176 0.2893 -1.081 -0.0256 0.2966 -1.0822 -0.0132 0.2838
180.0 -1.1296 -0.0096 0.2754 -1.0643 0.0096 0.2622 -1.0004 0.0011 0.2772 -1.0018 0.0089 0.2692 -1.0203 0.0045 0.2718 -1.0586 -0.0128 0.2857 -1.0668 -0.0115 0.2836 -1.07 -0.0132 0.2849 -1.0794 -0.015 0.2859 -1.0932 -0.0163 0.2858 -1.0878 -0.0131 0.2831
181.0 -1.1543 -0.0093 0.2726 -1.0859 0.0073 0.2624 -1.0139 -0.0074 0.2846 -1.0152 0.0052 0.2716 -1.0329 0.0108 0.2641 -1.0792 0.0088 0.2616 -1.0848 -0.0194 0.2899 -1.087 -0.0167 0.2868 -1.0973 -0.0132 0.2822 -1.1132 -0.008 0.2754 -1.1073 -0.0133 0.2814
182.0 -1.1542 -0.0148 0.2782 -1.0802 -0.0103 0.281 -1.0163 -0.0132 0.2904 -1.0194 0.0041 0.2724 -1.039 0.0106 0.2638 -1.0864 0.0103 0.2593 -1.0866 -0.024 0.2943 -1.091 -0.019 0.2889 -1.1026 -0.0133 0.2818 -1.1188 -0.0057 0.2725 -1.1106 -0.0153 0.2831
183.0 -1.1598 -0.0131 0.2759 -1.0892 0.016 0.2532 -1.0189 -0.0038 0.2805 -1.0212 0.0044 0.2718 -1.0366 -0.008 0.283 -1.0751 -0.0395 0.3114 -1.0921 -0.0125 0.282 -1.0973 -0.0181 0.2872 -1.1095 -0.024 0.2921 -1.1244 -0.0291 0.2958 -1.1166 -0.0193 0.2866
184.0 -1.1559 -0.0101 0.2733 -1.0836 -0.0009 0.2711 -1.0234 -0.013 0.2894 -1.0241 0.001 0.275 -1.0435 -0.0041 0.2783 -1.0858 -0.0287 0.2993 -1.093 -0.0175 0.2871 -1.0988 -0.0195 0.2886 -1.1125 -0.0219 0.2897 -1.1294 -0.0255 0.2916 -1.1179 -0.0189 0.286
185.0 -1.162 -0.0152 0.2779 -1.0824 -0.038 0.3092 -1.027 -0.0226 0.2989 -1.0283 -0.0002 0.2758 -1.0464 0.0077 0.2659 -1.0934 0.0099 0.259 -1.098 -0.0292 0.2985 -1.1037 -0.022 0.2906 -1.1153 -0.0156 0.2829 -1.1296 -0.0096 0.2754 -1.1217 -0.0183 0.2851
186.0 -1.1681 -0.016 0.2781 -1.0937 0.0014 0.2677 -1.0302 -0.0145 0.2903 -1.0308 -0.0011 0.2765 -1.0481 -0.0078 0.2816 -1.0896 -0.0268 0.2969 -1.1017 -0.0181 0.2868 -1.1073 -0.0212 0.2895 -1.1209 -0.0243 0.2913 -1.137 -0.0277 0.2932 -1.127 -0.0215 0.2878
187.0 -1.1647 -0.0198 0.2824 -1.089 -0.0456 0.3163 -1.0285 -0.0241 0.3002 -1.0343 -0.001 0.2761 -1.0524 0.0069 0.2661 -1.0958 0.0133 0.2553 -1.102 -0.0315 0.3005 -1.1079 -0.0232 0.2914 -1.1198 -0.015 0.2819 -1.1344 -0.0072 0.2724 -1.1258 -0.0193 0.2857
188.0 -1.1704 -0.0176 0.2795 -1.0935 -0.02 0.2896 -1.0363 -0.0196 0.2949 -1.0366 -0.0032 0.278 -1.0557 -0.0045 0.2775 -1.0958 -0.0215 0.2909 -1.1059 -0.0241 0.2926 -1.1122 -0.0237 0.2916 -1.1252 -0.0249 0.2914 -1.1416 -0.0265 0.2915 -1.131 -0.0234 0.2893
189.0 -1.1742 -0.0211 0.2827 -1.0959 -0.0362 0.3059 -1.0405 -0.0263 0.3013 -1.0414 -0.0056 0.2801 -1.0601 0.0004 0.2721 -1.0994 -0.0012 0.2698 -1.11 -0.0308 0.299 -1.116 -0.0267 0.2942 -1.1283 -0.0222 0.2884 -1.143 -0.0181 0.2828 -1.1343 -0.0238 0.2894
190.0 -1.1771 -0.0246 0.286 -1.1009 -0.0528 0.3224 -1.044 -0.031 0.3058 -1.0434 -0.0047 0.2789 -1.0617 0.0045 0.2678 -1.1022 0.0149 0.2531 -1.1125 -0.0366 0.3047 -1.1168 -0.0274 0.2949 -1.128 -0.0185 0.2847 -1.1427 -0.0101 0.2746 -1.1354 -0.0235 0.289
191.0 -1.1778 -0.0259 0.2872 -1.1035 -0.0531 0.3225 -1.0457 -0.0313 0.3059 -1.0465 -0.0069 0.2809 -1.0638 0.0017 0.2703 -1.1032 0.0105 0.2575 -1.1142 -0.0374 0.3054 -1.1192 -0.029 0.2962 -1.1311 -0.0208 0.2867 -1.1467 -0.0125 0.2767 -1.1378 -0.0251 0.2904
192.0 -1.1812 -0.0263 0.2874 -1.1088 -0.0581 0.327 -1.0476 -0.0309 0.3053 -1.0517 -0.007 0.2805 -1.0707 0.0008 0.2706 -1.1099 0.0138 0.2534 -1.1184 -0.038 0.3056 -1.1229 -0.0276 0.2945 -1.1333 -0.0186 0.2843 -1.1482 -0.009 0.273 -1.1408 -0.0239 0.2889
193.0 -1.1911 -0.0252 0.2853 -1.1123 -0.0482 0.3166 -1.0581 -0.0311 0.3045 -1.0566 -0.0095 0.2825 -1.0773 -0.0019 0.2727 -1.117 0.0037 0.263 -1.1261 -0.0348 0.3015 -1.1325 -0.0283 0.2942 -1.1433 -0.0218 0.2865 -1.1575 -0.0158 0.279 -1.1501 -0.0252 0.2893
194.0 -1.194 -0.0238 0.2835 -1.1172 -0.055 0.323 -1.0599 -0.0307 0.3039 -1.0596 -0.0075 0.2802 -1.0775 -0.0007 0.2715 -1.1159 0.0026 0.2642 -1.1304 -0.0354 0.3016 -1.1359 -0.0288 0.2944 -1.1484 -0.0225 0.2867 -1.1635 -0.0166 0.2792 -1.1544 -0.0254 0.2891
195.0 -1.1984 -0.0238 0.283 -1.1239 -0.0571 0.3245 -1.0669 -0.0311 0.3036 -1.0658 -0.0071 0.2792 -1.0846 -0.0005 0.2705 -1.1257 0.0086 0.2571 -1.1329 -0.0357 0.3017 -1.1388 -0.0273 0.2926 -1.1498 -0.0197 0.2837 -1.165 -0.0132 0.2755 -1.157 -0.0239 0.2873
196.0 -1.2048 -0.0222 0.2808 -1.1238 -0.0375 0.3045 -1.0663 -0.0243 0.2967 -1.0686 -0.0062 0.278 -1.0885 -0.0083 0.2782 -1.1284 -0.0216 0.2878 -1.1366 -0.0301 0.2956 -1.144 -0.028 0.2928 -1.1581 -0.0275 0.2909 -1.1749 -0.0273 0.289 -1.1637 -0.027 0.2898
197.0 -1.2092 -0.0271 0.2853 -1.1317 -0.0575 0.3242 -1.0732 -0.0301 0.3019 -1.0739 -0.0063 0.2776 -1.0954 0.0011 0.2678 -1.1396 0.0074 0.257 -1.1423 -0.0376 0.3027 -1.145 -0.0269 0.2916 -1.1554 -0.018 0.2814 -1.1694 -0.0083 0.2701 -1.1643 -0.0236 0.2862
198.0 -1.2163 -0.0268 0.2844 -1.1354 -0.0568 0.3231 -1.0733 -0.0295 0.3013 -1.0748 -0.0059 0.277 -1.0921 0.0022 0.2671 -1.1312 0.0146 0.2505 -1.145 -0.0373 0.3022 -1.1476 -0.0273 0.2917 -1.1561 -0.0187 0.282 -1.1701 -0.0096 0.2713 -1.167 -0.0239 0.2863
199.0 -1.2181 -0.0264 0.2838 -1.1405 -0.0575 0.3233 -1.0752 -0.0285 0.3001 -1.0801 -0.006 0.2766 -1.1003 0.0041 0.2643 -1.1384 0.0106 0.2539 -1.1494 -0.0373 0.3018 -1.1529 -0.0274 0.2913 -1.163 -0.0196 0.2823 -1.1777 -0.0112 0.2723 -1.1722 -0.0244 0.2863
200.0 -1.221 -0.0299 0.287 -1.1431 -0.0578 0.3234 -1.0778 -0.0289 0.3002 -1.0808 -0.0067 0.2772 -1.1011 0.0034 0.2649 -1.1397 0.0129 0.2514 -1.151 -0.0381 0.3024 -1.1553 -0.0283 0.292 -1.1647 -0.0198 0.2824 -1.1794 -0.0114 0.2723 -1.1743 -0.0255 0.2872
201.0 -1.2253 -0.0305 0.2872 -1.1501 -0.0582 0.323 -1.0854 -0.0311 0.3018 -1.0867 -0.0081 0.2781 -1.1075 9.904e-05 0.2677 -1.1465 0.0113 0.2523 -1.1562 -0.0382 0.302 -1.1588 -0.0288 0.2921 -1.1682 -0.0203 0.2825 -1.1813 -0.0105 0.2711 -1.178 -0.0257 0.287
202.0 -1.2264 -0.0294 0.286 -1.156 -0.0596 0.3239 -1.0888 -0.0316 0.3019 -1.0908 -0.0099 0.2795 -1.111 -0.0004 0.2678 -1.1473 0.0112 0.2523 -1.1604 -0.0394 0.3028 -1.1622 -0.0293 0.2923 -1.1708 -0.0207 0.2826 -1.1848 -0.0109 0.2713 -1.1809 -0.0259 0.287
203.0 -1.2338 -0.0322 0.2882 -1.1592 -0.0612 0.3252 -1.095 -0.0312 0.3009 -1.096 -0.0106 0.2797 -1.1183 -0.0038 0.2706 -1.1536 0.0067 0.2563 -1.1655 -0.0407 0.3036 -1.1666 -0.0293 0.2918 -1.1736 -0.0192 0.2808 -1.1868 -0.0094 0.2695 -1.1853 -0.0262 0.2868
204.0 -1.2375 -0.0315 0.2871 -1.1638 -0.0606 0.3242 -1.1002 -0.0319 0.3011 -1.0987 -0.0103 0.2792 -1.1141 -0.0026 0.2698 -1.1516 0.0106 0.2525 -1.1689 -0.0412 0.3038 -1.1699 -0.0303 0.2926 -1.177 -0.0203 0.2816 -1.1892 -0.0109 0.2708 -1.1885 -0.0268 0.2872
205.0 -1.2788 -0.0365 0.288 -1.2048 -0.0674 0.327 -1.1406 -0.0319 0.297 -1.1379 -0.0125 0.2776 -1.155 -0.0051 0.2682 -1.1901 0.0091 0.2502 -1.2097 -0.0442 0.3028 -1.2099 -0.0333 0.2916 -1.2161 -0.0231 0.2806 -1.2274 -0.0136 0.2698 -1.2284 -0.0301 0.2866
206.0 -1.286 -0.0356 0.2864 -1.2135 -0.068 0.3267 -1.1434 -0.031 0.2959 -1.1443 -0.011 0.2753 -1.1596 -0.0039 0.2666 -1.1962 0.0089 0.2499 -1.2149 -0.0449 0.303 -1.2159 -0.0341 0.2918 -1.2221 -0.0239 0.2808 -1.2334 -0.0145 0.27 -1.2345 -0.0306 0.2864
207.0 -1.2927 -0.0377 0.2879 -1.2195 -0.0688 0.327 -1.1528 -0.0329 0.2969 -1.1554 -0.0131 0.2764 -1.1715 -0.0061 0.2676 -1.2038 0.0073 0.2508 -1.2219 -0.0453 0.3027 -1.222 -0.0343 0.2915 -1.2289 -0.0254 0.2817 -1.2403 -0.0154 0.2703 -1.2411 -0.0316 0.2868
208.0 -1.3001 -0.0357 0.2851 -1.2267 -0.0679 0.3254 -1.1606 -0.0333 0.2966 -1.1624 -0.0134 0.276 -1.1761 -0.0055 0.2666 -1.209 0.0066 0.251 -1.2306 -0.0458 0.3024 -1.2306 -0.0355 0.2918 -1.2357 -0.0264 0.282 -1.2472 -0.0163 0.2706 -1.2488 -0.0319 0.2864
209.0 -1.307 -0.0366 0.2854 -1.2341 -0.0707 0.3275 -1.166 -0.0328 0.2955 -1.1669 -0.0128 0.275 -1.183 -0.0058 0.2662 -1.2176 0.0054 0.2513 -1.2348 -0.047 0.3032 -1.2358 -0.0361 0.292 -1.2417 -0.0272 0.2822 -1.254 -0.0172 0.2708 -1.2547 -0.0328 0.2867
210.0 -1.3151 -0.0353 0.2832 -1.2428 -0.0713 0.3272 -1.1804 -0.036 0.2973 -1.1829 -0.0168 0.2774 -1.193 -0.009 0.2685 -1.2218 0.0048 0.2515 -1.246 -0.0479 0.303 -1.2446 -0.0361 0.2911 -1.2498 -0.0264 0.2807 -1.2595 -0.0161 0.2692 -1.263 -0.0324 0.2854
211.0 -1.3221 -0.0356 0.2828 -1.2489 -0.0715 0.3268 -1.1808 -0.0336 0.2949 -1.1858 -0.0153 0.2757 -1.195 -0.008 0.2673 -1.227 0.0041 0.2517 -1.2504 -0.0479 0.3025 -1.2497 -0.0368 0.2913 -1.2551 -0.0265 0.2802 -1.2655 -0.017 0.2694 -1.2686 -0.0328 0.2853
212.0 -1.3306 -0.0373 0.2838 -1.2548 -0.0729 0.3277 -1.1935 -0.0365 0.2966 -1.196 -0.0173 0.2767 -1.2044 -0.0093 0.2677 -1.2348 0.0037 0.2514 -1.259 -0.0491 0.3029 -1.2576 -0.0373 0.291 -1.2619 -0.0275 0.2805 -1.2725 -0.0173 0.2691 -1.2763 -0.0337 0.2854
213.0 -1.334 -0.0378 0.2839 -1.2634 -0.0741 0.328 -1.194 -0.0336 0.2935 -1.1975 -0.0139 0.273 -1.2089 -0.0087 0.2666 -1.241 0.0035 0.251 -1.2625 -0.0495 0.303 -1.262 -0.0372 0.2905 -1.2673 -0.027 0.2795 -1.2786 -0.0175 0.2687 -1.2809 -0.0338 0.2851
214.0 -1.3392 -0.0385 0.2841 -1.2715 -0.0733 0.3265 -1.201 -0.0339 0.2931 -1.2062 -0.0144 0.2727 -1.216 -0.0084 0.2656 -1.2482 0.0043 0.2494 -1.2703 -0.05 0.3027 -1.2698 -0.0377 0.2902 -1.2743 -0.0273 0.2791 -1.2848 -0.0177 0.2683 -1.2877 -0.0342 0.2849
215.0 -1.3462 -0.0388 0.2838 -1.2785 -0.0737 0.3261 -1.2032 -0.0311 0.2901 -1.2094 -0.0112 0.2691 -1.2216 -0.0067 0.2633 -1.2543 0.0041 0.249 -1.274 -0.0492 0.3016 -1.2734 -0.0376 0.2897 -1.2795 -0.0274 0.2787 -1.291 -0.0173 0.2673 -1.2928 -0.0341 0.2842
216.0 -1.3514 -0.0389 0.2834 -1.2838 -0.0732 0.3251 -1.219 -0.0363 0.2938 -1.2209 -0.0158 0.2727 -1.2291 -0.009 0.2649 -1.2588 0.0047 0.2479 -1.2844 -0.05 0.3014 -1.282 -0.0387 0.29 -1.2864 -0.0283 0.279 -1.2961 -0.018 0.2675 -1.3001 -0.0348 0.2842
217.0 -1.3547 -0.04 0.2841 -1.2883 -0.0726 0.324 -1.2173 -0.0312 0.2888 -1.2208 -0.0109 0.2677 -1.2312 -0.0068 0.2625 -1.2623 0.0049 0.2474 -1.2837 -0.0487 0.3001 -1.2831 -0.037 0.2882 -1.2892 -0.0275 0.2778 -1.2998 -0.0173 0.2664 -1.3021 -0.0341 0.2833
218.0 -1.3594 -0.0388 0.2824 -1.2936 -0.0727 0.3236 -1.2219 -0.03 0.2871 -1.2254 -0.0103 0.2666 -1.2357 -0.0062 0.2614 -1.2685 0.0052 0.2464 -1.2898 -0.0489 0.2997 -1.2884 -0.0371 0.2878 -1.2936 -0.0275 0.2774 -1.305 -0.0174 0.2659 -1.3072 -0.0339 0.2826
219.0 -1.3654 -0.0396 0.2826 -1.2981 -0.072 0.3225 -1.2263 -0.03 0.2866 -1.2298 -0.0103 0.2661 -1.2411 -0.0057 0.2603 -1.2744 0.0032 0.2479 -1.2935 -0.0482 0.2986 -1.2928 -0.0371 0.2873 -1.299 -0.027 0.2763 -1.3112 -0.0176 0.2656 -1.3124 -0.0339 0.2821
220.0 -1.3724 -0.0399 0.2823 -1.2999 -0.0717 0.322 -1.2318 -0.0289 0.285 -1.2385 -0.0109 0.2659 -1.2481 -0.006 0.26 -1.2811 0.0017 0.2488 -1.2971 -0.0475 0.2975 -1.2973 -0.0365 0.2863 -1.3033 -0.0275 0.2765 -1.3154 -0.0188 0.2663 -1.3171 -0.0341 0.2818
221.0 -1.3733 -0.0394 0.2817 -1.3069 -0.072 0.3216 -1.2367 -0.0308 0.2864 -1.2395 -0.0098 0.2647 -1.25 -0.0051 0.2588 -1.2849 0.003 0.2471 -1.3014 -0.0481 0.2977 -1.3007 -0.037 0.2864 -1.3068 -0.0274 0.276 -1.319 -0.0181 0.2652 -1.3203 -0.034 0.2814
222.0 -1.379 -0.042 0.2838 -1.31 -0.0743 0.3236 -1.2403 -0.0306 0.2859 -1.2438 -0.0104 0.2648 -1.256 -0.0059 0.259 -1.2882 0.002 0.2478 -1.3072 -0.0501 0.2991 -1.3066 -0.0384 0.2872 -1.3127 -0.0288 0.2769 -1.3242 -0.0188 0.2654 -1.326 -0.0356 0.2825
223.0 -1.3866 -0.0437 0.2847 -1.316 -0.0751 0.3238 -1.2461 -0.0326 0.2874 -1.249 -0.0111 0.265 -1.2584 -0.0074 0.2604 -1.2915 0.0009 0.2486 -1.3114 -0.0512 0.2999 -1.3108 -0.0396 0.288 -1.3169 -0.03 0.2776 -1.329 -0.0212 0.2675 -1.331 -0.0371 0.2836
224.0 -1.3892 -0.044 0.2848 -1.3209 -0.0776 0.3259 -1.2492 -0.0349 0.2894 -1.2521 -0.0133 0.267 -1.2618 -0.0079 0.2605 -1.2976 0.0001 0.2488 -1.3165 -0.0525 0.3007 -1.315 -0.0407 0.2888 -1.3211 -0.0312 0.2784 -1.3333 -0.0218 0.2677 -1.335 -0.0381 0.2841
225.0 -1.3916 -0.0456 0.2862 -1.3258 -0.0795 0.3273 -1.2541 -0.0368 0.2908 -1.257 -0.0152 0.2685 -1.2658 -0.0103 0.2626 -1.3008 -0.0016 0.2502 -1.3198 -0.0536 0.3015 -1.32 -0.0426 0.2903 -1.3261 -0.0331 0.2799 -1.3374 -0.0236 0.2691 -1.339 -0.0397 0.2854
226.0 -1.3957 -0.0473 0.2876 -1.3291 -0.0811 0.3287 -1.2575 -0.0379 0.2916 -1.2598 -0.0144 0.2673 -1.2713 -0.0092 0.2609 -1.3051 -0.0021 0.2503 -1.3245 -0.0567 0.3042 -1.3231 -0.0449 0.2922 -1.3293 -0.0347 0.2812 -1.3415 -0.0254 0.2705 -1.3428 -0.0418 0.2871
226.0 -1.3957 -0.0473 0.2876 -1.3291 -0.0811 0.3287 -1.2575 -0.0379 0.2916 -1.2598 -0.0144 0.2673 -1.2713 -0.0092 0.2609 -1.3051 -0.0021 0.2503 -1.3245 -0.0567 0.3042 -1.3231 -0.0449 0.2922 -1.3293 -0.0347 0.2812 -1.3415 -0.0254 0.2705 -1.3428 -0.0418 0.2871
228.0 -1.4016 -0.0488 0.2884 -1.3367 -0.0828 0.3296 -1.2636 -0.043 0.2962 -1.2659 -0.0201 0.2725 -1.2786 -0.0126 0.2637 -1.3082 -0.0044 0.2523 -1.3303 -0.0593 0.3063 -1.3289 -0.0469 0.2937 -1.335 -0.0373 0.2833 -1.3464 -0.0273 0.2719 -1.3484 -0.0439 0.2887
229.0 -1.4058 -0.0499 0.2892 -1.3399 -0.0844 0.331 -1.2654 -0.0426 0.2956 -1.2684 -0.0204 0.2726 -1.2785 -0.0132 0.2643 -1.3107 -0.0053 0.253 -1.3327 -0.0602 0.307 -1.3314 -0.0478 0.2944 -1.3367 -0.0376 0.2834 -1.349 -0.0276 0.272 -1.3511 -0.0446 0.2892
230.0 -1.4098 -0.0523 0.2912 -1.3415 -0.0852 0.3317 -1.2679 -0.0435 0.2964 -1.272 -0.0203 0.2722 -1.2828 -0.0138 0.2645 -1.3123 -0.0062 0.2537 -1.3353 -0.0606 0.3071 -1.334 -0.0482 0.2945 -1.3393 -0.0379 0.2835 -1.3506 -0.0284 0.2727 -1.3538 -0.0455 0.2898
230.0 -1.4098 -0.0523 0.2912 -1.3415 -0.0852 0.3317 -1.2679 -0.0435 0.2964 -1.272 -0.0203 0.2722 -1.2828 -0.0138 0.2645 -1.3123 -0.0062 0.2537 -1.3353 -0.0606 0.3071 -1.334 -0.0482 0.2945 -1.3393 -0.0379 0.2835 -1.3506 -0.0284 0.2727 -1.3538 -0.0455 0.2898
232.0 -1.3894 -0.0483 0.2892 -1.3634 -0.0809 0.325 -1.2865 -0.043 0.294 -1.2897 -0.0196 0.2697 -1.2972 -0.0121 0.2613 -1.3292 -0.0048 0.2506 -1.34 -0.0588 0.3048 -1.342 -0.0474 0.293 -1.3491 -0.0368 0.2814 -1.3604 -0.0279 0.2712 -1.3562 -0.0438 0.2879
233.0 -1.3879 -0.0463 0.2873 -1.368 -0.0797 0.3233 -1.2863 -0.0442 0.2952 -1.2895 -0.0208 0.271 -1.297 -0.0133 0.2625 -1.3275 -0.0046 0.2506 -1.3393 -0.0581 0.3041 -1.3411 -0.0473 0.2929 -1.3473 -0.0372 0.2819 -1.3586 -0.0283 0.2718 -1.3548 -0.0434 0.2876
234.0 -1.384 -0.0537 0.2952 -1.3654 -0.0848 0.3289 -1.287 -0.0449 0.2958 -1.2901 -0.0221 0.2722 -1.3013 -0.0138 0.2627 -1.334 -0.0079 0.2533 -1.3397 -0.0606 0.3066 -1.3427 -0.0487 0.2943 -1.3496 -0.0393 0.2839 -1.3607 -0.031 0.2743 -1.3553 -0.0467 0.2909
235.0 -1.3955 -0.0534 0.2938 -1.3644 -0.0853 0.3294 -1.2859 -0.0466 0.2977 -1.2901 -0.0221 0.2722 -1.3021 -0.014 0.2627 -1.3339 -0.0085 0.2539 -1.3431 -0.061 0.3068 -1.3452 -0.0491 0.2944 -1.3524 -0.0384 0.2828 -1.3645 -0.0297 0.2726 -1.3601 -0.0463 0.2901
236.0 -1.4034 -0.0484 0.2879 -1.3664 -0.0837 0.3277 -1.2869 -0.0455 0.2965 -1.2901 -0.0221 0.2722 -1.2977 -0.014 0.2632 -1.3292 -0.0048 0.2506 -1.3475 -0.061 0.3063 -1.3471 -0.0487 0.2938 -1.3532 -0.0386 0.2828 -1.3638 -0.0284 0.2713 -1.363 -0.045 0.2884
237.0 -1.3921 -0.0475 0.2881 -1.3809 -0.0765 0.3188 -1.2896 -0.0452 0.2959 -1.2919 -0.0223 0.2723 -1.2993 -0.0148 0.2638 -1.3301 -0.0049 0.2507 -1.3434 -0.0598 0.3055 -1.3445 -0.0484 0.2937 -1.3515 -0.0383 0.2827 -1.3619 -0.0293 0.2725 -1.3587 -0.0447 0.2885
238.0 -1.3942 -0.0459 0.2863 -1.3761 -0.0789 0.3218 -1.2904 -0.046 0.2966 -1.292 -0.0217 0.2717 -1.2985 -0.0147 0.2638 -1.3318 -0.0051 0.2507 -1.3451 -0.0601 0.3056 -1.3462 -0.0486 0.2938 -1.3533 -0.038 0.2822 -1.363 -0.0283 0.2713 -1.3603 -0.0442 0.2878
238.0 -1.3942 -0.0459 0.2863 -1.3761 -0.0789 0.3218 -1.2904 -0.046 0.2966 -1.292 -0.0217 0.2717 -1.2985 -0.0147 0.2638 -1.3318 -0.0051 0.2507 -1.3451 -0.0601 0.3056 -1.3462 -0.0486 0.2938 -1.3533 -0.038 0.2822 -1.363 -0.0283 0.2713 -1.3603 -0.0442 0.2878
238.0 -1.3942 -0.0459 0.2863 -1.3761 -0.0789 0.3218 -1.2904 -0.046 0.2966 -1.292 -0.0217 0.2717 -1.2985 -0.0147 0.2638 -1.3318 -0.0051 0.2507 -1.3451 -0.0601 0.3056 -1.3462 -0.0486 0.2938 -1.3533 -0.038 0.2822 -1.363 -0.0283 0.2713 -1.3603 -0.0442 0.2878
238.0 -1.3942 -0.0459 0.2863 -1.3761 -0.0789 0.3218 -1.2904 -0.046 0.2966 -1.292 -0.0217 0.2717 -1.2985 -0.0147 0.2638 -1.3318 -0.0051 0.2507 -1.3451 -0.0601 0.3056 -1.3462 -0.0486 0.2938 -1.3533 -0.038 0.2822 -1.363 -0.0283 0.2713 -1.3603 -0.0442 0.2878
238.0 -1.3942 -0.0459 0.2863 -1.3761 -0.0789 0.3218 -1.2904 -0.046 0.2966 -1.292 -0.0217 0.2717 -1.2985 -0.0147 0.2638 -1.3318 -0.0051 0.2507 -1.3451 -0.0601 0.3056 -1.3462 -0.0486 0.2938 -1.3533 -0.038 0.2822 -1.363 -0.0283 0.2713 -1.3603 -0.0442 0.2878
243.0 -1.4043 -0.0485 0.2879 -1.3732 -0.0852 0.3285 -1.2907 -0.0491 0.2997 -1.2934 -0.0238 0.2736 -1.3018 -0.0157 0.2646 -1.3335 -0.0054 0.2508 -1.3528 -0.0611 0.3059 -1.3515 -0.0487 0.2933 -1.3576 -0.0385 0.2823 -1.3682 -0.0284 0.2709 -1.3669 -0.045 0.2881
244.0 -1.4001 -0.0522 0.2921 -1.3749 -0.0855 0.3286 -1.2915 -0.0498 0.3004 -1.2947 -0.0264 0.2762 -1.3048 -0.0186 0.2672 -1.3361 -0.0106 0.2559 -1.3508 -0.0627 0.3077 -1.3511 -0.0505 0.2952 -1.3574 -0.0397 0.2836 -1.3678 -0.0308 0.2734 -1.3655 -0.0472 0.2904
244.0 -1.4001 -0.0522 0.2921 -1.3749 -0.0855 0.3286 -1.2915 -0.0498 0.3004 -1.2947 -0.0264 0.2762 -1.3048 -0.0186 0.2672 -1.3361 -0.0106 0.2559 -1.3508 -0.0627 0.3077 -1.3511 -0.0505 0.2952 -1.3574 -0.0397 0.2836 -1.3678 -0.0308 0.2734 -1.3655 -0.0472 0.2904
246.0 -1.3714 -0.0606 0.3035 -1.2952 -0.0484 0.2987 -1.295 -0.0447 0.2949 -1.2974 -0.0261 0.2756 -1.3069 -0.0219 0.2704 -1.3342 -0.0165 0.2621 -1.33 -0.0605 0.3075 -1.3349 -0.0526 0.299 -1.3433 -0.0452 0.2905 -1.3532 -0.0386 0.2828 -1.3466 -0.0515 0.2967
246.0 -1.3714 -0.0606 0.3035 -1.2952 -0.0484 0.2987 -1.295 -0.0447 0.2949 -1.2974 -0.0261 0.2756 -1.3069 -0.0219 0.2704 -1.3342 -0.0165 0.2621 -1.33 -0.0605 0.3075 -1.3349 -0.0526 0.299 -1.3433 -0.0452 0.2905 -1.3532 -0.0386 0.2828 -1.3466 -0.0515 0.2967
246.0 -1.3714 -0.0606 0.3035 -1.2952 -0.0484 0.2987 -1.295 -0.0447 0.2949 -1.2974 -0.0261 0.2756 -1.3069 -0.0219 0.2704 -1.3342 -0.0165 0.2621 -1.33 -0.0605 0.3075 -1.3349 -0.0526 0.299 -1.3433 -0.0452 0.2905 -1.3532 -0.0386 0.2828 -1.3466 -0.0515 0.2967
246.0 -1.3714 -0.0606 0.3035 -1.2952 -0.0484 0.2987 -1.295 -0.0447 0.2949 -1.2974 -0.0261 0.2756 -1.3069 -0.0219 0.2704 -1.3342 -0.0165 0.2621 -1.33 -0.0605 0.3075 -1.3349 -0.0526 0.299 -1.3433 -0.0452 0.2905 -1.3532 -0.0386 0.2828 -1.3466 -0.0515 0.2967
246.0 -1.3714 -0.0606 0.3035 -1.2952 -0.0484 0.2987 -1.295 -0.0447 0.2949 -1.2974 -0.0261 0.2756 -1.3069 -0.0219 0.2704 -1.3342 -0.0165 0.2621 -1.33 -0.0605 0.3075 -1.3349 -0.0526 0.299 -1.3433 -0.0452 0.2905 -1.3532 -0.0386 0.2828 -1.3466 -0.0515 0.2967
251.0 -1.3969 -0.0555 0.2957 -1.3823 -0.0785 0.3208 -1.3003 -0.0546 0.3045 -1.3011 -0.0297 0.2789 -1.3068 -0.0225 0.271 -1.3423 -0.0108 0.2555 -1.3528 -0.066 0.3109 -1.3548 -0.0547 0.2991 -1.3611 -0.0439 0.2875 -1.3716 -0.0343 0.2766 -1.3674 -0.0509 0.294
252.0 -1.4038 -0.0515 0.291 -1.3849 -0.0838 0.3259 -1.3021 -0.0543 0.3039 -1.3027 -0.0305 0.2796 -1.3095 -0.0223 0.2705 -1.3395 -0.0117 0.2567 -1.3572 -0.066 0.3104 -1.3566 -0.0543 0.2985 -1.3621 -0.0434 0.2869 -1.3708 -0.0336 0.276 -1.3701 -0.0498 0.2926
252.0 -1.4038 -0.0515 0.291 -1.3849 -0.0838 0.3259 -1.3021 -0.0543 0.3039 -1.3027 -0.0305 0.2796 -1.3095 -0.0223 0.2705 -1.3395 -0.0117 0.2567 -1.3572 -0.066 0.3104 -1.3566 -0.0543 0.2985 -1.3621 -0.0434 0.2869 -1.3708 -0.0336 0.276 -1.3701 -0.0498 0.2926
252.0 -1.4038 -0.0515 0.291 -1.3849 -0.0838 0.3259 -1.3021 -0.0543 0.3039 -1.3027 -0.0305 0.2796 -1.3095 -0.0223 0.2705 -1.3395 -0.0117 0.2567 -1.3572 -0.066 0.3104 -1.3566 -0.0543 0.2985 -1.3621 -0.0434 0.2869 -1.3708 -0.0336 0.276 -1.3701 -0.0498 0.2926
255.0 -1.419 -0.0499 0.2878 -1.3837 -0.0854 0.3277 -1.307 -0.0513 0.3004 -1.3102 -0.0279 0.2761 -1.3179 -0.0191 0.2664 -1.3475 -0.0109 0.2551 -1.3663 -0.0642 0.3077 -1.3649 -0.0524 0.2957 -1.3702 -0.0421 0.2847 -1.3799 -0.0318 0.2732 -1.3801 -0.0481 0.2898
255.0 -1.419 -0.0499 0.2878 -1.3837 -0.0854 0.3277 -1.307 -0.0513 0.3004 -1.3102 -0.0279 0.2761 -1.3179 -0.0191 0.2664 -1.3475 -0.0109 0.2551 -1.3663 -0.0642 0.3077 -1.3649 -0.0524 0.2957 -1.3702 -0.0421 0.2847 -1.3799 -0.0318 0.2732 -1.3801 -0.0481 0.2898
257.0 -1.4069 -0.0489 0.288 -1.397 -0.075 0.3157 -1.3099 -0.0498 0.2986 -1.3114 -0.0262 0.2743 -1.3182 -0.0173 0.2646 -1.347 -0.009 0.2532 -1.3623 -0.0624 0.3063 -1.3617 -0.0507 0.2944 -1.3661 -0.0403 0.2833 -1.3749 -0.0305 0.2724 -1.3744 -0.0465 0.2889
257.0 -1.4069 -0.0489 0.288 -1.397 -0.075 0.3157 -1.3099 -0.0498 0.2986 -1.3114 -0.0262 0.2743 -1.3182 -0.0173 0.2646 -1.347 -0.009 0.2532 -1.3623 -0.0624 0.3063 -1.3617 -0.0507 0.2944 -1.3661 -0.0403 0.2833 -1.3749 -0.0305 0.2724 -1.3744 -0.0465 0.2889
259.0 -1.4077 -0.049 0.288 -1.394 -0.0722 0.3131 -1.313 -0.0472 0.2956 -1.3151 -0.0255 0.2732 -1.322 -0.016 0.2629 -1.3501 -0.0064 0.2502 -1.3641 -0.062 0.3057 -1.3635 -0.0503 0.2938 -1.3689 -0.0395 0.2822 -1.3777 -0.0296 0.2713 -1.3764 -0.0461 0.2882
