1.0 -1.1908 -0.0368 0.2971 -1.1295 -0.045 0.3116 -1.0676 -0.0422 0.3148 -1.0663 -0.0243 0.2967 -1.0794 -0.015 0.2859 -1.1035 -0.0079 0.2762 -1.1284 -0.0516 0.3184 -1.1267 -0.041 0.3077 -1.1311 -0.0312 0.2973 -1.1408 -0.0209 0.2858 -1.1436 -0.0363 0.3013
2.0 -1.1918 -0.0363 0.2965 -1.1277 -0.0454 0.3122 -1.0668 -0.0414 0.3142 -1.0671 -0.025 0.2973 -1.0778 -0.0142 0.2852 -1.1028 -0.0066 0.275 -1.1285 -0.051 0.3178 -1.1268 -0.0404 0.3071 -1.1303 -0.0305 0.2966 -1.1391 -0.0207 0.2857 -1.1433 -0.0358 0.3008
3.0 -1.1917 -0.0369 0.2971 -1.1286 -0.0455 0.3122 -1.0668 -0.0414 0.3142 -1.0661 -0.0255 0.2979 -1.0786 -0.0143 0.2853 -1.1037 -0.0067 0.275 -1.1294 -0.0511 0.3178 -1.1276 -0.0411 0.3078 -1.1311 -0.0312 0.2973 -1.1407 -0.0215 0.2864 -1.1441 -0.0364 0.3013
4.0 -1.1927 -0.0358 0.2959 -1.1319 -0.0466 0.3129 -1.0667 -0.042 0.3148 -1.0645 -0.0246 0.2972 -1.0786 -0.0143 0.2853 -1.1036 -0.0073 0.2756 -1.1294 -0.0511 0.3178 -1.1268 -0.0404 0.3071 -1.1312 -0.0306 0.2967 -1.1399 -0.0208 0.2858 -1.144 -0.0357 0.3007
5.0 -1.1952 -0.0368 0.2967 -1.1335 -0.0474 0.3136 -1.0691 -0.0436 0.3161 -1.0678 -0.0257 0.298 -1.0811 -0.0153 0.286 -1.1044 -0.008 0.2763 -1.1319 -0.0514 0.3179 -1.1294 -0.0407 0.3072 -1.1329 -0.0308 0.2967 -1.1425 -0.0211 0.2859 -1.1464 -0.0362 0.3009
6.0 -1.1934 -0.0371 0.2972 -1.132 -0.046 0.3123 -1.0684 -0.0423 0.3149 -1.068 -0.0245 0.2967 -1.0802 -0.0152 0.286 -1.1044 -0.008 0.2763 -1.1302 -0.0512 0.3179 -1.1277 -0.0405 0.3072 -1.1319 -0.0313 0.2973 -1.1416 -0.0216 0.2865 -1.145 -0.0363 0.3012
7.0 -1.1952 -0.0368 0.2967 -1.1312 -0.0458 0.3123 -1.0685 -0.0417 0.3142 -1.068 -0.0245 0.2967 -1.0811 -0.0153 0.286 -1.1053 -0.0075 0.2757 -1.1303 -0.0506 0.3173 -1.1286 -0.0406 0.3072 -1.1329 -0.0308 0.2967 -1.1425 -0.0211 0.2859 -1.1459 -0.036 0.3007
8.0 -1.1934 -0.0371 0.2972 -1.1319 -0.0466 0.3129 -1.0684 -0.0423 0.3149 -1.068 -0.0245 0.2967 -1.081 -0.0159 0.2866 -1.1045 -0.0074 0.2757 -1.1303 -0.0506 0.3173 -1.1286 -0.0406 0.3072 -1.1329 -0.0308 0.2967 -1.1416 -0.0216 0.2865 -1.1453 -0.0362 0.301
9.0 -1.1935 -0.0365 0.2966 -1.1321 -0.0454 0.3117 -1.0693 -0.0424 0.3149 -1.0679 -0.0251 0.2973 -1.0811 -0.0153 0.286 -1.1053 -0.0075 0.2757 -1.1302 -0.0512 0.3179 -1.1286 -0.0406 0.3072 -1.132 -0.0307 0.2967 -1.1408 -0.0209 0.2858 -1.145 -0.036 0.3008
10.0 -1.1935 -0.0365 0.2966 -1.132 -0.046 0.3123 -1.0693 -0.0424 0.3149 -1.0688 -0.0252 0.2974 -1.0811 -0.0153 0.286 -1.1053 -0.0075 0.2757 -1.1302 -0.0512 0.3179 -1.1286 -0.0406 0.3072 -1.1329 -0.0308 0.2967 -1.1425 -0.0211 0.2859 -1.1455 -0.0361 0.3009
11.0 -1.1942 -0.0373 0.2972 -1.1328 -0.0467 0.313 -1.0693 -0.0424 0.3149 -1.0688 -0.0252 0.2974 -1.0818 -0.016 0.2866 -1.1062 -0.0077 0.2757 -1.1302 -0.0512 0.3179 -1.1286 -0.0406 0.3072 -1.1328 -0.0314 0.2974 -1.1424 -0.0217 0.2865 -1.1456 -0.0364 0.3012
12.0 -1.1961 -0.0369 0.2967 -1.1344 -0.0475 0.3137 -1.0683 -0.0429 0.3155 -1.0671 -0.025 0.2973 -1.0811 -0.0153 0.286 -1.1053 -0.0075 0.2757 -1.1312 -0.0507 0.3173 -1.1295 -0.0401 0.3066 -1.1338 -0.0309 0.2968 -1.1425 -0.0211 0.2859 -1.1466 -0.036 0.3006
13.0 -1.1978 -0.0371 0.2968 -1.1328 -0.0467 0.313 -1.0684 -0.0423 0.3149 -1.0671 -0.025 0.2973 -1.081 -0.0159 0.2866 -1.1053 -0.0075 0.2757 -1.1311 -0.0513 0.3179 -1.1293 -0.0413 0.3078 -1.1328 -0.0314 0.2974 -1.1433 -0.0218 0.2865 -1.1468 -0.0366 0.3013
14.0 -1.1969 -0.037 0.2967 -1.1343 -0.0481 0.3143 -1.0681 -0.0441 0.3167 -1.0668 -0.0268 0.2992 -1.081 -0.0159 0.2866 -1.1052 -0.0081 0.2763 -1.1311 -0.0513 0.3179 -1.1293 -0.0413 0.3078 -1.1328 -0.0314 0.2974 -1.1424 -0.0217 0.2865 -1.1465 -0.0366 0.3013
15.0 -1.1978 -0.0371 0.2968 -1.1343 -0.0481 0.3143 -1.0681 -0.0441 0.3167 -1.0669 -0.0262 0.2986 -1.0802 -0.0152 0.286 -1.1044 -0.008 0.2763 -1.1327 -0.0522 0.3186 -1.1302 -0.0414 0.3079 -1.1337 -0.0315 0.2974 -1.1433 -0.0218 0.2865 -1.1475 -0.0368 0.3014
16.0 -1.1986 -0.0372 0.2968 -1.1343 -0.0481 0.3143 -1.0681 -0.0441 0.3167 -1.0669 -0.0262 0.2986 -1.0811 -0.0153 0.286 -1.1052 -0.0081 0.2763 -1.1335 -0.0523 0.3186 -1.131 -0.0416 0.3079 -1.1354 -0.0318 0.2975 -1.1441 -0.0219 0.2866 -1.1485 -0.037 0.3015
17.0 -1.1978 -0.0371 0.2968 -1.1351 -0.0482 0.3143 -1.069 -0.0442 0.3168 -1.0686 -0.0264 0.2986 -1.082 -0.0154 0.286 -1.1061 -0.0083 0.2763 -1.1336 -0.0517 0.318 -1.1311 -0.041 0.3073 -1.1354 -0.0318 0.2975 -1.1441 -0.0219 0.2866 -1.1484 -0.0367 0.3012
18.0 -1.196 -0.0375 0.2973 -1.1345 -0.0469 0.313 -1.0691 -0.0436 0.3161 -1.0677 -0.0263 0.2986 -1.0812 -0.0147 0.2854 -1.107 -0.0078 0.2758 -1.1319 -0.0514 0.3179 -1.1303 -0.0408 0.3073 -1.1345 -0.0316 0.2974 -1.1441 -0.0219 0.2866 -1.1474 -0.0367 0.3013
19.0 -1.1996 -0.0368 0.2962 -1.1335 -0.0474 0.3136 -1.0692 -0.043 0.3155 -1.0676 -0.0269 0.2992 -1.082 -0.0154 0.286 -1.1062 -0.0077 0.2757 -1.1336 -0.0517 0.318 -1.1311 -0.041 0.3073 -1.1355 -0.0312 0.2968 -1.1451 -0.0215 0.286 -1.149 -0.0364 0.3009
20.0 -1.1969 -0.037 0.2967 -1.1352 -0.0476 0.3137 -1.0692 -0.043 0.3155 -1.067 -0.0256 0.2979 -1.0811 -0.0153 0.286 -1.107 -0.0078 0.2758 -1.1319 -0.0514 0.3179 -1.1303 -0.0408 0.3073 -1.1338 -0.0309 0.2968 -1.1441 -0.0219 0.2866 -1.1474 -0.0364 0.3011
21.0 -1.1978 -0.0371 0.2968 -1.1345 -0.0469 0.313 -1.0701 -0.0431 0.3155 -1.0685 -0.027 0.2992 -1.0828 -0.0155 0.2861 -1.107 -0.0078 0.2758 -1.1328 -0.0516 0.318 -1.1311 -0.041 0.3073 -1.1354 -0.0318 0.2975 -1.1459 -0.0222 0.2866 -1.1486 -0.0367 0.3012
22.0 -1.1995 -0.0374 0.2968 -1.1351 -0.0482 0.3143 -1.0692 -0.043 0.3155 -1.0694 -0.0265 0.2987 -1.082 -0.0154 0.286 -1.107 -0.0078 0.2758 -1.1319 -0.0514 0.3179 -1.1303 -0.0408 0.3073 -1.1346 -0.031 0.2968 -1.145 -0.0221 0.2866 -1.1483 -0.0365 0.3011
23.0 -1.2003 -0.0381 0.2975 -1.136 -0.0483 0.3144 -1.07 -0.0437 0.3162 -1.0694 -0.0265 0.2987 -1.0828 -0.0155 0.2861 -1.1061 -0.0083 0.2763 -1.1335 -0.0523 0.3186 -1.1319 -0.0417 0.3079 -1.1362 -0.0319 0.2975 -1.1458 -0.0228 0.2873 -1.1495 -0.0373 0.3018
24.0 -1.1986 -0.0372 0.2968 -1.136 -0.0483 0.3144 -1.0698 -0.0443 0.3168 -1.0693 -0.0271 0.2993 -1.0828 -0.0155 0.2861 -1.1069 -0.0084 0.2764 -1.1336 -0.0517 0.318 -1.1311 -0.041 0.3073 -1.1354 -0.0318 0.2975 -1.145 -0.0221 0.2866 -1.1488 -0.0367 0.3012
25.0 -1.1977 -0.0377 0.2974 -1.1361 -0.0477 0.3137 -1.07 -0.0437 0.3162 -1.0685 -0.027 0.2992 -1.082 -0.0154 0.286 -1.1079 -0.0079 0.2758 -1.1327 -0.0522 0.3186 -1.131 -0.0416 0.3079 -1.1354 -0.0318 0.2975 -1.145 -0.0221 0.2866 -1.1484 -0.0371 0.3016
26.0 -1.198 -0.0359 0.2955 -1.1369 -0.0484 0.3144 -1.0707 -0.0444 0.3168 -1.0684 -0.0276 0.2999 -1.0818 -0.016 0.2866 -1.1068 -0.009 0.277 -1.1336 -0.0517 0.318 -1.1311 -0.041 0.3073 -1.1354 -0.0318 0.2975 -1.145 -0.0221 0.2866 -1.1486 -0.0365 0.301
27.0 -1.1961 -0.0369 0.2967 -1.137 -0.0479 0.3138 -1.0717 -0.0439 0.3162 -1.0693 -0.0271 0.2993 -1.0817 -0.0166 0.2873 -1.1069 -0.0084 0.2764 -1.1335 -0.0523 0.3186 -1.131 -0.0416 0.3079 -1.1354 -0.0318 0.2975 -1.145 -0.0221 0.2866 -1.1482 -0.0369 0.3015
28.0 -1.1995 -0.0374 0.2968 -1.1369 -0.0484 0.3144 -1.0708 -0.0438 0.3162 -1.0711 -0.0273 0.2993 -1.0837 -0.0156 0.2861 -1.1069 -0.0084 0.2764 -1.1345 -0.0518 0.318 -1.132 -0.0411 0.3073 -1.1363 -0.0313 0.2969 -1.1459 -0.0222 0.2866 -1.1496 -0.0367 0.3011
29.0 -1.1986 -0.0372 0.2968 -1.1369 -0.0484 0.3144 -1.0708 -0.0438 0.3162 -1.0712 -0.0268 0.2987 -1.0836 -0.0162 0.2867 -1.1077 -0.0091 0.277 -1.1336 -0.0517 0.318 -1.132 -0.0411 0.3073 -1.1363 -0.0313 0.2969 -1.1467 -0.0223 0.2867 -1.1495 -0.0367 0.3011
30.0 -1.1962 -0.0363 0.2961 -1.1368 -0.049 0.315 -1.0708 -0.0438 0.3162 -1.0693 -0.0271 0.2993 -1.0828 -0.0155 0.2861 -1.1078 -0.0085 0.2764 -1.1345 -0.0518 0.318 -1.132 -0.0411 0.3073 -1.1362 -0.0319 0.2975 -1.1459 -0.0222 0.2866 -1.149 -0.0366 0.3011
31.0 -1.1978 -0.0371 0.2968 -1.136 -0.0483 0.3144 -1.0726 -0.0434 0.3156 -1.0703 -0.0266 0.2987 -1.0828 -0.0155 0.2861 -1.1079 -0.0079 0.2758 -1.1336 -0.0517 0.318 -1.1311 -0.041 0.3073 -1.1354 -0.0318 0.2975 -1.145 -0.0221 0.2866 -1.1486 -0.0367 0.3012
32.0 -1.197 -0.0364 0.2961 -1.136 -0.0483 0.3144 -1.0726 -0.0434 0.3156 -1.0711 -0.0273 0.2993 -1.0836 -0.0162 0.2867 -1.1078 -0.0085 0.2764 -1.1345 -0.0518 0.318 -1.132 -0.0411 0.3073 -1.1363 -0.0313 0.2969 -1.146 -0.0216 0.286 -1.1492 -0.0364 0.3009
33.0 -1.1996 -0.0368 0.2962 -1.1371 -0.0473 0.3131 -1.0718 -0.0433 0.3156 -1.0702 -0.0272 0.2993 -1.0846 -0.0151 0.2855 -1.1079 -0.0079 0.2758 -1.1338 -0.0511 0.3174 -1.1321 -0.0405 0.3067 -1.1363 -0.0313 0.2969 -1.1459 -0.0222 0.2866 -1.1495 -0.0364 0.3008
34.0 -1.1961 -0.0369 0.2967 -1.1361 -0.0477 0.3137 -1.0718 -0.0433 0.3156 -1.0701 -0.0278 0.2999 -1.0836 -0.0162 0.2867 -1.1079 -0.0079 0.2758 -1.1345 -0.0518 0.318 -1.1319 -0.0417 0.3079 -1.1354 -0.0318 0.2975 -1.145 -0.0221 0.2866 -1.1486 -0.0368 0.3013
35.0 -1.1978 -0.0371 0.2968 -1.1361 -0.0477 0.3137 -1.0719 -0.0427 0.315 -1.0704 -0.026 0.2981 -1.0846 -0.0151 0.2855 -1.1079 -0.0079 0.2758 -1.1345 -0.0518 0.318 -1.1328 -0.0412 0.3074 -1.1363 -0.0313 0.2969 -1.1459 -0.0222 0.2866 -1.1495 -0.0367 0.3011
36.0 -1.1968 -0.0376 0.2973 -1.1343 -0.0481 0.3143 -1.0718 -0.0433 0.3156 -1.0713 -0.0262 0.2981 -1.0846 -0.0151 0.2855 -1.1088 -0.008 0.2758 -1.1328 -0.0516 0.318 -1.1311 -0.041 0.3073 -1.1355 -0.0312 0.2968 -1.145 -0.0221 0.2866 -1.1482 -0.0367 0.3012
37.0 -1.1978 -0.0371 0.2968 -1.1348 -0.05 0.3162 -1.0701 -0.0431 0.3155 -1.0703 -0.0266 0.2987 -1.0838 -0.015 0.2855 -1.108 -0.0073 0.2752 -1.1328 -0.0516 0.318 -1.1312 -0.0404 0.3067 -1.1356 -0.0306 0.2962 -1.1461 -0.021 0.2854 -1.1487 -0.0361 0.3006
38.0 -1.1967 -0.0382 0.298 -1.1312 -0.0507 0.3173 -1.0692 -0.043 0.3155 -1.0686 -0.0264 0.2986 -1.0814 -0.0135 0.2841 -1.1074 -0.006 0.2739 -1.1319 -0.0514 0.3179 -1.1304 -0.0402 0.3066 -1.1365 -0.0307 0.2963 -1.1461 -0.021 0.2854 -1.1483 -0.0363 0.3008
39.0 -1.1968 -0.0376 0.2973 -1.1267 -0.0513 0.3184 -1.0666 -0.0426 0.3154 -1.067 -0.0256 0.2979 -1.0823 -0.0136 0.2842 -1.1064 -0.0065 0.2745 -1.1294 -0.0511 0.3178 -1.1287 -0.04 0.3066 -1.1339 -0.0303 0.2962 -1.1434 -0.0212 0.2859 -1.1464 -0.0361 0.3008
40.0 -1.1913 -0.0387 0.299 -1.1238 -0.0528 0.3201 -1.064 -0.0423 0.3153 -1.0643 -0.0258 0.2985 -1.0798 -0.0126 0.2834 -1.1048 -0.0056 0.2738 -1.1259 -0.0506 0.3177 -1.1252 -0.0395 0.3064 -1.1313 -0.03 0.2961 -1.1417 -0.021 0.2858 -1.1431 -0.036 0.301
41.0 -1.1931 -0.0389 0.2991 -1.1167 -0.0531 0.3211 -1.0589 -0.0416 0.3151 -1.061 -0.0248 0.2977 -1.0765 -0.0116 0.2827 -1.1022 -0.0053 0.2737 -1.1232 -0.0509 0.3182 -1.1234 -0.0399 0.307 -1.1295 -0.0303 0.2966 -1.1407 -0.0215 0.2864 -1.142 -0.0363 0.3015
42.0 -1.1875 -0.0406 0.3014 -1.1121 -0.0543 0.3228 -1.0554 -0.0411 0.315 -1.0583 -0.025 0.2982 -1.0747 -0.0114 0.2826 -1.0995 -0.0055 0.2742 -1.1181 -0.0502 0.318 -1.1191 -0.0393 0.3068 -1.1252 -0.0298 0.2964 -1.1363 -0.0215 0.2869 -1.1372 -0.0363 0.3019
43.0 -1.1821 -0.0411 0.3024 -1.1099 -0.0564 0.3252 -1.0517 -0.0424 0.3167 -1.0538 -0.0256 0.2993 -1.0711 -0.0121 0.2837 -1.0967 -0.0064 0.2754 -1.1152 -0.0516 0.3198 -1.1153 -0.0407 0.3086 -1.1214 -0.0311 0.2982 -1.1335 -0.0223 0.288 -1.1335 -0.0374 0.3034
44.0 -1.1726 -0.0453 0.3076 -1.0889 -0.0609 0.3319 -1.0366 -0.0435 0.3192 -1.0367 -0.0276 0.303 -1.0558 -0.0143 0.2875 -1.0846 -0.0102 0.2805 -1.0998 -0.0538 0.3236 -1.1009 -0.043 0.3124 -1.1087 -0.0336 0.3021 -1.1233 -0.0252 0.292 -1.1211 -0.0402 0.3075
45.0 -1.1672 -0.0458 0.3087 -1.0805 -0.064 0.3359 -1.0312 -0.044 0.3203 -1.0307 -0.0317 0.3078 -1.0474 -0.0168 0.2909 -1.08 -0.0115 0.2822 -1.0944 -0.0549 0.3252 -1.096 -0.0454 0.3153 -1.1047 -0.0362 0.305 -1.1203 -0.0273 0.2944 -1.1165 -0.0419 0.3097
46.0 -1.1595 -0.0497 0.3134 -1.0683 -0.0679 0.3411 -1.0231 -0.0447 0.3218 -1.0246 -0.0315 0.3082 -1.0421 -0.0167 0.2914 -1.0729 -0.0117 0.2832 -1.0861 -0.0569 0.328 -1.088 -0.0461 0.3169 -1.0975 -0.037 0.3066 -1.1122 -0.0286 0.2966 -1.1087 -0.0437 0.3123
47.0 -1.1246 -0.0584 0.3258 -1.0317 -0.0764 0.3534 -0.9881 -0.0491 0.3299 -0.9878 -0.0357 0.3161 -1.0124 -0.0207 0.2983 -1.0426 -0.0192 0.2939 -1.0533 -0.0634 0.338 -1.0553 -0.0521 0.3262 -1.0648 -0.043 0.316 -1.0802 -0.0353 0.3066 -1.0756 -0.0504 0.3225
48.0 -1.1145 -0.0607 0.3291 -1.0233 -0.0789 0.3568 -0.9771 -0.0513 0.3332 -0.9789 -0.0363 0.3176 -0.9992 -0.0207 0.2997 -1.0318 -0.0202 0.296 -1.0433 -0.0651 0.3407 -1.0462 -0.0539 0.329 -1.0548 -0.0447 0.3187 -1.0695 -0.0363 0.3087 -1.0657 -0.0522 0.3252
49.0 -1.1034 -0.0635 0.3331 -1.0115 -0.081 0.3601 -0.9665 -0.0517 0.3346 -0.969 -0.0374 0.3197 -0.9902 -0.0219 0.3018 -1.0211 -0.0212 0.298 -1.0334 -0.0663 0.3429 -1.0362 -0.0556 0.3317 -1.0457 -0.0465 0.3215 -1.0612 -0.0382 0.3115 -1.056 -0.054 0.3281
50.0 -1.0915 -0.0661 0.337 -0.9964 -0.082 0.3626 -0.9553 -0.0502 0.3342 -0.9558 -0.0374 0.3211 -0.9796 -0.0223 0.3033 -1.0103 -0.0228 0.3007 -1.021 -0.067 0.3449 -1.0247 -0.0559 0.3331 -1.0342 -0.0468 0.3229 -1.0496 -0.0391 0.3135 -1.0442 -0.055 0.3303
51.0 -1.0834 -0.0675 0.3392 -0.9855 -0.0836 0.3654 -0.9442 -0.0536 0.3388 -0.945 -0.039 0.3238 -0.9688 -0.0233 0.3054 -1.0004 -0.0239 0.3029 -1.011 -0.0687 0.3476 -1.0139 -0.0575 0.3358 -1.0243 -0.0479 0.325 -1.0389 -0.0401 0.3156 -1.0343 -0.0563 0.3326
52.0 -1.0727 -0.0679 0.3406 -0.9722 -0.0843 0.3673 -0.9312 -0.0524 0.3389 -0.9311 -0.0378 0.3239 -0.9565 -0.0235 0.3068 -0.9896 -0.0255 0.3056 -0.9978 -0.0688 0.349 -1.0008 -0.057 0.3366 -1.0111 -0.048 0.3264 -1.0266 -0.0403 0.317 -1.0218 -0.0564 0.3339
53.0 -1.06 -0.0704 0.3445 -0.9581 -0.0848 0.3693 -0.9188 -0.0526 0.3403 -0.9196 -0.0381 0.3253 -0.9448 -0.025 0.3094 -0.977 -0.0269 0.3082 -0.9861 -0.0702 0.3516 -0.9908 -0.0587 0.3393 -1.0005 -0.0484 0.3278 -1.0159 -0.0407 0.3184 -1.0107 -0.0577 0.3363
54.0 -1.0495 -0.0702 0.3453 -0.9456 -0.0855 0.3713 -0.9039 -0.0524 0.3416 -0.9056 -0.038 0.3267 -0.9334 -0.0247 0.3102 -0.9663 -0.0279 0.3103 -0.9727 -0.0715 0.3542 -0.9765 -0.0598 0.3419 -0.988 -0.0497 0.3305 -1.0034 -0.042 0.3211 -0.998 -0.0587 0.3386
55.0 -1.0362 -0.0709 0.3473 -0.9291 -0.0845 0.3719 -0.8923 -0.0533 0.3436 -0.8931 -0.0388 0.3287 -0.9194 -0.0246 0.3116 -0.9523 -0.0272 0.311 -0.9603 -0.0723 0.3563 -0.965 -0.0601 0.3433 -0.9765 -0.05 0.3319 -0.992 -0.0417 0.3219 -0.986 -0.059 0.3401
56.0 -1.0228 -0.0715 0.3493 -0.9175 -0.0854 0.374 -0.8777 -0.0513 0.3431 -0.8793 -0.0375 0.3288 -0.906 -0.0252 0.3136 -0.9399 -0.028 0.313 -0.9452 -0.0727 0.3582 -0.9509 -0.0606 0.3453 -0.9623 -0.0505 0.3338 -0.9787 -0.0424 0.3239 -0.972 -0.0595 0.3421
57.0 -1.0079 -0.0714 0.3506 -0.8973 -0.0851 0.3757 -0.8657 -0.0497 0.3426 -0.8663 -0.0364 0.3289 -0.895 -0.0231 0.3125 -0.9269 -0.0268 0.3131 -0.9322 -0.0715 0.3583 -0.938 -0.0589 0.3448 -0.9487 -0.0481 0.3327 -0.9642 -0.0398 0.3227 -0.9582 -0.0579 0.3418
58.0 -0.9903 -0.0714 0.3524 -0.8818 -0.083 0.3751 -0.8511 -0.0477 0.342 -0.8553 -0.0337 0.3272 -0.8805 -0.0206 0.3113 -0.9123 -0.0248 0.3126 -0.9174 -0.0707 0.359 -0.9239 -0.0588 0.3461 -0.9362 -0.0488 0.3347 -0.9535 -0.0408 0.3248 -0.9443 -0.0581 0.3434
59.0 -0.977 -0.0721 0.3544 -0.8672 -0.0811 0.3745 -0.841 -0.0452 0.3404 -0.8435 -0.0308 0.3255 -0.8701 -0.0198 0.3115 -0.9011 -0.0233 0.3121 -0.9036 -0.0695 0.3591 -0.911 -0.0571 0.3456 -0.9242 -0.0472 0.3342 -0.9413 -0.0398 0.3249 -0.9314 -0.0571 0.3436
60.0 -0.9674 -0.0714 0.3547 -0.8527 -0.0785 0.3733 -0.8258 -0.0413 0.3379 -0.8293 -0.0265 0.3224 -0.8566 -0.0161 0.3091 -0.8901 -0.0206 0.3104 -0.89 -0.0664 0.3573 -0.8983 -0.0541 0.3439 -0.9123 -0.045 0.3332 -0.9302 -0.0383 0.3245 -0.9196 -0.055 0.3427
61.0 -0.9552 -0.071 0.3554 -0.8362 -0.0775 0.3739 -0.816 -0.0369 0.3344 -0.8212 -0.0223 0.319 -0.846 -0.0116 0.3056 -0.8803 -0.0163 0.3069 -0.8774 -0.0629 0.3549 -0.8857 -0.0512 0.3421 -0.9004 -0.0422 0.3315 -0.9191 -0.0362 0.3234 -0.9076 -0.0527 0.3415
62.0 -0.9439 -0.07 0.3556 -0.8218 -0.0743 0.3721 -0.8043 -0.0335 0.3321 -0.8106 -0.0178 0.3155 -0.8368 -0.0086 0.3034 -0.872 -0.0139 0.3054 -0.8654 -0.0613 0.3545 -0.8755 -0.0492 0.3411 -0.891 -0.0409 0.3311 -0.9105 -0.035 0.3231 -0.8973 -0.0513 0.3411
63.0 -0.9265 -0.0689 0.3562 -0.8085 -0.075 0.3741 -0.7922 -0.0276 0.3273 -0.8024 -0.0143 0.3127 -0.8302 -0.0064 0.3019 -0.8619 -0.0113 0.3037 -0.8519 -0.0582 0.3527 -0.8635 -0.047 0.34 -0.8799 -0.0388 0.33 -0.8993 -0.0335 0.3227 -0.8842 -0.0493 0.3403
64.0 -0.917 -0.0682 0.3564 -0.7953 -0.075 0.3755 -0.7926 -0.0252 0.3248 -0.7951 -0.0109 0.3099 -0.8197 -0.0008 0.2971 -0.8516 -0.0093 0.3027 -0.8406 -0.0573 0.3529 -0.8524 -0.0455 0.3396 -0.8697 -0.0368 0.329 -0.8901 -0.031 0.3211 -0.8739 -0.0478 0.3398
64.0 -0.917 -0.0682 0.3564 -0.7953 -0.075 0.3755 -0.7926 -0.0252 0.3248 -0.7951 -0.0109 0.3099 -0.8197 -0.0008 0.2971 -0.8516 -0.0093 0.3027 -0.8406 -0.0573 0.3529 -0.8524 -0.0455 0.3396 -0.8697 -0.0368 0.329 -0.8901 -0.031 0.3211 -0.8739 -0.0478 0.3398
66.0 -0.8318 -0.0476 0.3438 -0.7959 -0.0061 0.3049 -0.7979 0.0052 0.2931 -0.7985 0.0088 0.2894 -0.7992 0.0124 0.2857 -0.8004 0.0196 0.2782 -0.7937 -0.0186 0.3179 -0.7948 -0.0127 0.3117 -0.8037 -0.0071 0.3052 -0.8176 -0.0029 0.2995 -0.8083 -0.0178 0.3156
66.0 -0.8318 -0.0476 0.3438 -0.7959 -0.0061 0.3049 -0.7979 0.0052 0.2931 -0.7985 0.0088 0.2894 -0.7992 0.0124 0.2857 -0.8004 0.0196 0.2782 -0.7937 -0.0186 0.3179 -0.7948 -0.0127 0.3117 -0.8037 -0.0071 0.3052 -0.8176 -0.0029 0.2995 -0.8083 -0.0178 0.3156
66.0 -0.8318 -0.0476 0.3438 -0.7959 -0.0061 0.3049 -0.7979 0.0052 0.2931 -0.7985 0.0088 0.2894 -0.7992 0.0124 0.2857 -0.8004 0.0196 0.2782 -0.7937 -0.0186 0.3179 -0.7948 -0.0127 0.3117 -0.8037 -0.0071 0.3052 -0.8176 -0.0029 0.2995 -0.8083 -0.0178 0.3156
66.0 -0.8318 -0.0476 0.3438 -0.7959 -0.0061 0.3049 -0.7979 0.0052 0.2931 -0.7985 0.0088 0.2894 -0.7992 0.0124 0.2857 -0.8004 0.0196 0.2782 -0.7937 -0.0186 0.3179 -0.7948 -0.0127 0.3117 -0.8037 -0.0071 0.3052 -0.8176 -0.0029 0.2995 -0.8083 -0.0178 0.3156
66.0 -0.8318 -0.0476 0.3438 -0.7959 -0.0061 0.3049 -0.7979 0.0052 0.2931 -0.7985 0.0088 0.2894 -0.7992 0.0124 0.2857 -0.8004 0.0196 0.2782 -0.7937 -0.0186 0.3179 -0.7948 -0.0127 0.3117 -0.8037 -0.0071 0.3052 -0.8176 -0.0029 0.2995 -0.8083 -0.0178 0.3156
66.0 -0.8318 -0.0476 0.3438 -0.7959 -0.0061 0.3049 -0.7979 0.0052 0.2931 -0.7985 0.0088 0.2894 -0.7992 0.0124 0.2857 -0.8004 0.0196 0.2782 -0.7937 -0.0186 0.3179 -0.7948 -0.0127 0.3117 -0.8037 -0.0071 0.3052 -0.8176 -0.0029 0.2995 -0.8083 -0.0178 0.3156
66.0 -0.8318 -0.0476 0.3438 -0.7959 -0.0061 0.3049 -0.7979 0.0052 0.2931 -0.7985 0.0088 0.2894 -0.7992 0.0124 0.2857 -0.8004 0.0196 0.2782 -0.7937 -0.0186 0.3179 -0.7948 -0.0127 0.3117 -0.8037 -0.0071 0.3052 -0.8176 -0.0029 0.2995 -0.8083 -0.0178 0.3156
66.0 -0.8318 -0.0476 0.3438 -0.7959 -0.0061 0.3049 -0.7979 0.0052 0.2931 -0.7985 0.0088 0.2894 -0.7992 0.0124 0.2857 -0.8004 0.0196 0.2782 -0.7937 -0.0186 0.3179 -0.7948 -0.0127 0.3117 -0.8037 -0.0071 0.3052 -0.8176 -0.0029 0.2995 -0.8083 -0.0178 0.3156
66.0 -0.8318 -0.0476 0.3438 -0.7959 -0.0061 0.3049 -0.7979 0.0052 0.2931 -0.7985 0.0088 0.2894 -0.7992 0.0124 0.2857 -0.8004 0.0196 0.2782 -0.7937 -0.0186 0.3179 -0.7948 -0.0127 0.3117 -0.8037 -0.0071 0.3052 -0.8176 -0.0029 0.2995 -0.8083 -0.0178 0.3156
66.0 -0.8318 -0.0476 0.3438 -0.7959 -0.0061 0.3049 -0.7979 0.0052 0.2931 -0.7985 0.0088 0.2894 -0.7992 0.0124 0.2857 -0.8004 0.0196 0.2782 -0.7937 -0.0186 0.3179 -0.7948 -0.0127 0.3117 -0.8037 -0.0071 0.3052 -0.8176 -0.0029 0.2995 -0.8083 -0.0178 0.3156
66.0 -0.8318 -0.0476 0.3438 -0.7959 -0.0061 0.3049 -0.7979 0.0052 0.2931 -0.7985 0.0088 0.2894 -0.7992 0.0124 0.2857 -0.8004 0.0196 0.2782 -0.7937 -0.0186 0.3179 -0.7948 -0.0127 0.3117 -0.8037 -0.0071 0.3052 -0.8176 -0.0029 0.2995 -0.8083 -0.0178 0.3156
66.0 -0.8318 -0.0476 0.3438 -0.7959 -0.0061 0.3049 -0.7979 0.0052 0.2931 -0.7985 0.0088 0.2894 -0.7992 0.0124 0.2857 -0.8004 0.0196 0.2782 -0.7937 -0.0186 0.3179 -0.7948 -0.0127 0.3117 -0.8037 -0.0071 0.3052 -0.8176 -0.0029 0.2995 -0.8083 -0.0178 0.3156
66.0 -0.8318 -0.0476 0.3438 -0.7959 -0.0061 0.3049 -0.7979 0.0052 0.2931 -0.7985 0.0088 0.2894 -0.7992 0.0124 0.2857 -0.8004 0.0196 0.2782 -0.7937 -0.0186 0.3179 -0.7948 -0.0127 0.3117 -0.8037 -0.0071 0.3052 -0.8176 -0.0029 0.2995 -0.8083 -0.0178 0.3156
66.0 -0.8318 -0.0476 0.3438 -0.7959 -0.0061 0.3049 -0.7979 0.0052 0.2931 -0.7985 0.0088 0.2894 -0.7992 0.0124 0.2857 -0.8004 0.0196 0.2782 -0.7937 -0.0186 0.3179 -0.7948 -0.0127 0.3117 -0.8037 -0.0071 0.3052 -0.8176 -0.0029 0.2995 -0.8083 -0.0178 0.3156
66.0 -0.8318 -0.0476 0.3438 -0.7959 -0.0061 0.3049 -0.7979 0.0052 0.2931 -0.7985 0.0088 0.2894 -0.7992 0.0124 0.2857 -0.8004 0.0196 0.2782 -0.7937 -0.0186 0.3179 -0.7948 -0.0127 0.3117 -0.8037 -0.0071 0.3052 -0.8176 -0.0029 0.2995 -0.8083 -0.0178 0.3156
66.0 -0.8318 -0.0476 0.3438 -0.7959 -0.0061 0.3049 -0.7979 0.0052 0.2931 -0.7985 0.0088 0.2894 -0.7992 0.0124 0.2857 -0.8004 0.0196 0.2782 -0.7937 -0.0186 0.3179 -0.7948 -0.0127 0.3117 -0.8037 -0.0071 0.3052 -0.8176 -0.0029 0.2995 -0.8083 -0.0178 0.3156
66.0 -0.8318 -0.0476 0.3438 -0.7959 -0.0061 0.3049 -0.7979 0.0052 0.2931 -0.7985 0.0088 0.2894 -0.7992 0.0124 0.2857 -0.8004 0.0196 0.2782 -0.7937 -0.0186 0.3179 -0.7948 -0.0127 0.3117 -0.8037 -0.0071 0.3052 -0.8176 -0.0029 0.2995 -0.8083 -0.0178 0.3156
66.0 -0.8318 -0.0476 0.3438 -0.7959 -0.0061 0.3049 -0.7979 0.0052 0.2931 -0.7985 0.0088 0.2894 -0.7992 0.0124 0.2857 -0.8004 0.0196 0.2782 -0.7937 -0.0186 0.3179 -0.7948 -0.0127 0.3117 -0.8037 -0.0071 0.3052 -0.8176 -0.0029 0.2995 -0.8083 -0.0178 0.3156
66.0 -0.8318 -0.0476 0.3438 -0.7959 -0.0061 0.3049 -0.7979 0.0052 0.2931 -0.7985 0.0088 0.2894 -0.7992 0.0124 0.2857 -0.8004 0.0196 0.2782 -0.7937 -0.0186 0.3179 -0.7948 -0.0127 0.3117 -0.8037 -0.0071 0.3052 -0.8176 -0.0029 0.2995 -0.8083 -0.0178 0.3156
66.0 -0.8318 -0.0476 0.3438 -0.7959 -0.0061 0.3049 -0.7979 0.0052 0.2931 -0.7985 0.0088 0.2894 -0.7992 0.0124 0.2857 -0.8004 0.0196 0.2782 -0.7937 -0.0186 0.3179 -0.7948 -0.0127 0.3117 -0.8037 -0.0071 0.3052 -0.8176 -0.0029 0.2995 -0.8083 -0.0178 0.3156
66.0 -0.8318 -0.0476 0.3438 -0.7959 -0.0061 0.3049 -0.7979 0.0052 0.2931 -0.7985 0.0088 0.2894 -0.7992 0.0124 0.2857 -0.8004 0.0196 0.2782 -0.7937 -0.0186 0.3179 -0.7948 -0.0127 0.3117 -0.8037 -0.0071 0.3052 -0.8176 -0.0029 0.2995 -0.8083 -0.0178 0.3156
66.0 -0.8318 -0.0476 0.3438 -0.7959 -0.0061 0.3049 -0.7979 0.0052 0.2931 -0.7985 0.0088 0.2894 -0.7992 0.0124 0.2857 -0.8004 0.0196 0.2782 -0.7937 -0.0186 0.3179 -0.7948 -0.0127 0.3117 -0.8037 -0.0071 0.3052 -0.8176 -0.0029 0.2995 -0.8083 -0.0178 0.3156
66.0 -0.8318 -0.0476 0.3438 -0.7959 -0.0061 0.3049 -0.7979 0.0052 0.2931 -0.7985 0.0088 0.2894 -0.7992 0.0124 0.2857 -0.8004 0.0196 0.2782 -0.7937 -0.0186 0.3179 -0.7948 -0.0127 0.3117 -0.8037 -0.0071 0.3052 -0.8176 -0.0029 0.2995 -0.8083 -0.0178 0.3156
66.0 -0.8318 -0.0476 0.3438 -0.7959 -0.0061 0.3049 -0.7979 0.0052 0.2931 -0.7985 0.0088 0.2894 -0.7992 0.0124 0.2857 -0.8004 0.0196 0.2782 -0.7937 -0.0186 0.3179 -0.7948 -0.0127 0.3117 -0.8037 -0.0071 0.3052 -0.8176 -0.0029 0.2995 -0.8083 -0.0178 0.3156
66.0 -0.8318 -0.0476 0.3438 -0.7959 -0.0061 0.3049 -0.7979 0.0052 0.2931 -0.7985 0.0088 0.2894 -0.7992 0.0124 0.2857 -0.8004 0.0196 0.2782 -0.7937 -0.0186 0.3179 -0.7948 -0.0127 0.3117 -0.8037 -0.0071 0.3052 -0.8176 -0.0029 0.2995 -0.8083 -0.0178 0.3156
66.0 -0.8318 -0.0476 0.3438 -0.7959 -0.0061 0.3049 -0.7979 0.0052 0.2931 -0.7985 0.0088 0.2894 -0.7992 0.0124 0.2857 -0.8004 0.0196 0.2782 -0.7937 -0.0186 0.3179 -0.7948 -0.0127 0.3117 -0.8037 -0.0071 0.3052 -0.8176 -0.0029 0.2995 -0.8083 -0.0178 0.3156
66.0 -0.8318 -0.0476 0.3438 -0.7959 -0.0061 0.3049 -0.7979 0.0052 0.2931 -0.7985 0.0088 0.2894 -0.7992 0.0124 0.2857 -0.8004 0.0196 0.2782 -0.7937 -0.0186 0.3179 -0.7948 -0.0127 0.3117 -0.8037 -0.0071 0.3052 -0.8176 -0.0029 0.2995 -0.8083 -0.0178 0.3156
66.0 -0.8318 -0.0476 0.3438 -0.7959 -0.0061 0.3049 -0.7979 0.0052 0.2931 -0.7985 0.0088 0.2894 -0.7992 0.0124 0.2857 -0.8004 0.0196 0.2782 -0.7937 -0.0186 0.3179 -0.7948 -0.0127 0.3117 -0.8037 -0.0071 0.3052 -0.8176 -0.0029 0.2995 -0.8083 -0.0178 0.3156
66.0 -0.8318 -0.0476 0.3438 -0.7959 -0.0061 0.3049 -0.7979 0.0052 0.2931 -0.7985 0.0088 0.2894 -0.7992 0.0124 0.2857 -0.8004 0.0196 0.2782 -0.7937 -0.0186 0.3179 -0.7948 -0.0127 0.3117 -0.8037 -0.0071 0.3052 -0.8176 -0.0029 0.2995 -0.8083 -0.0178 0.3156
66.0 -0.8318 -0.0476 0.3438 -0.7959 -0.0061 0.3049 -0.7979 0.0052 0.2931 -0.7985 0.0088 0.2894 -0.7992 0.0124 0.2857 -0.8004 0.0196 0.2782 -0.7937 -0.0186 0.3179 -0.7948 -0.0127 0.3117 -0.8037 -0.0071 0.3052 -0.8176 -0.0029 0.2995 -0.8083 -0.0178 0.3156
66.0 -0.8318 -0.0476 0.3438 -0.7959 -0.0061 0.3049 -0.7979 0.0052 0.2931 -0.7985 0.0088 0.2894 -0.7992 0.0124 0.2857 -0.8004 0.0196 0.2782 -0.7937 -0.0186 0.3179 -0.7948 -0.0127 0.3117 -0.8037 -0.0071 0.3052 -0.8176 -0.0029 0.2995 -0.8083 -0.0178 0.3156
66.0 -0.8318 -0.0476 0.3438 -0.7959 -0.0061 0.3049 -0.7979 0.0052 0.2931 -0.7985 0.0088 0.2894 -0.7992 0.0124 0.2857 -0.8004 0.0196 0.2782 -0.7937 -0.0186 0.3179 -0.7948 -0.0127 0.3117 -0.8037 -0.0071 0.3052 -0.8176 -0.0029 0.2995 -0.8083 -0.0178 0.3156
66.0 -0.8318 -0.0476 0.3438 -0.7959 -0.0061 0.3049 -0.7979 0.0052 0.2931 -0.7985 0.0088 0.2894 -0.7992 0.0124 0.2857 -0.8004 0.0196 0.2782 -0.7937 -0.0186 0.3179 -0.7948 -0.0127 0.3117 -0.8037 -0.0071 0.3052 -0.8176 -0.0029 0.2995 -0.8083 -0.0178 0.3156
66.0 -0.8318 -0.0476 0.3438 -0.7959 -0.0061 0.3049 -0.7979 0.0052 0.2931 -0.7985 0.0088 0.2894 -0.7992 0.0124 0.2857 -0.8004 0.0196 0.2782 -0.7937 -0.0186 0.3179 -0.7948 -0.0127 0.3117 -0.8037 -0.0071 0.3052 -0.8176 -0.0029 0.2995 -0.8083 -0.0178 0.3156
66.0 -0.8318 -0.0476 0.3438 -0.7959 -0.0061 0.3049 -0.7979 0.0052 0.2931 -0.7985 0.0088 0.2894 -0.7992 0.0124 0.2857 -0.8004 0.0196 0.2782 -0.7937 -0.0186 0.3179 -0.7948 -0.0127 0.3117 -0.8037 -0.0071 0.3052 -0.8176 -0.0029 0.2995 -0.8083 -0.0178 0.3156
66.0 -0.8318 -0.0476 0.3438 -0.7959 -0.0061 0.3049 -0.7979 0.0052 0.2931 -0.7985 0.0088 0.2894 -0.7992 0.0124 0.2857 -0.8004 0.0196 0.2782 -0.7937 -0.0186 0.3179 -0.7948 -0.0127 0.3117 -0.8037 -0.0071 0.3052 -0.8176 -0.0029 0.2995 -0.8083 -0.0178 0.3156
66.0 -0.8318 -0.0476 0.3438 -0.7959 -0.0061 0.3049 -0.7979 0.0052 0.2931 -0.7985 0.0088 0.2894 -0.7992 0.0124 0.2857 -0.8004 0.0196 0.2782 -0.7937 -0.0186 0.3179 -0.7948 -0.0127 0.3117 -0.8037 -0.0071 0.3052 -0.8176 -0.0029 0.2995 -0.8083 -0.0178 0.3156
66.0 -0.8318 -0.0476 0.3438 -0.7959 -0.0061 0.3049 -0.7979 0.0052 0.2931 -0.7985 0.0088 0.2894 -0.7992 0.0124 0.2857 -0.8004 0.0196 0.2782 -0.7937 -0.0186 0.3179 -0.7948 -0.0127 0.3117 -0.8037 -0.0071 0.3052 -0.8176 -0.0029 0.2995 -0.8083 -0.0178 0.3156
66.0 -0.8318 -0.0476 0.3438 -0.7959 -0.0061 0.3049 -0.7979 0.0052 0.2931 -0.7985 0.0088 0.2894 -0.7992 0.0124 0.2857 -0.8004 0.0196 0.2782 -0.7937 -0.0186 0.3179 -0.7948 -0.0127 0.3117 -0.8037 -0.0071 0.3052 -0.8176 -0.0029 0.2995 -0.8083 -0.0178 0.3156
66.0 -0.8318 -0.0476 0.3438 -0.7959 -0.0061 0.3049 -0.7979 0.0052 0.2931 -0.7985 0.0088 0.2894 -0.7992 0.0124 0.2857 -0.8004 0.0196 0.2782 -0.7937 -0.0186 0.3179 -0.7948 -0.0127 0.3117 -0.8037 -0.0071 0.3052 -0.8176 -0.0029 0.2995 -0.8083 -0.0178 0.3156
66.0 -0.8318 -0.0476 0.3438 -0.7959 -0.0061 0.3049 -0.7979 0.0052 0.2931 -0.7985 0.0088 0.2894 -0.7992 0.0124 0.2857 -0.8004 0.0196 0.2782 -0.7937 -0.0186 0.3179 -0.7948 -0.0127 0.3117 -0.8037 -0.0071 0.3052 -0.8176 -0.0029 0.2995 -0.8083 -0.0178 0.3156
66.0 -0.8318 -0.0476 0.3438 -0.7959 -0.0061 0.3049 -0.7979 0.0052 0.2931 -0.7985 0.0088 0.2894 -0.7992 0.0124 0.2857 -0.8004 0.0196 0.2782 -0.7937 -0.0186 0.3179 -0.7948 -0.0127 0.3117 -0.8037 -0.0071 0.3052 -0.8176 -0.0029 0.2995 -0.8083 -0.0178 0.3156
66.0 -0.8318 -0.0476 0.3438 -0.7959 -0.0061 0.3049 -0.7979 0.0052 0.2931 -0.7985 0.0088 0.2894 -0.7992 0.0124 0.2857 -0.8004 0.0196 0.2782 -0.7937 -0.0186 0.3179 -0.7948 -0.0127 0.3117 -0.8037 -0.0071 0.3052 -0.8176 -0.0029 0.2995 -0.8083 -0.0178 0.3156
66.0 -0.8318 -0.0476 0.3438 -0.7959 -0.0061 0.3049 -0.7979 0.0052 0.2931 -0.7985 0.0088 0.2894 -0.7992 0.0124 0.2857 -0.8004 0.0196 0.2782 -0.7937 -0.0186 0.3179 -0.7948 -0.0127 0.3117 -0.8037 -0.0071 0.3052 -0.8176 -0.0029 0.2995 -0.8083 -0.0178 0.3156
66.0 -0.8318 -0.0476 0.3438 -0.7959 -0.0061 0.3049 -0.7979 0.0052 0.2931 -0.7985 0.0088 0.2894 -0.7992 0.0124 0.2857 -0.8004 0.0196 0.2782 -0.7937 -0.0186 0.3179 -0.7948 -0.0127 0.3117 -0.8037 -0.0071 0.3052 -0.8176 -0.0029 0.2995 -0.8083 -0.0178 0.3156
66.0 -0.8318 -0.0476 0.3438 -0.7959 -0.0061 0.3049 -0.7979 0.0052 0.2931 -0.7985 0.0088 0.2894 -0.7992 0.0124 0.2857 -0.8004 0.0196 0.2782 -0.7937 -0.0186 0.3179 -0.7948 -0.0127 0.3117 -0.8037 -0.0071 0.3052 -0.8176 -0.0029 0.2995 -0.8083 -0.0178 0.3156
66.0 -0.8318 -0.0476 0.3438 -0.7959 -0.0061 0.3049 -0.7979 0.0052 0.2931 -0.7985 0.0088 0.2894 -0.7992 0.0124 0.2857 -0.8004 0.0196 0.2782 -0.7937 -0.0186 0.3179 -0.7948 -0.0127 0.3117 -0.8037 -0.0071 0.3052 -0.8176 -0.0029 0.2995 -0.8083 -0.0178 0.3156
66.0 -0.8318 -0.0476 0.3438 -0.7959 -0.0061 0.3049 -0.7979 0.0052 0.2931 -0.7985 0.0088 0.2894 -0.7992 0.0124 0.2857 -0.8004 0.0196 0.2782 -0.7937 -0.0186 0.3179 -0.7948 -0.0127 0.3117 -0.8037 -0.0071 0.3052 -0.8176 -0.0029 0.2995 -0.8083 -0.0178 0.3156
66.0 -0.8318 -0.0476 0.3438 -0.7959 -0.0061 0.3049 -0.7979 0.0052 0.2931 -0.7985 0.0088 0.2894 -0.7992 0.0124 0.2857 -0.8004 0.0196 0.2782 -0.7937 -0.0186 0.3179 -0.7948 -0.0127 0.3117 -0.8037 -0.0071 0.3052 -0.8176 -0.0029 0.2995 -0.8083 -0.0178 0.3156
66.0 -0.8318 -0.0476 0.3438 -0.7959 -0.0061 0.3049 -0.7979 0.0052 0.2931 -0.7985 0.0088 0.2894 -0.7992 0.0124 0.2857 -0.8004 0.0196 0.2782 -0.7937 -0.0186 0.3179 -0.7948 -0.0127 0.3117 -0.8037 -0.0071 0.3052 -0.8176 -0.0029 0.2995 -0.8083 -0.0178 0.3156
66.0 -0.8318 -0.0476 0.3438 -0.7959 -0.0061 0.3049 -0.7979 0.0052 0.2931 -0.7985 0.0088 0.2894 -0.7992 0.0124 0.2857 -0.8004 0.0196 0.2782 -0.7937 -0.0186 0.3179 -0.7948 -0.0127 0.3117 -0.8037 -0.0071 0.3052 -0.8176 -0.0029 0.2995 -0.8083 -0.0178 0.3156
66.0 -0.8318 -0.0476 0.3438 -0.7959 -0.0061 0.3049 -0.7979 0.0052 0.2931 -0.7985 0.0088 0.2894 -0.7992 0.0124 0.2857 -0.8004 0.0196 0.2782 -0.7937 -0.0186 0.3179 -0.7948 -0.0127 0.3117 -0.8037 -0.0071 0.3052 -0.8176 -0.0029 0.2995 -0.8083 -0.0178 0.3156
66.0 -0.8318 -0.0476 0.3438 -0.7959 -0.0061 0.3049 -0.7979 0.0052 0.2931 -0.7985 0.0088 0.2894 -0.7992 0.0124 0.2857 -0.8004 0.0196 0.2782 -0.7937 -0.0186 0.3179 -0.7948 -0.0127 0.3117 -0.8037 -0.0071 0.3052 -0.8176 -0.0029 0.2995 -0.8083 -0.0178 0.3156
66.0 -0.8318 -0.0476 0.3438 -0.7959 -0.0061 0.3049 -0.7979 0.0052 0.2931 -0.7985 0.0088 0.2894 -0.7992 0.0124 0.2857 -0.8004 0.0196 0.2782 -0.7937 -0.0186 0.3179 -0.7948 -0.0127 0.3117 -0.8037 -0.0071 0.3052 -0.8176 -0.0029 0.2995 -0.8083 -0.0178 0.3156
66.0 -0.8318 -0.0476 0.3438 -0.7959 -0.0061 0.3049 -0.7979 0.0052 0.2931 -0.7985 0.0088 0.2894 -0.7992 0.0124 0.2857 -0.8004 0.0196 0.2782 -0.7937 -0.0186 0.3179 -0.7948 -0.0127 0.3117 -0.8037 -0.0071 0.3052 -0.8176 -0.0029 0.2995 -0.8083 -0.0178 0.3156
121.0 -0.8378 -0.0533 0.349 -0.7949 -0.0121 0.3111 -0.7978 0.0047 0.2938 -0.798 0.0058 0.2925 -0.7982 0.007 0.2913 -0.7982 0.007 0.2913 -0.8058 -0.0148 0.3128 -0.809 -0.0115 0.3092 -0.8112 -0.0094 0.3068 -0.8122 -0.0083 0.3056 -0.8152 -0.0194 0.3167
122.0 -0.8454 -0.0549 0.3499 -0.7981 0.0064 0.2919 -0.7989 0.0112 0.2869 -0.7964 -0.0031 0.3018 -0.7937 -0.0186 0.3179 -0.7911 -0.0335 0.3335 -0.8205 -0.0064 0.3027 -0.8071 -0.0174 0.3153 -0.7944 -0.0297 0.3292 -0.7895 -0.0425 0.3428 -0.8114 -0.0302 0.328
123.0 -0.8516 -0.0545 0.3489 -0.8 0.0123 0.2857 -0.7971 0.0005 0.2981 -0.7952 -0.0103 0.3093 -0.7926 -0.0252 0.3248 -0.7893 -0.0437 0.344 -0.8041 -0.0145 0.3127 -0.7934 -0.0253 0.3248 -0.7903 -0.0383 0.3384 -0.788 -0.0514 0.3521 -0.8055 -0.0368 0.3354
124.0 -0.862 -0.0559 0.3493 -0.8047 0.0086 0.289 -0.7974 0.0023 0.2962 -0.7955 -0.0085 0.3074 -0.7935 -0.0198 0.3192 -0.7905 -0.0371 0.3372 -0.8067 -0.0198 0.3178 -0.7989 -0.0291 0.3281 -0.7953 -0.0396 0.3392 -0.7925 -0.0508 0.351 -0.8111 -0.039 0.3371
125.0 -0.8759 -0.0615 0.3536 -0.7892 -0.0443 0.3446 -0.7942 -0.0156 0.3148 -0.7963 -0.0037 0.3024 -0.7981 0.0064 0.2919 -0.8194 0.0127 0.2833 -0.8006 -0.0397 0.3388 -0.8139 -0.0287 0.3262 -0.8311 -0.0212 0.3169 -0.8522 -0.0161 0.3096 -0.8348 -0.0334 0.329
126.0 -0.8873 -0.0618 0.3528 -0.7894 -0.0431 0.3434 -0.7937 -0.0186 0.3179 -0.7961 -0.0049 0.3037 -0.7988 0.0051 0.2932 -0.8328 0.0085 0.2864 -0.8157 -0.0436 0.3413 -0.8281 -0.033 0.3293 -0.8453 -0.0256 0.3199 -0.8664 -0.0205 0.3126 -0.8486 -0.0369 0.3312
127.0 -0.9031 -0.0621 0.3515 -0.7887 -0.0473 0.3477 -0.7933 -0.021 0.3204 -0.7966 -0.0019 0.3006 -0.8049 0.0049 0.2928 -0.8436 0.0052 0.2887 -0.8301 -0.0467 0.3431 -0.8425 -0.0362 0.3311 -0.8588 -0.0286 0.3217 -0.8801 -0.0229 0.3138 -0.8629 -0.0393 0.3322
128.0 -0.9169 -0.0585 0.3465 -0.8096 -0.0537 0.3523 -0.7933 -0.021 0.3204 -0.7963 -0.0037 0.3024 -0.8176 0.002 0.2945 -0.8563 0.0022 0.2904 -0.8444 -0.0505 0.3455 -0.8562 -0.0387 0.3322 -0.8718 -0.0298 0.3216 -0.8923 -0.0234 0.313 -0.8763 -0.0402 0.3318
129.0 -0.931 -0.0585 0.3451 -0.8233 -0.0556 0.3528 -0.8004 -0.0256 0.3245 -0.8096 -0.0085 0.3061 -0.8302 -0.001 0.2963 -0.8692 0.0005 0.2909 -0.859 -0.0525 0.3461 -0.8698 -0.0411 0.3334 -0.8855 -0.0322 0.3228 -0.9051 -0.0257 0.3141 -0.8901 -0.042 0.3323
130.0 -0.9503 -0.0538 0.3384 -0.8578 -0.0346 0.3279 -0.8217 -0.0193 0.3159 -0.8214 -0.0114 0.3078 -0.8322 -0.0098 0.3051 -0.8665 -0.015 0.307 -0.8806 -0.045 0.3363 -0.8856 -0.0414 0.3321 -0.8966 -0.0392 0.3288 -0.9133 -0.039 0.327 -0.9053 -0.0437 0.3325
131.0 -0.9687 -0.0593 0.3422 -0.8598 -0.063 0.3567 -0.8268 -0.0359 0.3323 -0.8352 -0.0181 0.3133 -0.8558 -0.0105 0.3035 -0.8939 -0.004 0.2931 -0.8941 -0.0584 0.3487 -0.9024 -0.0461 0.3353 -0.9164 -0.0364 0.324 -0.9354 -0.0286 0.3141 -0.9234 -0.0458 0.3328
132.0 -0.9863 -0.0593 0.3404 -0.8789 -0.0649 0.3568 -0.8444 -0.0358 0.3305 -0.8486 -0.0218 0.3157 -0.8669 -0.0126 0.3045 -0.9067 -0.0064 0.2942 -0.9124 -0.0591 0.3475 -0.9188 -0.0477 0.3353 -0.9319 -0.0385 0.3246 -0.9501 -0.03 0.314 -0.9399 -0.0469 0.3324
133.0 -1.0021 -0.0596 0.3391 -0.9001 -0.069 0.3589 -0.8591 -0.0421 0.3355 -0.8636 -0.0262 0.3188 -0.8828 -0.0172 0.3077 -0.9195 -0.0087 0.2953 -0.9285 -0.0625 0.3494 -0.9351 -0.0499 0.3359 -0.9466 -0.0399 0.3245 -0.964 -0.0306 0.3133 -0.9553 -0.0485 0.3325
134.0 -1.029 -0.0614 0.3383 -0.9174 -0.0707 0.359 -0.8742 -0.0466 0.3386 -0.8771 -0.0299 0.3212 -0.8954 -0.0207 0.31 -0.9305 -0.0114 0.297 -0.9484 -0.0645 0.3495 -0.9542 -0.0519 0.336 -0.9647 -0.0417 0.3246 -0.9805 -0.0322 0.3133 -0.9754 -0.0503 0.3324
135.0 -1.0425 -0.0595 0.3351 -0.9423 -0.0741 0.3599 -0.8927 -0.0509 0.3411 -0.8932 -0.0333 0.3231 -0.908 -0.0243 0.3124 -0.9433 -0.0132 0.2975 -0.9659 -0.0651 0.3484 -0.9697 -0.0534 0.336 -0.9786 -0.043 0.3245 -0.9935 -0.0334 0.3132 -0.99 -0.0509 0.3314
136.0 -1.0574 -0.0603 0.3344 -0.9628 -0.0781 0.362 -0.9077 -0.056 0.3448 -0.908 -0.0389 0.3274 -0.923 -0.0287 0.3155 -0.9586 -0.0164 0.2994 -0.9821 -0.0679 0.3496 -0.9851 -0.0561 0.3372 -0.9932 -0.0449 0.3251 -1.0072 -0.0352 0.3137 -1.005 -0.0529 0.332
137.0 -1.0741 -0.0601 0.3326 -0.9843 -0.0804 0.3622 -0.927 -0.061 0.3481 -0.9264 -0.0445 0.3312 -0.9388 -0.0339 0.3192 -0.9718 -0.0213 0.303 -0.9993 -0.0702 0.3503 -1.0013 -0.0589 0.3385 -1.0086 -0.0476 0.3263 -1.0217 -0.0378 0.3149 -1.021 -0.0549 0.3325
138.0 -1.1216 -0.0549 0.3225 -1.0513 -0.0797 0.3548 -0.9888 -0.07 0.3511 -0.9838 -0.0534 0.3347 -0.9945 -0.0427 0.3226 -1.0212 -0.0255 0.3024 -1.0582 -0.0708 0.3451 -1.0565 -0.0602 0.3344 -1.061 -0.0498 0.3233 -1.0716 -0.039 0.3112 -1.0738 -0.055 0.3273
139.0 -1.1372 -0.0515 0.3175 -1.0668 -0.0769 0.3504 -1.002 -0.0699 0.3498 -0.9962 -0.0527 0.3327 -1.0062 -0.0412 0.3199 -1.0346 -0.0243 0.2998 -1.0708 -0.0689 0.3418 -1.0692 -0.0582 0.3311 -1.0746 -0.0474 0.3195 -1.0853 -0.0366 0.3074 -1.0874 -0.0525 0.3235
140.0 -1.1788 -0.0449 0.3066 -1.1177 -0.0672 0.3355 -1.0454 -0.0636 0.3389 -1.0393 -0.0481 0.3237 -1.0482 -0.0371 0.3116 -1.0723 -0.0202 0.2919 -1.1132 -0.063 0.3316 -1.1107 -0.0522 0.3209 -1.1142 -0.0423 0.3104 -1.1221 -0.0324 0.2994 -1.1278 -0.047 0.3138
141.0 -1.1861 -0.0435 0.3044 -1.1258 -0.0616 0.3289 -1.0543 -0.063 0.3374 -1.0475 -0.0462 0.3209 -1.0579 -0.0372 0.3107 -1.0803 -0.02 0.291 -1.1195 -0.062 0.3299 -1.1179 -0.0514 0.3193 -1.1204 -0.042 0.3094 -1.1283 -0.032 0.2984 -1.1344 -0.0462 0.3123
142.0 -1.1933 -0.0426 0.3028 -1.1329 -0.0607 0.3273 -1.0614 -0.0621 0.3358 -1.0546 -0.0459 0.3199 -1.0642 -0.0362 0.3091 -1.0874 -0.0192 0.2894 -1.126 -0.0604 0.3277 -1.1233 -0.0503 0.3176 -1.1268 -0.0404 0.3071 -1.1356 -0.0306 0.2962 -1.141 -0.0449 0.3103
143.0 -1.1962 -0.0412 0.3011 -1.1408 -0.0612 0.327 -1.0668 -0.0616 0.3348 -1.0608 -0.0455 0.3189 -1.0714 -0.0353 0.3075 -1.0937 -0.0188 0.2884 -1.1312 -0.0605 0.3273 -1.1278 -0.0497 0.3165 -1.1304 -0.0402 0.3066 -1.1384 -0.0297 0.2951 -1.1448 -0.0443 0.3093
144.0 -1.1999 -0.0399 0.2993 -1.1437 -0.0598 0.3253 -1.0712 -0.0616 0.3343 -1.0634 -0.0459 0.319 -1.0724 -0.0349 0.3069 -1.0955 -0.0184 0.2878 -1.1357 -0.0599 0.3262 -1.1314 -0.0495 0.316 -1.1339 -0.0401 0.3062 -1.1419 -0.0296 0.2946 -1.1486 -0.0438 0.3085
145.0 -1.2017 -0.0401 0.2994 -1.1454 -0.06 0.3253 -1.073 -0.0612 0.3338 -1.0662 -0.045 0.3179 -1.075 -0.0352 0.307 -1.0983 -0.0176 0.2867 -1.1367 -0.0594 0.3256 -1.1333 -0.0486 0.3149 -1.1367 -0.0393 0.305 -1.1446 -0.0293 0.2941 -1.1506 -0.0433 0.3078
146.0 -1.2009 -0.0394 0.2988 -1.1455 -0.0594 0.3247 -1.0738 -0.0619 0.3344 -1.0661 -0.0456 0.3185 -1.0751 -0.0346 0.3064 -1.0973 -0.0181 0.2872 -1.1373 -0.0607 0.3269 -1.1331 -0.0498 0.3161 -1.1357 -0.0397 0.3056 -1.1437 -0.0292 0.294 -1.1502 -0.0438 0.3083
147.0 -1.2025 -0.0402 0.2994 -1.146 -0.0613 0.3266 -1.0754 -0.0628 0.3351 -1.066 -0.0462 0.3191 -1.0757 -0.0359 0.3076 -1.0981 -0.0188 0.2879 -1.1374 -0.0601 0.3263 -1.1341 -0.0493 0.3155 -1.1366 -0.0399 0.3056 -1.1437 -0.0292 0.294 -1.1509 -0.0437 0.3082
148.0 -1.2033 -0.0409 0.3001 -1.1436 -0.0603 0.3259 -1.0736 -0.0631 0.3357 -1.0658 -0.0474 0.3204 -1.0738 -0.0369 0.3088 -1.0969 -0.0205 0.2897 -1.1364 -0.0612 0.3275 -1.133 -0.0504 0.3167 -1.1356 -0.0403 0.3062 -1.1427 -0.0303 0.2952 -1.1502 -0.0446 0.3092
149.0 -1.2005 -0.0418 0.3012 -1.1435 -0.0609 0.3265 -1.0708 -0.064 0.3368 -1.0639 -0.0484 0.3215 -1.0725 -0.0392 0.3113 -1.0952 -0.0202 0.2897 -1.1354 -0.0617 0.3281 -1.1319 -0.0514 0.3179 -1.1346 -0.0414 0.3074 -1.1433 -0.0316 0.2965 -1.1491 -0.0456 0.3102
150.0 -1.2011 -0.0431 0.3025 -1.1433 -0.0621 0.3277 -1.0696 -0.0656 0.3386 -1.0628 -0.0494 0.3228 -1.0707 -0.0395 0.3118 -1.0923 -0.0217 0.2914 -1.1343 -0.0628 0.3293 -1.131 -0.0519 0.3185 -1.1335 -0.0425 0.3086 -1.1414 -0.0326 0.2977 -1.1483 -0.0466 0.3113
151.0 -1.2011 -0.0431 0.3025 -1.1422 -0.0632 0.329 -1.0686 -0.0667 0.3398 -1.0608 -0.051 0.3245 -1.0689 -0.0399 0.3124 -1.0905 -0.022 0.292 -1.1341 -0.064 0.3305 -1.1299 -0.053 0.3197 -1.1325 -0.043 0.3092 -1.1404 -0.033 0.2983 -1.1476 -0.0472 0.3121
152.0 -1.2011 -0.0431 0.3025 -1.1421 -0.0638 0.3296 -1.0692 -0.068 0.3411 -1.0608 -0.051 0.3245 -1.0679 -0.0404 0.313 -1.0893 -0.0237 0.2938 -1.1332 -0.0644 0.3311 -1.1298 -0.0536 0.3204 -1.1316 -0.0435 0.3098 -1.1386 -0.0334 0.2988 -1.1469 -0.0476 0.3125
153.0 -1.1976 -0.0432 0.303 -1.1419 -0.065 0.3308 -1.0683 -0.0679 0.3411 -1.0605 -0.0522 0.3258 -1.0659 -0.0419 0.3148 -1.0875 -0.0241 0.2944 -1.1322 -0.0649 0.3317 -1.1279 -0.0546 0.3215 -1.1296 -0.0444 0.311 -1.1368 -0.0338 0.2994 -1.1448 -0.0482 0.3133
154.0 -1.1994 -0.0428 0.3024 -1.1426 -0.0657 0.3315 -1.0674 -0.0684 0.3417 -1.0596 -0.0527 0.3264 -1.0659 -0.0419 0.3148 -1.0882 -0.0248 0.295 -1.1321 -0.0655 0.3323 -1.1279 -0.0546 0.3215 -1.1305 -0.0445 0.311 -1.1375 -0.0345 0.3 -1.1455 -0.0484 0.3135
155.0 -1.1981 -0.0451 0.3049 -1.141 -0.0649 0.3308 -1.0673 -0.069 0.3423 -1.0604 -0.0528 0.3264 -1.0674 -0.0433 0.3161 -1.0882 -0.0248 0.295 -1.1321 -0.0655 0.3323 -1.1278 -0.0552 0.3222 -1.1304 -0.0451 0.3116 -1.1383 -0.0352 0.3007 -1.1453 -0.0492 0.3143
156.0 -1.1977 -0.0426 0.3024 -1.1426 -0.0657 0.3315 -1.0672 -0.0696 0.3429 -1.0585 -0.0538 0.3276 -1.0648 -0.043 0.316 -1.0865 -0.0245 0.2949 -1.133 -0.0656 0.3323 -1.1278 -0.0552 0.3222 -1.1294 -0.0456 0.3122 -1.1366 -0.035 0.3006 -1.1449 -0.0488 0.3139
157.0 -1.1973 -0.045 0.3049 -1.14 -0.0654 0.3314 -1.0673 -0.069 0.3423 -1.0596 -0.0527 0.3264 -1.0657 -0.0431 0.316 -1.0864 -0.0251 0.2956 -1.131 -0.0666 0.3335 -1.1277 -0.0558 0.3228 -1.1303 -0.0457 0.3123 -1.1373 -0.0357 0.3013 -1.1447 -0.0498 0.3149
158.0 -1.1965 -0.0443 0.3042 -1.1408 -0.0661 0.332 -1.0674 -0.0684 0.3417 -1.0595 -0.0533 0.327 -1.0666 -0.0426 0.3154 -1.0873 -0.0253 0.2956 -1.1319 -0.0667 0.3336 -1.1277 -0.0558 0.3228 -1.1294 -0.0456 0.3122 -1.1365 -0.0356 0.3013 -1.1444 -0.0496 0.3148
159.0 -1.1964 -0.0449 0.3048 -1.14 -0.0654 0.3314 -1.0682 -0.0685 0.3417 -1.0596 -0.0527 0.3264 -1.0666 -0.0426 0.3154 -1.0874 -0.0247 0.295 -1.1311 -0.066 0.3329 -1.1278 -0.0552 0.3222 -1.1304 -0.0451 0.3116 -1.1374 -0.0351 0.3007 -1.1446 -0.0493 0.3144
