1.0 -1.1839 -0.001 0.2612 -1.0847 -0.0096 0.2799 -1.0603 0.0169 0.2552 -1.061 0.0308 0.2409 -1.0735 0.0371 0.2332 -1.0975 0.0381 0.2298 -1.1156 -0.004 0.2711 -1.12 0.0058 0.2606 -1.1286 0.015 0.2504 -1.1404 0.0219 0.2421 -1.1377 0.0075 0.2571
2.0 -1.1822 -0.0008 0.2612 -1.084 -0.0089 0.2792 -1.0597 0.0182 0.2539 -1.0593 0.031 0.2408 -1.0718 0.0373 0.2332 -1.0966 0.0382 0.2298 -1.114 -0.0032 0.2704 -1.1192 0.0065 0.26 -1.1278 0.0151 0.2503 -1.1396 0.0226 0.2414 -1.1366 0.008 0.2567
3.0 -1.1841 0.0002 0.26 -1.0841 -0.0083 0.2786 -1.0596 0.0176 0.2546 -1.0602 0.0309 0.2408 -1.0729 0.0384 0.232 -1.0967 0.0388 0.2291 -1.115 -0.0027 0.2698 -1.1193 0.0071 0.2594 -1.1279 0.0157 0.2497 -1.1396 0.0226 0.2414 -1.1372 0.0086 0.2561
4.0 -1.1841 0.0002 0.26 -1.0833 -0.0076 0.278 -1.0596 0.0176 0.2546 -1.0605 0.0327 0.239 -1.073 0.039 0.2313 -1.0977 0.0393 0.2286 -1.1142 -0.002 0.2692 -1.1194 0.0077 0.2588 -1.1271 0.0164 0.2491 -1.1389 0.0234 0.2408 -1.1367 0.0091 0.2556
5.0 -1.1833 0.0009 0.2594 -1.0842 -0.0077 0.278 -1.06 0.02 0.2521 -1.0598 0.034 0.2377 -1.0732 0.0402 0.2301 -1.0978 0.0399 0.2279 -1.1133 -0.0019 0.2691 -1.1178 0.0085 0.2581 -1.1264 0.0171 0.2484 -1.1381 0.0241 0.2401 -1.1358 0.0097 0.255
6.0 -1.1826 0.0016 0.2587 -1.0827 -0.0063 0.2767 -1.059 0.0195 0.2527 -1.0597 0.0334 0.2383 -1.0715 0.0404 0.23 -1.0962 0.0407 0.2272 -1.1134 -0.0013 0.2685 -1.1187 0.0084 0.2581 -1.1272 0.017 0.2484 -1.1382 0.0247 0.2395 -1.136 0.0101 0.2546
7.0 -1.1825 0.001 0.2593 -1.0818 -0.0062 0.2767 -1.0582 0.0196 0.2526 -1.059 0.0341 0.2377 -1.0708 0.0417 0.2288 -1.097 0.0406 0.2273 -1.1136 -0.0007 0.2679 -1.1188 0.009 0.2575 -1.1273 0.0176 0.2478 -1.1391 0.0245 0.2395 -1.1362 0.0103 0.2544
8.0 -1.1825 0.001 0.2593 -1.0819 -0.0056 0.276 -1.0573 0.0197 0.2526 -1.0591 0.0347 0.2371 -1.0717 0.0416 0.2288 -1.0955 0.042 0.226 -1.1118 -0.0005 0.2678 -1.1172 0.0098 0.2568 -1.1257 0.0184 0.2471 -1.1375 0.0254 0.2388 -1.1349 0.0108 0.254
9.0 -1.1826 0.0016 0.2587 -1.0819 -0.0056 0.276 -1.0583 0.0202 0.252 -1.0583 0.0355 0.2364 -1.0717 0.0416 0.2288 -1.0963 0.0413 0.2266 -1.1128 -3.02e-07 0.2672 -1.1172 0.0098 0.2568 -1.1257 0.0184 0.2471 -1.1375 0.0254 0.2388 -1.1351 0.011 0.2537
10.0 -1.1809 0.0018 0.2586 -1.081 -0.0055 0.276 -1.0567 0.021 0.2513 -1.0583 0.0355 0.2364 -1.0709 0.0423 0.2281 -1.0954 0.0414 0.2266 -1.111 -0.0004 0.2678 -1.1163 0.0099 0.2568 -1.1257 0.0184 0.2471 -1.1375 0.0254 0.2388 -1.1343 0.011 0.2538
11.0 -1.1827 0.0022 0.2581 -1.0812 -0.0049 0.2754 -1.0567 0.021 0.2513 -1.0575 0.0356 0.2364 -1.0701 0.0424 0.2281 -1.0963 0.0413 0.2266 -1.1119 0.0001 0.2672 -1.1172 0.0098 0.2568 -1.1257 0.0184 0.2471 -1.1375 0.0254 0.2388 -1.135 0.0112 0.2536
12.0 -1.1826 0.0016 0.2587 -1.0803 -0.0048 0.2753 -1.0576 0.0215 0.2507 -1.0576 0.0362 0.2357 -1.0702 0.043 0.2275 -1.0956 0.0426 0.2254 -1.1119 0.0001 0.2672 -1.1164 0.0105 0.2561 -1.1257 0.0184 0.2471 -1.1366 0.0255 0.2388 -1.1346 0.0112 0.2536
13.0 -1.1826 0.0016 0.2587 -1.0803 -0.0048 0.2753 -1.0575 0.0209 0.2514 -1.0576 0.0362 0.2357 -1.0709 0.0423 0.2281 -1.0956 0.0426 0.2254 -1.112 0.0007 0.2666 -1.1173 0.0104 0.2562 -1.1257 0.0184 0.2471 -1.1375 0.0254 0.2388 -1.135 0.0113 0.2535
14.0 -1.1826 0.0016 0.2587 -1.0804 -0.0042 0.2747 -1.0575 0.0209 0.2514 -1.0575 0.0356 0.2364 -1.0702 0.043 0.2275 -1.0964 0.0419 0.226 -1.1119 0.0001 0.2672 -1.1172 0.0098 0.2568 -1.1257 0.0184 0.2471 -1.1374 0.0248 0.2395 -1.1349 0.0109 0.2539
15.0 -1.1816 0.0011 0.2593 -1.0812 -0.0049 0.2754 -1.0567 0.021 0.2513 -1.0576 0.0362 0.2357 -1.0711 0.0429 0.2275 -1.0964 0.0419 0.226 -1.112 0.0007 0.2666 -1.1164 0.0105 0.2561 -1.1248 0.0185 0.2471 -1.1375 0.0254 0.2388 -1.1345 0.0112 0.2536
16.0 -1.1844 0.0019 0.2581 -1.083 -0.0045 0.2748 -1.0593 0.0213 0.2508 -1.0594 0.0365 0.2352 -1.073 0.0439 0.2264 -1.0993 0.0434 0.2242 -1.1139 0.0011 0.266 -1.1183 0.0115 0.255 -1.1276 0.0194 0.246 -1.1385 0.0265 0.2376 -1.1366 0.0121 0.2525
17.0 -1.1845 0.0025 0.2575 -1.0831 -0.0039 0.2742 -1.0613 0.0222 0.2496 -1.0612 0.0369 0.2346 -1.0747 0.0436 0.2264 -1.0992 0.0428 0.2249 -1.1147 0.001 0.2661 -1.1191 0.0108 0.2556 -1.1285 0.0193 0.246 -1.1403 0.0262 0.2377 -1.1374 0.0119 0.2526
18.0 -1.1862 0.0023 0.2576 -1.084 -0.0034 0.2736 -1.0613 0.0222 0.2496 -1.062 0.0362 0.2353 -1.0748 0.0442 0.2258 -1.1001 0.0432 0.2243 -1.1157 0.0014 0.2655 -1.1202 0.0118 0.2544 -1.1286 0.0199 0.2454 -1.1404 0.0268 0.2371 -1.1382 0.0125 0.252
19.0 -1.1847 0.0037 0.2563 -1.0839 -0.004 0.2742 -1.0614 0.0228 0.249 -1.063 0.0373 0.2341 -1.0748 0.0442 0.2258 -1.1001 0.0432 0.2243 -1.1148 0.0016 0.2654 -1.1202 0.0118 0.2544 -1.1296 0.0203 0.2448 -1.1413 0.0273 0.2365 -1.1381 0.013 0.2515
20.0 -1.1845 0.0025 0.2575 -1.0839 -0.004 0.2742 -1.0622 0.0227 0.249 -1.0628 0.0361 0.2353 -1.0757 0.0441 0.2258 -1.1001 0.0432 0.2243 -1.1157 0.0014 0.2655 -1.12 0.0112 0.255 -1.1295 0.0197 0.2454 -1.1412 0.0267 0.2371 -1.1382 0.0123 0.2521
21.0 -1.1844 0.0019 0.2581 -1.0848 -0.0042 0.2743 -1.0621 0.0221 0.2497 -1.0621 0.0368 0.2347 -1.0748 0.0442 0.2258 -1.1001 0.0432 0.2243 -1.1157 0.0014 0.2655 -1.1202 0.0118 0.2544 -1.1295 0.0197 0.2454 -1.1411 0.0261 0.2377 -1.1382 0.0122 0.2522
22.0 -1.1844 0.0019 0.2581 -1.0847 -0.0048 0.2749 -1.0612 0.0216 0.2502 -1.0611 0.0363 0.2353 -1.0738 0.0437 0.2264 -1.0992 0.0428 0.2249 -1.1147 0.001 0.2661 -1.1192 0.0114 0.255 -1.1286 0.0199 0.2454 -1.1403 0.0262 0.2377 -1.1374 0.0121 0.2525
23.0 -1.1844 0.0019 0.2581 -1.083 -0.0045 0.2748 -1.0603 0.0217 0.2502 -1.0601 0.0358 0.2358 -1.0729 0.0433 0.227 -1.0983 0.0429 0.2248 -1.1147 0.001 0.2661 -1.1192 0.0114 0.255 -1.1276 0.0194 0.246 -1.1394 0.0263 0.2377 -1.1371 0.012 0.2526
24.0 -1.1825 0.001 0.2593 -1.0812 -0.0049 0.2754 -1.0585 0.0214 0.2508 -1.0594 0.0365 0.2352 -1.0719 0.0428 0.2276 -1.0975 0.043 0.2248 -1.112 0.0007 0.2666 -1.1174 0.011 0.2555 -1.1258 0.019 0.2465 -1.1376 0.026 0.2382 -1.1351 0.0115 0.2532
25.0 -1.1823 -0.0002 0.2606 -1.0809 -0.0061 0.2766 -1.0567 0.021 0.2513 -1.0575 0.0356 0.2364 -1.0701 0.0424 0.2281 -1.0954 0.0414 0.2266 -1.1119 0.0001 0.2672 -1.1163 0.0099 0.2568 -1.1256 0.0178 0.2477 -1.1373 0.0242 0.2401 -1.1347 0.0104 0.2545
26.0 -1.1788 0.0002 0.2604 -1.0791 -0.0064 0.2772 -1.0555 0.0193 0.2532 -1.0563 0.0339 0.2382 -1.0682 0.0415 0.2293 -1.0936 0.0411 0.2271 -1.11 -0.0008 0.2684 -1.1144 0.0089 0.2579 -1.1238 0.0175 0.2483 -1.1354 0.0238 0.2406 -1.1325 0.0099 0.2551
27.0 -1.1769 -0.0007 0.2616 -1.0764 -0.0067 0.2777 -1.0537 0.019 0.2537 -1.0535 0.033 0.2393 -1.0662 0.0405 0.2305 -1.0917 0.0401 0.2283 -1.1082 -0.0012 0.2689 -1.1125 0.0086 0.2585 -1.122 0.0171 0.2489 -1.1337 0.024 0.2406 -1.1307 0.0096 0.2557
28.0 -1.176 -0.0006 0.2616 -1.0746 -0.0071 0.2782 -1.0518 0.0186 0.2543 -1.0518 0.0333 0.2393 -1.0638 0.0414 0.2297 -1.0892 0.0411 0.2276 -1.1054 -0.0021 0.2701 -1.1106 0.0076 0.2597 -1.1192 0.0162 0.25 -1.1309 0.0232 0.2417 -1.1284 0.0089 0.2566
29.0 -1.1724 -0.0013 0.2627 -1.0711 -0.0072 0.2787 -1.0484 0.0191 0.2541 -1.05 0.0329 0.2398 -1.0618 0.0405 0.2309 -1.0864 0.0402 0.2287 -1.1035 -0.003 0.2712 -1.1088 0.0073 0.2602 -1.1173 0.0159 0.2506 -1.1292 0.0234 0.2416 -1.1262 0.0084 0.2573
30.0 -1.1707 -0.0011 0.2626 -1.0701 -0.0077 0.2793 -1.0448 0.0183 0.2552 -1.0447 0.033 0.2402 -1.0566 0.0406 0.2313 -1.0837 0.04 0.2293 -1.0992 -0.0024 0.2711 -1.1044 0.0072 0.2607 -1.1129 0.0159 0.251 -1.1256 0.0227 0.2428 -1.1225 0.0085 0.2576
31.0 -1.1642 -0.0027 0.2649 -1.0648 -0.0076 0.2797 -1.0421 0.0181 0.2558 -1.0429 0.0327 0.2408 -1.0539 0.0403 0.2319 -1.0803 0.0404 0.2291 -1.0965 -0.0027 0.2716 -1.1017 0.007 0.2612 -1.1103 0.0156 0.2515 -1.1229 0.0225 0.2433 -1.1191 0.0079 0.2585
32.0 -1.1641 -0.0033 0.2655 -1.0611 -0.0089 0.2815 -1.0376 0.0175 0.2568 -1.0384 0.032 0.2419 -1.0494 0.0397 0.2329 -1.0768 0.0403 0.2296 -1.0937 -0.0035 0.2727 -1.0981 0.0063 0.2623 -1.1074 0.0142 0.2533 -1.1201 0.0216 0.2444 -1.1167 0.0071 0.2596
33.0 -1.158 -0.003 0.2659 -1.0565 -0.0101 0.2832 -1.0329 0.0157 0.2591 -1.033 0.0315 0.2429 -1.0439 0.0386 0.2346 -1.0703 0.0387 0.2319 -1.0874 -0.0045 0.2744 -1.0927 0.0058 0.2633 -1.1012 0.0144 0.2537 -1.1131 0.0219 0.2448 -1.1105 0.0069 0.2604
34.0 -1.1516 -0.0046 0.2681 -1.051 -0.0112 0.2848 -1.0277 0.0164 0.2589 -1.0277 0.0316 0.2433 -1.0395 0.0386 0.235 -1.0668 0.0386 0.2324 -1.0828 -0.0057 0.2761 -1.0872 0.0047 0.265 -1.0966 0.0132 0.2554 -1.1084 0.0201 0.2471 -1.1053 0.0055 0.2623
35.0 -1.1461 -0.0057 0.2698 -1.0422 -0.0112 0.2857 -1.0215 0.016 0.26 -1.0196 0.0303 0.2455 -1.0333 0.0382 0.2361 -1.0597 0.0383 0.2333 -1.0774 -0.0062 0.2771 -1.0818 0.0036 0.2667 -1.0904 0.0128 0.2564 -1.1022 0.0198 0.2481 -1.0996 0.0048 0.2636
36.0 -1.0533 -0.0085 0.2818 -0.9459 -0.0086 0.2926 -0.9311 0.0172 0.2677 -0.932 0.0323 0.2521 -0.9447 0.0398 0.2432 -0.9664 0.043 0.2378 -0.9828 -0.0087 0.2891 -0.989 0.0014 0.2781 -0.9984 0.0099 0.2684 -1.0103 0.0175 0.2595 -1.0068 0.0023 0.2754
37.0 -1.0446 -0.0079 0.2821 -0.9323 -0.0062 0.2915 -0.9202 0.0205 0.2654 -0.9234 0.0335 0.2518 -0.937 0.0408 0.2429 -0.9622 0.0442 0.237 -0.9724 -0.0079 0.2893 -0.9793 0.0015 0.2789 -0.9897 0.0105 0.2687 -1.0016 0.0181 0.2598 -0.9975 0.0029 0.2758
38.0 -1.0333 -0.007 0.2823 -0.9218 -0.0054 0.2917 -0.9109 0.0224 0.2644 -0.9125 0.0368 0.2495 -0.9285 0.0426 0.242 -0.9569 0.0443 0.2375 -0.963 -0.0066 0.2889 -0.9699 0.0028 0.2786 -0.9803 0.0118 0.2683 -0.9939 0.0191 0.2595 -0.9881 0.004 0.2755
39.0 -1.0207 -0.0083 0.2849 -0.9108 -0.0033 0.2906 -0.8997 0.0239 0.264 -0.9038 0.0374 0.2498 -0.9208 0.0436 0.2417 -0.9495 0.0422 0.2403 -0.9511 -0.0038 0.2872 -0.9596 0.0042 0.2782 -0.9715 0.0117 0.2693 -0.9859 0.019 0.2604 -0.9778 0.0045 0.276
40.0 -1.0087 -0.0067 0.2844 -0.8997 -0.0012 0.2896 -0.8876 0.0249 0.2641 -0.8903 0.0404 0.248 -0.9061 0.0456 0.2411 -0.9334 0.0456 0.2384 -0.9413 -0.0049 0.2893 -0.9483 0.0051 0.2783 -0.9587 0.0141 0.2681 -0.9723 0.0214 0.2593 -0.9658 0.0058 0.2759
41.0 -0.9964 -0.0069 0.2858 -0.8848 -0.001 0.2909 -0.8756 0.0271 0.263 -0.88 0.0418 0.2476 -0.8969 0.0481 0.2395 -0.9231 0.047 0.238 -0.9284 -0.0032 0.2888 -0.9363 0.0067 0.2779 -0.9475 0.0156 0.2677 -0.9611 0.0229 0.2589 -0.9539 0.007 0.2758
42.0 -0.9844 -0.0047 0.2847 -0.872 0.0014 0.2898 -0.8646 0.0292 0.262 -0.8697 0.0432 0.2472 -0.8849 0.0497 0.239 -0.9118 0.0479 0.2382 -0.9172 -0.0017 0.2884 -0.925 0.0076 0.2781 -0.9371 0.0164 0.2679 -0.9507 0.0237 0.2591 -0.9429 0.0083 0.2756
43.0 -0.9723 -0.0036 0.2849 -0.8584 0.0038 0.2886 -0.8527 0.032 0.2603 -0.8576 0.0448 0.2467 -0.8738 0.0518 0.238 -0.8994 0.052 0.2352 -0.905 -0.0013 0.2892 -0.9138 0.0091 0.2776 -0.926 0.0185 0.2669 -0.9397 0.0264 0.2574 -0.9314 0.0098 0.2752
44.0 -0.9619 -0.0028 0.2851 -0.8479 0.0046 0.2888 -0.84 0.0344 0.2592 -0.8466 0.0469 0.2457 -0.8627 0.0539 0.2369 -0.8914 0.0519 0.2362 -0.8915 0.0024 0.2868 -0.9011 0.0121 0.2759 -0.9131 0.0202 0.2664 -0.9285 0.0273 0.2576 -0.9192 0.0118 0.2744
45.0 -0.9506 -0.0019 0.2853 -0.8351 0.0069 0.2877 -0.8298 0.0364 0.2581 -0.8362 0.0483 0.2453 -0.8516 0.0554 0.2365 -0.8784 0.053 0.2363 -0.8814 0.005 0.2851 -0.8909 0.0141 0.2749 -0.903 0.0228 0.2647 -0.9175 0.03 0.2559 -0.9087 0.014 0.2732
46.0 -0.94 -0.0023 0.2868 -0.8212 0.0076 0.2884 -0.8179 0.0392 0.2564 -0.8253 0.051 0.2436 -0.8437 0.0559 0.2368 -0.8716 0.0545 0.2354 -0.8694 0.0066 0.2847 -0.8806 0.0155 0.2745 -0.8934 0.0229 0.2656 -0.9094 0.0293 0.2575 -0.8986 0.0144 0.2738
47.0 -0.9292 0.0016 0.2839 -0.8061 0.0121 0.2853 -0.8046 0.0434 0.2534 -0.8094 0.0556 0.2405 -0.8286 0.0597 0.2344 -0.8539 0.0588 0.2328 -0.8548 0.0086 0.2841 -0.8653 0.0181 0.2733 -0.8782 0.0268 0.2631 -0.8927 0.034 0.2543 -0.884 0.0178 0.2717
48.0 -0.922 0.0007 0.2855 -0.7991 0.0118 0.2863 -0.804 0.0399 0.2571 -0.8064 0.0536 0.2429 -0.8185 0.0623 0.2327 -0.8497 0.0599 0.2321 -0.8433 0.0083 0.2855 -0.8529 0.018 0.2747 -0.8667 0.0265 0.2646 -0.8829 0.0335 0.2558 -0.8736 0.0174 0.2732
49.0 -0.9117 0.0021 0.2851 -0.7987 0.01 0.2882 -0.8033 0.0363 0.2609 -0.8057 0.05 0.2466 -0.813 0.0612 0.2344 -0.8422 0.0622 0.2305 -0.834 0.0102 0.2845 -0.842 0.0207 0.273 -0.8548 0.0287 0.2635 -0.8709 0.0351 0.2554 -0.8627 0.0194 0.2723
50.0 -0.9008 0.0048 0.2834 -0.7986 0.0094 0.2888 -0.8038 0.0387 0.2584 -0.8054 0.0482 0.2485 -0.808 0.0576 0.2386 -0.8271 0.0612 0.2331 -0.8215 0.0143 0.2816 -0.8301 0.0235 0.2713 -0.8429 0.0309 0.2624 -0.8589 0.0373 0.2543 -0.8508 0.0222 0.2706
50.0 -0.9008 0.0048 0.2834 -0.7986 0.0094 0.2888 -0.8038 0.0387 0.2584 -0.8054 0.0482 0.2485 -0.808 0.0576 0.2386 -0.8271 0.0612 0.2331 -0.8215 0.0143 0.2816 -0.8301 0.0235 0.2713 -0.8429 0.0309 0.2624 -0.8589 0.0373 0.2543 -0.8508 0.0222 0.2706
50.0 -0.9008 0.0048 0.2834 -0.7986 0.0094 0.2888 -0.8038 0.0387 0.2584 -0.8054 0.0482 0.2485 -0.808 0.0576 0.2386 -0.8271 0.0612 0.2331 -0.8215 0.0143 0.2816 -0.8301 0.0235 0.2713 -0.8429 0.0309 0.2624 -0.8589 0.0373 0.2543 -0.8508 0.0222 0.2706
50.0 -0.9008 0.0048 0.2834 -0.7986 0.0094 0.2888 -0.8038 0.0387 0.2584 -0.8054 0.0482 0.2485 -0.808 0.0576 0.2386 -0.8271 0.0612 0.2331 -0.8215 0.0143 0.2816 -0.8301 0.0235 0.2713 -0.8429 0.0309 0.2624 -0.8589 0.0373 0.2543 -0.8508 0.0222 0.2706
50.0 -0.9008 0.0048 0.2834 -0.7986 0.0094 0.2888 -0.8038 0.0387 0.2584 -0.8054 0.0482 0.2485 -0.808 0.0576 0.2386 -0.8271 0.0612 0.2331 -0.8215 0.0143 0.2816 -0.8301 0.0235 0.2713 -0.8429 0.0309 0.2624 -0.8589 0.0373 0.2543 -0.8508 0.0222 0.2706
50.0 -0.9008 0.0048 0.2834 -0.7986 0.0094 0.2888 -0.8038 0.0387 0.2584 -0.8054 0.0482 0.2485 -0.808 0.0576 0.2386 -0.8271 0.0612 0.2331 -0.8215 0.0143 0.2816 -0.8301 0.0235 0.2713 -0.8429 0.0309 0.2624 -0.8589 0.0373 0.2543 -0.8508 0.0222 0.2706
50.0 -0.9008 0.0048 0.2834 -0.7986 0.0094 0.2888 -0.8038 0.0387 0.2584 -0.8054 0.0482 0.2485 -0.808 0.0576 0.2386 -0.8271 0.0612 0.2331 -0.8215 0.0143 0.2816 -0.8301 0.0235 0.2713 -0.8429 0.0309 0.2624 -0.8589 0.0373 0.2543 -0.8508 0.0222 0.2706
50.0 -0.9008 0.0048 0.2834 -0.7986 0.0094 0.2888 -0.8038 0.0387 0.2584 -0.8054 0.0482 0.2485 -0.808 0.0576 0.2386 -0.8271 0.0612 0.2331 -0.8215 0.0143 0.2816 -0.8301 0.0235 0.2713 -0.8429 0.0309 0.2624 -0.8589 0.0373 0.2543 -0.8508 0.0222 0.2706
50.0 -0.9008 0.0048 0.2834 -0.7986 0.0094 0.2888 -0.8038 0.0387 0.2584 -0.8054 0.0482 0.2485 -0.808 0.0576 0.2386 -0.8271 0.0612 0.2331 -0.8215 0.0143 0.2816 -0.8301 0.0235 0.2713 -0.8429 0.0309 0.2624 -0.8589 0.0373 0.2543 -0.8508 0.0222 0.2706
50.0 -0.9008 0.0048 0.2834 -0.7986 0.0094 0.2888 -0.8038 0.0387 0.2584 -0.8054 0.0482 0.2485 -0.808 0.0576 0.2386 -0.8271 0.0612 0.2331 -0.8215 0.0143 0.2816 -0.8301 0.0235 0.2713 -0.8429 0.0309 0.2624 -0.8589 0.0373 0.2543 -0.8508 0.0222 0.2706
50.0 -0.9008 0.0048 0.2834 -0.7986 0.0094 0.2888 -0.8038 0.0387 0.2584 -0.8054 0.0482 0.2485 -0.808 0.0576 0.2386 -0.8271 0.0612 0.2331 -0.8215 0.0143 0.2816 -0.8301 0.0235 0.2713 -0.8429 0.0309 0.2624 -0.8589 0.0373 0.2543 -0.8508 0.0222 0.2706
50.0 -0.9008 0.0048 0.2834 -0.7986 0.0094 0.2888 -0.8038 0.0387 0.2584 -0.8054 0.0482 0.2485 -0.808 0.0576 0.2386 -0.8271 0.0612 0.2331 -0.8215 0.0143 0.2816 -0.8301 0.0235 0.2713 -0.8429 0.0309 0.2624 -0.8589 0.0373 0.2543 -0.8508 0.0222 0.2706
50.0 -0.9008 0.0048 0.2834 -0.7986 0.0094 0.2888 -0.8038 0.0387 0.2584 -0.8054 0.0482 0.2485 -0.808 0.0576 0.2386 -0.8271 0.0612 0.2331 -0.8215 0.0143 0.2816 -0.8301 0.0235 0.2713 -0.8429 0.0309 0.2624 -0.8589 0.0373 0.2543 -0.8508 0.0222 0.2706
50.0 -0.9008 0.0048 0.2834 -0.7986 0.0094 0.2888 -0.8038 0.0387 0.2584 -0.8054 0.0482 0.2485 -0.808 0.0576 0.2386 -0.8271 0.0612 0.2331 -0.8215 0.0143 0.2816 -0.8301 0.0235 0.2713 -0.8429 0.0309 0.2624 -0.8589 0.0373 0.2543 -0.8508 0.0222 0.2706
50.0 -0.9008 0.0048 0.2834 -0.7986 0.0094 0.2888 -0.8038 0.0387 0.2584 -0.8054 0.0482 0.2485 -0.808 0.0576 0.2386 -0.8271 0.0612 0.2331 -0.8215 0.0143 0.2816 -0.8301 0.0235 0.2713 -0.8429 0.0309 0.2624 -0.8589 0.0373 0.2543 -0.8508 0.0222 0.2706
50.0 -0.9008 0.0048 0.2834 -0.7986 0.0094 0.2888 -0.8038 0.0387 0.2584 -0.8054 0.0482 0.2485 -0.808 0.0576 0.2386 -0.8271 0.0612 0.2331 -0.8215 0.0143 0.2816 -0.8301 0.0235 0.2713 -0.8429 0.0309 0.2624 -0.8589 0.0373 0.2543 -0.8508 0.0222 0.2706
50.0 -0.9008 0.0048 0.2834 -0.7986 0.0094 0.2888 -0.8038 0.0387 0.2584 -0.8054 0.0482 0.2485 -0.808 0.0576 0.2386 -0.8271 0.0612 0.2331 -0.8215 0.0143 0.2816 -0.8301 0.0235 0.2713 -0.8429 0.0309 0.2624 -0.8589 0.0373 0.2543 -0.8508 0.0222 0.2706
50.0 -0.9008 0.0048 0.2834 -0.7986 0.0094 0.2888 -0.8038 0.0387 0.2584 -0.8054 0.0482 0.2485 -0.808 0.0576 0.2386 -0.8271 0.0612 0.2331 -0.8215 0.0143 0.2816 -0.8301 0.0235 0.2713 -0.8429 0.0309 0.2624 -0.8589 0.0373 0.2543 -0.8508 0.0222 0.2706
50.0 -0.9008 0.0048 0.2834 -0.7986 0.0094 0.2888 -0.8038 0.0387 0.2584 -0.8054 0.0482 0.2485 -0.808 0.0576 0.2386 -0.8271 0.0612 0.2331 -0.8215 0.0143 0.2816 -0.8301 0.0235 0.2713 -0.8429 0.0309 0.2624 -0.8589 0.0373 0.2543 -0.8508 0.0222 0.2706
50.0 -0.9008 0.0048 0.2834 -0.7986 0.0094 0.2888 -0.8038 0.0387 0.2584 -0.8054 0.0482 0.2485 -0.808 0.0576 0.2386 -0.8271 0.0612 0.2331 -0.8215 0.0143 0.2816 -0.8301 0.0235 0.2713 -0.8429 0.0309 0.2624 -0.8589 0.0373 0.2543 -0.8508 0.0222 0.2706
50.0 -0.9008 0.0048 0.2834 -0.7986 0.0094 0.2888 -0.8038 0.0387 0.2584 -0.8054 0.0482 0.2485 -0.808 0.0576 0.2386 -0.8271 0.0612 0.2331 -0.8215 0.0143 0.2816 -0.8301 0.0235 0.2713 -0.8429 0.0309 0.2624 -0.8589 0.0373 0.2543 -0.8508 0.0222 0.2706
50.0 -0.9008 0.0048 0.2834 -0.7986 0.0094 0.2888 -0.8038 0.0387 0.2584 -0.8054 0.0482 0.2485 -0.808 0.0576 0.2386 -0.8271 0.0612 0.2331 -0.8215 0.0143 0.2816 -0.8301 0.0235 0.2713 -0.8429 0.0309 0.2624 -0.8589 0.0373 0.2543 -0.8508 0.0222 0.2706
50.0 -0.9008 0.0048 0.2834 -0.7986 0.0094 0.2888 -0.8038 0.0387 0.2584 -0.8054 0.0482 0.2485 -0.808 0.0576 0.2386 -0.8271 0.0612 0.2331 -0.8215 0.0143 0.2816 -0.8301 0.0235 0.2713 -0.8429 0.0309 0.2624 -0.8589 0.0373 0.2543 -0.8508 0.0222 0.2706
50.0 -0.9008 0.0048 0.2834 -0.7986 0.0094 0.2888 -0.8038 0.0387 0.2584 -0.8054 0.0482 0.2485 -0.808 0.0576 0.2386 -0.8271 0.0612 0.2331 -0.8215 0.0143 0.2816 -0.8301 0.0235 0.2713 -0.8429 0.0309 0.2624 -0.8589 0.0373 0.2543 -0.8508 0.0222 0.2706
50.0 -0.9008 0.0048 0.2834 -0.7986 0.0094 0.2888 -0.8038 0.0387 0.2584 -0.8054 0.0482 0.2485 -0.808 0.0576 0.2386 -0.8271 0.0612 0.2331 -0.8215 0.0143 0.2816 -0.8301 0.0235 0.2713 -0.8429 0.0309 0.2624 -0.8589 0.0373 0.2543 -0.8508 0.0222 0.2706
50.0 -0.9008 0.0048 0.2834 -0.7986 0.0094 0.2888 -0.8038 0.0387 0.2584 -0.8054 0.0482 0.2485 -0.808 0.0576 0.2386 -0.8271 0.0612 0.2331 -0.8215 0.0143 0.2816 -0.8301 0.0235 0.2713 -0.8429 0.0309 0.2624 -0.8589 0.0373 0.2543 -0.8508 0.0222 0.2706
50.0 -0.9008 0.0048 0.2834 -0.7986 0.0094 0.2888 -0.8038 0.0387 0.2584 -0.8054 0.0482 0.2485 -0.808 0.0576 0.2386 -0.8271 0.0612 0.2331 -0.8215 0.0143 0.2816 -0.8301 0.0235 0.2713 -0.8429 0.0309 0.2624 -0.8589 0.0373 0.2543 -0.8508 0.0222 0.2706
50.0 -0.9008 0.0048 0.2834 -0.7986 0.0094 0.2888 -0.8038 0.0387 0.2584 -0.8054 0.0482 0.2485 -0.808 0.0576 0.2386 -0.8271 0.0612 0.2331 -0.8215 0.0143 0.2816 -0.8301 0.0235 0.2713 -0.8429 0.0309 0.2624 -0.8589 0.0373 0.2543 -0.8508 0.0222 0.2706
50.0 -0.9008 0.0048 0.2834 -0.7986 0.0094 0.2888 -0.8038 0.0387 0.2584 -0.8054 0.0482 0.2485 -0.808 0.0576 0.2386 -0.8271 0.0612 0.2331 -0.8215 0.0143 0.2816 -0.8301 0.0235 0.2713 -0.8429 0.0309 0.2624 -0.8589 0.0373 0.2543 -0.8508 0.0222 0.2706
50.0 -0.9008 0.0048 0.2834 -0.7986 0.0094 0.2888 -0.8038 0.0387 0.2584 -0.8054 0.0482 0.2485 -0.808 0.0576 0.2386 -0.8271 0.0612 0.2331 -0.8215 0.0143 0.2816 -0.8301 0.0235 0.2713 -0.8429 0.0309 0.2624 -0.8589 0.0373 0.2543 -0.8508 0.0222 0.2706
50.0 -0.9008 0.0048 0.2834 -0.7986 0.0094 0.2888 -0.8038 0.0387 0.2584 -0.8054 0.0482 0.2485 -0.808 0.0576 0.2386 -0.8271 0.0612 0.2331 -0.8215 0.0143 0.2816 -0.8301 0.0235 0.2713 -0.8429 0.0309 0.2624 -0.8589 0.0373 0.2543 -0.8508 0.0222 0.2706
50.0 -0.9008 0.0048 0.2834 -0.7986 0.0094 0.2888 -0.8038 0.0387 0.2584 -0.8054 0.0482 0.2485 -0.808 0.0576 0.2386 -0.8271 0.0612 0.2331 -0.8215 0.0143 0.2816 -0.8301 0.0235 0.2713 -0.8429 0.0309 0.2624 -0.8589 0.0373 0.2543 -0.8508 0.0222 0.2706
50.0 -0.9008 0.0048 0.2834 -0.7986 0.0094 0.2888 -0.8038 0.0387 0.2584 -0.8054 0.0482 0.2485 -0.808 0.0576 0.2386 -0.8271 0.0612 0.2331 -0.8215 0.0143 0.2816 -0.8301 0.0235 0.2713 -0.8429 0.0309 0.2624 -0.8589 0.0373 0.2543 -0.8508 0.0222 0.2706
50.0 -0.9008 0.0048 0.2834 -0.7986 0.0094 0.2888 -0.8038 0.0387 0.2584 -0.8054 0.0482 0.2485 -0.808 0.0576 0.2386 -0.8271 0.0612 0.2331 -0.8215 0.0143 0.2816 -0.8301 0.0235 0.2713 -0.8429 0.0309 0.2624 -0.8589 0.0373 0.2543 -0.8508 0.0222 0.2706
50.0 -0.9008 0.0048 0.2834 -0.7986 0.0094 0.2888 -0.8038 0.0387 0.2584 -0.8054 0.0482 0.2485 -0.808 0.0576 0.2386 -0.8271 0.0612 0.2331 -0.8215 0.0143 0.2816 -0.8301 0.0235 0.2713 -0.8429 0.0309 0.2624 -0.8589 0.0373 0.2543 -0.8508 0.0222 0.2706
50.0 -0.9008 0.0048 0.2834 -0.7986 0.0094 0.2888 -0.8038 0.0387 0.2584 -0.8054 0.0482 0.2485 -0.808 0.0576 0.2386 -0.8271 0.0612 0.2331 -0.8215 0.0143 0.2816 -0.8301 0.0235 0.2713 -0.8429 0.0309 0.2624 -0.8589 0.0373 0.2543 -0.8508 0.0222 0.2706
50.0 -0.9008 0.0048 0.2834 -0.7986 0.0094 0.2888 -0.8038 0.0387 0.2584 -0.8054 0.0482 0.2485 -0.808 0.0576 0.2386 -0.8271 0.0612 0.2331 -0.8215 0.0143 0.2816 -0.8301 0.0235 0.2713 -0.8429 0.0309 0.2624 -0.8589 0.0373 0.2543 -0.8508 0.0222 0.2706
50.0 -0.9008 0.0048 0.2834 -0.7986 0.0094 0.2888 -0.8038 0.0387 0.2584 -0.8054 0.0482 0.2485 -0.808 0.0576 0.2386 -0.8271 0.0612 0.2331 -0.8215 0.0143 0.2816 -0.8301 0.0235 0.2713 -0.8429 0.0309 0.2624 -0.8589 0.0373 0.2543 -0.8508 0.0222 0.2706
50.0 -0.9008 0.0048 0.2834 -0.7986 0.0094 0.2888 -0.8038 0.0387 0.2584 -0.8054 0.0482 0.2485 -0.808 0.0576 0.2386 -0.8271 0.0612 0.2331 -0.8215 0.0143 0.2816 -0.8301 0.0235 0.2713 -0.8429 0.0309 0.2624 -0.8589 0.0373 0.2543 -0.8508 0.0222 0.2706
50.0 -0.9008 0.0048 0.2834 -0.7986 0.0094 0.2888 -0.8038 0.0387 0.2584 -0.8054 0.0482 0.2485 -0.808 0.0576 0.2386 -0.8271 0.0612 0.2331 -0.8215 0.0143 0.2816 -0.8301 0.0235 0.2713 -0.8429 0.0309 0.2624 -0.8589 0.0373 0.2543 -0.8508 0.0222 0.2706
50.0 -0.9008 0.0048 0.2834 -0.7986 0.0094 0.2888 -0.8038 0.0387 0.2584 -0.8054 0.0482 0.2485 -0.808 0.0576 0.2386 -0.8271 0.0612 0.2331 -0.8215 0.0143 0.2816 -0.8301 0.0235 0.2713 -0.8429 0.0309 0.2624 -0.8589 0.0373 0.2543 -0.8508 0.0222 0.2706
50.0 -0.9008 0.0048 0.2834 -0.7986 0.0094 0.2888 -0.8038 0.0387 0.2584 -0.8054 0.0482 0.2485 -0.808 0.0576 0.2386 -0.8271 0.0612 0.2331 -0.8215 0.0143 0.2816 -0.8301 0.0235 0.2713 -0.8429 0.0309 0.2624 -0.8589 0.0373 0.2543 -0.8508 0.0222 0.2706
50.0 -0.9008 0.0048 0.2834 -0.7986 0.0094 0.2888 -0.8038 0.0387 0.2584 -0.8054 0.0482 0.2485 -0.808 0.0576 0.2386 -0.8271 0.0612 0.2331 -0.8215 0.0143 0.2816 -0.8301 0.0235 0.2713 -0.8429 0.0309 0.2624 -0.8589 0.0373 0.2543 -0.8508 0.0222 0.2706
50.0 -0.9008 0.0048 0.2834 -0.7986 0.0094 0.2888 -0.8038 0.0387 0.2584 -0.8054 0.0482 0.2485 -0.808 0.0576 0.2386 -0.8271 0.0612 0.2331 -0.8215 0.0143 0.2816 -0.8301 0.0235 0.2713 -0.8429 0.0309 0.2624 -0.8589 0.0373 0.2543 -0.8508 0.0222 0.2706
50.0 -0.9008 0.0048 0.2834 -0.7986 0.0094 0.2888 -0.8038 0.0387 0.2584 -0.8054 0.0482 0.2485 -0.808 0.0576 0.2386 -0.8271 0.0612 0.2331 -0.8215 0.0143 0.2816 -0.8301 0.0235 0.2713 -0.8429 0.0309 0.2624 -0.8589 0.0373 0.2543 -0.8508 0.0222 0.2706
50.0 -0.9008 0.0048 0.2834 -0.7986 0.0094 0.2888 -0.8038 0.0387 0.2584 -0.8054 0.0482 0.2485 -0.808 0.0576 0.2386 -0.8271 0.0612 0.2331 -0.8215 0.0143 0.2816 -0.8301 0.0235 0.2713 -0.8429 0.0309 0.2624 -0.8589 0.0373 0.2543 -0.8508 0.0222 0.2706
50.0 -0.9008 0.0048 0.2834 -0.7986 0.0094 0.2888 -0.8038 0.0387 0.2584 -0.8054 0.0482 0.2485 -0.808 0.0576 0.2386 -0.8271 0.0612 0.2331 -0.8215 0.0143 0.2816 -0.8301 0.0235 0.2713 -0.8429 0.0309 0.2624 -0.8589 0.0373 0.2543 -0.8508 0.0222 0.2706
50.0 -0.9008 0.0048 0.2834 -0.7986 0.0094 0.2888 -0.8038 0.0387 0.2584 -0.8054 0.0482 0.2485 -0.808 0.0576 0.2386 -0.8271 0.0612 0.2331 -0.8215 0.0143 0.2816 -0.8301 0.0235 0.2713 -0.8429 0.0309 0.2624 -0.8589 0.0373 0.2543 -0.8508 0.0222 0.2706
50.0 -0.9008 0.0048 0.2834 -0.7986 0.0094 0.2888 -0.8038 0.0387 0.2584 -0.8054 0.0482 0.2485 -0.808 0.0576 0.2386 -0.8271 0.0612 0.2331 -0.8215 0.0143 0.2816 -0.8301 0.0235 0.2713 -0.8429 0.0309 0.2624 -0.8589 0.0373 0.2543 -0.8508 0.0222 0.2706
50.0 -0.9008 0.0048 0.2834 -0.7986 0.0094 0.2888 -0.8038 0.0387 0.2584 -0.8054 0.0482 0.2485 -0.808 0.0576 0.2386 -0.8271 0.0612 0.2331 -0.8215 0.0143 0.2816 -0.8301 0.0235 0.2713 -0.8429 0.0309 0.2624 -0.8589 0.0373 0.2543 -0.8508 0.0222 0.2706
50.0 -0.9008 0.0048 0.2834 -0.7986 0.0094 0.2888 -0.8038 0.0387 0.2584 -0.8054 0.0482 0.2485 -0.808 0.0576 0.2386 -0.8271 0.0612 0.2331 -0.8215 0.0143 0.2816 -0.8301 0.0235 0.2713 -0.8429 0.0309 0.2624 -0.8589 0.0373 0.2543 -0.8508 0.0222 0.2706
50.0 -0.9008 0.0048 0.2834 -0.7986 0.0094 0.2888 -0.8038 0.0387 0.2584 -0.8054 0.0482 0.2485 -0.808 0.0576 0.2386 -0.8271 0.0612 0.2331 -0.8215 0.0143 0.2816 -0.8301 0.0235 0.2713 -0.8429 0.0309 0.2624 -0.8589 0.0373 0.2543 -0.8508 0.0222 0.2706
50.0 -0.9008 0.0048 0.2834 -0.7986 0.0094 0.2888 -0.8038 0.0387 0.2584 -0.8054 0.0482 0.2485 -0.808 0.0576 0.2386 -0.8271 0.0612 0.2331 -0.8215 0.0143 0.2816 -0.8301 0.0235 0.2713 -0.8429 0.0309 0.2624 -0.8589 0.0373 0.2543 -0.8508 0.0222 0.2706
50.0 -0.9008 0.0048 0.2834 -0.7986 0.0094 0.2888 -0.8038 0.0387 0.2584 -0.8054 0.0482 0.2485 -0.808 0.0576 0.2386 -0.8271 0.0612 0.2331 -0.8215 0.0143 0.2816 -0.8301 0.0235 0.2713 -0.8429 0.0309 0.2624 -0.8589 0.0373 0.2543 -0.8508 0.0222 0.2706
50.0 -0.9008 0.0048 0.2834 -0.7986 0.0094 0.2888 -0.8038 0.0387 0.2584 -0.8054 0.0482 0.2485 -0.808 0.0576 0.2386 -0.8271 0.0612 0.2331 -0.8215 0.0143 0.2816 -0.8301 0.0235 0.2713 -0.8429 0.0309 0.2624 -0.8589 0.0373 0.2543 -0.8508 0.0222 0.2706
50.0 -0.9008 0.0048 0.2834 -0.7986 0.0094 0.2888 -0.8038 0.0387 0.2584 -0.8054 0.0482 0.2485 -0.808 0.0576 0.2386 -0.8271 0.0612 0.2331 -0.8215 0.0143 0.2816 -0.8301 0.0235 0.2713 -0.8429 0.0309 0.2624 -0.8589 0.0373 0.2543 -0.8508 0.0222 0.2706
50.0 -0.9008 0.0048 0.2834 -0.7986 0.0094 0.2888 -0.8038 0.0387 0.2584 -0.8054 0.0482 0.2485 -0.808 0.0576 0.2386 -0.8271 0.0612 0.2331 -0.8215 0.0143 0.2816 -0.8301 0.0235 0.2713 -0.8429 0.0309 0.2624 -0.8589 0.0373 0.2543 -0.8508 0.0222 0.2706
50.0 -0.9008 0.0048 0.2834 -0.7986 0.0094 0.2888 -0.8038 0.0387 0.2584 -0.8054 0.0482 0.2485 -0.808 0.0576 0.2386 -0.8271 0.0612 0.2331 -0.8215 0.0143 0.2816 -0.8301 0.0235 0.2713 -0.8429 0.0309 0.2624 -0.8589 0.0373 0.2543 -0.8508 0.0222 0.2706
50.0 -0.9008 0.0048 0.2834 -0.7986 0.0094 0.2888 -0.8038 0.0387 0.2584 -0.8054 0.0482 0.2485 -0.808 0.0576 0.2386 -0.8271 0.0612 0.2331 -0.8215 0.0143 0.2816 -0.8301 0.0235 0.2713 -0.8429 0.0309 0.2624 -0.8589 0.0373 0.2543 -0.8508 0.0222 0.2706
50.0 -0.9008 0.0048 0.2834 -0.7986 0.0094 0.2888 -0.8038 0.0387 0.2584 -0.8054 0.0482 0.2485 -0.808 0.0576 0.2386 -0.8271 0.0612 0.2331 -0.8215 0.0143 0.2816 -0.8301 0.0235 0.2713 -0.8429 0.0309 0.2624 -0.8589 0.0373 0.2543 -0.8508 0.0222 0.2706
50.0 -0.9008 0.0048 0.2834 -0.7986 0.0094 0.2888 -0.8038 0.0387 0.2584 -0.8054 0.0482 0.2485 -0.808 0.0576 0.2386 -0.8271 0.0612 0.2331 -0.8215 0.0143 0.2816 -0.8301 0.0235 0.2713 -0.8429 0.0309 0.2624 -0.8589 0.0373 0.2543 -0.8508 0.0222 0.2706
50.0 -0.9008 0.0048 0.2834 -0.7986 0.0094 0.2888 -0.8038 0.0387 0.2584 -0.8054 0.0482 0.2485 -0.808 0.0576 0.2386 -0.8271 0.0612 0.2331 -0.8215 0.0143 0.2816 -0.8301 0.0235 0.2713 -0.8429 0.0309 0.2624 -0.8589 0.0373 0.2543 -0.8508 0.0222 0.2706
50.0 -0.9008 0.0048 0.2834 -0.7986 0.0094 0.2888 -0.8038 0.0387 0.2584 -0.8054 0.0482 0.2485 -0.808 0.0576 0.2386 -0.8271 0.0612 0.2331 -0.8215 0.0143 0.2816 -0.8301 0.0235 0.2713 -0.8429 0.0309 0.2624 -0.8589 0.0373 0.2543 -0.8508 0.0222 0.2706
50.0 -0.9008 0.0048 0.2834 -0.7986 0.0094 0.2888 -0.8038 0.0387 0.2584 -0.8054 0.0482 0.2485 -0.808 0.0576 0.2386 -0.8271 0.0612 0.2331 -0.8215 0.0143 0.2816 -0.8301 0.0235 0.2713 -0.8429 0.0309 0.2624 -0.8589 0.0373 0.2543 -0.8508 0.0222 0.2706
50.0 -0.9008 0.0048 0.2834 -0.7986 0.0094 0.2888 -0.8038 0.0387 0.2584 -0.8054 0.0482 0.2485 -0.808 0.0576 0.2386 -0.8271 0.0612 0.2331 -0.8215 0.0143 0.2816 -0.8301 0.0235 0.2713 -0.8429 0.0309 0.2624 -0.8589 0.0373 0.2543 -0.8508 0.0222 0.2706
50.0 -0.9008 0.0048 0.2834 -0.7986 0.0094 0.2888 -0.8038 0.0387 0.2584 -0.8054 0.0482 0.2485 -0.808 0.0576 0.2386 -0.8271 0.0612 0.2331 -0.8215 0.0143 0.2816 -0.8301 0.0235 0.2713 -0.8429 0.0309 0.2624 -0.8589 0.0373 0.2543 -0.8508 0.0222 0.2706
50.0 -0.9008 0.0048 0.2834 -0.7986 0.0094 0.2888 -0.8038 0.0387 0.2584 -0.8054 0.0482 0.2485 -0.808 0.0576 0.2386 -0.8271 0.0612 0.2331 -0.8215 0.0143 0.2816 -0.8301 0.0235 0.2713 -0.8429 0.0309 0.2624 -0.8589 0.0373 0.2543 -0.8508 0.0222 0.2706
50.0 -0.9008 0.0048 0.2834 -0.7986 0.0094 0.2888 -0.8038 0.0387 0.2584 -0.8054 0.0482 0.2485 -0.808 0.0576 0.2386 -0.8271 0.0612 0.2331 -0.8215 0.0143 0.2816 -0.8301 0.0235 0.2713 -0.8429 0.0309 0.2624 -0.8589 0.0373 0.2543 -0.8508 0.0222 0.2706
50.0 -0.9008 0.0048 0.2834 -0.7986 0.0094 0.2888 -0.8038 0.0387 0.2584 -0.8054 0.0482 0.2485 -0.808 0.0576 0.2386 -0.8271 0.0612 0.2331 -0.8215 0.0143 0.2816 -0.8301 0.0235 0.2713 -0.8429 0.0309 0.2624 -0.8589 0.0373 0.2543 -0.8508 0.0222 0.2706
50.0 -0.9008 0.0048 0.2834 -0.7986 0.0094 0.2888 -0.8038 0.0387 0.2584 -0.8054 0.0482 0.2485 -0.808 0.0576 0.2386 -0.8271 0.0612 0.2331 -0.8215 0.0143 0.2816 -0.8301 0.0235 0.2713 -0.8429 0.0309 0.2624 -0.8589 0.0373 0.2543 -0.8508 0.0222 0.2706
50.0 -0.9008 0.0048 0.2834 -0.7986 0.0094 0.2888 -0.8038 0.0387 0.2584 -0.8054 0.0482 0.2485 -0.808 0.0576 0.2386 -0.8271 0.0612 0.2331 -0.8215 0.0143 0.2816 -0.8301 0.0235 0.2713 -0.8429 0.0309 0.2624 -0.8589 0.0373 0.2543 -0.8508 0.0222 0.2706
50.0 -0.9008 0.0048 0.2834 -0.7986 0.0094 0.2888 -0.8038 0.0387 0.2584 -0.8054 0.0482 0.2485 -0.808 0.0576 0.2386 -0.8271 0.0612 0.2331 -0.8215 0.0143 0.2816 -0.8301 0.0235 0.2713 -0.8429 0.0309 0.2624 -0.8589 0.0373 0.2543 -0.8508 0.0222 0.2706
50.0 -0.9008 0.0048 0.2834 -0.7986 0.0094 0.2888 -0.8038 0.0387 0.2584 -0.8054 0.0482 0.2485 -0.808 0.0576 0.2386 -0.8271 0.0612 0.2331 -0.8215 0.0143 0.2816 -0.8301 0.0235 0.2713 -0.8429 0.0309 0.2624 -0.8589 0.0373 0.2543 -0.8508 0.0222 0.2706
50.0 -0.9008 0.0048 0.2834 -0.7986 0.0094 0.2888 -0.8038 0.0387 0.2584 -0.8054 0.0482 0.2485 -0.808 0.0576 0.2386 -0.8271 0.0612 0.2331 -0.8215 0.0143 0.2816 -0.8301 0.0235 0.2713 -0.8429 0.0309 0.2624 -0.8589 0.0373 0.2543 -0.8508 0.0222 0.2706
50.0 -0.9008 0.0048 0.2834 -0.7986 0.0094 0.2888 -0.8038 0.0387 0.2584 -0.8054 0.0482 0.2485 -0.808 0.0576 0.2386 -0.8271 0.0612 0.2331 -0.8215 0.0143 0.2816 -0.8301 0.0235 0.2713 -0.8429 0.0309 0.2624 -0.8589 0.0373 0.2543 -0.8508 0.0222 0.2706
50.0 -0.9008 0.0048 0.2834 -0.7986 0.0094 0.2888 -0.8038 0.0387 0.2584 -0.8054 0.0482 0.2485 -0.808 0.0576 0.2386 -0.8271 0.0612 0.2331 -0.8215 0.0143 0.2816 -0.8301 0.0235 0.2713 -0.8429 0.0309 0.2624 -0.8589 0.0373 0.2543 -0.8508 0.0222 0.2706
50.0 -0.9008 0.0048 0.2834 -0.7986 0.0094 0.2888 -0.8038 0.0387 0.2584 -0.8054 0.0482 0.2485 -0.808 0.0576 0.2386 -0.8271 0.0612 0.2331 -0.8215 0.0143 0.2816 -0.8301 0.0235 0.2713 -0.8429 0.0309 0.2624 -0.8589 0.0373 0.2543 -0.8508 0.0222 0.2706
50.0 -0.9008 0.0048 0.2834 -0.7986 0.0094 0.2888 -0.8038 0.0387 0.2584 -0.8054 0.0482 0.2485 -0.808 0.0576 0.2386 -0.8271 0.0612 0.2331 -0.8215 0.0143 0.2816 -0.8301 0.0235 0.2713 -0.8429 0.0309 0.2624 -0.8589 0.0373 0.2543 -0.8508 0.0222 0.2706
50.0 -0.9008 0.0048 0.2834 -0.7986 0.0094 0.2888 -0.8038 0.0387 0.2584 -0.8054 0.0482 0.2485 -0.808 0.0576 0.2386 -0.8271 0.0612 0.2331 -0.8215 0.0143 0.2816 -0.8301 0.0235 0.2713 -0.8429 0.0309 0.2624 -0.8589 0.0373 0.2543 -0.8508 0.0222 0.2706
50.0 -0.9008 0.0048 0.2834 -0.7986 0.0094 0.2888 -0.8038 0.0387 0.2584 -0.8054 0.0482 0.2485 -0.808 0.0576 0.2386 -0.8271 0.0612 0.2331 -0.8215 0.0143 0.2816 -0.8301 0.0235 0.2713 -0.8429 0.0309 0.2624 -0.8589 0.0373 0.2543 -0.8508 0.0222 0.2706
50.0 -0.9008 0.0048 0.2834 -0.7986 0.0094 0.2888 -0.8038 0.0387 0.2584 -0.8054 0.0482 0.2485 -0.808 0.0576 0.2386 -0.8271 0.0612 0.2331 -0.8215 0.0143 0.2816 -0.8301 0.0235 0.2713 -0.8429 0.0309 0.2624 -0.8589 0.0373 0.2543 -0.8508 0.0222 0.2706
50.0 -0.9008 0.0048 0.2834 -0.7986 0.0094 0.2888 -0.8038 0.0387 0.2584 -0.8054 0.0482 0.2485 -0.808 0.0576 0.2386 -0.8271 0.0612 0.2331 -0.8215 0.0143 0.2816 -0.8301 0.0235 0.2713 -0.8429 0.0309 0.2624 -0.8589 0.0373 0.2543 -0.8508 0.0222 0.2706
50.0 -0.9008 0.0048 0.2834 -0.7986 0.0094 0.2888 -0.8038 0.0387 0.2584 -0.8054 0.0482 0.2485 -0.808 0.0576 0.2386 -0.8271 0.0612 0.2331 -0.8215 0.0143 0.2816 -0.8301 0.0235 0.2713 -0.8429 0.0309 0.2624 -0.8589 0.0373 0.2543 -0.8508 0.0222 0.2706
133.0 -0.8865 -0.011 0.3009 -0.8793 0.0132 0.2769 -0.82 0.031 0.2646 -0.8025 0.0315 0.2658 -0.8015 0.0255 0.272 -0.8 0.0172 0.2807 -0.8279 0.0207 0.2743 -0.8129 0.0154 0.2812 -0.8055 0.0085 0.2891 -0.8038 -0.0011 0.299 -0.8273 0.0065 0.2889
134.0 -0.9006 -0.0159 0.3046 -0.7964 -0.0031 0.3018 -0.8027 0.0327 0.2646 -0.8048 0.0446 0.2522 -0.8064 0.0536 0.2429 -0.8281 0.0519 0.2425 -0.8148 0.0011 0.2957 -0.8261 0.0106 0.2849 -0.8423 0.0176 0.2761 -0.8626 0.0228 0.2688 -0.8493 0.0072 0.286
135.0 -0.9059 -0.016 0.3042 -0.7966 -0.0019 0.3006 -0.8024 0.0309 0.2665 -0.8044 0.0422 0.2547 -0.8079 0.0522 0.2442 -0.8354 0.0484 0.2452 -0.8246 0.0022 0.2935 -0.8367 0.011 0.2834 -0.8528 0.0174 0.2753 -0.8721 0.0221 0.2685 -0.8584 0.0073 0.285
136.0 -0.9135 -0.0177 0.3051 -0.7963 -0.0037 0.3024 -0.8018 0.0273 0.2702 -0.8041 0.0405 0.2565 -0.8151 0.0481 0.2476 -0.8473 0.0462 0.2463 -0.8362 -0.0024 0.2971 -0.8484 0.007 0.2863 -0.8645 0.014 0.2776 -0.8848 0.0192 0.2703 -0.8695 0.004 0.2873
137.0 -0.9238 -0.0191 0.3055 -0.8056 -0.0062 0.304 -0.8019 0.0279 0.2696 -0.8083 0.0393 0.2573 -0.8261 0.0454 0.2493 -0.8584 0.0441 0.2474 -0.8475 -0.0027 0.2963 -0.8588 0.0062 0.2861 -0.8741 0.0133 0.2773 -0.8925 0.0181 0.2706 -0.8794 0.0032 0.2872
138.0 -0.9369 -0.0196 0.3048 -0.8144 -0.0061 0.3031 -0.8153 0.0243 0.2719 -0.8212 0.0375 0.2578 -0.8382 0.0444 0.2491 -0.8701 0.0407 0.2497 -0.861 -0.0063 0.2987 -0.8723 0.0031 0.2879 -0.8876 0.0102 0.2791 -0.907 0.0156 0.2718 -0.893 0.0006 0.2884
139.0 -0.969 -0.0221 0.3041 -0.857 -0.0137 0.3067 -0.8518 0.0169 0.2759 -0.8569 0.0309 0.2611 -0.873 0.0373 0.2529 -0.9034 0.035 0.2523 -0.8987 -0.012 0.3008 -0.9093 -0.0018 0.2893 -0.9238 0.006 0.2799 -0.9414 0.0109 0.2731 -0.9284 -0.0038 0.2894
140.0 -0.9829 -0.0234 0.304 -0.8686 -0.0177 0.3096 -0.8644 0.0134 0.2782 -0.8677 0.027 0.264 -0.8849 0.035 0.254 -0.9156 0.0346 0.2515 -0.9116 -0.0138 0.3013 -0.9213 -0.0035 0.2898 -0.9359 0.0043 0.2804 -0.9527 0.01 0.2729 -0.9409 -0.0053 0.2897
141.0 -0.9952 -0.0232 0.3027 -0.8825 -0.019 0.3095 -0.8766 0.0123 0.2781 -0.88 0.0271 0.2626 -0.8962 0.0341 0.2538 -0.9268 0.033 0.2519 -0.9228 -0.0147 0.3011 -0.9326 -0.0044 0.2896 -0.9471 0.0034 0.2802 -0.9648 0.009 0.2727 -0.9525 -0.006 0.2893
142.0 -1.006 -0.0222 0.3006 -0.8938 -0.0199 0.3093 -0.8878 0.0114 0.2779 -0.8921 0.0255 0.2631 -0.9075 0.0332 0.2537 -0.9365 0.033 0.251 -0.9356 -0.017 0.3022 -0.9446 -0.006 0.2901 -0.9576 0.0026 0.28 -0.973 0.0103 0.2706 -0.9633 -0.0065 0.2887
143.0 -1.0183 -0.0221 0.2992 -0.9076 -0.0212 0.3092 -0.9005 0.0085 0.2796 -0.9023 0.0235 0.2641 -0.9169 0.0319 0.254 -0.9458 0.0311 0.252 -0.9471 -0.0167 0.3008 -0.956 -0.0063 0.2893 -0.968 0.0018 0.2797 -0.9841 0.0088 0.271 -0.9747 -0.0069 0.288
144.0 -1.0295 -0.0236 0.2996 -0.9175 -0.0201 0.3071 -0.911 0.0083 0.2788 -0.9128 0.0233 0.2632 -0.9265 0.0313 0.2538 -0.9563 0.0309 0.2512 -0.9575 -0.0175 0.3006 -0.9655 -0.007 0.289 -0.9776 0.0018 0.2789 -0.9928 0.0083 0.2707 -0.9846 -0.0076 0.2878
145.0 -1.0392 -0.0237 0.2987 -0.9294 -0.0223 0.3082 -0.9222 0.0068 0.2792 -0.9222 0.0221 0.2636 -0.9351 0.0301 0.2541 -0.9643 0.031 0.2502 -0.9688 -0.0184 0.3004 -0.9768 -0.0079 0.2888 -0.9888 0.0002 0.2793 -1.0032 0.0069 0.2711 -0.9953 -0.0086 0.2877
146.0 -1.05 -0.0221 0.296 -0.9391 -0.0224 0.3073 -0.9318 0.0061 0.279 -0.9317 0.0208 0.264 -0.9455 0.0293 0.2539 -0.9736 0.0292 0.2512 -0.9792 -0.0192 0.3002 -0.9864 -0.0086 0.2886 -0.9985 0.0002 0.2784 -1.0137 0.0067 0.2703 -1.0055 -0.0086 0.2867
147.0 -1.0617 -0.0206 0.2934 -0.9504 -0.0233 0.3072 -0.9405 0.0055 0.2787 -0.9405 0.0208 0.2631 -0.9541 0.0281 0.2542 -0.9821 0.0274 0.2522 -0.9889 -0.0193 0.2993 -0.996 -0.0087 0.2877 -1.0073 0.0002 0.2775 -1.0216 0.0068 0.2693 -1.0151 -0.0083 0.2854
148.0 -1.0737 -0.0222 0.2938 -0.9598 -0.0246 0.3075 -0.95 0.0049 0.2784 -0.9502 0.0207 0.2622 -0.9637 0.0275 0.254 -0.9917 0.0267 0.2519 -0.9979 -0.0181 0.2971 -1.0049 -0.008 0.2862 -1.0162 0.0008 0.276 -1.0306 0.008 0.2672 -1.0247 -0.0079 0.2841
149.0 -1.0798 -0.0224 0.2934 -0.9694 -0.0252 0.3073 -0.9573 0.0063 0.2762 -0.9589 0.0202 0.2619 -0.9733 0.0274 0.2531 -0.9994 0.0257 0.2522 -1.0058 -0.0179 0.2962 -1.0131 -0.0067 0.284 -1.0243 0.0022 0.2738 -1.0387 0.0088 0.2656 -1.0324 -0.0072 0.2826
150.0 -1.0872 -0.0204 0.2906 -0.9802 -0.0236 0.3046 -0.9695 0.0053 0.276 -0.9686 0.0207 0.2604 -0.9814 0.0281 0.2515 -1.0046 0.0299 0.2474 -1.0179 -0.0196 0.2967 -1.0243 -0.0082 0.2844 -1.0347 0.0014 0.2736 -1.0459 0.0096 0.264 -1.042 -0.0074 0.2819
151.0 -1.0961 -0.0197 0.2891 -0.989 -0.0236 0.3037 -0.9775 0.006 0.2745 -0.9785 0.0218 0.2583 -0.9903 0.0288 0.25 -1.0142 0.0298 0.2466 -1.0267 -0.0195 0.2958 -1.0331 -0.0082 0.2835 -1.0434 0.0008 0.2733 -1.0552 0.0078 0.265 -1.0509 -0.0078 0.2813
152.0 -1.1078 -0.0183 0.2864 -1.0014 -0.0234 0.3023 -0.9857 0.0074 0.2723 -0.9855 0.0215 0.2579 -1.0018 0.029 0.2486 -1.0295 0.0265 0.2484 -1.0366 -0.0184 0.2936 -1.0429 -0.0071 0.2814 -1.0533 0.0019 0.2712 -1.0651 0.0089 0.2629 -1.0611 -0.0066 0.2791
153.0 -1.1188 -0.0161 0.2831 -1.0112 -0.0223 0.3001 -0.9958 0.0048 0.2739 -0.9947 0.019 0.2595 -1.006 0.0279 0.2494 -1.0343 0.0289 0.2455 -1.0453 -0.019 0.2933 -1.0507 -0.0081 0.2817 -1.0601 0.0004 0.2721 -1.0727 0.0072 0.2638 -1.0695 -0.0071 0.2788
154.0 -1.1259 -0.0158 0.2821 -1.0202 -0.0211 0.298 -1.0056 0.0059 0.2718 -1.0055 0.02 0.2575 -1.0167 0.0289 0.2473 -1.0456 0.028 0.2453 -1.0552 -0.0173 0.2906 -1.0605 -0.007 0.2796 -1.0708 0.0014 0.27 -1.0835 0.0082 0.2617 -1.0792 -0.0061 0.2768
155.0 -1.1332 -0.0144 0.2799 -1.0299 -0.0212 0.2971 -1.0154 0.0064 0.2703 -1.0145 0.0212 0.2553 -1.0272 0.0287 0.2464 -1.0529 0.0295 0.2431 -1.0665 -0.0182 0.2904 -1.0719 -0.0073 0.2788 -1.0814 0.0018 0.2685 -1.0926 0.0101 0.259 -1.0891 -0.0056 0.2753
156.0 -1.1396 -0.0128 0.2776 -1.0422 -0.0216 0.2964 -1.0259 0.0062 0.2695 -1.0249 0.0204 0.2551 -1.0386 0.0283 0.2456 -1.0636 0.0305 0.241 -1.078 -0.0179 0.289 -1.0835 -0.0064 0.2767 -1.0923 0.0034 0.2658 -1.1025 0.0118 0.2562 -1.0992 -0.0044 0.2731
157.0 -1.1475 -0.0126 0.2767 -1.0521 -0.0199 0.2936 -1.0339 0.0064 0.2686 -1.0337 0.0205 0.2542 -1.0465 0.0285 0.2447 -1.0699 0.0314 0.2393 -1.087 -0.0167 0.2868 -1.0932 -0.0065 0.2758 -1.1019 0.0033 0.2649 -1.1122 0.0117 0.2553 -1.1084 -0.0042 0.2719
158.0 -1.159 -0.0123 0.2753 -1.0609 -0.0199 0.2927 -1.0418 0.0065 0.2676 -1.041 0.0219 0.252 -1.0546 0.0292 0.2431 -1.0786 0.0309 0.2391 -1.0969 -0.0156 0.2847 -1.1032 -0.0048 0.2731 -1.112 0.0056 0.2616 -1.1222 0.0134 0.2526 -1.1187 -0.0027 0.2695
159.0 -1.1696 -0.0119 0.2738 -1.0706 -0.02 0.2918 -1.0522 0.0057 0.2674 -1.0522 0.0204 0.2524 -1.0648 0.0272 0.2441 -1.0893 0.0313 0.2376 -1.1065 -0.0156 0.2839 -1.112 -0.0048 0.2722 -1.1199 0.0052 0.2613 -1.13 0.0129 0.2523 -1.1276 -0.0029 0.2687
160.0 -1.1759 -0.0116 0.2728 -1.0802 -0.0206 0.2916 -1.0601 0.0053 0.2671 -1.0628 0.0208 0.2509 -1.073 0.0292 0.2413 -1.097 0.0302 0.2379 -1.1147 -0.0143 0.2817 -1.1193 -0.0033 0.27 -1.127 0.006 0.2597 -1.1362 0.0133 0.2513 -1.1346 -0.002 0.2671
161.0 -1.185 -0.0097 0.27 -1.0893 -0.0188 0.2888 -1.069 0.0059 0.2655 -1.0699 0.0211 0.25 -1.0819 0.0292 0.2404 -1.106 0.0315 0.2357 -1.1236 -0.0137 0.2801 -1.1273 -0.0026 0.2684 -1.1352 0.0074 0.2575 -1.1435 0.0148 0.2491 -1.1429 -0.0008 0.265
162.0 -1.1957 -0.0087 0.268 -1.0989 -0.0189 0.2879 -1.0769 0.0061 0.2646 -1.0761 0.0214 0.249 -1.088 0.029 0.24 -1.1131 0.0317 0.2348 -1.1315 -0.0135 0.2792 -1.1352 -0.0024 0.2675 -1.143 0.0069 0.2572 -1.1532 0.0147 0.2482 -1.1517 -0.0006 0.264
163.0 -1.2048 -0.0069 0.2652 -1.1043 -0.0184 0.2869 -1.0852 0.008 0.2618 -1.085 0.0221 0.2474 -1.0976 0.0289 0.2392 -1.12 0.0308 0.235 -1.136 -0.0129 0.2781 -1.1406 -0.0019 0.2664 -1.1484 0.0074 0.2561 -1.1594 0.0151 0.2472 -1.1579 0.0001 0.2626
164.0 -1.2118 -0.0073 0.2648 -1.1117 -0.0163 0.2841 -1.0919 0.0065 0.2627 -1.0904 0.0226 0.2464 -1.1042 0.0311 0.2363 -1.1265 0.033 0.2322 -1.145 -0.0123 0.2766 -1.1495 -0.0013 0.2649 -1.1565 0.0082 0.2546 -1.1658 0.0161 0.2456 -1.1657 0.0007 0.2613
165.0 -1.2181 -0.0063 0.2632 -1.1187 -0.0167 0.2837 -1.0986 0.0092 0.2592 -1.0958 0.0237 0.2447 -1.1095 0.0316 0.2353 -1.131 0.0336 0.2311 -1.1496 -0.0111 0.2749 -1.1524 0.0001 0.2632 -1.1602 0.0095 0.2528 -1.1694 0.0168 0.2445 -1.1699 0.0018 0.2597
166.0 -1.2217 -0.0061 0.2627 -1.1233 -0.0155 0.282 -1.1022 0.01 0.2581 -1.0996 0.025 0.243 -1.1143 0.0334 0.2329 -1.1373 0.0346 0.2295 -1.1541 -0.0105 0.2738 -1.1578 0.0006 0.2621 -1.1656 0.01 0.2518 -1.1749 0.0179 0.2428 -1.1748 0.0024 0.2586
167.0 -1.2236 -0.0052 0.2615 -1.1294 -0.0157 0.2816 -1.105 0.0108 0.2569 -1.1032 0.0257 0.2419 -1.1169 0.0336 0.2324 -1.1401 0.0354 0.2283 -1.1578 -0.0091 0.2721 -1.1624 0.0019 0.2604 -1.1693 0.0113 0.2501 -1.1785 0.0186 0.2417 -1.1783 0.0035 0.2572
168.0 -1.2272 -0.0051 0.2611 -1.1349 -0.0146 0.28 -1.1093 0.0102 0.2571 -1.1077 0.0263 0.2408 -1.1231 0.0334 0.232 -1.1444 0.0348 0.2285 -1.1607 -0.0077 0.2703 -1.1642 0.0022 0.2599 -1.1719 0.011 0.2502 -1.182 0.0182 0.2418 -1.1812 0.0037 0.2566
169.0 -1.2292 -0.0035 0.2593 -1.1349 -0.0146 0.28 -1.1112 0.0112 0.2559 -1.1106 0.0278 0.2391 -1.1241 0.0345 0.2308 -1.1472 0.0357 0.2274 -1.1634 -0.0074 0.2698 -1.167 0.0031 0.2587 -1.1747 0.0118 0.249 -1.1847 0.019 0.2407 -1.1838 0.0046 0.2555
170.0 -1.2318 -0.0038 0.2594 -1.1378 -0.0131 0.2782 -1.1132 0.0122 0.2548 -1.1107 0.0284 0.2384 -1.1259 0.0349 0.2303 -1.1482 0.0361 0.2268 -1.1637 -0.0057 0.268 -1.1673 0.0049 0.2569 -1.1758 0.0129 0.2478 -1.1857 0.0195 0.2401 -1.1849 0.0055 0.2544
171.0 -1.2293 -0.0029 0.2586 -1.1345 -0.0115 0.2768 -1.1107 0.0131 0.254 -1.1117 0.0289 0.2378 -1.1269 0.0354 0.2297 -1.1501 0.0371 0.2256 -1.1637 -0.0057 0.268 -1.1681 0.0041 0.2575 -1.1758 0.0129 0.2478 -1.1866 0.0194 0.2401 -1.1847 0.0056 0.2544
172.0 -1.23 -0.0036 0.2593 -1.1344 -0.0121 0.2774 -1.1107 0.0131 0.254 -1.1116 0.0283 0.2385 -1.1269 0.0354 0.2297 -1.1483 0.0367 0.2261 -1.1636 -0.0062 0.2686 -1.1672 0.0043 0.2575 -1.1757 0.0123 0.2484 -1.1857 0.0195 0.2401 -1.1844 0.0052 0.2548
173.0 -1.2293 -0.0029 0.2586 -1.1325 -0.013 0.2786 -1.108 0.0129 0.2546 -1.1099 0.0285 0.2384 -1.1243 0.0357 0.2296 -1.1466 0.037 0.2261 -1.1619 -0.006 0.2685 -1.1663 0.0044 0.2574 -1.1739 0.0125 0.2484 -1.1848 0.0196 0.2401 -1.1833 0.0055 0.2546
174.0 -1.2284 -0.0028 0.2586 -1.1327 -0.0119 0.2774 -1.109 0.0133 0.254 -1.11 0.0291 0.2378 -1.1253 0.0362 0.229 -1.1467 0.0376 0.2255 -1.1619 -0.006 0.2685 -1.1663 0.0044 0.2574 -1.174 0.0131 0.2478 -1.185 0.0202 0.2394 -1.1831 0.0058 0.2544
175.0 -1.2284 -0.0028 0.2586 -1.1329 -0.0107 0.2761 -1.1074 0.0142 0.2533 -1.1092 0.0298 0.2371 -1.1238 0.0376 0.2277 -1.1459 0.0383 0.2248 -1.162 -0.0054 0.2679 -1.1657 0.0057 0.2562 -1.1741 0.0137 0.2471 -1.1842 0.0209 0.2388 -1.1829 0.0064 0.2537
176.0 -1.2285 -0.0022 0.258 -1.132 -0.0111 0.2767 -1.1084 0.0152 0.2521 -1.1092 0.0298 0.2371 -1.1246 0.0375 0.2277 -1.1468 0.0382 0.2248 -1.162 -0.0054 0.2679 -1.1665 0.005 0.2568 -1.175 0.0136 0.2472 -1.1858 0.0201 0.2395 -1.1836 0.0062 0.2539
177.0 -1.2311 -0.0025 0.2581 -1.1311 -0.011 0.2767 -1.1094 0.0157 0.2515 -1.1093 0.0304 0.2365 -1.1238 0.0376 0.2277 -1.145 0.0384 0.2248 -1.163 -0.0049 0.2673 -1.1667 0.0062 0.2556 -1.1744 0.0149 0.2459 -1.1843 0.0215 0.2382 -1.1839 0.007 0.253
178.0 -1.2304 -0.0018 0.2574 -1.1312 -0.0104 0.2761 -1.1095 0.0163 0.2509 -1.1094 0.031 0.2359 -1.1248 0.0381 0.2271 -1.1451 0.039 0.2242 -1.1621 -0.0048 0.2673 -1.1667 0.0062 0.2556 -1.1744 0.0149 0.2459 -1.1843 0.0215 0.2382 -1.1836 0.0072 0.2529
179.0 -1.2323 -0.0009 0.2563 -1.1321 -0.0105 0.2761 -1.1094 0.0157 0.2515 -1.1087 0.0317 0.2352 -1.1249 0.0387 0.2265 -1.1453 0.0396 0.2235 -1.163 -0.0049 0.2673 -1.1667 0.0062 0.2556 -1.1744 0.0149 0.2459 -1.1843 0.0215 0.2382 -1.1841 0.0074 0.2526
180.0 -1.2324 -0.0003 0.2556 -1.1314 -0.0092 0.2748 -1.1095 0.0163 0.2509 -1.1096 0.0322 0.2346 -1.1249 0.0387 0.2265 -1.1461 0.0395 0.2236 -1.1631 -0.0043 0.2667 -1.1667 0.0062 0.2556 -1.1744 0.0149 0.2459 -1.1844 0.0221 0.2375 -1.1842 0.0077 0.2523
