1.0 -1.3869 0.0381 0.201 -1.3193 0.024 0.2222 -1.2662 0.0373 0.2139 -1.2639 0.0437 0.2075 -1.2705 0.0514 0.199 -1.2884 0.0581 0.1904 -1.3295 0.0166 0.2288 -1.326 0.0268 0.2187 -1.3278 0.0369 0.2081 -1.3338 0.0465 0.1977 -1.3408 0.033 0.2109
2.0 -1.3868 0.0375 0.2017 -1.3158 0.0239 0.2226 -1.2639 0.0389 0.2125 -1.2633 0.0456 0.2056 -1.2706 0.052 0.1984 -1.2885 0.0587 0.1897 -1.327 0.0175 0.2281 -1.3253 0.0281 0.2174 -1.327 0.0377 0.2075 -1.3339 0.0471 0.1971 -1.34 0.0336 0.2103
3.0 -1.3862 0.0388 0.2004 -1.3158 0.0239 0.2226 -1.2637 0.0377 0.2138 -1.2633 0.0456 0.2056 -1.2706 0.052 0.1984 -1.2884 0.0581 0.1904 -1.3278 0.0168 0.2287 -1.3252 0.0275 0.218 -1.3269 0.0371 0.2081 -1.3321 0.0467 0.1977 -1.3396 0.0334 0.2106
4.0 -1.3878 0.038 0.2011 -1.3157 0.0233 0.2233 -1.2655 0.038 0.2132 -1.2631 0.0445 0.2069 -1.2705 0.0514 0.199 -1.2876 0.0589 0.1897 -1.3278 0.0168 0.2287 -1.3252 0.0275 0.218 -1.3269 0.0371 0.2081 -1.3331 0.0472 0.1971 -1.3401 0.0333 0.2106
5.0 -1.3833 0.0374 0.2022 -1.3147 0.0228 0.2239 -1.2645 0.0375 0.2138 -1.264 0.0443 0.2069 -1.2714 0.0519 0.1984 -1.2875 0.0583 0.1903 -1.3269 0.0169 0.2287 -1.3243 0.027 0.2186 -1.326 0.0372 0.2081 -1.3321 0.0467 0.1977 -1.3385 0.0331 0.211
6.0 -1.385 0.0372 0.2022 -1.3148 0.0234 0.2232 -1.2638 0.0383 0.2131 -1.2621 0.044 0.2075 -1.2696 0.0515 0.199 -1.2868 0.059 0.1897 -1.3268 0.0163 0.2293 -1.3243 0.027 0.2186 -1.3259 0.0366 0.2087 -1.3321 0.0467 0.1977 -1.3388 0.0328 0.2113
7.0 -1.3839 0.0361 0.2034 -1.3121 0.0226 0.2244 -1.2638 0.0383 0.2131 -1.2622 0.0446 0.2068 -1.2696 0.0515 0.199 -1.2858 0.0585 0.1903 -1.3251 0.0165 0.2292 -1.3234 0.0272 0.2186 -1.3252 0.0373 0.208 -1.3322 0.0473 0.1971 -1.338 0.0329 0.2113
8.0 -1.385 0.0372 0.2022 -1.3147 0.0228 0.2239 -1.2629 0.0384 0.2131 -1.2622 0.0446 0.2068 -1.2689 0.0522 0.1983 -1.2868 0.059 0.1897 -1.3276 0.0162 0.2293 -1.3251 0.0269 0.2186 -1.3268 0.0365 0.2087 -1.333 0.0466 0.1977 -1.3395 0.0327 0.2113
9.0 -1.3858 0.037 0.2023 -1.3147 0.0228 0.2239 -1.2629 0.0384 0.2131 -1.2623 0.0452 0.2062 -1.2689 0.0522 0.1983 -1.2858 0.0585 0.1903 -1.3259 0.0164 0.2293 -1.3234 0.0272 0.2186 -1.3259 0.0366 0.2087 -1.3321 0.0467 0.1977 -1.3386 0.0328 0.2113
10.0 -1.3814 0.037 0.2027 -1.3132 0.0243 0.2225 -1.262 0.0379 0.2137 -1.2615 0.0453 0.2062 -1.2689 0.0522 0.1983 -1.2849 0.0586 0.1902 -1.3251 0.0165 0.2292 -1.3225 0.0273 0.2185 -1.3242 0.0368 0.2086 -1.3295 0.0471 0.1976 -1.3366 0.033 0.2113
11.0 -1.3788 0.0368 0.2032 -1.3132 0.0243 0.2225 -1.2628 0.0378 0.2137 -1.2604 0.0442 0.2074 -1.2671 0.0525 0.1983 -1.2841 0.0587 0.1902 -1.325 0.0159 0.2299 -1.3225 0.0273 0.2185 -1.3243 0.0374 0.208 -1.3304 0.047 0.1976 -1.3362 0.0329 0.2114
12.0 -1.3815 0.0376 0.2021 -1.3123 0.0238 0.2231 -1.2627 0.0372 0.2143 -1.2604 0.0442 0.2074 -1.268 0.0523 0.1983 -1.2857 0.0579 0.1909 -1.3257 0.0152 0.2305 -1.3223 0.0261 0.2198 -1.3241 0.0362 0.2092 -1.3304 0.047 0.1976 -1.3368 0.0324 0.2118
13.0 -1.3797 0.0373 0.2026 -1.3115 0.0245 0.2225 -1.2627 0.0372 0.2143 -1.2606 0.0454 0.2061 -1.2673 0.0531 0.1977 -1.2841 0.0587 0.1902 -1.324 0.0155 0.2305 -1.3216 0.0268 0.2191 -1.3234 0.0369 0.2086 -1.3286 0.0466 0.1982 -1.3355 0.0326 0.2118
14.0 -1.3814 0.037 0.2027 -1.3124 0.0244 0.2225 -1.261 0.0374 0.2143 -1.2597 0.0449 0.2067 -1.2664 0.0532 0.1976 -1.2823 0.0584 0.1907 -1.324 0.0155 0.2305 -1.3206 0.0263 0.2197 -1.3224 0.0365 0.2092 -1.3277 0.0467 0.1981 -1.3352 0.0324 0.212
15.0 -1.3815 0.0376 0.2021 -1.3124 0.0244 0.2225 -1.2609 0.0368 0.2149 -1.2577 0.044 0.2079 -1.2654 0.0527 0.1982 -1.2832 0.0588 0.1902 -1.3241 0.0161 0.2298 -1.3207 0.0269 0.2191 -1.3225 0.037 0.2085 -1.3278 0.0473 0.1975 -1.3353 0.033 0.2114
16.0 -1.378 0.0375 0.2026 -1.3115 0.0245 0.2225 -1.2601 0.0375 0.2142 -1.2568 0.0435 0.2085 -1.2654 0.0527 0.1982 -1.2825 0.0596 0.1895 -1.3224 0.0163 0.2298 -1.3199 0.027 0.2191 -1.3209 0.0379 0.2079 -1.327 0.0474 0.1975 -1.3336 0.0332 0.2113
17.0 -1.3771 0.0376 0.2025 -1.3108 0.0252 0.2218 -1.2601 0.0375 0.2142 -1.2559 0.0436 0.2085 -1.263 0.0536 0.1975 -1.2815 0.0591 0.1901 -1.3215 0.0164 0.2297 -1.319 0.0271 0.219 -1.3207 0.0367 0.2091 -1.3269 0.0468 0.1981 -1.333 0.0329 0.2117
18.0 -1.377 0.037 0.2032 -1.3099 0.0253 0.2218 -1.2608 0.0362 0.2155 -1.2558 0.043 0.2091 -1.2637 0.0529 0.1981 -1.2814 0.0585 0.1907 -1.3223 0.0157 0.2304 -1.3189 0.0265 0.2196 -1.3198 0.0368 0.2091 -1.3251 0.0471 0.198 -1.3326 0.0326 0.2121
19.0 -1.3745 0.0374 0.2031 -1.309 0.0254 0.2218 -1.2601 0.0375 0.2142 -1.2558 0.043 0.2091 -1.263 0.0536 0.1975 -1.2807 0.0598 0.1894 -1.3206 0.0159 0.2303 -1.318 0.0267 0.2196 -1.319 0.0369 0.209 -1.3251 0.0471 0.198 -1.3314 0.0328 0.212
20.0 -1.379 0.038 0.202 -1.3081 0.0249 0.2223 -1.2592 0.037 0.2148 -1.2551 0.0437 0.2084 -1.2628 0.053 0.1981 -1.2798 0.0593 0.19 -1.3214 0.0158 0.2304 -1.3181 0.0273 0.219 -1.3199 0.0374 0.2084 -1.3252 0.0477 0.1974 -1.3327 0.0332 0.2114
21.0 -1.3763 0.0377 0.2025 -1.3071 0.0245 0.2229 -1.2593 0.0376 0.2142 -1.2559 0.0436 0.2085 -1.2638 0.0535 0.1975 -1.2806 0.0592 0.1901 -1.3207 0.0165 0.2297 -1.3173 0.0274 0.219 -1.3191 0.0375 0.2084 -1.3252 0.0477 0.1974 -1.3317 0.0334 0.2114
22.0 -1.3745 0.0374 0.2031 -1.3081 0.0249 0.2223 -1.2601 0.0375 0.2142 -1.2551 0.0437 0.2084 -1.2631 0.0542 0.1969 -1.2798 0.0593 0.19 -1.3197 0.016 0.2303 -1.3172 0.0268 0.2196 -1.3191 0.0375 0.2084 -1.3251 0.0471 0.198 -1.3311 0.033 0.2119
23.0 -1.3799 0.0385 0.2014 -1.3089 0.0248 0.2224 -1.2592 0.037 0.2148 -1.2548 0.0425 0.2097 -1.2628 0.053 0.1981 -1.2797 0.0587 0.1906 -1.3207 0.0165 0.2297 -1.3181 0.0273 0.219 -1.3199 0.0374 0.2084 -1.3252 0.0477 0.1974 -1.3328 0.0335 0.2112
24.0 -1.3763 0.0377 0.2025 -1.3081 0.0249 0.2223 -1.2608 0.0362 0.2155 -1.254 0.0426 0.2096 -1.262 0.0532 0.1981 -1.2798 0.0593 0.19 -1.3206 0.0159 0.2303 -1.3172 0.0268 0.2196 -1.319 0.0369 0.209 -1.3251 0.0471 0.198 -1.3316 0.0329 0.2119
25.0 -1.3762 0.0371 0.2031 -1.3054 0.0247 0.2229 -1.2613 0.0343 0.2174 -1.2558 0.043 0.2091 -1.262 0.0532 0.1981 -1.2798 0.0593 0.19 -1.3213 0.0152 0.231 -1.318 0.0267 0.2196 -1.3198 0.0368 0.2091 -1.326 0.047 0.1981 -1.3323 0.0326 0.2122
26.0 -1.3745 0.0374 0.2031 -1.3037 0.0249 0.2228 -1.2613 0.0343 0.2174 -1.256 0.0442 0.2078 -1.263 0.0536 0.1975 -1.2806 0.0592 0.1901 -1.3212 0.0146 0.2316 -1.3188 0.0259 0.2203 -1.3198 0.0368 0.2091 -1.3252 0.0477 0.1974 -1.3319 0.0325 0.2123
27.0 -1.3744 0.0368 0.2037 -1.3045 0.0248 0.2228 -1.2622 0.0342 0.2174 -1.2559 0.0436 0.2085 -1.2628 0.053 0.1981 -1.2806 0.0592 0.1901 -1.3205 0.0153 0.2309 -1.3179 0.0261 0.2202 -1.3198 0.0368 0.2091 -1.326 0.047 0.1981 -1.3317 0.0324 0.2124
28.0 -1.377 0.037 0.2032 -1.3071 0.0245 0.2229 -1.2621 0.0336 0.2181 -1.2559 0.0436 0.2085 -1.2647 0.0534 0.1976 -1.2814 0.0585 0.1907 -1.3205 0.0153 0.2309 -1.318 0.0267 0.2196 -1.3207 0.0367 0.2091 -1.3269 0.0468 0.1981 -1.3326 0.0325 0.2122
29.0 -1.3762 0.0371 0.2031 -1.3037 0.0249 0.2228 -1.2629 0.0335 0.2181 -1.2576 0.0434 0.2085 -1.2646 0.0528 0.1982 -1.2824 0.059 0.1901 -1.323 0.015 0.231 -1.3206 0.0263 0.2197 -1.3225 0.037 0.2085 -1.3277 0.0467 0.1981 -1.334 0.0324 0.2121
30.0 -1.377 0.037 0.2032 -1.3055 0.0253 0.2222 -1.2638 0.0334 0.2181 -1.2574 0.0422 0.2098 -1.2637 0.0529 0.1981 -1.2824 0.059 0.1901 -1.3248 0.0148 0.2311 -1.3214 0.0256 0.2204 -1.3223 0.0359 0.2098 -1.3276 0.0461 0.1987 -1.3346 0.0319 0.2126
31.0 -1.3762 0.0371 0.2031 -1.3073 0.0257 0.2217 -1.2655 0.0331 0.2182 -1.2591 0.0419 0.2098 -1.2655 0.0533 0.1976 -1.2834 0.06 0.1889 -1.3248 0.0148 0.2311 -1.3222 0.0255 0.2204 -1.324 0.0356 0.2098 -1.3285 0.046 0.1988 -1.3351 0.0318 0.2127
32.0 -1.3732 0.0351 0.2055 -1.3068 0.0276 0.2198 -1.2648 0.0338 0.2175 -1.2597 0.0449 0.2067 -1.2649 0.0546 0.1963 -1.2842 0.0593 0.1896 -1.3231 0.0156 0.2304 -1.3216 0.0268 0.2191 -1.3242 0.0368 0.2086 -1.3293 0.0459 0.1988 -1.3343 0.032 0.2125
33.0 -1.3732 0.0351 0.2055 -1.3091 0.026 0.2211 -1.2656 0.0337 0.2176 -1.2612 0.0435 0.208 -1.2674 0.0537 0.197 -1.2841 0.0587 0.1902 -1.3239 0.0149 0.2311 -1.3223 0.0261 0.2198 -1.3251 0.0367 0.2086 -1.3304 0.047 0.1976 -1.335 0.0319 0.2125
34.0 -1.3822 0.0363 0.2034 -1.3089 0.0248 0.2224 -1.2677 0.0304 0.2208 -1.2599 0.0412 0.2105 -1.269 0.0528 0.1977 -1.2849 0.0586 0.1902 -1.3281 0.0137 0.2319 -1.3247 0.0245 0.2211 -1.3256 0.0348 0.2105 -1.3318 0.045 0.1995 -1.3385 0.0309 0.2133
35.0 -1.3865 0.0357 0.2035 -1.3113 0.0233 0.2237 -1.2668 0.0305 0.2207 -1.2598 0.0406 0.2111 -1.2689 0.0522 0.1983 -1.2855 0.0567 0.1921 -1.3281 0.0137 0.2319 -1.3248 0.0251 0.2205 -1.3266 0.0353 0.2099 -1.3327 0.0448 0.1996 -1.3397 0.0309 0.2131
36.0 -1.3847 0.0354 0.2041 -1.3095 0.0229 0.2243 -1.2665 0.0287 0.2226 -1.2597 0.04 0.2117 -1.2687 0.051 0.1996 -1.2863 0.0566 0.1922 -1.3263 0.0133 0.2324 -1.3236 0.0235 0.2223 -1.3254 0.0336 0.2118 -1.3315 0.0432 0.2014 -1.3383 0.0298 0.2144
37.0 -1.3802 0.0348 0.2052 -1.3093 0.0217 0.2255 -1.2656 0.0288 0.2226 -1.2607 0.0405 0.2111 -1.2683 0.0492 0.2014 -1.2853 0.0555 0.1934 -1.3254 0.0134 0.2324 -1.3228 0.0236 0.2223 -1.3245 0.0331 0.2124 -1.3305 0.0427 0.202 -1.3367 0.0295 0.2148
38.0 -1.3783 0.0344 0.2057 -1.3075 0.022 0.2254 -1.2648 0.029 0.2225 -1.2585 0.0384 0.2136 -1.2657 0.049 0.202 -1.2836 0.0557 0.1933 -1.326 0.0115 0.2343 -1.3233 0.0217 0.2242 -1.3251 0.0318 0.2136 -1.3305 0.0427 0.202 -1.3367 0.0284 0.216
39.0 -1.3745 0.0325 0.2081 -1.3069 0.0233 0.2242 -1.263 0.0286 0.2231 -1.2569 0.0392 0.2129 -1.2649 0.0497 0.2013 -1.2828 0.0565 0.1926 -1.3241 0.0112 0.2348 -1.3216 0.0219 0.2241 -1.3234 0.032 0.2136 -1.3287 0.0423 0.2025 -1.3345 0.028 0.2166
40.0 -1.3765 0.034 0.2063 -1.306 0.0234 0.2241 -1.2628 0.0274 0.2243 -1.2571 0.0404 0.2116 -1.2668 0.0507 0.2001 -1.2829 0.0571 0.192 -1.3225 0.012 0.2341 -1.32 0.0227 0.2234 -1.3226 0.0328 0.2129 -1.328 0.043 0.2019 -1.3339 0.0289 0.2157
41.0 -1.3748 0.0343 0.2062 -1.3025 0.0233 0.2246 -1.2601 0.0272 0.2249 -1.2561 0.0399 0.2122 -1.2658 0.0496 0.2013 -1.2819 0.0566 0.1926 -1.3199 0.0124 0.234 -1.3173 0.0225 0.224 -1.3199 0.0325 0.2134 -1.3261 0.0427 0.2024 -1.3316 0.0289 0.216
42.0 -1.3731 0.0345 0.2061 -1.3009 0.0241 0.2239 -1.2584 0.0274 0.2248 -1.2543 0.0395 0.2128 -1.2639 0.0492 0.2019 -1.281 0.0561 0.1932 -1.3165 0.0128 0.2339 -1.3147 0.0228 0.2239 -1.3174 0.0329 0.2133 -1.3236 0.043 0.2023 -1.329 0.0292 0.2159
43.0 -1.3687 0.0345 0.2066 -1.3016 0.0234 0.2246 -1.2572 0.0257 0.2266 -1.2523 0.038 0.2146 -1.2603 0.0485 0.203 -1.2784 0.0564 0.1931 -1.3155 0.0123 0.2345 -1.3129 0.0225 0.2244 -1.3155 0.0325 0.2139 -1.3216 0.0421 0.2035 -1.3269 0.0288 0.2166
44.0 -1.367 0.0347 0.2065 -1.2969 0.0216 0.2269 -1.2543 0.0243 0.2284 -1.2511 0.0363 0.2164 -1.26 0.0467 0.2049 -1.278 0.0541 0.1956 -1.3119 0.0116 0.2356 -1.3101 0.0216 0.2255 -1.3128 0.0316 0.215 -1.3189 0.0418 0.204 -1.3241 0.0283 0.2173
45.0 -1.3587 0.0328 0.2093 -1.2951 0.0212 0.2275 -1.2513 0.0222 0.2308 -1.2466 0.0357 0.2175 -1.254 0.0475 0.2046 -1.2736 0.054 0.196 -1.3074 0.011 0.2367 -1.3065 0.0209 0.2267 -1.3091 0.0309 0.2161 -1.3143 0.0406 0.2057 -1.3192 0.0272 0.2189
46.0 -1.3597 0.0333 0.2087 -1.2923 0.0204 0.2286 -1.2484 0.0208 0.2325 -1.2439 0.0354 0.218 -1.2529 0.0464 0.2058 -1.2707 0.0526 0.1978 -1.3072 0.0098 0.2379 -1.3054 0.0198 0.2279 -1.3072 0.03 0.2173 -1.3125 0.0402 0.2063 -1.3184 0.0266 0.2196
47.0 -1.3544 0.0334 0.2092 -1.2888 0.0202 0.2291 -1.2441 0.0214 0.2324 -1.2412 0.0352 0.2185 -1.2502 0.0462 0.2064 -1.2657 0.0545 0.1963 -1.3018 0.0093 0.239 -1.301 0.0198 0.2283 -1.3027 0.0293 0.2184 -1.3071 0.0397 0.2073 -1.3134 0.0263 0.2204
48.0 -1.3524 0.0318 0.2109 -1.2861 0.02 0.2296 -1.2412 0.0199 0.2341 -1.2376 0.0345 0.2196 -1.2467 0.0461 0.2069 -1.262 0.0532 0.1981 -1.299 0.0085 0.2401 -1.2982 0.0189 0.2295 -1.3 0.0291 0.2189 -1.3044 0.0389 0.2085 -1.3108 0.0254 0.2216
49.0 -1.3471 0.0319 0.2114 -1.28 0.0202 0.23 -1.2362 0.0212 0.2333 -1.2332 0.0344 0.2201 -1.243 0.0453 0.208 -1.259 0.0511 0.2005 -1.2954 0.0077 0.2412 -1.2937 0.0183 0.2305 -1.2955 0.0285 0.22 -1.2998 0.0383 0.2095 -1.3063 0.0249 0.2225
50.0 -1.3375 0.032 0.2122 -1.2642 0.0205 0.2313 -1.2237 0.0205 0.2353 -1.2207 0.0337 0.2221 -1.2313 0.0439 0.2106 -1.2457 0.0505 0.2024 -1.2829 0.007 0.2432 -1.2803 0.0171 0.2331 -1.2821 0.0272 0.2226 -1.2856 0.0371 0.2121 -1.2937 0.0241 0.2247
51.0 -1.3208 0.0324 0.2135 -1.245 0.0213 0.2324 -1.2028 0.0214 0.2364 -1.1997 0.0341 0.2238 -1.2081 0.0421 0.2147 -1.2258 0.0477 0.2073 -1.2646 0.0076 0.2444 -1.2626 0.0164 0.2356 -1.2634 0.0261 0.2256 -1.2668 0.0354 0.2158 -1.2756 0.0236 0.227
52.0 -1.311 0.0319 0.215 -1.2381 0.0222 0.2321 -1.1973 0.0204 0.238 -1.1942 0.033 0.2254 -1.202 0.0423 0.2151 -1.2208 0.0489 0.2065 -1.2567 0.0081 0.2447 -1.254 0.0176 0.2352 -1.2547 0.0267 0.2259 -1.259 0.0359 0.2161 -1.2671 0.024 0.2274
53.0 -1.2984 0.0299 0.2182 -1.2304 0.0232 0.2318 -1.1906 0.0225 0.2365 -1.1873 0.0333 0.2258 -1.197 0.0436 0.2143 -1.2143 0.0523 0.2037 -1.2479 0.008 0.2456 -1.2452 0.0176 0.2361 -1.2468 0.0265 0.2268 -1.252 0.0362 0.2164 -1.258 0.0236 0.2287
54.0 -1.2932 0.0306 0.218 -1.2234 0.0236 0.2322 -1.1844 0.0221 0.2375 -1.1839 0.0344 0.225 -1.1929 0.0454 0.2129 -1.2098 0.0516 0.2048 -1.2427 0.0081 0.246 -1.2399 0.0177 0.2366 -1.2407 0.0273 0.2266 -1.2459 0.0364 0.2168 -1.2525 0.024 0.2288
55.0 -1.2871 0.0308 0.2184 -1.2189 0.0229 0.2333 -1.1794 0.0234 0.2367 -1.1778 0.0346 0.2254 -1.1868 0.0456 0.2133 -1.2046 0.0517 0.2052 -1.2374 0.0082 0.2465 -1.2338 0.0179 0.237 -1.2354 0.0268 0.2276 -1.2406 0.0365 0.2172 -1.2469 0.024 0.2293
56.0 -1.2839 0.0325 0.217 -1.2105 0.0253 0.2317 -1.1733 0.0242 0.2365 -1.1712 0.0373 0.2233 -1.1815 0.0457 0.2137 -1.1973 0.0503 0.2074 -1.23 0.0111 0.2443 -1.2271 0.02 0.2354 -1.2286 0.0283 0.2268 -1.2336 0.0368 0.2176 -1.2406 0.0257 0.2282
57.0 -1.2788 0.0338 0.2162 -1.2063 0.0265 0.2309 -1.1686 0.0273 0.2338 -1.165 0.0369 0.2243 -1.1745 0.046 0.214 -1.1921 0.051 0.2072 -1.229 0.0106 0.2449 -1.2235 0.0193 0.2366 -1.2233 0.0284 0.2272 -1.2259 0.0379 0.2173 -1.2361 0.026 0.2284
58.0 -1.2697 0.032 0.219 -1.1974 0.0258 0.2324 -1.1611 0.0295 0.2323 -1.1582 0.0385 0.2234 -1.1687 0.048 0.2126 -1.1861 0.0518 0.207 -1.2203 0.0111 0.2452 -1.2157 0.0197 0.2369 -1.2155 0.0289 0.2275 -1.2179 0.0377 0.2182 -1.2278 0.0259 0.2294
59.0 -1.2671 0.0323 0.2189 -1.1872 0.0278 0.2314 -1.1544 0.0316 0.2308 -1.1532 0.0397 0.2226 -1.1636 0.0487 0.2124 -1.1809 0.0525 0.2068 -1.2166 0.0098 0.2469 -1.2136 0.0182 0.2387 -1.2135 0.0273 0.2293 -1.216 0.0368 0.2194 -1.2254 0.0249 0.2306
60.0 -1.2608 0.0313 0.2205 -1.1812 0.0286 0.2312 -1.1474 0.032 0.2311 -1.1457 0.042 0.221 -1.1567 0.0497 0.2121 -1.1765 0.0525 0.2073 -1.2074 0.0129 0.2447 -1.2061 0.0204 0.2371 -1.2068 0.0295 0.2278 -1.2101 0.0382 0.2185 -1.2182 0.0264 0.2297
61.0 -1.2538 0.0317 0.2209 -1.1725 0.0292 0.2315 -1.1396 0.0324 0.2314 -1.1395 0.0422 0.2214 -1.1497 0.05 0.2125 -1.1693 0.0516 0.2089 -1.2012 0.0125 0.2457 -1.1998 0.0194 0.2388 -1.2004 0.0279 0.23 -1.2027 0.0361 0.2214 -1.2116 0.0255 0.2313
62.0 -1.2485 0.0312 0.2219 -1.168 0.0286 0.2325 -1.1325 0.0322 0.2324 -1.1325 0.0419 0.2224 -1.1425 0.0491 0.2141 -1.1615 0.0521 0.2092 -1.195 0.0121 0.2467 -1.1945 0.0195 0.2392 -1.195 0.0274 0.2311 -1.1983 0.0361 0.2218 -1.2063 0.0253 0.2321
63.0 -1.2355 0.0274 0.227 -1.1564 0.0277 0.2346 -1.1237 0.0321 0.2333 -1.1252 0.0405 0.2246 -1.1348 0.0502 0.2138 -1.1545 0.0524 0.2095 -1.1818 0.0121 0.2481 -1.1813 0.0195 0.2405 -1.1828 0.0278 0.2319 -1.1869 0.0364 0.2226 -1.1937 0.0246 0.234
64.0 -1.2309 0.0262 0.2287 -1.1483 0.027 0.2361 -1.1132 0.0323 0.2342 -1.1171 0.0397 0.2262 -1.1271 0.0463 0.2185 -1.1452 0.0494 0.2135 -1.1777 0.009 0.2516 -1.176 0.0141 0.2466 -1.1764 0.0213 0.2391 -1.1786 0.029 0.2311 -1.1879 0.0199 0.2394
65.0 -1.2116 0.0215 0.2355 -1.14 0.0244 0.2396 -1.1048 0.0298 0.2376 -1.1063 0.0381 0.2289 -1.1168 0.0477 0.2181 -1.1383 0.0503 0.2133 -1.1633 0.0072 0.2548 -1.162 0.0147 0.2473 -1.1635 0.0231 0.2386 -1.1685 0.0316 0.2294 -1.1738 0.0196 0.2411
66.0 -1.208 0.0213 0.236 -1.13 0.0227 0.2423 -1.0982 0.027 0.2411 -1.0989 0.0361 0.2317 -1.1111 0.0454 0.221 -1.13 0.0478 0.2167 -1.1579 0.0061 0.2565 -1.1565 0.0136 0.2489 -1.158 0.022 0.2403 -1.163 0.0305 0.2311 -1.1687 0.0187 0.2425
67.0 -1.1996 0.0182 0.24 -1.1204 0.0234 0.2426 -1.0876 0.0266 0.2425 -1.0876 0.0321 0.2369 -1.0966 0.0382 0.2298 -1.1188 0.0444 0.2213 -1.148 0.005 0.2586 -1.1464 0.0107 0.2529 -1.1476 0.0179 0.2455 -1.1508 0.026 0.2369 -1.1585 0.0156 0.2468
68.0 -1.1963 0.0199 0.2386 -1.1125 0.0233 0.2435 -1.0805 0.0264 0.2435 -1.0814 0.0317 0.2379 -1.0923 0.0388 0.2296 -1.1115 0.0429 0.2235 -1.146 0.0035 0.2604 -1.1451 0.0085 0.2554 -1.1455 0.0157 0.2479 -1.1478 0.024 0.2392 -1.1561 0.0143 0.2483
69.0 -1.1927 0.0191 0.2397 -1.1054 0.023 0.2445 -1.0734 0.0261 0.2445 -1.074 0.0297 0.2408 -1.0852 0.033 0.2362 -1.1035 0.0373 0.23 -1.1417 0.004 0.2602 -1.1387 0.0075 0.257 -1.138 0.0131 0.2514 -1.1391 0.0197 0.2445 -1.15 0.0127 0.2506
70.0 -1.1785 0.0186 0.2417 -1.0959 0.0243 0.2441 -1.0657 0.0271 0.2442 -1.0678 0.0293 0.2418 -1.0755 0.0282 0.2421 -1.0863 0.0243 0.245 -1.1318 0.0029 0.2624 -1.1285 0.004 0.2616 -1.1273 0.0072 0.2584 -1.1263 0.0116 0.254 -1.1385 0.0089 0.2556
71.0 -1.1803 0.019 0.2411 -1.09 0.0257 0.2432 -1.0611 0.0265 0.2453 -1.0634 0.0293 0.2422 -1.0712 0.0288 0.2419 -1.084 0.0265 0.243 -1.1285 0.004 0.2616 -1.1268 0.0048 0.2609 -1.1266 0.0085 0.2572 -1.1273 0.0127 0.2528 -1.1379 0.0098 0.2547
72.0 -1.1489 0.0153 0.248 -1.0559 0.0217 0.2507 -1.0255 0.024 0.2514 -1.029 0.029 0.2459 -1.038 0.0302 0.2437 -1.0505 0.031 0.2417 -1.0912 0.0023 0.267 -1.0899 0.0049 0.2645 -1.0907 0.0097 0.2595 -1.0925 0.0149 0.254 -1.1027 0.0094 0.2586
73.0 -1.1434 0.0142 0.2497 -1.0479 0.021 0.2522 -1.016 0.0247 0.2516 -1.0185 0.0292 0.2467 -1.0292 0.0302 0.2446 -1.0416 0.0304 0.2432 -1.084 0.0014 0.2686 -1.0827 0.0041 0.2661 -1.0836 0.0088 0.2611 -1.0845 0.0142 0.2555 -1.0956 0.0085 0.2602
74.0 -1.1391 0.0148 0.2495 -1.0394 0.0227 0.2513 -1.0097 0.0243 0.2526 -1.0113 0.0284 0.2483 -1.0196 0.0303 0.2455 -1.0393 0.0325 0.2413 -1.0762 0.0019 0.2689 -1.0759 0.0056 0.2652 -1.077 0.0116 0.259 -1.0797 0.0167 0.2535 -1.0896 0.0101 0.2592
75.0 -1.1364 0.0139 0.2507 -1.0306 0.0227 0.2522 -1.0033 0.0227 0.2549 -1.0048 0.0311 0.2462 -1.0205 0.0357 0.2399 -1.0393 0.0374 0.2363 -1.0679 -5.093e-05 0.2717 -1.0689 0.0053 0.2662 -1.0711 0.013 0.2581 -1.0759 0.0203 0.2502 -1.084 0.0105 0.2594
76.0 -1.1258 0.0141 0.2515 -1.0253 0.0228 0.2526 -0.9949 0.0251 0.2533 -0.9998 0.033 0.2447 -1.0118 0.0362 0.2402 -1.0285 0.0358 0.239 -1.0608 -0.0003 0.2727 -1.0618 0.0051 0.2671 -1.0648 0.012 0.2598 -1.0678 0.0195 0.2518 -1.0762 0.0101 0.2606
77.0 -1.1195 0.0131 0.2531 -1.0216 0.0215 0.2543 -0.9886 0.0241 0.2549 -0.9943 0.0319 0.2464 -1.011 0.0363 0.2402 -1.0278 0.0371 0.2377 -1.0556 -0.0002 0.2731 -1.0565 0.0052 0.2676 -1.0595 0.0121 0.2602 -1.0643 0.0194 0.2522 -1.0711 0.0099 0.2612
78.0 -1.1123 0.0123 0.2547 -1.0128 0.0214 0.2552 -0.9853 0.0252 0.2542 -0.9939 0.0344 0.2439 -1.0053 0.0389 0.2381 -1.0212 0.0392 0.2362 -1.0512 -0.0002 0.2736 -1.0522 0.0057 0.2674 -1.0553 0.0133 0.2594 -1.0601 0.0206 0.2515 -1.0662 0.0103 0.2613
79.0 -1.1108 0.0137 0.2534 -1.0067 0.0223 0.255 -0.9786 0.0273 0.2527 -0.9835 0.0352 0.2441 -0.9938 0.0387 0.2395 -1.0106 0.0394 0.237 -1.0443 0.0007 0.2733 -1.0453 0.0067 0.2671 -1.0492 0.0135 0.2598 -1.054 0.0208 0.2518 -1.0607 0.0111 0.2611
80.0 -1.102 0.0137 0.2543 -1.0024 0.0228 0.2548 -0.9724 0.0269 0.2537 -0.9773 0.0348 0.2451 -0.9895 0.0392 0.2394 -1.0073 0.0405 0.2363 -1.0382 0.0009 0.2737 -1.039 0.0057 0.2688 -1.042 0.0126 0.2614 -1.0466 0.0187 0.2547 -1.0536 0.0103 0.2626
81.0 -1.0994 0.014 0.2542 -0.9956 0.0238 0.2546 -0.9666 0.0289 0.2522 -0.974 0.0364 0.2437 -0.9871 0.0408 0.238 -1.0057 0.0413 0.2356 -1.032 0.0005 0.2747 -1.0347 0.0063 0.2686 -1.0386 0.0131 0.2612 -1.0441 0.0197 0.254 -1.0498 0.0107 0.2625
82.0 -1.0929 0.0119 0.2571 -0.9913 0.0243 0.2544 -0.9624 0.0301 0.2514 -0.9691 0.0383 0.2423 -0.9829 0.042 0.2372 -1.0023 0.0424 0.2349 -1.0258 0.0007 0.2751 -1.0294 0.0058 0.2696 -1.0342 0.0131 0.2617 -1.0397 0.0196 0.2544 -1.0444 0.0102 0.2636
83.0 -1.0858 0.0116 0.2581 -0.9856 0.0269 0.2523 -0.9575 0.0326 0.2494 -0.967 0.0417 0.2391 -0.9846 0.0466 0.2323 -1.0053 0.0493 0.2275 -1.0183 0.003 0.2736 -1.022 0.0092 0.2668 -1.0286 0.0163 0.259 -1.0369 0.0237 0.2506 -1.0383 0.0127 0.2616
84.0 -1.0803 0.0105 0.2597 -0.9787 0.0279 0.252 -0.9533 0.0337 0.2486 -0.9639 0.0439 0.2371 -0.9815 0.0489 0.2303 -1.0028 0.0503 0.2268 -1.0114 0.0039 0.2733 -1.0161 0.0106 0.266 -1.0236 0.0181 0.2575 -1.0328 0.0255 0.2491 -1.0329 0.0137 0.2611
85.0 -1.0753 0.0118 0.2589 -0.977 0.0281 0.252 -0.9509 0.0347 0.2478 -0.9604 0.0438 0.2376 -0.9772 0.0495 0.2301 -1.0011 0.0505 0.2267 -1.008 0.0044 0.2732 -1.0126 0.0105 0.2665 -1.0191 0.0175 0.2586 -1.0283 0.0248 0.2502 -1.0287 0.0138 0.2615
86.0 -1.0709 0.0118 0.2594 -0.9743 0.0279 0.2525 -0.9473 0.0346 0.2483 -0.958 0.0453 0.2363 -0.9737 0.0493 0.2306 -0.9968 0.0511 0.2265 -1.0046 0.0048 0.273 -1.0092 0.0109 0.2663 -1.0148 0.0181 0.2584 -1.0239 0.0248 0.2507 -1.0247 0.0141 0.2616
87.0 -1.0692 0.012 0.2593 -0.971 0.0289 0.2517 -0.943 0.0351 0.2482 -0.9554 0.0457 0.2362 -0.9694 0.0499 0.2305 -0.9906 0.0507 0.2275 -1.0008 0.0035 0.2748 -1.0054 0.0096 0.2681 -1.0119 0.0167 0.2602 -1.0211 0.024 0.2518 -1.0217 0.0132 0.2628
88.0 -1.0675 0.0128 0.2586 -0.9685 0.0299 0.251 -0.9396 0.0356 0.248 -0.9508 0.0445 0.2379 -0.9647 0.0487 0.2321 -0.9866 0.0482 0.2305 -0.9989 0.0025 0.2759 -1.0025 0.0082 0.2698 -1.0083 0.0159 0.2613 -1.0165 0.0228 0.2535 -1.0187 0.0125 0.2638
89.0 -1.0647 0.0114 0.2604 -0.9633 0.0306 0.2508 -0.9367 0.0342 0.2498 -0.9515 0.0432 0.2391 -0.9644 0.0469 0.234 -0.9839 0.0473 0.2316 -0.9934 0.0015 0.2776 -0.9979 0.007 0.2715 -1.0044 0.014 0.2637 -1.0136 0.0213 0.2553 -1.0148 0.011 0.2657
90.0 -1.0613 0.0124 0.2596 -0.9624 0.0301 0.2514 -0.9342 0.0351 0.2491 -0.9487 0.0423 0.2403 -0.9665 0.0485 0.2322 -0.9858 0.0483 0.2305 -0.9907 0.0012 0.2781 -0.9953 0.0073 0.2714 -1.0019 0.015 0.2629 -1.0112 0.0229 0.2539 -1.0121 0.0118 0.2652
91.0 -1.0566 0.0106 0.2619 -0.9582 0.0313 0.2506 -0.9318 0.0366 0.2477 -0.9497 0.0434 0.2391 -0.9683 0.0488 0.2317 -0.9857 0.0477 0.2311 -0.987 -0.0001 0.2798 -0.9916 0.006 0.2732 -0.9983 0.0142 0.264 -1.0075 0.0215 0.2557 -1.0082 0.0105 0.2669
92.0 -1.0558 0.0114 0.2613 -0.9567 0.0327 0.2493 -0.9311 0.0374 0.2471 -0.9474 0.0449 0.2377 -0.9665 0.0485 0.2322 -0.982 0.047 0.2322 -0.9836 0.0009 0.2791 -0.9891 0.0069 0.2724 -0.9957 0.0146 0.2639 -1.0048 0.0213 0.2562 -1.0058 0.011 0.2666
93.0 -1.0532 0.0111 0.2618 -0.9533 0.0337 0.2486 -0.9266 0.0367 0.2482 -0.9479 0.043 0.2396 -0.9625 0.0459 0.2352 -0.9763 0.0441 0.2357 -0.9809 9.649e-05 0.2802 -0.9854 0.0062 0.2735 -0.992 0.0133 0.2657 -1.0002 0.0201 0.2579 -1.0023 0.0101 0.2678
94.0 -1.0504 0.0103 0.2629 -0.9498 0.0336 0.2491 -0.9235 0.039 0.2462 -0.9448 0.0453 0.2376 -0.9584 0.0477 0.2338 -0.9729 0.0451 0.235 -0.9774 0.0006 0.2801 -0.9835 0.0052 0.2747 -0.9899 0.0117 0.2675 -0.9973 0.0186 0.2596 -0.9997 0.0093 0.269
95.0 -1.0505 0.0109 0.2623 -0.9474 0.0352 0.2477 -0.9191 0.039 0.2466 -0.9459 0.0464 0.2364 -0.9593 0.0476 0.2338 -0.9712 0.0454 0.2349 -0.9757 0.0008 0.28 -0.9809 0.0056 0.2746 -0.9884 0.0131 0.2662 -0.9967 0.02 0.2584 -0.9984 0.0101 0.2683
96.0 -1.047 0.0113 0.2622 -0.9472 0.0388 0.244 -0.9153 0.0425 0.2433 -0.933 0.0481 0.2359 -0.9553 0.05 0.2318 -0.9681 0.0476 0.2329 -0.971 0.0039 0.2774 -0.9762 0.0087 0.2719 -0.9836 0.0156 0.2641 -0.9918 0.0224 0.2563 -0.9939 0.0124 0.2664
97.0 -1.0442 0.0099 0.264 -0.9488 0.0429 0.2396 -0.9129 0.0441 0.242 -0.9249 0.0473 0.2375 -0.9479 0.0479 0.2346 -0.9623 0.0447 0.2364 -0.9677 0.0055 0.276 -0.9736 0.009 0.2718 -0.9808 0.0148 0.2652 -0.9897 0.0203 0.2587 -0.9912 0.0119 0.2671
98.0 -1.0445 0.0117 0.2621 -0.9494 0.0465 0.2359 -0.9104 0.045 0.2413 -0.9291 0.0511 0.2333 -0.9502 0.0513 0.231 -0.9663 0.0473 0.2335 -0.9655 0.0077 0.274 -0.9733 0.0121 0.2687 -0.9814 0.0183 0.2615 -0.9911 0.0232 0.2557 -0.9911 0.0146 0.2644
99.0 -1.0436 0.0118 0.2621 -0.9532 0.0478 0.2342 -0.9091 0.0476 0.2387 -0.9368 0.0549 0.2286 -0.9654 0.0523 0.2284 -0.9779 0.0487 0.2308 -0.9649 0.0096 0.2721 -0.9717 0.0129 0.268 -0.9806 0.0185 0.2615 -0.9894 0.024 0.255 -0.99 0.0153 0.2637
100.0 -1.0383 0.0168 0.2575 -0.9494 0.0514 0.2309 -0.9068 0.0492 0.2374 -0.9203 0.0559 0.2292 -0.9497 0.0581 0.2241 -0.9641 0.0549 0.2259 -0.9645 0.0121 0.2696 -0.97 0.0187 0.2623 -0.9785 0.0267 0.2533 -0.9867 0.0335 0.2455 -0.9876 0.0215 0.2576
101.0 -1.0369 0.0188 0.2556 -0.9514 0.0529 0.2291 -0.9051 0.0494 0.2373 -0.9169 0.057 0.2284 -0.9527 0.0601 0.2217 -0.9673 0.0581 0.2223 -0.9624 0.0154 0.2664 -0.9688 0.0219 0.2592 -0.9762 0.0288 0.2513 -0.9853 0.0355 0.2436 -0.9859 0.0241 0.2552
102.0 -1.0371 0.02 0.2543 -0.9482 0.0546 0.2278 -0.9046 0.0519 0.2348 -0.9103 0.0591 0.2269 -0.9504 0.0622 0.2197 -0.9677 0.0605 0.2198 -0.9618 0.0167 0.2651 -0.9674 0.0239 0.2572 -0.9767 0.0318 0.2482 -0.9859 0.0391 0.2398 -0.9858 0.0263 0.2529
103.0 -1.0363 0.0201 0.2543 -0.9489 0.0539 0.2284 -0.905 0.0543 0.2323 -0.9157 0.0602 0.2253 -0.951 0.0603 0.2216 -0.9682 0.0586 0.2217 -0.9586 0.0184 0.2638 -0.9651 0.0254 0.2559 -0.9743 0.0327 0.2475 -0.9842 0.0393 0.2398 -0.9837 0.0272 0.2522
104.0 -1.0335 0.0193 0.2554 -0.9493 0.0557 0.2266 -0.9019 0.0566 0.2303 -0.9282 0.061 0.2232 -0.9531 0.0625 0.2192 -0.9695 0.0609 0.2192 -0.958 0.0203 0.2619 -0.9645 0.0273 0.254 -0.9737 0.0347 0.2456 -0.9844 0.0405 0.2385 -0.9828 0.0284 0.2511
105.0 -1.0329 0.0212 0.2535 -0.9438 0.0546 0.2282 -0.9033 0.0594 0.2273 -0.9173 0.0643 0.2209 -0.9427 0.0633 0.2194 -0.9599 0.061 0.2201 -0.9566 0.0223 0.2599 -0.9631 0.0294 0.2521 -0.9722 0.0361 0.2443 -0.9803 0.0423 0.2371 -0.981 0.0302 0.2494
106.0 -1.029 0.0235 0.2515 -0.9487 0.0576 0.2247 -0.9007 0.0598 0.2272 -0.9184 0.0653 0.2197 -0.9504 0.0622 0.2197 -0.9633 0.0605 0.2202 -0.9552 0.0243 0.258 -0.9611 0.0327 0.2489 -0.9694 0.0401 0.2404 -0.9784 0.0462 0.2333 -0.9786 0.0334 0.2464
107.0 -1.0315 0.0232 0.2516 -0.9499 0.0593 0.2228 -0.9001 0.0611 0.2259 -0.9125 0.0667 0.2189 -0.9477 0.062 0.2202 -0.9622 0.0594 0.2214 -0.9568 0.0235 0.2587 -0.9625 0.0307 0.2508 -0.9716 0.0374 0.243 -0.9806 0.0435 0.2359 -0.9806 0.0317 0.248
108.0 -1.0291 0.0241 0.2509 -0.9498 0.0587 0.2234 -0.9 0.0605 0.2265 -0.908 0.0661 0.22 -0.9248 0.0669 0.2175 -0.9505 0.0628 0.2191 -0.9553 0.0249 0.2574 -0.9618 0.032 0.2495 -0.9701 0.0388 0.2417 -0.9807 0.0441 0.2353 -0.9794 0.0328 0.247
109.0 -1.0285 0.026 0.249 -0.948 0.0583 0.224 -0.9006 0.0592 0.2278 -0.908 0.0661 0.22 -0.9257 0.0668 0.2175 -0.9506 0.0634 0.2185 -0.9547 0.0262 0.2561 -0.9605 0.0346 0.247 -0.9689 0.042 0.2386 -0.9787 0.048 0.2314 -0.9782 0.0354 0.2444
110.0 -1.0267 0.0257 0.2495 -0.9488 0.0582 0.224 -0.9016 0.0597 0.2272 -0.907 0.0656 0.2205 -0.9232 0.0677 0.2168 -0.9487 0.0625 0.2197 -0.9554 0.0255 0.2568 -0.9611 0.0327 0.2489 -0.9684 0.0396 0.241 -0.9783 0.0456 0.2339 -0.978 0.0338 0.246
111.0 -1.0283 0.0248 0.2502 -0.9491 0.06 0.2222 -0.9016 0.0597 0.2272 -0.9045 0.0666 0.2198 -0.9226 0.069 0.2155 -0.9506 0.0634 0.2185 -0.9547 0.0262 0.2561 -0.9604 0.034 0.2476 -0.9688 0.0414 0.2392 -0.9794 0.0467 0.2327 -0.9783 0.0346 0.2452
112.0 -1.0258 0.0258 0.2495 -0.9475 0.0608 0.2215 -0.8993 0.0618 0.2252 -0.9091 0.0672 0.2187 -0.9344 0.0662 0.2172 -0.9531 0.0625 0.2192 -0.9539 0.0269 0.2555 -0.9604 0.034 0.2476 -0.9686 0.0408 0.2398 -0.9775 0.0464 0.2333 -0.9773 0.0348 0.2451
113.0 -1.0258 0.0258 0.2495 -0.9493 0.0612 0.2209 -0.9002 0.0617 0.2253 -0.9073 0.0674 0.2187 -0.9361 0.066 0.2173 -0.9562 0.0602 0.2212 -0.9538 0.0263 0.2561 -0.9597 0.0347 0.2469 -0.968 0.0421 0.2385 -0.9769 0.0477 0.232 -0.9768 0.0353 0.2446
114.0 -1.0267 0.0257 0.2495 -0.9501 0.0604 0.2216 -0.9009 0.061 0.2259 -0.9073 0.0674 0.2187 -0.9268 0.0679 0.2163 -0.9508 0.0646 0.2172 -0.9548 0.0268 0.2555 -0.9606 0.0352 0.2464 -0.969 0.0426 0.2379 -0.9788 0.0486 0.2308 -0.978 0.0358 0.244
115.0 -1.0274 0.025 0.2502 -0.9502 0.061 0.221 -0.9002 0.0617 0.2253 -0.9073 0.0674 0.2187 -0.9318 0.0666 0.2171 -0.9522 0.0626 0.2192 -0.9554 0.0255 0.2568 -0.9603 0.0334 0.2482 -0.9686 0.0408 0.2398 -0.9776 0.047 0.2326 -0.9779 0.0343 0.2455
116.0 -1.0267 0.0257 0.2495 -0.9484 0.0607 0.2215 -0.9017 0.0603 0.2266 -0.9062 0.0658 0.2205 -0.9232 0.0677 0.2168 -0.9486 0.0619 0.2203 -0.9547 0.0262 0.2561 -0.9604 0.034 0.2476 -0.9678 0.041 0.2398 -0.9776 0.047 0.2326 -0.9774 0.0348 0.2451
117.0 -1.0256 0.0246 0.2507 -0.9482 0.0595 0.2228 -0.9018 0.0609 0.226 -0.9082 0.0673 0.2187 -0.9324 0.0647 0.219 -0.9549 0.0628 0.2187 -0.9537 0.0258 0.2567 -0.9613 0.0339 0.2476 -0.9705 0.0412 0.2392 -0.9803 0.0472 0.2321 -0.9783 0.0345 0.2453
118.0 -1.0266 0.0251 0.2502 -0.9489 0.0588 0.2234 -0.9016 0.0597 0.2272 -0.9072 0.0668 0.2193 -0.9259 0.068 0.2163 -0.9516 0.0639 0.2179 -0.9553 0.0249 0.2574 -0.9611 0.0327 0.2489 -0.9695 0.0407 0.2398 -0.9786 0.0474 0.2321 -0.9782 0.0342 0.2457
119.0 -1.0266 0.0251 0.2502 -0.9497 0.0581 0.2241 -0.9016 0.0597 0.2272 -0.9081 0.0667 0.2193 -0.9327 0.0665 0.2172 -0.9558 0.0627 0.2187 -0.9554 0.0255 0.2568 -0.9621 0.0338 0.2477 -0.9706 0.0418 0.2386 -0.9805 0.0484 0.2309 -0.979 0.0349 0.2448
120.0 -1.029 0.0235 0.2515 -0.9487 0.0576 0.2247 -0.9036 0.0563 0.2304 -0.9148 0.0646 0.2208 -0.9392 0.0637 0.2193 -0.9558 0.0627 0.2187 -0.9584 0.0227 0.2594 -0.9651 0.0309 0.2503 -0.9726 0.0385 0.2418 -0.9817 0.0452 0.2341 -0.9814 0.0322 0.2474
121.0 -1.0391 0.0209 0.2531 -0.9486 0.0521 0.2303 -0.9089 0.0513 0.235 -0.9329 0.0579 0.2259 -0.9491 0.06 0.2222 -0.967 0.0618 0.2185 -0.967 0.0166 0.2647 -0.9758 0.0264 0.2538 -0.9852 0.0349 0.2442 -0.9962 0.0426 0.2352 -0.9927 0.0283 0.2502
122.0 -1.0426 0.0211 0.2527 -0.9544 0.0501 0.2317 -0.9102 0.0487 0.2375 -0.9299 0.0558 0.2283 -0.9419 0.0591 0.2238 -0.9591 0.0617 0.2194 -0.9688 0.0164 0.2648 -0.9768 0.0269 0.2532 -0.9847 0.0368 0.2423 -0.9948 0.0446 0.2333 -0.9935 0.0292 0.2493
123.0 -1.0436 0.0216 0.2521 -0.9467 0.0462 0.2364 -0.9144 0.0475 0.2383 -0.945 0.0514 0.2314 -0.9556 0.0566 0.2249 -0.9666 0.0594 0.221 -0.9724 0.0122 0.2687 -0.9798 0.0241 0.2558 -0.988 0.0358 0.243 -0.9974 0.0443 0.2334 -0.9962 0.0276 0.2506
124.0 -1.0487 0.016 0.2573 -0.9499 0.0446 0.2378 -0.9216 0.0435 0.2417 -0.9372 0.0524 0.2311 -0.9558 0.0578 0.2237 -0.974 0.0615 0.2181 -0.9784 0.0114 0.2689 -0.9873 0.0218 0.2574 -0.9978 0.0314 0.2465 -1.0098 0.0396 0.237 -1.0044 0.024 0.2534
125.0 -1.0547 0.0146 0.2581 -0.9558 0.0426 0.2393 -0.9267 0.0422 0.2425 -0.9391 0.0528 0.2305 -0.9612 0.0583 0.2226 -0.9784 0.0615 0.2177 -0.9853 0.0105 0.2692 -0.9949 0.0202 0.2583 -1.0046 0.0299 0.2474 -1.0158 0.0387 0.2372 -1.011 0.0228 0.2541
126.0 -1.0544 0.0134 0.2594 -0.9547 0.0415 0.2405 -0.9267 0.0422 0.2425 -0.942 0.0542 0.2288 -0.9649 0.0597 0.2209 -0.982 0.0616 0.2172 -0.9852 0.0099 0.2698 -0.9957 0.0195 0.259 -1.007 0.0289 0.2482 -1.0183 0.0378 0.238 -1.0121 0.0219 0.2548
127.0 -1.0558 0.0114 0.2613 -0.9593 0.0378 0.2438 -0.9309 0.0411 0.2433 -0.9435 0.0528 0.2301 -0.9649 0.0597 0.2209 -0.983 0.0627 0.216 -0.9922 0.0096 0.2694 -1.0018 0.0193 0.2586 -1.0124 0.0294 0.2471 -1.0235 0.0377 0.2375 -1.0172 0.0215 0.2548
128.0 -1.056 0.0119 0.2607 -0.9588 0.0397 0.2419 -0.933 0.0432 0.2409 -0.9463 0.0536 0.2289 -0.9682 0.0586 0.2217 -0.9845 0.0613 0.2173 -0.9878 0.0095 0.2699 -0.9975 0.0198 0.2584 -1.0089 0.0293 0.2476 -1.0218 0.0379 0.2375 -1.0144 0.0217 0.2548
129.0 -1.0601 0.0108 0.2615 -0.9604 0.0389 0.2426 -0.9364 0.0427 0.241 -0.9479 0.0528 0.2296 -0.9675 0.0593 0.221 -0.9854 0.0612 0.2173 -0.9912 0.0091 0.27 -1.0008 0.0188 0.2592 -1.0114 0.029 0.2477 -1.0245 0.0382 0.237 -1.0176 0.0212 0.2551
130.0 -1.0602 0.0114 0.2608 -0.9623 0.0399 0.2414 -0.9383 0.0431 0.2405 -0.9497 0.0532 0.2291 -0.9683 0.0592 0.221 -0.9871 0.0609 0.2174 -0.9921 0.009 0.2701 -1.0017 0.0187 0.2592 -1.0123 0.0288 0.2477 -1.0253 0.0381 0.237 -1.0183 0.0212 0.255
131.0 -1.0722 0.014 0.2569 -0.9702 0.0394 0.2411 -0.9433 0.0418 0.2413 -0.953 0.0521 0.2298 -0.9673 0.0581 0.2223 -0.9915 0.061 0.2169 -1.001 0.0096 0.2685 -1.0089 0.0195 0.2576 -1.0177 0.0293 0.2467 -1.0289 0.0382 0.2365 -1.0257 0.0221 0.2532
132.0 -1.0681 0.0158 0.2555 -0.9705 0.0412 0.2392 -0.9444 0.0429 0.2401 -0.9533 0.0539 0.228 -0.9686 0.0604 0.2198 -0.9943 0.0618 0.2158 -0.9977 0.0107 0.2678 -1.0056 0.0206 0.2568 -1.0153 0.0309 0.2453 -1.0273 0.039 0.2358 -1.0228 0.0234 0.2523
133.0 -1.0733 0.0157 0.2551 -0.9733 0.042 0.2381 -0.9445 0.0435 0.2395 -0.9532 0.0533 0.2286 -0.9692 0.0591 0.2211 -0.9952 0.0617 0.2158 -1.0013 0.0114 0.2667 -1.0084 0.0214 0.2557 -1.0171 0.0312 0.2448 -1.0291 0.0394 0.2353 -1.0258 0.0238 0.2515
134.0 -1.0861 0.0183 0.2512 -0.9866 0.0378 0.2411 -0.9583 0.0422 0.2394 -0.9648 0.0542 0.2265 -0.9809 0.0606 0.2184 -1.0079 0.0642 0.212 -1.0174 0.0129 0.2635 -1.0249 0.0253 0.2501 -1.0329 0.0358 0.2385 -1.0423 0.0443 0.2289 -1.0407 0.0273 0.2465
135.0 -1.0906 0.0189 0.2501 -0.9923 0.0352 0.2432 -0.9606 0.045 0.2364 -0.9677 0.0556 0.2248 -0.982 0.0616 0.2172 -1.0038 0.066 0.2106 -1.0263 0.0135 0.262 -1.0329 0.0261 0.2485 -1.0402 0.0373 0.2363 -1.048 0.0466 0.226 -1.0476 0.0285 0.2446
136.0 -1.0952 0.0201 0.2484 -0.9959 0.0408 0.2371 -0.9634 0.0458 0.2352 -0.9714 0.0564 0.2237 -0.9892 0.0625 0.2156 -1.0081 0.0654 0.2107 -1.0204 0.0149 0.2612 -1.0269 0.0269 0.2483 -1.0358 0.0373 0.2368 -1.0451 0.0452 0.2278 -1.0447 0.0289 0.2445
137.0 -1.1008 0.0218 0.2462 -1.0004 0.0414 0.236 -0.9678 0.0458 0.2348 -0.9776 0.0567 0.2227 -0.9953 0.0623 0.2152 -1.0135 0.0659 0.2097 -1.0259 0.016 0.2595 -1.0333 0.0284 0.246 -1.0422 0.0388 0.2345 -1.0516 0.0474 0.2249 -1.0508 0.0305 0.2422
138.0 -1.1033 0.0208 0.2469 -1.0045 0.0397 0.2374 -0.9738 0.045 0.235 -0.983 0.0572 0.2216 -1.0009 0.064 0.2129 -1.0241 0.0663 0.2082 -1.0314 0.0177 0.2572 -1.0378 0.0291 0.245 -1.0475 0.0387 0.2341 -1.0585 0.0464 0.2252 -1.0557 0.0306 0.2417
139.0 -1.1093 0.02 0.2471 -1.0076 0.0374 0.2394 -0.9801 0.046 0.2334 -0.9857 0.0581 0.2205 -1.0044 0.0641 0.2125 -1.0267 0.066 0.2083 -1.043 0.0186 0.2552 -1.0495 0.0305 0.2423 -1.0574 0.0405 0.2314 -1.0666 0.0478 0.223 -1.0652 0.0315 0.2398
140.0 -1.1157 0.0216 0.2449 -1.0142 0.0396 0.2366 -0.9852 0.0447 0.2342 -0.9935 0.057 0.2208 -1.0098 0.0646 0.2114 -1.0296 0.0674 0.2066 -1.0454 0.017 0.2565 -1.0519 0.029 0.2436 -1.0599 0.0395 0.2321 -1.0693 0.048 0.2225 -1.0684 0.031 0.2399
141.0 -1.1212 0.0227 0.2432 -1.0205 0.0406 0.2349 -0.9903 0.044 0.2344 -0.9978 0.0565 0.2209 -1.0138 0.0628 0.2128 -1.0337 0.0656 0.208 -1.0522 0.0155 0.2574 -1.058 0.0288 0.2433 -1.0654 0.0406 0.2304 -1.074 0.0498 0.2201 -1.0742 0.0315 0.2389
142.0 -1.1247 0.0228 0.2427 -1.0262 0.038 0.237 -0.9961 0.042 0.2359 -1.0022 0.0565 0.2205 -1.0185 0.064 0.2111 -1.0424 0.0651 0.2077 -1.0619 0.016 0.2559 -1.0668 0.0288 0.2423 -1.0749 0.0399 0.2302 -1.0836 0.0491 0.2199 -1.0824 0.0313 0.2382
143.0 -1.1344 0.0227 0.2418 -1.0319 0.0354 0.2391 -1.003 0.0411 0.2361 -1.0081 0.0551 0.2213 -1.0244 0.0626 0.212 -1.0467 0.0645 0.2078 -1.0705 0.0149 0.2562 -1.0763 0.0275 0.2427 -1.0836 0.0394 0.2299 -1.0923 0.0486 0.2196 -1.0914 0.0306 0.2381
144.0 -1.1416 0.0236 0.2402 -1.0389 0.0399 0.2338 -1.0093 0.0421 0.2345 -1.0158 0.054 0.2216 -1.0303 0.0612 0.2128 -1.0538 0.0648 0.2069 -1.0781 0.0126 0.2578 -1.0838 0.0253 0.2443 -1.0912 0.0371 0.2314 -1.0992 0.0477 0.2199 -1.0987 0.0293 0.2387
145.0 -1.1505 0.0242 0.2387 -1.0444 0.0361 0.2371 -1.017 0.0404 0.2354 -1.0242 0.0517 0.2232 -1.0364 0.061 0.2124 -1.0576 0.0667 0.2045 -1.0878 0.0131 0.2563 -1.0936 0.0258 0.2428 -1.1002 0.0384 0.2293 -1.1073 0.049 0.2177 -1.1079 0.0301 0.2369
146.0 -1.1589 0.0274 0.2347 -1.0534 0.0373 0.235 -1.0264 0.0391 0.2358 -1.0303 0.0514 0.2228 -1.0441 0.06 0.2127 -1.0644 0.0652 0.2054 -1.0932 0.0136 0.2552 -1.0971 0.0259 0.2423 -1.1036 0.0379 0.2294 -1.111 0.0497 0.2166 -1.1128 0.0309 0.2356
147.0 -1.1643 0.0279 0.2336 -1.0613 0.0326 0.239 -1.0344 0.0393 0.2348 -1.0399 0.0508 0.2226 -1.0548 0.0604 0.2113 -1.074 0.0645 0.2052 -1.1019 0.018 0.25 -1.1056 0.0291 0.2382 -1.112 0.0404 0.226 -1.1189 0.0499 0.2156 -1.1205 0.033 0.2327
148.0 -1.1716 0.0293 0.2314 -1.0672 0.0312 0.2399 -1.0419 0.0371 0.2364 -1.0476 0.0497 0.2229 -1.0608 0.0596 0.2115 -1.0802 0.0649 0.2041 -1.109 0.0182 0.249 -1.1128 0.0299 0.2366 -1.1182 0.0408 0.225 -1.1251 0.0503 0.2146 -1.1273 0.0337 0.2313
149.0 -1.1778 0.0297 0.2304 -1.076 0.0312 0.239 -1.0485 0.0349 0.2379 -1.0538 0.0501 0.2219 -1.0661 0.06 0.2105 -1.0871 0.0639 0.2044 -1.1182 0.0158 0.2506 -1.1212 0.0276 0.2382 -1.126 0.0404 0.2247 -1.1332 0.051 0.2131 -1.1353 0.0329 0.2314
150.0 -1.1831 0.0296 0.23 -1.0821 0.0304 0.2392 -1.0569 0.0326 0.2395 -1.0616 0.0491 0.2222 -1.0748 0.0595 0.2102 -1.0966 0.0633 0.2042 -1.1233 0.0145 0.2514 -1.1262 0.0263 0.239 -1.1318 0.0384 0.2261 -1.1398 0.0489 0.2146 -1.1408 0.0315 0.2322
151.0 -1.1883 0.0295 0.2296 -1.0897 0.0288 0.2401 -1.0673 0.0318 0.2392 -1.0727 0.0476 0.2226 -1.0828 0.0596 0.2092 -1.1029 0.0642 0.2025 -1.1356 0.0146 0.25 -1.1393 0.0257 0.2383 -1.144 0.0373 0.226 -1.1504 0.0487 0.2137 -1.1515 0.0312 0.2315
152.0 -1.1971 0.0295 0.2287 -1.0976 0.0289 0.2392 -1.077 0.0317 0.2384 -1.0808 0.0483 0.221 -1.0915 0.0591 0.209 -1.111 0.065 0.201 -1.1436 0.0154 0.2484 -1.1465 0.0266 0.2367 -1.1512 0.0382 0.2244 -1.1583 0.0488 0.2128 -1.1594 0.0317 0.2302
153.0 -1.2608 0.0362 0.2155 -1.1638 0.0401 0.2211 -1.1339 0.035 0.2293 -1.1392 0.0551 0.2083 -1.1534 0.066 0.1957 -1.1727 0.0707 0.189 -1.1938 0.0202 0.2385 -1.1974 0.0307 0.2274 -1.2037 0.0421 0.2152 -1.2125 0.0519 0.2043 -1.2136 0.0362 0.2202
154.0 -1.264 0.0395 0.2119 -1.1771 0.0408 0.2191 -1.144 0.0373 0.226 -1.1497 0.0549 0.2075 -1.1632 0.0665 0.1942 -1.1833 0.0711 0.1875 -1.2013 0.0229 0.2351 -1.2032 0.0342 0.2233 -1.2087 0.0451 0.2116 -1.2182 0.0542 0.2014 -1.2191 0.0392 0.2166
155.0 -1.2676 0.0402 0.2108 -1.188 0.0424 0.2164 -1.1514 0.0394 0.2231 -1.1604 0.0559 0.2054 -1.1714 0.0684 0.1914 -1.1926 0.0741 0.1835 -1.2086 0.0243 0.2329 -1.2087 0.0353 0.2216 -1.2141 0.0462 0.21 -1.2228 0.0554 0.1997 -1.2244 0.0403 0.215
156.0 -1.282 0.0419 0.2076 -1.1961 0.0437 0.2143 -1.1595 0.0407 0.221 -1.168 0.0591 0.2013 -1.1777 0.0694 0.1898 -1.1989 0.0745 0.1825 -1.22 0.0246 0.2314 -1.2219 0.0354 0.2203 -1.2272 0.0456 0.2092 -1.2359 0.0548 0.1989 -1.2374 0.0405 0.2135
157.0 -1.2865 0.0425 0.2065 -1.2042 0.0445 0.2127 -1.1668 0.0422 0.2187 -1.1734 0.0596 0.2003 -1.1859 0.0708 0.1876 -1.2079 0.0757 0.1804 -1.2231 0.0273 0.2284 -1.2249 0.0374 0.2179 -1.2312 0.0482 0.2063 -1.2406 0.0567 0.1966 -1.2413 0.0424 0.2111
158.0 -1.2957 0.0449 0.2031 -1.2124 0.0464 0.2099 -1.1757 0.0428 0.2172 -1.1818 0.0573 0.2018 -1.1929 0.0704 0.1873 -1.215 0.076 0.1794 -1.2304 0.0287 0.2262 -1.2322 0.0389 0.2157 -1.2374 0.0485 0.2052 -1.2461 0.0577 0.195 -1.2484 0.0438 0.209
159.0 -1.3002 0.0456 0.2021 -1.219 0.0486 0.207 -1.1808 0.0464 0.213 -1.1868 0.0609 0.1977 -1.1977 0.0728 0.1843 -1.2205 0.0777 0.1771 -1.2351 0.0305 0.2239 -1.2369 0.0407 0.2133 -1.2413 0.0505 0.2029 -1.2499 0.0597 0.1926 -1.2527 0.0454 0.207
160.0 -1.3038 0.0457 0.2016 -1.2247 0.0515 0.2035 -1.187 0.0517 0.207 -1.194 0.0666 0.1911 -1.2054 0.0767 0.1796 -1.2273 0.0811 0.173 -1.2399 0.0323 0.2216 -1.2414 0.0413 0.2123 -1.2466 0.051 0.2019 -1.2562 0.0601 0.1916 -1.2576 0.0461 0.2058
161.0 -1.3109 0.0459 0.2006 -1.2295 0.0533 0.2012 -1.1933 0.0527 0.2054 -1.1957 0.0664 0.1911 -1.2087 0.0756 0.1804 -1.2337 0.0826 0.1708 -1.2443 0.0323 0.2211 -1.2459 0.0419 0.2112 -1.2512 0.0516 0.2008 -1.2614 0.06 0.1912 -1.2627 0.0463 0.205
162.0 -1.3117 0.0458 0.2006 -1.2348 0.0538 0.2001 -1.1958 0.0517 0.2061 -1.2001 0.0664 0.1907 -1.214 0.0755 0.18 -1.2354 0.0824 0.1708 -1.2487 0.0324 0.2207 -1.2495 0.042 0.2107 -1.2547 0.0517 0.2003 -1.2632 0.0603 0.1906 -1.2656 0.0464 0.2046
163.0 -1.3213 0.0452 0.2004 -1.2416 0.0522 0.201 -1.2037 0.0519 0.2052 -1.2089 0.0664 0.1898 -1.2256 0.0764 0.1779 -1.2464 0.0797 0.1725 -1.2579 0.0299 0.2223 -1.2597 0.04 0.2117 -1.264 0.0498 0.2013 -1.2727 0.059 0.191 -1.2751 0.0448 0.2053
164.0 -1.3247 0.0447 0.2005 -1.2484 0.0507 0.2019 -1.2094 0.0493 0.2073 -1.2121 0.0648 0.1911 -1.2281 0.0754 0.1787 -1.2498 0.0792 0.1726 -1.2623 0.0299 0.2218 -1.2624 0.0403 0.2112 -1.2666 0.0495 0.2014 -1.2752 0.0581 0.1917 -1.2782 0.0445 0.2053
165.0 -1.3301 0.0452 0.1995 -1.2528 0.0507 0.2015 -1.2129 0.0494 0.2068 -1.2174 0.0647 0.1907 -1.2332 0.0748 0.1789 -1.2532 0.0782 0.1734 -1.266 0.0306 0.2207 -1.2659 0.0404 0.2107 -1.271 0.0495 0.2009 -1.2787 0.0582 0.1912 -1.2823 0.0448 0.2046
166.0 -1.3633 0.0438 0.1976 -1.2958 0.0455 0.2025 -1.2569 0.049 0.2029 -1.2612 0.0636 0.1874 -1.2825 0.0748 0.1739 -1.297 0.0771 0.1701 -1.3052 0.0284 0.2191 -1.3044 0.0389 0.2085 -1.3087 0.0487 0.198 -1.3155 0.0575 0.1883 -1.3194 0.0435 0.2023
167.0 -1.3753 0.0421 0.1981 -1.3005 0.0467 0.2008 -1.2622 0.0495 0.2018 -1.2654 0.0625 0.1882 -1.2879 0.0753 0.1729 -1.3019 0.0753 0.1715 -1.3113 0.0282 0.2187 -1.3113 0.0386 0.2081 -1.3157 0.0484 0.1977 -1.3234 0.0571 0.188 -1.3274 0.0429 0.2021
168.0 -1.3761 0.0414 0.1988 -1.3063 0.0447 0.2023 -1.2687 0.051 0.1996 -1.2742 0.0625 0.1873 -1.2964 0.0736 0.1738 -1.3081 0.075 0.1711 -1.3171 0.0262 0.2202 -1.3171 0.0366 0.2096 -1.3206 0.0465 0.1991 -1.3276 0.0559 0.1888 -1.3317 0.0413 0.2033
169.0 -1.3813 0.0413 0.1983 -1.3088 0.0444 0.2024 -1.2737 0.0497 0.2004 -1.2813 0.0628 0.1863 -1.2988 0.0726 0.1745 -1.3114 0.074 0.1719 -1.3207 0.0269 0.2191 -1.3207 0.0367 0.2091 -1.3242 0.0466 0.1986 -1.331 0.0554 0.1889 -1.3356 0.0414 0.2028
170.0 -1.384 0.0416 0.1978 -1.3129 0.0426 0.2038 -1.2792 0.0459 0.2037 -1.286 0.0597 0.189 -1.3064 0.0704 0.1761 -1.3173 0.0726 0.1727 -1.3273 0.0242 0.2212 -1.3264 0.0341 0.2112 -1.3299 0.044 0.2007 -1.336 0.0536 0.1903 -1.3407 0.0395 0.2043
171.0 -1.391 0.0412 0.1975 -1.3162 0.041 0.2052 -1.2839 0.0478 0.2014 -1.2931 0.06 0.188 -1.309 0.0706 0.1755 -1.3216 0.072 0.1729 -1.33 0.0244 0.2207 -1.3308 0.0341 0.2107 -1.3343 0.044 0.2003 -1.3412 0.0535 0.1899 -1.3454 0.0394 0.2038
172.0 -1.3969 0.0398 0.1983 -1.3213 0.0403 0.2054 -1.2875 0.0479 0.2009 -1.2955 0.0584 0.1894 -1.3149 0.0692 0.1764 -1.3249 0.0709 0.1737 -1.3343 0.0239 0.2209 -1.3352 0.0341 0.2103 -1.3387 0.044 0.1998 -1.3456 0.0535 0.1895 -1.3501 0.0391 0.2037
173.0 -1.4048 0.04 0.1974 -1.3273 0.0395 0.2056 -1.2957 0.0449 0.2031 -1.3087 0.0585 0.188 -1.3215 0.0665 0.1785 -1.3305 0.0677 0.1764 -1.343 0.0233 0.2206 -1.3446 0.0328 0.2106 -1.348 0.0422 0.2008 -1.3539 0.0505 0.1916 -1.3589 0.0378 0.2042
174.0 -1.4082 0.0389 0.1981 -1.3322 0.037 0.2077 -1.2997 0.0426 0.2052 -1.3098 0.0546 0.1918 -1.3255 0.0641 0.1806 -1.3355 0.0658 0.1778 -1.3471 0.0215 0.222 -1.3468 0.0301 0.2132 -1.3502 0.0394 0.2034 -1.357 0.0483 0.1936 -1.3618 0.0356 0.2061
175.0 -1.4081 0.0383 0.1987 -1.3328 0.0357 0.2089 -1.3012 0.0411 0.2065 -1.3123 0.0543 0.1919 -1.325 0.0611 0.1837 -1.3369 0.0638 0.1797 -1.3501 0.0187 0.2246 -1.3499 0.0278 0.2152 -1.3526 0.0379 0.2047 -1.3585 0.0468 0.1949 -1.3638 0.0339 0.2076
176.0 -1.4085 0.0358 0.2013 -1.3429 0.0331 0.2106 -1.3106 0.0393 0.2075 -1.3213 0.05 0.1954 -1.3334 0.0588 0.1852 -1.3434 0.0611 0.1819 -1.3575 0.0158 0.2268 -1.3557 0.0258 0.2167 -1.3583 0.0353 0.2068 -1.3642 0.0442 0.197 -1.3688 0.0314 0.2097
177.0 -1.4082 0.034 0.2031 -1.3464 0.0326 0.2107 -1.3121 0.0378 0.2088 -1.3259 0.0513 0.1937 -1.3394 0.058 0.1855 -1.3468 0.06 0.1826 -1.3567 0.0165 0.2261 -1.3558 0.0264 0.2161 -1.3585 0.0365 0.2056 -1.3644 0.0454 0.1958 -1.3687 0.0318 0.2093
178.0 -1.4061 0.0319 0.2055 -1.3489 0.0323 0.2108 -1.3172 0.0371 0.209 -1.3265 0.0499 0.195 -1.3422 0.0588 0.1843 -1.3496 0.0609 0.1815 -1.3593 0.0162 0.2262 -1.3584 0.0261 0.2162 -1.3609 0.0355 0.2063 -1.3669 0.0445 0.1965 -1.3703 0.0308 0.2101
179.0 -1.4035 0.0273 0.2104 -1.3495 0.0304 0.2127 -1.3182 0.0376 0.2084 -1.3264 0.0493 0.1956 -1.3418 0.057 0.1862 -1.3541 0.0615 0.1804 -1.3603 0.0167 0.2256 -1.3596 0.0278 0.2143 -1.363 0.0371 0.2045 -1.368 0.0456 0.1953 -1.3709 0.0309 0.21
180.0 -1.4025 0.0269 0.211 -1.3605 0.0282 0.2138 -1.3214 0.036 0.2097 -1.3298 0.0483 0.1963 -1.3455 0.0578 0.1851 -1.3593 0.0614 0.18 -1.3622 0.0176 0.2244 -1.3605 0.0282 0.2138 -1.363 0.0371 0.2045 -1.3679 0.045 0.1959 -1.3712 0.031 0.2099
181.0 -1.402 0.0239 0.2141 -1.3659 0.0239 0.2177 -1.3242 0.0368 0.2086 -1.3324 0.0485 0.1958 -1.3472 0.0575 0.1851 -1.3608 0.06 0.1813 -1.363 0.0169 0.2251 -1.3631 0.0279 0.2139 -1.3673 0.0365 0.2047 -1.373 0.0443 0.1961 -1.3737 0.0299 0.2108
182.0 -1.4033 0.0213 0.2167 -1.3677 0.0236 0.2178 -1.3266 0.0353 0.2099 -1.3339 0.0471 0.1971 -1.3487 0.0561 0.1865 -1.3633 0.059 0.182 -1.3671 0.0152 0.2265 -1.3681 0.026 0.2153 -1.3714 0.0347 0.2061 -1.377 0.0419 0.1982 -1.3774 0.0278 0.2125
183.0 -1.4055 0.0185 0.2193 -1.3635 0.0248 0.217 -1.3309 0.0347 0.2101 -1.34 0.0463 0.1974 -1.3545 0.0541 0.1879 -1.3673 0.0567 0.184 -1.3688 0.0149 0.2266 -1.3696 0.0246 0.2166 -1.3737 0.0332 0.2074 -1.3801 0.0397 0.2002 -1.3795 0.0262 0.214
184.0 -1.4099 0.0185 0.2188 -1.3676 0.023 0.2184 -1.3358 0.0328 0.2116 -1.3414 0.0443 0.1993 -1.3568 0.052 0.1899 -1.3689 0.0558 0.1847 -1.372 0.0133 0.2279 -1.3728 0.0229 0.218 -1.376 0.031 0.2094 -1.3814 0.037 0.2027 -1.3824 0.0246 0.2154
185.0 -1.4096 0.0167 0.2207 -1.3699 0.0215 0.2197 -1.3402 0.0328 0.2111 -1.3439 0.0439 0.1994 -1.3575 0.0513 0.1905 -1.366 0.0544 0.1865 -1.377 0.012 0.2288 -1.376 0.0213 0.2194 -1.3766 0.0297 0.2106 -1.3796 0.0367 0.2033 -1.3838 0.0233 0.2165
186.0 -1.4197 0.0142 0.2223 -1.3765 0.0237 0.2169 -1.3436 0.0318 0.2119 -1.3408 0.0413 0.2024 -1.366 0.044 0.1971 -1.3676 0.0487 0.1922 -1.3899 0.0102 0.2293 -1.3871 0.0192 0.2204 -1.3867 0.0272 0.2123 -1.3863 0.0345 0.2048 -1.3939 0.0211 0.2178
187.0 -1.4126 0.0139 0.2233 -1.3899 0.0151 0.2243 -1.3493 0.0292 0.214 -1.3493 0.0395 0.2033 -1.3577 0.047 0.1949 -1.3653 0.0502 0.1908 -1.382 0.0101 0.2302 -1.3783 0.0191 0.2213 -1.3788 0.027 0.2132 -1.3808 0.0335 0.2064 -1.3865 0.0207 0.2189
188.0 -1.4114 0.0122 0.2251 -1.3877 0.0173 0.2223 -1.3511 0.0295 0.2134 -1.3511 0.0393 0.2034 -1.3593 0.0461 0.1956 -1.3667 0.0482 0.1928 -1.3829 0.01 0.2302 -1.3799 0.0183 0.222 -1.3796 0.0263 0.2139 -1.3805 0.0317 0.2083 -1.3868 0.0197 0.2199
189.0 -1.4184 0.0119 0.2247 -1.388 0.019 0.2204 -1.3537 0.0292 0.2135 -1.3553 0.0387 0.2036 -1.3615 0.044 0.1976 -1.3697 0.0453 0.1954 -1.3888 0.0086 0.2311 -1.3858 0.0169 0.2229 -1.3854 0.0243 0.2153 -1.3865 0.0309 0.2085 -1.393 0.0185 0.2205
190.0 -1.4327 0.0081 0.2272 -1.3853 0.0237 0.216 -1.3535 0.028 0.2147 -1.3541 0.0365 0.206 -1.3679 0.0401 0.2009 -1.3725 0.0413 0.1992 -1.3972 0.0062 0.2327 -1.3941 0.0139 0.2251 -1.3944 0.0206 0.2182 -1.3956 0.0272 0.2114 -1.4028 0.0152 0.2229
