1.0 -1.2468 0.0118 0.2418 -1.1529 0.0031 0.26 -1.1423 0.018 0.2459 -1.1449 0.0274 0.236 -1.1556 0.0333 0.2289 -1.1673 0.0348 0.2263 -1.18 -0.0079 0.2686 -1.1829 0.0034 0.2568 -1.1882 0.0136 0.2458 -1.1949 0.0219 0.2367 -1.1986 0.0086 0.25
2.0 -1.2479 0.0129 0.2406 -1.1558 0.0046 0.2583 -1.1416 0.0187 0.2452 -1.1452 0.0292 0.2341 -1.1575 0.0343 0.2278 -1.1692 0.0358 0.2251 -1.1818 -0.0081 0.2687 -1.1844 0.0019 0.2581 -1.1897 0.0122 0.2471 -1.1957 0.0212 0.2374 -1.1999 0.008 0.2504
3.0 -1.2509 0.015 0.2382 -1.1543 0.006 0.257 -1.1428 0.0204 0.2434 -1.147 0.0296 0.2336 -1.1612 0.035 0.2266 -1.172 0.0366 0.2239 -1.1826 -0.0082 0.2687 -1.1853 0.0018 0.2582 -1.1897 0.0122 0.2471 -1.1957 0.0212 0.2374 -1.2008 0.0084 0.2499
4.0 -1.2502 0.0163 0.237 -1.1557 0.004 0.2589 -1.1446 0.0208 0.2429 -1.147 0.0296 0.2336 -1.1614 0.0362 0.2254 -1.1712 0.0373 0.2233 -1.1844 -0.0078 0.2681 -1.1862 0.0023 0.2576 -1.1898 0.0128 0.2465 -1.195 0.0225 0.2361 -1.2012 0.0092 0.2491
5.0 -1.251 0.0155 0.2376 -1.1579 0.0061 0.2565 -1.1427 0.0198 0.244 -1.147 0.0296 0.2336 -1.1595 0.0358 0.226 -1.1687 0.0377 0.2232 -1.1843 -0.0084 0.2688 -1.1862 0.0023 0.2576 -1.1899 0.0134 0.2459 -1.1951 0.0231 0.2355 -1.2013 0.0092 0.2491
6.0 -1.25 0.0151 0.2382 -1.1561 0.0064 0.2564 -1.1419 0.0205 0.2434 -1.1464 0.0309 0.2323 -1.1595 0.0358 0.226 -1.1711 0.0367 0.2239 -1.1827 -0.0076 0.2681 -1.1854 0.0024 0.2576 -1.1899 0.0134 0.2459 -1.195 0.0225 0.2361 -1.2006 0.0092 0.2492
7.0 -1.2483 0.0153 0.2381 -1.1547 0.0084 0.2545 -1.1418 0.0199 0.244 -1.1444 0.0299 0.2335 -1.1577 0.0355 0.2265 -1.1686 0.0371 0.2238 -1.1828 -0.007 0.2675 -1.1863 0.0029 0.257 -1.1909 0.0139 0.2453 -1.196 0.023 0.2355 -1.2009 0.0096 0.2487
8.0 -1.2482 0.0147 0.2388 -1.1569 0.0057 0.2571 -1.1408 0.0194 0.2446 -1.1435 0.0295 0.2341 -1.1551 0.0358 0.2264 -1.1686 0.0371 0.2238 -1.1828 -0.007 0.2675 -1.1855 0.003 0.2569 -1.1908 0.0133 0.2459 -1.1969 0.0229 0.2355 -1.2008 0.0094 0.2489
9.0 -1.2465 0.0149 0.2387 -1.1573 0.008 0.2546 -1.141 0.0206 0.2434 -1.1464 0.0309 0.2323 -1.1603 0.0351 0.2266 -1.1712 0.0373 0.2233 -1.1811 -0.0068 0.2674 -1.1846 0.0031 0.2569 -1.19 0.014 0.2452 -1.196 0.023 0.2355 -1.1996 0.0097 0.2487
10.0 -1.2464 0.0143 0.2393 -1.1558 0.0046 0.2583 -1.1427 0.0198 0.244 -1.1454 0.0304 0.2329 -1.1595 0.0358 0.226 -1.1695 0.0375 0.2232 -1.1821 -0.0063 0.2668 -1.1838 0.0038 0.2563 -1.1892 0.0141 0.2452 -1.1951 0.0231 0.2355 -1.1993 0.0098 0.2486
11.0 -1.2447 0.0146 0.2392 -1.157 0.0062 0.2565 -1.1434 0.0191 0.2447 -1.1455 0.031 0.2323 -1.1603 0.0351 0.2266 -1.172 0.0366 0.2239 -1.1837 -0.0071 0.2675 -1.1856 0.0036 0.2563 -1.1901 0.0146 0.2446 -1.1961 0.0236 0.2349 -1.2 0.0098 0.2485
12.0 -1.2448 0.0152 0.2386 -1.1582 0.0079 0.2546 -1.142 0.0211 0.2428 -1.1456 0.0316 0.2317 -1.1595 0.0358 0.226 -1.1729 0.0365 0.224 -1.1804 -0.0061 0.2667 -1.1838 0.0038 0.2563 -1.1892 0.0141 0.2452 -1.196 0.023 0.2355 -1.1988 0.01 0.2485
13.0 -1.2482 0.0147 0.2388 -1.1573 0.008 0.2546 -1.143 0.0216 0.2422 -1.1475 0.0326 0.2305 -1.1588 0.0365 0.2253 -1.1731 0.0377 0.2227 -1.1837 -0.0071 0.2675 -1.1864 0.0035 0.2564 -1.1917 0.0138 0.2453 -1.1978 0.0233 0.2349 -1.2016 0.0096 0.2486
14.0 -1.2475 0.0154 0.2381 -1.1609 0.0082 0.2541 -1.1446 0.0208 0.2429 -1.1464 0.0309 0.2323 -1.1614 0.0362 0.2254 -1.1748 0.0374 0.2228 -1.1839 -0.0059 0.2662 -1.1857 0.0042 0.2557 -1.191 0.0145 0.2447 -1.1979 0.0239 0.2343 -1.2012 0.0104 0.2478
15.0 -1.2485 0.0165 0.2369 -1.1583 0.0085 0.254 -1.1447 0.0213 0.2422 -1.1475 0.0326 0.2305 -1.1615 0.0368 0.2248 -1.174 0.0382 0.2221 -1.184 -0.0053 0.2656 -1.1866 0.0047 0.2551 -1.192 0.015 0.2441 -1.1979 0.0239 0.2343 -1.2018 0.011 0.2472
16.0 -1.2503 0.0169 0.2363 -1.16 0.0083 0.2541 -1.1446 0.0208 0.2429 -1.1465 0.0315 0.2317 -1.1589 0.0371 0.2247 -1.174 0.0382 0.2221 -1.1865 -0.0063 0.2663 -1.1891 0.0037 0.2558 -1.1936 0.0141 0.2448 -1.1996 0.0237 0.2344 -1.2038 0.0104 0.2475
17.0 -1.2485 0.0165 0.2369 -1.1602 0.0095 0.2528 -1.1445 0.0202 0.2435 -1.1464 0.0309 0.2323 -1.1615 0.0368 0.2248 -1.1766 0.0378 0.2222 -1.1839 -0.0059 0.2662 -1.1865 0.0041 0.2557 -1.1927 0.0143 0.2447 -1.1987 0.0232 0.235 -1.2021 0.0104 0.2477
18.0 -1.2465 0.0149 0.2387 -1.1633 0.0072 0.2548 -1.1446 0.0208 0.2429 -1.1456 0.0316 0.2317 -1.1598 0.037 0.2247 -1.1759 0.0385 0.2216 -1.184 -0.0053 0.2656 -1.1859 0.0054 0.2545 -1.1912 0.0157 0.2434 -1.198 0.0245 0.2337 -1.2011 0.011 0.2472
19.0 -1.2484 0.0159 0.2375 -1.1609 0.0082 0.2541 -1.1437 0.0209 0.2428 -1.1465 0.0315 0.2317 -1.1606 0.0369 0.2248 -1.1731 0.0377 0.2227 -1.1855 -0.0068 0.2669 -1.1883 0.0039 0.2558 -1.1927 0.0143 0.2447 -1.1988 0.0238 0.2343 -1.2027 0.0102 0.2479
20.0 -1.2457 0.0156 0.238 -1.161 0.0088 0.2535 -1.1436 0.0203 0.2435 -1.1446 0.0311 0.2323 -1.1579 0.0367 0.2253 -1.1732 0.0383 0.2221 -1.1823 -0.0051 0.2656 -1.1849 0.0049 0.255 -1.1894 0.0153 0.244 -1.1962 0.0242 0.2342 -1.1997 0.011 0.2474
21.0 -1.2465 0.0149 0.2387 -1.1575 0.0092 0.2534 -1.1429 0.021 0.2428 -1.1439 0.0318 0.2316 -1.158 0.0373 0.2247 -1.1732 0.0383 0.2221 -1.1831 -0.0052 0.2656 -1.1858 0.0048 0.2551 -1.191 0.0145 0.2447 -1.1971 0.0241 0.2343 -1.2007 0.0106 0.2477
22.0 -1.243 0.0148 0.2392 -1.1595 0.0102 0.2522 -1.1393 0.0209 0.2433 -1.1396 0.0324 0.2314 -1.1545 0.0371 0.2251 -1.1705 0.038 0.2226 -1.1804 -0.0061 0.2667 -1.1831 0.0046 0.2556 -1.1884 0.0148 0.2446 -1.1953 0.0243 0.2342 -1.198 0.0105 0.2481
23.0 -1.2421 0.0149 0.2391 -1.1568 0.0099 0.2527 -1.1402 0.0207 0.2433 -1.1396 0.0324 0.2314 -1.1573 0.038 0.224 -1.1715 0.0385 0.222 -1.1797 -0.0048 0.2655 -1.1823 0.0053 0.2549 -1.1876 0.015 0.2445 -1.1944 0.0238 0.2348 -1.1972 0.0108 0.2478
24.0 -1.243 0.0148 0.2392 -1.1568 0.0099 0.2527 -1.1401 0.0201 0.2439 -1.1403 0.0317 0.2321 -1.1546 0.0377 0.2245 -1.1697 0.0387 0.222 -1.1795 -0.0059 0.2667 -1.1831 0.0046 0.2556 -1.1884 0.0148 0.2446 -1.1945 0.0244 0.2342 -1.1977 0.0105 0.248
25.0 -1.243 0.0148 0.2392 -1.156 0.0107 0.2521 -1.1394 0.0214 0.2427 -1.1405 0.0323 0.2315 -1.1555 0.0376 0.2246 -1.1705 0.038 0.2226 -1.1805 -0.0055 0.2661 -1.1831 0.0046 0.2556 -1.1884 0.0148 0.2446 -1.1944 0.0238 0.2348 -1.1979 0.0105 0.2481
26.0 -1.2457 0.0156 0.238 -1.1548 0.009 0.2539 -1.1392 0.0203 0.2439 -1.1405 0.0323 0.2315 -1.1556 0.0382 0.2239 -1.1698 0.0393 0.2214 -1.1805 -0.0055 0.2661 -1.1831 0.0046 0.2556 -1.1876 0.015 0.2445 -1.1935 0.0239 0.2348 -1.1981 0.0107 0.2478
27.0 -1.2411 0.0144 0.2397 -1.1532 0.0098 0.2532 -1.1386 0.0216 0.2426 -1.1389 0.0337 0.2302 -1.1557 0.0388 0.2233 -1.1691 0.04 0.2207 -1.1779 -0.0051 0.266 -1.1806 0.0055 0.2549 -1.1859 0.0158 0.2438 -1.1927 0.024 0.2347 -1.1956 0.0109 0.2478
28.0 -1.2393 0.0141 0.2403 -1.1514 0.0094 0.2537 -1.136 0.0219 0.2425 -1.1362 0.0329 0.2313 -1.1537 0.0378 0.2245 -1.1663 0.0392 0.2218 -1.1777 -0.0063 0.2673 -1.1804 0.0043 0.2561 -1.1857 0.0146 0.2451 -1.1917 0.0236 0.2353 -1.195 0.01 0.2488
29.0 -1.2345 0.0117 0.2432 -1.1491 0.0116 0.2518 -1.1351 0.022 0.2425 -1.1362 0.0329 0.2313 -1.153 0.0386 0.2238 -1.1672 0.0391 0.2219 -1.1744 -0.0047 0.2659 -1.178 0.0059 0.2548 -1.1833 0.0155 0.2444 -1.1909 0.0243 0.2347 -1.1922 0.0105 0.2486
30.0 -1.2318 0.0114 0.2437 -1.1481 0.0105 0.253 -1.1331 0.0205 0.2443 -1.1319 0.0335 0.2311 -1.1512 0.0382 0.2244 -1.1653 0.0387 0.2224 -1.1735 -0.0051 0.2665 -1.1763 0.0061 0.2547 -1.1807 0.0159 0.2443 -1.1875 0.0247 0.2345 -1.19 0.0106 0.2487
31.0 -1.2304 0.0134 0.2418 -1.1478 0.0087 0.2549 -1.1322 0.0206 0.2443 -1.1308 0.0324 0.2323 -1.1485 0.0379 0.2249 -1.1625 0.0379 0.2236 -1.1708 -0.0054 0.267 -1.1719 0.0061 0.2552 -1.1764 0.0165 0.2441 -1.1833 0.0259 0.2337 -1.1866 0.0113 0.2484
32.0 -1.2288 0.0143 0.2411 -1.1445 0.0104 0.2535 -1.1271 0.0213 0.2441 -1.1271 0.0317 0.2334 -1.1423 0.0376 0.2259 -1.1589 0.0371 0.2247 -1.1707 -0.006 0.2676 -1.1734 0.0046 0.2565 -1.1779 0.015 0.2454 -1.184 0.0246 0.235 -1.187 0.0105 0.2491
33.0 -1.2241 0.0125 0.2434 -1.1434 0.0087 0.2553 -1.1291 0.018 0.2473 -1.1252 0.0307 0.2346 -1.1397 0.0379 0.2258 -1.1554 0.037 0.2252 -1.1664 -0.0054 0.2674 -1.1674 0.0055 0.2562 -1.1727 0.0157 0.2452 -1.1796 0.0246 0.2355 -1.182 0.0106 0.2496
34.0 -1.2246 0.0154 0.2403 -1.1432 0.0081 0.2559 -1.126 0.0202 0.2453 -1.1235 0.0309 0.2346 -1.1344 0.038 0.2262 -1.1519 0.0375 0.225 -1.168 -0.0062 0.2681 -1.169 0.0046 0.2569 -1.1726 0.0151 0.2458 -1.1787 0.0247 0.2354 -1.1826 0.0107 0.2493
35.0 -1.225 0.0129 0.2429 -1.1422 0.007 0.2571 -1.1215 0.0196 0.2463 -1.1203 0.0326 0.2332 -1.1328 0.0388 0.2255 -1.1503 0.0383 0.2244 -1.1637 -0.0057 0.268 -1.1655 0.0045 0.2574 -1.1708 0.0148 0.2464 -1.1769 0.0243 0.236 -1.1804 0.0102 0.2501
36.0 -1.2215 0.0128 0.2433 -1.1373 0.0095 0.2551 -1.1182 0.0207 0.2456 -1.1195 0.0333 0.2325 -1.1327 0.0382 0.2262 -1.151 0.037 0.2256 -1.1584 -0.0056 0.2684 -1.1612 0.0051 0.2572 -1.1665 0.0153 0.2462 -1.1742 0.0241 0.2365 -1.1764 0.0104 0.2503
37.0 -1.2189 0.0132 0.2432 -1.1337 0.0088 0.2562 -1.114 0.0218 0.2448 -1.115 0.0327 0.2336 -1.1292 0.0381 0.2267 -1.1475 0.0375 0.2255 -1.1584 -0.0056 0.2684 -1.1603 0.0052 0.2572 -1.1647 0.015 0.2468 -1.1716 0.0244 0.2364 -1.1748 0.0104 0.2504
38.0 -1.2163 0.0135 0.2431 -1.1335 0.0076 0.2574 -1.1137 0.02 0.2467 -1.111 0.0302 0.2366 -1.1239 0.0382 0.2271 -1.144 0.0373 0.226 -1.1583 -0.0061 0.269 -1.1594 0.0047 0.2578 -1.1638 0.0151 0.2467 -1.1708 0.0245 0.2364 -1.1737 0.0103 0.2506
39.0 -1.211 0.013 0.2442 -1.1188 0.009 0.2575 -1.0951 0.0146 0.2541 -1.0912 0.0273 0.2414 -1.106 0.0363 0.2308 -1.1271 0.0365 0.2284 -1.1458 -0.0075 0.2716 -1.1468 0.0033 0.2604 -1.1505 0.0145 0.2487 -1.1576 0.0245 0.2377 -1.1623 0.0096 0.2525
40.0 -1.2072 0.0117 0.2459 -1.1179 0.0091 0.2574 -1.0906 0.014 0.2551 -1.0879 0.0284 0.2407 -1.1052 0.0371 0.2301 -1.1278 0.0352 0.2297 -1.1405 -0.0074 0.2721 -1.1424 0.0033 0.2609 -1.147 0.0143 0.2492 -1.1549 0.0242 0.2383 -1.1584 0.0092 0.2533
41.0 -1.2021 0.0124 0.2457 -1.1124 0.008 0.2591 -1.0833 0.0125 0.2574 -1.0815 0.0274 0.2423 -1.0962 0.0358 0.2322 -1.1175 0.0366 0.2293 -1.1361 -0.0074 0.2725 -1.137 0.0028 0.2619 -1.1424 0.0131 0.2509 -1.1493 0.0226 0.2405 -1.1534 0.0087 0.2543
42.0 -1.1994 0.0121 0.2462 -1.1053 0.0071 0.2607 -1.0791 0.0137 0.2566 -1.0779 0.0267 0.2434 -1.0935 0.0356 0.2328 -1.1151 0.0382 0.228 -1.129 -0.0077 0.2735 -1.131 0.0036 0.2617 -1.1364 0.0139 0.2507 -1.1434 0.024 0.2397 -1.1478 0.0092 0.2544
43.0 -1.1966 0.0113 0.2474 -1.1012 0.0089 0.2593 -1.0746 0.0131 0.2576 -1.0759 0.0251 0.2452 -1.0897 0.0337 0.2351 -1.1096 0.0371 0.2296 -1.1262 -0.0091 0.2752 -1.128 0.0016 0.2641 -1.1334 0.0119 0.253 -1.1396 0.0226 0.2414 -1.1448 0.0077 0.2562
44.0 -1.1929 0.0106 0.2485 -1.0982 0.0069 0.2617 -1.0693 0.0126 0.2587 -1.0697 0.0254 0.2456 -1.0846 0.035 0.2343 -1.1061 0.0369 0.2301 -1.1235 -0.0094 0.2758 -1.1255 0.002 0.264 -1.13 0.0129 0.2523 -1.1379 0.0229 0.2414 -1.142 0.0078 0.2564
45.0 -1.1913 0.0114 0.2478 -1.0947 0.0073 0.2615 -1.0647 0.0114 0.2604 -1.0668 0.0239 0.2473 -1.0791 0.0339 0.236 -1.0989 0.0361 0.2317 -1.1223 -0.0111 0.2776 -1.1233 -0.0002 0.2664 -1.1279 0.0108 0.2547 -1.1342 0.0215 0.2431 -1.1398 0.0065 0.2579
46.0 -1.1824 0.0108 0.2493 -1.0897 0.0037 0.2657 -1.0604 0.012 0.2602 -1.0597 0.0231 0.2489 -1.0745 0.0327 0.2377 -1.0973 0.0369 0.231 -1.1129 -0.0092 0.2766 -1.1141 0.0023 0.2648 -1.1194 0.0125 0.2538 -1.128 0.0218 0.2435 -1.1314 0.0076 0.2576
47.0 -1.1778 0.0095 0.251 -1.088 0.004 0.2657 -1.056 0.0119 0.2607 -1.0517 0.0229 0.2499 -1.0639 0.0323 0.2391 -1.0876 0.037 0.2319 -1.111 -0.0101 0.2778 -1.1112 0.0008 0.2666 -1.1157 0.0118 0.2549 -1.1245 0.0216 0.244 -1.1281 0.0067 0.2588
48.0 -1.1734 0.0095 0.2515 -1.0814 0.0067 0.2635 -1.0506 0.0115 0.2617 -1.05 0.0231 0.2498 -1.0612 0.032 0.2396 -1.0804 0.0361 0.2335 -1.1074 -0.0109 0.2789 -1.1083 -0.0006 0.2683 -1.1119 0.0099 0.2572 -1.1189 0.0199 0.2462 -1.124 0.0056 0.2604
49.0 -1.168 0.009 0.2525 -1.0789 0.0076 0.2628 -1.0446 0.0123 0.2615 -1.0448 0.0238 0.2496 -1.0576 0.0313 0.2407 -1.077 0.0366 0.2334 -1.102 -0.0114 0.2799 -1.1021 -0.001 0.2693 -1.1065 0.0094 0.2583 -1.1136 0.0194 0.2473 -1.1184 0.0051 0.2615
50.0 -1.1671 0.0086 0.2531 -1.072 0.008 0.2632 -1.0403 0.0128 0.2613 -1.0387 0.024 0.25 -1.0507 0.0322 0.2405 -1.0717 0.0367 0.2338 -1.0976 -0.0114 0.2804 -1.0986 -0.0005 0.2692 -1.1032 0.0105 0.2575 -1.1102 0.0205 0.2465 -1.1153 0.0055 0.2613
51.0 -1.1616 0.0075 0.2548 -1.0691 0.0065 0.2649 -1.0376 0.0126 0.2618 -1.0342 0.0234 0.2511 -1.0472 0.0321 0.241 -1.0679 0.0348 0.2361 -1.0974 -0.0126 0.2816 -1.0982 -0.0029 0.2717 -1.1027 0.0075 0.2606 -1.1098 0.0181 0.249 -1.1139 0.0035 0.2635
52.0 -1.1544 0.0066 0.2564 -1.0618 0.0051 0.2671 -1.0322 0.0121 0.2629 -1.0308 0.0239 0.2509 -1.0419 0.0322 0.2414 -1.0608 0.0345 0.2371 -1.0879 -0.0113 0.2813 -1.0897 -0.0012 0.2707 -1.0941 0.0086 0.2603 -1.101 0.0181 0.2499 -1.1054 0.0042 0.2637
53.0 -1.1519 0.0075 0.2556 -1.0591 0.0048 0.2677 -1.0265 0.0098 0.2658 -1.0253 0.0228 0.2526 -1.0346 0.0307 0.2436 -1.0546 0.0341 0.2381 -1.0855 -0.0104 0.2805 -1.0863 -0.0007 0.2706 -1.0899 0.0098 0.2595 -1.0967 0.0187 0.2498 -1.1021 0.005 0.2632
54.0 -1.1526 0.0062 0.2569 -1.058 0.0037 0.2689 -1.0231 0.0103 0.2656 -1.0209 0.0228 0.2531 -1.0318 0.0299 0.2447 -1.0537 0.0342 0.2381 -1.0868 -0.013 0.2831 -1.0878 -0.0021 0.2719 -1.0923 0.0083 0.2608 -1.0995 0.0195 0.2486 -1.1038 0.0038 0.2643
55.0 -1.1499 0.006 0.2574 -1.055 0.0164 0.2563 -1.0181 0.0116 0.2648 -1.0165 0.0228 0.2535 -1.0264 0.0288 0.2464 -1.05 0.0329 0.2398 -1.0855 -0.0152 0.2855 -1.0871 -0.0063 0.2762 -1.0916 0.0047 0.2645 -1.099 0.0165 0.2517 -1.1026 0.0011 0.2671
56.0 -1.1455 0.006 0.2579 -1.046 0.0054 0.2684 -1.0137 0.0116 0.2653 -1.0122 0.0234 0.2533 -1.024 0.0303 0.2451 -1.0474 0.0333 0.2397 -1.0797 -0.0132 0.2841 -1.0806 -0.003 0.2735 -1.0843 0.0081 0.2618 -1.0915 0.0188 0.2502 -1.0963 0.0033 0.2655
57.0 -1.1438 0.0062 0.2578 -1.0434 0.0057 0.2683 -1.01 0.0108 0.2664 -1.0069 0.0235 0.2538 -1.0169 0.03 0.246 -1.0457 0.0335 0.2397 -1.0796 -0.0138 0.2847 -1.0814 -0.0037 0.2741 -1.0852 0.008 0.2618 -1.0923 0.0186 0.2502 -1.0964 0.0031 0.2657
58.0 -1.1396 0.0074 0.257 -1.0368 0.0029 0.2718 -1.0057 0.0114 0.2662 -1.002 0.0253 0.2523 -1.0145 0.0316 0.2447 -1.0403 0.033 0.2407 -1.0693 -0.0124 0.2843 -1.0719 -0.0024 0.2738 -1.0772 0.0079 0.2627 -1.0859 0.0171 0.2525 -1.0888 0.0035 0.2661
59.0 -1.1369 0.0071 0.2576 -1.0345 0.0051 0.2698 -1.0022 0.0113 0.2667 -0.9982 0.024 0.2541 -1.0111 0.0321 0.2446 -1.0361 0.0342 0.2399 -1.065 -0.0119 0.2841 -1.0665 -0.0029 0.2748 -1.0727 0.0072 0.2638 -1.0815 0.0171 0.2529 -1.0845 0.0033 0.2666
60.0 -1.1336 0.0082 0.2568 -1.0289 0.0083 0.2671 -0.997 0.012 0.2665 -0.9948 0.0245 0.2539 -1.0083 0.0312 0.2457 -1.0309 0.0349 0.2397 -1.0608 -0.0107 0.2833 -1.0626 -0.0005 0.2728 -1.067 0.0098 0.2617 -1.0748 0.0192 0.2514 -1.0798 0.0052 0.2652
61.0 -1.1311 0.0091 0.2561 -1.0273 0.0091 0.2664 -0.9927 0.0125 0.2663 -0.9906 0.0257 0.2531 -1.0033 0.0325 0.2449 -1.0279 0.0328 0.2421 -1.058 -0.0115 0.2845 -1.0596 -0.0026 0.2752 -1.0649 0.0077 0.2641 -1.0727 0.017 0.2538 -1.0772 0.0039 0.2667
62.0 -1.1275 0.0084 0.2572 -1.0209 0.0075 0.2687 -0.9885 0.0137 0.2655 -0.9881 0.0266 0.2524 -0.9998 0.033 0.2447 -1.0239 0.0346 0.2407 -1.0514 -0.0088 0.2823 -1.0548 0.0005 0.2725 -1.06 0.0102 0.2621 -1.0686 0.0188 0.2524 -1.0725 0.0058 0.2653
63.0 -1.1222 0.0085 0.2576 -1.0167 0.0087 0.2679 -0.9839 0.0125 0.2672 -0.9855 0.0264 0.2529 -0.999 0.0331 0.2447 -1.0229 0.0341 0.2413 -1.0478 -0.0095 0.2835 -1.0511 -0.0008 0.2742 -1.0563 0.0088 0.2638 -1.0648 0.0175 0.2541 -1.0684 0.0049 0.2666
64.0 -1.1167 0.0074 0.2593 -1.0138 0.0073 0.2696 -0.9814 0.0135 0.2665 -0.9821 0.0274 0.2522 -0.9938 0.0338 0.2445 -1.0176 0.0342 0.2417 -1.0441 -0.0103 0.2846 -1.0484 -0.0011 0.2747 -1.0544 0.0079 0.265 -1.062 0.0166 0.2553 -1.0651 0.0041 0.2678
65.0 -1.1123 0.0074 0.2597 -1.0113 0.0082 0.2689 -0.9806 0.0136 0.2665 -0.9799 0.0247 0.2552 -0.9918 0.0322 0.2463 -1.0149 0.034 0.2422 -1.0475 -0.0113 0.2853 -1.0499 -0.0025 0.276 -1.0543 0.0073 0.2656 -1.063 0.0171 0.2547 -1.0654 0.0036 0.2683
66.0 -1.1001 0.0078 0.2605 -1.0009 0.009 0.2691 -0.9704 0.0156 0.2655 -0.9685 0.025 0.256 -0.9784 0.031 0.2489 -1.0027 0.0344 0.243 -1.031 -0.0097 0.2853 -1.0349 -0.0029 0.278 -1.0416 0.0053 0.2689 -1.0522 0.0155 0.2574 -1.052 0.0032 0.27
67.0 -1.0904 0.0079 0.2614 -0.9898 0.0111 0.2681 -0.961 0.0174 0.2645 -0.9596 0.0292 0.2526 -0.9707 0.0326 0.248 -0.9949 0.0349 0.2433 -1.0224 -0.0086 0.285 -1.0271 -0.0019 0.2777 -1.033 0.0065 0.2685 -1.0419 0.0169 0.257 -1.043 0.0042 0.2699
68.0 -1.0862 0.0091 0.2606 -0.9872 0.0115 0.268 -0.9583 0.0172 0.265 -0.9575 0.0277 0.2544 -0.9673 0.0331 0.2479 -0.9924 0.0358 0.2426 -1.0191 -0.0075 0.2842 -1.0223 0.0006 0.2756 -1.0274 0.0097 0.2658 -1.0361 0.0189 0.2555 -1.0382 0.0062 0.2683
69.0 -1.0826 0.0084 0.2617 -0.9855 0.0117 0.2679 -0.9569 0.0192 0.2631 -0.9572 0.0308 0.2512 -0.9674 0.0337 0.2472 -0.9916 0.0365 0.2419 -1.019 -0.0081 0.2848 -1.0221 -0.0006 0.2768 -1.0272 0.0085 0.267 -1.0359 0.0177 0.2568 -1.0373 0.0052 0.2694
70.0 -1.0819 0.0097 0.2604 -0.9847 0.0118 0.2679 -0.9545 0.0202 0.2624 -0.9547 0.0317 0.2505 -0.9665 0.0338 0.2472 -0.9889 0.0357 0.2431 -1.0174 -0.0073 0.2841 -1.021 -0.0017 0.278 -1.0277 0.0066 0.2689 -1.0374 0.0163 0.2581 -1.0371 0.0047 0.2699
71.0 -1.0817 0.0085 0.2617 -0.9814 0.0135 0.2665 -0.9526 0.0198 0.2629 -0.9523 0.0327 0.2498 -0.9647 0.0334 0.2478 -0.991 0.0378 0.2407 -1.0183 -0.0074 0.2842 -1.0215 0.0013 0.2749 -1.0275 0.0103 0.2652 -1.0364 0.0207 0.2537 -1.0371 0.0067 0.2679
72.0 -1.0797 0.0118 0.2585 -0.98 0.0155 0.2646 -0.9504 0.0219 0.2609 -0.9513 0.0322 0.2504 -0.9602 0.0328 0.2488 -0.9824 0.0341 0.2453 -1.0149 -0.0063 0.2834 -1.0179 0.0006 0.2761 -1.023 0.0097 0.2663 -1.0308 0.019 0.2559 -1.0333 0.0069 0.268
73.0 -1.0774 0.009 0.2615 -0.9801 0.0161 0.264 -0.9495 0.022 0.2609 -0.9479 0.0326 0.2502 -0.961 0.0321 0.2495 -0.9899 0.0367 0.2419 -1.0167 -0.006 0.2829 -1.0208 0.002 0.2743 -1.0269 0.0116 0.2639 -1.0366 0.0219 0.2524 -1.0357 0.0077 0.267
74.0 -1.0737 0.0126 0.2582 -0.9744 0.0187 0.2619 -0.9471 0.0236 0.2596 -0.9475 0.0357 0.2471 -0.974 0.031 0.2494 -0.9872 0.0365 0.2424 -1.011 -0.0034 0.2808 -1.0143 0.0054 0.2715 -1.0194 0.0144 0.2617 -1.0271 0.0232 0.2521 -1.0291 0.0104 0.2649
75.0 -1.071 0.0124 0.2587 -0.9693 0.0194 0.2617 -0.9413 0.0256 0.2581 -0.9458 0.036 0.247 -0.9665 0.0338 0.2472 -0.9829 0.0371 0.2422 -1.0036 -0.0005 0.2786 -1.0068 0.0076 0.27 -1.0117 0.0155 0.2614 -1.0191 0.0224 0.2536 -1.0224 0.0115 0.2645
76.0 -1.0751 0.0106 0.2602 -0.9767 0.0214 0.2588 -0.944 0.0258 0.2576 -0.9421 0.0347 0.2488 -0.9586 0.0288 0.2531 -0.9796 0.0332 0.2465 -1.0134 -0.0049 0.2821 -1.017 0.0007 0.276 -1.0238 0.009 0.2669 -1.0317 0.0189 0.256 -1.0322 0.0068 0.2682
77.0 -1.0678 0.014 0.2574 -0.9677 0.0202 0.261 -0.9407 0.0269 0.2568 -0.9452 0.0324 0.2507 -0.9614 0.0296 0.252 -0.9751 0.0326 0.2475 -1.0054 -0.0002 0.2781 -1.0072 0.01 0.2675 -1.0106 0.0193 0.2577 -1.0164 0.0271 0.2491 -1.0215 0.014 0.262
78.0 -1.0653 0.015 0.2567 -0.9658 0.0247 0.2565 -0.94 0.0282 0.2555 -0.9393 0.0338 0.2499 -0.9615 0.0302 0.2514 -0.974 0.031 0.2494 -1.0026 -0.0016 0.2798 -1.0076 0.002 0.2757 -1.0149 0.0083 0.2684 -1.0234 0.017 0.2588 -1.0227 0.0081 0.2679
79.0 -1.056 0.0174 0.255 -0.9509 0.0298 0.2528 -0.9338 0.0327 0.2516 -0.9306 0.0447 0.2396 -0.9489 0.0539 0.2284 -0.9826 0.05 0.2291 -0.9949 0.0049 0.2739 -0.9999 0.0134 0.2647 -1.006 0.023 0.2544 -1.0144 0.031 0.2453 -1.0142 0.0179 0.2587
80.0 -1.0543 0.0177 0.255 -0.9512 0.0316 0.251 -0.935 0.0295 0.2547 -0.9281 0.0402 0.2445 -0.9408 0.0525 0.2306 -0.9606 0.0554 0.2257 -0.9965 0.0041 0.2746 -1.0008 0.0133 0.2648 -1.0062 0.0242 0.2531 -1.0115 0.0344 0.2421 -1.0139 0.0187 0.2579
81.0 -1.0538 0.0196 0.2531 -0.9461 0.0274 0.2558 -0.9309 0.0362 0.2483 -0.9313 0.0483 0.2358 -0.9509 0.0548 0.2272 -0.9712 0.0552 0.2249 -0.9893 0.0081 0.2712 -0.9953 0.0171 0.2614 -1.0022 0.0265 0.2511 -1.0108 0.0352 0.2414 -1.0103 0.0213 0.2556
82.0 -1.0537 0.019 0.2537 -0.9428 0.0291 0.2544 -0.9301 0.0369 0.2477 -0.9345 0.0467 0.2372 -0.9526 0.0546 0.2273 -0.9812 0.052 0.2272 -0.985 0.0087 0.271 -0.9919 0.0181 0.2607 -1.0006 0.0274 0.2504 -1.0125 0.0349 0.2415 -1.0087 0.0216 0.2555
83.0 -1.0546 0.0195 0.2531 -0.941 0.0287 0.255 -0.9295 0.0382 0.2464 -0.9364 0.0476 0.236 -0.9537 0.0557 0.2261 -0.9758 0.0564 0.2232 -0.9843 0.0094 0.2704 -0.9913 0.0195 0.2594 -1.0009 0.0292 0.2485 -1.012 0.0374 0.239 -1.0086 0.023 0.2541
84.0 -1.0527 0.0185 0.2543 -0.9369 0.0305 0.2536 -0.9296 0.0388 0.2458 -0.9363 0.0519 0.2317 -0.9541 0.0581 0.2236 -0.9795 0.0577 0.2215 -0.986 0.0092 0.2704 -0.9939 0.0191 0.2595 -1.0027 0.0295 0.248 -1.013 0.0379 0.2384 -1.0097 0.0228 0.2541
85.0 -1.051 0.0187 0.2542 -0.936 0.03 0.2541 -0.9281 0.0402 0.2445 -0.9401 0.0538 0.2293 -0.957 0.0595 0.2219 -0.9806 0.0588 0.2203 -0.9853 0.0105 0.2692 -0.9932 0.0204 0.2582 -1.0029 0.0307 0.2467 -1.014 0.0384 0.2378 -1.0093 0.0237 0.2532
86.0 -1.0517 0.018 0.2549 -0.9345 0.032 0.2522 -0.929 0.0407 0.2439 -0.9403 0.055 0.2281 -0.9581 0.0612 0.22 -0.9824 0.0591 0.2197 -0.982 0.0115 0.2684 -0.9906 0.0208 0.2581 -1.001 0.0297 0.2479 -1.0128 0.0367 0.2396 -1.0076 0.0234 0.2538
87.0 -1.0485 0.0197 0.2535 -0.9347 0.0326 0.2516 -0.9283 0.0414 0.2432 -0.939 0.0577 0.2255 -0.9585 0.063 0.2182 -0.9821 0.0622 0.2166 -0.9747 0.015 0.2656 -0.9833 0.0242 0.2554 -0.9945 0.0325 0.2458 -1.0078 0.0386 0.2382 -1.0018 0.026 0.2517
88.0 -1.0467 0.0193 0.2541 -0.9329 0.0328 0.2515 -0.9297 0.0443 0.2402 -0.9428 0.059 0.2238 -0.9621 0.0637 0.2171 -0.9836 0.0608 0.2179 -0.9723 0.0165 0.2643 -0.9823 0.0231 0.2566 -0.9949 0.03 0.2483 -1.0073 0.0356 0.2413 -1.0007 0.0249 0.2529
89.0 -1.0452 0.0207 0.2528 -0.9329 0.0328 0.2515 -0.9333 0.045 0.239 -0.9462 0.0585 0.2239 -0.963 0.0636 0.2171 -0.9853 0.0606 0.218 -0.971 0.0191 0.2617 -0.9812 0.0269 0.2528 -0.9937 0.0332 0.2451 -1.0059 0.0376 0.2394 -0.9994 0.0275 0.2504
90.0 -1.0448 0.0183 0.2552 -0.9322 0.0335 0.2509 -0.9355 0.0477 0.236 -0.9478 0.0626 0.2196 -0.9679 0.0666 0.2135 -0.9916 0.0616 0.2163 -0.9723 0.0165 0.2643 -0.9831 0.023 0.2566 -0.9965 0.0291 0.249 -1.0096 0.0335 0.2433 -1.0013 0.0241 0.2537
91.0 -1.0466 0.0187 0.2547 -0.9306 0.0344 0.2502 -0.9354 0.052 0.2316 -0.9484 0.0607 0.2215 -0.9614 0.065 0.2158 -0.9809 0.0606 0.2184 -0.9698 0.0175 0.2636 -0.9813 0.0226 0.2571 -0.9937 0.0283 0.2501 -1.006 0.0333 0.2437 -0.9995 0.0241 0.2539
92.0 -1.0456 0.0182 0.2553 -0.9288 0.0346 0.2501 -0.9384 0.0541 0.2293 -0.9532 0.0631 0.2186 -0.9694 0.0652 0.2148 -0.9913 0.0598 0.2182 -0.9706 0.0168 0.2642 -0.9822 0.0225 0.2572 -0.9955 0.0287 0.2496 -1.0086 0.033 0.2438 -1.0005 0.0238 0.254
93.0 -1.0414 0.0194 0.2545 -0.9298 0.0351 0.2495 -0.9301 0.0418 0.2427 -0.9367 0.0494 0.2342 -0.9487 0.0576 0.2247 -0.9675 0.0544 0.226 -0.9702 0.0144 0.2667 -0.98 0.0204 0.2596 -0.9899 0.0264 0.2525 -0.9997 0.0324 0.2454 -0.9962 0.0226 0.2557
94.0 -1.0449 0.0189 0.2546 -0.9239 0.0365 0.2487 -0.9321 0.0482 0.2359 -0.9441 0.0564 0.2264 -0.9563 0.0608 0.2206 -0.9708 0.0583 0.2218 -0.9674 0.0184 0.2629 -0.9781 0.0243 0.2558 -0.9896 0.0301 0.2487 -1.001 0.0346 0.2429 -0.9962 0.0253 0.253
95.0 -1.0438 0.0179 0.2558 -0.9249 0.037 0.2481 -0.9344 0.051 0.2328 -0.9496 0.0629 0.2191 -0.9654 0.0675 0.2128 -0.9822 0.0628 0.216 -0.9655 0.018 0.2634 -0.9773 0.025 0.2551 -0.9899 0.0319 0.2469 -1.0032 0.0374 0.2399 -0.996 0.026 0.2522
96.0 -1.0444 0.0166 0.2571 -0.923 0.0366 0.2486 -0.9304 0.0533 0.2308 -0.9473 0.0645 0.2177 -0.969 0.0677 0.2123 -0.9867 0.0634 0.2149 -0.9661 0.021 0.2603 -0.9776 0.0268 0.2533 -0.9908 0.0317 0.2469 -1.0046 0.0354 0.2418 -0.9967 0.0263 0.2519
97.0 -1.0435 0.0161 0.2577 -0.923 0.0366 0.2486 -0.9292 0.0517 0.2326 -0.9406 0.0617 0.2212 -0.9656 0.0687 0.2116 -0.9901 0.063 0.215 -0.964 0.0195 0.2621 -0.9756 0.0252 0.2551 -0.9889 0.0308 0.2481 -1.0029 0.0356 0.2417 -0.995 0.0254 0.2529
98.0 -1.0326 0.0194 0.2554 -0.9187 0.0421 0.2435 -0.9263 0.0502 0.2344 -0.968 0.0623 0.2179 -0.9908 0.0617 0.2163 -1.0006 0.0573 0.2198 -0.959 0.0208 0.2613 -0.9731 0.0262 0.2543 -0.9872 0.031 0.248 -0.9993 0.0349 0.2429 -0.9902 0.0264 0.2524
99.0 -1.0336 0.0199 0.2548 -0.9179 0.0422 0.2434 -0.926 0.0533 0.2313 -0.9565 0.062 0.2193 -0.9734 0.0628 0.2169 -0.9861 0.0599 0.2186 -0.9589 0.0202 0.2619 -0.9714 0.0264 0.2543 -0.9847 0.032 0.2473 -0.9969 0.0364 0.2415 -0.9891 0.027 0.252
100.0 -1.0304 0.0215 0.2534 -0.9188 0.0427 0.2429 -0.933 0.0585 0.2253 -0.9612 0.0583 0.2226 -0.9769 0.058 0.2214 -0.9896 0.0551 0.2231 -0.9549 0.0225 0.2599 -0.9683 0.0287 0.2523 -0.9819 0.036 0.2434 -0.9951 0.0409 0.2371 -0.9861 0.0299 0.2492
101.0 -1.0295 0.0216 0.2534 -0.919 0.0439 0.2416 -0.9288 0.0542 0.2301 -0.9544 0.055 0.2268 -0.9654 0.0572 0.2234 -0.975 0.0571 0.2226 -0.9554 0.0206 0.2618 -0.9682 0.0281 0.2529 -0.9809 0.0355 0.244 -0.9925 0.0413 0.237 -0.9853 0.0294 0.2498
102.0 -1.0305 0.0221 0.2528 -0.9205 0.0424 0.2429 -0.9262 0.0545 0.23 -0.9687 0.0512 0.2292 -0.9804 0.0527 0.2265 -0.9817 0.055 0.2241 -0.9546 0.0207 0.2617 -0.9672 0.0276 0.2535 -0.9791 0.0352 0.2446 -0.9899 0.0416 0.2369 -0.9842 0.0294 0.2499
103.0 -1.0339 0.0216 0.2529 -0.9208 0.0436 0.2417 -0.9395 0.0552 0.228 -0.9708 0.0534 0.2268 -0.9876 0.0535 0.2249 -0.9939 0.0545 0.2233 -0.9562 0.0199 0.2624 -0.9678 0.0257 0.2554 -0.9811 0.0318 0.2478 -0.9936 0.0375 0.2408 -0.9865 0.0273 0.2519
104.0 -1.0309 0.0245 0.2503 -0.9219 0.0453 0.2399 -0.9384 0.0541 0.2293 -0.9793 0.0461 0.2333 -0.9909 0.0476 0.2307 -0.9947 0.0489 0.2289 -0.9551 0.0237 0.2586 -0.9676 0.03 0.251 -0.9794 0.0369 0.2427 -0.9891 0.0423 0.2362 -0.9844 0.0315 0.2478
105.0 -1.0298 0.0234 0.2515 -0.9229 0.0458 0.2393 -0.9303 0.0527 0.2314 -0.9724 0.0471 0.2331 -0.9857 0.0477 0.2311 -0.9888 0.0503 0.2281 -0.9562 0.0199 0.2624 -0.9681 0.0275 0.2535 -0.9801 0.0356 0.244 -0.99 0.0422 0.2362 -0.9848 0.0297 0.2495
106.0 -1.0307 0.0233 0.2516 -0.9231 0.047 0.238 -0.9249 0.0522 0.2325 -0.9606 0.0499 0.2314 -0.9738 0.0499 0.23 -0.9795 0.0528 0.2265 -0.9569 0.0192 0.2631 -0.9687 0.0262 0.2548 -0.9807 0.0343 0.2453 -0.9905 0.0403 0.2381 -0.9855 0.0287 0.2506
107.0 -1.028 0.0231 0.2521 -0.9224 0.0483 0.2368 -0.9361 0.0507 0.2329 -0.9713 0.046 0.2343 -0.9864 0.047 0.2317 -0.9922 0.0499 0.2282 -0.9544 0.0196 0.263 -0.9673 0.0282 0.2529 -0.9793 0.0363 0.2433 -0.9902 0.0434 0.235 -0.9838 0.0301 0.2493
108.0 -1.0265 0.0245 0.2508 -0.9241 0.0475 0.2374 -0.936 0.0501 0.2335 -0.9717 0.0435 0.2368 -0.9859 0.044 0.2348 -0.9916 0.0463 0.2319 -0.9511 0.0212 0.2616 -0.9631 0.0294 0.2521 -0.9742 0.0376 0.2425 -0.9851 0.0441 0.2348 -0.98 0.0314 0.2484
109.0 -1.0299 0.024 0.2509 -0.9234 0.0488 0.2362 -0.9335 0.0511 0.2328 -0.9586 0.0489 0.2325 -0.9704 0.051 0.2292 -0.9796 0.0534 0.2259 -0.9551 0.0188 0.2636 -0.968 0.0269 0.2541 -0.9801 0.0356 0.244 -0.991 0.0427 0.2357 -0.9848 0.0296 0.2497
110.0 -1.0254 0.0234 0.252 -0.9243 0.0487 0.2362 -0.9334 0.0505 0.2334 -0.9716 0.0429 0.2374 -0.986 0.0446 0.2342 -0.9909 0.0476 0.2307 -0.9533 0.0185 0.2642 -0.9636 0.0269 0.2546 -0.9747 0.0351 0.245 -0.9847 0.0423 0.2367 -0.9803 0.0292 0.2505
111.0 -1.0265 0.0245 0.2508 -0.9233 0.0482 0.2368 -0.9342 0.0504 0.2335 -0.9717 0.0435 0.2368 -0.9858 0.0434 0.2355 -0.9916 0.0463 0.2319 -0.9525 0.0192 0.2635 -0.9654 0.0272 0.254 -0.9774 0.0354 0.2445 -0.9865 0.0421 0.2367 -0.9816 0.0297 0.2499
112.0 -1.0264 0.0239 0.2514 -0.9226 0.0489 0.2361 -0.9301 0.0515 0.2327 -0.9686 0.0408 0.2398 -0.9845 0.0411 0.2379 -0.9911 0.0433 0.235 -0.9534 0.0191 0.2636 -0.9646 0.0279 0.2534 -0.9749 0.0363 0.2438 -0.9842 0.0442 0.2348 -0.9807 0.0303 0.2494
113.0 -1.0305 0.0221 0.2528 -0.9222 0.0471 0.238 -0.9337 0.0523 0.2316 -0.9721 0.0453 0.2349 -0.9876 0.0438 0.2349 -0.9917 0.0469 0.2313 -0.9568 0.0186 0.2637 -0.9687 0.0262 0.2548 -0.9788 0.0334 0.2464 -0.9877 0.0389 0.2399 -0.9845 0.0278 0.2515
114.0 -1.0265 0.0245 0.2508 -0.9214 0.0472 0.238 -0.9376 0.0493 0.2342 -0.9732 0.0414 0.2387 -0.9873 0.042 0.2368 -0.9922 0.045 0.2332 -0.9526 0.0198 0.2629 -0.9648 0.0291 0.2521 -0.9761 0.038 0.242 -0.986 0.0446 0.2342 -0.9812 0.0312 0.2484
115.0 -1.0272 0.0238 0.2514 -0.9226 0.0489 0.2361 -0.94 0.0478 0.2356 -0.9704 0.0406 0.2399 -0.9829 0.042 0.2372 -0.9887 0.0448 0.2337 -0.9534 0.0191 0.2636 -0.9637 0.0275 0.254 -0.9749 0.0363 0.2438 -0.9842 0.0442 0.2348 -0.9807 0.0302 0.2495
116.0 -1.0257 0.0252 0.2501 -0.9226 0.0489 0.2361 -0.9392 0.0485 0.2349 -0.9665 0.0436 0.2372 -0.9788 0.0437 0.2358 -0.9841 0.0485 0.2304 -0.9544 0.0196 0.263 -0.9658 0.0296 0.2515 -0.9753 0.0387 0.2413 -0.9839 0.0473 0.2316 -0.981 0.0321 0.2475
117.0 -1.0254 0.0234 0.252 -0.9248 0.0468 0.2381 -0.9337 0.0523 0.2316 -0.9712 0.0405 0.2399 -0.9829 0.042 0.2372 -0.9845 0.046 0.2329 -0.9549 0.0176 0.2649 -0.9625 0.0258 0.2558 -0.9709 0.0338 0.2468 -0.9776 0.0415 0.2383 -0.9783 0.0284 0.2515
118.0 -1.028 0.0231 0.2521 -0.924 0.0469 0.2381 -0.9416 0.0524 0.2306 -0.9788 0.0437 0.2358 -0.9868 0.0439 0.2349 -0.9882 0.0468 0.2318 -0.9566 0.0174 0.2649 -0.9649 0.0242 0.2571 -0.9723 0.0318 0.2487 -0.9797 0.0387 0.2408 -0.9803 0.027 0.2527
119.0 -1.0264 0.0239 0.2514 -0.9222 0.0471 0.238 -0.9329 0.053 0.2309 -0.9738 0.0401 0.24 -0.9881 0.0413 0.2374 -0.9955 0.0433 0.2346 -0.955 0.0182 0.2642 -0.9655 0.0278 0.2534 -0.9767 0.0367 0.2432 -0.9868 0.0439 0.2349 -0.9821 0.0301 0.2494
120.0 -1.0248 0.0247 0.2507 -0.9245 0.0499 0.235 -0.9334 0.0505 0.2334 -0.9704 0.0406 0.2399 -0.9838 0.0418 0.2373 -0.9903 0.044 0.2344 -0.9534 0.0191 0.2636 -0.9629 0.0282 0.2533 -0.9724 0.0373 0.2431 -0.9816 0.0446 0.2347 -0.979 0.0308 0.2491
121.0 -1.025 0.0259 0.2495 -0.9235 0.0494 0.2355 -0.9529 0.0466 0.2354 -0.9767 0.0416 0.2382 -0.9874 0.0426 0.2361 -0.9881 0.0462 0.2324 -0.9514 0.0175 0.2654 -0.9626 0.0264 0.2552 -0.9721 0.0355 0.2449 -0.9814 0.0434 0.2359 -0.9785 0.0297 0.2502
122.0 -1.0274 0.025 0.2502 -0.9235 0.0494 0.2355 -0.9353 0.0514 0.2323 -0.9751 0.0424 0.2375 -0.9884 0.0431 0.2356 -0.9914 0.0451 0.2332 -0.9545 0.0202 0.2624 -0.9657 0.029 0.2522 -0.976 0.0374 0.2426 -0.9834 0.0449 0.2341 -0.9814 0.0313 0.2483
123.0 -1.0257 0.0252 0.2501 -0.9233 0.0482 0.2368 -0.9323 0.0494 0.2346 -0.9637 0.0427 0.2384 -0.9769 0.0428 0.237 -0.9819 0.0464 0.2328 -0.9549 0.0176 0.2649 -0.9653 0.0266 0.2547 -0.9739 0.0358 0.2444 -0.9823 0.0433 0.236 -0.9804 0.0297 0.25
124.0 -1.0299 0.024 0.2509 -0.9251 0.0485 0.2362 -0.9319 0.0519 0.2321 -0.9693 0.0444 0.2361 -0.9844 0.0454 0.2335 -0.9886 0.0491 0.2293 -0.9559 0.0181 0.2643 -0.9662 0.0271 0.2541 -0.9756 0.0356 0.2444 -0.9841 0.0436 0.2354 -0.9824 0.0297 0.2498
125.0 -1.0268 0.0263 0.2489 -0.9244 0.0493 0.2356 -0.9308 0.0508 0.2333 -0.9683 0.0439 0.2367 -0.98 0.0454 0.234 -0.9833 0.0492 0.2297 -0.9536 0.0203 0.2623 -0.9648 0.0291 0.2521 -0.9753 0.0387 0.2413 -0.9838 0.0467 0.2323 -0.9809 0.0322 0.2474
126.0 -1.0297 0.0228 0.2522 -0.9244 0.0493 0.2356 -0.9303 0.0527 0.2314 -0.9692 0.0438 0.2367 -0.9876 0.0438 0.2349 -0.9925 0.0462 0.232 -0.9549 0.0176 0.2649 -0.966 0.0259 0.2553 -0.9763 0.0343 0.2457 -0.9864 0.0415 0.2374 -0.9827 0.0284 0.2511
127.0 -1.0265 0.0245 0.2508 -0.9243 0.0487 0.2362 -0.9298 0.0503 0.2339 -0.954 0.0477 0.2342 -0.9717 0.0484 0.2318 -0.9776 0.0518 0.2277 -0.9551 0.0188 0.2636 -0.9653 0.0266 0.2547 -0.9754 0.0344 0.2457 -0.9846 0.0417 0.2373 -0.9814 0.0292 0.2504
128.0 -1.0292 0.0247 0.2503 -0.9234 0.0488 0.2362 -0.9351 0.0503 0.2335 -0.969 0.0481 0.2323 -0.9825 0.0494 0.2297 -0.9866 0.0531 0.2255 -0.9523 0.0229 0.2598 -0.9642 0.0304 0.2509 -0.9751 0.0375 0.2425 -0.985 0.0435 0.2354 -0.9811 0.0318 0.2478
129.0 -1.0274 0.025 0.2502 -0.9249 0.0473 0.2375 -0.9356 0.0532 0.2304 -0.9626 0.0514 0.2296 -0.976 0.0527 0.227 -0.9791 0.0553 0.224 -0.9539 0.0221 0.2605 -0.9651 0.0309 0.2503 -0.9762 0.0386 0.2413 -0.987 0.0451 0.2336 -0.9819 0.0323 0.2472
130.0 -1.0334 0.0236 0.251 -0.9232 0.0476 0.2374 -0.9323 0.0543 0.2296 -0.9469 0.0572 0.2252 -0.957 0.0595 0.2219 -0.9637 0.058 0.2227 -0.957 0.0198 0.2625 -0.968 0.0269 0.2541 -0.9797 0.0338 0.2458 -0.9898 0.041 0.2375 -0.9856 0.029 0.2502
131.0 -1.0324 0.0231 0.2516 -0.9224 0.0483 0.2368 -0.9353 0.0563 0.2273 -0.9497 0.0581 0.2241 -0.9606 0.0602 0.2207 -0.969 0.0579 0.2223 -0.9566 0.0223 0.2599 -0.9693 0.0297 0.2511 -0.982 0.0366 0.2428 -0.9934 0.0418 0.2364 -0.9868 0.0307 0.2484
132.0 -1.0307 0.0233 0.2516 -0.9233 0.0482 0.2368 -0.9363 0.0568 0.2267 -0.951 0.0603 0.2216 -0.9694 0.0603 0.2198 -0.9771 0.0592 0.2201 -0.9568 0.0235 0.2587 -0.9687 0.0311 0.2498 -0.9805 0.038 0.2415 -0.992 0.0438 0.2345 -0.9857 0.0319 0.2472
133.0 -1.0324 0.0231 0.2516 -0.9216 0.0484 0.2367 -0.9365 0.058 0.2254 -0.9515 0.0633 0.2185 -0.9709 0.0637 0.2161 -0.9785 0.0621 0.2171 -0.9584 0.0227 0.2594 -0.9693 0.0297 0.2511 -0.9811 0.0367 0.2428 -0.9919 0.0432 0.2351 -0.9866 0.0311 0.248
134.0 -1.0375 0.0224 0.2518 -0.9249 0.0473 0.2375 -0.9329 0.0579 0.2259 -0.9517 0.0645 0.2173 -0.9696 0.0664 0.2136 -0.9815 0.0641 0.2147 -0.9601 0.0224 0.2594 -0.9711 0.0295 0.2511 -0.9837 0.0364 0.2429 -0.9953 0.0421 0.2358 -0.9895 0.0306 0.2482
135.0 -1.0321 0.0213 0.2535 -0.9231 0.047 0.238 -0.9294 0.0577 0.2264 -0.9428 0.0639 0.2188 -0.9562 0.0651 0.2162 -0.9731 0.061 0.2187 -0.9584 0.0227 0.2594 -0.9685 0.0299 0.251 -0.9813 0.0379 0.2415 -0.9948 0.0446 0.2333 -0.987 0.0313 0.2478
136.0 -1.0332 0.023 0.2517 -0.9258 0.0472 0.2375 -0.9277 0.058 0.2263 -0.9411 0.0641 0.2187 -0.9565 0.0669 0.2143 -0.9697 0.067 0.213 -0.9599 0.0212 0.2607 -0.9692 0.0292 0.2517 -0.9804 0.0374 0.2421 -0.9914 0.0451 0.2332 -0.9868 0.0312 0.2479
137.0 -1.0352 0.0239 0.2505 -0.9256 0.046 0.2387 -0.9248 0.0565 0.2281 -0.9389 0.062 0.2212 -0.9538 0.0667 0.2149 -0.9665 0.0686 0.2116 -0.9586 0.0239 0.2581 -0.969 0.0328 0.2479 -0.9793 0.0412 0.2383 -0.9902 0.0483 0.23 -0.9865 0.034 0.245
138.0 -1.035 0.0227 0.2517 -0.9273 0.0458 0.2388 -0.924 0.0572 0.2274 -0.9369 0.0653 0.218 -0.9552 0.0695 0.2118 -0.9701 0.0693 0.2105 -0.9615 0.0204 0.2614 -0.971 0.0289 0.2517 -0.9828 0.0365 0.2428 -0.9947 0.044 0.2339 -0.989 0.0305 0.2483
139.0 -1.0355 0.0208 0.2536 -0.9278 0.0439 0.2407 -0.9213 0.057 0.228 -0.9345 0.0668 0.2166 -0.9537 0.071 0.2105 -0.9705 0.0717 0.208 -0.9656 0.0186 0.2628 -0.9751 0.0277 0.2525 -0.9871 0.0359 0.243 -0.9991 0.0441 0.2335 -0.9925 0.0294 0.2491
140.0 -1.0352 0.0239 0.2505 -0.9274 0.0415 0.2432 -0.9203 0.0559 0.2292 -0.9351 0.0655 0.2179 -0.9526 0.0699 0.2117 -0.9679 0.0715 0.2085 -0.9622 0.024 0.2577 -0.9718 0.0337 0.2468 -0.9821 0.0421 0.2372 -0.993 0.0492 0.2289 -0.9888 0.0346 0.2442
141.0 -1.0415 0.0249 0.2489 -0.9299 0.0406 0.2439 -0.9219 0.0551 0.2299 -0.9334 0.0657 0.2178 -0.9506 0.0683 0.2135 -0.9681 0.0678 0.2123 -0.9664 0.0228 0.2584 -0.9759 0.0319 0.2482 -0.9869 0.0396 0.2393 -0.9976 0.0455 0.2322 -0.9937 0.0329 0.2454
142.0 -1.0459 0.0249 0.2484 -0.9282 0.0408 0.2438 -0.9279 0.0543 0.2301 -0.9371 0.0616 0.2217 -0.9476 0.0663 0.2159 -0.9625 0.0661 0.2146 -0.9691 0.0182 0.2629 -0.9792 0.026 0.2539 -0.9896 0.035 0.2437 -1.0005 0.042 0.2354 -0.9969 0.0292 0.2489
143.0 -1.0468 0.0248 0.2484 -0.9321 0.0378 0.2465 -0.924 0.0524 0.2324 -0.9299 0.0607 0.2233 -0.9414 0.0659 0.2169 -0.9598 0.0658 0.2151 -0.9721 0.0153 0.2655 -0.9805 0.0234 0.2565 -0.9899 0.0319 0.2469 -1.0003 0.0408 0.2366 -0.9979 0.0272 0.2508
144.0 -1.045 0.025 0.2484 -0.9311 0.0374 0.2471 -0.9213 0.0515 0.2336 -0.9266 0.0618 0.2226 -0.9397 0.0661 0.2168 -0.9589 0.0654 0.2157 -0.9746 0.0144 0.2663 -0.9823 0.0231 0.2566 -0.9909 0.0323 0.2463 -1.0003 0.0408 0.2366 -0.9986 0.0271 0.2508
145.0 -1.047 0.026 0.2472 -0.9286 0.0383 0.2464 -0.9211 0.0509 0.2342 -0.9245 0.0602 0.2243 -0.9368 0.0647 0.2186 -0.956 0.0639 0.2174 -0.9731 0.0158 0.2649 -0.9814 0.0232 0.2565 -0.99 0.0325 0.2462 -0.9994 0.0404 0.2372 -0.9982 0.0276 0.2504
146.0 -1.048 0.0271 0.246 -0.9303 0.0381 0.2464 -0.9216 0.0484 0.2367 -0.9251 0.0583 0.2262 -0.9364 0.0629 0.2204 -0.9539 0.0624 0.2192 -0.9755 0.0149 0.2657 -0.9832 0.0236 0.256 -0.9919 0.0328 0.2457 -1.0004 0.0414 0.236 -0.9998 0.028 0.2499
147.0 -1.0465 0.0285 0.2447 -0.9335 0.0358 0.2484 -0.9195 0.0463 0.2391 -0.9232 0.0574 0.2274 -0.9345 0.0619 0.2216 -0.952 0.0614 0.2204 -0.9755 0.0149 0.2657 -0.9824 0.0237 0.2559 -0.9893 0.0332 0.2456 -0.9977 0.0412 0.2365 -0.9983 0.0283 0.2497
148.0 -1.0465 0.0285 0.2447 -0.9341 0.0345 0.2497 -0.9191 0.0445 0.241 -0.9231 0.0568 0.228 -0.9354 0.0618 0.2216 -0.9545 0.0605 0.2211 -0.9766 0.0159 0.2645 -0.9834 0.0248 0.2547 -0.9911 0.0335 0.245 -0.9986 0.0411 0.2366 -0.9993 0.0288 0.2491
149.0 -1.0491 0.0281 0.2448 -0.9379 0.0309 0.253 -0.9186 0.0415 0.2441 -0.9225 0.0538 0.2311 -0.9359 0.0599 0.2235 -0.9596 0.0598 0.2213 -0.9791 0.015 0.2652 -0.9849 0.0234 0.256 -0.9918 0.0322 0.2463 -1.0011 0.0401 0.2373 -1.0012 0.0278 0.2499
150.0 -1.0542 0.0268 0.2456 -0.9463 0.0286 0.2545 -0.924 0.0371 0.2481 -0.925 0.0479 0.2369 -0.944 0.0558 0.227 -0.974 0.0566 0.2231 -0.9846 0.0167 0.2629 -0.9899 0.0264 0.2525 -0.9984 0.035 0.2428 -1.0103 0.0425 0.2339 -1.0075 0.0295 0.2475
151.0 -1.0577 0.027 0.2451 -0.9528 0.0259 0.2567 -0.9282 0.0359 0.2488 -0.9273 0.0458 0.2388 -0.9437 0.054 0.2288 -0.9756 0.0552 0.2244 -0.9906 0.0153 0.2637 -0.9947 0.0239 0.2545 -1.0025 0.0332 0.2442 -1.0145 0.0414 0.2347 -1.012 0.0281 0.2485
152.0 -1.0672 0.0312 0.2399 -0.9622 0.024 0.2577 -0.9328 0.0322 0.2521 -0.9366 0.0384 0.2454 -0.9518 0.0449 0.2373 -0.972 0.0502 0.2299 -0.9961 0.017 0.2615 -0.9987 0.0264 0.2516 -1.0036 0.0343 0.243 -1.0109 0.0412 0.2352 -1.0153 0.03 0.2462
153.0 -1.0673 0.0318 0.2392 -0.9653 0.0217 0.2596 -0.9343 0.0308 0.2535 -0.9376 0.0395 0.2442 -0.9505 0.0427 0.2397 -0.9667 0.0448 0.236 -0.9982 0.0185 0.2597 -0.9999 0.0287 0.2491 -1.004 0.0367 0.2405 -1.0092 0.0415 0.2351 -1.0157 0.0314 0.2447
154.0 -1.072 0.033 0.2376 -0.9688 0.0219 0.2592 -0.9368 0.0299 0.2542 -0.9387 0.0357 0.248 -0.9512 0.0365 0.246 -0.9662 0.0369 0.2441 -1.0007 0.0182 0.2598 -1.0023 0.0271 0.2505 -1.0061 0.0339 0.2431 -1.0114 0.0387 0.2377 -1.0185 0.0302 0.2457
155.0 -1.0757 0.0343 0.2358 -0.9749 0.0211 0.2594 -0.9387 0.0308 0.253 -0.9374 0.0334 0.2505 -0.9484 0.0307 0.2521 -0.9713 0.0258 0.2549 -1.0018 0.0241 0.2536 -1.0036 0.0294 0.248 -1.0084 0.0318 0.2451 -1.018 0.0311 0.2448 -1.0215 0.0302 0.2455
156.0 -1.0774 0.0341 0.2359 -0.9765 0.0202 0.2601 -0.9411 0.0293 0.2543 -0.9378 0.0352 0.2486 -0.948 0.0332 0.2496 -0.9676 0.03 0.251 -1.0091 0.0207 0.2563 -1.0097 0.0292 0.2476 -1.0132 0.0342 0.2421 -1.0188 0.0359 0.2399 -1.0257 0.0308 0.2444
157.0 -1.0746 0.0332 0.237 -0.9814 0.0183 0.2615 -0.946 0.0268 0.2564 -0.9403 0.0349 0.2487 -0.9466 0.0353 0.2477 -0.9611 0.0327 0.2489 -1.0116 0.0198 0.2571 -1.0106 0.0291 0.2477 -1.0108 0.0352 0.2414 -1.0138 0.0372 0.239 -1.0243 0.0309 0.2444
158.0 -1.0775 0.0347 0.2353 -0.9897 0.0252 0.2537 -0.9488 0.038 0.2446 -0.9403 0.0349 0.2487 -0.9416 0.0323 0.2512 -0.9558 0.023 0.2593 -1.0109 0.0357 0.2408 -1.0102 0.0322 0.2445 -1.0127 0.0263 0.2502 -1.0172 0.0166 0.2598 -1.0257 0.0291 0.2461
159.0 -1.08 0.0337 0.236 -0.9929 0.0186 0.2601 -0.9527 0.0302 0.2523 -0.9456 0.0348 0.2483 -0.9471 0.0334 0.2496 -0.9607 0.0254 0.2563 -1.019 0.0267 0.2492 -1.0167 0.0289 0.2473 -1.0166 0.0283 0.2479 -1.0183 0.0231 0.253 -1.0301 0.0281 0.2467
160.0 -1.086 0.0329 0.2362 -0.9857 0.0178 0.2617 -0.9528 0.0259 0.2567 -0.9485 0.0362 0.2465 -0.9604 0.034 0.2476 -0.979 0.0297 0.2502 -1.0204 0.0198 0.2562 -1.02 0.0278 0.248 -1.0218 0.033 0.2425 -1.0265 0.0349 0.2402 -1.035 0.0297 0.2446
161.0 -1.0889 0.0344 0.2345 -0.9777 0.017 0.2633 -0.9536 0.03 0.2523 -0.9554 0.0353 0.2468 -0.97 0.0333 0.2473 -0.9885 0.0284 0.2506 -1.0178 0.025 0.2511 -1.0216 0.0319 0.2437 -1.0266 0.0355 0.2395 -1.0336 0.0351 0.2392 -1.0377 0.0324 0.2416
162.0 -1.087 0.0334 0.2356 -0.9717 0.0178 0.263 -0.9574 0.0271 0.255 -0.9587 0.0342 0.2475 -0.9702 0.0345 0.2461 -0.9881 0.0315 0.2474 -1.0179 0.0207 0.2554 -1.021 0.0283 0.2474 -1.0255 0.0338 0.2414 -1.0319 0.0354 0.2391 -1.0367 0.0303 0.2438
163.0 -1.0971 0.0308 0.2373 -0.9665 0.0185 0.2628 -0.9637 0.0329 0.2483 -0.9657 0.0339 0.2472 -0.9785 0.0316 0.2483 -1.0008 0.0237 0.2542 -1.0281 0.0236 0.2515 -1.0347 0.0264 0.248 -1.0411 0.0274 0.2463 -1.0485 0.0246 0.2485 -1.0499 0.0266 0.2463
164.0 -1.107 0.0319 0.2352 -0.9758 0.0167 0.2638 -0.9717 0.0282 0.2524 -0.9665 0.0338 0.2472 -0.9769 0.033 0.247 -0.9978 0.0265 0.2515 -1.0455 0.0176 0.2559 -1.0467 0.0242 0.2491 -1.0475 0.029 0.2441 -1.052 0.0296 0.243 -1.0597 0.0265 0.2454
165.0 -1.1125 0.0336 0.2329 -0.9777 0.017 0.2633 -0.972 0.0349 0.2455 -0.9708 0.0332 0.2474 -0.9842 0.029 0.2504 -1.0152 0.0156 0.261 -1.0442 0.0251 0.2483 -1.0495 0.025 0.2479 -1.0569 0.0222 0.2501 -1.0681 0.0158 0.2555 -1.0662 0.0244 0.2469
166.0 -1.1183 0.0316 0.2344 -0.9864 0.0165 0.263 -0.9775 0.0262 0.2539 -0.9751 0.0326 0.2475 -0.9889 0.0308 0.2481 -1.0134 0.025 0.2515 -1.0492 0.0184 0.2548 -1.0517 0.0229 0.2499 -1.0566 0.0259 0.2463 -1.0638 0.0268 0.2447 -1.0679 0.0251 0.246
167.0 -1.117 0.0288 0.2374 -0.9801 0.0161 0.264 -0.9823 0.0286 0.2509 -0.982 0.0317 0.2478 -0.9982 0.0289 0.2491 -1.0264 0.019 0.2564 -1.0461 0.0212 0.2522 -1.0526 0.0228 0.2499 -1.0614 0.0228 0.249 -1.0733 0.0206 0.2501 -1.0701 0.0232 0.2477
168.0 -1.13 0.0331 0.2317 -0.9962 0.0176 0.2608 -0.9876 0.0236 0.2555 -0.9863 0.0311 0.248 -0.9991 0.0288 0.2491 -1.0293 0.0204 0.2546 -1.0556 0.0199 0.2525 -1.0592 0.0207 0.2514 -1.0673 0.0214 0.2499 -1.0794 0.0204 0.2497 -1.0783 0.0231 0.247
169.0 -1.1358 0.0311 0.2332 -1.0156 0.0229 0.2535 -0.9931 0.0247 0.2539 -0.9888 0.0302 0.2487 -1.0013 0.0266 0.2511 -1.0339 0.0168 0.2579 -1.0596 0.0225 0.2496 -1.063 0.022 0.2497 -1.0706 0.0204 0.2506 -1.0838 0.0155 0.2543 -1.0826 0.0223 0.2475
170.0 -1.1521 0.0234 0.2394 -1.0623 0.008 0.264 -1.022 0.0141 0.2618 -1.0214 0.0307 0.245 -1.0319 0.0354 0.2391 -1.0584 0.036 0.2358 -1.0861 0.0085 0.2612 -1.0869 0.0181 0.2512 -1.0919 0.026 0.2427 -1.1 0.0323 0.2355 -1.1034 0.0217 0.246
171.0 -1.1673 0.025 0.2363 -1.0653 0.0199 0.2517 -1.0248 0.0198 0.2557 -1.0251 0.0314 0.2439 -1.0368 0.028 0.2462 -1.0711 0.0233 0.2475 -1.0982 0.0123 0.2561 -1.1022 0.0149 0.2531 -1.1106 0.0174 0.2497 -1.1225 0.0201 0.2458 -1.1202 0.0179 0.2482
172.0 -1.1706 0.0288 0.232 -1.0736 0.0071 0.2638 -1.0307 0.0184 0.2566 -1.0293 0.0308 0.244 -1.0391 0.0313 0.2425 -1.0689 0.0304 0.2406 -1.1032 0.0105 0.2575 -1.1026 0.0173 0.2506 -1.1071 0.0228 0.2445 -1.1176 0.0274 0.2387 -1.1202 0.0214 0.2447
173.0 -1.1711 0.0263 0.2345 -1.0811 0.0098 0.2604 -1.0347 0.016 0.2586 -1.0327 0.0297 0.2448 -1.0438 0.0331 0.2402 -1.0751 0.0356 0.2345 -1.1055 0.0083 0.2595 -1.1043 0.017 0.2507 -1.1092 0.0249 0.2421 -1.1192 0.0315 0.2344 -1.1219 0.0216 0.2442
174.0 -1.1688 0.0236 0.2376 -1.0595 0.017 0.2552 -1.0365 0.0262 0.248 -1.0372 0.0304 0.2437 -1.0469 0.0254 0.2478 -1.0898 0.0141 0.2551 -1.1003 0.0188 0.2493 -1.1062 0.0174 0.2501 -1.1171 0.0147 0.2518 -1.1307 0.0116 0.2536 -1.1246 0.0172 0.2485
175.0 -1.1689 0.0242 0.2369 -1.0876 0.0071 0.2625 -1.0454 0.0121 0.2615 -1.0403 0.0281 0.2457 -1.0507 0.0322 0.2405 -1.0803 0.0355 0.2341 -1.1138 0.006 0.261 -1.1121 0.016 0.251 -1.1154 0.0247 0.2417 -1.123 0.0328 0.2327 -1.1266 0.0207 0.2447
176.0 -1.1741 0.0235 0.2371 -1.0947 0.0073 0.2615 -1.0481 0.0124 0.261 -1.0446 0.0275 0.2459 -1.0566 0.0308 0.2413 -1.0886 0.0326 0.2363 -1.1157 0.0063 0.2605 -1.1155 0.0155 0.2511 -1.1214 0.0239 0.242 -1.1314 0.0311 0.2336 -1.1316 0.0201 0.2449
177.0 -1.1725 0.0194 0.2414 -1.097 0.0052 0.2635 -1.0544 0.0134 0.2594 -1.0499 0.0274 0.2454 -1.0606 0.0333 0.2384 -1.0931 0.0332 0.2352 -1.1148 0.0064 0.2604 -1.1149 0.0168 0.2498 -1.1198 0.0247 0.2413 -1.128 0.0315 0.2335 -1.13 0.0198 0.2453
178.0 -1.1758 0.0184 0.2422 -1.0991 0.0073 0.2611 -1.0568 0.0118 0.2607 -1.0515 0.0266 0.2461 -1.0641 0.0334 0.2379 -1.0948 0.033 0.2353 -1.1172 0.0049 0.2618 -1.118 0.0146 0.2518 -1.123 0.0231 0.2427 -1.1313 0.0305 0.2342 -1.1331 0.0183 0.2465
179.0 -1.1793 0.0179 0.2423 -1.1059 0.0058 0.262 -1.0601 0.0108 0.2615 -1.056 0.0272 0.2451 -1.0668 0.0337 0.2374 -1.0995 0.0348 0.233 -1.1216 0.0049 0.2613 -1.1224 0.0146 0.2514 -1.1283 0.023 0.2422 -1.1375 0.0303 0.2338 -1.1378 0.0181 0.2462
180.0 -1.1867 0.02 0.2395 -1.1105 0.007 0.2603 -1.0641 0.0133 0.2585 -1.0621 0.027 0.2447 -1.0735 0.0316 0.2389 -1.1023 0.0356 0.2319 -1.1287 0.0052 0.2604 -1.1294 0.0143 0.251 -1.1361 0.0225 0.2419 -1.1471 0.0302 0.233 -1.1456 0.0184 0.2452
181.0 -1.193 0.0209 0.2379 -1.1156 0.0057 0.2611 -1.0688 0.0102 0.2612 -1.0655 0.0265 0.2448 -1.0772 0.0329 0.2371 -1.105 0.0359 0.2313 -1.133 0.0046 0.2605 -1.1329 0.0144 0.2505 -1.1371 0.023 0.2413 -1.1465 0.0315 0.2317 -1.1485 0.0189 0.2444
182.0 -1.2004 0.023 0.235 -1.1191 0.0059 0.2606 -1.0715 0.0105 0.2606 -1.0699 0.0266 0.2443 -1.0791 0.0339 0.236 -1.1077 0.0361 0.2308 -1.1376 0.0058 0.2588 -1.1366 0.0151 0.2494 -1.1416 0.0236 0.2402 -1.1516 0.0308 0.2319 -1.1535 0.0197 0.2431
183.0 -1.2061 0.0253 0.2321 -1.1235 0.0059 0.2602 -1.075 0.01 0.2608 -1.0726 0.0268 0.2438 -1.0853 0.0336 0.2356 -1.1113 0.0368 0.2297 -1.1419 0.0052 0.259 -1.141 0.0151 0.249 -1.146 0.0236 0.2398 -1.1544 0.0316 0.2308 -1.1579 0.0202 0.2421
184.0 -1.2151 0.0265 0.23 -1.127 0.006 0.2597 -1.0794 0.01 0.2603 -1.0761 0.0263 0.244 -1.0879 0.0339 0.235 -1.1133 0.0378 0.2285 -1.1496 0.0042 0.2593 -1.1478 0.0142 0.2492 -1.1512 0.0235 0.2394 -1.1597 0.0315 0.2303 -1.1647 0.02 0.2416
185.0 -1.2151 0.0265 0.23 -1.1316 0.0066 0.2586 -1.0839 0.0106 0.2592 -1.0795 0.0259 0.2441 -1.0904 0.0329 0.2358 -1.1157 0.0369 0.2293 -1.1539 0.0036 0.2595 -1.1521 0.0136 0.2494 -1.1555 0.0229 0.2395 -1.1632 0.0317 0.2298 -1.168 0.0197 0.2416
186.0 -1.2135 0.0224 0.2343 -1.1334 0.007 0.258 -1.0871 0.009 0.2606 -1.0829 0.0254 0.2442 -1.094 0.0331 0.2353 -1.1193 0.037 0.2288 -1.1487 0.0043 0.2593 -1.1488 0.0147 0.2486 -1.1539 0.0238 0.2389 -1.1624 0.0318 0.2298 -1.1655 0.0194 0.2422
186.0 -1.2135 0.0224 0.2343 -1.1334 0.007 0.258 -1.0871 0.009 0.2606 -1.0829 0.0254 0.2442 -1.094 0.0331 0.2353 -1.1193 0.037 0.2288 -1.1487 0.0043 0.2593 -1.1488 0.0147 0.2486 -1.1539 0.0238 0.2389 -1.1624 0.0318 0.2298 -1.1655 0.0194 0.2422
186.0 -1.2135 0.0224 0.2343 -1.1334 0.007 0.258 -1.0871 0.009 0.2606 -1.0829 0.0254 0.2442 -1.094 0.0331 0.2353 -1.1193 0.037 0.2288 -1.1487 0.0043 0.2593 -1.1488 0.0147 0.2486 -1.1539 0.0238 0.2389 -1.1624 0.0318 0.2298 -1.1655 0.0194 0.2422
189.0 -1.222 0.0207 0.2352 -1.1393 0.0056 0.2589 -1.0976 0.0088 0.2598 -1.0916 0.0248 0.2439 -1.1033 0.0312 0.2363 -1.1323 0.0359 0.2286 -1.1599 0.0028 0.2597 -1.16 0.0132 0.2491 -1.1651 0.0223 0.2393 -1.1736 0.0309 0.2296 -1.1761 0.018 0.2426
189.0 -1.222 0.0207 0.2352 -1.1393 0.0056 0.2589 -1.0976 0.0088 0.2598 -1.0916 0.0248 0.2439 -1.1033 0.0312 0.2363 -1.1323 0.0359 0.2286 -1.1599 0.0028 0.2597 -1.16 0.0132 0.2491 -1.1651 0.0223 0.2393 -1.1736 0.0309 0.2296 -1.1761 0.018 0.2426
189.0 -1.222 0.0207 0.2352 -1.1393 0.0056 0.2589 -1.0976 0.0088 0.2598 -1.0916 0.0248 0.2439 -1.1033 0.0312 0.2363 -1.1323 0.0359 0.2286 -1.1599 0.0028 0.2597 -1.16 0.0132 0.2491 -1.1651 0.0223 0.2393 -1.1736 0.0309 0.2296 -1.1761 0.018 0.2426
189.0 -1.222 0.0207 0.2352 -1.1393 0.0056 0.2589 -1.0976 0.0088 0.2598 -1.0916 0.0248 0.2439 -1.1033 0.0312 0.2363 -1.1323 0.0359 0.2286 -1.1599 0.0028 0.2597 -1.16 0.0132 0.2491 -1.1651 0.0223 0.2393 -1.1736 0.0309 0.2296 -1.1761 0.018 0.2426
193.0 -1.2482 0.0245 0.2288 -1.1579 0.0012 0.2615 -1.1149 0.007 0.2598 -1.1071 0.0228 0.2445 -1.1204 0.0283 0.2376 -1.1443 0.0342 0.2291 -1.1801 0.0025 0.258 -1.1791 0.0118 0.2486 -1.1833 0.021 0.2387 -1.1909 0.0292 0.2297 -1.1963 0.0178 0.2407
194.0 -1.2499 0.0243 0.2288 -1.1629 -4.902e-05 0.2623 -1.1165 0.0062 0.2605 -1.1095 0.0212 0.2459 -1.122 0.0275 0.2382 -1.1468 0.0333 0.2298 -1.1826 0.0016 0.2587 -1.1816 0.0109 0.2493 -1.1857 0.0195 0.2401 -1.1935 0.0288 0.2298 -1.1986 0.017 0.2413
195.0 -1.2532 0.0232 0.2296 -1.1648 0.0003 0.2618 -1.1209 0.0062 0.2601 -1.1128 0.0202 0.2466 -1.1256 0.0276 0.2378 -1.1529 0.0331 0.2294 -1.1853 0.0018 0.2582 -1.1851 0.011 0.2488 -1.1893 0.0196 0.2396 -1.1978 0.0282 0.2299 -1.2021 0.0168 0.2412
196.0 -1.2549 0.023 0.2297 -1.1689 -0.0009 0.2625 -1.1242 0.0046 0.2614 -1.1155 0.0204 0.2461 -1.1273 0.0274 0.2378 -1.152 0.0332 0.2294 -1.1876 0.0003 0.2595 -1.1867 0.0102 0.2495 -1.1901 0.0195 0.2396 -1.1987 0.0281 0.23 -1.2036 0.0162 0.2417
197.0 -1.2574 0.022 0.2304 -1.1725 -0.0007 0.2621 -1.1268 0.0048 0.2609 -1.119 0.0205 0.2456 -1.1298 0.027 0.2379 -1.1572 0.0325 0.2296 -1.1904 0.0011 0.2584 -1.1894 0.0104 0.249 -1.1935 0.019 0.2398 -1.2021 0.0276 0.2301 -1.2066 0.016 0.2415
197.0 -1.2574 0.022 0.2304 -1.1725 -0.0007 0.2621 -1.1268 0.0048 0.2609 -1.119 0.0205 0.2456 -1.1298 0.027 0.2379 -1.1572 0.0325 0.2296 -1.1904 0.0011 0.2584 -1.1894 0.0104 0.249 -1.1935 0.019 0.2398 -1.2021 0.0276 0.2301 -1.2066 0.016 0.2415
199.0 -1.2628 0.0225 0.2293 -1.1776 -0.0014 0.2623 -1.1319 0.0035 0.2617 -1.1258 0.019 0.2465 -1.1367 0.0261 0.2382 -1.1614 0.0313 0.2304 -1.1972 -0.0004 0.2593 -1.1962 0.0089 0.2499 -1.1996 0.0182 0.24 -1.2073 0.027 0.2303 -1.2126 0.0152 0.2418
200.0 -1.2652 0.0216 0.2301 -1.1811 -0.0019 0.2624 -1.1337 0.0039 0.2612 -1.1275 0.0188 0.2466 -1.1393 0.0257 0.2383 -1.1632 0.0317 0.2298 -1.1979 -0.0011 0.2599 -1.197 0.0088 0.2499 -1.2013 0.018 0.2401 -1.2098 0.0266 0.2304 -1.2143 0.0148 0.2421
201.0 -1.2651 0.021 0.2307 -1.1845 -0.0024 0.2625 -1.1378 0.0021 0.2626 -1.1309 0.0177 0.2473 -1.1426 0.0247 0.239 -1.1667 0.0312 0.23 -1.2013 -0.0022 0.2607 -1.2003 0.0071 0.2513 -1.2037 0.0164 0.2414 -1.2113 0.0252 0.2317 -1.2163 0.0135 0.2431
202.0 -1.2659 0.0203 0.2313 -1.1852 -0.0037 0.2638 -1.1404 0.0018 0.2627 -1.1349 0.0159 0.2487 -1.1459 0.023 0.2404 -1.1663 0.0294 0.2318 -1.2072 -0.0036 0.2615 -1.2045 0.006 0.2521 -1.207 0.0154 0.2422 -1.213 0.0243 0.2324 -1.2195 0.0125 0.2439
203.0 -1.2724 0.0072 0.2441 -1.2009 -0.0143 0.2731 -1.158 -0.0079 0.2709 -1.1517 0.0063 0.2569 -1.1587 0.0158 0.2465 -1.1794 0.0234 0.2367 -1.2137 -0.0118 0.2693 -1.212 -0.0012 0.2586 -1.2154 0.0081 0.2487 -1.2231 0.0169 0.239 -1.2273 0.0038 0.2519
204.0 -1.2784 0.0015 0.2493 -1.1877 -0.0144 0.2745 -1.1585 -0.0104 0.2734 -1.1534 0.0055 0.2576 -1.1627 0.0134 0.2486 -1.1875 0.0198 0.2395 -1.2141 -0.0143 0.2718 -1.2148 -0.0052 0.2624 -1.2208 0.0037 0.2527 -1.2301 0.0117 0.2437 -1.2316 -0.0005 0.256
205.0 -1.2747 0.0001 0.251 -1.1807 -0.0141 0.2749 -1.1572 -0.0078 0.2708 -1.1552 0.0059 0.257 -1.1645 0.0138 0.248 -1.1909 0.0188 0.2403 -1.2097 -0.0143 0.2722 -1.2107 -0.0034 0.261 -1.2176 0.0054 0.2513 -1.227 0.0139 0.2417 -1.2279 0.0003 0.2555
206.0 -1.2732 -0.0033 0.2547 -1.1666 -0.014 0.2762 -1.1582 -0.0067 0.2696 -1.1587 0.006 0.2565 -1.1678 0.0127 0.2488 -1.1927 0.0191 0.2397 -1.2082 -0.0129 0.2709 -1.2109 -0.0023 0.2598 -1.2187 0.0071 0.2495 -1.229 0.0155 0.2399 -1.228 0.0008 0.255
206.0 -1.2732 -0.0033 0.2547 -1.1666 -0.014 0.2762 -1.1582 -0.0067 0.2696 -1.1587 0.006 0.2565 -1.1678 0.0127 0.2488 -1.1927 0.0191 0.2397 -1.2082 -0.0129 0.2709 -1.2109 -0.0023 0.2598 -1.2187 0.0071 0.2495 -1.229 0.0155 0.2399 -1.228 0.0008 0.255
208.0 -1.2687 -0.0088 0.2608 -1.1726 -0.0154 0.277 -1.1613 -0.0096 0.2722 -1.1584 0.0042 0.2584 -1.17 0.01 0.2513 -1.194 0.0165 0.2423 -1.2133 -0.0136 0.2711 -1.2168 -0.0037 0.2607 -1.2243 0.0039 0.2522 -1.2353 0.0116 0.2433 -1.2317 -0.0021 0.2576
209.0 -1.2663 -0.0073 0.2594 -1.1844 -0.0133 0.2738 -1.1649 -0.0089 0.2711 -1.1625 0.0025 0.2598 -1.1694 0.007 0.2544 -1.1892 0.0141 0.2452 -1.2118 -0.0121 0.2698 -1.2136 -0.002 0.2593 -1.2194 0.0058 0.2508 -1.2294 0.013 0.2424 -1.2281 -0.0005 0.2563
210.0 -1.2626 -0.0135 0.2662 -1.1606 -0.0132 0.276 -1.1632 -0.0086 0.2711 -1.1601 0.004 0.2585 -1.1724 0.0091 0.2521 -1.1956 0.0157 0.243 -1.2124 -0.0141 0.2717 -1.2184 -0.0051 0.262 -1.2268 0.0029 0.2529 -1.2386 0.0099 0.2446 -1.2317 -0.004 0.2595
211.0 -1.2691 -0.0119 0.2639 -1.1624 -0.0134 0.276 -1.1605 -0.004 0.2666 -1.163 0.0054 0.2567 -1.1745 0.0106 0.2503 -1.1984 0.0165 0.2418 -1.2111 -0.0114 0.2692 -1.2171 -0.0025 0.2594 -1.2264 0.0054 0.2504 -1.238 0.0118 0.2427 -1.2323 -0.0017 0.2571
212.0 -1.2681 -0.0075 0.2595 -1.1764 -0.0135 0.2747 -1.1633 -0.008 0.2704 -1.1628 0.0042 0.2579 -1.1726 0.0096 0.2514 -1.1958 0.0169 0.2417 -1.2127 -0.0123 0.2699 -1.2162 -0.0024 0.2594 -1.2229 0.0059 0.2503 -1.2339 0.0136 0.2413 -1.2308 -0.0005 0.2561
213.0 -1.2636 -0.0081 0.2606 -1.1671 -0.0116 0.2737 -1.1616 -0.0029 0.2654 -1.165 0.007 0.2549 -1.1781 0.0113 0.2492 -1.1985 0.0171 0.2412 -1.2077 -0.0104 0.2684 -1.2129 -0.0013 0.2586 -1.2229 0.0059 0.2503 -1.2357 0.0133 0.2414 -1.2285 -0.0001 0.2559
214.0 -1.2663 -0.0073 0.2594 -1.178 -0.0143 0.2754 -1.1639 -0.0093 0.2717 -1.1619 0.0044 0.2579 -1.1735 0.0101 0.2509 -1.1959 0.0175 0.2411 -1.2125 -0.0135 0.2711 -1.216 -0.0035 0.2606 -1.2245 0.0051 0.251 -1.2357 0.0133 0.2414 -1.231 -0.0012 0.2567
