1.0 -1.0208 0.0069 0.2693 -0.9399 -0.0127 0.2974 -0.9056 -0.0026 0.2904 -0.9042 0.0147 0.2729 -0.9171 0.0276 0.2584 -0.9443 0.0374 0.2457 -0.9654 -0.0027 0.2846 -0.9671 0.0068 0.2747 -0.9731 0.0158 0.2649 -0.9843 0.0247 0.2548 -0.9821 0.0103 0.2697
2.0 -1.0217 0.0074 0.2687 -0.9399 -0.0127 0.2974 -0.9049 -0.0019 0.2898 -0.9045 0.0159 0.2717 -0.9172 0.0282 0.2578 -0.9455 0.0391 0.2439 -0.9663 -0.0028 0.2847 -0.9679 0.0067 0.2747 -0.9749 0.0162 0.2644 -0.986 0.0244 0.2548 -0.9834 0.0104 0.2695
3.0 -1.0224 0.0061 0.27 -0.9416 -0.0129 0.2975 -0.9057 -0.002 0.2898 -0.9061 0.0151 0.2723 -0.9172 0.0282 0.2578 -0.9456 0.0397 0.2433 -0.9655 -0.0021 0.284 -0.9673 0.008 0.2735 -0.975 0.0168 0.2638 -0.9861 0.025 0.2542 -0.9833 0.0108 0.2691
4.0 -1.0236 0.0078 0.2682 -0.9436 -0.012 0.2963 -0.9068 -0.0009 0.2886 -0.9053 0.0158 0.2717 -0.9165 0.0295 0.2565 -0.9456 0.0397 0.2433 -0.9674 -0.0011 0.2828 -0.9691 0.0084 0.2729 -0.9759 0.0173 0.2632 -0.9871 0.0255 0.2536 -0.9846 0.0116 0.2681
5.0 -1.0217 0.0074 0.2687 -0.9427 -0.0119 0.2962 -0.9058 -0.0014 0.2892 -0.9063 0.0163 0.2711 -0.9182 0.0293 0.2566 -0.9466 0.0408 0.2421 -0.9655 -0.0021 0.284 -0.9674 0.0086 0.2728 -0.9752 0.018 0.2625 -0.9872 0.0261 0.253 -0.9834 0.0116 0.2682
6.0 -1.0225 0.0067 0.2694 -0.9428 -0.0113 0.2956 -0.9058 -0.0014 0.2892 -0.9063 0.0163 0.2711 -0.9182 0.0293 0.2566 -0.9474 0.04 0.2427 -0.9657 -0.0009 0.2828 -0.9674 0.0086 0.2728 -0.9751 0.0174 0.2632 -0.9871 0.0255 0.2536 -0.9836 0.0115 0.2683
7.0 -1.0217 0.0074 0.2687 -0.9418 -0.0117 0.2962 -0.9051 -0.0007 0.2885 -0.9054 0.0164 0.2711 -0.9174 0.0294 0.2565 -0.9456 0.0397 0.2433 -0.9665 -0.0016 0.2834 -0.9682 0.0079 0.2735 -0.975 0.0168 0.2638 -0.9861 0.025 0.2542 -0.9835 0.0111 0.2687
8.0 -1.0217 0.0074 0.2687 -0.941 -0.0116 0.2962 -0.9042 -0.0006 0.2885 -0.9054 0.0164 0.2711 -0.9174 0.0294 0.2565 -0.9457 0.0403 0.2427 -0.9655 -0.0021 0.284 -0.9673 0.008 0.2735 -0.9741 0.0169 0.2637 -0.9854 0.0258 0.2536 -0.9828 0.0112 0.2687
9.0 -1.0209 0.0075 0.2687 -0.9411 -0.011 0.2956 -0.9043 4.522e-05 0.2879 -0.9046 0.0165 0.271 -0.9174 0.0294 0.2565 -0.9457 0.0403 0.2427 -0.965 -0.0002 0.2821 -0.9675 0.0092 0.2722 -0.9742 0.0175 0.2631 -0.9862 0.0256 0.2536 -0.9828 0.0119 0.2679
10.0 -1.0208 0.0069 0.2693 -0.9393 -0.0114 0.2961 -0.9051 -0.0007 0.2885 -0.9037 0.0166 0.271 -0.9164 0.029 0.2571 -0.9437 0.0393 0.2438 -0.9649 -0.0008 0.2827 -0.9664 0.0082 0.2734 -0.9741 0.0169 0.2637 -0.9853 0.0252 0.2542 -0.9823 0.0113 0.2687
11.0 -1.019 0.0072 0.2692 -0.9401 -0.0115 0.2961 -0.905 -0.0013 0.2892 -0.9036 0.016 0.2716 -0.9163 0.0284 0.2578 -0.9436 0.0387 0.2444 -0.9638 -0.0019 0.2839 -0.9655 0.0077 0.274 -0.9723 0.0165 0.2643 -0.9835 0.0254 0.2541 -0.9808 0.011 0.2691
12.0 -1.0182 0.0073 0.2692 -0.94 -0.0121 0.2968 -0.904 -0.0017 0.2897 -0.9036 0.016 0.2716 -0.9163 0.0284 0.2578 -0.9436 0.0387 0.2444 -0.9637 -0.0025 0.2846 -0.9663 0.0076 0.2741 -0.9732 0.0164 0.2643 -0.9834 0.0248 0.2547 -0.981 0.0107 0.2694
13.0 -1.0191 0.0078 0.2686 -0.9401 -0.0115 0.2961 -0.9031 -0.0016 0.2897 -0.9027 0.0161 0.2716 -0.9154 0.0279 0.2583 -0.9428 0.0388 0.2444 -0.9647 -0.002 0.284 -0.9663 0.0076 0.2741 -0.9732 0.0164 0.2643 -0.9843 0.0247 0.2548 -0.9815 0.0109 0.2691
14.0 -1.02 0.0076 0.2686 -0.9393 -0.0114 0.2961 -0.9031 -0.0016 0.2897 -0.9019 0.0163 0.2716 -0.9162 0.0278 0.2584 -0.9428 0.0388 0.2444 -0.9647 -0.002 0.284 -0.9663 0.0076 0.2741 -0.9732 0.0164 0.2643 -0.9843 0.0247 0.2548 -0.9817 0.0109 0.2692
15.0 -1.02 0.0076 0.2686 -0.9392 -0.012 0.2967 -0.9039 -0.0023 0.2904 -0.9036 0.016 0.2716 -0.9162 0.0278 0.2584 -0.9428 0.0388 0.2444 -0.9646 -0.0026 0.2846 -0.9663 0.0076 0.2741 -0.9732 0.0164 0.2643 -0.9843 0.0247 0.2548 -0.9817 0.0107 0.2693
16.0 -1.0189 0.0066 0.2698 -0.9408 -0.0128 0.2974 -0.9049 -0.0019 0.2898 -0.9045 0.0159 0.2717 -0.9171 0.0276 0.2584 -0.9435 0.0381 0.2451 -0.9654 -0.0027 0.2846 -0.9671 0.0068 0.2747 -0.9739 0.0157 0.265 -0.985 0.024 0.2554 -0.9821 0.0101 0.2699
17.0 -1.0199 0.007 0.2693 -0.94 -0.0121 0.2968 -0.9048 -0.0025 0.2904 -0.9046 0.0165 0.271 -0.9163 0.0284 0.2578 -0.9428 0.0388 0.2444 -0.9646 -0.0026 0.2846 -0.9671 0.0068 0.2747 -0.974 0.0163 0.2644 -0.9851 0.0246 0.2548 -0.9821 0.0104 0.2695
18.0 -1.0197 0.0058 0.2705 -0.9408 -0.0128 0.2974 -0.9056 -0.0026 0.2904 -0.9053 0.0158 0.2717 -0.9179 0.0275 0.2584 -0.9454 0.0385 0.2445 -0.9655 -0.0021 0.284 -0.9672 0.0074 0.2741 -0.9739 0.0157 0.265 -0.985 0.024 0.2554 -0.9823 0.0102 0.2698
19.0 -1.019 0.0072 0.2692 -0.9416 -0.0129 0.2975 -0.9057 -0.002 0.2898 -0.9054 0.0164 0.2711 -0.9179 0.0275 0.2584 -0.9453 0.0379 0.2451 -0.9655 -0.0021 0.284 -0.9672 0.0074 0.2741 -0.9739 0.0157 0.265 -0.985 0.024 0.2554 -0.9821 0.0104 0.2695
20.0 -1.0198 0.0064 0.2699 -0.9399 -0.0127 0.2974 -0.9057 -0.002 0.2898 -0.9054 0.0164 0.2711 -0.9179 0.0275 0.2584 -0.9453 0.0379 0.2451 -0.9663 -0.0028 0.2847 -0.9681 0.0073 0.2741 -0.9749 0.0162 0.2644 -0.9859 0.0238 0.2555 -0.983 0.0102 0.2697
21.0 -1.0198 0.0064 0.2699 -0.94 -0.0121 0.2968 -0.9048 -0.0025 0.2904 -0.9045 0.0159 0.2717 -0.9172 0.0282 0.2578 -0.9454 0.0385 0.2445 -0.9654 -0.0027 0.2846 -0.9679 0.0067 0.2747 -0.9748 0.0156 0.265 -0.985 0.024 0.2554 -0.9826 0.01 0.2699
22.0 -1.0204 0.0051 0.2712 -0.9409 -0.0122 0.2968 -0.9057 -0.002 0.2898 -0.9046 0.0165 0.271 -0.9172 0.0282 0.2578 -0.9444 0.038 0.2451 -0.9654 -0.0027 0.2846 -0.9671 0.0068 0.2747 -0.9748 0.0156 0.265 -0.9859 0.0238 0.2555 -0.9827 0.0097 0.2702
23.0 -1.018 0.0061 0.2704 -0.9408 -0.0128 0.2974 -0.9057 -0.002 0.2898 -0.9046 0.0165 0.271 -0.9179 0.0275 0.2584 -0.9454 0.0385 0.2445 -0.9647 -0.002 0.284 -0.9672 0.0074 0.2741 -0.9739 0.0157 0.265 -0.985 0.024 0.2554 -0.9818 0.0102 0.2698
24.0 -1.0197 0.0058 0.2705 -0.9399 -0.0127 0.2974 -0.9049 -0.0019 0.2898 -0.9037 0.0166 0.271 -0.9172 0.0282 0.2578 -0.9436 0.0387 0.2444 -0.9654 -0.0027 0.2846 -0.9679 0.0067 0.2747 -0.9748 0.0156 0.265 -0.9859 0.0238 0.2555 -0.9827 0.0099 0.2701
25.0 -1.0181 0.0067 0.2698 -0.9409 -0.0122 0.2968 -0.9057 -0.002 0.2898 -0.9053 0.0158 0.2717 -0.9179 0.0275 0.2584 -0.9454 0.0385 0.2445 -0.9655 -0.0021 0.284 -0.9672 0.0074 0.2741 -0.9739 0.0157 0.265 -0.985 0.024 0.2554 -0.9819 0.0103 0.2697
26.0 -1.0189 0.0066 0.2698 -0.9417 -0.0123 0.2968 -0.9058 -0.0014 0.2892 -0.9046 0.0165 0.271 -0.9173 0.0288 0.2572 -0.9436 0.0387 0.2444 -0.9654 -0.0027 0.2846 -0.9672 0.0074 0.2741 -0.974 0.0163 0.2644 -0.9851 0.0246 0.2548 -0.9821 0.0104 0.2695
27.0 -1.0208 0.0069 0.2693 -0.9416 -0.0129 0.2975 -0.9058 -0.0014 0.2892 -0.9047 0.0171 0.2704 -0.9172 0.0282 0.2578 -0.9454 0.0385 0.2445 -0.9663 -0.0028 0.2847 -0.9681 0.0073 0.2741 -0.9749 0.0162 0.2644 -0.986 0.0244 0.2548 -0.9832 0.0104 0.2695
28.0 -1.0208 0.0069 0.2693 -0.9417 -0.0123 0.2968 -0.9058 -0.0014 0.2892 -0.9063 0.0163 0.2711 -0.9182 0.0293 0.2566 -0.9455 0.0391 0.2439 -0.9663 -0.0028 0.2847 -0.9681 0.0073 0.2741 -0.9757 0.0161 0.2644 -0.987 0.0249 0.2542 -0.9836 0.0105 0.2693
29.0 -1.0199 0.007 0.2693 -0.9425 -0.013 0.2975 -0.9066 -0.0021 0.2898 -0.9064 0.0169 0.2705 -0.9199 0.0285 0.2573 -0.9463 0.039 0.2439 -0.9671 -0.0029 0.2847 -0.9689 0.0072 0.2742 -0.9757 0.0161 0.2644 -0.986 0.0244 0.2548 -0.9835 0.0104 0.2695
30.0 -1.0223 0.0055 0.2706 -0.9433 -0.0132 0.2975 -0.9074 -0.0022 0.2899 -0.908 0.016 0.2712 -0.9208 0.029 0.2567 -0.9489 0.0386 0.244 -0.9681 -0.0025 0.2841 -0.9699 0.0077 0.2736 -0.9767 0.0165 0.2638 -0.9888 0.0253 0.2537 -0.9851 0.0105 0.2692
31.0 -1.0207 0.0063 0.2699 -0.9435 -0.0126 0.2969 -0.9075 -0.0016 0.2893 -0.9073 0.0173 0.2699 -0.9208 0.029 0.2567 -0.948 0.0387 0.244 -0.9672 -0.0023 0.2841 -0.969 0.0078 0.2735 -0.9758 0.0167 0.2638 -0.9869 0.0243 0.2549 -0.9839 0.0106 0.2692
32.0 -1.0215 0.0062 0.2699 -0.9433 -0.0132 0.2975 -0.9075 -0.0016 0.2893 -0.9072 0.0168 0.2705 -0.92 0.0291 0.2566 -0.948 0.0387 0.244 -0.9691 -0.002 0.2835 -0.9707 0.0076 0.2736 -0.9776 0.0164 0.2639 -0.9878 0.0248 0.2543 -0.9853 0.0106 0.269
33.0 -1.0216 0.0068 0.2693 -0.9443 -0.0127 0.2969 -0.9076 -0.001 0.2886 -0.9082 0.0172 0.2699 -0.9208 0.029 0.2567 -0.948 0.0387 0.244 -0.9681 -0.0025 0.2841 -0.9699 0.0077 0.2736 -0.9767 0.0165 0.2638 -0.9878 0.0248 0.2543 -0.9848 0.0107 0.269
34.0 -1.0236 0.0078 0.2682 -0.9442 -0.0133 0.2976 -0.9085 -0.0011 0.2887 -0.9081 0.0166 0.2705 -0.9208 0.029 0.2567 -0.948 0.0387 0.244 -0.9691 -0.002 0.2835 -0.9707 0.0076 0.2736 -0.9776 0.0164 0.2639 -0.9888 0.0253 0.2537 -0.9859 0.011 0.2686
35.0 -1.0225 0.0067 0.2694 -0.9443 -0.0127 0.2969 -0.9085 -0.0011 0.2887 -0.9082 0.0172 0.2699 -0.9208 0.029 0.2567 -0.9489 0.0386 0.244 -0.969 -0.0026 0.2841 -0.9707 0.0076 0.2736 -0.9784 0.0163 0.2639 -0.9895 0.0246 0.2543 -0.986 0.0105 0.2691
36.0 -1.0224 0.0061 0.27 -0.9444 -0.0121 0.2963 -0.9078 -0.0004 0.288 -0.9082 0.0172 0.2699 -0.9209 0.0296 0.2561 -0.948 0.0387 0.244 -0.9682 -0.0019 0.2835 -0.9708 0.0082 0.273 -0.9777 0.017 0.2633 -0.9888 0.0253 0.2537 -0.9856 0.0109 0.2687
37.0 -1.0239 0.0047 0.2713 -0.9444 -0.0121 0.2963 -0.9094 -0.0012 0.2887 -0.9083 0.0178 0.2693 -0.921 0.0302 0.2554 -0.9499 0.0391 0.2434 -0.9693 -0.0008 0.2823 -0.9708 0.0082 0.273 -0.9785 0.0169 0.2633 -0.9904 0.0245 0.2544 -0.9866 0.0107 0.2688
38.0 -1.0232 0.006 0.27 -0.9436 -0.012 0.2963 -0.9086 -0.0005 0.2881 -0.9092 0.0177 0.2693 -0.921 0.0302 0.2554 -0.9483 0.0399 0.2428 -0.9682 -0.0019 0.2835 -0.9708 0.0082 0.273 -0.9785 0.0169 0.2633 -0.9898 0.0258 0.2531 -0.9861 0.011 0.2686
39.0 -1.0215 0.0062 0.2699 -0.9437 -0.0114 0.2957 -0.9087 6.188e-05 0.2874 -0.9083 0.0178 0.2693 -0.9202 0.0303 0.2554 -0.9475 0.0406 0.2421 -0.9674 -0.0011 0.2828 -0.97 0.0083 0.2729 -0.9768 0.0171 0.2632 -0.9888 0.0253 0.2537 -0.9849 0.0112 0.2685
40.0 -1.02 0.0076 0.2686 -0.941 -0.0116 0.2962 -0.9044 0.0006 0.2873 -0.9042 0.0196 0.2679 -0.9177 0.0312 0.2547 -0.9448 0.0404 0.2426 -0.9649 -0.0008 0.2827 -0.9666 0.0093 0.2722 -0.9744 0.0187 0.2619 -0.9855 0.0264 0.2529 -0.9823 0.0122 0.2677
41.0 -1.0185 0.0091 0.2673 -0.9366 -0.0116 0.2966 -0.8992 0.0007 0.2877 -0.8989 0.0191 0.2689 -0.9126 0.0325 0.2539 -0.9408 0.0428 0.2406 -0.963 -0.0012 0.2833 -0.9648 0.009 0.2727 -0.9709 0.0185 0.2624 -0.9813 0.0275 0.2521 -0.9797 0.0126 0.2676
42.0 -1.0144 0.0108 0.2659 -0.9287 -0.0112 0.297 -0.8921 0.0005 0.2887 -0.8921 0.0206 0.2681 -0.9039 0.0331 0.2541 -0.9332 0.0444 0.2397 -0.956 -0.0014 0.2843 -0.957 0.0094 0.2731 -0.964 0.0195 0.2621 -0.9751 0.0277 0.2525 -0.9733 0.0132 0.2676
43.0 -1.0109 0.0107 0.2664 -0.9208 -0.0113 0.2979 -0.8816 0.0007 0.2895 -0.8816 0.0208 0.2689 -0.8955 0.0348 0.2532 -0.9264 0.0459 0.2388 -0.9481 -0.001 0.2846 -0.95 0.0098 0.2734 -0.957 0.0198 0.2625 -0.9683 0.0287 0.2523 -0.9669 0.0136 0.2678
44.0 -0.9992 0.0092 0.2691 -0.9079 -0.0096 0.2974 -0.8705 0.0028 0.2884 -0.871 0.021 0.2697 -0.886 0.0361 0.2528 -0.9162 0.0479 0.2378 -0.9394 -0.0004 0.2849 -0.9413 0.0103 0.2737 -0.9482 0.0198 0.2634 -0.9595 0.0286 0.2532 -0.9575 0.0135 0.2688
45.0 -0.9958 0.0103 0.2683 -0.898 -0.0107 0.2995 -0.8599 0.0024 0.2899 -0.8583 0.0234 0.2686 -0.872 0.0368 0.2535 -0.9059 0.0493 0.2374 -0.9287 -0.0014 0.287 -0.9306 0.0093 0.2758 -0.9369 0.0201 0.2642 -0.9465 0.0298 0.2533 -0.9477 0.0136 0.2697
46.0 -0.9396 0.0106 0.2736 -0.8451 -0.0115 0.3056 -0.805 0.0055 0.2922 -0.8016 0.0261 0.2714 -0.8231 0.0434 0.2516 -0.8569 0.0559 0.2355 -0.8763 0.0008 0.2899 -0.8783 0.0121 0.2781 -0.8863 0.0226 0.2666 -0.8977 0.0327 0.2552 -0.8956 0.0158 0.2727
47.0 -0.9238 0.0109 0.2749 -0.8313 -0.0102 0.3057 -0.7984 0.0082 0.29 -0.8018 0.0273 0.2702 -0.811 0.045 0.2512 -0.8467 0.0579 0.2344 -0.8601 0.0036 0.2887 -0.8638 0.0147 0.2769 -0.8725 0.0245 0.266 -0.8864 0.0336 0.2553 -0.8813 0.0174 0.2724
48.0 -0.9123 0.0106 0.2763 -0.8156 -0.0094 0.3063 -0.7986 0.0094 0.2888 -0.8017 0.0267 0.2708 -0.8054 0.0482 0.2485 -0.8346 0.0589 0.2346 -0.848 0.0052 0.2882 -0.8518 0.0169 0.2759 -0.8616 0.0272 0.2644 -0.8755 0.0363 0.2537 -0.8699 0.0192 0.2717
49.0 -0.9023 0.0138 0.2741 -0.8062 -0.0075 0.3053 -0.7991 0.0118 0.2863 -0.8021 0.0291 0.2683 -0.8054 0.0482 0.2485 -0.8238 0.0628 0.2317 -0.8363 0.0086 0.2859 -0.8383 0.0199 0.2741 -0.8472 0.0304 0.2626 -0.861 0.0389 0.2525 -0.857 0.0223 0.2698
49.0 -0.9023 0.0138 0.2741 -0.8062 -0.0075 0.3053 -0.7991 0.0118 0.2863 -0.8021 0.0291 0.2683 -0.8054 0.0482 0.2485 -0.8238 0.0628 0.2317 -0.8363 0.0086 0.2859 -0.8383 0.0199 0.2741 -0.8472 0.0304 0.2626 -0.861 0.0389 0.2525 -0.857 0.0223 0.2698
49.0 -0.9023 0.0138 0.2741 -0.8062 -0.0075 0.3053 -0.7991 0.0118 0.2863 -0.8021 0.0291 0.2683 -0.8054 0.0482 0.2485 -0.8238 0.0628 0.2317 -0.8363 0.0086 0.2859 -0.8383 0.0199 0.2741 -0.8472 0.0304 0.2626 -0.861 0.0389 0.2525 -0.857 0.0223 0.2698
49.0 -0.9023 0.0138 0.2741 -0.8062 -0.0075 0.3053 -0.7991 0.0118 0.2863 -0.8021 0.0291 0.2683 -0.8054 0.0482 0.2485 -0.8238 0.0628 0.2317 -0.8363 0.0086 0.2859 -0.8383 0.0199 0.2741 -0.8472 0.0304 0.2626 -0.861 0.0389 0.2525 -0.857 0.0223 0.2698
49.0 -0.9023 0.0138 0.2741 -0.8062 -0.0075 0.3053 -0.7991 0.0118 0.2863 -0.8021 0.0291 0.2683 -0.8054 0.0482 0.2485 -0.8238 0.0628 0.2317 -0.8363 0.0086 0.2859 -0.8383 0.0199 0.2741 -0.8472 0.0304 0.2626 -0.861 0.0389 0.2525 -0.857 0.0223 0.2698
54.0 -0.8399 0.0289 0.2648 -0.8075 0.0601 0.236 -0.806 0.0512 0.2454 -0.8042 0.041 0.2559 -0.8026 0.0321 0.2652 -0.8007 0.0214 0.2764 -0.8055 0.0488 0.2478 -0.804 0.0399 0.2571 -0.8023 0.0303 0.2671 -0.8006 0.0208 0.277 -0.8105 0.0337 0.2628
54.0 -0.8399 0.0289 0.2648 -0.8075 0.0601 0.236 -0.806 0.0512 0.2454 -0.8042 0.041 0.2559 -0.8026 0.0321 0.2652 -0.8007 0.0214 0.2764 -0.8055 0.0488 0.2478 -0.804 0.0399 0.2571 -0.8023 0.0303 0.2671 -0.8006 0.0208 0.277 -0.8105 0.0337 0.2628
54.0 -0.8399 0.0289 0.2648 -0.8075 0.0601 0.236 -0.806 0.0512 0.2454 -0.8042 0.041 0.2559 -0.8026 0.0321 0.2652 -0.8007 0.0214 0.2764 -0.8055 0.0488 0.2478 -0.804 0.0399 0.2571 -0.8023 0.0303 0.2671 -0.8006 0.0208 0.277 -0.8105 0.0337 0.2628
57.0 -0.8377 0.0316 0.2622 -0.8073 0.0589 0.2373 -0.8055 0.0488 0.2478 -0.804 0.0399 0.2571 -0.8022 0.0297 0.2677 -0.8003 0.019 0.2789 -0.8054 0.0482 0.2485 -0.8039 0.0393 0.2578 -0.8023 0.0303 0.2671 -0.8007 0.0214 0.2764 -0.81 0.0342 0.2624
57.0 -0.8377 0.0316 0.2622 -0.8073 0.0589 0.2373 -0.8055 0.0488 0.2478 -0.804 0.0399 0.2571 -0.8022 0.0297 0.2677 -0.8003 0.019 0.2789 -0.8054 0.0482 0.2485 -0.8039 0.0393 0.2578 -0.8023 0.0303 0.2671 -0.8007 0.0214 0.2764 -0.81 0.0342 0.2624
57.0 -0.8377 0.0316 0.2622 -0.8073 0.0589 0.2373 -0.8055 0.0488 0.2478 -0.804 0.0399 0.2571 -0.8022 0.0297 0.2677 -0.8003 0.019 0.2789 -0.8054 0.0482 0.2485 -0.8039 0.0393 0.2578 -0.8023 0.0303 0.2671 -0.8007 0.0214 0.2764 -0.81 0.0342 0.2624
57.0 -0.8377 0.0316 0.2622 -0.8073 0.0589 0.2373 -0.8055 0.0488 0.2478 -0.804 0.0399 0.2571 -0.8022 0.0297 0.2677 -0.8003 0.019 0.2789 -0.8054 0.0482 0.2485 -0.8039 0.0393 0.2578 -0.8023 0.0303 0.2671 -0.8007 0.0214 0.2764 -0.81 0.0342 0.2624
57.0 -0.8377 0.0316 0.2622 -0.8073 0.0589 0.2373 -0.8055 0.0488 0.2478 -0.804 0.0399 0.2571 -0.8022 0.0297 0.2677 -0.8003 0.019 0.2789 -0.8054 0.0482 0.2485 -0.8039 0.0393 0.2578 -0.8023 0.0303 0.2671 -0.8007 0.0214 0.2764 -0.81 0.0342 0.2624
57.0 -0.8377 0.0316 0.2622 -0.8073 0.0589 0.2373 -0.8055 0.0488 0.2478 -0.804 0.0399 0.2571 -0.8022 0.0297 0.2677 -0.8003 0.019 0.2789 -0.8054 0.0482 0.2485 -0.8039 0.0393 0.2578 -0.8023 0.0303 0.2671 -0.8007 0.0214 0.2764 -0.81 0.0342 0.2624
57.0 -0.8377 0.0316 0.2622 -0.8073 0.0589 0.2373 -0.8055 0.0488 0.2478 -0.804 0.0399 0.2571 -0.8022 0.0297 0.2677 -0.8003 0.019 0.2789 -0.8054 0.0482 0.2485 -0.8039 0.0393 0.2578 -0.8023 0.0303 0.2671 -0.8007 0.0214 0.2764 -0.81 0.0342 0.2624
57.0 -0.8377 0.0316 0.2622 -0.8073 0.0589 0.2373 -0.8055 0.0488 0.2478 -0.804 0.0399 0.2571 -0.8022 0.0297 0.2677 -0.8003 0.019 0.2789 -0.8054 0.0482 0.2485 -0.8039 0.0393 0.2578 -0.8023 0.0303 0.2671 -0.8007 0.0214 0.2764 -0.81 0.0342 0.2624
57.0 -0.8377 0.0316 0.2622 -0.8073 0.0589 0.2373 -0.8055 0.0488 0.2478 -0.804 0.0399 0.2571 -0.8022 0.0297 0.2677 -0.8003 0.019 0.2789 -0.8054 0.0482 0.2485 -0.8039 0.0393 0.2578 -0.8023 0.0303 0.2671 -0.8007 0.0214 0.2764 -0.81 0.0342 0.2624
57.0 -0.8377 0.0316 0.2622 -0.8073 0.0589 0.2373 -0.8055 0.0488 0.2478 -0.804 0.0399 0.2571 -0.8022 0.0297 0.2677 -0.8003 0.019 0.2789 -0.8054 0.0482 0.2485 -0.8039 0.0393 0.2578 -0.8023 0.0303 0.2671 -0.8007 0.0214 0.2764 -0.81 0.0342 0.2624
57.0 -0.8377 0.0316 0.2622 -0.8073 0.0589 0.2373 -0.8055 0.0488 0.2478 -0.804 0.0399 0.2571 -0.8022 0.0297 0.2677 -0.8003 0.019 0.2789 -0.8054 0.0482 0.2485 -0.8039 0.0393 0.2578 -0.8023 0.0303 0.2671 -0.8007 0.0214 0.2764 -0.81 0.0342 0.2624
57.0 -0.8377 0.0316 0.2622 -0.8073 0.0589 0.2373 -0.8055 0.0488 0.2478 -0.804 0.0399 0.2571 -0.8022 0.0297 0.2677 -0.8003 0.019 0.2789 -0.8054 0.0482 0.2485 -0.8039 0.0393 0.2578 -0.8023 0.0303 0.2671 -0.8007 0.0214 0.2764 -0.81 0.0342 0.2624
57.0 -0.8377 0.0316 0.2622 -0.8073 0.0589 0.2373 -0.8055 0.0488 0.2478 -0.804 0.0399 0.2571 -0.8022 0.0297 0.2677 -0.8003 0.019 0.2789 -0.8054 0.0482 0.2485 -0.8039 0.0393 0.2578 -0.8023 0.0303 0.2671 -0.8007 0.0214 0.2764 -0.81 0.0342 0.2624
57.0 -0.8377 0.0316 0.2622 -0.8073 0.0589 0.2373 -0.8055 0.0488 0.2478 -0.804 0.0399 0.2571 -0.8022 0.0297 0.2677 -0.8003 0.019 0.2789 -0.8054 0.0482 0.2485 -0.8039 0.0393 0.2578 -0.8023 0.0303 0.2671 -0.8007 0.0214 0.2764 -0.81 0.0342 0.2624
57.0 -0.8377 0.0316 0.2622 -0.8073 0.0589 0.2373 -0.8055 0.0488 0.2478 -0.804 0.0399 0.2571 -0.8022 0.0297 0.2677 -0.8003 0.019 0.2789 -0.8054 0.0482 0.2485 -0.8039 0.0393 0.2578 -0.8023 0.0303 0.2671 -0.8007 0.0214 0.2764 -0.81 0.0342 0.2624
57.0 -0.8377 0.0316 0.2622 -0.8073 0.0589 0.2373 -0.8055 0.0488 0.2478 -0.804 0.0399 0.2571 -0.8022 0.0297 0.2677 -0.8003 0.019 0.2789 -0.8054 0.0482 0.2485 -0.8039 0.0393 0.2578 -0.8023 0.0303 0.2671 -0.8007 0.0214 0.2764 -0.81 0.0342 0.2624
57.0 -0.8377 0.0316 0.2622 -0.8073 0.0589 0.2373 -0.8055 0.0488 0.2478 -0.804 0.0399 0.2571 -0.8022 0.0297 0.2677 -0.8003 0.019 0.2789 -0.8054 0.0482 0.2485 -0.8039 0.0393 0.2578 -0.8023 0.0303 0.2671 -0.8007 0.0214 0.2764 -0.81 0.0342 0.2624
57.0 -0.8377 0.0316 0.2622 -0.8073 0.0589 0.2373 -0.8055 0.0488 0.2478 -0.804 0.0399 0.2571 -0.8022 0.0297 0.2677 -0.8003 0.019 0.2789 -0.8054 0.0482 0.2485 -0.8039 0.0393 0.2578 -0.8023 0.0303 0.2671 -0.8007 0.0214 0.2764 -0.81 0.0342 0.2624
57.0 -0.8377 0.0316 0.2622 -0.8073 0.0589 0.2373 -0.8055 0.0488 0.2478 -0.804 0.0399 0.2571 -0.8022 0.0297 0.2677 -0.8003 0.019 0.2789 -0.8054 0.0482 0.2485 -0.8039 0.0393 0.2578 -0.8023 0.0303 0.2671 -0.8007 0.0214 0.2764 -0.81 0.0342 0.2624
57.0 -0.8377 0.0316 0.2622 -0.8073 0.0589 0.2373 -0.8055 0.0488 0.2478 -0.804 0.0399 0.2571 -0.8022 0.0297 0.2677 -0.8003 0.019 0.2789 -0.8054 0.0482 0.2485 -0.8039 0.0393 0.2578 -0.8023 0.0303 0.2671 -0.8007 0.0214 0.2764 -0.81 0.0342 0.2624
57.0 -0.8377 0.0316 0.2622 -0.8073 0.0589 0.2373 -0.8055 0.0488 0.2478 -0.804 0.0399 0.2571 -0.8022 0.0297 0.2677 -0.8003 0.019 0.2789 -0.8054 0.0482 0.2485 -0.8039 0.0393 0.2578 -0.8023 0.0303 0.2671 -0.8007 0.0214 0.2764 -0.81 0.0342 0.2624
57.0 -0.8377 0.0316 0.2622 -0.8073 0.0589 0.2373 -0.8055 0.0488 0.2478 -0.804 0.0399 0.2571 -0.8022 0.0297 0.2677 -0.8003 0.019 0.2789 -0.8054 0.0482 0.2485 -0.8039 0.0393 0.2578 -0.8023 0.0303 0.2671 -0.8007 0.0214 0.2764 -0.81 0.0342 0.2624
57.0 -0.8377 0.0316 0.2622 -0.8073 0.0589 0.2373 -0.8055 0.0488 0.2478 -0.804 0.0399 0.2571 -0.8022 0.0297 0.2677 -0.8003 0.019 0.2789 -0.8054 0.0482 0.2485 -0.8039 0.0393 0.2578 -0.8023 0.0303 0.2671 -0.8007 0.0214 0.2764 -0.81 0.0342 0.2624
57.0 -0.8377 0.0316 0.2622 -0.8073 0.0589 0.2373 -0.8055 0.0488 0.2478 -0.804 0.0399 0.2571 -0.8022 0.0297 0.2677 -0.8003 0.019 0.2789 -0.8054 0.0482 0.2485 -0.8039 0.0393 0.2578 -0.8023 0.0303 0.2671 -0.8007 0.0214 0.2764 -0.81 0.0342 0.2624
57.0 -0.8377 0.0316 0.2622 -0.8073 0.0589 0.2373 -0.8055 0.0488 0.2478 -0.804 0.0399 0.2571 -0.8022 0.0297 0.2677 -0.8003 0.019 0.2789 -0.8054 0.0482 0.2485 -0.8039 0.0393 0.2578 -0.8023 0.0303 0.2671 -0.8007 0.0214 0.2764 -0.81 0.0342 0.2624
57.0 -0.8377 0.0316 0.2622 -0.8073 0.0589 0.2373 -0.8055 0.0488 0.2478 -0.804 0.0399 0.2571 -0.8022 0.0297 0.2677 -0.8003 0.019 0.2789 -0.8054 0.0482 0.2485 -0.8039 0.0393 0.2578 -0.8023 0.0303 0.2671 -0.8007 0.0214 0.2764 -0.81 0.0342 0.2624
57.0 -0.8377 0.0316 0.2622 -0.8073 0.0589 0.2373 -0.8055 0.0488 0.2478 -0.804 0.0399 0.2571 -0.8022 0.0297 0.2677 -0.8003 0.019 0.2789 -0.8054 0.0482 0.2485 -0.8039 0.0393 0.2578 -0.8023 0.0303 0.2671 -0.8007 0.0214 0.2764 -0.81 0.0342 0.2624
57.0 -0.8377 0.0316 0.2622 -0.8073 0.0589 0.2373 -0.8055 0.0488 0.2478 -0.804 0.0399 0.2571 -0.8022 0.0297 0.2677 -0.8003 0.019 0.2789 -0.8054 0.0482 0.2485 -0.8039 0.0393 0.2578 -0.8023 0.0303 0.2671 -0.8007 0.0214 0.2764 -0.81 0.0342 0.2624
57.0 -0.8377 0.0316 0.2622 -0.8073 0.0589 0.2373 -0.8055 0.0488 0.2478 -0.804 0.0399 0.2571 -0.8022 0.0297 0.2677 -0.8003 0.019 0.2789 -0.8054 0.0482 0.2485 -0.8039 0.0393 0.2578 -0.8023 0.0303 0.2671 -0.8007 0.0214 0.2764 -0.81 0.0342 0.2624
57.0 -0.8377 0.0316 0.2622 -0.8073 0.0589 0.2373 -0.8055 0.0488 0.2478 -0.804 0.0399 0.2571 -0.8022 0.0297 0.2677 -0.8003 0.019 0.2789 -0.8054 0.0482 0.2485 -0.8039 0.0393 0.2578 -0.8023 0.0303 0.2671 -0.8007 0.0214 0.2764 -0.81 0.0342 0.2624
57.0 -0.8377 0.0316 0.2622 -0.8073 0.0589 0.2373 -0.8055 0.0488 0.2478 -0.804 0.0399 0.2571 -0.8022 0.0297 0.2677 -0.8003 0.019 0.2789 -0.8054 0.0482 0.2485 -0.8039 0.0393 0.2578 -0.8023 0.0303 0.2671 -0.8007 0.0214 0.2764 -0.81 0.0342 0.2624
57.0 -0.8377 0.0316 0.2622 -0.8073 0.0589 0.2373 -0.8055 0.0488 0.2478 -0.804 0.0399 0.2571 -0.8022 0.0297 0.2677 -0.8003 0.019 0.2789 -0.8054 0.0482 0.2485 -0.8039 0.0393 0.2578 -0.8023 0.0303 0.2671 -0.8007 0.0214 0.2764 -0.81 0.0342 0.2624
57.0 -0.8377 0.0316 0.2622 -0.8073 0.0589 0.2373 -0.8055 0.0488 0.2478 -0.804 0.0399 0.2571 -0.8022 0.0297 0.2677 -0.8003 0.019 0.2789 -0.8054 0.0482 0.2485 -0.8039 0.0393 0.2578 -0.8023 0.0303 0.2671 -0.8007 0.0214 0.2764 -0.81 0.0342 0.2624
57.0 -0.8377 0.0316 0.2622 -0.8073 0.0589 0.2373 -0.8055 0.0488 0.2478 -0.804 0.0399 0.2571 -0.8022 0.0297 0.2677 -0.8003 0.019 0.2789 -0.8054 0.0482 0.2485 -0.8039 0.0393 0.2578 -0.8023 0.0303 0.2671 -0.8007 0.0214 0.2764 -0.81 0.0342 0.2624
57.0 -0.8377 0.0316 0.2622 -0.8073 0.0589 0.2373 -0.8055 0.0488 0.2478 -0.804 0.0399 0.2571 -0.8022 0.0297 0.2677 -0.8003 0.019 0.2789 -0.8054 0.0482 0.2485 -0.8039 0.0393 0.2578 -0.8023 0.0303 0.2671 -0.8007 0.0214 0.2764 -0.81 0.0342 0.2624
57.0 -0.8377 0.0316 0.2622 -0.8073 0.0589 0.2373 -0.8055 0.0488 0.2478 -0.804 0.0399 0.2571 -0.8022 0.0297 0.2677 -0.8003 0.019 0.2789 -0.8054 0.0482 0.2485 -0.8039 0.0393 0.2578 -0.8023 0.0303 0.2671 -0.8007 0.0214 0.2764 -0.81 0.0342 0.2624
57.0 -0.8377 0.0316 0.2622 -0.8073 0.0589 0.2373 -0.8055 0.0488 0.2478 -0.804 0.0399 0.2571 -0.8022 0.0297 0.2677 -0.8003 0.019 0.2789 -0.8054 0.0482 0.2485 -0.8039 0.0393 0.2578 -0.8023 0.0303 0.2671 -0.8007 0.0214 0.2764 -0.81 0.0342 0.2624
57.0 -0.8377 0.0316 0.2622 -0.8073 0.0589 0.2373 -0.8055 0.0488 0.2478 -0.804 0.0399 0.2571 -0.8022 0.0297 0.2677 -0.8003 0.019 0.2789 -0.8054 0.0482 0.2485 -0.8039 0.0393 0.2578 -0.8023 0.0303 0.2671 -0.8007 0.0214 0.2764 -0.81 0.0342 0.2624
57.0 -0.8377 0.0316 0.2622 -0.8073 0.0589 0.2373 -0.8055 0.0488 0.2478 -0.804 0.0399 0.2571 -0.8022 0.0297 0.2677 -0.8003 0.019 0.2789 -0.8054 0.0482 0.2485 -0.8039 0.0393 0.2578 -0.8023 0.0303 0.2671 -0.8007 0.0214 0.2764 -0.81 0.0342 0.2624
57.0 -0.8377 0.0316 0.2622 -0.8073 0.0589 0.2373 -0.8055 0.0488 0.2478 -0.804 0.0399 0.2571 -0.8022 0.0297 0.2677 -0.8003 0.019 0.2789 -0.8054 0.0482 0.2485 -0.8039 0.0393 0.2578 -0.8023 0.0303 0.2671 -0.8007 0.0214 0.2764 -0.81 0.0342 0.2624
57.0 -0.8377 0.0316 0.2622 -0.8073 0.0589 0.2373 -0.8055 0.0488 0.2478 -0.804 0.0399 0.2571 -0.8022 0.0297 0.2677 -0.8003 0.019 0.2789 -0.8054 0.0482 0.2485 -0.8039 0.0393 0.2578 -0.8023 0.0303 0.2671 -0.8007 0.0214 0.2764 -0.81 0.0342 0.2624
57.0 -0.8377 0.0316 0.2622 -0.8073 0.0589 0.2373 -0.8055 0.0488 0.2478 -0.804 0.0399 0.2571 -0.8022 0.0297 0.2677 -0.8003 0.019 0.2789 -0.8054 0.0482 0.2485 -0.8039 0.0393 0.2578 -0.8023 0.0303 0.2671 -0.8007 0.0214 0.2764 -0.81 0.0342 0.2624
57.0 -0.8377 0.0316 0.2622 -0.8073 0.0589 0.2373 -0.8055 0.0488 0.2478 -0.804 0.0399 0.2571 -0.8022 0.0297 0.2677 -0.8003 0.019 0.2789 -0.8054 0.0482 0.2485 -0.8039 0.0393 0.2578 -0.8023 0.0303 0.2671 -0.8007 0.0214 0.2764 -0.81 0.0342 0.2624
57.0 -0.8377 0.0316 0.2622 -0.8073 0.0589 0.2373 -0.8055 0.0488 0.2478 -0.804 0.0399 0.2571 -0.8022 0.0297 0.2677 -0.8003 0.019 0.2789 -0.8054 0.0482 0.2485 -0.8039 0.0393 0.2578 -0.8023 0.0303 0.2671 -0.8007 0.0214 0.2764 -0.81 0.0342 0.2624
57.0 -0.8377 0.0316 0.2622 -0.8073 0.0589 0.2373 -0.8055 0.0488 0.2478 -0.804 0.0399 0.2571 -0.8022 0.0297 0.2677 -0.8003 0.019 0.2789 -0.8054 0.0482 0.2485 -0.8039 0.0393 0.2578 -0.8023 0.0303 0.2671 -0.8007 0.0214 0.2764 -0.81 0.0342 0.2624
57.0 -0.8377 0.0316 0.2622 -0.8073 0.0589 0.2373 -0.8055 0.0488 0.2478 -0.804 0.0399 0.2571 -0.8022 0.0297 0.2677 -0.8003 0.019 0.2789 -0.8054 0.0482 0.2485 -0.8039 0.0393 0.2578 -0.8023 0.0303 0.2671 -0.8007 0.0214 0.2764 -0.81 0.0342 0.2624
57.0 -0.8377 0.0316 0.2622 -0.8073 0.0589 0.2373 -0.8055 0.0488 0.2478 -0.804 0.0399 0.2571 -0.8022 0.0297 0.2677 -0.8003 0.019 0.2789 -0.8054 0.0482 0.2485 -0.8039 0.0393 0.2578 -0.8023 0.0303 0.2671 -0.8007 0.0214 0.2764 -0.81 0.0342 0.2624
57.0 -0.8377 0.0316 0.2622 -0.8073 0.0589 0.2373 -0.8055 0.0488 0.2478 -0.804 0.0399 0.2571 -0.8022 0.0297 0.2677 -0.8003 0.019 0.2789 -0.8054 0.0482 0.2485 -0.8039 0.0393 0.2578 -0.8023 0.0303 0.2671 -0.8007 0.0214 0.2764 -0.81 0.0342 0.2624
57.0 -0.8377 0.0316 0.2622 -0.8073 0.0589 0.2373 -0.8055 0.0488 0.2478 -0.804 0.0399 0.2571 -0.8022 0.0297 0.2677 -0.8003 0.019 0.2789 -0.8054 0.0482 0.2485 -0.8039 0.0393 0.2578 -0.8023 0.0303 0.2671 -0.8007 0.0214 0.2764 -0.81 0.0342 0.2624
57.0 -0.8377 0.0316 0.2622 -0.8073 0.0589 0.2373 -0.8055 0.0488 0.2478 -0.804 0.0399 0.2571 -0.8022 0.0297 0.2677 -0.8003 0.019 0.2789 -0.8054 0.0482 0.2485 -0.8039 0.0393 0.2578 -0.8023 0.0303 0.2671 -0.8007 0.0214 0.2764 -0.81 0.0342 0.2624
57.0 -0.8377 0.0316 0.2622 -0.8073 0.0589 0.2373 -0.8055 0.0488 0.2478 -0.804 0.0399 0.2571 -0.8022 0.0297 0.2677 -0.8003 0.019 0.2789 -0.8054 0.0482 0.2485 -0.8039 0.0393 0.2578 -0.8023 0.0303 0.2671 -0.8007 0.0214 0.2764 -0.81 0.0342 0.2624
57.0 -0.8377 0.0316 0.2622 -0.8073 0.0589 0.2373 -0.8055 0.0488 0.2478 -0.804 0.0399 0.2571 -0.8022 0.0297 0.2677 -0.8003 0.019 0.2789 -0.8054 0.0482 0.2485 -0.8039 0.0393 0.2578 -0.8023 0.0303 0.2671 -0.8007 0.0214 0.2764 -0.81 0.0342 0.2624
57.0 -0.8377 0.0316 0.2622 -0.8073 0.0589 0.2373 -0.8055 0.0488 0.2478 -0.804 0.0399 0.2571 -0.8022 0.0297 0.2677 -0.8003 0.019 0.2789 -0.8054 0.0482 0.2485 -0.8039 0.0393 0.2578 -0.8023 0.0303 0.2671 -0.8007 0.0214 0.2764 -0.81 0.0342 0.2624
57.0 -0.8377 0.0316 0.2622 -0.8073 0.0589 0.2373 -0.8055 0.0488 0.2478 -0.804 0.0399 0.2571 -0.8022 0.0297 0.2677 -0.8003 0.019 0.2789 -0.8054 0.0482 0.2485 -0.8039 0.0393 0.2578 -0.8023 0.0303 0.2671 -0.8007 0.0214 0.2764 -0.81 0.0342 0.2624
57.0 -0.8377 0.0316 0.2622 -0.8073 0.0589 0.2373 -0.8055 0.0488 0.2478 -0.804 0.0399 0.2571 -0.8022 0.0297 0.2677 -0.8003 0.019 0.2789 -0.8054 0.0482 0.2485 -0.8039 0.0393 0.2578 -0.8023 0.0303 0.2671 -0.8007 0.0214 0.2764 -0.81 0.0342 0.2624
57.0 -0.8377 0.0316 0.2622 -0.8073 0.0589 0.2373 -0.8055 0.0488 0.2478 -0.804 0.0399 0.2571 -0.8022 0.0297 0.2677 -0.8003 0.019 0.2789 -0.8054 0.0482 0.2485 -0.8039 0.0393 0.2578 -0.8023 0.0303 0.2671 -0.8007 0.0214 0.2764 -0.81 0.0342 0.2624
57.0 -0.8377 0.0316 0.2622 -0.8073 0.0589 0.2373 -0.8055 0.0488 0.2478 -0.804 0.0399 0.2571 -0.8022 0.0297 0.2677 -0.8003 0.019 0.2789 -0.8054 0.0482 0.2485 -0.8039 0.0393 0.2578 -0.8023 0.0303 0.2671 -0.8007 0.0214 0.2764 -0.81 0.0342 0.2624
57.0 -0.8377 0.0316 0.2622 -0.8073 0.0589 0.2373 -0.8055 0.0488 0.2478 -0.804 0.0399 0.2571 -0.8022 0.0297 0.2677 -0.8003 0.019 0.2789 -0.8054 0.0482 0.2485 -0.8039 0.0393 0.2578 -0.8023 0.0303 0.2671 -0.8007 0.0214 0.2764 -0.81 0.0342 0.2624
57.0 -0.8377 0.0316 0.2622 -0.8073 0.0589 0.2373 -0.8055 0.0488 0.2478 -0.804 0.0399 0.2571 -0.8022 0.0297 0.2677 -0.8003 0.019 0.2789 -0.8054 0.0482 0.2485 -0.8039 0.0393 0.2578 -0.8023 0.0303 0.2671 -0.8007 0.0214 0.2764 -0.81 0.0342 0.2624
57.0 -0.8377 0.0316 0.2622 -0.8073 0.0589 0.2373 -0.8055 0.0488 0.2478 -0.804 0.0399 0.2571 -0.8022 0.0297 0.2677 -0.8003 0.019 0.2789 -0.8054 0.0482 0.2485 -0.8039 0.0393 0.2578 -0.8023 0.0303 0.2671 -0.8007 0.0214 0.2764 -0.81 0.0342 0.2624
57.0 -0.8377 0.0316 0.2622 -0.8073 0.0589 0.2373 -0.8055 0.0488 0.2478 -0.804 0.0399 0.2571 -0.8022 0.0297 0.2677 -0.8003 0.019 0.2789 -0.8054 0.0482 0.2485 -0.8039 0.0393 0.2578 -0.8023 0.0303 0.2671 -0.8007 0.0214 0.2764 -0.81 0.0342 0.2624
57.0 -0.8377 0.0316 0.2622 -0.8073 0.0589 0.2373 -0.8055 0.0488 0.2478 -0.804 0.0399 0.2571 -0.8022 0.0297 0.2677 -0.8003 0.019 0.2789 -0.8054 0.0482 0.2485 -0.8039 0.0393 0.2578 -0.8023 0.0303 0.2671 -0.8007 0.0214 0.2764 -0.81 0.0342 0.2624
57.0 -0.8377 0.0316 0.2622 -0.8073 0.0589 0.2373 -0.8055 0.0488 0.2478 -0.804 0.0399 0.2571 -0.8022 0.0297 0.2677 -0.8003 0.019 0.2789 -0.8054 0.0482 0.2485 -0.8039 0.0393 0.2578 -0.8023 0.0303 0.2671 -0.8007 0.0214 0.2764 -0.81 0.0342 0.2624
57.0 -0.8377 0.0316 0.2622 -0.8073 0.0589 0.2373 -0.8055 0.0488 0.2478 -0.804 0.0399 0.2571 -0.8022 0.0297 0.2677 -0.8003 0.019 0.2789 -0.8054 0.0482 0.2485 -0.8039 0.0393 0.2578 -0.8023 0.0303 0.2671 -0.8007 0.0214 0.2764 -0.81 0.0342 0.2624
57.0 -0.8377 0.0316 0.2622 -0.8073 0.0589 0.2373 -0.8055 0.0488 0.2478 -0.804 0.0399 0.2571 -0.8022 0.0297 0.2677 -0.8003 0.019 0.2789 -0.8054 0.0482 0.2485 -0.8039 0.0393 0.2578 -0.8023 0.0303 0.2671 -0.8007 0.0214 0.2764 -0.81 0.0342 0.2624
57.0 -0.8377 0.0316 0.2622 -0.8073 0.0589 0.2373 -0.8055 0.0488 0.2478 -0.804 0.0399 0.2571 -0.8022 0.0297 0.2677 -0.8003 0.019 0.2789 -0.8054 0.0482 0.2485 -0.8039 0.0393 0.2578 -0.8023 0.0303 0.2671 -0.8007 0.0214 0.2764 -0.81 0.0342 0.2624
57.0 -0.8377 0.0316 0.2622 -0.8073 0.0589 0.2373 -0.8055 0.0488 0.2478 -0.804 0.0399 0.2571 -0.8022 0.0297 0.2677 -0.8003 0.019 0.2789 -0.8054 0.0482 0.2485 -0.8039 0.0393 0.2578 -0.8023 0.0303 0.2671 -0.8007 0.0214 0.2764 -0.81 0.0342 0.2624
57.0 -0.8377 0.0316 0.2622 -0.8073 0.0589 0.2373 -0.8055 0.0488 0.2478 -0.804 0.0399 0.2571 -0.8022 0.0297 0.2677 -0.8003 0.019 0.2789 -0.8054 0.0482 0.2485 -0.8039 0.0393 0.2578 -0.8023 0.0303 0.2671 -0.8007 0.0214 0.2764 -0.81 0.0342 0.2624
57.0 -0.8377 0.0316 0.2622 -0.8073 0.0589 0.2373 -0.8055 0.0488 0.2478 -0.804 0.0399 0.2571 -0.8022 0.0297 0.2677 -0.8003 0.019 0.2789 -0.8054 0.0482 0.2485 -0.8039 0.0393 0.2578 -0.8023 0.0303 0.2671 -0.8007 0.0214 0.2764 -0.81 0.0342 0.2624
57.0 -0.8377 0.0316 0.2622 -0.8073 0.0589 0.2373 -0.8055 0.0488 0.2478 -0.804 0.0399 0.2571 -0.8022 0.0297 0.2677 -0.8003 0.019 0.2789 -0.8054 0.0482 0.2485 -0.8039 0.0393 0.2578 -0.8023 0.0303 0.2671 -0.8007 0.0214 0.2764 -0.81 0.0342 0.2624
57.0 -0.8377 0.0316 0.2622 -0.8073 0.0589 0.2373 -0.8055 0.0488 0.2478 -0.804 0.0399 0.2571 -0.8022 0.0297 0.2677 -0.8003 0.019 0.2789 -0.8054 0.0482 0.2485 -0.8039 0.0393 0.2578 -0.8023 0.0303 0.2671 -0.8007 0.0214 0.2764 -0.81 0.0342 0.2624
128.0 -0.8484 0.0125 0.2807 -0.8002 0.0184 0.2795 -0.8029 0.0339 0.2633 -0.8042 0.041 0.2559 -0.8056 0.0494 0.2472 -0.8113 0.0566 0.2393 -0.8016 0.0261 0.2714 -0.8032 0.0357 0.2615 -0.8047 0.044 0.2528 -0.8104 0.0512 0.2449 -0.8137 0.0339 0.2623
129.0 -0.8498 0.0105 0.2827 -0.798 0.0058 0.2925 -0.8031 0.0351 0.2621 -0.8044 0.0422 0.2547 -0.8063 0.053 0.2435 -0.808 0.0631 0.2329 -0.8016 0.0261 0.2714 -0.8031 0.0351 0.2621 -0.8046 0.0434 0.2534 -0.8155 0.0505 0.2451 -0.8149 0.0331 0.2629
130.0 -0.854 0.0093 0.2834 -0.7979 0.0052 0.2931 -0.8024 0.0309 0.2665 -0.8043 0.0416 0.2553 -0.8066 0.0548 0.2416 -0.8087 0.0667 0.2292 -0.8008 0.022 0.2758 -0.8026 0.0321 0.2652 -0.806 0.0414 0.2553 -0.8185 0.0477 0.2477 -0.8164 0.0305 0.2655
131.0 -0.8562 0.0065 0.286 -0.7972 0.0011 0.2975 -0.8023 0.0303 0.2671 -0.8041 0.0405 0.2565 -0.8065 0.0542 0.2423 -0.8089 0.0679 0.228 -0.8008 0.022 0.2758 -0.8025 0.0315 0.2658 -0.8074 0.0394 0.2573 -0.8224 0.0447 0.2504 -0.8179 0.0288 0.2671
132.0 -0.8603 0.0048 0.2874 -0.7973 0.0017 0.2969 -0.8023 0.0303 0.2671 -0.8044 0.0422 0.2547 -0.8067 0.0554 0.241 -0.809 0.0685 0.2274 -0.8004 0.0196 0.2782 -0.802 0.0285 0.2689 -0.8138 0.0355 0.2606 -0.8287 0.0402 0.2544 -0.821 0.0257 0.2699
133.0 -0.867 0.0032 0.2883 -0.7971 0.0005 0.2981 -0.8011 0.0237 0.2739 -0.803 0.0345 0.2627 -0.8057 0.05 0.2466 -0.8089 0.0679 0.228 -0.8 0.0172 0.2807 -0.8078 0.0265 0.2704 -0.8197 0.0341 0.2615 -0.8365 0.0397 0.254 -0.8262 0.0241 0.271
134.0 -0.8705 0.0028 0.2884 -0.7974 0.0023 0.2962 -0.8015 0.0255 0.272 -0.8037 0.0381 0.259 -0.8063 0.053 0.2435 -0.809 0.0685 0.2274 -0.8068 0.0157 0.2816 -0.8138 0.0257 0.2706 -0.8256 0.0327 0.2624 -0.8416 0.0384 0.2549 -0.8316 0.023 0.2716
135.0 -0.8745 0.0004 0.2905 -0.7973 0.0017 0.2969 -0.8007 0.0214 0.2764 -0.8034 0.0369 0.2602 -0.8062 0.0524 0.2441 -0.8123 0.0674 0.2281 -0.8111 0.0151 0.2818 -0.8181 0.0251 0.2708 -0.8307 0.032 0.2626 -0.8466 0.0372 0.2557 -0.8362 0.0219 0.2723
136.0 -0.8822 -0.0006 0.2908 -0.7969 -0.0007 0.2993 -0.8008 0.022 0.2758 -0.8039 0.0393 0.2578 -0.8063 0.053 0.2435 -0.822 0.0625 0.2322 -0.8186 0.0128 0.2833 -0.8264 0.0222 0.273 -0.8382 0.0291 0.2647 -0.8532 0.0344 0.2578 -0.8437 0.0196 0.2739
137.0 -0.8862 -0.003 0.2928 -0.7966 -0.0019 0.3006 -0.8005 0.0202 0.2776 -0.8033 0.0363 0.2609 -0.8061 0.0518 0.2447 -0.8278 0.0605 0.2337 -0.821 0.0113 0.2847 -0.8279 0.0207 0.2743 -0.8405 0.0276 0.2661 -0.858 0.032 0.2599 -0.8467 0.0177 0.2755
138.0 -0.893 -0.0045 0.2937 -0.7965 -0.0025 0.3012 -0.8002 0.0184 0.2795 -0.8033 0.0363 0.2609 -0.806 0.0512 0.2454 -0.8335 0.0579 0.2358 -0.8257 0.0082 0.2873 -0.8335 0.0175 0.277 -0.8461 0.0244 0.2688 -0.8628 0.0295 0.2619 -0.8522 0.015 0.2777
139.0 -0.8954 -0.0055 0.2944 -0.7961 -0.0049 0.3037 -0.7997 0.0154 0.2826 -0.8029 0.0339 0.2633 -0.8057 0.05 0.2466 -0.8358 0.0557 0.2378 -0.8304 0.0051 0.29 -0.8375 0.0152 0.2791 -0.8501 0.022 0.2708 -0.8668 0.0271 0.264 -0.8561 0.0128 0.2796
140.0 -0.9021 -0.0076 0.2959 -0.8027 -0.0076 0.3058 -0.7994 0.0136 0.2844 -0.8023 0.0303 0.2671 -0.8053 0.0476 0.2491 -0.8389 0.0535 0.2398 -0.8368 0.0012 0.2934 -0.8437 0.0107 0.283 -0.8566 0.0187 0.2735 -0.8735 0.025 0.2655 -0.8625 0.0096 0.2823
141.0 -0.9087 -0.0103 0.298 -0.8063 -0.0124 0.3103 -0.7989 0.0112 0.2869 -0.8024 0.0309 0.2665 -0.8095 0.0464 0.2499 -0.8462 0.05 0.2425 -0.8419 0.0005 0.2936 -0.848 0.0101 0.2832 -0.8608 0.0175 0.2743 -0.8775 0.0226 0.2675 -0.8674 0.0081 0.2833
142.0 -0.9153 -0.0124 0.2996 -0.8135 -0.0164 0.3137 -0.7986 0.0094 0.2888 -0.8022 0.0297 0.2677 -0.8136 0.0447 0.2513 -0.8511 0.0475 0.2446 -0.8476 -0.0021 0.2957 -0.8547 0.008 0.2847 -0.8665 0.0149 0.2764 -0.884 0.0199 0.2696 -0.8736 0.0057 0.2852
143.0 -0.9196 -0.013 0.2997 -0.8191 -0.0196 0.3164 -0.7981 0.0064 0.2919 -0.8017 0.0267 0.2708 -0.82 0.0408 0.2546 -0.8558 0.0445 0.2473 -0.8515 -0.005 0.2983 -0.8587 0.0056 0.2867 -0.8714 0.013 0.2779 -0.8882 0.0187 0.2704 -0.8779 0.0039 0.2866
144.0 -0.9246 -0.0149 0.3012 -0.8246 -0.0234 0.3198 -0.7975 0.0029 0.2956 -0.8013 0.0243 0.2733 -0.8238 0.0378 0.2573 -0.8605 0.0414 0.25 -0.8572 -0.0076 0.3004 -0.8634 0.0025 0.2894 -0.8761 0.01 0.2805 -0.8938 0.0155 0.2731 -0.883 0.0011 0.2889
145.0 -0.9259 -0.0175 0.3037 -0.8294 -0.0259 0.3218 -0.797 -0.0001 0.2987 -0.8005 0.0202 0.2776 -0.8283 0.0329 0.2618 -0.8646 0.0396 0.2514 -0.8601 -0.0111 0.3037 -0.8674 0.0001 0.2915 -0.8801 0.0076 0.2826 -0.8978 0.0131 0.2751 -0.8863 -0.0015 0.2913
146.0 -0.9345 -0.0187 0.304 -0.8367 -0.0293 0.3246 -0.8005 -0.0049 0.3032 -0.8057 0.0146 0.2828 -0.8318 0.0282 0.2663 -0.8674 0.0356 0.2552 -0.8666 -0.0144 0.3064 -0.8729 -0.0037 0.2948 -0.885 0.0051 0.2846 -0.9019 0.0114 0.2766 -0.8922 -0.0041 0.2933
147.0 -0.9744 -0.0216 0.3031 -0.8795 -0.0412 0.3325 -0.8418 -0.0202 0.3148 -0.8427 -0.0002 0.2942 -0.863 0.0154 0.2763 -0.8973 0.0254 0.2626 -0.906 -0.0252 0.3136 -0.9097 -0.0141 0.3018 -0.9194 -0.0044 0.291 -0.933 0.0029 0.2821 -0.9285 -0.0125 0.2983
148.0 -0.9789 -0.021 0.302 -0.8849 -0.0407 0.3315 -0.8461 -0.0208 0.315 -0.848 -0.0003 0.2938 -0.8673 0.0148 0.2765 -0.9028 0.0265 0.261 -0.9123 -0.0248 0.3126 -0.9151 -0.0136 0.3008 -0.9246 -0.0045 0.2905 -0.9383 0.0034 0.2811 -0.9339 -0.0121 0.2974
149.0 -0.9834 -0.0204 0.3009 -0.8901 -0.0408 0.3311 -0.8522 -0.021 0.3146 -0.8521 -0.0015 0.2946 -0.8709 0.0149 0.276 -0.9061 0.0255 0.2617 -0.9168 -0.0242 0.3115 -0.9196 -0.013 0.2997 -0.9291 -0.0039 0.2895 -0.9428 0.004 0.28 -0.9384 -0.0115 0.2963
150.0 -0.989 -0.0187 0.2987 -0.8946 -0.0402 0.33 -0.8567 -0.0204 0.3135 -0.8567 -0.0009 0.2935 -0.8752 0.0144 0.2761 -0.9096 0.025 0.2619 -0.9203 -0.0241 0.311 -0.9231 -0.0135 0.2999 -0.9318 -0.0037 0.289 -0.9454 0.0037 0.2801 -0.9419 -0.0113 0.2957
151.0 -0.9935 -0.0181 0.2976 -0.8982 -0.04 0.3295 -0.861 -0.021 0.3137 -0.861 -0.0014 0.2937 -0.8786 0.0139 0.2763 -0.9139 0.0244 0.262 -0.9256 -0.0242 0.3106 -0.9275 -0.0135 0.2994 -0.9361 -0.0042 0.2891 -0.949 0.0038 0.2796 -0.9463 -0.0112 0.2953
152.0 -0.9953 -0.0177 0.297 -0.9034 -0.0401 0.3291 -0.8643 -0.0226 0.3151 -0.8642 -0.0031 0.2951 -0.8835 0.012 0.2777 -0.9189 0.0231 0.2628 -0.93 -0.0242 0.3101 -0.9327 -0.0136 0.299 -0.9405 -0.0042 0.2887 -0.9541 0.0031 0.2798 -0.9505 -0.0113 0.2949
153.0 -0.9998 -0.0171 0.296 -0.9086 -0.0408 0.3293 -0.8701 -0.0247 0.3165 -0.8701 -0.0045 0.2959 -0.8878 0.0114 0.2779 -0.9249 0.0223 0.2631 -0.935 -0.0255 0.3109 -0.9369 -0.0147 0.2998 -0.9447 -0.0054 0.2895 -0.9576 0.0026 0.28 -0.9548 -0.012 0.2952
154.0 -1.0014 -0.018 0.2966 -0.9153 -0.043 0.3308 -0.8761 -0.0255 0.3168 -0.8751 -0.0058 0.2967 -0.8929 0.0101 0.2787 -0.9285 0.0224 0.2626 -0.9402 -0.0262 0.3111 -0.9422 -0.0148 0.2993 -0.95 -0.0055 0.289 -0.9628 0.0025 0.2795 -0.9593 -0.0124 0.2951
155.0 -1.004 -0.0183 0.2967 -0.9222 -0.0433 0.3304 -0.8831 -0.0258 0.3164 -0.8829 -0.0068 0.297 -0.9007 0.0097 0.2784 -0.9344 0.021 0.2634 -0.9471 -0.0271 0.3114 -0.9492 -0.0152 0.299 -0.9569 -0.0058 0.2887 -0.969 0.0029 0.2785 -0.9652 -0.0127 0.2949
156.0 -1.0092 -0.019 0.2969 -0.9286 -0.0423 0.3288 -0.8901 -0.0261 0.3161 -0.8891 -0.0065 0.296 -0.9059 0.009 0.2786 -0.9389 0.0216 0.2624 -0.9516 -0.0265 0.3103 -0.9544 -0.0153 0.2986 -0.9623 -0.0053 0.2876 -0.9751 0.0021 0.2788 -0.9705 -0.0128 0.2944
157.0 -1.013 -0.0171 0.2946 -0.9355 -0.0427 0.3284 -0.8989 -0.0261 0.3152 -0.8969 -0.0069 0.2957 -0.9102 0.0084 0.2787 -0.9424 0.0218 0.2619 -0.9596 -0.0257 0.3088 -0.9607 -0.0143 0.2969 -0.9686 -0.0044 0.286 -0.9816 0.0043 0.2759 -0.9767 -0.0114 0.2924
158.0 -1.0165 -0.0175 0.2947 -0.9409 -0.0422 0.3274 -0.9042 -0.0256 0.3141 -0.9033 -0.0059 0.2941 -0.9175 0.0099 0.2765 -0.9514 0.023 0.2597 -0.9642 -0.0245 0.3071 -0.9662 -0.0132 0.2953 -0.974 -0.0039 0.285 -0.9867 0.0036 0.2761 -0.9815 -0.0111 0.2916
159.0 -1.0191 -0.0179 0.2948 -0.9453 -0.0421 0.3269 -0.9097 -0.0245 0.3125 -0.9087 -0.0048 0.2924 -0.922 0.0105 0.2755 -0.9566 0.0223 0.2599 -0.9679 -0.0238 0.306 -0.9699 -0.0125 0.2942 -0.9775 -0.0037 0.2845 -0.9893 0.0032 0.2762 -0.9847 -0.0109 0.2911
160.0 -1.0245 -0.0168 0.2932 -0.9492 -0.0402 0.3246 -0.9152 -0.0234 0.3108 -0.9125 -0.0035 0.2907 -0.9285 0.0127 0.2726 -0.9613 0.0241 0.2576 -0.9742 -0.0228 0.3043 -0.9753 -0.0114 0.2925 -0.9813 -0.0024 0.2828 -0.9915 0.0054 0.2738 -0.9894 -0.0096 0.2893
161.0 -1.0246 -0.0162 0.2925 -0.9521 -0.0388 0.3228 -0.9181 -0.022 0.309 -0.9171 -0.0023 0.289 -0.9331 0.0139 0.2709 -0.965 0.0248 0.2565 -0.9771 -0.0214 0.3026 -0.979 -0.0106 0.2914 -0.9849 -0.0017 0.2816 -0.9941 0.0056 0.2733 -0.992 -0.0089 0.2883
162.0 -1.0314 -0.0177 0.2934 -0.9551 -0.0367 0.3205 -0.9201 -0.0204 0.3072 -0.9207 -0.0016 0.2879 -0.9356 0.0129 0.2716 -0.9676 0.0251 0.256 -0.9809 -0.0195 0.3002 -0.9825 -0.0105 0.2909 -0.9893 -0.0017 0.2812 -0.9994 0.0055 0.2728 -0.9967 -0.0088 0.2877
163.0 -1.0394 -0.017 0.2919 -0.9551 -0.0367 0.3205 -0.9237 -0.0197 0.3061 -0.9236 -0.0001 0.2861 -0.9375 0.0139 0.2704 -0.9666 0.024 0.2572 -0.9833 -0.021 0.3016 -0.9835 -0.01 0.2903 -0.9885 -0.0015 0.2812 -0.9984 0.0051 0.2734 -0.9986 -0.0089 0.2877
164.0 -1.0379 -0.0155 0.2906 -0.9588 -0.0354 0.3187 -0.9272 -0.0201 0.3063 -0.9259 -0.0023 0.2881 -0.937 0.0109 0.2735 -0.9582 0.0215 0.2606 -0.9902 -0.0219 0.3018 -0.9895 -0.0108 0.2906 -0.9919 -0.002 0.2813 -0.9976 0.0052 0.2734 -1.0014 -0.009 0.2875
165.0 -1.0444 -0.014 0.2883 -0.9637 -0.0373 0.3202 -0.9317 -0.0195 0.3052 -0.9293 -0.0027 0.2882 -0.9416 0.0121 0.2718 -0.9598 0.0206 0.2613 -0.9946 -0.0219 0.3014 -0.9931 -0.0101 0.2895 -0.9958 -8.553e-05 0.2789 -1.0016 0.0083 0.2698 -1.0059 -0.0076 0.2856
166.0 -1.0422 -0.0161 0.2907 -0.9684 -0.0361 0.3185 -0.9458 -0.0043 0.2882 -0.937 -0.0044 0.2892 -0.9406 0.0013 0.283 -0.962 0.013 0.2689 -1.001 -0.0203 0.2991 -0.9991 -0.0115 0.2903 -1.0014 -0.0033 0.2817 -1.0069 0.0033 0.2744 -1.0101 -0.0096 0.2872
167.0 -1.0493 -0.0208 0.2948 -0.9737 -0.0258 0.3074 -0.9503 0.0067 0.2766 -0.9388 -0.004 0.2886 -0.9475 -0.0143 0.2983 -0.9715 -0.028 0.3099 -1.0042 -0.0073 0.2855 -1.0044 -0.011 0.2893 -1.0087 -0.0165 0.2944 -1.0155 -0.0229 0.3003 -1.0164 -0.0157 0.2929
168.0 -1.0527 -0.0218 0.2955 -0.9781 -0.0209 0.302 -0.9546 0.0061 0.2767 -0.9434 -0.0028 0.2869 -0.9495 -0.0134 0.2971 -0.9702 -0.0205 0.3023 -1.0091 -0.0092 0.287 -1.0078 -0.0121 0.29 -1.0107 -0.0155 0.2933 -1.0161 -0.0199 0.2972 -1.0193 -0.0157 0.2926
168.0 -1.0527 -0.0218 0.2955 -0.9781 -0.0209 0.302 -0.9546 0.0061 0.2767 -0.9434 -0.0028 0.2869 -0.9495 -0.0134 0.2971 -0.9702 -0.0205 0.3023 -1.0091 -0.0092 0.287 -1.0078 -0.0121 0.29 -1.0107 -0.0155 0.2933 -1.0161 -0.0199 0.2972 -1.0193 -0.0157 0.2926
170.0 -1.0674 -0.0183 0.2905 -0.9805 0.013 0.2671 -0.9599 0.0109 0.2713 -0.9509 -0.005 0.2884 -0.9593 -0.0226 0.3056 -0.9846 -0.0389 0.3197 -1.0115 -0.001 0.2783 -1.0114 -0.0114 0.2889 -1.0174 -0.0225 0.2998 -1.0269 -0.0336 0.3101 -1.0269 -0.0174 0.2935
171.0 -1.0646 -0.0143 0.2866 -0.9776 0.0164 0.2639 -0.96 0.0066 0.2757 -0.9538 -0.0085 0.2917 -0.9624 -0.0249 0.3076 -0.9859 -0.0415 0.3223 -1.0072 -0.0004 0.2781 -1.0095 -0.0123 0.2901 -1.0171 -0.0237 0.301 -1.0284 -0.035 0.3114 -1.0253 -0.0171 0.2935
172.0 -1.0603 -0.0186 0.2914 -0.9773 0.0049 0.2757 -0.9642 0.0103 0.2715 -0.952 -0.0039 0.2872 -0.9585 -0.0219 0.305 -0.984 -0.037 0.3178 -1.0155 -0.0028 0.2797 -1.014 -0.0117 0.289 -1.0176 -0.0214 0.2985 -1.0247 -0.0309 0.3075 -1.0264 -0.017 0.2932
173.0 -1.0623 -0.017 0.2896 -0.9872 -0.0337 0.3142 -0.965 -0.0002 0.2821 -0.9532 -0.0023 0.2854 -0.9553 -0.005 0.288 -0.974 0.001 0.28 -1.0182 -0.0178 0.2948 -1.0147 -0.0124 0.2897 -1.0163 -0.0084 0.2854 -1.0206 -0.004 0.2805 -1.0264 -0.0119 0.288
174.0 -1.0577 -0.0182 0.2913 -0.9826 -0.0404 0.3215 -0.9555 -0.0142 0.2974 -0.9462 -0.0068 0.2908 -0.9513 0.0023 0.281 -0.9719 0.0141 0.2668 -1.0111 -0.0229 0.3008 -1.0084 -0.0134 0.2913 -1.0091 -0.0043 0.282 -1.0149 0.0034 0.2734 -1.0202 -0.0111 0.2878
175.0 -1.0555 -0.021 0.2944 -0.9923 0.0199 0.2588 -0.9568 0.0131 0.2693 -0.9417 -0.0026 0.2868 -0.9475 -0.0247 0.3089 -0.9764 -0.0402 0.3219 -1.0101 0.001 0.2764 -1.0073 -0.0096 0.2875 -1.0114 -0.0211 0.2989 -1.0192 -0.032 0.3092 -1.0207 -0.0165 0.2933
176.0 -1.053 -0.0151 0.2887 -0.9775 -0.0392 0.3207 -0.946 -0.0233 0.3076 -0.9414 -0.0043 0.2887 -0.9514 0.0077 0.2753 -0.9733 0.017 0.2637 -1.0049 -0.0233 0.3018 -1.0025 -0.012 0.2904 -1.005 -0.0026 0.2805 -1.011 0.0064 0.2708 -1.0153 -0.0093 0.2864
177.0 -1.0525 -0.0126 0.2861 -0.9766 -0.039 0.3207 -0.9424 -0.0234 0.3081 -0.9398 -0.0035 0.288 -0.9508 0.009 0.2741 -0.9695 0.0157 0.2654 -1.0023 -0.023 0.3017 -0.9998 -0.0122 0.291 -1.0022 -0.0034 0.2817 -1.0073 0.0057 0.2719 -1.0129 -0.0091 0.2865
178.0 -1.0476 -0.0156 0.2897 -0.9766 -0.039 0.3207 -0.9423 -0.024 0.3087 -0.9379 -0.0039 0.2886 -0.9492 0.0105 0.2728 -0.9734 0.0176 0.2631 -1.0016 -0.0222 0.301 -0.9998 -0.0122 0.291 -1.0014 -0.0033 0.2817 -1.0081 0.005 0.2725 -1.0117 -0.0097 0.2872
179.0 -1.0463 -0.0179 0.2921 -0.973 -0.0398 0.3218 -0.94 -0.0225 0.3074 -0.9378 -0.0045 0.2892 -0.9514 0.0126 0.2704 -0.9763 0.019 0.2613 -1.0016 -0.0222 0.301 -1.0007 -0.0124 0.291 -1.0032 -0.0029 0.2811 -1.0097 0.0041 0.2732 -1.0123 -0.0103 0.2877
180.0 -1.0519 -0.0162 0.2899 -0.9757 -0.0395 0.3213 -0.9406 -0.0238 0.3087 -0.9372 -0.0032 0.2879 -0.9506 0.0133 0.2697 -0.9764 0.0196 0.2607 -1.0018 -0.0211 0.2998 -1.0009 -0.0112 0.2898 -1.0033 -0.0023 0.2805 -1.0108 0.0052 0.272 -1.0137 -0.0091 0.2864
181.0 -1.0491 -0.0171 0.291 -0.9721 -0.0396 0.3217 -0.9434 -0.0229 0.3075 -0.9357 -0.0066 0.2916 -0.9453 0.0031 0.2807 -0.9627 0.0172 0.2645 -1.0049 -0.0233 0.3018 -1.0024 -0.0126 0.2911 -1.0031 -0.0035 0.2817 -1.008 0.0044 0.2732 -1.0135 -0.0104 0.2877
182.0 -1.0484 -0.0163 0.2903 -0.9722 -0.0391 0.3211 -0.9408 -0.0226 0.3074 -0.937 -0.0044 0.2892 -0.9491 0.0099 0.2734 -0.9692 0.0188 0.2623 -1.0017 -0.0216 0.3004 -1.0007 -0.0124 0.291 -1.0031 -0.0035 0.2817 -1.0097 0.0041 0.2732 -1.0127 -0.0099 0.2873
183.0 -1.0486 -0.0152 0.2891 -0.9731 -0.0392 0.3212 -0.9417 -0.0227 0.3074 -0.937 -0.0044 0.2892 -0.9501 0.0104 0.2728 -0.9683 0.0189 0.2623 -1.005 -0.0227 0.3012 -1.0032 -0.0127 0.2911 -1.0049 -0.0032 0.2812 -1.0099 0.0053 0.272 -1.0143 -0.0097 0.2869
184.0 -1.0484 -0.0163 0.2903 -0.9722 -0.0391 0.3211 -0.9401 -0.0219 0.3068 -0.9364 -0.0025 0.2873 -0.9525 0.0137 0.2691 -0.9757 0.0209 0.2594 -1.0008 -0.0215 0.3004 -1.0 -0.011 0.2897 -1.0033 -0.0023 0.2805 -1.0099 0.0053 0.272 -1.0125 -0.0092 0.2866
185.0 -1.0438 -0.017 0.2914 -0.973 -0.0398 0.3218 -0.94 -0.0225 0.3074 -0.9372 -0.0032 0.2879 -0.9498 0.0135 0.2697 -0.9756 0.0204 0.26 -1.0007 -0.0221 0.301 -0.9999 -0.0116 0.2903 -1.0024 -0.0022 0.2804 -1.0082 0.0056 0.2719 -1.011 -0.0095 0.287
186.0 -1.0463 -0.013 0.2871 -0.973 -0.0398 0.3218 -0.9383 -0.0217 0.3067 -0.9365 -0.0019 0.2866 -0.9509 0.0151 0.2678 -0.9777 0.0225 0.2576 -0.9991 -0.0213 0.3003 -0.9983 -0.0108 0.2897 -1.0017 -0.0015 0.2798 -1.0076 0.0069 0.2707 -1.0106 -0.0079 0.2855
187.0 -1.0484 -0.0163 0.2903 -0.97 -0.0369 0.3192 -0.9393 -0.0163 0.3011 -0.9358 -0.0011 0.286 -0.9486 0.0118 0.2715 -0.973 0.0207 0.2599 -1.0002 -0.0202 0.2991 -0.9993 -0.0103 0.2891 -1.0034 -0.0017 0.2799 -1.0118 0.0057 0.2714 -1.0126 -0.0086 0.286
188.0 -1.0489 -0.0134 0.2872 -0.9691 -0.0368 0.3191 -0.9377 -0.0203 0.3054 -0.9331 -0.0014 0.2865 -0.945 0.0111 0.2726 -0.9682 0.0232 0.2579 -1.0001 -0.0208 0.2997 -0.9985 -0.0096 0.2884 -1.001 -0.0002 0.2785 -1.0077 0.0075 0.27 -1.0112 -0.0073 0.2848
189.0 -1.045 -0.0104 0.2846 -0.9708 -0.037 0.3192 -0.9367 -0.0208 0.306 -0.9341 -0.0009 0.2859 -0.9475 0.0156 0.2677 -0.9777 0.0274 0.2526 -1.0001 -0.0208 0.2997 -0.9985 -0.0096 0.2884 -1.0003 0.0005 0.2779 -1.0072 0.01 0.2675 -1.0102 -0.0061 0.2836
190.0 -1.0397 -0.0158 0.2906 -0.9656 -0.0369 0.3196 -0.9307 -0.02 0.3058 -0.9298 -0.0003 0.2857 -0.9449 0.0159 0.2676 -0.977 0.0281 0.252 -0.9915 -0.0197 0.2994 -0.9916 -0.0087 0.2881 -0.9966 -0.0002 0.279 -1.0056 0.0059 0.2718 -1.005 -0.0077 0.2858
191.0 -1.037 -0.016 0.2912 -0.9647 -0.0368 0.3196 -0.9307 -0.02 0.3058 -0.9289 -0.0002 0.2857 -0.9432 0.0162 0.2675 -0.9762 0.0288 0.2513 -0.9905 -0.0201 0.3 -0.9915 -0.0093 0.2888 -0.9966 -0.0002 0.279 -1.0056 0.0059 0.2718 -1.0043 -0.0079 0.2861
192.0 -1.036 -0.0165 0.2917 -0.9637 -0.0373 0.3202 -0.9288 -0.021 0.3069 -0.9278 -0.0013 0.2869 -0.9408 0.0177 0.2662 -0.9734 0.028 0.2525 -0.9888 -0.0199 0.2999 -0.9898 -0.0091 0.2887 -0.9965 -0.0008 0.2796 -1.0066 0.0064 0.2712 -1.0035 -0.008 0.2862
193.0 -1.037 -0.016 0.2912 -0.9619 -0.0377 0.3207 -0.9287 -0.0216 0.3076 -0.9271 -0.0006 0.2863 -0.9416 0.017 0.2668 -0.9733 0.0274 0.2531 -0.9869 -0.0209 0.3011 -0.9887 -0.0101 0.2899 -0.9947 -0.0012 0.2801 -1.0066 0.0064 0.2712 -1.0028 -0.0084 0.2867
194.0 -1.0358 -0.0177 0.293 -0.9618 -0.0383 0.3213 -0.9278 -0.0215 0.3075 -0.9262 -0.0005 0.2862 -0.9415 0.0164 0.2675 -0.9733 0.0274 0.2531 -0.985 -0.0212 0.3016 -0.987 -0.0099 0.2898 -0.9946 -0.0018 0.2808 -1.0054 0.0047 0.2731 -1.0016 -0.0092 0.2877
195.0 -1.0351 -0.0164 0.2917 -0.9626 -0.039 0.322 -0.9277 -0.022 0.3082 -0.9262 -0.0005 0.2862 -0.9424 0.0163 0.2675 -0.9751 0.0277 0.2525 -0.986 -0.0208 0.301 -0.9879 -0.01 0.2899 -0.9947 -0.0012 0.2801 -1.0064 0.0052 0.2725 -1.002 -0.0086 0.2871
196.0 -1.035 -0.017 0.2923 -0.9636 -0.0379 0.3208 -0.928 -0.0203 0.3063 -0.9272 1.253e-05 0.2856 -0.9425 0.0169 0.2669 -0.9753 0.0283 0.2519 -0.987 -0.0203 0.3005 -0.9888 -0.0095 0.2893 -0.9948 -0.0006 0.2795 -1.0057 0.0065 0.2712 -1.0023 -0.0082 0.2866
197.0 -1.0325 -0.0166 0.2922 -0.9621 -0.0365 0.3195 -0.928 -0.0203 0.3063 -0.9262 -0.0005 0.2862 -0.9411 0.0189 0.265 -0.9737 0.0298 0.2506 -0.9861 -0.0202 0.3004 -0.988 -0.0094 0.2893 -0.994 -0.0005 0.2795 -1.0048 0.006 0.2718 -1.0011 -0.0081 0.2866
198.0 -1.0297 -0.0175 0.2934 -0.9613 -0.0364 0.3194 -0.9263 -0.02 0.3062 -0.9263 0.0001 0.2856 -0.9401 0.0184 0.2655 -0.9729 0.0299 0.2506 -0.9862 -0.0196 0.2998 -0.9881 -0.0088 0.2886 -0.994 -0.0005 0.2795 -1.0039 0.0061 0.2718 -1.0004 -0.008 0.2866
