1.0 -1.1222 0.094 0.1702 -0.9766 0.0611 0.2182 -0.9388 0.0962 0.1862 -0.9579 0.0948 0.1857 -0.978 0.0939 0.1846 -0.9965 0.0945 0.1822 -1.017 0.096 0.1786 -1.025 0.1065 0.167 -1.0355 0.1112 0.1612 -1.0442 0.1106 0.1609 -1.0488 0.1037 0.1676
1.0 -1.102 -0.0163 0.2849 -0.9953 -0.0379 0.3176 -0.9482 -0.0108 0.2946 -0.9481 0.0088 0.2746 -0.9727 0.0189 0.2618 -1.0069 0.0283 0.2488 -1.0196 -0.0247 0.3017 -1.0228 -0.0117 0.2881 -1.0316 -0.0013 0.2766 -1.0447 0.008 0.2658 -1.0442 -0.0092 0.2834
2.0 -1.1204 0.0936 0.1707 -0.9747 0.0602 0.2194 -0.9364 0.0977 0.1848 -0.9515 0.0987 0.1823 -0.9707 0.098 0.1812 -0.9906 0.0959 0.1813 -1.017 0.096 0.1786 -1.0251 0.1071 0.1664 -1.0347 0.1113 0.1612 -1.0426 0.1115 0.1602 -1.048 0.1039 0.1674
2.0 -1.0995 -0.0159 0.2848 -0.9952 -0.0385 0.3183 -0.948 -0.012 0.2958 -0.9471 0.0083 0.2752 -0.9709 0.0185 0.2624 -1.0052 0.0286 0.2487 -1.0188 -0.0246 0.3017 -1.0228 -0.0117 0.2881 -1.0317 -0.0007 0.276 -1.0439 0.0087 0.2652 -1.0433 -0.0088 0.2832
3.0 -1.1205 0.0942 0.1701 -0.9748 0.0608 0.2188 -0.94 0.0984 0.1837 -0.9533 0.0991 0.1817 -0.9734 0.0982 0.1807 -0.9926 0.0975 0.1795 -1.0222 0.0953 0.1788 -1.0289 0.1084 0.1647 -1.0387 0.1144 0.1576 -1.0459 0.1153 0.156 -1.0512 0.1055 0.1654
3.0 -1.1003 -0.016 0.2849 -0.9963 -0.0374 0.3171 -0.9481 -0.0114 0.2952 -0.9472 0.0089 0.2746 -0.9701 0.0193 0.2617 -1.0052 0.0286 0.2487 -1.0196 -0.0247 0.3017 -1.0228 -0.0117 0.2881 -1.0316 -0.0013 0.2766 -1.0438 0.0081 0.2658 -1.0436 -0.0091 0.2834
4.0 -1.1204 0.0936 0.1707 -0.974 0.0615 0.2181 -0.9383 0.0987 0.1837 -0.9607 0.0957 0.1845 -0.9826 0.0952 0.1829 -1.0029 0.0955 0.1805 -1.0183 0.0983 0.1761 -1.0275 0.1105 0.1628 -1.0389 0.1156 0.1563 -1.0478 0.1163 0.1548 -1.0506 0.1069 0.1642
4.0 -1.1004 -0.0154 0.2842 -0.9955 -0.0367 0.3164 -0.9482 -0.0108 0.2946 -0.9472 0.0089 0.2746 -0.9693 0.0194 0.2617 -1.0054 0.0298 0.2475 -1.0189 -0.024 0.3011 -1.0219 -0.0116 0.2881 -1.0309 -0.0005 0.2759 -1.043 0.0082 0.2658 -1.043 -0.0087 0.283
5.0 -1.1213 0.0935 0.1708 -0.974 0.0615 0.2181 -0.9399 0.0979 0.1843 -0.9655 0.0932 0.1866 -0.9849 0.0936 0.1842 -1.0036 0.0948 0.1812 -1.0177 0.0996 0.1749 -1.0267 0.1112 0.1621 -1.0389 0.1156 0.1563 -1.0485 0.115 0.1561 -1.0506 0.107 0.164
5.0 -1.1003 -0.016 0.2849 -0.9946 -0.0372 0.317 -0.9464 -0.0105 0.2945 -0.9465 0.0096 0.2739 -0.9702 0.0199 0.2611 -1.0037 0.03 0.2474 -1.0189 -0.024 0.3011 -1.022 -0.011 0.2875 -1.0309 -0.0005 0.2759 -1.0431 0.0088 0.2652 -1.043 -0.0085 0.2829
6.0 -1.1214 0.0941 0.1701 -0.973 0.0604 0.2194 -0.9383 0.0987 0.1837 -0.9615 0.0955 0.1846 -0.9785 0.0969 0.1815 -0.9978 0.0968 0.1797 -1.0186 0.1001 0.1743 -1.0268 0.1118 0.1615 -1.0373 0.1165 0.1556 -1.0461 0.1165 0.1547 -1.0501 0.1078 0.1633
6.0 -1.1012 -0.0161 0.2849 -0.9949 -0.0354 0.3151 -0.9475 -0.0095 0.2933 -0.9457 0.0103 0.2733 -0.9704 0.0204 0.2605 -1.0038 0.0306 0.2468 -1.0198 -0.0235 0.3005 -1.023 -0.0105 0.2869 -1.031 4.777e-05 0.2753 -1.0439 0.0087 0.2652 -1.0438 -0.0083 0.2825
7.0 -1.1214 0.0941 0.1701 -0.9721 0.0605 0.2193 -0.9391 0.098 0.1843 -0.9584 0.0978 0.1826 -0.9778 0.0982 0.1802 -0.997 0.0975 0.1791 -1.0174 0.0984 0.1761 -1.0264 0.1094 0.164 -1.0379 0.1146 0.1575 -1.0467 0.1146 0.1566 -1.05 0.1062 0.1649
7.0 -1.1003 -0.016 0.2849 -0.9939 -0.0359 0.3157 -0.9467 -0.0093 0.2933 -0.9448 0.0105 0.2732 -0.9696 0.0212 0.2598 -1.0039 0.0312 0.2462 -1.019 -0.0234 0.3004 -1.022 -0.011 0.2875 -1.031 4.777e-05 0.2753 -1.0431 0.0088 0.2652 -1.0431 -0.0083 0.2826
8.0 -1.1206 0.0948 0.1695 -0.9721 0.0605 0.2193 -0.9384 0.0993 0.183 -0.9567 0.098 0.1825 -0.976 0.0979 0.1808 -0.9952 0.0971 0.1796 -1.0184 0.0989 0.1755 -1.0265 0.11 0.1633 -1.0371 0.1153 0.1569 -1.0451 0.1154 0.1559 -1.0495 0.1069 0.1642
8.0 -1.0993 -0.0165 0.2855 -0.9928 -0.0369 0.3169 -0.9458 -0.0092 0.2932 -0.9458 0.0109 0.2726 -0.9686 0.0207 0.2604 -1.002 0.0302 0.2473 -1.018 -0.0239 0.301 -1.0212 -0.0108 0.2874 -1.0301 0.0002 0.2753 -1.0422 0.0089 0.2651 -1.0422 -0.0084 0.2829
9.0 -1.1188 0.0945 0.17 -0.9704 0.0608 0.2193 -0.9367 0.0995 0.183 -0.9593 0.0977 0.1826 -0.9777 0.0976 0.1808 -0.9969 0.0969 0.1797 -1.0152 0.1005 0.1741 -1.0241 0.1115 0.162 -1.0355 0.1161 0.1562 -1.0452 0.116 0.1553 -1.0478 0.1077 0.1635
9.0 -1.0985 -0.0164 0.2854 -0.9938 -0.0365 0.3163 -0.9467 -0.0093 0.2933 -0.945 0.0111 0.2726 -0.9678 0.0208 0.2604 -1.0005 0.0317 0.246 -1.018 -0.0239 0.301 -1.0212 -0.0108 0.2874 -1.03 -0.0004 0.2759 -1.0422 0.0089 0.2651 -1.042 -0.0085 0.283
10.0 -1.1196 0.0938 0.1707 -0.9724 0.0623 0.2175 -0.9377 0.1 0.1824 -0.9579 0.0997 0.1807 -0.979 0.0999 0.1784 -0.9983 0.0997 0.1766 -1.0132 0.0996 0.1753 -1.0239 0.1103 0.1632 -1.0353 0.1149 0.1574 -1.045 0.1148 0.1566 -1.0474 0.1067 0.1647
10.0 -1.0986 -0.0158 0.2848 -0.9939 -0.0359 0.3157 -0.9458 -0.0092 0.2932 -0.945 0.0111 0.2726 -0.9678 0.0208 0.2604 -1.0005 0.0317 0.246 -1.0181 -0.0233 0.3004 -1.0212 -0.0108 0.2874 -1.0293 0.0003 0.2752 -1.0422 0.0089 0.2651 -1.0419 -0.0081 0.2826
11.0 -1.119 0.0957 0.1688 -0.9726 0.0635 0.2162 -0.9369 0.1007 0.1817 -0.9593 0.0977 0.1826 -0.9803 0.0973 0.1809 -1.0006 0.0976 0.1786 -1.0134 0.1002 0.1747 -1.0232 0.111 0.1626 -1.0354 0.1155 0.1568 -1.0452 0.116 0.1553 -1.0472 0.1077 0.1637
11.0 -1.0986 -0.0158 0.2848 -0.9941 -0.0347 0.3145 -0.9468 -0.0087 0.2927 -0.9452 0.0122 0.2714 -0.9679 0.0214 0.2597 -1.0014 0.0321 0.2454 -1.0173 -0.0231 0.3004 -1.0204 -0.0101 0.2868 -1.0293 0.0003 0.2752 -1.0415 0.0096 0.2645 -1.0414 -0.0078 0.2823
12.0 -1.119 0.0957 0.1688 -0.9737 0.0646 0.215 -0.9372 0.1025 0.1799 -0.9579 0.0997 0.1807 -0.9773 0.1001 0.1783 -0.9968 0.1012 0.1753 -1.0137 0.1019 0.1728 -1.0235 0.1128 0.1607 -1.035 0.118 0.1543 -1.0446 0.1179 0.1534 -1.0471 0.1093 0.162
12.0 -1.0977 -0.0157 0.2848 -0.9941 -0.0347 0.3145 -0.9468 -0.0087 0.2927 -0.9459 0.0115 0.272 -0.9669 0.0209 0.2603 -1.0015 0.0327 0.2448 -1.0174 -0.0225 0.2998 -1.0204 -0.0101 0.2868 -1.0284 0.0004 0.2752 -1.0414 0.009 0.2651 -1.0411 -0.0078 0.2823
13.0 -1.1172 0.0953 0.1694 -0.9701 0.0645 0.2155 -0.9345 0.1022 0.1804 -0.9588 0.1002 0.1801 -0.9799 0.0998 0.1784 -0.9992 0.0996 0.1767 -1.0119 0.1022 0.1728 -1.0226 0.113 0.1607 -1.035 0.118 0.1543 -1.0446 0.1179 0.1534 -1.0463 0.1093 0.1621
13.0 -1.096 -0.0154 0.2847 -0.993 -0.0358 0.3157 -0.9477 -0.0083 0.2921 -0.9452 0.0122 0.2714 -0.967 0.0215 0.2597 -1.0017 0.0339 0.2436 -1.0181 -0.0233 0.3004 -1.0213 -0.0102 0.2868 -1.0293 0.0003 0.2752 -1.0414 0.009 0.2651 -1.0412 -0.0079 0.2824
14.0 -1.1165 0.0966 0.1681 -0.9695 0.0658 0.2142 -0.9358 0.1045 0.1779 -0.9605 0.1 0.1802 -0.9823 0.0988 0.1791 -1.0017 0.0987 0.1774 -1.0121 0.1028 0.1722 -1.0227 0.1135 0.1601 -1.035 0.118 0.1543 -1.0446 0.1179 0.1534 -1.0462 0.1098 0.1616
14.0 -1.097 -0.015 0.2841 -0.9934 -0.034 0.3138 -0.9469 -0.0081 0.292 -0.9459 0.0115 0.272 -0.9669 0.0209 0.2603 -1.0008 0.0334 0.2442 -1.0165 -0.0224 0.2997 -1.0196 -0.01 0.2867 -1.0277 0.0011 0.2746 -1.0406 0.0097 0.2644 -1.0403 -0.0073 0.2819
15.0 -1.1183 0.0964 0.1682 -0.9705 0.0662 0.2136 -0.9368 0.105 0.1774 -0.96 0.1019 0.1783 -0.9803 0.1022 0.1759 -1.0005 0.1019 0.1742 -1.0139 0.1031 0.1716 -1.0238 0.1146 0.1589 -1.0361 0.1197 0.1525 -1.0459 0.1202 0.151 -1.0476 0.1108 0.1604
15.0 -1.097 -0.015 0.2841 -0.9939 -0.0359 0.3157 -0.947 -0.0075 0.2914 -0.9434 0.0125 0.2713 -0.967 0.0215 0.2597 -1.0015 0.0327 0.2448 -1.0174 -0.0225 0.2998 -1.0204 -0.0101 0.2868 -1.0284 0.0004 0.2752 -1.0414 0.009 0.2651 -1.0409 -0.0076 0.2822
16.0 -1.1166 0.0972 0.1675 -0.9682 0.0684 0.2117 -0.9324 0.105 0.1778 -0.9521 0.1072 0.1736 -0.9699 0.1085 0.1705 -0.9892 0.1077 0.1694 -1.01 0.1061 0.169 -1.0206 0.1163 0.1575 -1.0329 0.1213 0.1511 -1.0433 0.1205 0.1509 -1.0447 0.1123 0.1592
16.0 -1.0959 -0.016 0.2853 -0.9932 -0.0352 0.3151 -0.9468 -0.0087 0.2927 -0.9451 0.0116 0.272 -0.9668 0.0203 0.261 -1.0016 0.0333 0.2442 -1.0164 -0.023 0.3003 -1.0194 -0.0106 0.2874 -1.0283 -0.0002 0.2758 -1.0405 0.0091 0.2651 -1.0401 -0.0081 0.2828
17.0 -1.1185 0.0976 0.1669 -0.9681 0.0678 0.2123 -0.9359 0.1051 0.1773 -0.9556 0.1067 0.1737 -0.9744 0.1091 0.1694 -0.9922 0.1097 0.167 -1.0118 0.1065 0.1684 -1.0225 0.1172 0.1563 -1.0348 0.1223 0.1499 -1.0454 0.1221 0.1491 -1.0466 0.1131 0.1581
17.0 -1.0986 -0.0158 0.2848 -0.9923 -0.035 0.315 -0.9453 -0.0073 0.2913 -0.9434 0.0125 0.2713 -0.9679 0.0214 0.2597 -1.0014 0.0321 0.2454 -1.0163 -0.0236 0.301 -1.0194 -0.0106 0.2874 -1.0283 -0.0002 0.2758 -1.0404 0.0086 0.2657 -1.0406 -0.0083 0.2829
18.0 -1.1165 0.0966 0.1681 -0.9678 0.066 0.2142 -0.9366 0.1038 0.1786 -0.9547 0.1069 0.1737 -0.9727 0.1093 0.1694 -0.9921 0.1091 0.1676 -1.0109 0.106 0.169 -1.0215 0.1168 0.1569 -1.0339 0.1218 0.1505 -1.0444 0.1216 0.1497 -1.0454 0.1126 0.1588
18.0 -1.096 -0.0154 0.2847 -0.9922 -0.0356 0.3156 -0.9468 -0.0087 0.2927 -0.9451 0.0116 0.272 -0.966 0.0204 0.2609 -1.0007 0.0328 0.2448 -1.0164 -0.023 0.3003 -1.0203 -0.0107 0.2874 -1.0283 -0.0002 0.2758 -1.0405 0.0091 0.2651 -1.0403 -0.0081 0.2827
19.0 -1.1156 0.0961 0.1687 -0.9669 0.0661 0.2141 -0.9382 0.103 0.1793 -0.9574 0.1071 0.1732 -0.9736 0.1092 0.1694 -0.992 0.1085 0.1683 -1.0126 0.1058 0.1691 -1.0234 0.1171 0.1564 -1.0357 0.1222 0.15 -1.0454 0.1221 0.1491 -1.0465 0.1127 0.1586
19.0 -1.096 -0.0154 0.2847 -0.9933 -0.0346 0.3144 -0.9476 -0.0089 0.2927 -0.9459 0.0115 0.272 -0.9642 0.0207 0.2609 -1.0014 0.0321 0.2454 -1.0164 -0.023 0.3003 -1.0204 -0.0101 0.2868 -1.0284 0.0004 0.2752 -1.0414 0.009 0.2651 -1.0405 -0.0078 0.2824
20.0 -1.1129 0.0959 0.1692 -0.9668 0.0655 0.2147 -0.938 0.1018 0.1805 -0.9573 0.1065 0.1738 -0.9737 0.1098 0.1688 -0.9914 0.1104 0.1664 -1.0109 0.106 0.169 -1.0208 0.1175 0.1563 -1.0332 0.1231 0.1492 -1.0438 0.1235 0.1478 -1.0443 0.1132 0.1583
20.0 -1.0943 -0.0152 0.2846 -0.9921 -0.0362 0.3163 -0.9477 -0.0083 0.2921 -0.9442 0.0118 0.2719 -0.9641 0.0201 0.2615 -1.0014 0.0321 0.2454 -1.0173 -0.0231 0.3004 -1.0203 -0.0107 0.2874 -1.0283 -0.0002 0.2758 -1.0404 0.0086 0.2657 -1.0401 -0.0081 0.2828
21.0 -1.1137 0.0958 0.1692 -0.9676 0.0648 0.2154 -0.9381 0.1024 0.1799 -0.9541 0.1082 0.1724 -0.9706 0.112 0.1668 -0.9883 0.1127 0.1644 -1.0099 0.1055 0.1696 -1.0198 0.117 0.1568 -1.0324 0.1232 0.1492 -1.043 0.1236 0.1477 -1.0438 0.113 0.1585
21.0 -1.0969 -0.0156 0.2847 -0.9923 -0.035 0.315 -0.9469 -0.0081 0.292 -0.9441 0.0112 0.2726 -0.9658 0.0198 0.2615 -1.0006 0.0323 0.2454 -1.0164 -0.023 0.3003 -1.0203 -0.0107 0.2874 -1.0283 -0.0002 0.2758 -1.0405 0.0091 0.2651 -1.0405 -0.0081 0.2827
22.0 -1.1128 0.0953 0.1698 -0.9675 0.0642 0.216 -0.938 0.1018 0.1805 -0.9514 0.1079 0.1729 -0.9669 0.1113 0.1679 -0.9826 0.1104 0.1673 -1.0132 0.1045 0.1703 -1.0224 0.1166 0.1569 -1.0332 0.1231 0.1492 -1.042 0.1232 0.1483 -1.0447 0.1125 0.1589
22.0 -1.096 -0.0154 0.2847 -0.9923 -0.035 0.315 -0.9476 -0.0089 0.2927 -0.9458 0.0109 0.2726 -0.9641 0.0201 0.2615 -1.0006 0.0323 0.2454 -1.0173 -0.0231 0.3004 -1.0203 -0.0107 0.2874 -1.0283 -0.0002 0.2758 -1.0404 0.0086 0.2657 -1.0405 -0.0082 0.2828
23.0 -1.1128 0.0953 0.1698 -0.9656 0.0638 0.2166 -0.9379 0.1012 0.1811 -0.956 0.1042 0.1762 -0.9716 0.1076 0.1712 -0.9902 0.1088 0.1682 -1.0089 0.105 0.1702 -1.0198 0.117 0.1568 -1.0323 0.1226 0.1498 -1.0428 0.1225 0.149 -1.0433 0.1125 0.1591
23.0 -1.0952 -0.0153 0.2847 -0.9912 -0.0361 0.3162 -0.9469 -0.0081 0.292 -0.9451 0.0116 0.272 -0.9641 0.0201 0.2615 -0.9997 0.0324 0.2454 -1.0163 -0.0236 0.301 -1.0203 -0.0107 0.2874 -1.0283 -0.0002 0.2758 -1.0395 0.0087 0.2656 -1.0399 -0.0082 0.2829
24.0 -1.1135 0.0946 0.1705 -0.9664 0.0631 0.2172 -0.9406 0.1014 0.1806 -0.9542 0.1088 0.1718 -0.9706 0.112 0.1668 -0.9865 0.1123 0.1649 -1.0148 0.1036 0.171 -1.024 0.1158 0.1576 -1.0357 0.1222 0.15 -1.0447 0.1234 0.1478 -1.0466 0.1119 0.1594
24.0 -1.096 -0.0154 0.2847 -0.9915 -0.0343 0.3144 -0.9476 -0.0089 0.2927 -0.945 0.0111 0.2726 -0.9633 0.0202 0.2614 -0.9996 0.0318 0.246 -1.0163 -0.0236 0.301 -1.0203 -0.0107 0.2874 -1.0275 -8.489e-05 0.2758 -1.0395 0.0087 0.2656 -1.0399 -0.0082 0.2829
25.0 -1.1119 0.0954 0.1698 -0.9647 0.0634 0.2172 -0.9386 0.1005 0.1818 -0.9497 0.1081 0.1729 -0.9651 0.1109 0.1685 -0.9809 0.1106 0.1672 -1.0115 0.1047 0.1703 -1.0198 0.117 0.1568 -1.0314 0.1228 0.1498 -1.0394 0.1235 0.1482 -1.0428 0.1127 0.159
25.0 -1.0951 -0.0159 0.2853 -0.9923 -0.035 0.315 -0.9469 -0.0081 0.292 -0.945 0.0111 0.2726 -0.9641 0.0201 0.2615 -0.9996 0.0318 0.246 -1.0162 -0.0242 0.3016 -1.0193 -0.0112 0.288 -1.0273 -0.0007 0.2764 -1.0395 0.0087 0.2656 -1.0395 -0.0087 0.2834
26.0 -1.1119 0.0954 0.1698 -0.9654 0.0626 0.2178 -0.936 0.1002 0.1823 -0.9494 0.107 0.1741 -0.9649 0.1098 0.1697 -0.9808 0.1101 0.1678 -1.0114 0.1041 0.1709 -1.0197 0.1164 0.1575 -1.0304 0.1223 0.1504 -1.0393 0.1229 0.1489 -1.0426 0.1122 0.1595
26.0 -1.0969 -0.0156 0.2847 -0.9924 -0.0344 0.3144 -0.9477 -0.0083 0.2921 -0.9457 0.0103 0.2733 -0.9632 0.0196 0.2621 -0.9987 0.0319 0.246 -1.0154 -0.0235 0.3009 -1.0193 -0.0112 0.288 -1.0273 -0.0007 0.2764 -1.0387 0.0088 0.2656 -1.0395 -0.0084 0.2831
27.0 -1.1119 0.0954 0.1698 -0.9647 0.0634 0.2172 -0.9369 0.1007 0.1817 -0.9487 0.1077 0.1734 -0.9634 0.1112 0.1684 -0.9773 0.1105 0.1677 -1.0139 0.1031 0.1716 -1.0215 0.1168 0.1569 -1.0315 0.1234 0.1492 -1.0395 0.1241 0.1476 -1.0437 0.1126 0.159
27.0 -1.0951 -0.0159 0.2853 -0.9915 -0.0343 0.3144 -0.946 -0.008 0.292 -0.945 0.0111 0.2726 -0.9651 0.0205 0.2609 -0.9996 0.0318 0.246 -1.0154 -0.0235 0.3009 -1.0193 -0.0112 0.288 -1.0273 -0.0007 0.2764 -1.0395 0.0087 0.2656 -1.0393 -0.0085 0.2833
28.0 -1.1128 0.0953 0.1698 -0.9636 0.0623 0.2184 -0.9369 0.1007 0.1817 -0.9504 0.1074 0.1735 -0.9659 0.1102 0.1691 -0.9817 0.1105 0.1672 -1.0105 0.1042 0.1708 -1.0197 0.1164 0.1575 -1.0313 0.1222 0.1504 -1.0401 0.1222 0.1495 -1.0429 0.1121 0.1596
28.0 -1.0943 -0.0152 0.2846 -0.9914 -0.0349 0.315 -0.947 -0.0075 0.2914 -0.945 0.0111 0.2726 -0.9624 0.0203 0.2614 -0.9996 0.0318 0.246 -1.0163 -0.0236 0.301 -1.0193 -0.0112 0.288 -1.0265 -0.0006 0.2764 -1.0387 0.0088 0.2656 -1.039 -0.0084 0.2831
29.0 -1.1119 0.0954 0.1698 -0.965 0.0652 0.2153 -0.9386 0.1005 0.1818 -0.9531 0.1077 0.173 -0.9705 0.1114 0.1674 -0.9881 0.1115 0.1656 -1.0108 0.1054 0.1696 -1.0208 0.1175 0.1563 -1.0333 0.1237 0.1486 -1.0431 0.1242 0.1471 -1.044 0.1132 0.1583
29.0 -1.0942 -0.0158 0.2853 -0.9916 -0.0337 0.3138 -0.947 -0.0075 0.2914 -0.9441 0.0112 0.2726 -0.9624 0.0203 0.2614 -0.9996 0.0318 0.246 -1.0154 -0.0235 0.3009 -1.0185 -0.0111 0.2879 -1.0265 -0.0006 0.2764 -1.0395 0.0087 0.2656 -1.0388 -0.0085 0.2832
30.0 -1.1102 0.0956 0.1697 -0.9653 0.0669 0.2134 -0.9361 0.1008 0.1817 -0.9512 0.1067 0.1742 -0.9651 0.1109 0.1685 -0.9817 0.1105 0.1672 -1.0142 0.1049 0.1697 -1.0226 0.1178 0.1557 -1.0334 0.1243 0.148 -1.0414 0.1245 0.1471 -1.0444 0.1134 0.158
30.0 -1.0934 -0.0151 0.2846 -0.9905 -0.0354 0.3156 -0.947 -0.0075 0.2914 -0.945 0.0111 0.2726 -0.9624 0.0203 0.2614 -0.9979 0.032 0.2459 -1.0154 -0.0235 0.3009 -1.0193 -0.0112 0.288 -1.0275 -8.489e-05 0.2758 -1.0396 0.0093 0.265 -1.0391 -0.0081 0.2829
31.0 -1.1086 0.0965 0.169 -0.9652 0.0663 0.2141 -0.9358 0.0996 0.1829 -0.9494 0.107 0.1741 -0.9624 0.1107 0.169 -0.98 0.1108 0.1672 -1.0084 0.1069 0.1683 -1.0176 0.1191 0.1549 -1.0291 0.1249 0.1478 -1.0379 0.1249 0.1469 -1.0403 0.1145 0.1574
31.0 -1.0934 -0.0151 0.2846 -0.9907 -0.0342 0.3143 -0.947 -0.0075 0.2914 -0.9451 0.0116 0.272 -0.9617 0.021 0.2608 -0.9971 0.0327 0.2453 -1.0164 -0.023 0.3003 -1.0194 -0.0106 0.2874 -1.0275 -8.489e-05 0.2758 -1.0388 0.0094 0.265 -1.0391 -0.0079 0.2826
32.0 -1.1087 0.0971 0.1684 -0.9634 0.066 0.2146 -0.934 0.0993 0.1835 -0.9466 0.1055 0.1759 -0.962 0.1083 0.1715 -0.9778 0.108 0.1702 -1.0083 0.1063 0.1689 -1.0166 0.1187 0.1555 -1.0273 0.1245 0.1484 -1.0361 0.1246 0.1475 -1.0394 0.1142 0.1577
32.0 -1.0926 -0.015 0.2846 -0.9907 -0.0342 0.3143 -0.9461 -0.0074 0.2914 -0.9433 0.0119 0.2719 -0.9618 0.0216 0.2601 -0.998 0.0326 0.2453 -1.0147 -0.0228 0.3003 -1.0186 -0.0105 0.2873 -1.0266 3.111e-05 0.2758 -1.0387 0.0088 0.2656 -1.0382 -0.0079 0.2827
33.0 -1.1093 0.0958 0.1697 -0.9634 0.066 0.2146 -0.9357 0.099 0.1836 -0.955 0.1038 0.1768 -0.9691 0.1086 0.1705 -0.9867 0.1086 0.1687 -1.0075 0.1071 0.1682 -1.0184 0.119 0.1549 -1.0307 0.1241 0.1485 -1.0413 0.1239 0.1477 -1.0415 0.114 0.1578
33.0 -1.0933 -0.0157 0.2852 -0.9906 -0.0348 0.315 -0.9462 -0.0068 0.2908 -0.9443 0.0124 0.2713 -0.9627 0.0221 0.2595 -0.998 0.0326 0.2453 -1.0147 -0.0228 0.3003 -1.0186 -0.0105 0.2873 -1.0266 3.111e-05 0.2758 -1.0396 0.0093 0.265 -1.0386 -0.0079 0.2827
34.0 -1.1086 0.0965 0.169 -0.9625 0.0661 0.2146 -0.934 0.0993 0.1835 -0.9475 0.106 0.1753 -0.9631 0.1094 0.1703 -0.979 0.1097 0.1684 -1.0082 0.1057 0.1695 -1.0175 0.1185 0.1555 -1.0282 0.1244 0.1484 -1.037 0.1245 0.1475 -1.0399 0.1139 0.158
34.0 -1.0943 -0.0152 0.2846 -0.9908 -0.0336 0.3137 -0.9472 -0.0064 0.2902 -0.9451 0.0116 0.272 -0.9625 0.0209 0.2608 -0.998 0.0326 0.2453 -1.0156 -0.0223 0.2997 -1.0186 -0.0105 0.2873 -1.0266 3.111e-05 0.2758 -1.0388 0.0094 0.265 -1.0388 -0.0077 0.2825
35.0 -1.1078 0.0972 0.1684 -0.9627 0.0673 0.2133 -0.9333 0.1 0.1828 -0.9442 0.1071 0.1745 -0.9597 0.1104 0.1695 -0.9755 0.1102 0.1682 -1.0089 0.105 0.1702 -1.0172 0.1173 0.1567 -1.0281 0.1238 0.149 -1.036 0.124 0.1481 -1.0396 0.1135 0.1585
35.0 -1.0925 -0.0156 0.2852 -0.9908 -0.0336 0.3137 -0.9463 -0.0062 0.2901 -0.9443 0.0124 0.2713 -0.9618 0.0216 0.2601 -0.998 0.0326 0.2453 -1.0148 -0.0222 0.2997 -1.0187 -0.0099 0.2867 -1.0266 3.111e-05 0.2758 -1.0388 0.0094 0.265 -1.0383 -0.0077 0.2825
36.0 -1.1069 0.0967 0.169 -0.9616 0.0656 0.2152 -0.934 0.0993 0.1835 -0.9475 0.106 0.1753 -0.963 0.1088 0.1709 -0.9813 0.1081 0.1697 -1.0067 0.1072 0.1682 -1.0158 0.1194 0.1548 -1.0273 0.1245 0.1484 -1.0361 0.1246 0.1475 -1.0386 0.1145 0.1576
36.0 -1.0927 -0.0144 0.2839 -0.9897 -0.0347 0.3149 -0.9462 -0.0068 0.2908 -0.9443 0.0124 0.2713 -0.9626 0.0215 0.2602 -0.9981 0.0332 0.2447 -1.0155 -0.0229 0.3003 -1.0196 -0.01 0.2867 -1.0276 0.0005 0.2752 -1.0388 0.0094 0.265 -1.0388 -0.0075 0.2822
37.0 -1.1069 0.0967 0.169 -0.9626 0.0667 0.214 -0.9341 0.0999 0.1829 -0.9484 0.1059 0.1753 -0.9622 0.1095 0.1702 -0.979 0.1097 0.1684 -1.009 0.1056 0.1695 -1.0175 0.1185 0.1555 -1.0282 0.1244 0.1484 -1.0369 0.1239 0.1481 -1.0397 0.1138 0.1581
37.0 -1.0926 -0.015 0.2846 -0.9908 -0.0336 0.3137 -0.9463 -0.0062 0.2901 -0.9451 0.0116 0.272 -0.9617 0.021 0.2608 -0.999 0.0331 0.2447 -1.0148 -0.0222 0.2997 -1.0187 -0.0099 0.2867 -1.0267 0.0006 0.2751 -1.0398 0.0099 0.2644 -1.0385 -0.0073 0.2821
38.0 -1.1052 0.0969 0.1689 -0.9608 0.0663 0.2145 -0.9313 0.099 0.184 -0.9455 0.1044 0.1771 -0.9628 0.1076 0.1721 -0.9803 0.1071 0.1709 -1.0024 0.1077 0.168 -1.0123 0.1192 0.1553 -1.0238 0.1244 0.1489 -1.0334 0.1243 0.148 -1.0354 0.1145 0.1578
38.0 -1.0926 -0.015 0.2846 -0.9919 -0.0325 0.3125 -0.9463 -0.0062 0.2901 -0.9451 0.0116 0.272 -0.9625 0.0209 0.2608 -0.998 0.0326 0.2453 -1.0148 -0.0222 0.2997 -1.0186 -0.0105 0.2873 -1.0266 3.111e-05 0.2758 -1.0388 0.0094 0.265 -1.0383 -0.0077 0.2825
39.0 -1.1044 0.0976 0.1682 -0.9619 0.0674 0.2133 -0.9314 0.0996 0.1834 -0.9423 0.1061 0.1757 -0.9569 0.1096 0.1706 -0.9719 0.1094 0.1693 -1.009 0.1056 0.1695 -1.0167 0.1193 0.1548 -1.0257 0.1254 0.1477 -1.0329 0.1262 0.1461 -1.0377 0.1148 0.1573
39.0 -1.0918 -0.0143 0.2839 -0.9909 -0.033 0.3131 -0.9473 -0.0058 0.2896 -0.9451 0.0116 0.272 -0.9624 0.0203 0.2614 -0.999 0.0331 0.2447 -1.0156 -0.0223 0.2997 -1.0186 -0.0105 0.2873 -1.0275 -8.489e-05 0.2758 -1.0396 0.0093 0.265 -1.0386 -0.0076 0.2823
40.0 -1.1052 0.0969 0.1689 -0.9609 0.0669 0.2139 -0.9322 0.0989 0.184 -0.9449 0.1063 0.1752 -0.9605 0.1097 0.1702 -0.9755 0.1102 0.1682 -1.0048 0.1068 0.1688 -1.014 0.119 0.1554 -1.0247 0.1249 0.1483 -1.0336 0.1255 0.1468 -1.0365 0.1146 0.1576
40.0 -1.0918 -0.0143 0.2839 -0.9926 -0.0333 0.3132 -0.9472 -0.0064 0.2902 -0.9452 0.0122 0.2714 -0.9624 0.0203 0.2614 -0.9979 0.032 0.2459 -1.0156 -0.0223 0.2997 -1.0196 -0.01 0.2867 -1.0276 0.0005 0.2752 -1.0399 0.0105 0.2638 -1.0389 -0.0071 0.2819
41.0 -1.0927 -0.0144 0.2839 -0.9908 -0.0336 0.3137 -0.9472 -0.0064 0.2902 -0.9443 0.0124 0.2713 -0.9625 0.0209 0.2608 -0.998 0.0326 0.2453 -1.0156 -0.0223 0.2997 -1.0196 -0.01 0.2867 -1.0276 0.0005 0.2752 -1.0388 0.0094 0.265 -1.0388 -0.0074 0.2821
41.0 -1.1043 0.097 0.1689 -0.9598 0.0658 0.2151 -0.9313 0.099 0.184 -0.9456 0.105 0.1764 -0.9611 0.1084 0.1714 -0.9761 0.1082 0.1701 -1.0041 0.1075 0.1681 -1.0123 0.1192 0.1553 -1.0238 0.1244 0.1489 -1.0326 0.1244 0.148 -1.0354 0.1145 0.1578
42.0 -1.0927 -0.0144 0.2839 -0.991 -0.0324 0.3125 -0.9473 -0.0058 0.2896 -0.9452 0.0122 0.2714 -0.9625 0.0209 0.2608 -0.9997 0.0324 0.2454 -1.0157 -0.0217 0.2991 -1.0196 -0.01 0.2867 -1.0276 0.0005 0.2752 -1.0398 0.0099 0.2644 -1.0391 -0.0071 0.2819
42.0 -1.1035 0.0978 0.1682 -0.9601 0.0676 0.2132 -0.9297 0.0998 0.1833 -0.9413 0.1056 0.1763 -0.9568 0.109 0.1713 -0.9726 0.1087 0.17 -1.0047 0.1062 0.1694 -1.0122 0.1186 0.1559 -1.022 0.1246 0.1488 -1.03 0.1248 0.1479 -1.0345 0.1144 0.158
43.0 -1.0917 -0.0149 0.2845 -0.9901 -0.0323 0.3124 -0.9481 -0.0059 0.2896 -0.9453 0.0128 0.2707 -0.9625 0.0209 0.2608 -0.9998 0.033 0.2447 -1.0157 -0.0217 0.2991 -1.0197 -0.0094 0.2861 -1.0276 0.0005 0.2752 -1.0406 0.0097 0.2644 -1.0391 -0.0071 0.2819
43.0 -1.1045 0.0982 0.1676 -0.9592 0.0672 0.2138 -0.9289 0.1 0.1833 -0.9387 0.106 0.1762 -0.9542 0.1088 0.1718 -0.97 0.1091 0.1699 -1.0046 0.1056 0.17 -1.0121 0.118 0.1565 -1.0219 0.124 0.1494 -1.029 0.1243 0.1485 -1.0344 0.114 0.1584
44.0 -1.0935 -0.0145 0.284 -0.9902 -0.0317 0.3118 -0.9474 -0.0052 0.2889 -0.9452 0.0122 0.2714 -0.9627 0.0221 0.2595 -0.9991 0.0337 0.2441 -1.0157 -0.0217 0.2991 -1.0197 -0.0094 0.2861 -1.0277 0.0011 0.2746 -1.0398 0.0099 0.2644 -1.0393 -0.0069 0.2816
44.0 -1.1035 0.0978 0.1682 -0.9576 0.068 0.2131 -0.9278 0.0989 0.1845 -0.9411 0.1044 0.1775 -0.9575 0.1077 0.1725 -0.9751 0.1078 0.1707 -0.9988 0.1076 0.1685 -1.0088 0.1191 0.1558 -1.0211 0.1242 0.1494 -1.0306 0.1235 0.1491 -1.0326 0.1144 0.1582
45.0 -1.0936 -0.0139 0.2834 -0.992 -0.0319 0.3119 -0.9482 -0.0053 0.289 -0.9461 0.0127 0.2708 -0.9637 0.0226 0.259 -0.9992 0.0343 0.2435 -1.0175 -0.0219 0.2991 -1.0205 -0.0095 0.2861 -1.0285 0.001 0.2746 -1.0407 0.0103 0.2638 -1.0402 -0.0068 0.2814
45.0 -1.1027 0.0979 0.1682 -0.9603 0.0682 0.2126 -0.9323 0.0995 0.1834 -0.9447 0.1051 0.1764 -0.9587 0.1094 0.1707 -0.9737 0.1098 0.1688 -1.0048 0.1068 0.1688 -1.0124 0.1198 0.1547 -1.0223 0.1258 0.1476 -1.0302 0.126 0.1466 -1.0345 0.1153 0.1572
46.0 -1.1033 0.0966 0.1694 -0.96 0.067 0.2139 -0.9315 0.1002 0.1828 -0.9458 0.1062 0.1752 -0.9613 0.1096 0.1702 -0.979 0.1097 0.1684 -1.0047 0.1062 0.1694 -1.014 0.119 0.1554 -1.0248 0.1255 0.1477 -1.0337 0.1261 0.1461 -1.0361 0.1147 0.1576
46.0 -1.0936 -0.0139 0.2834 -0.9902 -0.0317 0.3118 -0.9466 -0.0044 0.2883 -0.9445 0.0136 0.2701 -0.9646 0.0231 0.2584 -0.9992 0.0343 0.2435 -1.016 -0.0205 0.2978 -1.0198 -0.0088 0.2855 -1.0278 0.0017 0.2739 -1.0399 0.0105 0.2638 -1.0394 -0.0062 0.2809
47.0 -1.0938 -0.0133 0.2827 -0.9903 -0.0311 0.3112 -0.9484 -0.0047 0.2883 -0.9455 0.014 0.2695 -0.9648 0.0236 0.2578 -1.0 0.0342 0.2435 -1.016 -0.0205 0.2978 -1.0198 -0.0088 0.2855 -1.0278 0.0017 0.2739 -1.0399 0.0105 0.2638 -1.0394 -0.0061 0.2808
47.0 -1.1029 0.0991 0.1669 -0.9604 0.0688 0.212 -0.9298 0.1004 0.1827 -0.9439 0.1053 0.1764 -0.9594 0.1087 0.1714 -0.9769 0.1081 0.1702 -1.0031 0.107 0.1687 -1.0115 0.1199 0.1546 -1.0223 0.1258 0.1476 -1.0312 0.1265 0.146 -1.0342 0.1157 0.1568
48.0 -1.0939 -0.0127 0.2821 -0.9903 -0.0311 0.3112 -0.9485 -0.0041 0.2877 -0.9462 0.0133 0.2702 -0.9638 0.0232 0.2583 -0.9993 0.0349 0.2429 -1.0168 -0.0206 0.2979 -1.0198 -0.0088 0.2855 -1.0278 0.0017 0.2739 -1.04 0.0111 0.2632 -1.0396 -0.0059 0.2805
48.0 -1.1046 0.0988 0.167 -0.9604 0.0688 0.212 -0.9318 0.1014 0.1815 -0.9433 0.1072 0.1745 -0.9581 0.1113 0.1688 -0.974 0.1116 0.1669 -1.0049 0.1074 0.1681 -1.0133 0.1197 0.1547 -1.024 0.1256 0.1476 -1.0328 0.1256 0.1467 -1.0359 0.1154 0.1568
49.0 -1.1048 0.1 0.1658 -0.9596 0.0695 0.2113 -0.9281 0.1007 0.1826 -0.9404 0.1057 0.1762 -0.9566 0.1078 0.1725 -0.9734 0.108 0.1707 -1.0043 0.1087 0.1669 -1.0116 0.1205 0.154 -1.0223 0.1258 0.1476 -1.0302 0.126 0.1466 -1.0346 0.1162 0.1562
49.0 -1.0939 -0.0127 0.2821 -0.9904 -0.0305 0.3106 -0.9476 -0.004 0.2877 -0.9464 0.0145 0.2689 -0.9649 0.0242 0.2571 -0.9994 0.0355 0.2422 -1.0161 -0.0199 0.2972 -1.0199 -0.0082 0.2849 -1.0279 0.0023 0.2733 -1.04 0.0111 0.2632 -1.0395 -0.0055 0.2801
50.0 -1.1057 0.0999 0.1658 -0.9623 0.0698 0.2108 -0.9311 0.1027 0.1803 -0.9426 0.1079 0.1738 -0.9581 0.1113 0.1688 -0.9748 0.1109 0.1676 -1.0076 0.1076 0.1676 -1.0152 0.1207 0.1535 -1.025 0.1267 0.1464 -1.0331 0.1274 0.1449 -1.0373 0.1165 0.1556
50.0 -1.093 -0.0126 0.2821 -0.9904 -0.0305 0.3106 -0.9476 -0.004 0.2877 -0.9455 0.014 0.2695 -0.9641 0.025 0.2565 -0.9986 0.0362 0.2416 -1.0169 -0.02 0.2972 -1.02 -0.0076 0.2842 -1.028 0.0029 0.2727 -1.0401 0.0117 0.2625 -1.0396 -0.0051 0.2798
51.0 -1.1056 0.0993 0.1664 -0.9605 0.0694 0.2114 -0.929 0.1006 0.1827 -0.9403 0.1051 0.1769 -0.9558 0.1079 0.1725 -0.9717 0.1082 0.1706 -1.0043 0.1087 0.1669 -1.0118 0.1211 0.1534 -1.0224 0.1264 0.1469 -1.0312 0.1265 0.146 -1.035 0.1164 0.1559
51.0 -1.0939 -0.0127 0.2821 -0.9904 -0.0305 0.3106 -0.9467 -0.0038 0.2877 -0.9437 0.0137 0.2701 -0.9624 0.0252 0.2564 -0.9977 0.0357 0.2422 -1.0152 -0.0198 0.2972 -1.0183 -0.0074 0.2842 -1.0271 0.003 0.2727 -1.0392 0.0118 0.2625 -1.0387 -0.005 0.2797
52.0 -1.1056 0.0993 0.1664 -0.9613 0.0693 0.2114 -0.9309 0.1015 0.1815 -0.9433 0.1072 0.1745 -0.9589 0.1106 0.1695 -0.9764 0.11 0.1683 -1.0068 0.1078 0.1676 -1.0152 0.1207 0.1535 -1.0258 0.126 0.1471 -1.0347 0.1266 0.1456 -1.0376 0.1161 0.156
52.0 -1.0912 -0.013 0.2826 -0.9883 -0.0327 0.313 -0.9442 -0.0035 0.2876 -0.9431 0.0156 0.2682 -0.9617 0.0265 0.2551 -0.9957 0.0347 0.2433 -1.0134 -0.0202 0.2977 -1.0157 -0.007 0.2841 -1.0245 0.0034 0.2726 -1.0375 0.012 0.2624 -1.0364 -0.005 0.2799
53.0 -1.1065 0.0998 0.1658 -0.9622 0.0692 0.2114 -0.9309 0.1015 0.1815 -0.9406 0.1069 0.175 -0.9562 0.1103 0.17 -0.9738 0.1104 0.1682 -1.0093 0.1074 0.1677 -1.0169 0.1204 0.1536 -1.0267 0.1258 0.1471 -1.0338 0.1267 0.1455 -1.0387 0.116 0.1559
53.0 -1.0885 -0.0132 0.2832 -0.985 -0.0316 0.3122 -0.9415 -0.0037 0.2881 -0.9393 0.0137 0.2705 -0.9562 0.0248 0.2574 -0.9915 0.0359 0.2426 -1.0107 -0.0204 0.2983 -1.0137 -0.008 0.2853 -1.0219 0.0031 0.2731 -1.034 0.0125 0.2623 -1.0338 -0.0052 0.2804
54.0 -1.1063 0.0986 0.1671 -0.9637 0.0678 0.2127 -0.9349 0.0991 0.1835 -0.9491 0.1052 0.176 -0.9638 0.1087 0.1709 -0.9803 0.1071 0.1709 -1.0069 0.1084 0.167 -1.016 0.1206 0.1536 -1.0268 0.1264 0.1465 -1.0363 0.1258 0.1462 -1.0385 0.1159 0.1561
54.0 -1.0859 -0.0129 0.2831 -0.9823 -0.0319 0.3128 -0.9378 -0.0045 0.2892 -0.9357 0.0135 0.271 -0.9534 0.024 0.2586 -0.9879 0.0352 0.2437 -1.007 -0.0212 0.2994 -1.011 -0.0089 0.2864 -1.0191 0.0023 0.2742 -1.0314 0.0122 0.2628 -1.0309 -0.0057 0.2812
55.0 -1.1071 0.0979 0.1677 -0.9654 0.0675 0.2128 -0.9352 0.1009 0.1817 -0.9469 0.1073 0.174 -0.9616 0.1108 0.1689 -0.9755 0.1102 0.1682 -1.0112 0.1078 0.1671 -1.0186 0.1202 0.1537 -1.0284 0.1256 0.1472 -1.0355 0.1259 0.1462 -1.0401 0.1155 0.1564
55.0 -1.0823 -0.0136 0.2842 -0.9785 -0.0332 0.3145 -0.9342 -0.0052 0.2903 -0.9321 0.0128 0.2721 -0.9498 0.0238 0.259 -0.9861 0.0348 0.2442 -1.0035 -0.0213 0.2998 -1.0066 -0.0089 0.2869 -1.0147 0.0023 0.2747 -1.0277 0.0115 0.2639 -1.0269 -0.006 0.2819
56.0 -1.1062 0.098 0.1677 -0.9647 0.0683 0.2122 -0.9332 0.0994 0.1835 -0.9457 0.1056 0.1758 -0.9604 0.1091 0.1708 -0.9779 0.1086 0.1696 -1.006 0.1085 0.1669 -1.0152 0.1207 0.1535 -1.0259 0.1266 0.1465 -1.0356 0.1265 0.1456 -1.0378 0.116 0.156
56.0 -1.0786 -0.0143 0.2853 -0.9749 -0.0339 0.3156 -0.9287 -0.0063 0.292 -0.9266 0.0117 0.2738 -0.9445 0.0233 0.2601 -0.9807 0.0343 0.2453 -0.999 -0.0219 0.3009 -1.0021 -0.0095 0.2879 -1.0102 0.0016 0.2758 -1.0232 0.0109 0.265 -1.0226 -0.0066 0.283
57.0 -1.1079 0.0978 0.1678 -0.9636 0.0672 0.2134 -0.9356 0.0984 0.1842 -0.9556 0.1018 0.1787 -0.9712 0.1058 0.1731 -0.9906 0.1057 0.1713 -1.0043 0.1087 0.1669 -1.0152 0.1207 0.1535 -1.0284 0.1256 0.1472 -1.0396 0.1247 0.147 -1.0391 0.1155 0.1565
57.0 -1.0759 -0.0146 0.2858 -0.9702 -0.0357 0.3179 -0.9242 -0.0069 0.293 -0.9222 0.0117 0.2742 -0.9401 0.0233 0.2605 -0.9761 0.0331 0.247 -0.9946 -0.0219 0.3014 -0.9969 -0.0088 0.2877 -1.0049 0.0017 0.2762 -1.018 0.011 0.2654 -1.0181 -0.0065 0.2833
58.0 -1.1078 0.0972 0.1684 -0.967 0.0667 0.2135 -0.9356 0.0984 0.1842 -0.9464 0.1049 0.1765 -0.9603 0.1085 0.1714 -0.977 0.1087 0.1695 -1.0102 0.1073 0.1677 -1.0177 0.1197 0.1543 -1.0284 0.1256 0.1472 -1.0372 0.1256 0.1463 -1.0403 0.1151 0.1568
58.0 -1.0725 -0.0141 0.2857 -0.9646 -0.0374 0.3202 -0.9205 -0.0082 0.2948 -0.9177 0.0111 0.2753 -0.9357 0.0233 0.261 -0.969 0.0328 0.2479 -0.9908 -0.0232 0.3031 -0.9931 -0.0101 0.2895 -1.0013 0.001 0.2773 -1.0134 0.0104 0.2665 -1.0142 -0.0072 0.2844
59.0 -1.1114 0.0973 0.1679 -0.9651 0.0657 0.2147 -0.9375 0.0988 0.1836 -0.9553 0.1049 0.1756 -0.9709 0.1089 0.1699 -0.9886 0.1096 0.1675 -1.0084 0.1069 0.1683 -1.0183 0.1184 0.1555 -1.0316 0.124 0.1486 -1.0421 0.1238 0.1477 -1.0424 0.1141 0.1576
59.0 -1.0664 -0.0139 0.286 -0.9573 -0.0389 0.3224 -0.9133 -0.0091 0.2964 -0.9115 0.0107 0.2763 -0.9294 0.0229 0.262 -0.9654 0.0321 0.249 -0.9845 -0.0242 0.3047 -0.9878 -0.0106 0.2905 -0.9959 0.0005 0.2783 -1.0081 0.0099 0.2676 -1.0085 -0.0077 0.2854
60.0 -1.1119 0.0954 0.1698 -0.9678 0.066 0.2142 -0.9393 0.0992 0.1831 -0.9562 0.1054 0.175 -0.972 0.11 0.1687 -0.9871 0.111 0.1662 -1.0119 0.1071 0.1678 -1.022 0.1192 0.1544 -1.0335 0.1249 0.1474 -1.0442 0.1253 0.1459 -1.0447 0.1144 0.1571
60.0 -1.0599 -0.0155 0.2883 -0.9528 -0.0395 0.3235 -0.9071 -0.0089 0.2967 -0.9053 0.0109 0.2767 -0.9242 0.023 0.2624 -0.9591 0.0317 0.25 -0.9791 -0.0247 0.3058 -0.9816 -0.011 0.2915 -0.9897 0.0001 0.2793 -1.0028 0.01 0.268 -1.0026 -0.0082 0.2866
61.0 -1.1119 0.0954 0.1698 -0.9703 0.0651 0.2149 -0.942 0.0994 0.1826 -0.9591 0.1069 0.1732 -0.9729 0.1105 0.1681 -0.9898 0.1113 0.1657 -1.0144 0.1061 0.1685 -1.0243 0.1176 0.1558 -1.0359 0.1234 0.1487 -1.0447 0.1234 0.1478 -1.0463 0.1132 0.1581
61.0 -1.0529 -0.0157 0.2893 -0.9455 -0.0409 0.3257 -0.9007 -0.0105 0.299 -0.899 0.0099 0.2783 -0.9169 0.0216 0.2646 -0.9529 0.0314 0.251 -0.9721 -0.025 0.3067 -0.9744 -0.0119 0.2931 -0.9833 -0.0008 0.281 -0.9956 0.0091 0.2696 -0.9957 -0.0089 0.2879
62.0 -1.112 0.096 0.1692 -0.9704 0.0656 0.2143 -0.9427 0.0987 0.1832 -0.958 0.1058 0.1744 -0.972 0.11 0.1687 -0.9871 0.111 0.1662 -1.0111 0.1072 0.1677 -1.021 0.1187 0.155 -1.0326 0.1244 0.148 -1.0422 0.1244 0.1471 -1.0438 0.1141 0.1574
62.0 -1.0458 -0.016 0.2902 -0.941 -0.0416 0.3268 -0.8935 -0.0113 0.3006 -0.8917 0.0085 0.2805 -0.9104 0.02 0.2669 -0.9456 0.0299 0.2533 -0.9649 -0.0258 0.3083 -0.968 -0.0128 0.2947 -0.9771 -0.0012 0.282 -0.9894 0.0087 0.2706 -0.989 -0.0094 0.2892
63.0 -1.1135 0.0946 0.1705 -0.9721 0.0654 0.2143 -0.9445 0.0991 0.1827 -0.9572 0.1059 0.1744 -0.9722 0.1112 0.1675 -0.9873 0.1122 0.165 -1.0152 0.1054 0.1692 -1.0245 0.1188 0.1545 -1.0354 0.1253 0.1468 -1.0451 0.1258 0.1453 -1.0467 0.114 0.1573
63.0 -1.0386 -0.0169 0.2918 -0.9337 -0.043 0.329 -0.8856 -0.0115 0.3015 -0.8844 0.007 0.2827 -0.9042 0.0196 0.2679 -0.9396 0.0307 0.253 -0.9577 -0.0267 0.3099 -0.96 -0.0136 0.2963 -0.9682 -0.0019 0.2835 -0.9815 0.0086 0.2715 -0.9812 -0.0101 0.2906
64.0 -1.1164 0.096 0.1687 -0.9694 0.0652 0.2148 -0.9427 0.0987 0.1832 -0.9611 0.1029 0.177 -0.9766 0.1063 0.172 -0.9952 0.1069 0.1696 -1.0128 0.107 0.1678 -1.0236 0.1183 0.1551 -1.0358 0.1228 0.1493 -1.0472 0.1225 0.1485 -1.0472 0.1133 0.1579
64.0 -1.0323 -0.0178 0.2935 -0.9263 -0.0451 0.3318 -0.8782 -0.0135 0.3044 -0.8764 0.0063 0.2843 -0.898 0.0192 0.2689 -0.9324 0.0298 0.2546 -0.9513 -0.0283 0.3122 -0.9537 -0.0146 0.2979 -0.962 -0.0022 0.2845 -0.9751 0.0076 0.2731 -0.9749 -0.0111 0.2922
65.0 -1.024 -0.0198 0.2963 -0.9191 -0.0459 0.3334 -0.871 -0.0144 0.306 -0.8693 0.006 0.2853 -0.8901 0.0191 0.2698 -0.9251 0.0284 0.2568 -0.9449 -0.0293 0.3138 -0.9466 -0.0148 0.2989 -0.9556 -0.0032 0.2861 -0.9697 0.0065 0.2748 -0.9682 -0.0121 0.294
65.0 -1.1171 0.0947 0.17 -0.9755 0.065 0.2145 -0.9463 0.0988 0.1827 -0.964 0.1044 0.1753 -0.9795 0.1078 0.1703 -0.9981 0.1083 0.1679 -1.0171 0.1064 0.168 -1.0271 0.1185 0.1546 -1.0395 0.1241 0.1476 -1.05 0.1233 0.1474 -1.0502 0.1134 0.1575
66.0 -1.017 -0.0194 0.2966 -0.9117 -0.048 0.3363 -0.8627 -0.0163 0.3088 -0.8609 0.0035 0.2887 -0.8801 0.0174 0.2726 -0.9151 0.0267 0.2596 -0.9395 -0.0304 0.3155 -0.942 -0.016 0.3006 -0.9502 -0.0043 0.2878 -0.9633 0.0055 0.2764 -0.9624 -0.0129 0.2954
66.0 -1.1189 0.0951 0.1694 -0.9755 0.065 0.2145 -0.948 0.0986 0.1828 -0.9648 0.1043 0.1753 -0.9804 0.1077 0.1703 -0.998 0.1077 0.1685 -1.0162 0.1065 0.1679 -1.0263 0.1186 0.1546 -1.0394 0.1235 0.1482 -1.0491 0.1234 0.1474 -1.05 0.1134 0.1575
67.0 -1.1198 0.095 0.1695 -0.9765 0.0654 0.2139 -0.9501 0.1008 0.1804 -0.9658 0.1047 0.1747 -0.9829 0.1073 0.1704 -1.0013 0.1067 0.1692 -1.0205 0.1059 0.1681 -1.0306 0.118 0.1548 -1.0421 0.1238 0.1477 -1.051 0.1244 0.1462 -1.0528 0.1134 0.1572
67.0 -1.0124 -0.0207 0.2983 -0.9055 -0.0484 0.3373 -0.8563 -0.0179 0.311 -0.8554 0.0018 0.291 -0.8744 0.0151 0.2755 -0.9089 0.0263 0.2606 -0.9322 -0.0318 0.3177 -0.9337 -0.018 0.3034 -0.942 -0.0057 0.29 -0.9543 0.0043 0.2786 -0.9549 -0.0144 0.2976
68.0 -1.1223 0.0946 0.1696 -0.9757 0.0661 0.2132 -0.9502 0.1013 0.1798 -0.9739 0.1012 0.1775 -0.991 0.1032 0.1738 -1.0114 0.1041 0.1709 -1.0189 0.1067 0.1674 -1.0304 0.1174 0.1554 -1.0445 0.1222 0.1491 -1.055 0.122 0.1482 -1.0542 0.1126 0.1579
68.0 -1.0052 -0.0215 0.2999 -0.899 -0.0505 0.3401 -0.8499 -0.0195 0.3133 -0.8481 0.0003 0.2932 -0.8665 0.0149 0.2764 -0.9015 0.0242 0.2634 -0.9257 -0.0334 0.3199 -0.9281 -0.0197 0.3057 -0.9356 -0.0072 0.2922 -0.9479 0.0027 0.2808 -0.9485 -0.0158 0.2997
69.0 -1.1223 0.0946 0.1696 -0.9801 0.0662 0.2128 -0.9528 0.101 0.1799 -0.9693 0.1049 0.1742 -0.9856 0.1076 0.1699 -1.0051 0.108 0.1675 -1.0231 0.1056 0.1682 -1.0324 0.1184 0.1542 -1.0448 0.124 0.1472 -1.0545 0.1239 0.1463 -1.0554 0.1133 0.1571
69.0 -0.9988 -0.0231 0.3022 -0.8945 -0.0512 0.3412 -0.8419 -0.0196 0.3142 -0.8398 -0.0016 0.296 -0.8611 0.0144 0.2775 -0.8955 0.0251 0.2632 -0.9195 -0.0338 0.3209 -0.922 -0.0194 0.3061 -0.9302 -0.0077 0.2933 -0.9434 0.0021 0.2819 -0.9428 -0.0164 0.3009
70.0 -1.1222 0.094 0.1702 -0.9828 0.0664 0.2122 -0.9537 0.1009 0.1799 -0.9682 0.1038 0.1755 -0.9829 0.1073 0.1704 -1.0005 0.1074 0.1686 -1.0276 0.1062 0.1671 -1.036 0.1191 0.1531 -1.0468 0.1256 0.1454 -1.0548 0.1257 0.1445 -1.0575 0.1141 0.1561
70.0 -0.9918 -0.0228 0.3025 -0.8863 -0.0525 0.3434 -0.8338 -0.021 0.3164 -0.8327 -0.0019 0.297 -0.8537 0.0124 0.2803 -0.8882 0.0236 0.2654 -0.9132 -0.0347 0.3226 -0.9156 -0.021 0.3083 -0.923 -0.0086 0.2949 -0.9362 0.0012 0.2835 -0.936 -0.0172 0.3024
71.0 -1.1251 0.0955 0.1684 -0.9821 0.0671 0.2116 -0.9544 0.1002 0.1805 -0.9691 0.1037 0.1755 -0.9881 0.1066 0.1706 -1.0074 0.1065 0.1689 -1.0217 0.1076 0.1663 -1.0318 0.1203 0.1523 -1.0451 0.1258 0.1453 -1.0565 0.1255 0.1445 -1.0561 0.1149 0.1554
71.0 -0.9862 -0.0245 0.3048 -0.8791 -0.0534 0.345 -0.8266 -0.0218 0.318 -0.8239 -0.0019 0.2979 -0.8449 0.0123 0.2812 -0.8803 0.0234 0.2663 -0.906 -0.0356 0.3242 -0.9075 -0.0218 0.3099 -0.9157 -0.01 0.2971 -0.9299 0.0003 0.2851 -0.9291 -0.0183 0.3042
72.0 -1.1315 0.0964 0.1668 -0.9862 0.0708 0.2074 -0.9589 0.1057 0.1745 -0.9755 0.1053 0.1732 -0.996 0.1068 0.1697 -1.0174 0.1082 0.1661 -1.0275 0.1105 0.1628 -1.0384 0.1224 0.1494 -1.0508 0.1281 0.1424 -1.0613 0.1279 0.1416 -1.0619 0.1171 0.1526
72.0 -0.9539 -0.028 0.3117 -0.8438 -0.059 0.3542 -0.7928 -0.024 0.3235 -0.7964 -0.0031 0.3018 -0.8083 0.0093 0.2879 -0.8456 0.0214 0.2719 -0.8721 -0.0384 0.3304 -0.8746 -0.024 0.3155 -0.8828 -0.0123 0.3027 -0.897 -0.0014 0.2901 -0.8961 -0.0208 0.31
73.0 -1.1323 0.0963 0.1668 -0.9872 0.0713 0.2068 -0.9598 0.1056 0.1745 -0.9753 0.1041 0.1745 -0.9951 0.1063 0.1702 -1.0157 0.1084 0.1661 -1.0309 0.11 0.1629 -1.0394 0.1235 0.1482 -1.0519 0.1292 0.1412 -1.0616 0.1297 0.1397 -1.0632 0.1177 0.1518
73.0 -0.9441 -0.0291 0.3138 -0.833 -0.0606 0.3569 -0.7924 -0.0264 0.326 -0.7963 -0.0037 0.3024 -0.7986 0.0094 0.2888 -0.8384 0.0205 0.2735 -0.8623 -0.0389 0.3318 -0.8657 -0.0247 0.317 -0.8739 -0.0129 0.3042 -0.8872 -0.0025 0.2922 -0.8866 -0.0216 0.3118
74.0 -1.1405 0.0977 0.1646 -0.9876 0.0737 0.2043 -0.9617 0.1065 0.1733 -0.9836 0.1011 0.1767 -1.0021 0.106 0.1699 -1.0244 0.1078 0.1658 -1.03 0.115 0.1579 -1.0426 0.1267 0.1446 -1.0574 0.1309 0.1389 -1.0704 0.1297 0.1388 -1.0682 0.12 0.149
74.0 -0.9139 -0.0306 0.3182 -0.8044 -0.0628 0.3621 -0.7906 -0.0365 0.3366 -0.7945 -0.0144 0.3136 -0.7975 0.0029 0.2956 -0.8108 0.0188 0.278 -0.8374 -0.0404 0.3359 -0.8391 -0.026 0.321 -0.8465 -0.0135 0.3075 -0.8589 -0.003 0.2955 -0.8592 -0.0227 0.3156
75.0 -1.1424 0.0986 0.1635 -0.9904 0.0745 0.2032 -0.962 0.1083 0.1715 -0.9863 0.1014 0.1762 -1.0047 0.1062 0.1694 -1.0261 0.1076 0.1658 -1.0336 0.1151 0.1574 -1.0454 0.1276 0.1435 -1.0602 0.1317 0.1378 -1.0724 0.1307 0.1376 -1.0708 0.1207 0.148
75.0 -0.9049 -0.0318 0.3204 -0.801 -0.0624 0.3619 -0.7905 -0.0371 0.3372 -0.794 -0.0168 0.3161 -0.7971 0.0005 0.2981 -0.8057 0.0195 0.2778 -0.8302 -0.0413 0.3375 -0.8318 -0.0274 0.3232 -0.8384 -0.0149 0.3097 -0.8508 -0.0043 0.2977 -0.8512 -0.0239 0.3177
76.0 -1.1443 0.0996 0.1623 -0.9889 0.076 0.2019 -0.9615 0.1102 0.1696 -0.9851 0.1046 0.173 -1.0051 0.108 0.1675 -1.0266 0.1106 0.1627 -1.0329 0.1165 0.1561 -1.0455 0.1282 0.1429 -1.0612 0.1322 0.1372 -1.0732 0.1306 0.1377 -1.0714 0.1214 0.1472
76.0 -0.8969 -0.0319 0.3213 -0.7919 -0.0642 0.3647 -0.7911 -0.0335 0.3335 -0.7941 -0.0162 0.3155 -0.7968 -0.0013 0.3 -0.7999 0.0166 0.2813 -0.8154 -0.0405 0.3381 -0.8171 -0.026 0.3232 -0.8253 -0.0143 0.3104 -0.8378 -0.0032 0.2978 -0.8385 -0.0232 0.3182
77.0 -1.1463 0.1005 0.1611 -0.9902 0.0782 0.1994 -0.9597 0.1104 0.1695 -0.9809 0.1058 0.1722 -1.0011 0.1104 0.1655 -1.0233 0.1116 0.162 -1.035 0.118 0.1543 -1.0469 0.1311 0.1398 -1.0618 0.1358 0.1335 -1.074 0.1347 0.1333 -1.0728 0.124 0.1444
77.0 -0.8862 -0.0329 0.3234 -0.7858 -0.064 0.3651 -0.7909 -0.0347 0.3347 -0.7938 -0.018 0.3173 -0.7961 -0.0049 0.3037 -0.7997 0.0154 0.2826 -0.8057 -0.0404 0.339 -0.8081 -0.0267 0.3248 -0.8164 -0.015 0.312 -0.8297 -0.0039 0.2994 -0.8292 -0.0238 0.3197
78.0 -1.1499 0.1013 0.16 -0.9913 0.0799 0.1976 -0.9638 0.1136 0.1659 -0.9825 0.1098 0.1679 -1.0033 0.1131 0.1624 -1.0262 0.1131 0.1602 -1.038 0.12 0.1519 -1.0506 0.1318 0.1387 -1.0653 0.1353 0.1336 -1.0781 0.1336 0.1341 -1.0764 0.1244 0.1437
78.0 -0.8775 -0.0324 0.3237 -0.786 -0.0628 0.3639 -0.7901 -0.0395 0.3397 -0.7928 -0.024 0.3235 -0.7954 -0.0091 0.308 -0.7991 0.0118 0.2863 -0.8007 -0.044 0.3432 -0.8015 -0.0294 0.3282 -0.8091 -0.0164 0.3142 -0.8208 -0.0046 0.3009 -0.8219 -0.0254 0.322
79.0 -1.15 0.1019 0.1594 -0.9941 0.0808 0.1964 -0.9627 0.1125 0.1671 -0.9883 0.1078 0.1694 -1.0065 0.1115 0.1638 -1.0285 0.1115 0.1616 -1.0383 0.1218 0.1501 -1.0518 0.1341 0.1362 -1.0675 0.138 0.1306 -1.0804 0.1363 0.1311 -1.0776 0.1264 0.1415
79.0 -0.8681 -0.0256 0.3177 -0.7929 -0.0234 0.3229 -0.7913 -0.0323 0.3322 -0.7907 -0.0359 0.3359 -0.7897 -0.0413 0.3415 -0.788 -0.0514 0.3521 -0.7954 -0.0292 0.3286 -0.7981 -0.0339 0.3331 -0.804 -0.0402 0.339 -0.8117 -0.0467 0.3449 -0.8155 -0.0351 0.3327
80.0 -1.1529 0.1033 0.1576 -0.9936 0.0827 0.1945 -0.9644 0.1171 0.1622 -0.9873 0.1122 0.165 -1.0066 0.1169 0.1582 -1.0304 0.1174 0.1554 -1.0419 0.1226 0.149 -1.0547 0.1355 0.1345 -1.0704 0.1395 0.1288 -1.0825 0.1385 0.1287 -1.0805 0.1279 0.1397
81.0 -1.1528 0.1027 0.1582 -0.9945 0.0832 0.194 -0.9664 0.1181 0.161 -0.991 0.113 0.1638 -1.0093 0.1172 0.1577 -1.0323 0.1178 0.1548 -1.0421 0.1238 0.1477 -1.0549 0.1367 0.1332 -1.0706 0.1407 0.1276 -1.0826 0.1391 0.1281 -1.0806 0.1286 0.139
82.0 -1.1547 0.1037 0.1571 -0.9956 0.0842 0.1928 -0.9656 0.1188 0.1604 -0.9903 0.1143 0.1626 -1.0103 0.1177 0.1571 -1.0333 0.1188 0.1536 -1.0431 0.1242 0.1471 -1.0567 0.1365 0.1333 -1.0733 0.1409 0.1271 -1.0862 0.1392 0.1276 -1.0828 0.1289 0.1384
83.0 -1.1564 0.1034 0.1571 -0.9957 0.0848 0.1921 -0.9685 0.1203 0.1586 -0.9939 0.1144 0.1621 -1.0139 0.1184 0.156 -1.037 0.1196 0.1525 -1.0441 0.1247 0.1465 -1.0577 0.1375 0.1321 -1.0742 0.1414 0.1265 -1.0872 0.1403 0.1264 -1.0839 0.1295 0.1377
84.0 -1.1565 0.104 0.1565 -0.9967 0.0853 0.1915 -0.9687 0.1215 0.1574 -0.9934 0.1169 0.1596 -1.0133 0.1197 0.1547 -1.0346 0.1211 0.1512 -1.0443 0.1259 0.1453 -1.0587 0.138 0.1315 -1.0744 0.142 0.1259 -1.0872 0.1403 0.1264 -1.0842 0.13 0.1371
85.0 -1.1584 0.1044 0.156 -0.9969 0.0865 0.1903 -0.9716 0.1229 0.1556 -0.994 0.1205 0.1558 -1.0131 0.124 0.1503 -1.0354 0.1253 0.1468 -1.0469 0.1262 0.1448 -1.0605 0.1384 0.1309 -1.077 0.1423 0.1253 -1.0891 0.1406 0.1258 -1.0864 0.1304 0.1366
86.0 -1.1601 0.1042 0.156 -0.9971 0.0877 0.1891 -0.9705 0.1218 0.1568 -0.996 0.1165 0.1597 -1.0152 0.1207 0.1535 -1.0383 0.1218 0.1501 -1.0463 0.1275 0.1435 -1.0608 0.1402 0.1291 -1.0773 0.144 0.1235 -1.0901 0.1417 0.1246 -1.0869 0.1315 0.1353
87.0 -1.1593 0.1049 0.1554 -0.9963 0.0884 0.1884 -0.9689 0.1226 0.1561 -0.9922 0.1201 0.1564 -1.013 0.1234 0.151 -1.0345 0.1254 0.1468 -1.0472 0.1274 0.1435 -1.0608 0.1402 0.1291 -1.0765 0.1442 0.1234 -1.0895 0.143 0.1233 -1.0867 0.1319 0.135
88.0 -1.1593 0.1049 0.1554 -0.9982 0.0888 0.1879 -0.972 0.1253 0.1531 -0.9967 0.1207 0.1553 -1.0159 0.1249 0.1492 -1.0381 0.1261 0.1457 -1.0489 0.1271 0.1436 -1.0626 0.1399 0.1291 -1.0783 0.1445 0.1229 -1.0904 0.1435 0.1227 -1.0879 0.132 0.1348
89.0 -1.162 0.1051 0.1549 -0.9999 0.0885 0.1879 -0.9728 0.1246 0.1538 -0.9984 0.1205 0.1554 -1.0185 0.1245 0.1493 -1.0417 0.1263 0.1452 -1.0498 0.1276 0.143 -1.0644 0.1403 0.1286 -1.0809 0.1442 0.123 -1.0939 0.143 0.1229 -1.0902 0.1321 0.1345
90.0 -1.1628 0.1044 0.1555 -1.0001 0.0897 0.1867 -0.9747 0.1255 0.1526 -1.002 0.1206 0.1549 -1.0211 0.1242 0.1494 -1.0435 0.1266 0.1446 -1.0509 0.1287 0.1418 -1.0654 0.1414 0.1274 -1.082 0.1453 0.1218 -1.0948 0.1435 0.1223 -1.0912 0.1327 0.1338
91.0 -1.1612 0.1052 0.1548 -1.0001 0.0897 0.1867 -0.9733 0.1276 0.1507 -1.0018 0.1194 0.1561 -1.0217 0.1228 0.1507 -1.0432 0.1248 0.1465 -1.05 0.1288 0.1418 -1.0646 0.1415 0.1274 -1.0811 0.1454 0.1217 -1.0932 0.1443 0.1216 -1.09 0.1331 0.1335
92.0 -1.1613 0.1058 0.1542 -0.9994 0.091 0.1854 -0.9714 0.1266 0.1518 -0.9976 0.1206 0.1554 -1.0174 0.1234 0.1505 -1.038 0.1255 0.1463 -1.0527 0.129 0.1413 -1.0664 0.1419 0.1268 -1.0812 0.146 0.1211 -1.0932 0.1443 0.1216 -1.091 0.1334 0.133
93.0 -1.163 0.1056 0.1543 -1.002 0.0907 0.1855 -0.9767 0.1271 0.1508 -1.0045 0.1197 0.1556 -1.025 0.1212 0.152 -1.0447 0.1234 0.1478 -1.0528 0.1296 0.1406 -1.0672 0.1411 0.1275 -1.0827 0.1445 0.1224 -1.0956 0.1428 0.1229 -1.0923 0.1328 0.1335
94.0 -1.1658 0.1065 0.1531 -1.003 0.0912 0.1849 -0.975 0.1273 0.1507 -0.9996 0.1222 0.1536 -1.0211 0.1242 0.1494 -1.0441 0.1247 0.1465 -1.055 0.1318 0.1382 -1.0693 0.1433 0.125 -1.0847 0.1461 0.1206 -1.0975 0.1438 0.1218 -1.0945 0.1343 0.1318
95.0 -1.1658 0.1065 0.1531 -1.0032 0.0924 0.1837 -0.9736 0.1293 0.1488 -0.999 0.1235 0.1523 -1.0203 0.1249 0.1487 -1.0425 0.1261 0.1452 -1.0542 0.1325 0.1376 -1.0685 0.144 0.1244 -1.0849 0.1467 0.12 -1.0975 0.1438 0.1218 -1.0942 0.1347 0.1314
96.0 -1.1683 0.1061 0.1532 -1.0042 0.0928 0.1831 -0.978 0.1294 0.1484 -1.0054 0.1251 0.15 -1.0245 0.1286 0.1445 -1.0469 0.1311 0.1398 -1.0543 0.1331 0.1369 -1.0696 0.1451 0.1232 -1.0868 0.1477 0.1188 -1.0996 0.1453 0.12 -1.0957 0.1355 0.1304
97.0 -1.1684 0.1067 0.1526 -1.0026 0.0943 0.1818 -0.9775 0.1313 0.1465 -1.0007 0.1281 0.1474 -1.0221 0.1301 0.1432 -1.0436 0.1321 0.139 -1.0545 0.1343 0.1357 -1.069 0.1464 0.1219 -1.0854 0.1497 0.1169 -1.099 0.1472 0.1181 -1.0953 0.1369 0.129
98.0 -1.1694 0.1072 0.152 -1.0029 0.0955 0.1805 -0.9785 0.1323 0.1453 -1.0051 0.1282 0.1469 -1.0262 0.1284 0.1446 -1.0459 0.13 0.141 -1.0545 0.1343 0.1357 -1.0695 0.1445 0.1238 -1.0867 0.1471 0.1195 -1.0994 0.1441 0.1212 -1.0959 0.1354 0.1304
99.0 -1.1711 0.107 0.1521 -1.0037 0.0954 0.1806 -0.9804 0.1327 0.1447 -1.0019 0.1304 0.1449 -1.0225 0.1325 0.1407 -1.044 0.1345 0.1365 -1.0565 0.1353 0.1345 -1.0708 0.1468 0.1213 -1.0872 0.15 0.1164 -1.1007 0.147 0.1181 -1.0973 0.1372 0.1285
100.0 -1.1694 0.1072 0.152 -1.0046 0.0952 0.1806 -0.9804 0.1327 0.1447 -1.0049 0.127 0.1481 -1.0256 0.1297 0.1433 -1.0494 0.1301 0.1405 -1.0566 0.1359 0.1339 -1.0709 0.1474 0.1207 -1.0881 0.1499 0.1164 -1.1016 0.1469 0.1182 -1.0973 0.1374 0.1282
101.0 -1.1705 0.1083 0.1508 -1.0039 0.0965 0.1793 -0.9797 0.134 0.1434 -1.0029 0.1309 0.1443 -1.0234 0.1324 0.1407 -1.0448 0.1338 0.1372 -1.0558 0.1366 0.1333 -1.071 0.148 0.1201 -1.0873 0.1506 0.1157 -1.1008 0.1476 0.1175 -1.0971 0.1382 0.1275
102.0 -1.1713 0.1081 0.1508 -1.0031 0.0967 0.1793 -0.9797 0.134 0.1434 -1.0062 0.1298 0.1451 -1.0259 0.1315 0.1415 -1.0475 0.1346 0.1361 -1.0558 0.1366 0.1333 -1.0718 0.1472 0.1208 -1.0881 0.1499 0.1164 -1.1016 0.1469 0.1182 -1.0977 0.1378 0.1279
103.0 -1.168 0.1092 0.1501 -1.0049 0.097 0.1787 -0.9791 0.1353 0.1421 -1.0058 0.1274 0.1476 -1.027 0.1276 0.1453 -1.0483 0.129 0.1417 -1.0568 0.1371 0.1327 -1.0718 0.1472 0.1208 -1.088 0.1493 0.117 -1.1005 0.1458 0.1194 -1.097 0.1377 0.128
104.0 -1.1689 0.1091 0.1501 -1.0042 0.0983 0.1775 -0.98 0.1358 0.1416 -1.0079 0.129 0.1458 -1.0298 0.1285 0.1441 -1.0495 0.1307 0.1399 -1.0559 0.1372 0.1326 -1.0716 0.1467 0.1214 -1.0878 0.1487 0.1176 -1.1004 0.1452 0.12 -1.0969 0.1374 0.1284
105.0 -1.1706 0.1089 0.1502 -1.0025 0.0986 0.1774 -0.982 0.1374 0.1398 -1.0061 0.1341 0.1407 -1.0273 0.1343 0.1384 -1.0486 0.1357 0.1349 -1.0568 0.1371 0.1327 -1.0727 0.1477 0.1202 -1.0899 0.1503 0.1158 -1.1033 0.1467 0.1182 -1.0987 0.1381 0.1274
106.0 -1.1698 0.1096 0.1495 -1.0035 0.099 0.1768 -0.9793 0.1365 0.1409 -1.0014 0.1323 0.143 -1.0219 0.1338 0.1394 -1.0439 0.1339 0.1372 -1.0571 0.1388 0.1308 -1.0713 0.1497 0.1182 -1.0875 0.1518 0.1145 -1.1001 0.1483 0.1169 -1.0972 0.1397 0.126
107.0 -1.1705 0.1083 0.1508 -1.0026 0.0992 0.1768 -0.9822 0.138 0.1391 -1.006 0.1335 0.1413 -1.0264 0.1344 0.1384 -1.047 0.1365 0.1342 -1.0578 0.1381 0.1315 -1.0721 0.149 0.1189 -1.0884 0.1517 0.1145 -1.1011 0.1488 0.1163 -1.098 0.1392 0.1264
108.0 -1.1681 0.1098 0.1495 -1.0028 0.1004 0.1755 -0.9792 0.1359 0.1415 -0.9997 0.1325 0.1429 -1.0208 0.1327 0.1406 -1.042 0.1329 0.1383 -1.0561 0.1384 0.1314 -1.0703 0.1493 0.1188 -1.0857 0.1515 0.1151 -1.0984 0.1485 0.1168 -1.0957 0.1395 0.1263
109.0 -1.1716 0.1093 0.1496 -1.0027 0.0998 0.1762 -0.984 0.1383 0.1386 -1.0094 0.1331 0.1415 -1.0291 0.1347 0.1378 -1.0506 0.1373 0.1331 -1.0579 0.1387 0.1308 -1.073 0.1495 0.1183 -1.0902 0.1521 0.114 -1.1029 0.1492 0.1157 -1.0991 0.1398 0.1257
110.0 -1.17 0.1108 0.1483 -1.003 0.1015 0.1743 -0.9805 0.1388 0.1385 -1.0024 0.1328 0.1424 -1.0228 0.1337 0.1395 -1.0448 0.1338 0.1372 -1.0572 0.1394 0.1302 -1.0714 0.1503 0.1176 -1.0876 0.1524 0.1139 -1.1002 0.1489 0.1162 -1.0973 0.1404 0.1252
111.0 -1.17 0.1108 0.1483 -1.0023 0.1023 0.1737 -0.9832 0.139 0.1379 -1.0062 0.1347 0.1401 -1.0259 0.1363 0.1365 -1.0482 0.1382 0.1323 -1.0571 0.1388 0.1308 -1.0723 0.1502 0.1177 -1.0886 0.1529 0.1133 -1.1021 0.1499 0.1151 -1.098 0.1405 0.125
112.0 -1.17 0.1108 0.1483 -1.003 0.1015 0.1743 -0.9843 0.1401 0.1367 -1.0081 0.1357 0.1389 -1.0277 0.1367 0.1359 -1.0491 0.1387 0.1317 -1.0563 0.1396 0.1302 -1.0714 0.1503 0.1176 -1.0886 0.1529 0.1133 -1.1013 0.15 0.115 -1.0975 0.1407 0.1249
113.0 -1.1692 0.1109 0.1483 -1.0023 0.1023 0.1737 -0.9835 0.1408 0.1361 -1.0064 0.1359 0.1388 -1.026 0.1369 0.1358 -1.0484 0.1394 0.1311 -1.0579 0.1387 0.1308 -1.0723 0.1502 0.1177 -1.0887 0.1535 0.1127 -1.1014 0.1506 0.1144 -1.0979 0.1408 0.1248
114.0 -1.1693 0.1115 0.1476 -1.004 0.102 0.1737 -0.9817 0.1405 0.1366 -1.0062 0.1347 0.1401 -1.0256 0.1351 0.1377 -1.048 0.137 0.1336 -1.0563 0.1396 0.1302 -1.0714 0.1503 0.1176 -1.0886 0.1529 0.1133 -1.1012 0.1494 0.1157 -1.0974 0.1407 0.1249
115.0 -1.1693 0.1115 0.1476 -1.003 0.1015 0.1743 -0.9784 0.1415 0.1359 -1.0002 0.1355 0.1398 -1.0213 0.1357 0.1375 -1.0425 0.1359 0.1352 -1.058 0.1393 0.1302 -1.0722 0.1496 0.1183 -1.0885 0.1523 0.1139 -1.1002 0.1489 0.1162 -1.0976 0.1403 0.1253
116.0 -1.1674 0.1105 0.1488 -1.0014 0.1024 0.1736 -0.9771 0.1393 0.1383 -0.9975 0.1353 0.1404 -1.0187 0.1355 0.1381 -1.0398 0.1357 0.1358 -1.0547 0.1404 0.1295 -1.0689 0.1513 0.1169 -1.0843 0.1535 0.1131 -1.0969 0.15 0.1155 -1.0944 0.1411 0.1248
117.0 -1.1667 0.1118 0.1475 -1.003 0.1015 0.1743 -0.978 0.1391 0.1384 -0.9984 0.1352 0.1404 -1.0202 0.1341 0.1394 -1.0421 0.1335 0.1377 -1.0554 0.1391 0.1307 -1.0703 0.1493 0.1188 -1.0856 0.1509 0.1157 -1.0983 0.1479 0.1174 -1.0953 0.1398 0.126
118.0 -1.1675 0.1111 0.1482 -1.0021 0.1011 0.1749 -0.9787 0.1384 0.139 -1.0008 0.1342 0.1411 -1.0225 0.1325 0.1407 -1.0446 0.1326 0.1384 -1.0562 0.139 0.1308 -1.0711 0.1486 0.1195 -1.0873 0.1506 0.1157 -1.0999 0.1471 0.1181 -1.0964 0.1393 0.1265
119.0 -1.1656 0.1108 0.1488 -1.0004 0.1013 0.1748 -0.9776 0.1374 0.1402 -1.0021 0.1316 0.1437 -1.0233 0.1318 0.1414 -1.0436 0.1321 0.139 -1.0536 0.1393 0.1307 -1.0685 0.1489 0.1194 -1.0847 0.151 0.1156 -1.0973 0.1475 0.118 -1.094 0.1395 0.1265
120.0 -1.1648 0.1109 0.1487 -0.9996 0.102 0.1742 -0.9759 0.1376 0.1402 -0.9983 0.1346 0.141 -1.0186 0.1349 0.1387 -1.0397 0.1351 0.1364 -1.0534 0.1381 0.1319 -1.0678 0.1496 0.1187 -1.0841 0.1523 0.1144 -1.0968 0.1494 0.1161 -1.0934 0.1401 0.126
121.0 -1.1675 0.1111 0.1482 -1.002 0.1005 0.1755 -0.9779 0.1385 0.139 -0.9968 0.136 0.1397 -1.0179 0.1362 0.1374 -1.0398 0.1357 0.1358 -1.056 0.1378 0.132 -1.0694 0.1488 0.1194 -1.0856 0.1509 0.1157 -1.0991 0.1478 0.1174 -1.0955 0.1393 0.1266
122.0 -1.1665 0.1106 0.1488 -1.0012 0.1012 0.1749 -0.9778 0.1379 0.1396 -0.999 0.1339 0.1417 -1.0201 0.1335 0.14 -1.042 0.1329 0.1383 -1.0545 0.1392 0.1307 -1.0686 0.1495 0.1188 -1.0848 0.1516 0.115 -1.0974 0.1481 0.1174 -1.0944 0.1398 0.1261
123.0 -1.1656 0.1108 0.1488 -1.0022 0.1017 0.1743 -0.9804 0.1382 0.1391 -1.0018 0.1347 0.1405 -1.022 0.1344 0.1388 -1.0423 0.1347 0.1365 -1.0552 0.1379 0.132 -1.0694 0.1488 0.1194 -1.0848 0.1516 0.115 -1.0975 0.1487 0.1168 -1.0945 0.1395 0.1264
124.0 -1.1666 0.1112 0.1482 -1.0022 0.1017 0.1743 -0.9771 0.1393 0.1383 -0.9984 0.1352 0.1404 -1.0196 0.136 0.1375 -1.0408 0.1362 0.1352 -1.0537 0.1399 0.1301 -1.0688 0.1507 0.1175 -1.085 0.1528 0.1138 -1.0977 0.1498 0.1155 -1.0944 0.1409 0.125
125.0 -1.1692 0.1109 0.1483 -1.0023 0.1023 0.1737 -0.9826 0.1404 0.1367 -1.0055 0.1354 0.1394 -1.0257 0.1357 0.1371 -1.0465 0.1384 0.1323 -1.0562 0.139 0.1308 -1.0713 0.1497 0.1182 -1.0876 0.1524 0.1139 -1.0994 0.1496 0.1156 -1.0968 0.1403 0.1254
126.0 -1.1684 0.1116 0.1476 -1.0031 0.1021 0.1737 -0.9809 0.1406 0.1366 -1.0038 0.1363 0.1387 -1.0241 0.1366 0.1364 -1.0445 0.1375 0.1334 -1.0564 0.1402 0.1295 -1.0715 0.1509 0.117 -1.0878 0.1536 0.1126 -1.1004 0.1501 0.115 -1.0969 0.1413 0.1244
127.0 -1.1694 0.1121 0.147 -1.0041 0.1026 0.1731 -0.983 0.1427 0.1342 -1.0082 0.1363 0.1383 -1.0278 0.1373 0.1353 -1.0502 0.1398 0.1305 -1.0562 0.139 0.1308 -1.0723 0.1502 0.1177 -1.0887 0.1535 0.1127 -1.1015 0.1512 0.1138 -1.0976 0.1412 0.1244
128.0 -1.1703 0.112 0.1471 -1.0032 0.1027 0.1731 -0.9845 0.1413 0.1355 -1.0059 0.1378 0.1369 -1.0263 0.1387 0.134 -1.0477 0.1407 0.1298 -1.0573 0.14 0.1296 -1.0725 0.1514 0.1164 -1.0879 0.1542 0.112 -1.1015 0.1512 0.1138 -1.0979 0.1418 0.1238
129.0 -1.1711 0.1118 0.1471 -1.0035 0.1039 0.1718 -0.9841 0.1438 0.133 -1.0091 0.1362 0.1383 -1.0287 0.1378 0.1347 -1.0519 0.1395 0.1306 -1.0573 0.14 0.1296 -1.0725 0.1514 0.1164 -1.0889 0.1547 0.1114 -1.1017 0.1524 0.1126 -1.0983 0.1421 0.1234
130.0 -1.1711 0.1118 0.1471 -1.0042 0.1032 0.1725 -0.9864 0.1423 0.1343 -1.0117 0.1358 0.1384 -1.032 0.1361 0.1361 -1.0535 0.1387 0.1313 -1.0585 0.1417 0.1277 -1.0743 0.1518 0.1159 -1.0905 0.1539 0.1121 -1.104 0.1508 0.1139 -1.0997 0.142 0.1233
131.0 -1.171 0.1112 0.1477 -1.0036 0.1045 0.1712 -0.9816 0.1448 0.1323 -1.008 0.1351 0.1395 -1.0292 0.1353 0.1372 -1.0497 0.1368 0.1336 -1.0592 0.141 0.1284 -1.0734 0.1519 0.1158 -1.0898 0.1546 0.1115 -1.1017 0.1524 0.1126 -1.099 0.1422 0.1232
132.0 -1.171 0.1112 0.1477 -1.0036 0.1045 0.1712 -0.9857 0.143 0.1337 -1.0122 0.1339 0.1403 -1.0311 0.1362 0.136 -1.0527 0.1388 0.1313 -1.0602 0.1415 0.1278 -1.0745 0.153 0.1146 -1.09 0.1558 0.1102 -1.1026 0.1528 0.112 -1.0997 0.1429 0.1225
133.0 -1.1712 0.1124 0.1465 -1.0045 0.105 0.1706 -0.9858 0.1436 0.133 -1.0086 0.1381 0.1364 -1.0287 0.1378 0.1347 -1.051 0.1391 0.1312 -1.0593 0.1416 0.1278 -1.0752 0.1517 0.1159 -1.0914 0.1538 0.1122 -1.104 0.1508 0.1139 -1.1002 0.1421 0.1232
134.0 -1.1703 0.112 0.1471 -1.0037 0.1051 0.1706 -0.9858 0.1436 0.133 -1.0116 0.1352 0.139 -1.0312 0.1368 0.1354 -1.0519 0.1395 0.1306 -1.0586 0.1423 0.1271 -1.0728 0.1532 0.1146 -1.0891 0.1559 0.1102 -1.1018 0.153 0.1119 -1.0985 0.1433 0.1222
135.0 -1.1711 0.1118 0.1471 -1.0055 0.1055 0.17 -0.985 0.1443 0.1324 -1.0088 0.1393 0.1352 -1.0297 0.1383 0.1341 -1.051 0.1391 0.1312 -1.0586 0.1423 0.1271 -1.0734 0.1519 0.1158 -1.0895 0.1534 0.1127 -1.1031 0.1503 0.1145 -1.0992 0.142 0.1234
136.0 -1.1703 0.112 0.1471 -1.0038 0.1057 0.17 -0.9842 0.1444 0.1324 -1.0078 0.1388 0.1358 -1.0287 0.1378 0.1347 -1.05 0.1386 0.1318 -1.0586 0.1423 0.1271 -1.0736 0.1525 0.1152 -1.0898 0.1546 0.1115 -1.1023 0.1511 0.1138 -1.0989 0.1425 0.1229
137.0 -1.1704 0.1126 0.1464 -1.0038 0.1057 0.17 -0.9868 0.1447 0.1318 -1.0103 0.1378 0.1365 -1.0306 0.1381 0.1342 -1.0519 0.1395 0.1306 -1.0587 0.1429 0.1265 -1.0737 0.1531 0.1146 -1.0906 0.1545 0.1115 -1.1032 0.1509 0.1139 -1.0993 0.1428 0.1226
138.0 -1.1703 0.112 0.1471 -1.0038 0.1057 0.17 -0.9841 0.1438 0.133 -1.0115 0.1346 0.1397 -1.031 0.1356 0.1367 -1.0516 0.1377 0.1325 -1.0595 0.1428 0.1265 -1.0738 0.1537 0.114 -1.09 0.1558 0.1102 -1.1018 0.153 0.1119 -1.0991 0.1434 0.1219
139.0 -1.1704 0.1126 0.1464 -1.0037 0.1051 0.1706 -0.9842 0.1444 0.1324 -1.0086 0.1381 0.1364 -1.0281 0.1391 0.1334 -1.0493 0.1399 0.1305 -1.0604 0.1427 0.1266 -1.0746 0.1536 0.114 -1.0908 0.1557 0.1103 -1.1026 0.1528 0.112 -1.0998 0.1435 0.1218
140.0 -1.1697 0.1139 0.1452 -1.0046 0.1056 0.17 -0.9833 0.1445 0.1323 -1.0058 0.1372 0.1376 -1.0268 0.1368 0.1359 -1.0481 0.1376 0.133 -1.0593 0.1416 0.1278 -1.0736 0.1525 0.1152 -1.0889 0.1547 0.1114 -1.1007 0.1519 0.1131 -1.0984 0.1429 0.1225
141.0 -1.1705 0.1132 0.1458 -1.0046 0.1056 0.17 -0.9832 0.1439 0.1329 -1.0066 0.1371 0.1376 -1.0269 0.1374 0.1353 -1.0489 0.1375 0.133 -1.0595 0.1428 0.1265 -1.0745 0.153 0.1146 -1.0899 0.1552 0.1108 -1.1025 0.1523 0.1126 -1.0994 0.1433 0.1221
142.0 -1.1705 0.1132 0.1458 -1.0038 0.1057 0.17 -0.985 0.1443 0.1324 -1.0094 0.1379 0.1365 -1.0296 0.1377 0.1347 -1.0518 0.1389 0.1312 -1.0586 0.1423 0.1271 -1.0736 0.1525 0.1152 -1.0898 0.1546 0.1115 -1.1024 0.1517 0.1132 -1.099 0.1428 0.1226
143.0 -1.1706 0.1138 0.1452 -1.0046 0.1056 0.17 -0.9837 0.1469 0.1298 -1.0064 0.1408 0.1338 -1.0267 0.1411 0.1315 -1.0489 0.1424 0.128 -1.0602 0.1415 0.1278 -1.0753 0.1523 0.1153 -1.0908 0.1557 0.1103 -1.1026 0.1528 0.112 -1.0999 0.1432 0.1221
144.0 -1.1704 0.1126 0.1464 -1.0045 0.105 0.1706 -0.986 0.1448 0.1318 -1.0119 0.137 0.1372 -1.0321 0.1367 0.1355 -1.0544 0.1386 0.1313 -1.0595 0.1428 0.1265 -1.0745 0.153 0.1146 -1.0907 0.1551 0.1109 -1.1034 0.1521 0.1126 -1.0997 0.1431 0.1222
145.0 -1.1714 0.1136 0.1452 -1.0038 0.1057 0.17 -0.9824 0.1446 0.1323 -1.0092 0.1368 0.1377 -1.0296 0.1377 0.1347 -1.051 0.1391 0.1312 -1.0578 0.143 0.1265 -1.0729 0.1538 0.1139 -1.0891 0.1559 0.1102 -1.1018 0.153 0.1119 -1.0986 0.1439 0.1216
146.0 -1.1696 0.1133 0.1458 -1.0039 0.1063 0.1693 -0.9807 0.1449 0.1322 -1.005 0.1379 0.1369 -1.0262 0.1381 0.1346 -1.0473 0.1383 0.1323 -1.0595 0.1428 0.1265 -1.0738 0.1537 0.114 -1.09 0.1558 0.1102 -1.1018 0.153 0.1119 -1.0989 0.1437 0.1217
147.0 -1.1712 0.1124 0.1465 -1.0045 0.105 0.1706 -0.9851 0.1449 0.1318 -1.0118 0.1364 0.1378 -1.0321 0.1367 0.1355 -1.0535 0.1387 0.1313 -1.0587 0.1429 0.1265 -1.0737 0.1531 0.1146 -1.0907 0.1551 0.1109 -1.1043 0.152 0.1127 -1.0997 0.1431 0.1222
148.0 -1.1696 0.1133 0.1458 -1.0047 0.1062 0.1694 -0.9843 0.145 0.1317 -1.0059 0.1378 0.1369 -1.0255 0.1394 0.1333 -1.0476 0.1401 0.1304 -1.0595 0.1428 0.1265 -1.0739 0.1543 0.1133 -1.0893 0.1571 0.109 -1.1011 0.1543 0.1107 -1.0987 0.1443 0.1211
149.0 -1.1713 0.113 0.1459 -1.0039 0.1063 0.1693 -0.985 0.1443 0.1324 -1.0095 0.1385 0.1358 -1.0283 0.1403 0.1322 -1.0505 0.1416 0.1287 -1.0604 0.1427 0.1266 -1.0747 0.1542 0.1134 -1.0902 0.157 0.109 -1.1029 0.154 0.1107 -1.0999 0.1442 0.1211
150.0 -1.1705 0.1132 0.1458 -1.0039 0.1063 0.1693 -0.9832 0.1439 0.1329 -1.0076 0.1376 0.137 -1.0281 0.1391 0.1334 -1.0493 0.1399 0.1305 -1.0595 0.1428 0.1265 -1.0747 0.1542 0.1134 -1.0902 0.157 0.109 -1.1029 0.154 0.1107 -1.0995 0.1442 0.1211
151.0 -1.1706 0.1138 0.1452 -1.0047 0.1062 0.1694 -0.9833 0.1445 0.1323 -1.0052 0.1391 0.1357 -1.0256 0.14 0.1327 -1.0478 0.1413 0.1292 -1.0604 0.1427 0.1266 -1.0746 0.1536 0.114 -1.0901 0.1564 0.1096 -1.102 0.1542 0.1107 -1.0995 0.1441 0.1212
152.0 -1.1714 0.1136 0.1452 -1.0055 0.1055 0.17 -0.984 0.1432 0.1336 -1.0073 0.1358 0.1389 -1.0277 0.1367 0.1359 -1.0488 0.1369 0.1336 -1.0595 0.1428 0.1265 -1.0738 0.1537 0.114 -1.09 0.1558 0.1102 -1.1026 0.1528 0.112 -1.0995 0.1438 0.1216
153.0 -1.1705 0.1132 0.1458 -1.0056 0.1061 0.1694 -0.9867 0.1441 0.1325 -1.0135 0.1362 0.1379 -1.033 0.1372 0.1349 -1.0546 0.1398 0.1301 -1.0605 0.1433 0.1259 -1.0756 0.1541 0.1134 -1.0919 0.1567 0.1091 -1.1046 0.1538 0.1108 -1.1006 0.1442 0.121
154.0 -1.1714 0.1136 0.1452 -1.0047 0.1062 0.1694 -0.9867 0.1441 0.1325 -1.0125 0.1357 0.1385 -1.0322 0.1373 0.1348 -1.0537 0.1399 0.1301 -1.0596 0.1434 0.1259 -1.0747 0.1542 0.1134 -1.091 0.1569 0.109 -1.1037 0.1539 0.1108 -1.1001 0.1444 0.1209
155.0 -1.1707 0.1143 0.1446 -1.004 0.1069 0.1687 -0.9861 0.1454 0.1312 -1.0103 0.1378 0.1365 -1.0299 0.1395 0.1329 -1.0514 0.1414 0.1287 -1.0614 0.1432 0.126 -1.0757 0.1547 0.1128 -1.0903 0.1576 0.1084 -1.1022 0.1554 0.1095 -1.1 0.145 0.1202
156.0 -1.1706 0.1138 0.1452 -1.004 0.1069 0.1687 -0.9853 0.1461 0.1305 -1.011 0.1371 0.1371 -1.0307 0.1387 0.1335 -1.0515 0.142 0.1281 -1.0615 0.1437 0.1254 -1.0757 0.1547 0.1128 -1.0911 0.1575 0.1084 -1.1021 0.1548 0.1101 -1.1002 0.1449 0.1204
157.0 -1.1697 0.1139 0.1452 -1.0031 0.107 0.1687 -0.9836 0.1463 0.1305 -1.0109 0.1365 0.1378 -1.0306 0.1381 0.1342 -1.0521 0.1407 0.1294 -1.058 0.1442 0.1252 -1.073 0.1544 0.1133 -1.0893 0.1571 0.109 -1.102 0.1542 0.1107 -1.0984 0.1447 0.1207
158.0 -1.1706 0.1138 0.1452 -1.0041 0.1075 0.1681 -0.9846 0.1468 0.1299 -1.0079 0.1394 0.1351 -1.0291 0.1396 0.1328 -1.0503 0.1404 0.1299 -1.0588 0.1435 0.1259 -1.0739 0.1543 0.1133 -1.0893 0.1571 0.109 -1.102 0.1542 0.1107 -1.0989 0.1446 0.1208
159.0 -1.1697 0.1139 0.1452 -1.0031 0.107 0.1687 -0.9845 0.1462 0.1305 -1.0118 0.1364 0.1378 -1.0323 0.1379 0.1342 -1.053 0.1406 0.1294 -1.0579 0.1436 0.1258 -1.0731 0.155 0.1127 -1.0894 0.1577 0.1083 -1.1022 0.1554 0.1095 -1.0985 0.1451 0.1203
160.0 -1.1688 0.114 0.1451 -1.0031 0.107 0.1687 -0.983 0.1476 0.1292 -1.0094 0.1379 0.1365 -1.0291 0.1396 0.1328 -1.0507 0.1428 0.1274 -1.0579 0.1436 0.1258 -1.0731 0.155 0.1127 -1.0886 0.1578 0.1083 -1.1013 0.1555 0.1094 -1.098 0.1452 0.1203
161.0 -1.1699 0.1151 0.1439 -1.0032 0.1076 0.1681 -0.9845 0.1462 0.1305 -1.0102 0.1372 0.1371 -1.0292 0.1402 0.1322 -1.0517 0.1432 0.1269 -1.0598 0.1446 0.1247 -1.0742 0.1561 0.1115 -1.0896 0.1589 0.1071 -1.1014 0.1561 0.1088 -1.099 0.1461 0.1192
162.0 -1.1691 0.1152 0.1439 -1.0031 0.107 0.1687 -0.9854 0.1467 0.1299 -1.0126 0.1363 0.1378 -1.0313 0.1374 0.1348 -1.0529 0.14 0.13 -1.058 0.1442 0.1252 -1.0731 0.155 0.1127 -1.0894 0.1577 0.1083 -1.1021 0.1548 0.1101 -1.0983 0.1454 0.12
163.0 -1.1681 0.1147 0.1445 -1.0033 0.1082 0.1674 -0.9829 0.147 0.1298 -1.0088 0.1393 0.1352 -1.0298 0.1389 0.1335 -1.0512 0.1403 0.13 -1.0572 0.1443 0.1252 -1.0729 0.1538 0.1139 -1.0892 0.1565 0.1096 -1.1019 0.1536 0.1113 -1.0978 0.1446 0.1209
164.0 -1.1682 0.1153 0.1439 -1.0025 0.1083 0.1674 -0.9828 0.1464 0.1304 -1.0078 0.1388 0.1358 -1.0304 0.137 0.1354 -1.0506 0.1373 0.1331 -1.0555 0.1452 0.1245 -1.0721 0.1545 0.1133 -1.0882 0.156 0.1102 -1.1008 0.1525 0.1125 -1.097 0.1447 0.1209
165.0 -1.1691 0.1152 0.1439 -1.0024 0.1077 0.168 -0.9822 0.1483 0.1285 -1.0101 0.1366 0.1377 -1.0297 0.1383 0.1341 -1.0513 0.1408 0.1293 -1.0574 0.1455 0.124 -1.0725 0.1563 0.1114 -1.0887 0.1584 0.1077 -1.1014 0.1561 0.1088 -1.0978 0.1463 0.1191
166.0 -1.1683 0.1159 0.1432 -1.0016 0.1085 0.1674 -0.9819 0.1465 0.1304 -1.0063 0.1402 0.1345 -1.0274 0.1404 0.1322 -1.0487 0.1412 0.1292 -1.0565 0.1456 0.1239 -1.0716 0.1564 0.1114 -1.0878 0.1585 0.1076 -1.1005 0.1556 0.1094 -1.0969 0.1464 0.1191
167.0 -1.1691 0.1152 0.1439 -1.0025 0.1083 0.1674 -0.9831 0.1482 0.1286 -1.011 0.1371 0.1371 -1.0306 0.1381 0.1342 -1.053 0.1406 0.1294 -1.0564 0.145 0.1245 -1.0723 0.1551 0.1127 -1.0894 0.1577 0.1083 -1.1021 0.1548 0.1101 -1.0978 0.1456 0.1199
168.0 -1.1673 0.1154 0.1438 -1.0017 0.1091 0.1668 -0.9811 0.1473 0.1297 -1.0079 0.1394 0.1351 -1.0274 0.1404 0.1322 -1.0487 0.1412 0.1292 -1.0555 0.1452 0.1245 -1.0715 0.1558 0.112 -1.0869 0.1586 0.1076 -1.0996 0.1557 0.1094 -1.0962 0.1461 0.1195
169.0 -1.1657 0.1162 0.1431 -1.0 0.1093 0.1667 -0.9812 0.1479 0.1291 -1.0055 0.1409 0.1338 -1.0266 0.1405 0.1321 -1.0479 0.1419 0.1286 -1.0548 0.1459 0.1239 -1.0706 0.1559 0.112 -1.086 0.1582 0.1082 -1.0987 0.1552 0.1099 -1.0952 0.1463 0.1194
170.0 -1.1631 0.1166 0.143 -1.0011 0.1104 0.1655 -0.9794 0.1475 0.1297 -1.0011 0.1409 0.1343 -1.0238 0.1397 0.1333 -1.0441 0.14 0.1309 -1.0563 0.1444 0.1252 -1.0697 0.1555 0.1126 -1.0844 0.159 0.1075 -1.0963 0.1568 0.1086 -1.094 0.1464 0.1194
171.0 -1.1658 0.1168 0.1425 -1.0 0.1093 0.1667 -0.9794 0.1475 0.1297 -1.0063 0.1402 0.1345 -1.0258 0.1412 0.1315 -1.0472 0.1426 0.1279 -1.0549 0.1465 0.1232 -1.07 0.1573 0.1107 -1.0862 0.1593 0.107 -1.098 0.1565 0.1087 -1.095 0.1473 0.1184
172.0 -1.1641 0.1171 0.1425 -0.9984 0.1101 0.166 -0.9777 0.1477 0.1296 -1.0021 0.1414 0.1337 -1.0239 0.1403 0.1326 -1.0451 0.1405 0.1303 -1.054 0.1466 0.1232 -1.069 0.1568 0.1113 -1.0851 0.1583 0.1082 -1.0977 0.1547 0.1105 -1.094 0.1467 0.1191
173.0 -1.1649 0.1164 0.1431 -0.9992 0.11 0.166 -0.9778 0.1483 0.129 -1.0046 0.1404 0.1344 -1.0256 0.14 0.1327 -1.0461 0.1415 0.1291 -1.0522 0.1462 0.1238 -1.0681 0.1563 0.1119 -1.0843 0.1584 0.1081 -1.0969 0.1555 0.1099 -1.0933 0.1465 0.1193
174.0 -1.1622 0.1161 0.1436 -0.9983 0.1095 0.1666 -0.9779 0.1489 0.1284 -1.0069 0.1389 0.1357 -1.0273 0.1398 0.1328 -1.048 0.1425 0.128 -1.0522 0.1462 0.1238 -1.0673 0.157 0.1112 -1.0837 0.1603 0.1062 -1.0965 0.158 0.1074 -1.0924 0.1475 0.1184
175.0 -1.1607 0.1175 0.1423 -0.9948 0.11 0.1665 -0.9752 0.1487 0.1289 -1.0034 0.1388 0.1362 -1.0229 0.1398 0.1332 -1.0435 0.1419 0.129 -1.0489 0.1473 0.123 -1.064 0.1581 0.1105 -1.081 0.16 0.1068 -1.0936 0.1565 0.1091 -1.0896 0.1479 0.1183
176.0 -1.1607 0.1175 0.1423 -0.9948 0.11 0.1665 -0.9745 0.1494 0.1282 -1.0009 0.1397 0.1355 -1.0213 0.1406 0.1325 -1.0445 0.1424 0.1284 -1.0477 0.1456 0.1248 -1.0637 0.1563 0.1123 -1.0808 0.1588 0.108 -1.0936 0.1565 0.1091 -1.0893 0.147 0.1193
177.0 -1.1572 0.118 0.1422 -0.9948 0.11 0.1665 -0.9733 0.1477 0.1301 -1.0025 0.1389 0.1362 -1.0222 0.1405 0.1326 -1.0429 0.1432 0.1278 -1.0458 0.1446 0.126 -1.061 0.156 0.1128 -1.0774 0.1593 0.1079 -1.0903 0.1576 0.1084 -1.0863 0.1471 0.1195
178.0 -1.1596 0.1165 0.1435 -0.9945 0.1082 0.1684 -0.9742 0.1476 0.1301 -1.0047 0.1361 0.1388 -1.0235 0.1379 0.1351 -1.0458 0.1398 0.131 -1.047 0.1463 0.1242 -1.0628 0.1564 0.1123 -1.0799 0.1584 0.1086 -1.0934 0.1553 0.1104 -1.0885 0.1466 0.1198
179.0 -1.157 0.1168 0.1434 -0.9937 0.1083 0.1683 -0.9741 0.147 0.1307 -1.0038 0.1363 0.1387 -1.0228 0.1392 0.1339 -1.0443 0.1412 0.1297 -1.045 0.1454 0.1253 -1.0611 0.1566 0.1122 -1.0783 0.1598 0.1073 -1.092 0.1573 0.1084 -1.0867 0.1472 0.1193
180.0 -1.1578 0.1161 0.1441 -0.9928 0.1084 0.1683 -0.9716 0.1479 0.13 -0.999 0.1387 0.1367 -1.0202 0.1389 0.1344 -1.0415 0.1403 0.1308 -1.0443 0.1461 0.1247 -1.0602 0.1567 0.1122 -1.0774 0.1593 0.1079 -1.091 0.1569 0.109 -1.0861 0.147 0.1196
181.0 -1.1561 0.1163 0.144 -0.9936 0.1077 0.1689 -0.9722 0.1466 0.1313 -1.0004 0.1367 0.1386 -1.0209 0.1382 0.135 -1.0423 0.1396 0.1315 -1.045 0.1454 0.1253 -1.0601 0.1561 0.1128 -1.0773 0.1587 0.1085 -1.0908 0.1557 0.1103 -1.0859 0.1464 0.1202
182.0 -1.1552 0.1164 0.144 -0.9921 0.1091 0.1676 -0.9722 0.1466 0.1313 -0.996 0.1416 0.1341 -1.0195 0.1403 0.1331 -1.0405 0.1399 0.1314 -1.0442 0.1455 0.1253 -1.0599 0.155 0.1141 -1.077 0.1569 0.1103 -1.0906 0.1545 0.1115 -1.0854 0.1457 0.121
183.0 -1.1561 0.1163 0.144 -0.992 0.1085 0.1683 -0.9731 0.1465 0.1313 -0.9981 0.1389 0.1366 -1.02 0.1383 0.135 -1.0413 0.1391 0.1321 -1.0449 0.1448 0.126 -1.06 0.1556 0.1134 -1.0771 0.1575 0.1097 -1.0907 0.1551 0.1109 -1.0858 0.1458 0.1208
184.0 -1.1544 0.1171 0.1433 -0.9912 0.1093 0.1676 -0.9706 0.1475 0.1306 -0.9924 0.1415 0.1345 -1.0136 0.1417 0.1322 -1.0356 0.1417 0.13 -1.0448 0.1442 0.1266 -1.0599 0.155 0.1141 -1.0755 0.1584 0.109 -1.0883 0.1566 0.1095 -1.0846 0.1462 0.1205
185.0 -1.1561 0.1163 0.144 -0.992 0.1085 0.1683 -0.9696 0.1464 0.1318 -1.0001 0.1349 0.1405 -1.0206 0.1364 0.1369 -1.0421 0.1384 0.1327 -1.0433 0.1456 0.1253 -1.0594 0.1569 0.1122 -1.0765 0.1594 0.1078 -1.0893 0.1571 0.109 -1.0849 0.1471 0.1196
186.0 -1.1537 0.1179 0.1427 -0.9912 0.1093 0.1676 -0.9687 0.1465 0.1318 -0.994 0.14 0.1359 -1.0159 0.1395 0.1342 -1.038 0.1402 0.1313 -1.0423 0.1451 0.1259 -1.0574 0.1559 0.1133 -1.0738 0.1592 0.1084 -1.0876 0.1573 0.1089 -1.083 0.1471 0.1198
187.0 -1.1537 0.1179 0.1427 -0.992 0.1085 0.1683 -0.9696 0.1464 0.1318 -0.9958 0.1404 0.1353 -1.017 0.1412 0.1324 -1.0373 0.1415 0.13 -1.0423 0.1451 0.1259 -1.0583 0.1558 0.1134 -1.0746 0.1585 0.109 -1.0882 0.156 0.1102 -1.0834 0.1466 0.1202
188.0 -1.1528 0.118 0.1426 -0.9912 0.1093 0.1676 -0.9694 0.1458 0.1324 -0.9956 0.1392 0.1365 -1.0169 0.1406 0.133 -1.0382 0.1414 0.1301 -1.0416 0.1458 0.1252 -1.0568 0.1572 0.1121 -1.0741 0.1604 0.1071 -1.0869 0.1586 0.1076 -1.0824 0.148 0.1189
189.0 -1.1546 0.1177 0.1427 -0.9921 0.1091 0.1676 -0.9703 0.1457 0.1324 -0.9989 0.1381 0.1373 -1.0186 0.1404 0.1331 -1.0401 0.1424 0.1289 -1.0424 0.1457 0.1252 -1.0584 0.1564 0.1127 -1.0748 0.1597 0.1078 -1.0886 0.1578 0.1083 -1.0838 0.1475 0.1194
190.0 -1.1538 0.1185 0.1421 -0.9922 0.1097 0.167 -0.9679 0.1472 0.1311 -0.9973 0.139 0.1366 -1.0187 0.141 0.1324 -1.0401 0.1424 0.1289 -1.0416 0.1458 0.1252 -1.0568 0.1572 0.1121 -1.0741 0.1604 0.1071 -1.0869 0.1586 0.1076 -1.0826 0.1481 0.1188
191.0 -1.1548 0.1189 0.1415 -0.9921 0.1091 0.1676 -0.9706 0.1475 0.1306 -0.9965 0.1397 0.136 -1.017 0.1412 0.1324 -1.0384 0.1426 0.1288 -1.0427 0.1469 0.124 -1.0579 0.1583 0.1109 -1.0742 0.161 0.1065 -1.0878 0.1585 0.1076 -1.0834 0.1487 0.1181
192.0 -1.1557 0.1194 0.1409 -0.9913 0.1099 0.167 -0.9717 0.1485 0.1294 -1.0008 0.1391 0.1361 -1.0204 0.1401 0.1331 -1.0408 0.141 0.1302 -1.0438 0.1486 0.1222 -1.0598 0.1592 0.1097 -1.0769 0.1618 0.1053 -1.0905 0.1588 0.1071 -1.0854 0.1496 0.117
193.0 -1.1541 0.1202 0.1402 -0.9909 0.1124 0.1645 -0.9703 0.1506 0.1274 -0.9963 0.1434 0.1322 -1.0182 0.1429 0.1306 -1.0395 0.1437 0.1276 -1.0429 0.1481 0.1228 -1.0587 0.1582 0.1109 -1.0759 0.1607 0.1066 -1.0887 0.1584 0.1077 -1.084 0.1491 0.1176
194.0 -1.1559 0.1206 0.1396 -0.9908 0.1118 0.1651 -0.9705 0.1518 0.1262 -0.9979 0.1426 0.1329 -1.0177 0.1448 0.1287 -1.0399 0.1461 0.1251 -1.0431 0.1493 0.1215 -1.059 0.16 0.109 -1.0763 0.1631 0.1041 -1.0899 0.1607 0.1052 -1.0849 0.1507 0.1159
195.0 -1.154 0.1197 0.1408 -0.9898 0.1113 0.1657 -0.968 0.1478 0.1305 -1.0029 0.1358 0.1393 -1.0242 0.1372 0.1358 -1.0451 0.1405 0.1303 -1.0406 0.1502 0.1208 -1.0567 0.1615 0.1077 -1.0737 0.1635 0.104 -1.0882 0.1609 0.1052 -1.0826 0.1512 0.1157
196.0 -1.1554 0.1225 0.1377 -0.9909 0.1124 0.1645 -0.9692 0.1495 0.1287 -0.9965 0.1446 0.131 -1.0178 0.1454 0.128 -1.0399 0.1461 0.1251 -1.0397 0.1503 0.1208 -1.0556 0.1604 0.1089 -1.0729 0.1636 0.1039 -1.0875 0.1616 0.1045 -1.0822 0.1517 0.1152
196.0 -0.8741 -0.0118 0.303 -0.8041 0.0405 0.2565 -0.8098 0.0177 0.2792 -0.8165 0.0058 0.2907 -0.8099 -0.0019 0.2992 -0.7971 0.0005 0.2981 -0.7987 0.01 0.2882 -0.7969 -0.0007 0.2993 -0.7948 -0.0127 0.3117 -0.8005 -0.025 0.3238 -0.813 -0.008 0.3052
197.0 -1.1546 0.1232 0.1371 -0.9927 0.1127 0.1639 -0.9719 0.1497 0.1281 -0.9995 0.1417 0.1336 -1.0192 0.1434 0.13 -1.0405 0.1447 0.1264 -1.0417 0.1513 0.1196 -1.0575 0.1614 0.1077 -1.0738 0.1641 0.1034 -1.0875 0.1616 0.1045 -1.083 0.1523 0.1145
197.0 -0.8789 -0.0142 0.305 -0.7988 0.0106 0.2875 -0.8013 0.0146 0.2833 -0.8144 0.014 0.2825 -0.8088 0.027 0.2698 -0.8156 0.0407 0.2551 -0.797 -0.0001 0.2987 -0.7978 0.0047 0.2938 -0.8097 0.0073 0.2898 -0.8319 0.0086 0.2863 -0.8231 0.0012 0.2947
198.0 -1.1539 0.1239 0.1364 -0.9919 0.1134 0.1633 -0.9686 0.1508 0.1274 -0.9954 0.1435 0.1322 -1.0167 0.1443 0.1292 -1.0379 0.1451 0.1263 -1.0418 0.1519 0.119 -1.0569 0.1627 0.1064 -1.0732 0.1654 0.1021 -1.0867 0.1623 0.1039 -1.0825 0.1533 0.1136
198.0 -0.8875 -0.0209 0.311 -0.7902 -0.0389 0.339 -0.7992 0.0124 0.2857 -0.8026 0.0321 0.2652 -0.8055 0.0488 0.2478 -0.8266 0.0637 0.2305 -0.7964 -0.0031 0.3018 -0.8026 0.0119 0.2858 -0.8193 0.0219 0.274 -0.8422 0.0274 0.2661 -0.8296 0.0074 0.2877
199.0 -1.1583 0.124 0.136 -0.9926 0.1121 0.1645 -0.9712 0.151 0.1269 -0.998 0.1432 0.1323 -1.0168 0.1449 0.1286 -1.039 0.1462 0.1251 -1.0445 0.1522 0.1185 -1.0595 0.1629 0.1059 -1.0759 0.1656 0.1016 -1.0885 0.1627 0.1033 -1.0853 0.1535 0.113
199.0 -0.9039 -0.0225 0.311 -0.7903 -0.0383 0.3384 -0.7995 0.0142 0.2838 -0.804 0.0399 0.2571 -0.8066 0.0548 0.2416 -0.8381 0.0591 0.2341 -0.8072 -0.0021 0.2997 -0.8157 0.0114 0.2851 -0.8314 0.0209 0.2738 -0.8535 0.0264 0.2659 -0.8423 0.0068 0.2871
200.0 -1.1548 0.1244 0.1358 -0.9919 0.1134 0.1633 -0.9693 0.1501 0.128 -1.0008 0.1391 0.1361 -1.0207 0.1419 0.1313 -1.0414 0.1446 0.1265 -1.0403 0.1533 0.1177 -1.0561 0.1634 0.1058 -1.0733 0.166 0.1015 -1.0877 0.1628 0.1033 -1.0824 0.154 0.1128
200.0 -0.9086 -0.0207 0.3087 -0.7894 -0.0431 0.3434 -0.7998 0.016 0.282 -0.8042 0.041 0.2559 -0.8072 0.0584 0.2379 -0.8419 0.0653 0.2274 -0.8177 -0.0023 0.2989 -0.8254 0.0113 0.2842 -0.8402 0.0209 0.2729 -0.8606 0.0267 0.265 -0.8505 0.0072 0.2859
201.0 -1.1556 0.1237 0.1365 -0.9927 0.1127 0.1639 -0.9703 0.1506 0.1274 -0.9995 0.1417 0.1336 -1.0184 0.1441 0.1293 -1.0408 0.1465 0.1246 -1.0409 0.152 0.1189 -1.0569 0.1627 0.1064 -1.0741 0.1659 0.1015 -1.0869 0.1635 0.1026 -1.0829 0.1536 0.1132
201.0 -0.9179 -0.0226 0.3096 -0.7893 -0.0437 0.344 -0.8003 0.019 0.2789 -0.8043 0.0416 0.2553 -0.8075 0.0601 0.236 -0.8503 0.0635 0.2283 -0.8256 -0.0022 0.298 -0.8343 0.0119 0.2827 -0.8499 0.0208 0.272 -0.8702 0.026 0.2647 -0.8596 0.0068 0.2854
202.0 -1.1531 0.1247 0.1358 -0.991 0.113 0.1638 -0.969 0.1483 0.1299 -0.9982 0.1395 0.136 -1.0189 0.1416 0.1318 -1.0396 0.1443 0.127 -1.0401 0.1521 0.1189 -1.0552 0.1635 0.1058 -1.0716 0.1662 0.1014 -1.0843 0.1639 0.1025 -1.0809 0.1541 0.1129
202.0 -0.9276 -0.0226 0.3088 -0.8026 -0.043 0.342 -0.8 0.0172 0.2807 -0.8038 0.0387 0.2584 -0.8121 0.0614 0.2344 -0.8608 0.0627 0.2281 -0.8352 -0.0028 0.2977 -0.8437 0.0107 0.283 -0.8594 0.0196 0.2724 -0.8805 0.0246 0.2651 -0.8693 0.0059 0.2854
203.0 -0.9373 -0.0227 0.3079 -0.8096 -0.0434 0.3417 -0.8005 0.0202 0.2776 -0.8043 0.0416 0.2553 -0.8208 0.0608 0.2341 -0.8711 0.0613 0.2285 -0.8439 -0.0034 0.2974 -0.8525 0.0107 0.2821 -0.869 0.0195 0.2715 -0.8902 0.0252 0.2636 -0.8786 0.0058 0.2845
203.0 -1.1532 0.1253 0.1352 -0.9899 0.1119 0.1651 -0.9698 0.1476 0.1305 -0.999 0.1387 0.1367 -1.0187 0.141 0.1324 -1.0413 0.144 0.1271 -1.0366 0.1526 0.1188 -1.0525 0.1627 0.1069 -1.0705 0.1651 0.1026 -1.084 0.1621 0.1044 -1.0794 0.1535 0.1136
204.0 -0.9557 -0.0228 0.3061 -0.8288 -0.0441 0.3405 -0.8015 0.0255 0.272 -0.805 0.0458 0.2509 -0.8374 0.0598 0.2335 -0.8873 0.0585 0.2298 -0.8612 -0.0051 0.2975 -0.8698 0.009 0.2822 -0.8854 0.0179 0.2715 -0.9066 0.023 0.2642 -0.8958 0.0044 0.2843
204.0 -1.1516 0.1261 0.1345 -0.9897 0.1107 0.1663 -0.9688 0.1471 0.1311 -0.9927 0.1427 0.1333 -1.0122 0.1437 0.1303 -1.0353 0.1448 0.1268 -1.0365 0.152 0.1194 -1.0523 0.1615 0.1081 -1.0685 0.1636 0.1044 -1.082 0.1605 0.1062 -1.0782 0.1527 0.1145
205.0 -0.9644 -0.0233 0.3058 -0.8394 -0.0443 0.3397 -0.802 0.0236 0.2739 -0.8119 0.0449 0.2512 -0.8467 0.0579 0.2344 -0.8942 0.0576 0.23 -0.8698 -0.0063 0.2978 -0.8785 0.0084 0.2819 -0.8933 0.0174 0.2712 -0.9137 0.0232 0.2633 -0.9039 0.0039 0.284
205.0 -1.1491 0.127 0.1338 -0.9903 0.1094 0.1676 -0.9678 0.1466 0.1317 -0.9924 0.1415 0.1345 -1.0123 0.1443 0.1297 -1.0354 0.1454 0.1262 -1.0343 0.1493 0.1224 -1.0495 0.1606 0.1093 -1.0667 0.1638 0.1043 -1.0806 0.1625 0.1042 -1.076 0.1527 0.1148
206.0 -1.1441 0.1283 0.1329 -0.9875 0.1085 0.1687 -0.9631 0.1448 0.134 -0.9803 0.1474 0.1297 -1.0029 0.1462 0.1287 -1.0257 0.1455 0.1271 -1.0319 0.1459 0.1261 -1.0462 0.1568 0.1135 -1.0619 0.1614 0.1073 -1.075 0.1609 0.1065 -1.0718 0.1507 0.1173
206.0 -0.9776 -0.0233 0.3045 -0.8575 -0.0462 0.3398 -0.8217 0.0204 0.2753 -0.8291 0.0426 0.2519 -0.8637 0.0544 0.2364 -0.909 0.0568 0.2294 -0.8872 -0.0074 0.2972 -0.8957 0.0061 0.2826 -0.9096 0.0152 0.2719 -0.929 0.0205 0.2645 -0.9198 0.0022 0.2841
207.0 -1.1422 0.1274 0.1341 -0.9864 0.1069 0.1705 -0.9628 0.143 0.1359 -0.98 0.1456 0.1316 -1.001 0.1452 0.1299 -1.0229 0.1447 0.1282 -1.0292 0.1457 0.1266 -1.0433 0.1554 0.1153 -1.0588 0.1588 0.1103 -1.0727 0.1575 0.1102 -1.0692 0.1489 0.1193
207.0 -0.9863 -0.0239 0.3042 -0.8641 -0.0489 0.3419 -0.8303 0.0192 0.2756 -0.837 0.0427 0.2509 -0.8741 0.0536 0.2361 -0.9167 0.0558 0.2297 -0.8949 -0.0085 0.2975 -0.9027 0.0058 0.2822 -0.9175 0.0148 0.2715 -0.9369 0.0201 0.2642 -0.9276 0.0017 0.2839
208.0 -1.0088 -0.0263 0.3044 -0.89 -0.0518 0.3423 -0.8523 0.0144 0.2784 -0.8579 0.0362 0.2555 -0.8899 0.0484 0.2399 -0.9356 0.0532 0.2304 -0.9178 -0.0134 0.3003 -0.9256 0.0008 0.285 -0.9396 0.0106 0.2736 -0.9573 0.0161 0.2662 -0.9498 -0.0024 0.2859
208.0 -1.1338 0.1248 0.1375 -0.9837 0.1017 0.1761 -0.9568 0.1389 0.1407 -0.9741 0.1421 0.1357 -0.9944 0.1424 0.1334 -1.0154 0.142 0.1317 -1.0231 0.141 0.132 -1.0373 0.1513 0.12 -1.0521 0.1554 0.1144 -1.0651 0.1543 0.1143 -1.0623 0.1454 0.1236
209.0 -1.1337 0.1242 0.1381 -0.9825 0.1 0.1779 -0.9537 0.1363 0.1437 -0.9767 0.1369 0.1408 -0.9971 0.1378 0.1379 -1.0183 0.1386 0.1349 -1.0203 0.1395 0.1338 -1.0345 0.1504 0.1212 -1.0511 0.1549 0.115 -1.0649 0.1531 0.1155 -1.0609 0.1444 0.1247
209.0 -1.0156 -0.0278 0.3053 -0.8977 -0.0528 0.3426 -0.8608 0.0126 0.2793 -0.8649 0.0359 0.2551 -0.8985 0.0472 0.2402 -0.9448 0.0502 0.2326 -0.9255 -0.0144 0.3006 -0.9333 -0.0002 0.2853 -0.9472 0.0089 0.2746 -0.9659 0.0149 0.2665 -0.9575 -0.0037 0.2864
210.0 -1.1318 0.1233 0.1393 -0.9806 0.0991 0.1791 -0.9516 0.1342 0.1461 -0.9711 0.1352 0.1431 -0.9909 0.1374 0.1389 -1.0129 0.1375 0.1366 -1.019 0.1373 0.1362 -1.0333 0.1488 0.123 -1.0482 0.1535 0.1167 -1.0621 0.1522 0.1166 -1.0589 0.143 0.1264
210.0 -1.0216 -0.0286 0.3055 -0.9037 -0.0536 0.3428 -0.8677 0.0117 0.2796 -0.8716 0.0344 0.256 -0.9071 0.0461 0.2405 -0.9515 0.0486 0.2335 -0.9317 -0.0146 0.3002 -0.9393 -0.001 0.2855 -0.9532 0.0081 0.2748 -0.9727 0.014 0.2668 -0.9637 -0.0044 0.2866
211.0 -1.0277 -0.0288 0.3052 -0.9113 -0.0553 0.3437 -0.8737 0.0109 0.2798 -0.8775 0.033 0.2569 -0.9122 0.0448 0.2414 -0.9576 0.0478 0.2337 -0.9384 -0.0162 0.3011 -0.9453 -0.0018 0.2857 -0.9592 0.0073 0.275 -0.9778 0.0127 0.2676 -0.9697 -0.0054 0.2869
211.0 -1.1292 0.1236 0.1392 -0.9811 0.0966 0.1816 -0.9503 0.1319 0.1485 -0.9701 0.1347 0.1437 -0.9913 0.1349 0.1414 -1.0133 0.135 0.1391 -1.0173 0.1375 0.1361 -1.0305 0.1479 0.1242 -1.0462 0.1519 0.1185 -1.06 0.1507 0.1184 -1.0566 0.1423 0.1273
212.0 -1.0327 -0.0301 0.306 -0.9175 -0.0555 0.3434 -0.8796 0.0095 0.2807 -0.8843 0.0315 0.2578 -0.9172 0.0435 0.2422 -0.9621 0.0484 0.2327 -0.9453 -0.0171 0.3013 -0.9521 -0.0034 0.2866 -0.9652 0.0059 0.2759 -0.9837 0.0113 0.2685 -0.9758 -0.0067 0.2877
212.0 -1.1291 0.123 0.1398 -0.9802 0.0967 0.1815 -0.9521 0.1322 0.148 -0.9727 0.1344 0.1438 -0.9931 0.1353 0.1408 -1.015 0.1347 0.1392 -1.0176 0.1344 0.1393 -1.0318 0.1453 0.1267 -1.0475 0.1493 0.1211 -1.0606 0.1488 0.1203 -1.0573 0.1402 0.1294
213.0 -1.0387 -0.0315 0.3068 -0.9241 -0.0576 0.3449 -0.8864 0.008 0.2816 -0.8909 0.0287 0.2599 -0.9213 0.0417 0.2436 -0.9663 0.0473 0.2335 -0.9511 -0.0191 0.3028 -0.9579 -0.0054 0.2881 -0.971 0.0039 0.2774 -0.9896 0.0099 0.2693 -0.9817 -0.0084 0.2889
213.0 -1.1264 0.1228 0.1404 -0.979 0.095 0.1834 -0.9508 0.13 0.1504 -0.9713 0.1315 0.1468 -0.9916 0.1318 0.1445 -1.0138 0.1331 0.141 -1.0143 0.1355 0.1385 -1.0284 0.1458 0.1266 -1.044 0.1498 0.1209 -1.0579 0.1485 0.1208 -1.0542 0.1405 0.1294
214.0 -1.0438 -0.0322 0.307 -0.9315 -0.0604 0.347 -0.8911 0.0049 0.2843 -0.8967 0.0267 0.2614 -0.927 0.0391 0.2457 -0.9728 0.0445 0.2356 -0.9562 -0.0204 0.3036 -0.9621 -0.0065 0.2889 -0.976 0.0026 0.2782 -0.9937 0.0081 0.2707 -0.9864 -0.0097 0.2897
214.0 -1.1263 0.1222 0.141 -0.9806 0.0942 0.1841 -0.949 0.1296 0.151 -0.9703 0.1304 0.1481 -0.993 0.1298 0.1464 -1.0151 0.1305 0.1435 -1.0148 0.1336 0.1404 -1.0298 0.1437 0.1285 -1.0456 0.1483 0.1222 -1.0585 0.1472 0.1221 -1.055 0.139 0.1309
215.0 -1.049 -0.0329 0.3072 -0.9372 -0.063 0.3491 -0.897 0.0035 0.2851 -0.9009 0.0256 0.2621 -0.9312 0.038 0.2465 -0.977 0.0434 0.2364 -0.9621 -0.0218 0.3045 -0.968 -0.0079 0.2897 -0.9811 0.0013 0.279 -0.9988 0.0068 0.2716 -0.9918 -0.0109 0.2904
215.0 -1.1262 0.1216 0.1416 -0.9804 0.093 0.1853 -0.9505 0.1282 0.1523 -0.9725 0.1283 0.15 -0.993 0.1298 0.1464 -1.0144 0.1312 0.1429 -1.0147 0.133 0.141 -1.0289 0.1439 0.1285 -1.0446 0.1479 0.1228 -1.0576 0.1467 0.1227 -1.0544 0.1386 0.1313
216.0 -1.0541 -0.0336 0.3074 -0.9434 -0.0633 0.3487 -0.9029 0.0021 0.286 -0.9066 0.023 0.2642 -0.9361 0.0361 0.2479 -0.9832 0.0438 0.2354 -0.9663 -0.023 0.3053 -0.973 -0.0098 0.2912 -0.9853 0.0001 0.2798 -1.0031 0.0063 0.2717 -0.9963 -0.012 0.2911
216.0 -1.1225 0.1208 0.1427 -0.978 0.0939 0.1846 -0.9502 0.1264 0.1541 -0.9665 0.1291 0.1498 -0.9853 0.1308 0.1461 -1.0073 0.1309 0.1439 -1.0155 0.1322 0.1417 -1.0271 0.1435 0.129 -1.0403 0.1484 0.1227 -1.0526 0.1486 0.1213 -1.0516 0.1387 0.1315
217.0 -1.1243 0.1206 0.1428 -0.9794 0.0919 0.1865 -0.9497 0.1234 0.1572 -0.9718 0.1241 0.1544 -0.9918 0.1275 0.1489 -1.0125 0.1302 0.1441 -1.012 0.1327 0.1416 -1.0255 0.1443 0.1283 -1.0413 0.1489 0.1221 -1.0553 0.1489 0.1207 -1.0517 0.1391 0.1311
217.0 -1.06 -0.035 0.3083 -0.9476 -0.0644 0.3495 -0.908 0.0008 0.2868 -0.9118 0.0229 0.2638 -0.9396 0.0356 0.248 -0.9877 0.0444 0.2343 -0.9714 -0.0237 0.3055 -0.9773 -0.0104 0.2913 -0.9904 -0.0006 0.28 -1.0081 0.005 0.2725 -1.0014 -0.0129 0.2915
218.0 -1.1259 0.1198 0.1435 -0.9796 0.0931 0.1853 -0.951 0.1257 0.1548 -0.974 0.1214 0.1569 -0.997 0.1225 0.1535 -1.0179 0.1258 0.148 -1.0136 0.1319 0.1422 -1.027 0.1429 0.1296 -1.0429 0.1481 0.1228 -1.056 0.1475 0.122 -1.0531 0.138 0.132
218.0 -1.0653 -0.0351 0.3079 -0.9545 -0.0648 0.3492 -0.9123 0.0002 0.2869 -0.917 0.0222 0.264 -0.9473 0.0346 0.2483 -0.9912 0.0439 0.2344 -0.9773 -0.0251 0.3063 -0.9833 -0.0112 0.2916 -0.9955 -0.0019 0.2808 -1.0133 0.0043 0.2727 -1.0069 -0.0138 0.2919
219.0 -1.0697 -0.0351 0.3074 -0.959 -0.0641 0.3481 -0.9177 0.0013 0.2853 -0.9196 0.0218 0.2641 -0.949 0.0343 0.2484 -0.9957 0.0445 0.2333 -0.9809 -0.0249 0.3058 -0.9868 -0.0111 0.2911 -1.0 -0.0013 0.2797 -1.0178 0.0049 0.2717 -1.011 -0.0135 0.2911
219.0 -1.1213 0.1186 0.1452 -0.9773 0.0904 0.1883 -0.9486 0.1223 0.1585 -0.9688 0.1221 0.1567 -0.9885 0.1243 0.1525 -1.0097 0.1245 0.1502 -1.0127 0.1314 0.1428 -1.0243 0.1427 0.1302 -1.0383 0.1469 0.1245 -1.0504 0.1459 0.1243 -1.0494 0.1371 0.1334
220.0 -1.075 -0.0352 0.307 -0.9635 -0.0635 0.347 -0.922 0.0007 0.2855 -0.9247 0.0211 0.2643 -0.9526 0.0345 0.2479 -0.9989 0.0429 0.2347 -0.9852 -0.0255 0.306 -0.9912 -0.0111 0.2906 -1.0036 -0.0005 0.2786 -1.0214 0.0056 0.2706 -1.0153 -0.0133 0.2906
220.0 -1.1221 0.1185 0.1452 -0.9782 0.0902 0.1883 -0.9494 0.1216 0.1591 -0.9673 0.1235 0.1554 -0.9863 0.1264 0.1505 -1.0057 0.1268 0.1482 -1.0132 0.1295 0.1447 -1.0249 0.1407 0.1321 -1.0389 0.1456 0.1257 -1.0521 0.1456 0.1244 -1.0502 0.136 0.1344
221.0 -1.0759 -0.0347 0.3064 -0.9662 -0.0633 0.3465 -0.9256 0.0008 0.285 -0.9275 0.022 0.2632 -0.9578 0.0344 0.2475 -1.0005 0.042 0.2354 -0.9888 -0.0248 0.3049 -0.9948 -0.0109 0.2901 -1.0071 -0.001 0.2788 -1.025 0.0057 0.2701 -1.0183 -0.0131 0.2901
221.0 -1.12 0.1163 0.1476 -0.9779 0.0885 0.1902 -0.948 0.1188 0.1622 -0.9675 0.1198 0.1592 -0.9874 0.1226 0.1543 -1.0087 0.124 0.1508 -1.0099 0.1306 0.144 -1.0216 0.1424 0.1307 -1.0365 0.1471 0.1244 -1.0505 0.1465 0.1237 -1.0477 0.1366 0.1341
222.0 -1.0787 -0.0339 0.3053 -0.9699 -0.0626 0.3454 -0.9283 0.0011 0.2844 -0.9301 0.0216 0.2633 -0.9588 0.0348 0.2469 -1.0023 0.0424 0.2349 -0.9906 -0.0244 0.3043 -0.9966 -0.0106 0.2896 -1.0089 -0.0006 0.2782 -1.0268 0.0061 0.2695 -1.0203 -0.0127 0.2894
222.0 -1.1199 0.1157 0.1482 -0.9776 0.0867 0.1921 -0.9494 0.1167 0.1641 -0.9691 0.119 0.1599 -0.9864 0.1221 0.1549 -1.0077 0.1229 0.152 -1.0097 0.1294 0.1452 -1.0223 0.1411 0.132 -1.0362 0.1453 0.1263 -1.0493 0.1448 0.1255 -1.0475 0.1353 0.1354
223.0 -1.0787 -0.0339 0.3053 -0.9716 -0.0628 0.3455 -0.9283 0.0011 0.2844 -0.9302 0.0222 0.2627 -0.9596 0.0341 0.2476 -1.0033 0.0429 0.2343 -0.9916 -0.024 0.3038 -0.9975 -0.0101 0.289 -1.0097 -0.0007 0.2782 -1.0276 0.006 0.2696 -1.021 -0.0125 0.2892
223.0 -1.1182 0.1159 0.1482 -0.9766 0.0862 0.1926 -0.9491 0.1149 0.166 -0.9696 0.1164 0.1624 -0.9861 0.1203 0.1568 -1.0066 0.1218 0.1532 -1.007 0.1291 0.1457 -1.0189 0.1416 0.1318 -1.0338 0.1463 0.1255 -1.0469 0.1457 0.1248 -1.0449 0.1357 0.1352
224.0 -1.0795 -0.0346 0.3059 -0.9708 -0.0621 0.3448 -0.9291 0.001 0.2845 -0.9319 0.022 0.2627 -0.9614 0.0345 0.247 -1.0033 0.0429 0.2343 -0.9925 -0.0241 0.3038 -0.9984 -0.0102 0.289 -1.0106 -0.0009 0.2783 -1.0276 0.006 0.2696 -1.0217 -0.0127 0.2893
224.0 -1.1198 0.1151 0.1489 -0.9757 0.0863 0.1926 -0.9464 0.1147 0.1665 -0.9652 0.1164 0.1628 -0.9834 0.1201 0.1573 -1.0031 0.1217 0.1537 -1.0077 0.1284 0.1464 -1.0195 0.1403 0.1331 -1.0335 0.1451 0.1268 -1.0466 0.1445 0.126 -1.0454 0.1347 0.1362
225.0 -1.0804 -0.0341 0.3053 -0.9726 -0.0623 0.3449 -0.93 0.0009 0.2845 -0.9319 0.022 0.2627 -0.9622 0.0344 0.247 -1.0032 0.0423 0.2349 -0.9933 -0.0242 0.3038 -0.9992 -0.0109 0.2897 -1.0115 -0.001 0.2783 -1.0284 0.0053 0.2702 -1.0226 -0.013 0.2895
225.0 -1.1215 0.1149 0.1489 -0.9771 0.0843 0.1945 -0.9467 0.1165 0.1646 -0.966 0.1163 0.1629 -0.9851 0.1198 0.1574 -1.0048 0.1215 0.1538 -1.0101 0.1269 0.1477 -1.021 0.1388 0.1344 -1.0352 0.1442 0.1275 -1.0483 0.1437 0.1267 -1.0472 0.1337 0.137
226.0 -1.0804 -0.0341 0.3053 -0.9734 -0.0624 0.3449 -0.9301 0.0015 0.2839 -0.9319 0.022 0.2627 -0.9605 0.0346 0.247 -1.0032 0.0423 0.2349 -0.9933 -0.0242 0.3038 -0.9993 -0.0103 0.2891 -1.0106 -0.0009 0.2783 -1.0285 0.0059 0.2696 -1.0224 -0.0127 0.2892
226.0 -1.1232 0.1146 0.149 -0.9769 0.0831 0.1958 -0.9485 0.1168 0.1641 -0.9687 0.1166 0.1624 -0.9877 0.1195 0.1575 -1.0065 0.1212 0.1538 -1.0108 0.1255 0.149 -1.0233 0.1367 0.1364 -1.0372 0.1409 0.1307 -1.0503 0.1404 0.1299 -1.049 0.1316 0.139
227.0 -1.0805 -0.0335 0.3047 -0.9726 -0.0623 0.3449 -0.929 0.0004 0.2851 -0.9302 0.0222 0.2627 -0.9596 0.0341 0.2476 -1.0025 0.043 0.2342 -0.9933 -0.0242 0.3038 -0.9984 -0.0102 0.289 -1.0106 -0.0009 0.2783 -1.0276 0.006 0.2696 -1.0221 -0.0126 0.2891
227.0 -1.123 0.1135 0.1502 -0.9758 0.0814 0.1976 -0.9462 0.1184 0.1627 -0.969 0.1184 0.1605 -0.9877 0.1195 0.1575 -1.009 0.1203 0.1545 -1.0129 0.1228 0.1516 -1.0262 0.1332 0.1396 -1.04 0.1369 0.1345 -1.0522 0.1358 0.1344 -1.0509 0.1284 0.1421
228.0 -1.1238 0.1127 0.1509 -0.9791 0.0804 0.1984 -0.9461 0.1178 0.1634 -0.9681 0.1179 0.1611 -0.9875 0.1183 0.1587 -1.007 0.1193 0.1557 -1.0103 0.1232 0.1515 -1.0234 0.1324 0.1407 -1.0381 0.1359 0.1357 -1.0501 0.1343 0.1362 -1.0491 0.1277 0.143
228.0 -1.0804 -0.0341 0.3053 -0.9727 -0.0617 0.3442 -0.9281 0.0005 0.2851 -0.9302 0.0222 0.2627 -0.9597 0.0347 0.2469 -1.0023 0.0424 0.2349 -0.9933 -0.0242 0.3038 -0.9983 -0.0108 0.2897 -1.0106 -0.0009 0.2783 -1.0275 0.0054 0.2702 -1.022 -0.0129 0.2895
229.0 -1.1229 0.1129 0.1508 -0.9832 0.0835 0.1948 -0.945 0.1216 0.1596 -0.9645 0.1226 0.1566 -0.9848 0.1229 0.1542 -1.0058 0.1225 0.1526 -1.0092 0.1215 0.1533 -1.0223 0.1313 0.142 -1.037 0.1348 0.1369 -1.0492 0.1338 0.1367 -1.0481 0.1269 0.144
229.0 -1.0804 -0.0341 0.3053 -0.9727 -0.0617 0.3442 -0.9283 0.0011 0.2844 -0.9293 0.0223 0.2626 -0.9588 0.0348 0.2469 -1.0015 0.0425 0.2348 -0.9925 -0.0241 0.3038 -0.9983 -0.0108 0.2897 -1.0106 -0.0009 0.2783 -1.0275 0.0054 0.2702 -1.0219 -0.0129 0.2894
230.0 -1.1245 0.112 0.1515 -0.9884 0.0834 0.1943 -0.9461 0.1233 0.1577 -0.9682 0.1234 0.1555 -0.9881 0.1219 0.155 -1.0107 0.1201 0.1546 -1.0118 0.1211 0.1534 -1.0249 0.131 0.1421 -1.0386 0.134 0.1376 -1.0506 0.1318 0.1387 -1.0501 0.126 0.1447
230.0 -1.0813 -0.0342 0.3054 -0.9718 -0.0616 0.3442 -0.9273 0.0006 0.285 -0.9275 0.022 0.2632 -0.9562 0.0352 0.2468 -1.0007 0.0432 0.2342 -0.9925 -0.0241 0.3038 -0.9974 -0.0107 0.2896 -1.0096 -0.0013 0.2789 -1.0275 0.0054 0.2702 -1.0217 -0.013 0.2896
231.0 -1.1264 0.113 0.1504 -0.9891 0.0821 0.1956 -0.9458 0.1264 0.1546 -0.9686 0.1257 0.153 -0.9932 0.1206 0.1558 -1.0157 0.1188 0.1554 -1.0118 0.1211 0.1534 -1.0264 0.1295 0.1434 -1.0418 0.1317 0.1396 -1.0544 0.1288 0.1413 -1.0522 0.1248 0.1456
231.0 -1.0805 -0.0335 0.3047 -0.9707 -0.0627 0.3454 -0.9263 0.0001 0.2856 -0.9264 0.0209 0.2644 -0.9517 0.0346 0.2479 -0.9981 0.043 0.2347 -0.9914 -0.0251 0.305 -0.9964 -0.0118 0.2908 -1.0078 -0.0017 0.2794 -1.0257 0.005 0.2707 -1.0204 -0.0134 0.2901
232.0 -1.1231 0.114 0.1496 -0.9879 0.0804 0.1974 -0.9449 0.1314 0.1496 -0.9695 0.1311 0.1474 -0.9984 0.1205 0.1554 -1.0224 0.1166 0.1569 -1.0109 0.1213 0.1534 -1.0273 0.1294 0.1434 -1.0426 0.1316 0.1396 -1.056 0.1274 0.1426 -1.052 0.1248 0.1457
232.0 -1.0795 -0.0346 0.3059 -0.9675 -0.061 0.344 -0.9236 -0.0001 0.2861 -0.9238 0.0206 0.2649 -0.9462 0.0335 0.2495 -0.9934 0.0418 0.2364 -0.9896 -0.0255 0.3056 -0.9945 -0.0121 0.2914 -1.0068 -0.0022 0.28 -1.0247 0.0046 0.2713 -1.019 -0.014 0.2908
233.0 -1.1223 0.1142 0.1496 -0.9867 0.0787 0.1993 -0.9447 0.1351 0.1458 -0.9761 0.1284 0.1495 -0.9993 0.1204 0.1554 -1.0244 0.1182 0.1551 -1.0081 0.1253 0.1495 -1.0252 0.1328 0.1402 -1.0421 0.1335 0.1377 -1.0571 0.1291 0.1408 -1.051 0.127 0.1436
233.0 -1.0801 -0.0359 0.3072 -0.9657 -0.0614 0.3446 -0.9219 0.0001 0.2861 -0.9228 0.0202 0.2655 -0.9444 0.0331 0.2501 -0.9916 0.0414 0.2369 -0.9895 -0.0261 0.3062 -0.9944 -0.0127 0.292 -1.0058 -0.0033 0.2812 -1.0228 0.0036 0.2725 -1.0185 -0.0149 0.2918
234.0 -1.0784 -0.0357 0.3071 -0.9626 -0.0591 0.3426 -0.9202 0.0003 0.286 -0.9194 0.0206 0.2654 -0.94 0.0331 0.2506 -0.9889 0.0412 0.2375 -0.9876 -0.0265 0.3067 -0.9926 -0.0131 0.2926 -1.004 -0.0036 0.2818 -1.0211 0.0038 0.2724 -1.0167 -0.015 0.2921
234.0 -1.1194 0.1182 0.1457 -0.975 0.0772 0.2019 -0.9379 0.1415 0.1399 -0.9678 0.1362 0.1423 -0.9921 0.1293 0.147 -1.0156 0.128 0.1461 -1.0046 0.1355 0.1394 -1.0222 0.1405 0.1326 -1.0399 0.1412 0.1301 -1.054 0.1362 0.1338 -1.048 0.1343 0.1363
235.0 -1.0785 -0.0351 0.3065 -0.9618 -0.0584 0.3419 -0.9203 0.0009 0.2854 -0.9193 0.02 0.266 -0.94 0.0331 0.2506 -0.9879 0.0401 0.2387 -0.9877 -0.0259 0.3061 -0.9926 -0.0131 0.2926 -1.0041 -0.003 0.2811 -1.0211 0.0038 0.2724 -1.0168 -0.0147 0.2917
235.0 -1.1189 0.1201 0.1438 -0.9685 0.08 0.1998 -0.9395 0.1456 0.1356 -0.9656 0.1439 0.1348 -0.9906 0.1362 0.1401 -1.0152 0.1359 0.1379 -1.0029 0.1407 0.1343 -1.0221 0.1448 0.1282 -1.0405 0.1447 0.1264 -1.0554 0.1391 0.1307 -1.0479 0.1379 0.1327
236.0 -1.0796 -0.034 0.3053 -0.9625 -0.0542 0.3376 -0.9215 0.0026 0.2836 -0.9221 0.0215 0.2642 -0.9427 0.0333 0.25 -0.9872 0.0414 0.2374 -0.9899 -0.0237 0.3037 -0.9948 -0.0109 0.2901 -1.0061 -0.0015 0.2793 -1.0231 0.0054 0.2706 -1.0187 -0.013 0.2898
236.0 -1.1167 0.1229 0.1412 -0.9665 0.0839 0.196 -0.9398 0.1473 0.1338 -0.9703 0.1457 0.1324 -0.9947 0.1393 0.1365 -1.0151 0.1402 0.1336 -1.0026 0.1444 0.1306 -1.0213 0.1504 0.1226 -1.0398 0.1509 0.1201 -1.0533 0.1473 0.1225 -1.0468 0.1432 0.1274
237.0 -1.0848 -0.0243 0.2949 -0.9701 -0.0314 0.3135 -0.9429 0.0193 0.2644 -0.9502 0.036 0.2466 -0.9656 0.0437 0.2372 -1.0034 0.0484 0.2287 -1.0022 -0.0089 0.2873 -1.0104 0.0028 0.2745 -1.0241 0.0108 0.265 -1.041 0.017 0.257 -1.0325 -0.0005 0.2757
237.0 -1.1236 0.1219 0.1415 -0.9685 0.08 0.1998 -0.9509 0.1452 0.1348 -0.9809 0.1406 0.1366 -1.0015 0.1378 0.1374 -1.0246 0.139 0.1339 -1.0092 0.1465 0.1277 -1.028 0.1538 0.1184 -1.0477 0.1554 0.1148 -1.0628 0.1515 0.1173 -1.0543 0.1458 0.124
238.0 -1.0942 -0.0207 0.2902 -0.977 -0.022 0.3032 -0.9551 0.0286 0.2536 -0.9606 0.045 0.2364 -0.9775 0.0512 0.2283 -1.0086 0.0532 0.2232 -1.0036 -0.0005 0.2786 -1.0134 0.0104 0.2665 -1.028 0.0182 0.2571 -1.0474 0.0235 0.2497 -1.0373 0.0062 0.2684
238.0 -1.1266 0.124 0.1391 -0.9693 0.0798 0.1999 -0.9405 0.146 0.135 -0.9766 0.1412 0.1364 -1.0022 0.1371 0.1381 -1.0269 0.1374 0.1353 -1.0066 0.1469 0.1276 -1.0272 0.1539 0.1184 -1.0476 0.1548 0.1155 -1.0626 0.1503 0.1185 -1.0541 0.146 0.1238
239.0 -1.0954 -0.0141 0.2834 -0.9798 -0.0108 0.2914 -0.9672 0.0374 0.2435 -0.9769 0.0526 0.227 -0.9942 0.0563 0.2214 -1.0176 0.0544 0.2211 -1.0096 0.0084 0.2689 -1.0211 0.0191 0.2568 -1.0372 0.0255 0.2487 -1.0564 0.0296 0.2426 -1.0439 0.0137 0.2601
239.0 -1.1246 0.1224 0.1409 -0.9722 0.0813 0.1981 -0.946 0.1477 0.1328 -0.9756 0.1456 0.132 -1.002 0.1408 0.1343 -1.0249 0.1407 0.1321 -1.0097 0.1446 0.1296 -1.0269 0.1521 0.1203 -1.0457 0.1544 0.116 -1.06 0.1507 0.1184 -1.0534 0.1448 0.125
240.0 -1.1051 -0.0038 0.2719 -0.9888 0.0051 0.2743 -0.9783 0.0408 0.2389 -0.9881 0.0462 0.2324 -1.0106 0.0443 0.2321 -1.0385 0.043 0.2306 -1.0186 0.0249 0.2511 -1.0343 0.0338 0.2405 -1.0544 0.0384 0.2338 -1.0768 0.0403 0.2296 -1.0578 0.0267 0.2454
240.0 -1.1305 0.121 0.1418 -0.968 0.0825 0.1973 -0.9458 0.1465 0.134 -0.9782 0.1403 0.1371 -1.0035 0.1345 0.1406 -1.0273 0.1343 0.1384 -1.0118 0.1413 0.1328 -1.0303 0.1467 0.1254 -1.0497 0.1472 0.123 -1.0653 0.1408 0.128 -1.0575 0.1394 0.1302
241.0 -1.1297 0.1162 0.1467 -0.969 0.0878 0.1917 -0.9461 0.1483 0.1321 -0.9757 0.1413 0.1364 -1.0 0.1343 0.1411 -1.0253 0.1334 0.1396 -1.0133 0.1399 0.1341 -1.0315 0.1435 0.1286 -1.0489 0.1424 0.128 -1.0637 0.1367 0.1323 -1.0574 0.1357 0.1339
241.0 -1.1188 0.0193 0.2469 -1.0196 0.0505 0.2249 -1.0011 0.0603 0.2167 -1.0385 0.0479 0.2256 -1.0615 0.0387 0.2328 -1.0223 0.0305 0.245 -1.0312 0.0464 0.2279 -1.0302 0.0356 0.2391 -1.0325 0.0237 0.251 -1.038 0.0101 0.2643 -1.0501 0.027 0.2458
242.0 -1.1284 0.1139 0.1492 -0.977 0.0935 0.1852 -0.9553 0.1453 0.1344 -0.9852 0.1351 0.1418 -1.0079 0.129 0.1458 -1.0279 0.1281 0.1447 -1.0151 0.1353 0.1386 -1.0317 0.1398 0.1323 -1.0493 0.1399 0.1305 -1.0644 0.1354 0.1336 -1.0578 0.1329 0.1368
242.0 -1.4798 -0.1845 0.4195 -1.555 -0.2173 0.4455 -1.5529 -0.1895 0.4173 -1.5556 -0.1789 0.4062 -1.5553 -0.1654 0.3924 -1.5729 -0.1403 0.365 -1.563 -0.1866 0.4133 -1.5603 -0.1771 0.4039 -1.5538 -0.1689 0.3961 -1.5463 -0.1617 0.3896 -1.5407 -0.1758 0.4045
243.0 -1.1273 0.1129 0.1504 -0.9833 0.0944 0.1835 -0.9632 0.1405 0.1384 -0.9907 0.1313 0.1451 -1.0107 0.125 0.1496 -1.0292 0.1255 0.1472 -1.0179 0.1313 0.1424 -1.0346 0.1358 0.1362 -1.0504 0.1361 0.1343 -1.0647 0.1323 0.1367 -1.059 0.1297 0.14
243.0 -1.4798 -0.1845 0.4195 -1.555 -0.2173 0.4455 -1.5506 -0.1874 0.4154 -1.5541 -0.1775 0.4049 -1.5536 -0.1652 0.3924 -1.5728 -0.1409 0.3656 -1.5639 -0.1867 0.4134 -1.5612 -0.1772 0.4039 -1.5546 -0.1696 0.3968 -1.5472 -0.1619 0.3896 -1.5413 -0.176 0.4046
244.0 -1.1287 0.1109 0.1523 -0.9895 0.0948 0.1825 -0.9653 0.1372 0.1416 -0.9913 0.13 0.1464 -1.011 0.1219 0.1528 -1.0276 0.1214 0.1515 -1.0218 0.1283 0.1451 -1.0382 0.1316 0.1401 -1.0529 0.1302 0.14 -1.0662 0.1254 0.1437 -1.0616 0.1253 0.1442
244.0 -1.4811 -0.1872 0.422 -1.5569 -0.2169 0.4449 -1.5628 -0.1829 0.4096 -1.5679 -0.1738 0.3998 -1.5717 -0.1621 0.3874 -1.582 -0.1385 0.3622 -1.5643 -0.1892 0.4159 -1.5624 -0.1804 0.4071 -1.5569 -0.1717 0.3987 -1.5494 -0.164 0.3916 -1.5428 -0.1785 0.4071
245.0 -1.131 0.1087 0.1543 -0.993 0.0944 0.1827 -0.9707 0.1328 0.1456 -0.9954 0.1233 0.1528 -1.0159 0.1145 0.1598 -1.0336 0.1151 0.1574 -1.0224 0.1264 0.1469 -1.0394 0.1284 0.1432 -1.0549 0.1263 0.1438 -1.0681 0.1215 0.1475 -1.0631 0.1223 0.1472
245.0 -1.4811 -0.1872 0.422 -1.556 -0.2168 0.4449 -1.554 -0.1878 0.4155 -1.5607 -0.1802 0.407 -1.56 -0.1691 0.3957 -1.5818 -0.1397 0.3635 -1.5635 -0.1891 0.4159 -1.5614 -0.1809 0.4077 -1.5558 -0.1728 0.3999 -1.5476 -0.1644 0.3921 -1.5419 -0.1789 0.4075
246.0 -1.1309 0.1081 0.1549 -1.0005 0.0921 0.1842 -0.9733 0.1324 0.1457 -0.9996 0.1222 0.1536 -1.0207 0.112 0.1619 -1.0373 0.1116 0.1606 -1.0253 0.123 0.1502 -1.0407 0.1258 0.1458 -1.0564 0.1249 0.1451 -1.0688 0.1202 0.1487 -1.0644 0.1204 0.149
246.0 -1.484 -0.1857 0.4203 -1.5565 -0.2187 0.4468 -1.5539 -0.1939 0.4217 -1.5601 -0.1832 0.4101 -1.5607 -0.1698 0.3964 -1.5786 -0.1429 0.3671 -1.5647 -0.1874 0.414 -1.5617 -0.1791 0.4058 -1.5561 -0.171 0.3981 -1.5478 -0.1632 0.3909 -1.5429 -0.1773 0.4058
