1.0 -1.3443 0.0408 0.2025 -1.2718 0.0237 0.2272 -1.2342 0.0404 0.2139 -1.2369 0.0553 0.1984 -1.2462 0.0632 0.1893 -1.2594 0.0688 0.1824 -1.2841 0.0239 0.2258 -1.284 0.0331 0.2164 -1.2874 0.0424 0.2066 -1.2942 0.0513 0.1968 -1.2988 0.0383 0.2096
2.0 -1.346 0.0406 0.2026 -1.2744 0.0234 0.2273 -1.2343 0.041 0.2132 -1.2378 0.0558 0.1978 -1.2469 0.0625 0.19 -1.2594 0.0688 0.1824 -1.2843 0.0251 0.2245 -1.2842 0.0343 0.2152 -1.2876 0.0436 0.2053 -1.2953 0.0523 0.1956 -1.2995 0.0392 0.2086
3.0 -1.346 0.0406 0.2026 -1.275 0.0221 0.2286 -1.2351 0.0403 0.2139 -1.2377 0.0552 0.1984 -1.247 0.0631 0.1894 -1.2594 0.0688 0.1824 -1.2843 0.0251 0.2245 -1.2842 0.0343 0.2152 -1.2884 0.0435 0.2053 -1.2953 0.0523 0.1956 -1.2996 0.0392 0.2087
4.0 -1.3469 0.0405 0.2026 -1.2777 0.0223 0.228 -1.2352 0.0409 0.2133 -1.2377 0.0552 0.1984 -1.247 0.0631 0.1894 -1.2596 0.0694 0.1817 -1.2861 0.0249 0.2246 -1.2859 0.034 0.2152 -1.2901 0.0426 0.206 -1.296 0.0516 0.1963 -1.301 0.0387 0.209
5.0 -1.3476 0.0398 0.2033 -1.277 0.0236 0.2268 -1.2353 0.0415 0.2127 -1.2388 0.0563 0.1972 -1.2481 0.0642 0.1882 -1.2613 0.0691 0.1818 -1.2862 0.0255 0.224 -1.286 0.0346 0.2146 -1.2903 0.0438 0.2048 -1.2962 0.0528 0.195 -1.3013 0.0393 0.2083
6.0 -1.3487 0.0408 0.2021 -1.2769 0.023 0.2274 -1.236 0.0402 0.2139 -1.2379 0.0564 0.1971 -1.2481 0.0642 0.1882 -1.2613 0.0691 0.1818 -1.287 0.0253 0.224 -1.2869 0.0345 0.2147 -1.2911 0.0437 0.2048 -1.298 0.0526 0.1951 -1.3023 0.0394 0.2081
7.0 -1.3494 0.0401 0.2027 -1.2772 0.0242 0.2261 -1.2361 0.0408 0.2133 -1.2387 0.0557 0.1978 -1.248 0.0636 0.1888 -1.2613 0.0691 0.1818 -1.2863 0.0261 0.2234 -1.287 0.0351 0.214 -1.2911 0.0437 0.2048 -1.298 0.0526 0.1951 -1.3024 0.0395 0.208
8.0 -1.3487 0.0408 0.2021 -1.2756 0.0257 0.2248 -1.2363 0.042 0.2121 -1.2396 0.0562 0.1972 -1.2489 0.0641 0.1882 -1.2621 0.069 0.1818 -1.2862 0.0255 0.224 -1.2878 0.035 0.2141 -1.2912 0.0443 0.2042 -1.2989 0.0531 0.1945 -1.3026 0.0397 0.2078
9.0 -1.3495 0.0407 0.2021 -1.2774 0.0254 0.2249 -1.2364 0.0426 0.2114 -1.2406 0.0567 0.1966 -1.2489 0.0641 0.1882 -1.2622 0.0696 0.1812 -1.2871 0.0259 0.2234 -1.2879 0.0356 0.2134 -1.2922 0.0448 0.2036 -1.299 0.0537 0.1939 -1.3032 0.0401 0.2073
10.0 -1.3487 0.0408 0.2021 -1.2798 0.0245 0.2256 -1.238 0.0417 0.2121 -1.2406 0.0567 0.1966 -1.2491 0.0647 0.1876 -1.2622 0.0696 0.1812 -1.288 0.0258 0.2234 -1.2878 0.035 0.2141 -1.2921 0.0442 0.2042 -1.2999 0.0535 0.1939 -1.3033 0.0399 0.2075
11.0 -1.3504 0.0406 0.2021 -1.2774 0.0254 0.2249 -1.2371 0.0419 0.2121 -1.2396 0.0562 0.1972 -1.2481 0.0642 0.1882 -1.263 0.0689 0.1819 -1.288 0.0258 0.2234 -1.2878 0.035 0.2141 -1.2928 0.0435 0.2049 -1.3006 0.0528 0.1946 -1.3039 0.0396 0.2078
12.0 -1.3505 0.0412 0.2015 -1.2781 0.0247 0.2256 -1.2362 0.0414 0.2127 -1.2379 0.0564 0.1971 -1.2463 0.0638 0.1887 -1.2621 0.069 0.1818 -1.2888 0.0257 0.2235 -1.2887 0.0349 0.2141 -1.2928 0.0435 0.2049 -1.3006 0.0528 0.1946 -1.3043 0.0396 0.2077
13.0 -1.3531 0.0409 0.2016 -1.2806 0.0238 0.2263 -1.2359 0.0396 0.2146 -1.2366 0.0541 0.1996 -1.2443 0.0629 0.1899 -1.2611 0.0679 0.1831 -1.2897 0.0256 0.2235 -1.2896 0.0348 0.2141 -1.2938 0.044 0.2043 -1.3015 0.0527 0.1946 -1.3055 0.0396 0.2076
14.0 -1.353 0.0403 0.2022 -1.2806 0.0238 0.2263 -1.2341 0.0398 0.2145 -1.2341 0.0545 0.1995 -1.2426 0.0631 0.1898 -1.2611 0.0679 0.1831 -1.2897 0.0256 0.2235 -1.2896 0.0348 0.2141 -1.2938 0.044 0.2043 -1.3015 0.0527 0.1946 -1.3055 0.0395 0.2078
15.0 -1.353 0.0403 0.2022 -1.2823 0.0235 0.2263 -1.234 0.0392 0.2151 -1.234 0.0539 0.2001 -1.2425 0.0625 0.1905 -1.2592 0.0676 0.1836 -1.2896 0.025 0.2241 -1.2896 0.0348 0.2141 -1.2938 0.044 0.2043 -1.3015 0.0527 0.1946 -1.3055 0.0393 0.2079
16.0 -1.3529 0.0397 0.2028 -1.284 0.0233 0.2264 -1.234 0.0392 0.2151 -1.233 0.0534 0.2007 -1.2424 0.0619 0.1911 -1.26 0.0669 0.1843 -1.2897 0.0256 0.2235 -1.2905 0.0353 0.2135 -1.2947 0.0439 0.2043 -1.3025 0.0532 0.194 -1.306 0.0395 0.2077
17.0 -1.3547 0.04 0.2023 -1.284 0.0233 0.2264 -1.2322 0.0389 0.2157 -1.2313 0.0536 0.2006 -1.2407 0.0621 0.191 -1.2601 0.0675 0.1836 -1.2906 0.0255 0.2235 -1.2905 0.0353 0.2135 -1.2947 0.0439 0.2043 -1.3024 0.0526 0.1946 -1.3066 0.0394 0.2077
18.0 -1.3573 0.0397 0.2024 -1.288 0.0258 0.2234 -1.2298 0.0404 0.2143 -1.2298 0.0551 0.1993 -1.24 0.0634 0.1897 -1.2614 0.0697 0.1812 -1.2917 0.0272 0.2217 -1.2918 0.0375 0.2111 -1.2961 0.0467 0.2013 -1.3046 0.0553 0.1916 -1.3083 0.0413 0.2056
19.0 -1.3574 0.0403 0.2018 -1.2872 0.0265 0.2228 -1.2307 0.0403 0.2144 -1.2298 0.0551 0.1993 -1.2401 0.064 0.1891 -1.2623 0.0702 0.1806 -1.2917 0.0272 0.2217 -1.2918 0.0375 0.2111 -1.2969 0.0466 0.2013 -1.3055 0.0552 0.1916 -1.3087 0.0414 0.2055
20.0 -1.3581 0.0396 0.2024 -1.2865 0.0273 0.2221 -1.2298 0.0404 0.2143 -1.2297 0.0545 0.1999 -1.241 0.0639 0.1891 -1.2623 0.0702 0.1806 -1.2918 0.0277 0.2211 -1.2919 0.0381 0.2105 -1.297 0.0472 0.2007 -1.3047 0.0559 0.191 -1.3087 0.0417 0.2051
21.0 -1.3599 0.0393 0.2025 -1.2881 0.0264 0.2228 -1.2307 0.0403 0.2144 -1.2297 0.0545 0.1999 -1.2417 0.0626 0.1904 -1.2622 0.0696 0.1812 -1.2927 0.0276 0.2211 -1.2935 0.0373 0.2112 -1.2978 0.0465 0.2013 -1.3063 0.0551 0.1917 -1.31 0.0412 0.2056
22.0 -1.359 0.0395 0.2025 -1.2871 0.0259 0.2234 -1.2315 0.0396 0.215 -1.2296 0.0539 0.2006 -1.2399 0.0629 0.1904 -1.2622 0.0696 0.1812 -1.2926 0.027 0.2217 -1.2926 0.0368 0.2118 -1.2977 0.0459 0.202 -1.3062 0.0545 0.1923 -1.3096 0.0407 0.206
23.0 -1.3599 0.0393 0.2025 -1.288 0.0258 0.2234 -1.2314 0.039 0.2156 -1.2286 0.0534 0.2012 -1.2399 0.0629 0.1904 -1.2613 0.0691 0.1818 -1.2935 0.0269 0.2218 -1.2934 0.0367 0.2118 -1.2977 0.0459 0.202 -1.3054 0.0546 0.1923 -1.3099 0.0407 0.2061
24.0 -1.3599 0.0393 0.2025 -1.287 0.0253 0.224 -1.2312 0.0384 0.2162 -1.2302 0.0526 0.2018 -1.2416 0.062 0.191 -1.262 0.0684 0.1825 -1.2925 0.0264 0.2224 -1.2924 0.0362 0.2124 -1.2976 0.0453 0.2026 -1.3061 0.0539 0.1929 -1.3097 0.0402 0.2065
25.0 -1.3589 0.0389 0.2031 -1.2863 0.0261 0.2234 -1.2312 0.0384 0.2162 -1.2303 0.0532 0.2012 -1.2417 0.0626 0.1904 -1.262 0.0684 0.1825 -1.2925 0.0264 0.2224 -1.2933 0.0361 0.2124 -1.2976 0.0453 0.2026 -1.3054 0.0546 0.1923 -1.3095 0.0403 0.2065
26.0 -1.359 0.0395 0.2025 -1.2863 0.0261 0.2234 -1.2304 0.0385 0.2162 -1.2304 0.0538 0.2006 -1.2408 0.0627 0.1904 -1.2621 0.069 0.1818 -1.2925 0.0264 0.2224 -1.2926 0.0368 0.2118 -1.2968 0.046 0.2019 -1.3055 0.0552 0.1916 -1.3093 0.0408 0.206
27.0 -1.359 0.0395 0.2025 -1.2844 0.0257 0.2239 -1.2304 0.0385 0.2162 -1.2303 0.0532 0.2012 -1.2417 0.0626 0.1904 -1.2612 0.0685 0.1824 -1.2915 0.026 0.223 -1.2924 0.0362 0.2124 -1.2968 0.046 0.2019 -1.3045 0.0547 0.1922 -1.3089 0.0405 0.2064
28.0 -1.3546 0.0394 0.2029 -1.2844 0.0257 0.2239 -1.232 0.0377 0.2169 -1.2319 0.0523 0.2019 -1.2426 0.0631 0.1898 -1.2603 0.0687 0.1824 -1.2913 0.0248 0.2242 -1.2923 0.0356 0.213 -1.2966 0.0448 0.2032 -1.3035 0.0543 0.1928 -1.3077 0.0398 0.2072
29.0 -1.3357 0.042 0.2022 -1.2713 0.0262 0.2247 -1.2266 0.0372 0.2179 -1.2287 0.0491 0.2055 -1.2384 0.0594 0.194 -1.2519 0.0661 0.1858 -1.282 0.0217 0.2282 -1.281 0.031 0.2188 -1.2844 0.0404 0.2089 -1.2906 0.0505 0.1979 -1.2947 0.0371 0.2112
30.0 -1.3357 0.042 0.2022 -1.2695 0.0259 0.2252 -1.2238 0.0363 0.2191 -1.2263 0.05 0.2048 -1.234 0.0594 0.1945 -1.2492 0.0653 0.187 -1.2786 0.0222 0.2281 -1.2768 0.0322 0.218 -1.2802 0.0415 0.2082 -1.2872 0.0516 0.1972 -1.2917 0.0379 0.2107
31.0 -1.332 0.0413 0.2033 -1.2633 0.0255 0.2262 -1.2182 0.034 0.222 -1.2191 0.0492 0.2064 -1.2295 0.0588 0.1956 -1.2455 0.0645 0.1881 -1.2747 0.0203 0.2304 -1.2729 0.0303 0.2204 -1.2765 0.0408 0.2093 -1.2836 0.0509 0.1983 -1.288 0.0367 0.2123
32.0 -1.3296 0.0422 0.2026 -1.2588 0.0249 0.2273 -1.2146 0.0339 0.2225 -1.2145 0.048 0.2081 -1.223 0.0566 0.1984 -1.2393 0.0642 0.1891 -1.2705 0.0215 0.2296 -1.2678 0.031 0.2202 -1.2703 0.0404 0.2103 -1.2774 0.0505 0.1993 -1.2831 0.0371 0.2124
33.0 -1.3188 0.0412 0.2047 -1.2485 0.0263 0.2269 -1.2084 0.0335 0.2235 -1.2089 0.0463 0.2104 -1.2185 0.056 0.1995 -1.233 0.0632 0.1907 -1.2658 0.0197 0.2319 -1.2639 0.0291 0.2225 -1.2666 0.0391 0.212 -1.2727 0.0493 0.201 -1.2776 0.0357 0.2144
34.0 -1.3144 0.0412 0.2051 -1.2431 0.0258 0.2279 -1.204 0.0335 0.2239 -1.2034 0.0452 0.212 -1.2138 0.0542 0.2018 -1.2282 0.0614 0.193 -1.2588 0.02 0.2323 -1.2578 0.0293 0.2229 -1.2612 0.0386 0.213 -1.2673 0.0482 0.2027 -1.2719 0.0354 0.2152
35.0 -1.3153 0.0411 0.2051 -1.2419 0.0241 0.2298 -1.1993 0.0317 0.2262 -1.1979 0.0441 0.2137 -1.2065 0.0527 0.204 -1.2214 0.0623 0.1928 -1.256 0.0191 0.2334 -1.2542 0.0286 0.224 -1.2567 0.038 0.2141 -1.2629 0.0482 0.2031 -1.269 0.035 0.216
36.0 -1.3046 0.0401 0.2072 -1.2349 0.0238 0.2307 -1.1931 0.0313 0.2273 -1.1915 0.0425 0.216 -1.2012 0.0528 0.2045 -1.2169 0.0617 0.1938 -1.2498 0.0188 0.2345 -1.2479 0.0282 0.225 -1.2496 0.0377 0.2151 -1.2558 0.0479 0.2041 -1.2615 0.0345 0.2172
37.0 -1.3 0.0389 0.2089 -1.2233 0.0284 0.2272 -1.1861 0.0316 0.2276 -1.1857 0.0445 0.2145 -1.1952 0.0536 0.2042 -1.2106 0.0613 0.1948 -1.2461 0.0174 0.2362 -1.245 0.0267 0.2268 -1.2477 0.0368 0.2163 -1.2539 0.0469 0.2053 -1.2585 0.0333 0.2187
38.0 -1.2956 0.0389 0.2094 -1.2198 0.0283 0.2277 -1.179 0.0314 0.2286 -1.1787 0.0449 0.2148 -1.1892 0.0544 0.204 -1.2055 0.062 0.1946 -1.2374 0.018 0.2365 -1.2373 0.0278 0.2265 -1.2407 0.0371 0.2166 -1.2486 0.047 0.2057 -1.2519 0.0338 0.2189
39.0 -1.29 0.0372 0.2117 -1.2082 0.0323 0.2247 -1.1721 0.0323 0.2283 -1.1726 0.0451 0.2152 -1.1822 0.0548 0.2044 -1.2011 0.062 0.1951 -1.2327 0.0168 0.2382 -1.2336 0.0265 0.2282 -1.2371 0.0364 0.2177 -1.2441 0.0464 0.2068 -1.2475 0.0326 0.2205
40.0 -1.2874 0.0375 0.2116 -1.2052 0.0303 0.2271 -1.1659 0.0319 0.2293 -1.1655 0.0448 0.2162 -1.1743 0.0546 0.2053 -1.1939 0.0611 0.1967 -1.2293 0.0173 0.238 -1.2292 0.0264 0.2287 -1.2327 0.0364 0.2182 -1.2398 0.047 0.2066 -1.2437 0.0329 0.2206
41.0 -1.2761 0.0384 0.2117 -1.1973 0.0301 0.228 -1.16 0.0333 0.2285 -1.1597 0.0468 0.2147 -1.1691 0.0553 0.2051 -1.1889 0.063 0.1952 -1.2199 0.0185 0.2377 -1.2189 0.0284 0.2276 -1.2232 0.0376 0.2178 -1.2302 0.0477 0.2068 -1.2337 0.0341 0.2203
42.0 -1.2727 0.0389 0.2116 -1.1904 0.0311 0.2278 -1.1523 0.0344 0.2282 -1.1527 0.0471 0.2151 -1.1612 0.0552 0.206 -1.182 0.0633 0.1956 -1.2138 0.0193 0.2374 -1.2137 0.0285 0.2281 -1.218 0.0383 0.2176 -1.2258 0.0477 0.2073 -1.2288 0.0345 0.2204
43.0 -1.2681 0.0377 0.2133 -1.183 0.0339 0.2256 -1.1444 0.0348 0.2285 -1.145 0.0482 0.2148 -1.1554 0.0572 0.2046 -1.1768 0.064 0.1954 -1.2118 0.0178 0.2392 -1.2126 0.0274 0.2293 -1.2171 0.0378 0.2182 -1.2233 0.048 0.2072 -1.2266 0.0338 0.2214
44.0 -1.2624 0.0403 0.2112 -1.1782 0.037 0.2229 -1.1384 0.0356 0.2283 -1.1391 0.0496 0.2139 -1.1491 0.0568 0.2056 -1.1714 0.0635 0.1964 -1.2011 0.0217 0.2363 -1.2025 0.03 0.2276 -1.2086 0.0396 0.2172 -1.2173 0.0494 0.2063 -1.2184 0.0362 0.2197
45.0 -1.2559 0.0387 0.2135 -1.1716 0.0342 0.2264 -1.1316 0.0372 0.2274 -1.1334 0.0522 0.2118 -1.1434 0.0594 0.2035 -1.1639 0.0658 0.1949 -1.1955 0.02 0.2386 -1.1973 0.0301 0.228 -1.2026 0.0404 0.217 -1.2096 0.0505 0.206 -1.2122 0.0359 0.2206
46.0 -1.2481 0.0392 0.2138 -1.1645 0.0339 0.2274 -1.1249 0.0387 0.2265 -1.1264 0.0525 0.2122 -1.1366 0.0603 0.2032 -1.158 0.0672 0.194 -1.1895 0.0208 0.2384 -1.1911 0.0303 0.2284 -1.1956 0.0407 0.2174 -1.2027 0.0514 0.2058 -1.2054 0.0365 0.2207
47.0 -1.2414 0.0413 0.2123 -1.156 0.0357 0.2264 -1.1187 0.0389 0.2269 -1.1203 0.0527 0.2126 -1.1313 0.0604 0.2036 -1.1527 0.0673 0.1945 -1.1818 0.0224 0.2374 -1.1835 0.032 0.2275 -1.1887 0.0417 0.2171 -1.1966 0.0516 0.2062 -1.1984 0.0378 0.2201
48.0 -1.2319 0.042 0.2125 -1.151 0.037 0.2256 -1.112 0.0404 0.226 -1.1135 0.0543 0.2117 -1.1254 0.0618 0.2028 -1.1465 0.0669 0.1955 -1.1732 0.0236 0.2371 -1.1739 0.0327 0.2278 -1.1792 0.0423 0.2174 -1.1869 0.0511 0.2077 -1.189 0.0383 0.2205
49.0 -1.2284 0.0424 0.2124 -1.1441 0.0379 0.2254 -1.1066 0.0399 0.227 -1.1091 0.0542 0.2121 -1.1211 0.0624 0.2026 -1.1396 0.0678 0.1952 -1.1672 0.0244 0.2369 -1.1696 0.0332 0.2276 -1.1748 0.0423 0.2178 -1.1824 0.0511 0.2081 -1.1845 0.0387 0.2206
50.0 -1.1976 0.0423 0.2156 -1.107 0.0374 0.2295 -1.0726 0.0415 0.2288 -1.0757 0.0545 0.2152 -1.0931 0.0631 0.2046 -1.1108 0.0687 0.1972 -1.1357 0.025 0.2394 -1.1381 0.0338 0.2301 -1.1442 0.0434 0.2197 -1.1538 0.0531 0.2089 -1.1539 0.0395 0.2227
51.0 -1.1898 0.0427 0.2159 -1.1002 0.0384 0.2293 -1.0647 0.0419 0.2292 -1.0671 0.0556 0.2149 -1.0826 0.0633 0.2055 -1.1019 0.0681 0.1987 -1.1253 0.0264 0.239 -1.1269 0.0354 0.2297 -1.133 0.0449 0.2193 -1.1424 0.0534 0.2097 -1.1435 0.0406 0.2227
52.0 -1.1845 0.0428 0.2163 -1.0926 0.0351 0.2334 -1.0578 0.0428 0.2289 -1.06 0.0554 0.2159 -1.0747 0.0638 0.2058 -1.099 0.0666 0.2005 -1.1166 0.027 0.2393 -1.1191 0.0358 0.23 -1.125 0.0448 0.2202 -1.1354 0.0538 0.21 -1.1361 0.0408 0.2232
53.0 -1.1704 0.0423 0.2183 -1.0727 0.0323 0.2382 -1.0428 0.0424 0.2308 -1.0481 0.0576 0.2148 -1.062 0.0667 0.2041 -1.0831 0.0712 0.1974 -1.1038 0.0287 0.2388 -1.1062 0.0375 0.2295 -1.1131 0.047 0.2192 -1.1218 0.0562 0.2089 -1.123 0.0424 0.2229
54.0 -1.1616 0.0423 0.2192 -1.0663 0.0356 0.2355 -1.035 0.0429 0.2311 -1.0401 0.0568 0.2163 -1.0542 0.0672 0.2044 -1.0751 0.0711 0.1983 -1.0932 0.0289 0.2396 -1.0949 0.0385 0.2297 -1.101 0.048 0.2193 -1.1094 0.056 0.2103 -1.112 0.0427 0.2236
55.0 -1.1525 0.0411 0.2213 -1.062 0.0313 0.2403 -1.0254 0.0436 0.2314 -1.0315 0.058 0.216 -1.0456 0.0683 0.2041 -1.069 0.0713 0.1987 -1.087 0.0285 0.2406 -1.0895 0.038 0.2307 -1.0965 0.0474 0.2204 -1.1067 0.0558 0.2108 -1.1065 0.0421 0.2248
56.0 -1.1471 0.04 0.223 -1.053 0.0301 0.2424 -1.0184 0.0439 0.2317 -1.0237 0.0591 0.2157 -1.0378 0.0688 0.2044 -1.062 0.0716 0.1991 -1.0815 0.0274 0.2423 -1.085 0.0373 0.2318 -1.092 0.0468 0.2215 -1.1023 0.0558 0.2113 -1.1016 0.0415 0.226
57.0 -1.1367 0.0408 0.2232 -1.0437 0.0325 0.2408 -1.0103 0.0425 0.2339 -1.0189 0.0566 0.2186 -1.0313 0.0672 0.2066 -1.0543 0.0726 0.1988 -1.0727 0.0274 0.2432 -1.0762 0.0373 0.2327 -1.0832 0.0468 0.2224 -1.0926 0.0553 0.2127 -1.0923 0.0415 0.2268
58.0 -1.131 0.0385 0.2261 -1.0344 0.0344 0.2398 -1.0046 0.0403 0.2368 -1.012 0.0576 0.2184 -1.0245 0.0681 0.2064 -1.0479 0.0717 0.2004 -1.0664 0.0264 0.2448 -1.0715 0.0355 0.235 -1.0786 0.0455 0.2241 -1.0888 0.0539 0.2145 -1.0873 0.04 0.2289
59.0 -1.1215 0.0397 0.2257 -1.0263 0.0337 0.2414 -0.9988 0.0423 0.2353 -1.0057 0.0566 0.22 -1.019 0.067 0.208 -1.0426 0.0712 0.2014 -1.0611 0.0265 0.2453 -1.0654 0.0357 0.2354 -1.0723 0.0452 0.2251 -1.0809 0.0538 0.2154 -1.0803 0.0402 0.2294
60.0 -1.115 0.0376 0.2286 -1.0226 0.0323 0.2431 -0.9925 0.0413 0.237 -1.0004 0.0561 0.221 -1.012 0.0674 0.2084 -1.0347 0.0716 0.2018 -1.0564 0.0247 0.2476 -1.06 0.0352 0.2365 -1.0662 0.0454 0.2255 -1.0758 0.0551 0.2146 -1.0747 0.0396 0.2305
61.0 -1.1107 0.0382 0.2284 -1.0138 0.0274 0.249 -0.9865 0.0421 0.2367 -0.9925 0.0565 0.2214 -1.0076 0.0673 0.2088 -1.0294 0.0711 0.2028 -1.0504 0.0255 0.2473 -1.0548 0.0353 0.2369 -1.0618 0.0454 0.2259 -1.0696 0.0547 0.2156 -1.0695 0.0398 0.2308
62.0 -1.1043 0.0366 0.2307 -1.004 0.0318 0.2455 -0.9819 0.0409 0.2384 -0.9891 0.057 0.2212 -1.0025 0.0686 0.208 -1.0258 0.071 0.2033 -1.0449 0.0244 0.249 -1.0492 0.0336 0.2392 -1.0554 0.0438 0.2282 -1.065 0.0535 0.2173 -1.0638 0.0384 0.2329
63.0 -1.0983 0.038 0.2298 -1.0056 0.0261 0.2512 -0.975 0.0418 0.2382 -0.9845 0.0558 0.2229 -0.9973 0.0687 0.2084 -1.0217 0.0728 0.2019 -1.0405 0.0244 0.2494 -1.0431 0.0338 0.2396 -1.0494 0.0446 0.2279 -1.0581 0.0544 0.217 -1.0579 0.0391 0.2328
64.0 -1.0936 0.0362 0.2321 -1.0005 0.0268 0.251 -0.9706 0.0418 0.2386 -0.9793 0.0565 0.2227 -0.9929 0.0687 0.2089 -1.0162 0.0711 0.2042 -1.0359 0.0232 0.2511 -1.0395 0.0337 0.24 -1.0466 0.0438 0.2291 -1.0554 0.0542 0.2176 -1.0542 0.0382 0.234
65.0 -1.0883 0.0357 0.2332 -0.9936 0.0277 0.2508 -0.9662 0.0418 0.2391 -0.9731 0.0561 0.2237 -0.9874 0.0676 0.2105 -1.0118 0.0711 0.2046 -1.0306 0.0227 0.2522 -1.035 0.0331 0.2411 -1.043 0.0436 0.2296 -1.0526 0.0533 0.2187 -1.0499 0.0377 0.2349
66.0 -1.0838 0.0351 0.2343 -0.9873 0.0267 0.2524 -0.961 0.0425 0.2389 -0.9691 0.0585 0.2217 -0.9823 0.0683 0.2103 -1.0073 0.0704 0.2057 -1.0262 0.0227 0.2526 -1.0314 0.0324 0.2422 -1.0394 0.0429 0.2307 -1.0491 0.0532 0.2192 -1.046 0.0372 0.2358
67.0 -1.0804 0.0361 0.2335 -0.9849 0.0283 0.251 -0.9635 0.0366 0.2446 -0.9654 0.0572 0.2234 -0.9769 0.0678 0.2114 -1.0024 0.0729 0.2036 -1.0211 0.024 0.2518 -1.0247 0.0345 0.2407 -1.0319 0.0451 0.2291 -1.0415 0.0548 0.2183 -1.0399 0.0389 0.2347
68.0 -1.0741 0.0352 0.2351 -0.9771 0.0287 0.2514 -0.9541 0.0434 0.2386 -0.9611 0.0577 0.2233 -0.9752 0.0681 0.2113 -0.9988 0.0722 0.2047 -1.0151 0.0248 0.2516 -1.0202 0.0339 0.2418 -1.0298 0.0436 0.2309 -1.0413 0.0536 0.2195 -1.0361 0.0382 0.2358
69.0 -1.0699 0.0363 0.2343 -0.9702 0.0296 0.2511 -0.9475 0.0455 0.2371 -0.9567 0.0577 0.2237 -0.9726 0.0684 0.2112 -0.9931 0.0748 0.2026 -1.0104 0.0279 0.2489 -1.0156 0.0376 0.2385 -1.0241 0.0462 0.2288 -1.0354 0.055 0.2186 -1.0311 0.0406 0.2338
70.0 -1.0625 0.0343 0.2372 -0.9646 0.0328 0.2484 -0.9388 0.0461 0.2374 -0.9463 0.0591 0.2233 -0.9665 0.0686 0.2116 -0.9909 0.0726 0.2051 -1.0048 0.0262 0.2512 -1.0117 0.0356 0.2408 -1.0213 0.0453 0.23 -1.0343 0.054 0.2199 -1.0269 0.0391 0.2358
71.0 -1.0627 0.0355 0.2359 -0.9612 0.0333 0.2482 -0.9376 0.0444 0.2392 -0.9457 0.0604 0.222 -0.9597 0.0701 0.2107 -0.9842 0.0742 0.2042 -1.0024 0.0277 0.2498 -1.0069 0.0381 0.2388 -1.0148 0.048 0.2278 -1.026 0.0569 0.2177 -1.0226 0.0413 0.234
72.0 -1.0538 0.0348 0.2375 -0.9556 0.0365 0.2455 -0.9347 0.043 0.241 -0.9382 0.0578 0.2255 -0.9553 0.0701 0.2112 -0.9791 0.0755 0.2034 -0.9963 0.0279 0.2502 -1.0007 0.0377 0.2398 -1.0094 0.0475 0.2289 -1.0224 0.0562 0.2188 -1.0165 0.0409 0.235
73.0 -1.0503 0.0347 0.238 -0.942 0.0395 0.2438 -0.9303 0.043 0.2414 -0.9398 0.0569 0.2262 -0.9516 0.0688 0.2129 -0.9739 0.0756 0.2038 -0.9926 0.0272 0.2513 -0.9989 0.038 0.2397 -1.0078 0.0484 0.2282 -1.0192 0.0584 0.2168 -1.0138 0.0413 0.2348
74.0 -1.0468 0.0352 0.2378 -0.9346 0.0424 0.2416 -0.9233 0.0433 0.2418 -0.9353 0.0563 0.2273 -0.9472 0.0688 0.2134 -0.9651 0.0755 0.2047 -0.9887 0.0247 0.2543 -0.9968 0.0358 0.2421 -1.0059 0.0474 0.2294 -1.0158 0.0589 0.2166 -1.0108 0.0404 0.2361
75.0 -1.0407 0.0354 0.2382 -0.9395 0.0399 0.2437 -0.9111 0.0437 0.2426 -0.9308 0.0508 0.2333 -0.9407 0.0623 0.2206 -0.9503 0.0714 0.2104 -0.981 0.0257 0.254 -0.9866 0.0378 0.2411 -0.9948 0.0495 0.2283 -1.0045 0.0598 0.2168 -1.0015 0.0417 0.2357
76.0 -1.0398 0.0355 0.2382 -0.9412 0.0397 0.2437 -0.9084 0.0435 0.2431 -0.9231 0.0568 0.228 -0.9348 0.0686 0.2148 -0.9558 0.0731 0.2081 -0.9784 0.0261 0.2539 -0.9841 0.0387 0.2404 -0.9923 0.0505 0.2276 -1.0028 0.06 0.2168 -0.9995 0.0422 0.2354
77.0 -1.0306 0.038 0.2366 -0.9131 0.0453 0.2408 -0.8988 0.0539 0.2333 -0.9086 0.0697 0.2162 -0.923 0.0763 0.208 -0.9478 0.0827 0.199 -0.9629 0.0331 0.2483 -0.9696 0.0462 0.2342 -0.9786 0.0572 0.2221 -0.9909 0.0672 0.2107 -0.9865 0.0483 0.2304
78.0 -1.029 0.0388 0.2359 -0.9264 0.0404 0.2444 -0.8975 0.0517 0.2358 -0.905 0.069 0.2173 -0.9198 0.0786 0.2061 -0.9446 0.0844 0.1976 -0.9629 0.0331 0.2483 -0.9681 0.0476 0.2329 -0.9763 0.0594 0.2201 -0.9868 0.0689 0.2093 -0.9846 0.0496 0.2293
79.0 -1.03 0.0393 0.2353 -0.9266 0.0416 0.2432 -0.8959 0.0525 0.2351 -0.9032 0.0692 0.2173 -0.9174 0.0795 0.2053 -0.9428 0.084 0.1982 -0.9629 0.0331 0.2483 -0.968 0.047 0.2335 -0.9762 0.0588 0.2207 -0.9868 0.0689 0.2093 -0.9848 0.0494 0.2294
80.0 -1.0274 0.0396 0.2352 -0.9309 0.0411 0.2433 -0.8976 0.0523 0.2352 -0.9038 0.0673 0.2192 -0.9164 0.079 0.2059 -0.9418 0.0835 0.1988 -0.963 0.0337 0.2477 -0.9672 0.0477 0.2329 -0.9763 0.0594 0.2201 -0.9876 0.0688 0.2093 -0.9843 0.0498 0.229
81.0 -1.0263 0.0386 0.2364 -0.9347 0.043 0.241 -0.8988 0.0539 0.2333 -0.9067 0.0687 0.2174 -0.9181 0.0788 0.206 -0.9442 0.082 0.2001 -0.9578 0.0344 0.2475 -0.9628 0.0477 0.2333 -0.9726 0.0586 0.2212 -0.9865 0.0671 0.2111 -0.9812 0.0493 0.2299
82.0 -1.0282 0.0395 0.2352 -0.9307 0.0453 0.2389 -0.8972 0.0499 0.2377 -0.9074 0.068 0.2181 -0.9222 0.077 0.2074 -0.9438 0.0845 0.1976 -0.9589 0.0354 0.2463 -0.964 0.0494 0.2315 -0.9721 0.0605 0.2193 -0.9832 0.0688 0.2098 -0.9813 0.0507 0.2284
83.0 -1.0248 0.04 0.2351 -0.936 0.0404 0.2435 -0.8966 0.0512 0.2364 -0.9075 0.0686 0.2174 -0.9213 0.0772 0.2074 -0.9435 0.0833 0.1989 -0.9554 0.0353 0.2468 -0.9604 0.0493 0.232 -0.9695 0.0609 0.2192 -0.9817 0.0702 0.2085 -0.9784 0.0511 0.2283
84.0 -1.0263 0.0434 0.2314 -0.9345 0.0619 0.2216 -0.8989 0.0545 0.2327 -0.9082 0.0673 0.2187 -0.924 0.0719 0.2125 -0.9443 0.0777 0.2045 -0.9567 0.0431 0.2387 -0.9598 0.0506 0.2307 -0.9668 0.0551 0.2254 -0.978 0.0591 0.2202 -0.9775 0.0503 0.2293
85.0 -1.0264 0.0391 0.2358 -0.9334 0.0407 0.2434 -0.8974 0.0511 0.2364 -0.9094 0.069 0.2169 -0.9254 0.0754 0.2088 -0.9459 0.0818 0.2002 -0.9554 0.0353 0.2468 -0.9606 0.0499 0.2314 -0.9703 0.0602 0.2199 -0.9824 0.0689 0.2097 -0.979 0.0507 0.2287
86.0 -1.0246 0.0437 0.2313 -0.9367 0.0745 0.2086 -0.9022 0.0632 0.2235 -0.9093 0.0684 0.2175 -0.9238 0.0658 0.2187 -0.9265 0.0612 0.2232 -0.9564 0.051 0.2306 -0.9567 0.0479 0.2337 -0.9604 0.0438 0.2376 -0.9664 0.0381 0.2428 -0.9729 0.0449 0.2352
87.0 -1.0245 0.0431 0.232 -0.9344 0.0662 0.2172 -0.9027 0.0613 0.2254 -0.9104 0.0701 0.2157 -0.9231 0.072 0.2124 -0.9374 0.0732 0.2099 -0.9549 0.0476 0.2343 -0.9589 0.0507 0.2307 -0.9653 0.0517 0.229 -0.9742 0.0523 0.2275 -0.9755 0.0491 0.2307
88.0 -1.0256 0.0393 0.2358 -0.9306 0.0447 0.2396 -0.9002 0.0519 0.2353 -0.911 0.0682 0.2176 -0.9247 0.0761 0.2081 -0.9452 0.0825 0.1995 -0.9547 0.0366 0.2455 -0.9606 0.0499 0.2314 -0.9703 0.0602 0.2199 -0.9831 0.0682 0.2104 -0.9788 0.0508 0.2286
89.0 -1.0247 0.0443 0.2307 -0.9403 0.0746 0.2081 -0.9039 0.063 0.2235 -0.9083 0.0679 0.2181 -0.9176 0.066 0.2191 -0.933 0.0634 0.2203 -0.9562 0.0499 0.2318 -0.9565 0.0468 0.235 -0.9611 0.0431 0.2383 -0.9681 0.0379 0.2429 -0.9733 0.0444 0.2357
90.0 -1.0253 0.0381 0.237 -0.9339 0.0431 0.2409 -0.8962 0.0543 0.2332 -0.9085 0.0691 0.2169 -0.9195 0.0768 0.2079 -0.944 0.0808 0.2014 -0.9555 0.0359 0.2462 -0.9621 0.0484 0.2327 -0.9717 0.0581 0.2218 -0.9855 0.0667 0.2117 -0.98 0.0494 0.2299
91.0 -1.0258 0.0405 0.2345 -0.9335 0.0462 0.2378 -0.8995 0.0526 0.2346 -0.91 0.0677 0.2182 -0.923 0.0763 0.208 -0.9458 0.0812 0.2008 -0.9565 0.037 0.2449 -0.9623 0.0496 0.2314 -0.9709 0.0589 0.2211 -0.9828 0.0664 0.2122 -0.9797 0.0505 0.2289
92.0 -1.0238 0.0395 0.2357 -0.9311 0.0422 0.2421 -0.8994 0.052 0.2352 -0.9109 0.0676 0.2182 -0.9238 0.0762 0.2081 -0.9458 0.0812 0.2008 -0.9546 0.036 0.2461 -0.9606 0.0499 0.2314 -0.9693 0.0597 0.2205 -0.9812 0.0672 0.2116 -0.9779 0.0505 0.229
93.0 -1.0253 0.043 0.232 -0.9353 0.0514 0.2323 -0.9023 0.0541 0.2329 -0.9126 0.0673 0.2183 -0.9246 0.0755 0.2087 -0.9448 0.0807 0.2014 -0.9562 0.0401 0.2418 -0.9607 0.0505 0.2307 -0.9682 0.0586 0.2217 -0.9798 0.0644 0.2146 -0.978 0.0513 0.2282
94.0 -1.0259 0.0411 0.2339 -0.9368 0.0549 0.2286 -0.9023 0.0541 0.2329 -0.9117 0.0675 0.2182 -0.9221 0.0764 0.208 -0.9442 0.082 0.2001 -0.9572 0.0406 0.2412 -0.9615 0.0504 0.2308 -0.9699 0.0578 0.2224 -0.9814 0.0635 0.2153 -0.9792 0.0507 0.2287
95.0 -1.0248 0.04 0.2351 -0.9326 0.0512 0.2328 -0.9038 0.052 0.2348 -0.9151 0.0664 0.219 -0.9264 0.0759 0.2082 -0.9452 0.0825 0.1995 -0.9567 0.0382 0.2437 -0.9623 0.0496 0.2314 -0.9707 0.0577 0.2224 -0.9825 0.0646 0.2141 -0.9794 0.05 0.2293
96.0 -1.0237 0.0389 0.2363 -0.9215 0.0429 0.2423 -0.9002 0.0519 0.2353 -0.9094 0.069 0.2169 -0.9231 0.0769 0.2074 -0.946 0.0824 0.1996 -0.9572 0.0357 0.2462 -0.9623 0.0496 0.2314 -0.972 0.0599 0.2199 -0.9849 0.0686 0.2098 -0.98 0.0505 0.2287
97.0 -1.0251 0.0418 0.2332 -0.9387 0.0608 0.2224 -0.9039 0.0581 0.2285 -0.9085 0.0691 0.2169 -0.9218 0.0746 0.2099 -0.9384 0.0791 0.2036 -0.9567 0.0431 0.2387 -0.9606 0.0499 0.2314 -0.9675 0.0544 0.226 -0.977 0.0586 0.2208 -0.9774 0.0496 0.23
98.0 -1.0259 0.0411 0.2339 -0.9352 0.0557 0.2279 -0.9015 0.0542 0.2328 -0.91 0.0677 0.2182 -0.9237 0.0756 0.2087 -0.944 0.0808 0.2014 -0.9578 0.0392 0.2425 -0.9622 0.049 0.232 -0.9704 0.0559 0.2242 -0.9811 0.0618 0.2172 -0.9795 0.0494 0.23
99.0 -1.0262 0.038 0.237 -0.9286 0.0432 0.2414 -0.9004 0.0531 0.234 -0.9093 0.0684 0.2175 -0.923 0.0763 0.208 -0.9449 0.0813 0.2008 -0.9562 0.0352 0.2468 -0.962 0.0478 0.2333 -0.9717 0.0581 0.2218 -0.9845 0.0662 0.2123 -0.9801 0.0491 0.2302
100.0 -1.0287 0.037 0.2377 -0.926 0.0435 0.2413 -0.9045 0.0513 0.2354 -0.9192 0.0646 0.2204 -0.9304 0.0735 0.2102 -0.9479 0.0833 0.1984 -0.9599 0.0359 0.2457 -0.9666 0.0491 0.2316 -0.9763 0.0594 0.2201 -0.9883 0.0675 0.2106 -0.9839 0.0498 0.2291
101.0 -1.0369 0.0389 0.2349 -0.9339 0.0431 0.2409 -0.9222 0.0471 0.238 -0.9329 0.0579 0.2259 -0.94 0.0679 0.215 -0.9565 0.0822 0.1987 -0.98 0.0301 0.2496 -0.9859 0.044 0.2348 -0.9933 0.0558 0.222 -1.002 0.0656 0.2111 -0.9996 0.0469 0.2305
102.0 -1.0414 0.0396 0.2339 -0.935 0.0448 0.2391 -0.9233 0.0482 0.2368 -0.935 0.0594 0.2241 -0.9428 0.0688 0.2138 -0.959 0.0812 0.1995 -0.9847 0.032 0.2473 -0.9904 0.0446 0.2338 -0.9977 0.0559 0.2216 -1.0055 0.0652 0.2112 -1.0039 0.0474 0.2295
103.0 -1.0446 0.0373 0.2359 -0.9389 0.0418 0.2418 -0.9208 0.0491 0.2361 -0.9344 0.0564 0.2272 -0.9442 0.0667 0.2157 -0.9613 0.0791 0.2014 -0.9856 0.0324 0.2467 -0.9921 0.0444 0.2338 -0.9994 0.0556 0.2216 -1.0079 0.0642 0.212 -1.0059 0.0468 0.23
104.0 -1.0452 0.036 0.2371 -0.9391 0.043 0.2405 -0.9232 0.0476 0.2374 -0.9351 0.0551 0.2285 -0.9477 0.0669 0.2153 -0.9665 0.079 0.201 -0.9879 0.0303 0.2487 -0.9945 0.0428 0.2352 -1.0026 0.054 0.223 -1.0122 0.0637 0.2121 -1.0085 0.0454 0.2312
105.0 -1.0493 0.0342 0.2385 -0.9473 0.0394 0.2433 -0.9271 0.0446 0.2401 -0.9356 0.0581 0.2254 -0.9491 0.0697 0.2122 -0.9691 0.0786 0.2011 -0.9902 0.0282 0.2506 -0.9975 0.04 0.2378 -1.0056 0.0511 0.2256 -1.0161 0.0607 0.2148 -1.0118 0.0428 0.2335
106.0 -1.0503 0.0347 0.238 -0.9477 0.0369 0.2459 -0.9288 0.0444 0.2401 -0.9354 0.0569 0.2266 -0.9505 0.0677 0.2141 -0.9715 0.0771 0.2024 -0.992 0.0285 0.2501 -0.9984 0.0399 0.2378 -1.0073 0.0503 0.2263 -1.0168 0.0594 0.2161 -1.0129 0.0426 0.2336
107.0 -1.0517 0.0327 0.2399 -0.9547 0.0366 0.2455 -0.9319 0.0421 0.2421 -0.9364 0.0574 0.2261 -0.9513 0.0676 0.2141 -0.9736 0.0744 0.205 -0.9949 0.0251 0.2533 -0.9997 0.0373 0.2404 -1.0086 0.0477 0.2288 -1.0189 0.0566 0.2186 -1.0147 0.0399 0.2362
108.0 -1.0575 0.0307 0.2414 -0.9608 0.0364 0.2451 -0.9405 0.0361 0.2474 -0.9372 0.0524 0.2311 -0.9547 0.0665 0.2149 -0.9776 0.072 0.207 -0.9965 0.0242 0.254 -1.0012 0.0358 0.2417 -1.0092 0.0464 0.2301 -1.0213 0.0551 0.22 -1.0171 0.0384 0.2374
109.0 -1.0635 0.0299 0.2416 -0.9596 0.0396 0.2419 -0.9377 0.0401 0.2436 -0.9379 0.056 0.2274 -0.9529 0.0662 0.2155 -0.9776 0.072 0.207 -1.0025 0.0234 0.2542 -1.0082 0.0355 0.2413 -1.0162 0.046 0.2298 -1.0266 0.055 0.2196 -1.0234 0.038 0.2373
110.0 -1.0685 0.0286 0.2424 -0.9688 0.0365 0.2442 -0.9445 0.0386 0.2445 -0.941 0.0537 0.2294 -0.9611 0.0632 0.2176 -0.9819 0.0714 0.2072 -1.0075 0.0215 0.2557 -1.0131 0.0336 0.2428 -1.0211 0.0441 0.2312 -1.0316 0.0537 0.2204 -1.0284 0.0363 0.2385
111.0 -1.0693 0.0279 0.2431 -0.9683 0.039 0.2417 -0.9456 0.0397 0.2433 -0.9422 0.0554 0.2275 -0.9606 0.0651 0.2158 -0.9827 0.0707 0.2079 -1.0107 0.0199 0.257 -1.0156 0.0327 0.2435 -1.0237 0.0438 0.2313 -1.0334 0.0541 0.2198 -1.0305 0.0357 0.2389
112.0 -1.072 0.0281 0.2425 -0.9711 0.0399 0.2405 -0.9439 0.0399 0.2432 -0.9422 0.0554 0.2275 -0.9594 0.0635 0.2176 -0.9833 0.0694 0.2091 -1.0063 0.0199 0.2575 -1.0102 0.0322 0.2445 -1.0182 0.0427 0.233 -1.0288 0.0529 0.2215 -1.0271 0.0351 0.2398
113.0 -1.0764 0.0281 0.2421 -0.9727 0.0391 0.2412 -0.9444 0.0429 0.2401 -0.9432 0.0565 0.2263 -0.9605 0.0645 0.2164 -0.9844 0.0705 0.2079 -1.0135 0.0207 0.2559 -1.0191 0.0328 0.243 -1.0263 0.0434 0.2314 -1.036 0.0537 0.2199 -1.0343 0.0358 0.2385
114.0 -1.0789 0.0272 0.2428 -0.9754 0.0393 0.2407 -0.946 0.0421 0.2408 -0.9485 0.0564 0.2259 -0.9648 0.064 0.2165 -0.9897 0.0704 0.2075 -1.0145 0.0212 0.2553 -1.02 0.0327 0.243 -1.028 0.0432 0.2315 -1.0386 0.0534 0.22 -1.036 0.0355 0.2385
115.0 -1.08 0.0289 0.241 -0.9742 0.0425 0.2375 -0.948 0.0436 0.239 -0.9474 0.0553 0.2271 -0.9654 0.0626 0.2178 -0.9902 0.0685 0.2094 -1.0162 0.021 0.2554 -1.0209 0.0326 0.2431 -1.0281 0.0438 0.2309 -1.0386 0.0534 0.22 -1.0368 0.0359 0.2381
116.0 -1.0801 0.0295 0.2404 -0.9846 0.0362 0.2429 -0.9545 0.0452 0.2367 -0.9593 0.058 0.2232 -0.9784 0.0664 0.2127 -0.9976 0.0705 0.2066 -1.0208 0.0222 0.2537 -1.0256 0.0344 0.2408 -1.0328 0.0456 0.2285 -1.0423 0.0547 0.2183 -1.0403 0.0373 0.2363
117.0 -1.0854 0.0294 0.2399 -0.9914 0.0353 0.2432 -0.9594 0.0433 0.2382 -0.9646 0.0579 0.2228 -0.9827 0.0658 0.2129 -1.0002 0.0702 0.2067 -1.0241 0.0211 0.2544 -1.0289 0.0333 0.2415 -1.0362 0.0446 0.2293 -1.0448 0.0538 0.219 -1.0439 0.0364 0.2368
118.0 -1.0931 0.0283 0.2402 -0.9913 0.0396 0.2388 -0.9613 0.0443 0.237 -0.9673 0.0581 0.2223 -0.9853 0.0655 0.213 -1.0045 0.0696 0.2068 -1.0257 0.0203 0.2551 -1.0322 0.0323 0.2423 -1.0403 0.0434 0.2301 -1.05 0.0531 0.2192 -1.0483 0.0355 0.2374
119.0 -1.0941 0.0288 0.2397 -0.9947 0.0391 0.2389 -0.9656 0.0437 0.2372 -0.9727 0.0592 0.2206 -0.9915 0.0658 0.212 -1.0096 0.0689 0.207 -1.0303 0.0209 0.254 -1.035 0.0331 0.2411 -1.0431 0.0442 0.2289 -1.0526 0.0533 0.2187 -1.051 0.0361 0.2365
120.0 -1.0986 0.0294 0.2386 -0.9974 0.0394 0.2384 -0.9712 0.0454 0.2349 -0.9754 0.0595 0.2201 -0.9953 0.0672 0.2102 -1.0151 0.07 0.2054 -1.0348 0.0215 0.253 -1.0403 0.033 0.2407 -1.0484 0.0441 0.2285 -1.0588 0.0531 0.2183 -1.0562 0.0362 0.2358
121.0 -1.1223 0.0293 0.2364 -1.0234 0.0371 0.2382 -0.9907 0.0409 0.2375 -0.9958 0.0555 0.2221 -1.0133 0.0647 0.2109 -1.0298 0.0686 0.2053 -1.059 0.0195 0.2527 -1.0629 0.0318 0.2397 -1.0686 0.0438 0.2268 -1.0765 0.0538 0.2159 -1.0779 0.0356 0.2343
122.0 -1.1289 0.0265 0.2385 -1.0287 0.037 0.2377 -0.9967 0.0401 0.2378 -1.002 0.0553 0.2217 -1.0184 0.0634 0.2117 -1.0368 0.0683 0.205 -1.0684 0.0176 0.2537 -1.0732 0.0298 0.2407 -1.0796 0.0417 0.2279 -1.0867 0.0518 0.2169 -1.0874 0.0335 0.2355
123.0 -1.1324 0.0267 0.238 -1.0334 0.0388 0.2354 -1.001 0.0395 0.2379 -1.0071 0.0546 0.2219 -1.0227 0.0629 0.2119 -1.0437 0.0674 0.2052 -1.0717 0.0165 0.2544 -1.0772 0.028 0.2421 -1.0845 0.0392 0.2299 -1.0925 0.0498 0.2184 -1.0917 0.032 0.2366
124.0 -1.1456 0.0267 0.2367 -1.0433 0.035 0.2383 -1.012 0.0374 0.239 -1.0173 0.0526 0.2229 -1.032 0.061 0.2129 -1.053 0.0655 0.2062 -1.0812 0.0153 0.2548 -1.0857 0.0263 0.2431 -1.0922 0.0382 0.2302 -1.101 0.048 0.2193 -1.1011 0.0309 0.2368
125.0 -1.1525 0.0258 0.2369 -1.046 0.0353 0.2378 -1.0189 0.0365 0.2392 -1.0213 0.0502 0.225 -1.0367 0.0579 0.2156 -1.0572 0.0643 0.207 -1.0903 0.0122 0.257 -1.0941 0.0239 0.2447 -1.0997 0.036 0.2318 -1.1061 0.0473 0.2195 -1.1086 0.029 0.238
126.0 -1.1595 0.0255 0.2366 -1.05 0.0329 0.2398 -1.0242 0.0364 0.2388 -1.0283 0.0499 0.2246 -1.042 0.0578 0.2152 -1.0621 0.0618 0.2091 -1.0905 0.0134 0.2558 -1.0952 0.025 0.2434 -1.1016 0.0363 0.2312 -1.1096 0.0469 0.2196 -1.1113 0.0294 0.2373
127.0 -1.1664 0.0245 0.2368 -1.0619 0.0307 0.2409 -1.0341 0.0326 0.2417 -1.0368 0.0481 0.2256 -1.0506 0.0567 0.2155 -1.0705 0.0601 0.21 -1.1007 0.0114 0.2568 -1.1054 0.023 0.2445 -1.111 0.0351 0.2316 -1.1191 0.0462 0.2194 -1.1205 0.028 0.2378
128.0 -1.1743 0.0247 0.2359 -1.0666 0.0325 0.2386 -1.0409 0.0317 0.242 -1.0454 0.047 0.2259 -1.0576 0.0563 0.2151 -1.0757 0.0594 0.2102 -1.1059 0.0107 0.257 -1.1105 0.0223 0.2447 -1.1161 0.0338 0.2324 -1.1242 0.0449 0.2202 -1.1262 0.0273 0.238
129.0 -1.1803 0.0239 0.2361 -1.0751 0.0307 0.2395 -1.0479 0.0314 0.2416 -1.052 0.0448 0.2274 -1.0641 0.0536 0.2173 -1.0826 0.0584 0.2105 -1.1138 0.0109 0.256 -1.1176 0.0226 0.2437 -1.1232 0.034 0.2314 -1.1312 0.0446 0.2199 -1.1332 0.0272 0.2374
130.0 -1.1804 0.0245 0.2355 -1.0815 0.0274 0.2423 -1.054 0.0311 0.2412 -1.0573 0.0447 0.227 -1.0701 0.0528 0.2175 -1.0876 0.0571 0.2113 -1.1167 0.0123 0.2543 -1.1196 0.0235 0.2425 -1.1251 0.035 0.2302 -1.133 0.0449 0.2193 -1.135 0.028 0.2364
131.0 -1.1881 0.0228 0.2364 -1.0888 0.0289 0.2401 -1.0614 0.0277 0.244 -1.0642 0.0438 0.2273 -1.0763 0.0526 0.2171 -1.0946 0.0568 0.211 -1.1285 0.0095 0.256 -1.1332 0.0211 0.2437 -1.1387 0.0325 0.2314 -1.1459 0.0432 0.2198 -1.1469 0.0258 0.2375
132.0 -1.1924 0.0222 0.2366 -1.0904 0.0281 0.2408 -1.0678 0.0293 0.2418 -1.0714 0.0447 0.2257 -1.084 0.0515 0.2174 -1.1023 0.0558 0.2113 -1.1303 0.0092 0.256 -1.1341 0.021 0.2437 -1.1405 0.0323 0.2315 -1.1494 0.0433 0.2193 -1.1493 0.0256 0.2374
133.0 -1.2212 0.0214 0.2346 -1.1205 0.024 0.2419 -1.0973 0.0271 0.241 -1.1027 0.0429 0.2244 -1.1138 0.0512 0.2148 -1.1308 0.0574 0.2067 -1.1583 0.0085 0.254 -1.1628 0.0195 0.2423 -1.17 0.0301 0.2307 -1.178 0.0407 0.2192 -1.1781 0.0241 0.2362
134.0 -1.2754 0.019 0.2317 -1.1772 0.0163 0.2441 -1.1642 0.0224 0.2393 -1.1681 0.0347 0.2263 -1.1766 0.0427 0.2173 -1.1898 0.0476 0.2109 -1.2129 0.0042 0.253 -1.2163 0.0135 0.2431 -1.2225 0.0237 0.2321 -1.2304 0.0336 0.2212 -1.2315 0.0188 0.2362
135.0 -1.287 0.0205 0.229 -1.1958 0.012 0.2467 -1.1719 0.0207 0.2402 -1.1738 0.0321 0.2284 -1.1824 0.0407 0.2187 -1.1966 0.0467 0.2112 -1.2224 0.0029 0.2534 -1.2243 0.0137 0.2422 -1.2296 0.0239 0.2312 -1.2375 0.0339 0.2202 -1.2402 0.019 0.2352
136.0 -1.2931 0.0196 0.2293 -1.1978 0.013 0.2455 -1.1815 0.0207 0.2393 -1.1861 0.0316 0.2276 -1.1946 0.0403 0.2179 -1.2089 0.0463 0.2104 -1.2245 0.0051 0.251 -1.2281 0.0156 0.2399 -1.2342 0.0251 0.2295 -1.2427 0.0332 0.2204 -1.2445 0.0197 0.234
137.0 -1.3026 0.019 0.229 -1.2116 0.0117 0.2455 -1.1901 0.0195 0.2396 -1.1948 0.0311 0.2273 -1.2026 0.0404 0.217 -1.2176 0.0457 0.2101 -1.2358 0.0042 0.2508 -1.2384 0.0142 0.2403 -1.2445 0.0238 0.2299 -1.2532 0.033 0.2196 -1.2549 0.0188 0.2339
138.0 -1.3081 0.0201 0.2273 -1.2171 0.0128 0.2438 -1.1989 0.0195 0.2387 -1.2019 0.0313 0.2263 -1.2105 0.0406 0.2161 -1.2229 0.0462 0.2091 -1.2452 0.0023 0.2518 -1.247 0.013 0.2406 -1.2524 0.0233 0.2296 -1.2593 0.0328 0.2192 -1.2624 0.0183 0.2337
139.0 -1.3154 0.0215 0.2251 -1.2284 0.0119 0.2436 -1.2085 0.0188 0.2385 -1.2115 0.0313 0.2255 -1.22 0.0393 0.2164 -1.2332 0.0442 0.2101 -1.2549 0.0028 0.2503 -1.2567 0.0129 0.2397 -1.2611 0.0227 0.2293 -1.2671 0.0323 0.2189 -1.271 0.0185 0.2327
140.0 -1.3207 0.022 0.2241 -1.2361 0.0108 0.2439 -1.2172 0.0183 0.2382 -1.221 0.03 0.2258 -1.2277 0.0382 0.2167 -1.2391 0.0428 0.2109 -1.2603 0.0033 0.2492 -1.2621 0.0134 0.2387 -1.2656 0.0234 0.2282 -1.2724 0.0322 0.2185 -1.2762 0.0189 0.2317
141.0 -1.3234 0.0223 0.2236 -1.2415 0.0113 0.2429 -1.2236 0.0199 0.2359 -1.2299 0.0306 0.2243 -1.2391 0.0379 0.2159 -1.2461 0.0431 0.21 -1.2639 0.004 0.2481 -1.2657 0.0142 0.2376 -1.2701 0.024 0.2271 -1.276 0.0329 0.2174 -1.2798 0.0195 0.2307
142.0 -1.3299 0.0238 0.2213 -1.2493 0.0109 0.2426 -1.2305 0.0189 0.2362 -1.2331 0.029 0.2257 -1.2425 0.0375 0.2161 -1.2515 0.0436 0.2089 -1.2727 0.0041 0.2472 -1.2736 0.0137 0.2372 -1.2762 0.0238 0.2267 -1.2814 0.0334 0.2163 -1.2867 0.0198 0.2298
143.0 -1.3352 0.0243 0.2203 -1.2536 0.0103 0.2427 -1.2348 0.0184 0.2364 -1.2376 0.0296 0.2246 -1.2453 0.0383 0.2149 -1.255 0.0431 0.209 -1.2789 0.0038 0.2468 -1.2789 0.0142 0.2362 -1.2816 0.0243 0.2257 -1.2868 0.0339 0.2153 -1.2923 0.0201 0.2289
144.0 -1.3372 0.0253 0.2191 -1.2575 0.0122 0.2404 -1.2405 0.0206 0.2335 -1.2464 0.0296 0.2237 -1.253 0.0373 0.2152 -1.2619 0.0428 0.2087 -1.2816 0.0047 0.2457 -1.2816 0.0145 0.2357 -1.2842 0.0245 0.2252 -1.2903 0.0341 0.2148 -1.295 0.0206 0.2281
145.0 -1.3397 0.0249 0.2192 -1.261 0.0124 0.2399 -1.245 0.0213 0.2324 -1.2502 0.0309 0.222 -1.2595 0.0388 0.213 -1.271 0.0446 0.2059 -1.2836 0.0057 0.2445 -1.2845 0.0159 0.2339 -1.2888 0.0257 0.2235 -1.2948 0.0347 0.2137 -1.2983 0.0214 0.227
146.0 -1.3443 0.0262 0.2175 -1.2664 0.0129 0.2388 -1.2501 0.0206 0.2326 -1.2529 0.0312 0.2215 -1.2638 0.0383 0.2131 -1.2753 0.044 0.2061 -1.289 0.0067 0.2428 -1.289 0.0165 0.2328 -1.2915 0.026 0.223 -1.2967 0.0356 0.2125 -1.3021 0.0222 0.2257
147.0 -1.3469 0.0258 0.2176 -1.27 0.0136 0.2377 -1.2555 0.0211 0.2315 -1.2572 0.0306 0.2216 -1.2674 0.039 0.212 -1.2773 0.045 0.2049 -1.2935 0.0074 0.2418 -1.2945 0.0176 0.2312 -1.2979 0.0269 0.2213 -1.3031 0.0366 0.2109 -1.3072 0.0229 0.2246
148.0 -1.3524 0.0269 0.2159 -1.2737 0.0143 0.2366 -1.2602 0.0229 0.2292 -1.2627 0.0323 0.2193 -1.273 0.0407 0.2097 -1.2819 0.0462 0.2032 -1.2981 0.008 0.2407 -1.2981 0.0184 0.2301 -1.3015 0.0277 0.2202 -1.3067 0.0373 0.2098 -1.3114 0.0236 0.2233
149.0 -1.3559 0.027 0.2155 -1.2799 0.0147 0.2356 -1.2646 0.0229 0.2288 -1.2669 0.0311 0.2201 -1.2762 0.039 0.2111 -1.2861 0.045 0.204 -1.3027 0.0092 0.239 -1.3026 0.019 0.229 -1.3069 0.0282 0.2192 -1.3131 0.0383 0.2082 -1.3162 0.0243 0.2222
150.0 -1.3567 0.0263 0.2161 -1.2851 0.0146 0.2352 -1.27 0.0234 0.2277 -1.2729 0.0303 0.2204 -1.2832 0.0387 0.2108 -1.2898 0.0463 0.2023 -1.3064 0.0105 0.2373 -1.308 0.0195 0.228 -1.3123 0.0293 0.2175 -1.3202 0.0392 0.2066 -1.3207 0.0249 0.2211
151.0 -1.3608 0.0246 0.2175 -1.2879 0.0155 0.2341 -1.2745 0.024 0.2267 -1.2757 0.0311 0.2192 -1.2851 0.0396 0.2096 -1.2959 0.0461 0.2019 -1.3135 0.0108 0.2363 -1.3142 0.0198 0.227 -1.3177 0.0298 0.2165 -1.3246 0.0392 0.2061 -1.3262 0.0248 0.2207
152.0 -1.3655 0.0264 0.2152 -1.2924 0.0161 0.233 -1.2775 0.026 0.2243 -1.2816 0.0346 0.2151 -1.2898 0.0415 0.2073 -1.2981 0.0483 0.1995 -1.3163 0.0116 0.2352 -1.3171 0.0213 0.2252 -1.3214 0.0305 0.2154 -1.3282 0.0393 0.2056 -1.3297 0.0258 0.2193
153.0 -1.3663 0.0256 0.2159 -1.2938 0.0189 0.2299 -1.2821 0.0272 0.2226 -1.2854 0.036 0.2133 -1.2945 0.0427 0.2056 -1.3017 0.049 0.1984 -1.3174 0.0127 0.2339 -1.3198 0.0215 0.2247 -1.3241 0.0313 0.2142 -1.3318 0.0401 0.2045 -1.3319 0.0263 0.2186
154.0 -1.3707 0.0257 0.2154 -1.2957 0.0199 0.2287 -1.2828 0.0265 0.2232 -1.2858 0.0335 0.2159 -1.2959 0.0406 0.2075 -1.3024 0.0477 0.1996 -1.3209 0.0128 0.2335 -1.3226 0.0224 0.2235 -1.3269 0.0322 0.2131 -1.334 0.0422 0.2021 -1.335 0.0271 0.2175
155.0 -1.3723 0.0248 0.2161 -1.2983 0.0195 0.2288 -1.2863 0.0261 0.2234 -1.2915 0.0357 0.213 -1.3007 0.043 0.2046 -1.308 0.0494 0.1974 -1.3211 0.014 0.2322 -1.3228 0.0236 0.2223 -1.328 0.0333 0.2119 -1.3358 0.0426 0.2016 -1.336 0.0277 0.2168
156.0 -1.3744 0.027 0.2137 -1.3001 0.0199 0.2283 -1.2882 0.027 0.2222 -1.2917 0.0369 0.2117 -1.3026 0.044 0.2034 -1.3098 0.0498 0.1968 -1.3238 0.0143 0.2317 -1.3255 0.0238 0.2218 -1.3298 0.0336 0.2113 -1.3368 0.0431 0.201 -1.338 0.0284 0.2159
157.0 -1.3815 0.0273 0.2127 -1.3026 0.019 0.229 -1.2891 0.0269 0.2222 -1.2977 0.0361 0.212 -1.3085 0.0426 0.2043 -1.314 0.0486 0.1976 -1.3252 0.0123 0.2336 -1.3271 0.023 0.2225 -1.3313 0.0322 0.2126 -1.3364 0.0413 0.2028 -1.3403 0.0272 0.2169
158.0 -1.3776 0.0253 0.215 -1.3019 0.0197 0.2284 -1.2888 0.0257 0.2235 -1.2949 0.0353 0.2131 -1.3076 0.0421 0.2048 -1.3148 0.0485 0.1976 -1.3252 0.0123 0.2336 -1.327 0.0224 0.2231 -1.3313 0.0322 0.2126 -1.3382 0.041 0.2029 -1.3399 0.0266 0.2175
159.0 -1.3777 0.0259 0.2144 -1.3018 0.0191 0.229 -1.2888 0.0257 0.2235 -1.2951 0.0365 0.2119 -1.3058 0.0424 0.2048 -1.3138 0.0474 0.1988 -1.3252 0.0123 0.2336 -1.3269 0.0218 0.2237 -1.3312 0.0316 0.2133 -1.3372 0.0406 0.2035 -1.3396 0.0264 0.2177
160.0 -1.3777 0.0259 0.2144 -1.3001 0.0199 0.2283 -1.2879 0.0252 0.2241 -1.2967 0.0356 0.2125 -1.3083 0.0414 0.2055 -1.3155 0.0472 0.1989 -1.3233 0.0113 0.2348 -1.325 0.0214 0.2243 -1.3303 0.0311 0.2138 -1.3362 0.0401 0.2041 -1.3385 0.026 0.2183
161.0 -1.3785 0.0252 0.2151 -1.3 0.0193 0.2289 -1.2879 0.0252 0.2241 -1.2949 0.0353 0.2131 -1.3056 0.0412 0.206 -1.3154 0.0466 0.1995 -1.3241 0.0112 0.2348 -1.3259 0.0213 0.2243 -1.331 0.0304 0.2145 -1.337 0.0394 0.2047 -1.3393 0.0255 0.2187
162.0 -1.3776 0.0253 0.215 -1.3017 0.0185 0.2296 -1.2886 0.0245 0.2247 -1.2956 0.034 0.2144 -1.3071 0.0397 0.2073 -1.3144 0.0461 0.2001 -1.3233 0.0113 0.2348 -1.3241 0.021 0.2248 -1.3284 0.0307 0.2144 -1.3361 0.0395 0.2047 -1.3379 0.0256 0.2188
163.0 -1.3795 0.0257 0.2145 -1.3018 0.0191 0.229 -1.2887 0.0251 0.2241 -1.295 0.0359 0.2125 -1.3065 0.041 0.206 -1.3145 0.0467 0.1995 -1.3232 0.0107 0.2354 -1.3249 0.0208 0.2249 -1.3301 0.0299 0.2151 -1.3369 0.0388 0.2054 -1.3389 0.0252 0.219
164.0 -1.3777 0.0259 0.2144 -1.3009 0.0192 0.2289 -1.287 0.0253 0.224 -1.2949 0.0353 0.2131 -1.3065 0.041 0.206 -1.3145 0.0467 0.1995 -1.325 0.0111 0.2349 -1.3267 0.0206 0.2249 -1.3309 0.0298 0.2151 -1.337 0.0394 0.2047 -1.3395 0.0254 0.2188
165.0 -1.3786 0.0258 0.2145 -1.3018 0.0191 0.229 -1.2887 0.0251 0.2241 -1.2991 0.0341 0.2139 -1.309 0.0401 0.2068 -1.3154 0.0466 0.1995 -1.3208 0.0122 0.2341 -1.3225 0.0218 0.2242 -1.3277 0.0315 0.2137 -1.3354 0.0402 0.204 -1.337 0.0263 0.2181
166.0 -1.3769 0.026 0.2144 -1.3019 0.0197 0.2284 -1.2888 0.0257 0.2235 -1.2975 0.0349 0.2132 -1.3082 0.0408 0.2061 -1.3144 0.0461 0.2001 -1.3217 0.0121 0.2341 -1.3242 0.0216 0.2242 -1.3293 0.0306 0.2144 -1.3361 0.0395 0.2047 -1.3376 0.026 0.2184
167.0 -1.3768 0.0254 0.215 -1.3 0.0193 0.2289 -1.2873 0.0271 0.2222 -1.297 0.0368 0.2113 -1.3075 0.0415 0.2055 -1.3146 0.0473 0.1989 -1.3215 0.0115 0.2347 -1.3242 0.0216 0.2242 -1.3293 0.0306 0.2144 -1.3361 0.0395 0.2047 -1.3376 0.0257 0.2186
168.0 -1.3752 0.0263 0.2143 -1.3003 0.0205 0.2277 -1.2877 0.024 0.2253 -1.2982 0.0336 0.2145 -1.309 0.0401 0.2068 -1.3145 0.0467 0.1995 -1.3215 0.0115 0.2347 -1.3233 0.0217 0.2242 -1.3285 0.0313 0.2138 -1.3345 0.0403 0.204 -1.3366 0.0262 0.2182
