

































35.0 -1.4647 -0.0451 0.2784 -1.3777 -0.0345 0.2763 -1.376 -0.0239 0.2656 -1.3881 -0.0201 0.2604 -1.4013 -0.0151 0.2541 -1.4161 -0.011 0.2484 -1.4069 -0.0385 0.2774 -1.4154 -0.0305 0.2683 -1.4253 -0.0239 0.2606 -1.4377 -0.0182 0.2536 -1.43 -0.0312 0.2677
35.0 -1.4647 -0.0451 0.2784 -1.3777 -0.0345 0.2763 -1.376 -0.0239 0.2656 -1.3881 -0.0201 0.2604 -1.4013 -0.0151 0.2541 -1.4161 -0.011 0.2484 -1.4069 -0.0385 0.2774 -1.4154 -0.0305 0.2683 -1.4253 -0.0239 0.2606 -1.4377 -0.0182 0.2536 -1.43 -0.0312 0.2677
35.0 -1.4647 -0.0451 0.2784 -1.3777 -0.0345 0.2763 -1.376 -0.0239 0.2656 -1.3881 -0.0201 0.2604 -1.4013 -0.0151 0.2541 -1.4161 -0.011 0.2484 -1.4069 -0.0385 0.2774 -1.4154 -0.0305 0.2683 -1.4253 -0.0239 0.2606 -1.4377 -0.0182 0.2536 -1.43 -0.0312 0.2677
38.0 -1.3627 -0.0295 0.2726 -1.2719 -0.0209 0.2728 -1.262 0.0128 0.2393 -1.2728 0.0242 0.2266 -1.2961 0.0272 0.2213 -1.3171 0.0213 0.2252 -1.3042 -0.0173 0.2659 -1.3136 -0.0088 0.2563 -1.3261 -0.0025 0.2487 -1.3401 0.0017 0.2429 -1.3293 -0.0113 0.2573
39.0 -1.3524 -0.0281 0.2722 -1.2692 -0.0162 0.2683 -1.2518 0.0148 0.2383 -1.2622 0.0293 0.2224 -1.281 0.031 0.2188 -1.3038 0.0255 0.2222 -1.2947 -0.016 0.2655 -1.3042 -0.0069 0.2553 -1.3158 -0.0011 0.2483 -1.3288 0.0026 0.2431 -1.3192 -0.0099 0.2569
40.0 -1.3413 -0.0266 0.2717 -1.2491 -0.0202 0.2744 -1.2425 0.0173 0.2367 -1.2519 0.0307 0.222 -1.2682 0.0334 0.2177 -1.2934 0.0263 0.2224 -1.2819 -0.0137 0.2644 -1.2906 -0.0045 0.2541 -1.3031 0.0018 0.2465 -1.3161 0.0055 0.2414 -1.3066 -0.0075 0.2556
41.0 -1.3307 -0.0264 0.2726 -1.2369 -0.0198 0.2752 -1.2277 0.0181 0.2373 -1.2382 0.0332 0.2209 -1.2582 0.0366 0.2154 -1.2837 0.0313 0.2183 -1.2699 -0.012 0.264 -1.2803 -0.0031 0.2537 -1.2928 0.0032 0.2461 -1.3066 0.0068 0.241 -1.2961 -0.0063 0.2555
42.0 -1.3221 -0.0252 0.2722 -1.222 -0.0196 0.2765 -1.2166 0.0202 0.2363 -1.227 0.0341 0.2211 -1.2435 0.0379 0.2155 -1.2709 0.0336 0.2172 -1.257 -0.0103 0.2635 -1.2664 -0.0018 0.2538 -1.279 0.0044 0.2462 -1.2937 0.008 0.2411 -1.2836 -0.005 0.2554
43.0 -1.3082 -0.0245 0.2729 -1.2098 -0.0186 0.2766 -1.2065 0.0228 0.2346 -1.2171 0.0378 0.2182 -1.2361 0.0408 0.2133 -1.2615 0.0355 0.2162 -1.2444 -0.0068 0.2611 -1.2548 0.0022 0.2509 -1.2689 0.007 0.2446 -1.2843 0.0098 0.2402 -1.2721 -0.0025 0.2539
44.0 -1.3005 -0.0235 0.2726 -1.1987 -0.0171 0.2762 -1.1946 0.025 0.2336 -1.2067 0.0386 0.2184 -1.2265 0.0415 0.2136 -1.2519 0.0356 0.217 -1.235 -0.0055 0.2607 -1.2454 0.0035 0.2505 -1.2587 0.009 0.2435 -1.2742 0.0124 0.2385 -1.2627 -0.0008 0.2532
45.0 -1.2909 -0.0228 0.2729 -1.189 -0.017 0.2771 -1.185 0.0257 0.2338 -1.1966 0.0412 0.2168 -1.2147 0.0443 0.2119 -1.241 0.0389 0.2148 -1.2254 -0.0048 0.261 -1.2359 0.0048 0.2502 -1.2491 0.0097 0.2438 -1.2645 0.0125 0.2394 -1.2532 -0.0001 0.2534
46.0 -1.2824 -0.0211 0.2719 -1.1804 -0.0158 0.2767 -1.1763 0.0262 0.2341 -1.1869 0.0413 0.2177 -1.2061 0.0454 0.2115 -1.2308 0.0409 0.2137 -1.2177 -0.0038 0.2607 -1.2272 0.0053 0.2504 -1.2397 0.0116 0.2428 -1.2535 0.0146 0.2383 -1.2441 0.0013 0.2528
47.0 -1.2729 -0.0204 0.2722 -1.1706 -0.0164 0.2782 -1.1669 0.0275 0.2337 -1.1785 0.0437 0.2161 -1.1975 0.0466 0.2112 -1.2248 0.0417 0.2135 -1.2075 -0.0018 0.2597 -1.2179 0.0072 0.2495 -1.232 0.0126 0.2425 -1.2466 0.0155 0.2381 -1.2354 0.0026 0.2524
48.0 -1.2293 -0.0182 0.2742 -1.1218 -0.014 0.2807 -1.1223 0.0341 0.2314 -1.132 0.0493 0.2149 -1.1531 0.0544 0.2076 -1.1803 0.0489 0.2105 -1.1636 0.0035 0.2586 -1.1748 0.0124 0.2484 -1.1889 0.0178 0.2415 -1.206 0.0198 0.2378 -1.1925 0.0071 0.2521
49.0 -1.2226 -0.016 0.2727 -1.1131 -0.0135 0.281 -1.1135 0.0341 0.2323 -1.1242 0.0498 0.2152 -1.1454 0.0555 0.2073 -1.1727 0.0506 0.2096 -1.1551 0.0053 0.2576 -1.1672 0.014 0.2475 -1.1813 0.0195 0.2405 -1.1975 0.0215 0.2368 -1.1847 0.0089 0.251
50.0 -1.2174 -0.0153 0.2725 -1.1052 -0.013 0.2813 -1.1082 0.0342 0.2327 -1.1163 0.0502 0.2155 -1.1384 0.0558 0.2077 -1.1665 0.0502 0.2106 -1.1498 0.0054 0.2581 -1.1602 0.0144 0.2478 -1.1743 0.0198 0.2409 -1.1906 0.0225 0.2365 -1.1785 0.0093 0.2512
51.0 -1.208 -0.0141 0.2722 -1.0982 -0.0133 0.2823 -1.0995 0.0348 0.233 -1.1094 0.0511 0.2153 -1.1308 0.0574 0.2067 -1.1587 0.0512 0.2103 -1.1419 0.0052 0.259 -1.1523 0.0148 0.2482 -1.1666 0.0208 0.2406 -1.1829 0.0235 0.2362 -1.1703 0.0101 0.2512
52.0 -1.2027 -0.014 0.2726 -1.0903 -0.0128 0.2826 -1.0933 0.0344 0.234 -1.1032 0.0508 0.2163 -1.1238 0.0578 0.2071 -1.1527 0.052 0.2101 -1.1349 0.0056 0.2594 -1.1462 0.015 0.2485 -1.1596 0.0212 0.2409 -1.1759 0.0239 0.2366 -1.1639 0.0103 0.2516
53.0 -1.1943 -0.0116 0.271 -1.0851 -0.0127 0.283 -1.0847 0.0356 0.2337 -1.0954 0.0512 0.2166 -1.1168 0.0581 0.2074 -1.1452 0.0543 0.2085 -1.1279 0.0059 0.2597 -1.1384 0.0155 0.2489 -1.1526 0.0215 0.2413 -1.1681 0.0243 0.2369 -1.1563 0.0111 0.2516
53.0 -1.132 0.0341 0.2305 -1.108 0.0025 0.2652 -1.1025 0.0264 0.2412 -1.1165 0.0361 0.2299 -1.1307 0.0422 0.2223 -1.1516 0.0455 0.2169 -1.0903 0.0372 0.2314 -1.1034 0.0465 0.2207 -1.1209 0.0514 0.2138 -1.1398 0.0538 0.2096 -1.1173 0.0446 0.2212
54.0 -1.1521 0.0081 0.255 -1.0929 -0.0132 0.2827 -1.0781 0.0377 0.2322 -1.0902 0.0519 0.2164 -1.1071 0.0576 0.2089 -1.1374 0.0553 0.2082 -1.1115 0.0124 0.2547 -1.1244 0.021 0.2446 -1.1385 0.0265 0.2376 -1.1533 0.0306 0.232 -1.136 0.0197 0.2448
55.0 -1.182 -0.0118 0.2724 -1.0694 -0.0119 0.2837 -1.0716 0.0361 0.2344 -1.08 0.0539 0.2154 -1.102 0.0589 0.2081 -1.1311 0.0543 0.2099 -1.1151 0.0082 0.2586 -1.1256 0.0178 0.2477 -1.1396 0.0226 0.2414 -1.1551 0.0254 0.237 -1.1435 0.0125 0.2514
56.0 -1.1725 -0.0105 0.2721 -1.0642 -0.0112 0.2835 -1.0658 0.0381 0.2329 -1.0739 0.0541 0.2158 -1.0959 0.0591 0.2085 -1.1236 0.0566 0.2083 -1.1074 0.0093 0.2583 -1.1196 0.0186 0.2475 -1.1338 0.0246 0.2399 -1.1493 0.0274 0.2356 -1.1365 0.0139 0.2507
57.0 -1.1667 -0.0085 0.2706 -1.0582 -0.0103 0.2832 -1.0597 0.0383 0.2333 -1.0679 0.0549 0.2155 -1.0883 0.0607 0.2076 -1.1176 0.0574 0.2081 -1.1022 0.01 0.2581 -1.1128 0.0202 0.2466 -1.1271 0.0262 0.2391 -1.1434 0.0289 0.2347 -1.1304 0.0153 0.2498
58.0 -1.1614 -0.009 0.2716 -1.0506 -0.0087 0.2823 -1.0529 0.0398 0.2324 -1.0627 0.0556 0.2153 -1.0815 0.0623 0.2067 -1.1118 0.0594 0.2066 -1.0964 0.012 0.2566 -1.1078 0.0214 0.2458 -1.1219 0.0269 0.2389 -1.1383 0.0301 0.2339 -1.1252 0.0163 0.2494
59.0 -1.1589 -0.0081 0.2709 -1.0437 -0.0078 0.282 -1.0478 0.0405 0.2322 -1.0571 0.0588 0.2126 -1.0774 0.064 0.2053 -1.1059 0.0608 0.2058 -1.0914 0.0133 0.2558 -1.1027 0.0227 0.245 -1.1169 0.0282 0.238 -1.1332 0.0308 0.2337 -1.1206 0.0174 0.2487
60.0 -1.1494 -0.0068 0.2705 -1.0369 -0.0063 0.2812 -1.0416 0.0456 0.2276 -1.0523 0.0613 0.2106 -1.0716 0.066 0.2038 -1.1001 0.0628 0.2043 -1.0847 0.0154 0.2543 -1.0969 0.0247 0.2435 -1.111 0.0302 0.2366 -1.1272 0.0323 0.2328 -1.1139 0.0192 0.2475
61.0 -1.145 -0.0068 0.271 -1.0309 -0.0054 0.2809 -1.0356 0.0465 0.2274 -1.0455 0.0628 0.2097 -1.0647 0.067 0.2035 -1.094 0.0636 0.2041 -1.0779 0.0169 0.2534 -1.0901 0.0263 0.2426 -1.1042 0.0311 0.2363 -1.1204 0.0332 0.2326 -1.1075 0.0201 0.2472
62.0 -1.1399 -0.0061 0.2708 -1.0223 -0.0043 0.2806 -1.0281 0.0487 0.2259 -1.0361 0.0641 0.2093 -1.0555 0.0694 0.2019 -1.0873 0.0651 0.2032 -1.0702 0.018 0.2531 -1.0825 0.0279 0.2417 -1.0975 0.0332 0.2348 -1.1137 0.0353 0.2311 -1.1008 0.0217 0.2463
63.0 -1.1339 -0.0053 0.2706 -1.0146 -0.0032 0.2803 -1.0223 0.0507 0.2244 -1.0302 0.0655 0.2085 -1.0496 0.0708 0.2011 -1.0788 0.0669 0.2022 -1.0643 0.0194 0.2522 -1.0766 0.0293 0.2409 -1.0907 0.0347 0.2339 -1.107 0.0374 0.2295 -1.0945 0.0231 0.2454
64.0 -1.1258 -0.006 0.2721 -1.0093 -0.0031 0.2807 -1.0134 0.0501 0.2259 -1.0232 0.0658 0.2088 -1.0416 0.0707 0.202 -1.0719 0.0678 0.202 -1.0591 0.0201 0.252 -1.0712 0.0288 0.2419 -1.0862 0.0341 0.235 -1.1035 0.0373 0.23 -1.0892 0.0229 0.2462
65.0 -1.1189 -0.0051 0.2718 -0.9983 -0.001 0.2797 -1.0079 0.049 0.2276 -1.0155 0.0675 0.2079 -1.0342 0.0735 0.1999 -1.0651 0.0693 0.2011 -1.0513 0.0205 0.2524 -1.0627 0.0306 0.2409 -1.0769 0.036 0.234 -1.0932 0.0387 0.2296 -1.0806 0.0241 0.2458
66.0 -1.1103 -0.0039 0.2715 -0.9913 -0.0007 0.28 -0.9992 0.0495 0.2279 -1.0077 0.0679 0.2082 -1.0245 0.0736 0.2007 -1.0556 0.07 0.2013 -1.0437 0.0222 0.2514 -1.0559 0.0315 0.2407 -1.0709 0.0368 0.2338 -1.0872 0.0395 0.2294 -1.0736 0.0252 0.2454
67.0 -1.1006 -0.0045 0.273 -0.9834 -0.0003 0.2803 -0.9908 0.0519 0.2263 -0.9984 0.0698 0.2072 -1.017 0.0758 0.1992 -1.0498 0.072 0.1998 -1.037 0.0243 0.2499 -1.049 0.0324 0.2404 -1.063 0.0373 0.2341 -1.0792 0.0393 0.2303 -1.0658 0.0258 0.2456
68.0 -1.0928 -0.0034 0.2727 -0.9781 -0.0007 0.2814 -0.9823 0.0536 0.2253 -0.9906 0.0709 0.2069 -1.0092 0.0763 0.1995 -1.0411 0.0726 0.2001 -1.0293 0.0253 0.2496 -1.0404 0.0336 0.2401 -1.0554 0.0389 0.2332 -1.0724 0.0403 0.2301 -1.0581 0.0269 0.2451
69.0 -1.0867 -0.0032 0.2731 -0.9694 -0.0002 0.2817 -0.9757 0.0558 0.2238 -0.984 0.073 0.2054 -1.0016 0.0785 0.198 -1.0326 0.0744 0.1992 -1.0216 0.027 0.2487 -1.0337 0.0357 0.2386 -1.0485 0.0398 0.2329 -1.0646 0.0413 0.2298 -1.051 0.0281 0.2446
70.0 -1.078 -0.0026 0.2734 -0.966 0.0009 0.2809 -0.9724 0.0574 0.2225 -0.978 0.0744 0.2046 -0.9965 0.0792 0.1978 -1.0275 0.0756 0.1984 -1.0157 0.0284 0.2479 -1.0277 0.0365 0.2383 -1.0416 0.0408 0.2326 -1.0586 0.0421 0.2295 -1.0443 0.029 0.2444
71.0 -1.0609 0.0003 0.2721 -0.9445 0.0032 0.2807 -0.9503 0.0616 0.2203 -0.9551 0.0787 0.2024 -0.9731 0.0861 0.1931 -1.0073 0.0808 0.1951 -0.9957 0.0347 0.2433 -1.0059 0.0425 0.2344 -1.0206 0.046 0.2293 -1.0373 0.0462 0.2275 -1.0241 0.034 0.2413
72.0 -1.0525 0.002 0.2711 -0.9368 0.0048 0.2798 -0.9413 0.0653 0.2175 -0.9441 0.0814 0.2007 -0.9618 0.087 0.1933 -0.9971 0.0828 0.1941 -0.9865 0.0372 0.2417 -0.9974 0.0443 0.2334 -1.0121 0.0478 0.2284 -1.0289 0.0486 0.2259 -1.0155 0.036 0.2401
73.0 -1.0491 0.0031 0.2704 -0.9355 0.0074 0.2772 -0.9363 0.0672 0.2161 -0.9399 0.0826 0.2 -0.9584 0.088 0.1926 -0.9929 0.084 0.1933 -0.9814 0.0385 0.2409 -0.9933 0.0461 0.232 -1.008 0.0496 0.227 -1.0266 0.0501 0.2246 -1.0117 0.0375 0.239
74.0 -1.0447 0.0031 0.2708 -0.9295 0.0083 0.277 -0.9289 0.07 0.2139 -0.9357 0.0838 0.1992 -0.954 0.088 0.193 -0.9889 0.0864 0.1912 -0.978 0.039 0.2408 -0.9898 0.0459 0.2325 -1.0053 0.0493 0.2275 -1.0229 0.0494 0.2257 -1.0081 0.0373 0.2395
75.0 -1.0413 0.0035 0.2707 -0.9252 0.0088 0.2768 -0.9272 0.0703 0.2138 -0.9333 0.0853 0.1978 -0.9517 0.0895 0.1917 -0.9855 0.0868 0.1911 -0.9746 0.0394 0.2406 -0.9864 0.047 0.2317 -1.002 0.0504 0.2267 -1.0197 0.051 0.2243 -1.0048 0.0383 0.2388
76.0 -1.038 0.0046 0.27 -0.9261 0.0087 0.2769 -0.9218 0.0698 0.2149 -0.9289 0.0853 0.1983 -0.9482 0.09 0.1915 -0.9829 0.0872 0.191 -0.9719 0.0392 0.2412 -0.9838 0.0467 0.2323 -0.9993 0.0501 0.2272 -1.017 0.0508 0.2248 -1.002 0.0383 0.2391
77.0 -1.0355 0.0056 0.2692 -0.9218 0.0093 0.2767 -0.919 0.0689 0.216 -0.9254 0.0852 0.1988 -0.9472 0.0889 0.1927 -0.9802 0.0869 0.1915 -0.9675 0.0392 0.2416 -0.9794 0.0467 0.2327 -0.9949 0.0501 0.2277 -1.0144 0.0511 0.2247 -0.9983 0.0385 0.2392
78.0 -1.0339 0.0064 0.2686 -0.9191 0.009 0.2772 -0.9166 0.0699 0.2153 -0.9227 0.0849 0.1993 -0.9446 0.0893 0.1926 -0.9776 0.0867 0.1921 -0.9646 0.0377 0.2434 -0.9766 0.0459 0.2339 -0.9922 0.0499 0.2282 -1.0117 0.0503 0.2258 -0.9958 0.038 0.24
79.0 -1.0312 0.0061 0.2691 -0.9193 0.0102 0.276 -0.913 0.0697 0.2158 -0.92 0.0847 0.1998 -0.9412 0.0897 0.1925 -0.9757 0.0863 0.1926 -0.9629 0.038 0.2433 -0.9748 0.0461 0.2338 -0.9905 0.0501 0.2282 -1.0092 0.0512 0.2251 -0.9937 0.0383 0.2399
80.0 -1.0296 0.007 0.2684 -0.9161 0.0119 0.2746 -0.9104 0.0701 0.2157 -0.9185 0.0861 0.1985 -0.9394 0.09 0.1924 -0.9739 0.0859 0.1932 -0.9621 0.0387 0.2427 -0.9732 0.0469 0.2331 -0.9889 0.0509 0.2275 -1.0076 0.0521 0.2244 -0.9923 0.0391 0.2392
81.0 -1.0289 0.0083 0.2671 -0.9163 0.0131 0.2734 -0.9088 0.0709 0.215 -0.9158 0.0858 0.199 -0.9378 0.0908 0.1918 -0.9724 0.0874 0.1919 -0.9621 0.0387 0.2427 -0.9733 0.0475 0.2325 -0.9882 0.0522 0.2262 -1.007 0.054 0.2225 -0.9919 0.0401 0.2382
82.0 -1.0271 0.0079 0.2677 -0.9156 0.0144 0.2721 -0.9072 0.0717 0.2143 -0.9133 0.0862 0.1989 -0.9352 0.0912 0.1917 -0.9705 0.0864 0.193 -0.9604 0.0389 0.2426 -0.9725 0.0476 0.2324 -0.9874 0.0524 0.2262 -1.007 0.054 0.2225 -0.9909 0.0402 0.2383
83.0 -1.0255 0.0087 0.267 -0.9354 0.0166 0.2679 -0.9036 0.071 0.2154 -0.9105 0.0853 0.2001 -0.9342 0.0901 0.1929 -0.9694 0.0853 0.1942 -0.9577 0.0386 0.2431 -0.969 0.0481 0.2323 -0.9848 0.0527 0.2261 -1.0044 0.0543 0.2224 -0.9883 0.0405 0.2382
84.0 -1.0246 0.0088 0.2669 -0.9221 0.016 0.2698 -0.9018 0.0712 0.2153 -0.9078 0.0851 0.2006 -0.9326 0.0909 0.1922 -0.9676 0.085 0.1948 -0.9567 0.0382 0.2437 -0.9689 0.0475 0.2329 -0.9848 0.0527 0.2261 -1.0037 0.055 0.2218 -0.9878 0.0405 0.2383
85.0 -1.0255 0.0087 0.267 -0.9231 0.0171 0.2686 -0.8992 0.071 0.2159 -0.9061 0.0853 0.2005 -0.9305 0.0893 0.194 -0.9648 0.0841 0.1959 -0.9568 0.0388 0.2431 -0.969 0.0481 0.2323 -0.9849 0.0533 0.2254 -1.0037 0.055 0.2218 -0.988 0.0408 0.2379
86.0 -1.0245 0.0083 0.2676 -0.9093 0.0183 0.2687 -0.8983 0.0711 0.2158 -0.9051 0.0848 0.2011 -0.9296 0.0889 0.1946 -0.963 0.0837 0.1965 -0.9559 0.0383 0.2437 -0.9681 0.0476 0.2329 -0.9831 0.0529 0.226 -1.0019 0.0547 0.2223 -0.9867 0.0404 0.2385
87.0 -1.0238 0.009 0.2669 -0.911 0.0181 0.2688 -0.8972 0.07 0.217 -0.9047 0.0825 0.2036 -0.9285 0.0878 0.1958 -0.9619 0.0827 0.1977 -0.9541 0.0379 0.2442 -0.9672 0.0477 0.2329 -0.9822 0.0531 0.226 -1.0011 0.0554 0.2217 -0.9857 0.0406 0.2383
88.0 -1.0221 0.0098 0.2662 -0.9157 0.0199 0.2665 -0.8952 0.0685 0.2188 -0.9025 0.0803 0.206 -0.9266 0.0868 0.1969 -0.9617 0.0815 0.1989 -0.9532 0.038 0.2442 -0.9655 0.048 0.2328 -0.9814 0.0532 0.2259 -1.0002 0.0555 0.2217 -0.9845 0.0409 0.2382
89.0 -1.0202 0.0088 0.2674 -0.9149 0.02 0.2664 -0.8952 0.0685 0.2188 -0.9014 0.0786 0.2078 -0.9252 0.084 0.2 -0.9588 0.08 0.2007 -0.9515 0.0383 0.2441 -0.9628 0.0477 0.2333 -0.9787 0.0529 0.2264 -0.9976 0.0553 0.2222 -0.9822 0.0406 0.2387
90.0 -1.0186 0.0097 0.2667 -0.908 0.0209 0.2662 -0.8934 0.0681 0.2194 -0.902 0.0773 0.2091 -0.9248 0.0816 0.2025 -0.9557 0.0774 0.2037 -0.9471 0.0383 0.2446 -0.9609 0.0468 0.2345 -0.9785 0.0517 0.2277 -0.998 0.0528 0.2247 -0.9806 0.0398 0.2396
91.0 -1.0175 0.0086 0.2679 -0.9183 0.0195 0.2666 -0.8955 0.0654 0.222 -0.9032 0.0741 0.2123 -0.9245 0.0798 0.2044 -0.9584 0.0776 0.2032 -0.9489 0.0386 0.244 -0.9619 0.0473 0.2339 -0.9776 0.0518 0.2277 -0.9973 0.0535 0.224 -0.9806 0.04 0.2395
92.0 -1.0175 0.0086 0.2679 -0.8995 0.0227 0.2652 -0.8974 0.0657 0.2214 -0.9057 0.0732 0.213 -0.926 0.0784 0.2057 -0.9566 0.0773 0.2037 -0.9506 0.0384 0.2441 -0.9635 0.0464 0.2346 -0.9792 0.051 0.2283 -0.998 0.0528 0.2247 -0.9818 0.0394 0.2399
93.0 -1.0169 0.0099 0.2666 -0.8975 0.0266 0.2614 -0.9054 0.0567 0.2299 -0.9179 0.0623 0.2228 -0.9309 0.0716 0.2121 -0.9503 0.0818 0.1997 -0.9473 0.0394 0.2433 -0.9594 0.0482 0.2332 -0.9735 0.0536 0.2262 -0.9901 0.0581 0.22 -0.9774 0.0418 0.2379
94.0 -1.0176 0.0092 0.2673 -0.8969 0.0279 0.2601 -0.906 0.0548 0.2317 -0.9206 0.0577 0.2273 -0.9326 0.0659 0.2178 -0.9492 0.0807 0.2009 -0.949 0.0392 0.2434 -0.9601 0.0475 0.2338 -0.9734 0.053 0.2269 -0.9901 0.0581 0.22 -0.9781 0.0414 0.2383
95.0 -1.0191 0.0078 0.2686 -0.896 0.028 0.2601 -0.9067 0.0541 0.2324 -0.9179 0.0575 0.2278 -0.9334 0.0657 0.2178 -0.9508 0.0793 0.2023 -0.9497 0.0379 0.2447 -0.9609 0.0468 0.2345 -0.9751 0.0528 0.2269 -0.9918 0.0573 0.2207 -0.9793 0.0405 0.2391
96.0 -1.0164 0.0069 0.2697 -0.8946 0.0301 0.2582 -0.9083 0.0527 0.2337 -0.9238 0.0561 0.2287 -0.9367 0.0641 0.2192 -0.9508 0.0793 0.2023 -0.948 0.0387 0.244 -0.9592 0.047 0.2344 -0.9733 0.0524 0.2275 -0.9909 0.0574 0.2207 -0.9776 0.0405 0.2393
97.0 -1.0193 0.0084 0.268 -0.8963 0.0298 0.2582 -0.9082 0.0521 0.2343 -0.922 0.0557 0.2292 -0.9389 0.062 0.2212 -0.9511 0.0762 0.2054 -0.9487 0.0374 0.2453 -0.9598 0.0457 0.2357 -0.9733 0.0524 0.2275 -0.991 0.058 0.2201 -0.9784 0.0404 0.2393
98.0 -1.0164 0.0069 0.2697 -0.8949 0.0319 0.2563 -0.9117 0.0522 0.2338 -0.9252 0.054 0.2306 -0.9395 0.06 0.2231 -0.9514 0.0731 0.2085 -0.9457 0.0403 0.2427 -0.9566 0.0473 0.2343 -0.9716 0.0527 0.2274 -0.9899 0.0569 0.2213 -0.976 0.0408 0.2391
99.0 -1.0165 0.0075 0.2691 -0.8971 0.034 0.2539 -0.9133 0.0514 0.2345 -0.9268 0.0532 0.2313 -0.9426 0.0578 0.225 -0.9551 0.0689 0.2124 -0.9446 0.0392 0.2439 -0.9564 0.0462 0.2356 -0.9714 0.0515 0.2287 -0.9898 0.0563 0.2219 -0.9757 0.0401 0.2398
100.0 -1.0156 0.0076 0.2691 -0.8964 0.0353 0.2526 -0.9148 0.0499 0.2358 -0.9307 0.0502 0.234 -0.943 0.0553 0.2276 -0.9549 0.0677 0.2137 -0.9431 0.0406 0.2426 -0.9556 0.0469 0.2349 -0.9706 0.0522 0.228 -0.989 0.0564 0.2218 -0.9748 0.0407 0.2393
101.0 -1.0156 0.0076 0.2691 -0.8992 0.0362 0.2515 -0.9191 0.0494 0.236 -0.9358 0.0489 0.2348 -0.9482 0.0546 0.2278 -0.9582 0.0667 0.2144 -0.9432 0.0412 0.2419 -0.9567 0.0479 0.2337 -0.9716 0.0527 0.2274 -0.9897 0.0557 0.2225 -0.9754 0.041 0.2389
102.0 -1.0149 0.0083 0.2684 -0.9001 0.036 0.2515 -0.9186 0.0464 0.2391 -0.9361 0.0458 0.2379 -0.9483 0.0503 0.2321 -0.9568 0.0638 0.2175 -0.9447 0.0398 0.2432 -0.9564 0.0462 0.2356 -0.9706 0.0522 0.228 -0.988 0.0559 0.2224 -0.9749 0.0405 0.2395
103.0 -1.0156 0.0076 0.2691 -0.9009 0.0359 0.2515 -0.9221 0.0465 0.2386 -0.9394 0.0448 0.2387 -0.9501 0.0507 0.2316 -0.9593 0.0629 0.2182 -0.9456 0.0397 0.2433 -0.9581 0.0459 0.2356 -0.9722 0.0513 0.2287 -0.9896 0.0551 0.2231 -0.9762 0.0399 0.24
104.0 -1.0173 0.0074 0.2692 -0.9019 0.0364 0.2509 -0.9216 0.0435 0.2417 -0.9393 0.0442 0.2393 -0.9534 0.049 0.233 -0.9626 0.0618 0.219 -0.9471 0.0383 0.2446 -0.9588 0.0446 0.2369 -0.972 0.0502 0.2299 -0.9895 0.0545 0.2237 -0.9769 0.039 0.2409
105.0 -1.0182 0.0073 0.2692 -0.9029 0.0369 0.2504 -0.924 0.042 0.2431 -0.94 0.0429 0.2406 -0.9533 0.0484 0.2336 -0.9647 0.0585 0.2222 -0.9472 0.0388 0.244 -0.9589 0.0452 0.2363 -0.9729 0.05 0.23 -0.9903 0.0538 0.2244 -0.9775 0.039 0.2408
106.0 -1.0164 0.0069 0.2697 -0.9041 0.0392 0.2479 -0.9257 0.0417 0.2431 -0.9424 0.0419 0.2413 -0.9547 0.0464 0.2355 -0.9643 0.0561 0.2246 -0.9457 0.0403 0.2427 -0.9581 0.0459 0.2356 -0.9721 0.0507 0.2293 -0.9895 0.0545 0.2237 -0.9764 0.0397 0.2402
107.0 -1.0188 0.0109 0.2655 -0.9067 0.0437 0.243 -0.939 0.0375 0.2461 -0.9559 0.0383 0.2437 -0.9682 0.0433 0.2373 -0.9792 0.051 0.2283 -0.9446 0.0392 0.2439 -0.9565 0.0468 0.235 -0.9707 0.0528 0.2274 -0.9893 0.0582 0.22 -0.976 0.0416 0.2383
108.0 -1.0181 0.0116 0.2648 -0.9058 0.0438 0.243 -0.9391 0.0381 0.2455 -0.9567 0.0382 0.2437 -0.9682 0.0433 0.2373 -0.9791 0.0504 0.229 -0.9431 0.0406 0.2426 -0.9549 0.0476 0.2343 -0.9691 0.0536 0.2267 -0.9876 0.0584 0.2199 -0.9745 0.0424 0.2376
109.0 -1.019 0.012 0.2642 -0.9066 0.0431 0.2436 -0.9389 0.0369 0.2468 -0.955 0.0384 0.2436 -0.9673 0.0435 0.2372 -0.9791 0.0504 0.229 -0.9437 0.0393 0.2438 -0.9556 0.0469 0.2349 -0.969 0.053 0.2273 -0.9877 0.059 0.2193 -0.975 0.0421 0.2379
110.0 -1.0167 0.0136 0.2629 -0.9075 0.0436 0.243 -0.9349 0.0393 0.2447 -0.955 0.0384 0.2436 -0.9673 0.0435 0.2372 -0.9801 0.0509 0.2284 -0.9439 0.0399 0.2432 -0.9549 0.0476 0.2343 -0.9691 0.0536 0.2267 -0.9869 0.0597 0.2186 -0.9743 0.0429 0.2371
111.0 -1.0164 0.0124 0.2641 -0.9075 0.0436 0.243 -0.9431 0.0357 0.2475 -0.9576 0.0381 0.2437 -0.9675 0.0441 0.2366 -0.9791 0.0504 0.229 -0.9414 0.0409 0.2425 -0.9533 0.0484 0.2336 -0.9675 0.0544 0.226 -0.987 0.0603 0.218 -0.9731 0.0433 0.2368
112.0 -1.0174 0.0129 0.2635 -0.9074 0.043 0.2437 -0.9365 0.0379 0.246 -0.9542 0.0385 0.2436 -0.9665 0.0436 0.2372 -0.9791 0.0504 0.229 -0.943 0.04 0.2432 -0.954 0.0477 0.2342 -0.9683 0.0537 0.2267 -0.9867 0.0586 0.2199 -0.9739 0.0426 0.2375
113.0 -1.0165 0.013 0.2635 -0.9066 0.0431 0.2436 -0.9398 0.0368 0.2468 -0.9559 0.0383 0.2437 -0.9682 0.0433 0.2373 -0.9808 0.0502 0.229 -0.9421 0.0401 0.2431 -0.954 0.0477 0.2342 -0.9691 0.0536 0.2267 -0.9877 0.059 0.2193 -0.9739 0.0427 0.2374
114.0 -1.0165 0.013 0.2635 -0.9075 0.0436 0.243 -0.9398 0.0368 0.2468 -0.9559 0.0383 0.2437 -0.9675 0.0441 0.2366 -0.98 0.0503 0.229 -0.9422 0.0407 0.2425 -0.9541 0.0483 0.2336 -0.9684 0.0543 0.226 -0.9861 0.0599 0.2186 -0.9735 0.0432 0.2369
115.0 -1.0165 0.013 0.2635 -0.9084 0.0435 0.2431 -0.9397 0.0362 0.2474 -0.9567 0.0382 0.2437 -0.9673 0.0435 0.2372 -0.98 0.0503 0.229 -0.942 0.0395 0.2438 -0.954 0.0477 0.2342 -0.9683 0.0537 0.2267 -0.9868 0.0592 0.2193 -0.9735 0.0426 0.2375
116.0 -1.0165 0.013 0.2635 -0.9084 0.0435 0.2431 -0.9399 0.0374 0.2462 -0.9567 0.0382 0.2437 -0.9682 0.0433 0.2373 -0.98 0.0503 0.229 -0.9421 0.0401 0.2431 -0.954 0.0477 0.2342 -0.9684 0.0543 0.226 -0.9869 0.0597 0.2186 -0.9736 0.043 0.2371
117.0 -1.0173 0.0123 0.2642 -0.9084 0.0435 0.2431 -0.9398 0.0368 0.2468 -0.9567 0.0382 0.2437 -0.9682 0.0433 0.2373 -0.98 0.0503 0.229 -0.9421 0.0401 0.2431 -0.954 0.0477 0.2342 -0.9684 0.0543 0.226 -0.9861 0.0599 0.2186 -0.9736 0.0429 0.2372
118.0 -1.0165 0.013 0.2635 -0.9084 0.0435 0.2431 -0.9406 0.0367 0.2468 -0.9567 0.0382 0.2437 -0.9683 0.0439 0.2367 -0.9792 0.051 0.2283 -0.9422 0.0407 0.2425 -0.9541 0.0483 0.2336 -0.9685 0.0549 0.2254 -0.987 0.0603 0.218 -0.9737 0.0435 0.2366
119.0 -1.014 0.0133 0.2634 -0.9078 0.0448 0.2418 -0.943 0.0351 0.2482 -0.9585 0.0379 0.2438 -0.9692 0.0438 0.2367 -0.9793 0.0516 0.2277 -0.9399 0.0423 0.2412 -0.9518 0.0498 0.2323 -0.967 0.0563 0.2241 -0.9855 0.0618 0.2167 -0.9716 0.0447 0.2355
120.0 -1.0165 0.013 0.2635 -0.9069 0.0449 0.2418 -0.9429 0.0345 0.2488 -0.9575 0.0375 0.2444 -0.9682 0.0433 0.2373 -0.9792 0.051 0.2283 -0.9406 0.0416 0.2418 -0.9525 0.0491 0.2329 -0.9685 0.0549 0.2254 -0.9871 0.0609 0.2174 -0.9731 0.0439 0.2362
121.0 -1.0147 0.0126 0.2641 -0.9086 0.0447 0.2418 -0.943 0.0351 0.2482 -0.9575 0.0375 0.2444 -0.9682 0.0433 0.2373 -0.9791 0.0504 0.229 -0.9398 0.0417 0.2418 -0.9516 0.0492 0.2329 -0.966 0.0559 0.2247 -0.9855 0.0618 0.2167 -0.9715 0.0442 0.236
122.0 -1.0149 0.0138 0.2628 -0.9086 0.0447 0.2418 -0.9422 0.0353 0.2481 -0.9576 0.0381 0.2437 -0.9691 0.0432 0.2373 -0.98 0.0503 0.229 -0.9398 0.0417 0.2418 -0.9525 0.0491 0.2329 -0.9676 0.055 0.2254 -0.9871 0.0609 0.2174 -0.9724 0.0441 0.2361
123.0 -1.0157 0.0131 0.2635 -0.9102 0.0438 0.2425 -0.938 0.0364 0.2473 -0.9558 0.0377 0.2443 -0.9665 0.0436 0.2372 -0.9792 0.051 0.2283 -0.9414 0.0409 0.2425 -0.9532 0.0478 0.2342 -0.9684 0.0543 0.226 -0.9869 0.0597 0.2186 -0.9731 0.0432 0.237
124.0 -1.0139 0.0127 0.264 -0.9086 0.0447 0.2418 -0.9363 0.0373 0.2467 -0.9557 0.0371 0.2449 -0.9672 0.0429 0.2379 -0.9792 0.051 0.2283 -0.9414 0.0409 0.2425 -0.9532 0.0478 0.2342 -0.9684 0.0543 0.226 -0.987 0.0603 0.218 -0.9728 0.0432 0.237
125.0 -1.0147 0.0126 0.2641 -0.9079 0.0454 0.2412 -0.9413 0.0354 0.2481 -0.9565 0.037 0.2449 -0.9682 0.0433 0.2373 -0.9801 0.0509 0.2284 -0.9406 0.0416 0.2418 -0.9524 0.0485 0.2335 -0.9676 0.055 0.2254 -0.9863 0.0611 0.2174 -0.9723 0.0438 0.2364
126.0 -1.0157 0.0131 0.2635 -0.9084 0.0435 0.2431 -0.9388 0.0363 0.2474 -0.9549 0.0378 0.2443 -0.9664 0.043 0.2378 -0.9783 0.0505 0.2289 -0.9406 0.0416 0.2418 -0.9525 0.0491 0.2329 -0.9676 0.055 0.2254 -0.9862 0.0605 0.218 -0.9725 0.0439 0.2363
127.0 -1.0156 0.0125 0.2641 -0.9078 0.0448 0.2418 -0.9428 0.0339 0.2494 -0.9574 0.0369 0.245 -0.9681 0.0427 0.2379 -0.98 0.0503 0.229 -0.9406 0.0416 0.2418 -0.9525 0.0491 0.2329 -0.9685 0.0549 0.2254 -0.9879 0.0602 0.2181 -0.973 0.0437 0.2365
128.0 -1.014 0.0133 0.2634 -0.9095 0.0445 0.2419 -0.9405 0.0361 0.2474 -0.9567 0.0382 0.2437 -0.9665 0.0436 0.2372 -0.9784 0.0511 0.2283 -0.9405 0.041 0.2425 -0.9523 0.0479 0.2342 -0.9667 0.0545 0.226 -0.9862 0.0605 0.218 -0.9719 0.0434 0.2368
129.0 -1.014 0.0133 0.2634 -0.9086 0.0447 0.2418 -0.9429 0.0345 0.2488 -0.9575 0.0375 0.2444 -0.9672 0.0429 0.2379 -0.98 0.0503 0.229 -0.9405 0.041 0.2425 -0.9524 0.0485 0.2335 -0.9676 0.055 0.2254 -0.987 0.0603 0.218 -0.9723 0.0436 0.2366
130.0 -1.0157 0.0131 0.2635 -0.9078 0.0448 0.2418 -0.9404 0.0355 0.2481 -0.9566 0.0376 0.2443 -0.9675 0.0441 0.2366 -0.9809 0.0508 0.2284 -0.9414 0.0409 0.2425 -0.9533 0.0484 0.2336 -0.9685 0.0549 0.2254 -0.9879 0.0602 0.2181 -0.9733 0.0435 0.2366
131.0 -1.0138 0.0121 0.2646 -0.9067 0.0437 0.243 -0.9421 0.0347 0.2488 -0.9581 0.0361 0.2456 -0.9697 0.0419 0.2386 -0.9809 0.0508 0.2284 -0.9405 0.041 0.2425 -0.9524 0.0485 0.2335 -0.9668 0.0551 0.2254 -0.9863 0.0611 0.2174 -0.9719 0.0436 0.2367
132.0 -1.0156 0.0125 0.2641 -0.9084 0.0435 0.2431 -0.9397 0.0362 0.2474 -0.9573 0.0363 0.2456 -0.9689 0.042 0.2386 -0.9792 0.051 0.2283 -0.9422 0.0407 0.2425 -0.9532 0.0478 0.2342 -0.9683 0.0537 0.2267 -0.9868 0.0592 0.2193 -0.9732 0.0428 0.2373
133.0 -1.0165 0.013 0.2635 -0.9082 0.0423 0.2443 -0.9423 0.0358 0.2475 -0.9592 0.0372 0.2444 -0.9691 0.0432 0.2373 -0.9802 0.0515 0.2278 -0.9422 0.0407 0.2425 -0.9533 0.0484 0.2336 -0.9684 0.0543 0.226 -0.9869 0.0597 0.2186 -0.9735 0.0432 0.2369
134.0 -1.0164 0.0124 0.2641 -0.9074 0.043 0.2437 -0.9398 0.0368 0.2468 -0.9557 0.0371 0.2449 -0.9681 0.0427 0.2379 -0.9801 0.0509 0.2284 -0.9423 0.0413 0.2419 -0.9541 0.0483 0.2336 -0.9684 0.0543 0.226 -0.9878 0.0596 0.2187 -0.9738 0.0432 0.2369
135.0 -1.0164 0.0124 0.2641 -0.9055 0.042 0.2448 -0.9372 0.0371 0.2467 -0.9549 0.0378 0.2443 -0.9672 0.0429 0.2379 -0.98 0.0503 0.229 -0.9422 0.0407 0.2425 -0.9541 0.0483 0.2336 -0.9684 0.0543 0.226 -0.9878 0.0596 0.2187 -0.9738 0.0431 0.237
136.0 -1.0182 0.0122 0.2642 -0.9061 0.0401 0.2467 -0.9331 0.0389 0.2453 -0.9532 0.038 0.2442 -0.9672 0.0429 0.2379 -0.9807 0.0496 0.2296 -0.9447 0.0398 0.2432 -0.9565 0.0468 0.235 -0.9699 0.0529 0.2274 -0.9884 0.0583 0.22 -0.9755 0.042 0.2379
137.0 -1.0174 0.0129 0.2635 -0.9043 0.0404 0.2467 -0.934 0.0388 0.2453 -0.9533 0.0386 0.2436 -0.9655 0.0431 0.2378 -0.9791 0.0504 0.229 -0.9448 0.0404 0.2426 -0.9566 0.0473 0.2343 -0.97 0.0535 0.2267 -0.9885 0.0589 0.2193 -0.9755 0.0426 0.2373
138.0 -1.0201 0.0131 0.263 -0.904 0.0386 0.2485 -0.9255 0.0406 0.2444 -0.9499 0.0391 0.2434 -0.964 0.0445 0.2365 -0.9776 0.0518 0.2277 -0.9445 0.0386 0.2445 -0.9564 0.0462 0.2356 -0.9707 0.0528 0.2274 -0.9885 0.0589 0.2193 -0.976 0.0419 0.238
139.0 -1.0234 0.0121 0.2638 -0.9056 0.0377 0.2492 -0.917 0.0472 0.2384 -0.9432 0.0412 0.2419 -0.9611 0.0431 0.2383 -0.975 0.0522 0.2276 -0.9481 0.0393 0.2434 -0.9598 0.0457 0.2357 -0.9722 0.0513 0.2287 -0.99 0.0575 0.2206 -0.9787 0.0412 0.2384
140.0 -1.0261 0.0123 0.2633 -0.9035 0.0356 0.2516 -0.9174 0.0447 0.2409 -0.9427 0.0431 0.24 -0.9591 0.0464 0.2351 -0.9712 0.0552 0.2249 -0.9512 0.0365 0.246 -0.9613 0.0443 0.237 -0.974 0.0511 0.2288 -0.9901 0.0581 0.22 -0.9805 0.0405 0.239
141.0 -1.0285 0.0108 0.2646 -0.9024 0.0345 0.2528 -0.9107 0.0517 0.2344 -0.9353 0.0466 0.2373 -0.9535 0.0496 0.2323 -0.9638 0.0586 0.2221 -0.9532 0.038 0.2442 -0.964 0.0445 0.2365 -0.9773 0.0501 0.2295 -0.9924 0.056 0.222 -0.9831 0.0399 0.2394
142.0 -1.0285 0.0108 0.2646 -0.904 0.0282 0.2591 -0.9054 0.0567 0.2299 -0.9243 0.0535 0.2312 -0.9465 0.0548 0.2277 -0.9601 0.0622 0.2189 -0.954 0.0373 0.2448 -0.9641 0.0451 0.2359 -0.9765 0.0508 0.2289 -0.9918 0.0573 0.2207 -0.983 0.0402 0.239
143.0 -1.0254 0.0081 0.2676 -0.9063 0.0163 0.2711 -0.8966 0.0616 0.2258 -0.9008 0.0702 0.2166 -0.9173 0.074 0.2109 -0.948 0.0784 0.2034 -0.9545 0.0354 0.2467 -0.9648 0.0438 0.2371 -0.9789 0.0492 0.2302 -0.9971 0.0529 0.2247 -0.9841 0.0379 0.2413
144.0 -1.025 0.0112 0.2645 -0.9095 0.0146 0.2725 -0.8961 0.0635 0.2239 -0.8995 0.0728 0.214 -0.9188 0.0775 0.2073 -0.949 0.0795 0.2022 -0.9539 0.0367 0.2455 -0.9642 0.0457 0.2353 -0.9785 0.0517 0.2277 -0.9967 0.0554 0.2221 -0.9837 0.0402 0.239
145.0 -1.0242 0.0114 0.2644 -0.9162 0.0125 0.274 -0.8961 0.0635 0.2239 -0.9006 0.0744 0.2122 -0.9199 0.0792 0.2054 -0.9529 0.0814 0.1998 -0.9546 0.036 0.2461 -0.9651 0.0456 0.2353 -0.9802 0.0515 0.2278 -0.9976 0.0553 0.2222 -0.9843 0.0399 0.2392
146.0 -1.0297 0.0076 0.2678 -0.9108 0.012 0.275 -0.8969 0.0633 0.2239 -0.9016 0.0749 0.2116 -0.9204 0.0816 0.203 -0.9549 0.083 0.198 -0.958 0.0355 0.2463 -0.9684 0.0445 0.236 -0.9826 0.05 0.2291 -1.0007 0.053 0.2242 -0.9879 0.0381 0.2407
147.0 -1.0297 0.0076 0.2678 -0.9141 0.0109 0.2758 -0.8987 0.0631 0.224 -0.9029 0.0772 0.2091 -0.9232 0.0824 0.2018 -0.9583 0.0819 0.1988 -0.9579 0.035 0.2469 -0.9683 0.0439 0.2367 -0.9834 0.0498 0.2291 -1.0024 0.0528 0.2242 -0.9883 0.0378 0.2409
148.0 -1.0322 0.0072 0.2679 -0.9183 0.0098 0.2766 -0.9011 0.0622 0.2247 -0.9037 0.0771 0.2092 -0.925 0.0828 0.2013 -0.9594 0.0836 0.197 -0.9594 0.0335 0.2482 -0.97 0.0437 0.2367 -0.9844 0.0503 0.2285 -1.0025 0.0534 0.2236 -0.9897 0.0376 0.241
149.0 -1.0314 0.0073 0.2678 -0.9182 0.0092 0.2772 -0.9003 0.0623 0.2247 -0.9046 0.077 0.2092 -0.9251 0.0834 0.2006 -0.9628 0.0826 0.1977 -0.9588 0.0348 0.2469 -0.9694 0.045 0.2355 -0.9844 0.0503 0.2285 -1.0025 0.0534 0.2236 -0.9893 0.0382 0.2405
150.0 -1.0332 0.0077 0.2673 -0.919 0.0084 0.2778 -0.901 0.0616 0.2253 -0.9065 0.0779 0.208 -0.9253 0.0846 0.1994 -0.9648 0.0841 0.1959 -0.9605 0.0346 0.247 -0.9711 0.0448 0.2355 -0.9861 0.0501 0.2286 -1.0043 0.0537 0.2231 -0.9911 0.0382 0.2403
151.0 -1.034 0.007 0.2679 -0.9214 0.0069 0.2792 -0.9017 0.0603 0.2266 -0.9075 0.0784 0.2074 -0.9281 0.0854 0.1983 -0.9659 0.0852 0.1947 -0.9598 0.0353 0.2463 -0.9702 0.0449 0.2355 -0.9853 0.0508 0.228 -1.0043 0.0537 0.2231 -0.9907 0.0383 0.2401
152.0 -1.0357 0.0067 0.268 -0.9186 0.0061 0.2803 -0.9026 0.0607 0.226 -0.9091 0.0776 0.2081 -0.9288 0.0847 0.1989 -0.9675 0.0844 0.1954 -0.9606 0.0352 0.2464 -0.9711 0.0448 0.2355 -0.9862 0.0507 0.228 -1.0052 0.0536 0.2231 -0.9918 0.0382 0.2402
153.0 -1.0373 0.0059 0.2687 -0.9186 0.0061 0.2803 -0.9034 0.06 0.2266 -0.9102 0.0787 0.2069 -0.9305 0.0845 0.199 -0.9683 0.0842 0.1954 -0.9624 0.0356 0.2458 -0.9728 0.0445 0.2356 -0.9887 0.0497 0.2287 -1.0077 0.0527 0.2238 -0.9938 0.0377 0.2405
154.0 -1.0365 0.0066 0.268 -0.9204 0.0064 0.2798 -0.9066 0.0584 0.228 -0.9128 0.0783 0.207 -0.9324 0.0848 0.1984 -0.9692 0.0841 0.1955 -0.9641 0.0347 0.2465 -0.9744 0.0437 0.2363 -0.9904 0.0495 0.2288 -1.0094 0.0524 0.2239 -0.995 0.0374 0.2407
155.0 -1.0374 0.0065 0.2681 -0.9222 0.0068 0.2792 -0.9059 0.0591 0.2274 -0.9135 0.0776 0.2077 -0.9332 0.0847 0.1985 -0.9709 0.0839 0.1955 -0.9659 0.0351 0.2459 -0.9761 0.0435 0.2363 -0.9913 0.0494 0.2288 -1.0111 0.0522 0.224 -0.9964 0.0373 0.2406
156.0 -1.0399 0.0056 0.2688 -0.9211 0.0057 0.2804 -0.9075 0.0583 0.2281 -0.9144 0.0775 0.2077 -0.9332 0.0847 0.1985 -0.9701 0.084 0.1955 -0.9659 0.0351 0.2459 -0.9761 0.0435 0.2363 -0.992 0.0487 0.2295 -1.0101 0.0517 0.2245 -0.9968 0.0369 0.241
157.0 -1.0406 0.0049 0.2694 -0.9212 0.0063 0.2798 -0.9081 0.0569 0.2293 -0.9151 0.0768 0.2084 -0.934 0.084 0.1991 -0.9708 0.0833 0.1962 -0.9674 0.0337 0.2472 -0.9778 0.0427 0.237 -0.9929 0.0486 0.2295 -1.011 0.0516 0.2246 -0.9979 0.0363 0.2416
158.0 -1.0406 0.0049 0.2694 -0.9227 0.0043 0.2817 -0.9082 0.0575 0.2287 -0.9141 0.0757 0.2096 -0.934 0.084 0.1991 -0.9725 0.0831 0.1962 -0.9665 0.0338 0.2472 -0.9769 0.0428 0.237 -0.9928 0.048 0.2301 -1.0109 0.051 0.2252 -0.9975 0.0361 0.2418
159.0 -1.0422 0.004 0.2701 -0.9218 0.0044 0.2817 -0.9081 0.0569 0.2293 -0.9159 0.0761 0.209 -0.9364 0.0825 0.2004 -0.9725 0.0831 0.1962 -0.9683 0.0336 0.2473 -0.9786 0.0425 0.2371 -0.9936 0.0478 0.2301 -1.0118 0.0509 0.2252 -0.9989 0.0358 0.242
160.0 -1.0413 0.0035 0.2707 -0.9245 0.0047 0.2812 -0.9089 0.0562 0.23 -0.9155 0.0737 0.2115 -0.9363 0.0819 0.2011 -0.9739 0.081 0.1982 -0.9673 0.0331 0.2479 -0.9777 0.0421 0.2376 -0.9935 0.0473 0.2308 -1.0124 0.0496 0.2265 -0.9984 0.0351 0.2427
161.0 -1.0422 0.004 0.2701 -0.9252 0.0039 0.2818 -0.9097 0.0561 0.23 -0.9171 0.0728 0.2122 -0.937 0.0811 0.2017 -0.9748 0.0809 0.1982 -0.9681 0.033 0.2479 -0.9793 0.0412 0.2383 -0.9951 0.0464 0.2315 -1.0133 0.0495 0.2265 -0.9996 0.0348 0.2429
162.0 -1.0421 0.0034 0.2707 -0.9251 0.0033 0.2824 -0.9105 0.0554 0.2307 -0.918 0.0733 0.2116 -0.938 0.0816 0.2011 -0.9739 0.081 0.1982 -0.969 0.0328 0.2479 -0.9801 0.0411 0.2384 -0.9951 0.0464 0.2315 -1.014 0.0488 0.2272 -1.0001 0.0345 0.2431
163.0 -1.042 0.0028 0.2714 -0.9268 0.0031 0.2825 -0.9114 0.0553 0.2307 -0.9189 0.0732 0.2116 -0.9379 0.081 0.2018 -0.9763 0.0795 0.1995 -0.969 0.0328 0.2479 -0.9793 0.0412 0.2383 -0.995 0.0458 0.2321 -1.0139 0.0482 0.2278 -0.9999 0.0342 0.2435
164.0 -1.0455 0.0024 0.2715 -0.9314 0.0037 0.2814 -0.9185 0.0562 0.2291 -0.9249 0.0724 0.2119 -0.9456 0.08 0.2021 -0.9816 0.0794 0.1991 -0.975 0.032 0.2482 -0.9854 0.041 0.2379 -1.0012 0.0456 0.2317 -1.0199 0.0474 0.228 -1.0054 0.0337 0.2435
165.0 -1.0473 0.0027 0.2709 -0.934 0.004 0.2809 -0.9214 0.0576 0.2273 -0.9276 0.0726 0.2113 -0.9473 0.0798 0.2021 -0.9822 0.0781 0.2004 -0.9768 0.0324 0.2476 -0.9871 0.0408 0.238 -1.002 0.0455 0.2317 -1.0208 0.0472 0.2281 -1.0068 0.0337 0.2433
166.0 -1.0677 -0.0012 0.273 -0.9508 -0.0007 0.2841 -0.9477 0.0467 0.2359 -0.9474 0.0651 0.2171 -0.9665 0.0735 0.2066 -1.0002 0.0751 0.2017 -0.9978 0.0265 0.2515 -1.0073 0.0356 0.2413 -1.0216 0.0416 0.2337 -1.0379 0.0443 0.2294 -1.0265 0.0294 0.2458
167.0 -1.0721 -0.0012 0.2725 -0.9541 -0.0018 0.2848 -0.961 0.0425 0.2389 -0.9569 0.0644 0.2169 -0.9716 0.0728 0.2068 -1.0053 0.0744 0.2019 -1.0044 0.0238 0.2537 -1.0132 0.0342 0.2421 -1.0265 0.0397 0.2352 -1.0421 0.0431 0.2301 -1.0317 0.0279 0.2467
168.0 -1.0757 -0.0011 0.272 -0.9609 -0.0033 0.2857 -0.9635 0.0415 0.2396 -0.9585 0.063 0.2182 -0.9757 0.071 0.2082 -1.0103 0.0725 0.2033 -1.0085 0.022 0.2551 -1.0173 0.0324 0.2436 -1.0307 0.0386 0.236 -1.0471 0.0418 0.231 -1.0359 0.0268 0.2475
169.0 -1.0782 -0.0014 0.2721 -0.9689 -0.0032 0.2848 -0.9669 0.0411 0.2397 -0.9625 0.0612 0.2196 -0.9812 0.0721 0.2066 -1.0145 0.0713 0.2041 -1.0125 0.0203 0.2565 -1.0214 0.0307 0.245 -1.0349 0.0374 0.2367 -1.0513 0.0407 0.2318 -1.0397 0.0255 0.2484
170.0 -1.0876 -0.0033 0.2731 -0.9729 -0.0049 0.2862 -0.967 0.0417 0.2391 -0.9693 0.0597 0.2205 -0.9861 0.0702 0.208 -1.017 0.071 0.2042 -1.0185 0.0188 0.2573 -1.0273 0.0293 0.2458 -1.0408 0.036 0.2376 -1.0573 0.0399 0.232 -1.0463 0.0241 0.2492
171.0 -1.0962 -0.0045 0.2735 -0.977 -0.0067 0.2876 -0.969 0.0426 0.2379 -0.9747 0.0602 0.2194 -0.992 0.0688 0.2088 -1.0229 0.0695 0.2051 -1.0237 0.0187 0.2569 -1.0334 0.029 0.2454 -1.0469 0.0358 0.2372 -1.0633 0.039 0.2322 -1.0527 0.0236 0.249
172.0 -1.1011 -0.0064 0.2749 -0.9847 -0.0084 0.2885 -0.9724 0.0422 0.2381 -0.9781 0.0597 0.2196 -0.9963 0.0683 0.209 -1.0289 0.0681 0.2059 -1.0279 0.0176 0.2577 -1.0376 0.0279 0.2462 -1.051 0.034 0.2386 -1.0683 0.0372 0.2337 -1.0572 0.022 0.2502
173.0 -1.107 -0.0078 0.2758 -0.9904 -0.011 0.2906 -0.9766 0.041 0.2389 -0.9806 0.0588 0.2203 -1.0019 0.0651 0.2117 -1.0336 0.0651 0.2086 -1.0347 0.016 0.2586 -1.0443 0.0257 0.2477 -1.0578 0.0325 0.2395 -1.0742 0.0358 0.2345 -1.0636 0.0204 0.2512
174.0 -1.1145 -0.0106 0.2779 -0.9956 -0.0111 0.2902 -0.9815 0.0391 0.2403 -0.9821 0.0573 0.2216 -1.0062 0.0645 0.2119 -1.0387 0.0644 0.2088 -1.0404 0.0134 0.2607 -1.0492 0.0238 0.2492 -1.0626 0.03 0.2416 -1.0791 0.0339 0.236 -1.0692 0.0181 0.2531
175.0 -1.118 -0.0105 0.2774 -1.0039 -0.014 0.2924 -0.9889 0.0357 0.2431 -0.9894 0.0539 0.2244 -1.011 0.0614 0.2146 -1.0437 0.0625 0.2102 -1.0453 0.0116 0.2621 -1.0542 0.022 0.2506 -1.0677 0.0287 0.2424 -1.0842 0.0326 0.2368 -1.0739 0.0169 0.2539
176.0 -1.1253 -0.0139 0.2802 -1.008 -0.0158 0.2938 -0.9941 0.0356 0.2427 -0.9979 0.0522 0.2253 -1.0168 0.0594 0.2161 -1.0497 0.0617 0.2105 -1.0511 0.0095 0.2636 -1.0607 0.0192 0.2527 -1.0734 0.0261 0.2445 -1.0909 0.0304 0.2383 -1.0803 0.0143 0.2559
177.0 -1.1304 -0.0152 0.281 -1.0138 -0.0178 0.2953 -0.9971 0.0327 0.2453 -1.0036 0.0496 0.2274 -1.0225 0.0568 0.2181 -1.0544 0.0586 0.2131 -1.0551 0.0072 0.2656 -1.0649 0.0181 0.2535 -1.0784 0.0248 0.2453 -1.0959 0.0292 0.2391 -1.085 0.0128 0.2569
178.0 -1.1345 -0.017 0.2824 -1.0197 -0.0192 0.2961 -1.0029 0.0307 0.2467 -1.0076 0.0472 0.2294 -1.0255 0.0539 0.2208 -1.0593 0.0561 0.2152 -1.0602 0.0059 0.2664 -1.069 0.0163 0.2549 -1.0834 0.0229 0.2467 -1.1009 0.0273 0.2405 -1.0896 0.0111 0.2582
179.0 -1.1385 -0.0187 0.2838 -1.0271 -0.022 0.2983 -1.0087 0.0287 0.2482 -1.012 0.0472 0.229 -1.0306 0.0532 0.221 -1.0627 0.0556 0.2153 -1.066 0.0039 0.2679 -1.0748 0.0143 0.2564 -1.0892 0.0209 0.2482 -1.1067 0.0253 0.242 -1.095 0.0091 0.2597
180.0 -1.1439 -0.0182 0.2828 -1.0339 -0.0236 0.2992 -1.0128 0.0269 0.2496 -1.0193 0.0438 0.2318 -1.0366 0.0518 0.2218 -1.0694 0.0535 0.2168 -1.0718 0.0019 0.2694 -1.0806 0.0123 0.2579 -1.0942 0.0196 0.249 -1.1117 0.024 0.2428 -1.1005 0.0079 0.2604
181.0 -1.1497 -0.0203 0.2843 -1.0382 -0.0241 0.2993 -1.0229 0.0243 0.2513 -1.0252 0.0424 0.2326 -1.0425 0.0504 0.2227 -1.0752 0.0515 0.2183 -1.0777 0.0005 0.2702 -1.0866 0.0109 0.2587 -1.1 0.0176 0.2505 -1.1175 0.022 0.2443 -1.1063 0.0061 0.2616
182.0 -1.1558 -0.0205 0.2839 -1.0474 -0.0266 0.3009 -1.0287 0.0223 0.2527 -1.032 0.0408 0.2335 -1.0491 0.0483 0.2242 -1.0819 0.0494 0.2198 -1.0846 -0.0005 0.2705 -1.0934 0.0099 0.259 -1.1061 0.0168 0.2507 -1.1226 0.0207 0.2451 -1.1125 0.0053 0.2619
183.0 -1.1611 -0.0206 0.2835 -1.0541 -0.0287 0.3024 -1.0349 0.0221 0.2524 -1.0379 0.0394 0.2344 -1.0561 0.048 0.2238 -1.0881 0.0498 0.2188 -1.0905 -0.0019 0.2714 -1.0986 0.0092 0.2592 -1.1121 0.016 0.251 -1.1286 0.0199 0.2454 -1.1182 0.0045 0.2621
184.0 -1.1704 -0.0224 0.2845 -1.0593 -0.0294 0.3026 -1.0417 0.0212 0.2526 -1.0456 0.0384 0.2347 -1.0638 0.0469 0.2241 -1.0949 0.0482 0.2197 -1.0982 -0.0029 0.2717 -1.1072 0.0081 0.2595 -1.1198 0.0149 0.2513 -1.1363 0.0188 0.2457 -1.1264 0.0033 0.2625
185.0 -1.1772 -0.024 0.2853 -1.068 -0.03 0.3023 -1.0496 0.0207 0.2523 -1.0534 0.0373 0.235 -1.0705 0.0448 0.2256 -1.1032 0.0459 0.2213 -1.1052 -0.0032 0.2713 -1.1141 0.0072 0.2598 -1.1267 0.014 0.2515 -1.144 0.0172 0.2466 -1.1334 0.0022 0.2629
186.0 -1.1834 -0.0236 0.2843 -1.0747 -0.0315 0.3032 -1.054 0.0208 0.2518 -1.0612 0.0369 0.2346 -1.0801 0.0441 0.2254 -1.1103 0.0461 0.2203 -1.1121 -0.0042 0.2716 -1.1219 0.0067 0.2595 -1.1354 0.0134 0.2513 -1.1519 0.0173 0.2456 -1.1409 0.0019 0.2625
187.0 -1.2228 -0.0301 0.2871 -1.1149 -0.0382 0.306 -1.0949 0.0134 0.2553 -1.0978 0.0301 0.2379 -1.115 0.0376 0.2286 -1.1479 0.0398 0.223 -1.1507 -0.0094 0.2731 -1.1587 0.0011 0.2615 -1.1721 0.0073 0.2539 -1.1886 0.0111 0.2483 -1.1786 -0.004 0.2648
188.0 -1.2305 -0.0312 0.2874 -1.1233 -0.0405 0.3076 -1.1016 0.0113 0.2568 -1.1046 0.0286 0.2388 -1.1219 0.0366 0.2289 -1.1557 0.0388 0.2233 -1.1575 -0.0109 0.274 -1.1655 -0.0004 0.2624 -1.179 0.0063 0.2542 -1.1955 0.0102 0.2486 -1.1856 -0.0052 0.2653
189.0 -1.2373 -0.0327 0.2883 -1.1336 -0.0419 0.308 -1.1092 0.0096 0.2577 -1.1122 0.0269 0.2397 -1.1286 0.0351 0.2298 -1.1624 0.0373 0.2242 -1.1651 -0.0126 0.2749 -1.1731 -0.002 0.2633 -1.1858 0.0048 0.2551 -1.2022 0.0081 0.2501 -1.1927 -0.0069 0.2663
190.0 -1.2466 -0.0346 0.2893 -1.1388 -0.0426 0.3082 -1.1159 0.0075 0.2592 -1.1189 0.0248 0.2412 -1.1352 0.0324 0.2319 -1.1682 0.0353 0.2257 -1.1728 -0.0142 0.2758 -1.1808 -0.0037 0.2643 -1.1933 0.0026 0.2566 -1.2098 0.0064 0.251 -1.2007 -0.0087 0.2674
191.0 -1.2542 -0.0362 0.2902 -1.1472 -0.0444 0.3092 -1.1234 0.0053 0.2608 -1.1274 0.0231 0.2422 -1.1438 0.0312 0.2322 -1.1749 0.0332 0.2272 -1.1804 -0.0158 0.2767 -1.1874 -0.0058 0.2658 -1.2001 0.001 0.2575 -1.2166 0.0049 0.2519 -1.2077 -0.0104 0.2684
192.0 -1.2621 -0.0366 0.2899 -1.1556 -0.0467 0.3107 -1.13 0.0026 0.2629 -1.1347 0.0196 0.245 -1.1503 0.0285 0.2343 -1.1807 0.0311 0.2287 -1.1888 -0.0182 0.2783 -1.1959 -0.0076 0.2667 -1.2087 -0.0001 0.2578 -1.2242 0.0033 0.2528 -1.2159 -0.0118 0.2691
193.0 -1.269 -0.0376 0.2902 -1.1649 -0.0492 0.3123 -1.1377 0.0015 0.2632 -1.1424 0.0186 0.2453 -1.1588 0.0268 0.2353 -1.1885 0.0301 0.229 -1.1957 -0.0191 0.2786 -1.2029 -0.0079 0.2664 -1.2155 -0.001 0.2581 -1.2311 0.0024 0.2531 -1.2228 -0.0127 0.2693
194.0 -1.2725 -0.0374 0.2897 -1.1724 -0.0514 0.3139 -1.1452 -0.0007 0.2647 -1.1484 0.0172 0.2461 -1.1657 0.0258 0.2356 -1.1969 0.0283 0.2299 -1.2033 -0.0208 0.2795 -1.2105 -0.0095 0.2673 -1.2232 -0.0027 0.259 -1.2388 0.0013 0.2534 -1.2297 -0.0138 0.2698
195.0 -1.2793 -0.039 0.2906 -1.1819 -0.0527 0.3143 -1.1538 -0.0019 0.2651 -1.1571 0.0166 0.2458 -1.1741 0.0235 0.2371 -1.2047 0.0273 0.2302 -1.2111 -0.0212 0.2792 -1.2183 -0.0106 0.2676 -1.2309 -0.0037 0.2593 -1.2466 0.0003 0.2537 -1.2372 -0.0148 0.2701
196.0 -1.3647 -0.0487 0.292 -1.274 -0.0688 0.3216 -1.2398 -0.0184 0.2734 -1.2426 -0.0023 0.2567 -1.2567 0.0081 0.2447 -1.2857 0.0127 0.2371 -1.2951 -0.0338 0.2837 -1.3024 -0.0225 0.2715 -1.3144 -0.0144 0.2619 -1.3293 -0.0097 0.2556 -1.3212 -0.0258 0.2729
197.0 -1.3709 -0.0483 0.291 -1.2793 -0.0689 0.3212 -1.2474 -0.02 0.2743 -1.2486 -0.0031 0.2569 -1.2642 0.0058 0.2463 -1.2898 0.0109 0.2385 -1.3019 -0.0353 0.2846 -1.3085 -0.0228 0.2711 -1.3204 -0.0152 0.2622 -1.3354 -0.0099 0.2553 -1.3274 -0.0263 0.2728
198.0 -1.3752 -0.0489 0.2911 -1.2847 -0.0684 0.3201 -1.2532 -0.022 0.2758 -1.2553 -0.0052 0.2584 -1.2701 0.0038 0.2477 -1.2973 0.0087 0.24 -1.3071 -0.036 0.2848 -1.3136 -0.024 0.2719 -1.3254 -0.0165 0.263 -1.3413 -0.0113 0.2561 -1.3325 -0.0273 0.2734
199.0 -1.3842 -0.0525 0.294 -1.2897 -0.0697 0.3209 -1.2592 -0.0228 0.276 -1.261 -0.0078 0.2605 -1.2748 0.0007 0.2504 -1.3021 0.0062 0.2421 -1.312 -0.0379 0.2862 -1.3194 -0.0261 0.2734 -1.3312 -0.0185 0.2645 -1.347 -0.0139 0.2582 -1.3388 -0.0298 0.2752
200.0 -1.3909 -0.0546 0.2955 -1.2934 -0.069 0.3198 -1.2643 -0.0241 0.2769 -1.2656 -0.0115 0.2638 -1.2803 -0.0031 0.2537 -1.3067 0.0019 0.246 -1.3188 -0.0394 0.2871 -1.3252 -0.0281 0.2748 -1.337 -0.0205 0.2659 -1.3538 -0.0154 0.2591 -1.3451 -0.0316 0.2765
201.0 -1.3959 -0.0559 0.2963 -1.2995 -0.0692 0.3194 -1.2715 -0.0281 0.2803 -1.2721 -0.0148 0.2665 -1.286 -0.0057 0.2558 -1.3122 -0.0019 0.2494 -1.3247 -0.0408 0.2879 -1.3311 -0.0295 0.2757 -1.342 -0.0224 0.2674 -1.3579 -0.0172 0.2605 -1.3503 -0.0332 0.2776
202.0 -1.4003 -0.0559 0.2959 -1.3045 -0.0705 0.3203 -1.2789 -0.031 0.2824 -1.2811 -0.0184 0.2694 -1.2923 -0.0096 0.2592 -1.3188 -0.004 0.2509 -1.3306 -0.0422 0.2888 -1.3361 -0.0308 0.2765 -1.3472 -0.0231 0.2676 -1.3622 -0.0178 0.2607 -1.3553 -0.034 0.2779
203.0 -1.4054 -0.0572 0.2967 -1.3106 -0.0713 0.3205 -1.2856 -0.0331 0.2839 -1.2868 -0.021 0.2715 -1.298 -0.0122 0.2613 -1.3245 -0.0066 0.253 -1.3358 -0.0429 0.289 -1.342 -0.0322 0.2774 -1.3531 -0.0245 0.2684 -1.3682 -0.0186 0.2609 -1.3609 -0.0351 0.2785
204.0 -1.4072 -0.0568 0.2961 -1.3175 -0.0716 0.3201 -1.2925 -0.034 0.2842 -1.2927 -0.0225 0.2723 -1.3049 -0.0131 0.2616 -1.3303 -0.0086 0.2544 -1.3418 -0.0437 0.2892 -1.3473 -0.0323 0.2769 -1.3592 -0.0247 0.268 -1.3732 -0.0199 0.2617 -1.3657 -0.0355 0.2784
205.0 -1.433 -0.0603 0.2971 -1.3384 -0.0732 0.3197 -1.3195 -0.0401 0.2877 -1.3206 -0.0293 0.2765 -1.3305 -0.0178 0.2638 -1.3549 -0.0138 0.2573 -1.3649 -0.0475 0.2907 -1.3703 -0.0366 0.2791 -1.3806 -0.0282 0.2695 -1.3947 -0.0228 0.2625 -1.3887 -0.0391 0.2798
206.0 -1.4422 -0.0628 0.2987 -1.3445 -0.0734 0.3193 -1.3265 -0.0405 0.2874 -1.3268 -0.0289 0.2755 -1.3365 -0.0186 0.264 -1.3619 -0.0141 0.2569 -1.3701 -0.0476 0.2903 -1.3756 -0.0367 0.2787 -1.3866 -0.029 0.2697 -1.4016 -0.0237 0.2628 -1.3952 -0.04 0.2801
206.0 -1.4422 -0.0628 0.2987 -1.3445 -0.0734 0.3193 -1.3265 -0.0405 0.2874 -1.3268 -0.0289 0.2755 -1.3365 -0.0186 0.264 -1.3619 -0.0141 0.2569 -1.3701 -0.0476 0.2903 -1.3756 -0.0367 0.2787 -1.3866 -0.029 0.2697 -1.4016 -0.0237 0.2628 -1.3952 -0.04 0.2801
206.0 -1.4422 -0.0628 0.2987 -1.3445 -0.0734 0.3193 -1.3265 -0.0405 0.2874 -1.3268 -0.0289 0.2755 -1.3365 -0.0186 0.264 -1.3619 -0.0141 0.2569 -1.3701 -0.0476 0.2903 -1.3756 -0.0367 0.2787 -1.3866 -0.029 0.2697 -1.4016 -0.0237 0.2628 -1.3952 -0.04 0.2801
206.0 -1.4422 -0.0628 0.2987 -1.3445 -0.0734 0.3193 -1.3265 -0.0405 0.2874 -1.3268 -0.0289 0.2755 -1.3365 -0.0186 0.264 -1.3619 -0.0141 0.2569 -1.3701 -0.0476 0.2903 -1.3756 -0.0367 0.2787 -1.3866 -0.029 0.2697 -1.4016 -0.0237 0.2628 -1.3952 -0.04 0.2801
206.0 -1.4422 -0.0628 0.2987 -1.3445 -0.0734 0.3193 -1.3265 -0.0405 0.2874 -1.3268 -0.0289 0.2755 -1.3365 -0.0186 0.264 -1.3619 -0.0141 0.2569 -1.3701 -0.0476 0.2903 -1.3756 -0.0367 0.2787 -1.3866 -0.029 0.2697 -1.4016 -0.0237 0.2628 -1.3952 -0.04 0.2801
211.0 -1.4723 -0.0669 0.2999 -1.3798 -0.0727 0.3151 -1.3763 -0.0527 0.2949 -1.384 -0.0439 0.2852 -1.3905 -0.032 0.2724 -1.4043 -0.0235 0.2623 -1.4 -0.0528 0.2927 -1.4061 -0.0433 0.2823 -1.4171 -0.0356 0.2734 -1.4322 -0.0297 0.2659 -1.4255 -0.0456 0.2829
212.0 -1.4732 -0.067 0.2999 -1.3833 -0.0726 0.3146 -1.382 -0.0553 0.297 -1.3912 -0.048 0.2886 -1.3967 -0.0365 0.2764 -1.4073 -0.0263 0.2649 -1.4043 -0.0534 0.2929 -1.4104 -0.0438 0.2825 -1.4213 -0.0368 0.2742 -1.4365 -0.0303 0.266 -1.4291 -0.0462 0.2831
213.0 -1.4739 -0.0677 0.3006 -1.3869 -0.0724 0.3141 -1.3877 -0.0579 0.2991 -1.3968 -0.0512 0.2914 -1.4038 -0.0411 0.2804 -1.4136 -0.0302 0.2683 -1.4084 -0.0552 0.2943 -1.4153 -0.0457 0.284 -1.4254 -0.0385 0.2756 -1.4389 -0.0318 0.2674 -1.4324 -0.0478 0.2844
213.0 -1.4739 -0.0677 0.3006 -1.3869 -0.0724 0.3141 -1.3877 -0.0579 0.2991 -1.3968 -0.0512 0.2914 -1.4038 -0.0411 0.2804 -1.4136 -0.0302 0.2683 -1.4084 -0.0552 0.2943 -1.4153 -0.0457 0.284 -1.4254 -0.0385 0.2756 -1.4389 -0.0318 0.2674 -1.4324 -0.0478 0.2844
213.0 -1.4739 -0.0677 0.3006 -1.3869 -0.0724 0.3141 -1.3877 -0.0579 0.2991 -1.3968 -0.0512 0.2914 -1.4038 -0.0411 0.2804 -1.4136 -0.0302 0.2683 -1.4084 -0.0552 0.2943 -1.4153 -0.0457 0.284 -1.4254 -0.0385 0.2756 -1.4389 -0.0318 0.2674 -1.4324 -0.0478 0.2844
213.0 -1.4739 -0.0677 0.3006 -1.3869 -0.0724 0.3141 -1.3877 -0.0579 0.2991 -1.3968 -0.0512 0.2914 -1.4038 -0.0411 0.2804 -1.4136 -0.0302 0.2683 -1.4084 -0.0552 0.2943 -1.4153 -0.0457 0.284 -1.4254 -0.0385 0.2756 -1.4389 -0.0318 0.2674 -1.4324 -0.0478 0.2844
213.0 -1.4739 -0.0677 0.3006 -1.3869 -0.0724 0.3141 -1.3877 -0.0579 0.2991 -1.3968 -0.0512 0.2914 -1.4038 -0.0411 0.2804 -1.4136 -0.0302 0.2683 -1.4084 -0.0552 0.2943 -1.4153 -0.0457 0.284 -1.4254 -0.0385 0.2756 -1.4389 -0.0318 0.2674 -1.4324 -0.0478 0.2844
213.0 -1.4739 -0.0677 0.3006 -1.3869 -0.0724 0.3141 -1.3877 -0.0579 0.2991 -1.3968 -0.0512 0.2914 -1.4038 -0.0411 0.2804 -1.4136 -0.0302 0.2683 -1.4084 -0.0552 0.2943 -1.4153 -0.0457 0.284 -1.4254 -0.0385 0.2756 -1.4389 -0.0318 0.2674 -1.4324 -0.0478 0.2844
213.0 -1.4739 -0.0677 0.3006 -1.3869 -0.0724 0.3141 -1.3877 -0.0579 0.2991 -1.3968 -0.0512 0.2914 -1.4038 -0.0411 0.2804 -1.4136 -0.0302 0.2683 -1.4084 -0.0552 0.2943 -1.4153 -0.0457 0.284 -1.4254 -0.0385 0.2756 -1.4389 -0.0318 0.2674 -1.4324 -0.0478 0.2844
213.0 -1.4739 -0.0677 0.3006 -1.3869 -0.0724 0.3141 -1.3877 -0.0579 0.2991 -1.3968 -0.0512 0.2914 -1.4038 -0.0411 0.2804 -1.4136 -0.0302 0.2683 -1.4084 -0.0552 0.2943 -1.4153 -0.0457 0.284 -1.4254 -0.0385 0.2756 -1.4389 -0.0318 0.2674 -1.4324 -0.0478 0.2844
213.0 -1.4739 -0.0677 0.3006 -1.3869 -0.0724 0.3141 -1.3877 -0.0579 0.2991 -1.3968 -0.0512 0.2914 -1.4038 -0.0411 0.2804 -1.4136 -0.0302 0.2683 -1.4084 -0.0552 0.2943 -1.4153 -0.0457 0.284 -1.4254 -0.0385 0.2756 -1.4389 -0.0318 0.2674 -1.4324 -0.0478 0.2844
213.0 -1.4739 -0.0677 0.3006 -1.3869 -0.0724 0.3141 -1.3877 -0.0579 0.2991 -1.3968 -0.0512 0.2914 -1.4038 -0.0411 0.2804 -1.4136 -0.0302 0.2683 -1.4084 -0.0552 0.2943 -1.4153 -0.0457 0.284 -1.4254 -0.0385 0.2756 -1.4389 -0.0318 0.2674 -1.4324 -0.0478 0.2844
