1.0 -1.1943 0.0434 0.2148 -1.1356 0.0244 0.24 -1.0748 0.0442 0.2258 -1.0611 0.0565 0.2146 -1.0658 0.0631 0.2073 -1.0846 0.0698 0.1987 -1.1337 0.0289 0.2356 -1.1286 0.04 0.2248 -1.1294 0.0497 0.2148 -1.1353 0.058 0.2057 -1.1443 0.044 0.2191
2.0 -1.8096 0.1307 0.0644 -1.9079 0.0545 0.1326 -1.8722 0.0465 0.1443 -1.8853 0.071 0.1179 -1.8834 0.0804 0.1085 -1.8663 0.0828 0.1078 -1.8184 0.0605 0.1353 -1.8125 0.0674 0.1289 -1.8115 0.0767 0.1195 -1.813 0.0851 0.1108 -1.813 0.0841 0.1118
2.0 -1.1934 0.0435 0.2148 -1.1336 0.0235 0.2412 -1.073 0.0439 0.2264 -1.0604 0.0572 0.214 -1.0658 0.0631 0.2073 -1.0842 0.068 0.2006 -1.1319 0.0286 0.2361 -1.1277 0.0401 0.2247 -1.1276 0.0493 0.2154 -1.1335 0.0577 0.2062 -1.1428 0.0438 0.2194
3.0 -1.8096 0.1307 0.0644 -1.9098 0.0549 0.132 -1.867 0.0466 0.1447 -1.8968 0.0713 0.1165 -1.8976 0.081 0.1065 -1.8829 0.0872 0.1016 -1.8204 0.0621 0.1335 -1.8194 0.0714 0.1241 -1.823 0.0819 0.113 -1.8274 0.0917 0.1026 -1.8199 0.0875 0.1075
3.0 -1.195 0.0426 0.2155 -1.1345 0.0233 0.2412 -1.0729 0.0433 0.227 -1.0611 0.0565 0.2146 -1.0666 0.0624 0.208 -1.0833 0.0675 0.2011 -1.1325 0.0273 0.2374 -1.1284 0.0388 0.226 -1.1291 0.0479 0.2167 -1.1342 0.057 0.2069 -1.1439 0.0427 0.2205
4.0 -1.8086 0.1302 0.065 -1.9078 0.0539 0.1332 -1.8652 0.0469 0.1446 -1.8879 0.0707 0.118 -1.8887 0.0803 0.1081 -1.8783 0.086 0.1033 -1.8217 0.0595 0.1361 -1.8207 0.0687 0.1267 -1.8217 0.0796 0.1155 -1.8252 0.0895 0.105 -1.8196 0.0855 0.1096
4.0 -1.8086 0.1302 0.065 -1.9078 0.0539 0.1332 -1.8652 0.0469 0.1446 -1.8879 0.0707 0.118 -1.8887 0.0803 0.1081 -1.8783 0.086 0.1033 -1.8217 0.0595 0.1361 -1.8207 0.0687 0.1267 -1.8217 0.0796 0.1155 -1.8252 0.0895 0.105 -1.8196 0.0855 0.1096
6.0 -1.1914 0.0419 0.2166 -1.1328 0.0236 0.2412 -1.0727 0.0421 0.2282 -1.06 0.0554 0.2159 -1.0646 0.0615 0.2092 -1.083 0.0657 0.203 -1.1317 0.0274 0.2374 -1.1274 0.0383 0.2266 -1.1282 0.048 0.2166 -1.134 0.0558 0.2081 -1.1426 0.0423 0.2211
7.0 -1.1933 0.0429 0.2154 -1.1336 0.0235 0.2412 -1.0719 0.0428 0.2276 -1.0592 0.0555 0.2158 -1.0648 0.0627 0.2079 -1.0824 0.0676 0.2011 -1.1317 0.0274 0.2374 -1.1266 0.0385 0.2266 -1.1274 0.0481 0.2166 -1.1334 0.0571 0.2068 -1.1425 0.0428 0.2205
8.0 -1.8112 0.1299 0.0651 -1.9153 0.0511 0.1353 -1.8644 0.047 0.1446 -1.8881 0.067 0.1218 -1.888 0.0762 0.1124 -1.8776 0.0824 0.107 -1.829 0.056 0.1389 -1.8274 0.0666 0.1282 -1.8276 0.0782 0.1163 -1.8305 0.0894 0.1046 -1.8251 0.084 0.1106
9.0 -1.8157 0.1305 0.064 -1.912 0.0528 0.134 -1.8631 0.0447 0.1471 -1.8859 0.0642 0.1248 -1.8883 0.0731 0.1156 -1.8799 0.0803 0.109 -1.825 0.0584 0.1368 -1.826 0.0686 0.1263 -1.828 0.0806 0.1138 -1.8334 0.0909 0.1028 -1.8256 0.0858 0.1088
9.0 -1.1933 0.0429 0.2154 -1.1347 0.0245 0.24 -1.0722 0.0446 0.2257 -1.0594 0.0567 0.2146 -1.0649 0.0633 0.2073 -1.0844 0.0686 0.1999 -1.1309 0.0281 0.2367 -1.1259 0.0398 0.2253 -1.1276 0.0493 0.2154 -1.1335 0.0577 0.2062 -1.1422 0.0435 0.2198
10.0 -1.1932 0.0423 0.216 -1.1338 0.0246 0.2399 -1.0731 0.0445 0.2257 -1.0593 0.0561 0.2152 -1.064 0.0628 0.2079 -1.0817 0.0683 0.2005 -1.131 0.0287 0.2361 -1.1268 0.0396 0.2253 -1.1267 0.0494 0.2153 -1.1326 0.0578 0.2062 -1.1421 0.0436 0.2198
11.0 -1.1906 0.0426 0.2159 -1.1321 0.0249 0.2399 -1.0713 0.0441 0.2263 -1.0595 0.0573 0.214 -1.0632 0.0635 0.2072 -1.0815 0.0671 0.2017 -1.1301 0.0282 0.2367 -1.1258 0.0392 0.2259 -1.1258 0.0489 0.2159 -1.1316 0.0573 0.2068 -1.1408 0.0433 0.2202
11.0 -1.1906 0.0426 0.2159 -1.1321 0.0249 0.2399 -1.0713 0.0441 0.2263 -1.0595 0.0573 0.214 -1.0632 0.0635 0.2072 -1.0815 0.0671 0.2017 -1.1301 0.0282 0.2367 -1.1258 0.0392 0.2259 -1.1258 0.0489 0.2159 -1.1316 0.0573 0.2068 -1.1408 0.0433 0.2202
13.0 -1.8107 0.122 0.0732 -1.8529 0.0369 0.156 -1.9109 0.0566 0.1302 -1.926 0.0625 0.1226 -1.9284 0.0762 0.1084 -1.9255 0.0894 0.0951 -1.8842 0.0699 0.1191 -1.8935 0.0827 0.1051 -1.8938 0.0943 0.0933 -1.8904 0.1051 0.0825 -1.8745 0.0948 0.0947
13.0 -1.8107 0.122 0.0732 -1.8529 0.0369 0.156 -1.9109 0.0566 0.1302 -1.926 0.0625 0.1226 -1.9284 0.0762 0.1084 -1.9255 0.0894 0.0951 -1.8842 0.0699 0.1191 -1.8935 0.0827 0.1051 -1.8938 0.0943 0.0933 -1.8904 0.1051 0.0825 -1.8745 0.0948 0.0947
15.0 -1.8163 0.1237 0.0709 -1.8488 0.0381 0.1552 -1.9009 0.0494 0.1385 -1.9152 0.056 0.1303 -1.9218 0.0685 0.1169 -1.9212 0.0802 0.105 -1.8834 0.0701 0.1191 -1.8916 0.0818 0.1063 -1.8918 0.0927 0.0951 -1.8888 0.1011 0.0868 -1.8744 0.0939 0.0957
16.0 -1.8144 0.1179 0.0771 -1.8505 0.0379 0.1553 -1.9173 0.0478 0.1385 -1.931 0.0508 0.1341 -1.9336 0.0657 0.1186 -1.9362 0.08 0.1037 -1.8851 0.0649 0.1242 -1.8952 0.077 0.1108 -1.8971 0.0884 0.099 -1.8961 0.0977 0.0896 -1.8776 0.0892 0.1002
17.0 -1.8118 0.1182 0.077 -1.8483 0.0406 0.1527 -1.9057 0.0469 0.1406 -1.9247 0.0547 0.1307 -1.9306 0.0686 0.1159 -1.9295 0.0822 0.1022 -1.8832 0.0689 0.1204 -1.8931 0.0804 0.1076 -1.8942 0.0918 0.0958 -1.8925 0.1018 0.0857 -1.875 0.0922 0.0973
18.0 -1.1935 0.0441 0.2142 -1.1297 0.0264 0.2385 -1.0707 0.046 0.2244 -1.058 0.0587 0.2127 -1.0644 0.0652 0.2054 -1.0817 0.0683 0.2005 -1.1295 0.0301 0.2348 -1.1254 0.0417 0.2234 -1.1262 0.0513 0.2134 -1.1328 0.059 0.2049 -1.1415 0.0452 0.2181
19.0 -1.8079 0.1163 0.0793 -1.85 0.0404 0.1528 -1.8891 0.0522 0.1368 -1.9043 0.0587 0.1287 -1.9129 0.0679 0.1184 -1.9164 0.0778 0.1079 -1.8778 0.0684 0.1214 -1.8894 0.079 0.1094 -1.8911 0.0892 0.0988 -1.8901 0.0985 0.0894 -1.8713 0.0903 0.0997
20.0 -1.8083 0.1187 0.0769 -1.8549 0.0379 0.1549 -1.893 0.0547 0.1338 -1.9054 0.0604 0.1268 -1.9124 0.0698 0.1165 -1.9132 0.0795 0.1065 -1.8731 0.0666 0.1237 -1.8838 0.0773 0.1116 -1.8874 0.0878 0.1005 -1.8872 0.097 0.0912 -1.868 0.0895 0.1008
20.0 -1.1927 0.0442 0.2141 -1.1306 0.0263 0.2386 -1.0715 0.0453 0.225 -1.0586 0.0574 0.2139 -1.0625 0.0642 0.2066 -1.0791 0.0687 0.2004 -1.1312 0.0299 0.2349 -1.1261 0.041 0.224 -1.1261 0.0507 0.214 -1.131 0.0586 0.2055 -1.1414 0.0449 0.2185
21.0 -1.8101 0.1184 0.0769 -1.865 0.0402 0.1515 -1.8974 0.0547 0.1334 -1.9129 0.063 0.1234 -1.9221 0.0703 0.115 -1.9178 0.0807 0.1048 -1.8649 0.0652 0.1259 -1.8749 0.0767 0.1132 -1.8785 0.0872 0.1021 -1.881 0.0966 0.0922 -1.8619 0.0888 0.102
22.0 -1.8157 0.1207 0.074 -1.8525 0.0394 0.1535 -1.8932 0.0559 0.1326 -1.9066 0.062 0.125 -1.9142 0.0702 0.1159 -1.9167 0.0796 0.106 -1.8733 0.0678 0.1225 -1.8857 0.0783 0.1105 -1.8902 0.0887 0.0994 -1.8918 0.0982 0.0895 -1.8714 0.0907 0.0992
23.0 -1.8088 0.1162 0.0794 -1.8577 0.0387 0.1537 -1.901 0.0549 0.1329 -1.9134 0.0605 0.1259 -1.9192 0.0689 0.1168 -1.9181 0.0776 0.108 -1.8779 0.069 0.1208 -1.8885 0.0791 0.1093 -1.8911 0.0892 0.0988 -1.8909 0.0978 0.0901 -1.8714 0.0902 0.0997
23.0 -1.8088 0.1162 0.0794 -1.8577 0.0387 0.1537 -1.901 0.0549 0.1329 -1.9134 0.0605 0.1259 -1.9192 0.0689 0.1168 -1.9181 0.0776 0.108 -1.8779 0.069 0.1208 -1.8885 0.0791 0.1093 -1.8911 0.0892 0.0988 -1.8909 0.0978 0.0901 -1.8714 0.0902 0.0997
25.0 -1.1896 0.0416 0.2171 -1.1321 0.0249 0.2399 -1.0714 0.0447 0.2257 -1.0611 0.0565 0.2146 -1.0649 0.0633 0.2073 -1.0814 0.0665 0.2023 -1.1324 0.0267 0.238 -1.1274 0.0383 0.2266 -1.1274 0.0481 0.2166 -1.1324 0.0566 0.2074 -1.1418 0.0423 0.2212
26.0 -1.1898 0.0427 0.2159 -1.1322 0.0255 0.2393 -1.0721 0.044 0.2263 -1.0592 0.0555 0.2158 -1.0648 0.0627 0.2079 -1.0815 0.0671 0.2017 -1.13 0.0276 0.2373 -1.1249 0.0387 0.2265 -1.1257 0.0483 0.2165 -1.1316 0.0573 0.2068 -1.1404 0.0429 0.2206
27.0 -1.1912 0.0407 0.2178 -1.1312 0.0244 0.2405 -1.0717 0.0416 0.2288 -1.0591 0.0549 0.2164 -1.0638 0.0616 0.2091 -1.0811 0.0654 0.2036 -1.1316 0.0268 0.238 -1.1265 0.0379 0.2272 -1.1263 0.047 0.2178 -1.1322 0.0554 0.2087 -1.1415 0.0416 0.2219
28.0 -1.8152 0.1275 0.0671 -1.9154 0.0419 0.1447 -1.8634 0.0416 0.1502 -1.8854 0.0612 0.1279 -1.8868 0.0696 0.1192 -1.8737 0.075 0.115 -1.8196 0.0524 0.1435 -1.8185 0.0611 0.1347 -1.8212 0.0717 0.1236 -1.8247 0.0816 0.1131 -1.8198 0.0789 0.1164
28.0 -1.1904 0.0414 0.2172 -1.1318 0.0231 0.2417 -1.0718 0.0422 0.2282 -1.0598 0.0542 0.2171 -1.0636 0.0604 0.2104 -1.0809 0.0642 0.2048 -1.1314 0.0256 0.2392 -1.1264 0.0373 0.2278 -1.1262 0.0464 0.2184 -1.1312 0.0549 0.2092 -1.1411 0.0411 0.2224
29.0 -1.8178 0.1223 0.0722 -1.9182 0.0428 0.1436 -1.8671 0.0423 0.1491 -1.8926 0.0572 0.1313 -1.893 0.0645 0.1239 -1.8827 0.0714 0.1178 -1.8302 0.0528 0.142 -1.8306 0.0601 0.1346 -1.8333 0.0701 0.124 -1.8384 0.0792 0.1142 -1.83 0.0769 0.1174
29.0 -1.1922 0.0412 0.2172 -1.1302 0.0239 0.2411 -1.0708 0.0417 0.2288 -1.059 0.0543 0.2171 -1.0637 0.061 0.2098 -1.0811 0.0654 0.2036 -1.1298 0.027 0.2379 -1.1255 0.0374 0.2278 -1.1254 0.0466 0.2184 -1.1312 0.0549 0.2092 -1.1408 0.0414 0.2221
30.0 -1.8222 0.1223 0.0718 -1.9059 0.0432 0.1443 -1.8659 0.0407 0.1509 -1.9013 0.0567 0.131 -1.9065 0.0614 0.1256 -1.9029 0.0711 0.1161 -1.8306 0.0552 0.1396 -1.8419 0.0641 0.1294 -1.8524 0.0742 0.1179 -1.8621 0.0839 0.107 -1.8418 0.0799 0.1131
30.0 -1.1913 0.0413 0.2172 -1.1309 0.0232 0.2417 -1.0698 0.0406 0.23 -1.0588 0.0531 0.2183 -1.0626 0.0599 0.211 -1.0801 0.0643 0.2048 -1.1315 0.0262 0.2386 -1.1264 0.0373 0.2278 -1.1263 0.047 0.2178 -1.1312 0.0549 0.2092 -1.1413 0.0413 0.2221
31.0 -1.8259 0.1236 0.07 -1.8946 0.0435 0.1452 -1.8648 0.0396 0.1521 -1.8933 0.0565 0.132 -1.9017 0.0639 0.1236 -1.9041 0.0728 0.1143 -1.8287 0.0542 0.1407 -1.8435 0.0632 0.1301 -1.855 0.0739 0.118 -1.8664 0.0834 0.1072 -1.8439 0.0797 0.1132
31.0 -1.1885 0.0405 0.2183 -1.1308 0.0226 0.2423 -1.0715 0.0404 0.23 -1.0588 0.0531 0.2183 -1.0625 0.0593 0.2116 -1.0798 0.0625 0.2066 -1.1321 0.0249 0.2399 -1.1262 0.0361 0.229 -1.126 0.0452 0.2197 -1.131 0.0537 0.2105 -1.1408 0.0401 0.2235
32.0 -1.1902 0.0402 0.2184 -1.1307 0.022 0.243 -1.0706 0.0405 0.23 -1.0588 0.0531 0.2183 -1.0607 0.059 0.2121 -1.078 0.0627 0.2066 -1.1313 0.025 0.2398 -1.1253 0.0362 0.229 -1.1251 0.0454 0.2196 -1.1292 0.0534 0.211 -1.1402 0.04 0.2236
33.0 -1.1911 0.0401 0.2184 -1.1317 0.0225 0.2424 -1.0713 0.0392 0.2313 -1.0586 0.0519 0.2195 -1.0624 0.0587 0.2122 -1.0815 0.0623 0.2067 -1.1312 0.0244 0.2405 -1.1261 0.0355 0.2297 -1.1269 0.0451 0.2197 -1.1318 0.053 0.2111 -1.1414 0.0396 0.2239
34.0 -1.1902 0.0402 0.2184 -1.1316 0.0219 0.243 -1.0722 0.0397 0.2307 -1.0604 0.0523 0.219 -1.0633 0.0586 0.2122 -1.0814 0.0617 0.2073 -1.132 0.0243 0.2405 -1.127 0.036 0.2291 -1.1269 0.0451 0.2197 -1.1318 0.053 0.2111 -1.1416 0.0397 0.2238
35.0 -1.1902 0.0402 0.2184 -1.1325 0.0218 0.243 -1.0712 0.0386 0.2319 -1.0603 0.0517 0.2196 -1.0642 0.0591 0.2116 -1.0832 0.062 0.2068 -1.1329 0.0242 0.2405 -1.1277 0.0346 0.2303 -1.1275 0.0438 0.221 -1.1334 0.0522 0.2118 -1.1423 0.039 0.2244
36.0 -1.1885 0.0405 0.2183 -1.1326 0.0224 0.2424 -1.0721 0.0391 0.2313 -1.0612 0.0522 0.219 -1.0651 0.059 0.2117 -1.0833 0.0626 0.2061 -1.132 0.0243 0.2405 -1.1269 0.0354 0.2297 -1.1268 0.0445 0.2203 -1.1308 0.0525 0.2117 -1.141 0.0394 0.2241
37.0 -1.1927 0.0393 0.2191 -1.1316 0.0219 0.243 -1.0738 0.0383 0.232 -1.0619 0.0508 0.2203 -1.0667 0.0581 0.2124 -1.0832 0.062 0.2068 -1.1336 0.0235 0.2412 -1.1285 0.0345 0.2304 -1.1285 0.0443 0.2204 -1.1334 0.0522 0.2118 -1.1433 0.0388 0.2246
38.0 -1.1928 0.0399 0.2185 -1.1343 0.0221 0.2425 -1.0741 0.04 0.2301 -1.0622 0.0526 0.2184 -1.0659 0.0589 0.2117 -1.0842 0.0625 0.2062 -1.1337 0.024 0.2406 -1.1287 0.0357 0.2291 -1.1294 0.0448 0.2198 -1.1343 0.0527 0.2112 -1.1438 0.0394 0.2238
39.0 -1.1929 0.0405 0.2179 -1.1333 0.0217 0.2431 -1.0738 0.0383 0.232 -1.0637 0.0512 0.2197 -1.0675 0.058 0.2124 -1.084 0.0613 0.2074 -1.1346 0.0239 0.2406 -1.1304 0.0349 0.2298 -1.1302 0.0441 0.2204 -1.1342 0.0521 0.2119 -1.1445 0.0391 0.2241
40.0 -1.1927 0.0393 0.2191 -1.1343 0.0221 0.2425 -1.0747 0.0387 0.2314 -1.0638 0.0518 0.2191 -1.0675 0.058 0.2124 -1.0849 0.0618 0.2068 -1.1346 0.0239 0.2406 -1.1304 0.0349 0.2298 -1.1302 0.0441 0.2204 -1.1352 0.0526 0.2113 -1.1446 0.039 0.2243
40.0 -1.1927 0.0393 0.2191 -1.1343 0.0221 0.2425 -1.0747 0.0387 0.2314 -1.0638 0.0518 0.2191 -1.0675 0.058 0.2124 -1.0849 0.0618 0.2068 -1.1346 0.0239 0.2406 -1.1304 0.0349 0.2298 -1.1302 0.0441 0.2204 -1.1352 0.0526 0.2113 -1.1446 0.039 0.2243
42.0 -1.8197 0.1281 0.0661 -1.9194 0.0499 0.1361 -1.878 0.0445 0.1458 -1.8746 0.0602 0.13 -1.865 0.0707 0.1203 -1.8506 0.0788 0.1135 -1.8153 0.0481 0.1483 -1.8045 0.0569 0.1404 -1.7997 0.0691 0.1284 -1.8015 0.0799 0.1172 -1.8081 0.0764 0.1201
42.0 -1.191 0.0395 0.2191 -1.135 0.0214 0.2431 -1.0721 0.0391 0.2313 -1.0619 0.0508 0.2203 -1.0675 0.058 0.2124 -1.083 0.0608 0.208 -1.1336 0.0235 0.2412 -1.1294 0.0344 0.2304 -1.1292 0.0436 0.221 -1.1342 0.0521 0.2119 -1.1435 0.0386 0.2247
43.0 -1.8207 0.1292 0.0649 -1.9192 0.0487 0.1374 -1.8736 0.0445 0.1462 -1.8777 0.0629 0.127 -1.8698 0.0731 0.1173 -1.8553 0.0806 0.1112 -1.8183 0.0501 0.1459 -1.811 0.0585 0.1382 -1.8077 0.0699 0.1268 -1.8104 0.0805 0.1157 -1.8136 0.0776 0.1183
44.0 -1.1936 0.0392 0.2192 -1.1369 0.0218 0.2426 -1.0738 0.0383 0.232 -1.0626 0.0501 0.221 -1.0674 0.0574 0.213 -1.0848 0.0612 0.2074 -1.1353 0.0232 0.2413 -1.1302 0.0343 0.2304 -1.1301 0.0435 0.2211 -1.1352 0.0526 0.2113 -1.1449 0.0385 0.2246
45.0 -1.8143 0.1276 0.0671 -1.8541 0.0435 0.1492 -1.9005 0.0525 0.1354 -1.9108 0.0609 0.1258 -1.9181 0.0721 0.1136 -1.9186 0.0855 0.0999 -1.8818 0.0709 0.1184 -1.8911 0.0837 0.1044 -1.8931 0.0956 0.092 -1.8915 0.1062 0.0813 -1.8744 0.0968 0.0927
45.0 -1.1966 0.0412 0.2168 -1.1344 0.0227 0.2418 -1.0749 0.0399 0.2302 -1.0623 0.0532 0.2178 -1.0669 0.0593 0.2111 -1.0851 0.063 0.2056 -1.1348 0.0251 0.2394 -1.1307 0.0367 0.228 -1.1305 0.0459 0.2186 -1.1364 0.0542 0.2094 -1.1458 0.0406 0.2224
46.0 -1.1966 0.0412 0.2168 -1.1345 0.0233 0.2412 -1.0749 0.0399 0.2302 -1.0623 0.0532 0.2178 -1.067 0.0599 0.2105 -1.0862 0.0641 0.2044 -1.1358 0.0256 0.2388 -1.1298 0.0368 0.2279 -1.1297 0.046 0.2186 -1.1347 0.0545 0.2094 -1.1453 0.0408 0.2223
46.0 -1.8126 0.1328 0.062 -1.9094 0.0531 0.1339 -1.8622 0.0497 0.142 -1.8845 0.0662 0.1229 -1.888 0.0762 0.1124 -1.8802 0.0821 0.1071 -1.8188 0.058 0.1378 -1.8188 0.0678 0.1279 -1.8216 0.079 0.1161 -1.8269 0.0893 0.1051 -1.8197 0.0854 0.1098
47.0 -1.1983 0.041 0.2168 -1.1309 0.0232 0.2417 -1.0725 0.0409 0.2295 -1.0598 0.0542 0.2171 -1.0643 0.0597 0.211 -1.0808 0.0636 0.2054 -1.134 0.0258 0.2387 -1.1289 0.0369 0.2279 -1.1289 0.0467 0.2179 -1.1338 0.0546 0.2093 -1.1448 0.041 0.2221
48.0 -1.1957 0.0413 0.2167 -1.1283 0.023 0.2422 -1.0689 0.0407 0.2299 -1.0564 0.0546 0.217 -1.06 0.0603 0.2109 -1.0765 0.0641 0.2053 -1.1306 0.0263 0.2386 -1.1256 0.038 0.2271 -1.1255 0.0472 0.2178 -1.1303 0.0544 0.2098 -1.1415 0.0414 0.222
49.0 -1.1914 0.0419 0.2166 -1.123 0.0231 0.2427 -1.0626 0.0398 0.2316 -1.0508 0.053 0.2192 -1.0544 0.0586 0.2131 -1.0734 0.0615 0.2083 -1.1262 0.0263 0.239 -1.1211 0.0374 0.2282 -1.1217 0.0458 0.2195 -1.1265 0.0531 0.2116 -1.1374 0.0409 0.223
50.0 -1.1911 0.0401 0.2184 -1.1022 0.0301 0.2375 -1.0467 0.0444 0.2285 -1.0425 0.0504 0.2227 -1.0571 0.0484 0.2232 -1.0962 0.0358 0.2322 -1.1114 0.032 0.2347 -1.1136 0.0347 0.2317 -1.1243 0.0357 0.2296 -1.1409 0.0347 0.229 -1.1363 0.0354 0.2287
50.0 -1.8016 0.1355 0.0604 -1.8979 0.0522 0.1359 -1.8475 0.0511 0.1421 -1.8669 0.0662 0.1247 -1.8686 0.0763 0.1142 -1.8567 0.0834 0.1081 -1.8057 0.0634 0.1336 -1.8002 0.0721 0.1253 -1.8011 0.0824 0.1147 -1.8052 0.091 0.1055 -1.8028 0.0889 0.1079
51.0 -1.1759 0.0385 0.2216 -1.0726 0.0366 0.2338 -1.0287 0.0523 0.2221 -1.0263 0.0483 0.2264 -1.0416 0.0408 0.2326 -1.0838 0.0253 0.2443 -1.0933 0.0393 0.229 -1.0981 0.0368 0.2311 -1.1094 0.031 0.2359 -1.1264 0.0226 0.2428 -1.1206 0.0336 0.2321
51.0 -1.8033 0.1352 0.0604 -1.8903 0.0545 0.1344 -1.8464 0.05 0.1433 -1.8444 0.0637 0.1295 -1.8346 0.073 0.121 -1.8209 0.0797 0.1154 -1.7929 0.0658 0.1325 -1.7802 0.0736 0.1257 -1.7774 0.0825 0.1169 -1.7795 0.0896 0.1095 -1.7867 0.0893 0.109
52.0 -1.1577 0.0355 0.2265 -1.0466 0.0389 0.2341 -1.01 0.0511 0.2252 -1.0097 0.0445 0.232 -1.0284 0.0352 0.2396 -1.0691 0.0218 0.2493 -1.0747 0.0387 0.2314 -1.0801 0.0343 0.2354 -1.093 0.0277 0.2409 -1.112 0.0203 0.2466 -1.1035 0.0313 0.2362
52.0 -1.7992 0.137 0.059 -1.8944 0.0527 0.1358 -1.8431 0.0511 0.1425 -1.8635 0.0672 0.124 -1.8653 0.0774 0.1134 -1.8527 0.0858 0.1061 -1.7997 0.0643 0.1334 -1.7961 0.0739 0.1238 -1.7971 0.0848 0.1126 -1.8022 0.0938 0.1029 -1.7989 0.0908 0.1063
53.0 -1.1416 0.034 0.2296 -1.0402 0.0324 0.2413 -0.9983 0.0442 0.2334 -0.9919 0.0432 0.2351 -1.0004 0.0365 0.241 -1.0291 0.0241 0.2509 -1.0635 0.0348 0.2366 -1.0648 0.0321 0.2391 -1.0717 0.0263 0.2444 -1.0834 0.018 0.2517 -1.085 0.029 0.2403
54.0 -1.1169 0.0336 0.2324 -1.001 0.0395 0.2379 -0.9755 0.0448 0.2351 -0.9748 0.0406 0.2394 -0.9956 0.0293 0.249 -1.0368 0.0182 0.2562 -1.0409 0.0317 0.242 -1.0483 0.0283 0.2448 -1.0606 0.0235 0.2484 -1.0781 0.0181 0.2522 -1.069 0.027 0.2439
55.0 -1.099 0.0318 0.2361 -1.0263 0.0184 0.257 -0.9698 0.0272 0.2536 -0.9592 0.0372 0.2444 -0.9627 0.0422 0.2389 -0.9774 0.0458 0.2339 -1.0343 0.0137 0.2611 -1.029 0.0235 0.2515 -1.0278 0.0322 0.2427 -1.0307 0.0386 0.236 -1.0442 0.028 0.2455
56.0 -1.0802 0.03 0.2397 -1.0115 0.0192 0.2577 -0.9547 0.0262 0.2561 -0.9421 0.0347 0.2488 -0.9477 0.0418 0.2409 -0.9607 0.0456 0.2357 -1.0161 0.0106 0.266 -1.0098 0.0194 0.2576 -1.0086 0.0281 0.2488 -1.0126 0.0355 0.2409 -1.0255 0.0247 0.2506
57.0 -1.0653 0.0302 0.241 -0.9918 0.0224 0.2563 -0.9396 0.0258 0.258 -0.9303 0.0326 0.252 -0.9366 0.0384 0.2454 -0.954 0.0428 0.2392 -1.008 0.0093 0.2682 -1.0032 0.0172 0.2605 -1.002 0.0253 0.2523 -1.0043 0.0336 0.2437 -1.0166 0.0231 0.2531
58.0 -1.0511 0.0297 0.243 -0.9768 0.0269 0.2532 -0.9232 0.0274 0.258 -0.9174 0.0343 0.2515 -0.9213 0.0368 0.2486 -0.9348 0.0387 0.2454 -0.9967 0.0102 0.2684 -0.9926 0.0168 0.262 -0.9895 0.0246 0.2543 -0.9891 0.032 0.2468 -1.0038 0.0227 0.2549
58.0 -1.7934 0.139 0.0575 -1.8853 0.0606 0.1286 -1.8425 0.0524 0.1413 -1.8424 0.0719 0.1213 -1.8334 0.0811 0.1128 -1.8158 0.0859 0.1096 -1.7823 0.0654 0.1339 -1.7707 0.0749 0.1254 -1.7673 0.0851 0.1152 -1.7697 0.094 0.106 -1.7767 0.0917 0.1076
59.0 -1.0361 0.0293 0.2449 -0.9647 0.0285 0.2528 -0.9101 0.028 0.2588 -0.9062 0.0358 0.2511 -0.9117 0.0369 0.2495 -0.925 0.0376 0.2475 -0.9821 0.0121 0.2678 -0.9786 0.0175 0.2627 -0.978 0.0237 0.2564 -0.9791 0.0303 0.2496 -0.9908 0.0226 0.2563
59.0 -1.8006 0.1399 0.056 -1.8825 0.0598 0.1297 -1.8442 0.0521 0.1413 -1.84 0.0686 0.1249 -1.8287 0.0793 0.1151 -1.8155 0.089 0.1065 -1.7779 0.0654 0.1344 -1.7646 0.0751 0.1258 -1.7615 0.0871 0.1138 -1.7641 0.0972 0.1032 -1.7737 0.0929 0.1066
60.0 -1.0218 0.0282 0.2475 -0.9494 0.0312 0.2515 -0.8957 0.0311 0.257 -0.8924 0.0377 0.2506 -0.8979 0.0388 0.2489 -0.9121 0.0393 0.247 -0.97 0.0132 0.2679 -0.9664 0.0179 0.2634 -0.9649 0.0242 0.2571 -0.966 0.0308 0.2503 -0.9778 0.0229 0.2573
60.0 -1.7974 0.1415 0.0546 -1.8798 0.0596 0.1302 -1.8416 0.0525 0.1412 -1.8366 0.0642 0.1298 -1.828 0.0751 0.1195 -1.8158 0.0859 0.1096 -1.7779 0.0654 0.1344 -1.7681 0.0746 0.1259 -1.7657 0.086 0.1146 -1.7699 0.0952 0.1047 -1.7758 0.0925 0.1068
61.0 -1.0187 0.0304 0.2455 -0.9335 0.0358 0.2484 -0.8777 0.0342 0.2556 -0.8733 0.039 0.2511 -0.8809 0.0423 0.247 -0.8998 0.0446 0.2427 -0.9561 0.0144 0.268 -0.9543 0.019 0.2636 -0.9545 0.0256 0.2567 -0.9568 0.0333 0.2487 -0.9681 0.0245 0.2565
61.0 -1.7941 0.1377 0.0588 -1.8772 0.0599 0.1301 -1.839 0.0479 0.1461 -1.8338 0.0633 0.1309 -1.8217 0.0747 0.1205 -1.8086 0.085 0.1112 -1.7778 0.0648 0.135 -1.7651 0.0726 0.1283 -1.7608 0.0835 0.1175 -1.7633 0.0924 0.1082 -1.7722 0.0902 0.1096
62.0 -1.0069 0.0283 0.2488 -0.9164 0.0387 0.2471 -0.863 0.0355 0.2557 -0.8601 0.039 0.2525 -0.8668 0.0418 0.249 -0.8828 0.0427 0.2465 -0.9441 0.0161 0.2676 -0.9409 0.0183 0.2656 -0.9401 0.0233 0.2605 -0.9403 0.0294 0.2543 -0.9545 0.0231 0.2594
62.0 -1.7977 0.1384 0.0577 -1.8798 0.0596 0.1302 -1.8422 0.0512 0.1425 -1.8349 0.0644 0.1297 -1.8236 0.0751 0.1199 -1.8104 0.0854 0.1107 -1.7767 0.0637 0.1362 -1.7634 0.0728 0.1282 -1.7601 0.0843 0.1168 -1.7627 0.0943 0.1063 -1.7721 0.0907 0.1091
63.0 -0.9929 0.0284 0.2501 -0.8994 0.0422 0.2452 -0.8468 0.0383 0.2544 -0.8445 0.0405 0.2525 -0.8526 0.0412 0.2509 -0.8684 0.0409 0.2496 -0.9284 0.017 0.2682 -0.9259 0.0179 0.2675 -0.9248 0.0217 0.2637 -0.9238 0.0261 0.2593 -0.9392 0.0222 0.2618
63.0 -1.7907 0.1388 0.0581 -1.8767 0.0569 0.1332 -1.8393 0.0491 0.1449 -1.8355 0.0631 0.131 -1.8235 0.0745 0.1205 -1.8092 0.0837 0.1125 -1.7769 0.0649 0.135 -1.766 0.0731 0.1277 -1.7626 0.0833 0.1176 -1.7657 0.0914 0.1089 -1.7724 0.0903 0.1094
64.0 -0.9775 0.0311 0.2489 -0.8822 0.0446 0.2446 -0.8317 0.0422 0.252 -0.8322 0.0452 0.2489 -0.8547 0.0483 0.2435 -0.8653 0.0487 0.242 -0.9111 0.0187 0.2682 -0.9099 0.0219 0.265 -0.9101 0.028 0.2588 -0.9112 0.0345 0.2519 -0.924 0.0268 0.2585
64.0 -1.7887 0.1372 0.0599 -1.8766 0.0563 0.1338 -1.8358 0.0496 0.1447 -1.8353 0.0668 0.1272 -1.8246 0.0762 0.1187 -1.8072 0.0822 0.1143 -1.7791 0.0622 0.1376 -1.7692 0.0708 0.1297 -1.7656 0.0805 0.1202 -1.768 0.0893 0.1109 -1.7741 0.088 0.1116
65.0 -0.9642 0.0304 0.2509 -0.8635 0.0483 0.2426 -0.8175 0.0417 0.2539 -0.8185 0.0422 0.2533 -0.8312 0.0447 0.2495 -0.8472 0.0456 0.247 -0.8956 0.0208 0.2676 -0.8948 0.0209 0.2675 -0.8954 0.0245 0.2638 -0.8973 0.0303 0.2576 -0.9095 0.0254 0.2615
65.0 -1.7915 0.138 0.0587 -1.8774 0.0562 0.1339 -1.8375 0.0494 0.1448 -1.8318 0.0618 0.1327 -1.8204 0.0718 0.1235 -1.8081 0.0821 0.1143 -1.7756 0.0626 0.1374 -1.7649 0.0714 0.1295 -1.7623 0.0821 0.1188 -1.7649 0.0916 0.1089 -1.7718 0.0891 0.1107
66.0 -0.9474 0.0303 0.2527 -0.843 0.0517 0.2412 -0.8042 0.041 0.2559 -0.8042 0.041 0.2559 -0.8153 0.0444 0.2513 -0.8246 0.042 0.2529 -0.8749 0.023 0.2674 -0.8737 0.0213 0.2692 -0.8733 0.0238 0.2667 -0.874 0.028 0.2624 -0.8887 0.0252 0.2637
66.0 -1.7883 0.1397 0.0573 -1.875 0.0571 0.1332 -1.8401 0.049 0.1449 -1.8372 0.0677 0.1261 -1.8247 0.0768 0.1181 -1.8114 0.0859 0.1101 -1.7747 0.0621 0.138 -1.7631 0.0716 0.1294 -1.7598 0.0825 0.1187 -1.7631 0.0912 0.1095 -1.7698 0.0894 0.1106
67.0 -0.927 0.0293 0.2557 -0.8283 0.0531 0.2412 -0.8038 0.0387 0.2584 -0.8038 0.0387 0.2584 -0.8045 0.0428 0.254 -0.8125 0.0436 0.2525 -0.8598 0.0219 0.2699 -0.8605 0.0212 0.2706 -0.861 0.0242 0.2675 -0.863 0.0301 0.2613 -0.8743 0.0254 0.265
67.0 -1.7847 0.1347 0.0628 -1.8754 0.0546 0.1357 -1.8349 0.0491 0.1453 -1.8297 0.0651 0.1295 -1.8182 0.0746 0.121 -1.8029 0.0779 0.1191 -1.7796 0.0602 0.1394 -1.767 0.0687 0.1321 -1.7626 0.0784 0.1225 -1.763 0.0857 0.1151 -1.7714 0.0855 0.1144
68.0 -0.9029 0.0271 0.2604 -0.8063 0.053 0.2435 -0.8046 0.0434 0.2534 -0.805 0.0458 0.2509 -0.8054 0.0482 0.2485 -0.8053 0.0476 0.2491 -0.8395 0.0216 0.2723 -0.84 0.0197 0.2742 -0.8422 0.0219 0.2717 -0.8439 0.0265 0.2668 -0.8537 0.0234 0.2691
68.0 -1.7896 0.1371 0.0599 -1.8794 0.0523 0.1377 -1.8314 0.0496 0.1452 -1.8465 0.0653 0.1277 -1.8507 0.0745 0.1178 -1.8463 0.0793 0.1133 -1.7907 0.063 0.1355 -1.7894 0.0711 0.1273 -1.7929 0.081 0.1169 -1.7998 0.0899 0.1071 -1.7925 0.0884 0.1093
69.0 -0.8833 0.0255 0.264 -0.806 0.0512 0.2454 -0.8054 0.0482 0.2485 -0.8045 0.0428 0.254 -0.8044 0.0422 0.2547 -0.8046 0.0434 0.2534 -0.816 0.023 0.2732 -0.8178 0.0184 0.2777 -0.8204 0.0181 0.2778 -0.8235 0.0207 0.2748 -0.8322 0.0211 0.2735
70.0 -1.8047 0.143 0.0524 -1.8227 0.0453 0.1505 -1.843 0.0456 0.1481 -1.8749 0.0468 0.1438 -1.8918 0.053 0.1357 -1.8974 0.07 0.1178 -1.836 0.071 0.1229 -1.8534 0.0796 0.1123 -1.8648 0.0897 0.1009 -1.8753 0.0992 0.0901 -1.8468 0.0965 0.0957
70.0 -1.8047 0.143 0.0524 -1.8227 0.0453 0.1505 -1.843 0.0456 0.1481 -1.8749 0.0468 0.1438 -1.8918 0.053 0.1357 -1.8974 0.07 0.1178 -1.836 0.071 0.1229 -1.8534 0.0796 0.1123 -1.8648 0.0897 0.1009 -1.8753 0.0992 0.0901 -1.8468 0.0965 0.0957
72.0 -1.7961 0.1393 0.057 -1.8453 0.0483 0.1451 -1.8522 0.048 0.1448 -1.8893 0.0485 0.1406 -1.9 0.0544 0.1335 -1.9019 0.07 0.1173 -1.8266 0.0673 0.1275 -1.8475 0.0761 0.1165 -1.8633 0.0862 0.1046 -1.8784 0.097 0.0921 -1.8424 0.0932 0.0995
72.0 -1.7961 0.1393 0.057 -1.8453 0.0483 0.1451 -1.8522 0.048 0.1448 -1.8893 0.0485 0.1406 -1.9 0.0544 0.1335 -1.9019 0.07 0.1173 -1.8266 0.0673 0.1275 -1.8475 0.0761 0.1165 -1.8633 0.0862 0.1046 -1.8784 0.097 0.0921 -1.8424 0.0932 0.0995
74.0 -1.7926 0.1391 0.0575 -1.8682 0.0489 0.1423 -1.8447 0.0453 0.1482 -1.8846 0.0467 0.1429 -1.8944 0.0527 0.1358 -1.8989 0.068 0.1197 -1.8048 0.0581 0.1392 -1.8217 0.0692 0.1261 -1.837 0.0812 0.1123 -1.8548 0.0928 0.0986 -1.8222 0.0881 0.1067
74.0 -1.7926 0.1391 0.0575 -1.8682 0.0489 0.1423 -1.8447 0.0453 0.1482 -1.8846 0.0467 0.1429 -1.8944 0.0527 0.1358 -1.8989 0.068 0.1197 -1.8048 0.0581 0.1392 -1.8217 0.0692 0.1261 -1.837 0.0812 0.1123 -1.8548 0.0928 0.0986 -1.8222 0.0881 0.1067
74.0 -1.7926 0.1391 0.0575 -1.8682 0.0489 0.1423 -1.8447 0.0453 0.1482 -1.8846 0.0467 0.1429 -1.8944 0.0527 0.1358 -1.8989 0.068 0.1197 -1.8048 0.0581 0.1392 -1.8217 0.0692 0.1261 -1.837 0.0812 0.1123 -1.8548 0.0928 0.0986 -1.8222 0.0881 0.1067
74.0 -1.7926 0.1391 0.0575 -1.8682 0.0489 0.1423 -1.8447 0.0453 0.1482 -1.8846 0.0467 0.1429 -1.8944 0.0527 0.1358 -1.8989 0.068 0.1197 -1.8048 0.0581 0.1392 -1.8217 0.0692 0.1261 -1.837 0.0812 0.1123 -1.8548 0.0928 0.0986 -1.8222 0.0881 0.1067
78.0 -1.7912 0.1411 0.0556 -1.8663 0.0528 0.1384 -1.8325 0.0458 0.149 -1.8791 0.0505 0.1396 -1.8938 0.054 0.1345 -1.8991 0.0692 0.1185 -1.7967 0.0622 0.1357 -1.8141 0.0715 0.1245 -1.8319 0.0825 0.1115 -1.8514 0.0933 0.0985 -1.8171 0.0901 0.1052
79.0 -1.7941 0.1377 0.0588 -1.8548 0.0525 0.1399 -1.8419 0.0439 0.15 -1.8858 0.0435 0.1461 -1.8945 0.0484 0.1402 -1.899 0.0637 0.1241 -1.8128 0.0637 0.1326 -1.8342 0.0706 0.1235 -1.8526 0.0803 0.1117 -1.8711 0.09 0.0999 -1.833 0.0885 0.1053
80.0 -1.794 0.1371 0.0594 -1.8537 0.0515 0.1411 -1.8511 0.0414 0.1516 -1.889 0.0418 0.1474 -1.9005 0.047 0.141 -1.9035 0.0643 0.123 -1.8172 0.0637 0.1322 -1.8361 0.0715 0.1223 -1.8528 0.0815 0.1104 -1.8695 0.0915 0.0986 -1.8339 0.0891 0.1046
80.0 -1.794 0.1371 0.0594 -1.8537 0.0515 0.1411 -1.8511 0.0414 0.1516 -1.889 0.0418 0.1474 -1.9005 0.047 0.141 -1.9035 0.0643 0.123 -1.8172 0.0637 0.1322 -1.8361 0.0715 0.1223 -1.8528 0.0815 0.1104 -1.8695 0.0915 0.0986 -1.8339 0.0891 0.1046
82.0 -1.794 0.1371 0.0594 -1.8265 0.0466 0.1488 -1.8456 0.0452 0.1482 -1.879 0.045 0.1452 -1.8962 0.0476 0.1408 -1.9007 0.0634 0.1242 -1.8283 0.072 0.1226 -1.8479 0.0785 0.114 -1.8626 0.0869 0.1039 -1.8745 0.0945 0.095 -1.8415 0.0938 0.099
83.0 -1.7918 0.1398 0.0569 -1.8626 0.0521 0.1395 -1.8314 0.0447 0.1502 -1.8763 0.0496 0.1407 -1.8917 0.0524 0.1363 -1.898 0.0681 0.1197 -1.7951 0.063 0.1351 -1.8125 0.0723 0.1239 -1.8312 0.0832 0.1108 -1.8515 0.0939 0.0979 -1.8164 0.0905 0.1049
84.0 -1.7855 0.1389 0.0585 -1.8723 0.052 0.1387 -1.8304 0.0491 0.1458 -1.8604 0.0591 0.1326 -1.8733 0.0678 0.1225 -1.8742 0.078 0.1119 -1.7779 0.0605 0.1394 -1.784 0.07 0.129 -1.794 0.0821 0.1156 -1.8092 0.0935 0.1025 -1.7901 0.089 0.109
85.0 -1.7857 0.1401 0.0572 -1.8711 0.0503 0.1405 -1.8301 0.0473 0.1477 -1.8585 0.0588 0.1331 -1.8705 0.0669 0.1236 -1.8719 0.0747 0.1155 -1.7801 0.0577 0.142 -1.7862 0.0679 0.131 -1.7954 0.0801 0.1176 -1.8106 0.0915 0.1044 -1.7916 0.0875 0.1104
85.0 -1.7857 0.1401 0.0572 -1.8711 0.0503 0.1405 -1.8301 0.0473 0.1477 -1.8585 0.0588 0.1331 -1.8705 0.0669 0.1236 -1.8719 0.0747 0.1155 -1.7801 0.0577 0.142 -1.7862 0.0679 0.131 -1.7954 0.0801 0.1176 -1.8106 0.0915 0.1044 -1.7916 0.0875 0.1104
87.0 -1.7825 0.1417 0.0559 -1.8727 0.0495 0.1412 -1.8302 0.0479 0.147 -1.8512 0.0622 0.1304 -1.8589 0.0709 0.1207 -1.8527 0.0809 0.1111 -1.7759 0.0589 0.1412 -1.7757 0.0681 0.1318 -1.7814 0.0802 0.1189 -1.792 0.0909 0.1068 -1.7815 0.088 0.1109
88.0 -1.7886 0.1366 0.0605 -1.8521 0.0523 0.1404 -1.8343 0.0461 0.1484 -1.8748 0.0511 0.1394 -1.8878 0.0548 0.1343 -1.8925 0.067 0.1213 -1.793 0.0615 0.1368 -1.8106 0.0713 0.125 -1.8292 0.0823 0.112 -1.8496 0.0929 0.0991 -1.8142 0.0889 0.1067
89.0 -1.7814 0.1357 0.0621 -1.8703 0.0505 0.1405 -1.8326 0.0464 0.1484 -1.8638 0.0587 0.1327 -1.872 0.0655 0.1249 -1.8671 0.0777 0.1129 -1.7781 0.0568 0.1431 -1.7814 0.0655 0.1339 -1.7896 0.0772 0.1211 -1.8021 0.0884 0.1085 -1.7865 0.0847 0.1137
90.0 -1.784 0.1354 0.0622 -1.8683 0.0495 0.1416 -1.8342 0.0455 0.1491 -1.865 0.0554 0.1359 -1.8749 0.062 0.1282 -1.8707 0.073 0.1174 -1.7797 0.056 0.1438 -1.7849 0.065 0.134 -1.7948 0.0765 0.1213 -1.809 0.0874 0.1087 -1.7905 0.0841 0.114
91.0 -1.785 0.1359 0.0616 -1.8659 0.0504 0.1409 -1.8323 0.0446 0.1502 -1.872 0.0551 0.1355 -1.8809 0.0606 0.129 -1.8811 0.0722 0.1172 -1.781 0.0582 0.1414 -1.7915 0.0678 0.1305 -1.8049 0.0788 0.1179 -1.8225 0.0893 0.1055 -1.797 0.086 0.1114
92.0 -1.7883 0.1348 0.0623 -1.8599 0.0512 0.1407 -1.8306 0.0448 0.1502 -1.863 0.0539 0.1377 -1.8739 0.061 0.1294 -1.8773 0.0703 0.1195 -1.7856 0.0594 0.1397 -1.7961 0.069 0.1288 -1.8095 0.08 0.1162 -1.8262 0.09 0.1044 -1.8011 0.0867 0.1103
93.0 -1.7806 0.1359 0.062 -1.8708 0.0485 0.1424 -1.8333 0.0451 0.1496 -1.8628 0.0582 0.1333 -1.8669 0.0662 0.1247 -1.8582 0.0771 0.1144 -1.7791 0.0573 0.1426 -1.7791 0.067 0.1326 -1.7854 0.0784 0.1203 -1.7969 0.0885 0.1089 -1.7842 0.0854 0.1133
94.0 -1.7831 0.1355 0.0621 -1.8716 0.0478 0.143 -1.8334 0.0457 0.149 -1.8621 0.0589 0.1327 -1.8652 0.0664 0.1247 -1.8572 0.076 0.1156 -1.7788 0.0604 0.1394 -1.7794 0.0688 0.1307 -1.7848 0.0797 0.119 -1.7962 0.0898 0.1076 -1.7845 0.0868 0.1118
95.0 -1.7797 0.136 0.062 -1.8703 0.0505 0.1405 -1.8292 0.0468 0.1482 -1.8493 0.0612 0.1315 -1.8535 0.0704 0.1217 -1.8437 0.0797 0.1132 -1.7767 0.0588 0.1412 -1.7746 0.067 0.133 -1.7784 0.0781 0.1213 -1.7872 0.0885 0.1098 -1.7793 0.0857 0.1135
96.0 -1.7811 0.134 0.0639 -1.87 0.0487 0.1423 -1.8349 0.0442 0.1503 -1.8719 0.0545 0.1362 -1.8776 0.0623 0.1276 -1.8724 0.0728 0.1174 -1.7817 0.0569 0.1426 -1.7868 0.066 0.1329 -1.7959 0.0776 0.1201 -1.8108 0.0878 0.1082 -1.7913 0.0845 0.1135
97.0 -1.7846 0.1341 0.0635 -1.8711 0.0503 0.1405 -1.8331 0.0439 0.1509 -1.8717 0.0533 0.1374 -1.8816 0.0599 0.1297 -1.8801 0.0711 0.1184 -1.7799 0.0565 0.1432 -1.7876 0.0659 0.1329 -1.801 0.0769 0.1203 -1.8179 0.0881 0.1072 -1.7942 0.0843 0.1134
98.0 -1.7799 0.1372 0.0608 -1.8703 0.0505 0.1405 -1.8281 0.0458 0.1494 -1.8491 0.06 0.1328 -1.855 0.069 0.123 -1.8479 0.0785 0.114 -1.7775 0.0581 0.1419 -1.7774 0.0679 0.1319 -1.782 0.0789 0.1202 -1.7918 0.0897 0.1081 -1.7817 0.0863 0.1126
99.0 -1.7846 0.1341 0.0635 -1.8676 0.0502 0.141 -1.8324 0.0452 0.1496 -1.8674 0.0539 0.1372 -1.8771 0.0593 0.1307 -1.8787 0.0683 0.1214 -1.7831 0.0598 0.1396 -1.7934 0.0688 0.1294 -1.8067 0.0792 0.1174 -1.8234 0.0892 0.1055 -1.7982 0.0862 0.1111
100.0 -1.7792 0.1379 0.0601 -1.8701 0.0493 0.1417 -1.8291 0.0462 0.1489 -1.8501 0.0611 0.1316 -1.8544 0.0703 0.1217 -1.8445 0.079 0.1139 -1.775 0.059 0.1411 -1.7729 0.0673 0.1329 -1.7775 0.0782 0.1213 -1.7863 0.0881 0.1104 -1.7782 0.0861 0.1132
101.0 -1.7833 0.1367 0.0609 -1.8699 0.0481 0.1429 -1.8351 0.0454 0.1491 -1.8695 0.0561 0.1348 -1.8796 0.0632 0.1265 -1.8772 0.0752 0.1145 -1.7799 0.0565 0.1432 -1.786 0.0667 0.1322 -1.7969 0.0787 0.1189 -1.813 0.0899 0.1058 -1.7918 0.0857 0.1122
102.0 -1.7838 0.1342 0.0634 -1.8688 0.0519 0.1392 -1.8324 0.0452 0.1496 -1.8668 0.0558 0.1353 -1.8758 0.0619 0.1282 -1.8717 0.0735 0.1168 -1.7791 0.0573 0.1426 -1.7841 0.0657 0.1334 -1.7948 0.0765 0.1213 -1.8098 0.0867 0.1094 -1.7903 0.0841 0.114
103.0 -1.7808 0.1371 0.0608 -1.8708 0.0485 0.1424 -1.8282 0.0464 0.1488 -1.8466 0.061 0.1321 -1.8508 0.0696 0.1228 -1.84 0.0784 0.1149 -1.776 0.0595 0.1406 -1.7738 0.0671 0.133 -1.7775 0.0782 0.1213 -1.7854 0.0882 0.1103 -1.7787 0.086 0.1132
104.0 -1.7803 0.1347 0.0633 -1.8709 0.0491 0.1417 -1.8341 0.0449 0.1497 -1.871 0.0546 0.1361 -1.8784 0.0616 0.1283 -1.8726 0.074 0.1162 -1.7783 0.058 0.1419 -1.7833 0.0665 0.1327 -1.7933 0.0779 0.12 -1.8083 0.0881 0.1081 -1.7887 0.085 0.1132
105.0 -1.7818 0.1381 0.0596 -1.8719 0.0496 0.1411 -1.8257 0.0473 0.1481 -1.8347 0.0632 0.131 -1.8364 0.0727 0.121 -1.8261 0.0796 0.115 -1.7751 0.0596 0.1405 -1.7713 0.0681 0.1323 -1.7723 0.0789 0.1211 -1.7784 0.0885 0.1107 -1.7758 0.0867 0.1128
106.0 -1.7798 0.1366 0.0614 -1.8709 0.0491 0.1417 -1.8267 0.0478 0.1475 -1.833 0.0634 0.1309 -1.8303 0.0736 0.1208 -1.8183 0.0801 0.1153 -1.7751 0.0596 0.1405 -1.7677 0.0674 0.1334 -1.7676 0.0771 0.1234 -1.7719 0.0863 0.1135 -1.7724 0.0854 0.1144
107.0 -1.78 0.1378 0.0601 -1.8693 0.05 0.141 -1.8258 0.0479 0.1475 -1.8432 0.0614 0.1319 -1.85 0.0703 0.1222 -1.8435 0.0785 0.1144 -1.7752 0.0602 0.1399 -1.7758 0.0687 0.1312 -1.7804 0.0797 0.1195 -1.79 0.0894 0.1086 -1.7803 0.0872 0.1119
108.0 -1.78 0.1378 0.0601 -1.8719 0.0496 0.1411 -1.8283 0.047 0.1482 -1.8536 0.0606 0.1317 -1.8622 0.0699 0.1214 -1.8552 0.08 0.1118 -1.776 0.0595 0.1406 -1.7766 0.068 0.1318 -1.783 0.0793 0.1196 -1.7935 0.0895 0.1081 -1.7818 0.0868 0.1121
109.0 -1.7808 0.1371 0.0608 -1.871 0.0497 0.1411 -1.8276 0.0477 0.1476 -1.8375 0.064 0.1298 -1.8364 0.0727 0.121 -1.8225 0.0789 0.1161 -1.7743 0.0597 0.1405 -1.7694 0.0671 0.1334 -1.7702 0.0768 0.1235 -1.7753 0.0859 0.1137 -1.774 0.0853 0.1144
110.0 -1.7766 0.1382 0.06 -1.8693 0.05 0.141 -1.8267 0.0478 0.1475 -1.827 0.0648 0.13 -1.82 0.0749 0.1204 -1.8071 0.0816 0.1149 -1.7708 0.0602 0.1404 -1.7618 0.0688 0.1325 -1.7592 0.0795 0.1218 -1.7626 0.0888 0.1119 -1.7662 0.0871 0.1133
111.0 -1.7799 0.1372 0.0608 -1.869 0.0482 0.1429 -1.8302 0.0479 0.147 -1.8524 0.059 0.1335 -1.8585 0.0685 0.1231 -1.8539 0.0777 0.1142 -1.7803 0.0589 0.1407 -1.7811 0.0686 0.1308 -1.7866 0.0801 0.1185 -1.7963 0.0904 0.107 -1.7848 0.087 0.1115
112.0 -1.78 0.1378 0.0601 -1.8716 0.0478 0.143 -1.8291 0.0462 0.1489 -1.8517 0.0597 0.1329 -1.8568 0.0688 0.1231 -1.8477 0.0773 0.1152 -1.7759 0.0589 0.1412 -1.7737 0.0665 0.1336 -1.7783 0.0775 0.1219 -1.7871 0.0879 0.1104 -1.779 0.0857 0.1134
113.0 -1.7807 0.1365 0.0614 -1.8693 0.05 0.141 -1.831 0.0472 0.1477 -1.8606 0.0603 0.1313 -1.8673 0.0686 0.1222 -1.8603 0.0787 0.1126 -1.7775 0.0581 0.1419 -1.7791 0.067 0.1326 -1.7862 0.0777 0.121 -1.7978 0.0889 0.1083 -1.7842 0.0856 0.113
114.0 -1.7798 0.1366 0.0614 -1.871 0.0497 0.1411 -1.8284 0.0475 0.1476 -1.8333 0.0652 0.129 -1.8305 0.0747 0.1196 -1.8167 0.0809 0.1147 -1.7743 0.0597 0.1405 -1.7668 0.0675 0.1333 -1.766 0.078 0.1227 -1.7693 0.0867 0.1134 -1.7712 0.0857 0.1143
115.0 -1.7813 0.1351 0.0627 -1.8748 0.0511 0.1394 -1.8338 0.048 0.1465 -1.8665 0.0589 0.1322 -1.8765 0.0661 0.1238 -1.8716 0.0784 0.1118 -1.7807 0.0564 0.1432 -1.7842 0.0663 0.1328 -1.7943 0.079 0.1188 -1.8088 0.0911 0.105 -1.7899 0.0856 0.1125
116.0 -1.7826 0.1374 0.0602 -1.8719 0.0496 0.1411 -1.8284 0.0475 0.1476 -1.8365 0.0636 0.1304 -1.8345 0.0724 0.1216 -1.8217 0.0796 0.1155 -1.7745 0.0609 0.1392 -1.7679 0.0685 0.1321 -1.7678 0.0783 0.1221 -1.7738 0.0873 0.1124 -1.7733 0.0865 0.1132
117.0 -1.7798 0.1366 0.0614 -1.8752 0.0486 0.1419 -1.8321 0.0483 0.1465 -1.8462 0.0635 0.1295 -1.8477 0.0724 0.1202 -1.836 0.0807 0.1129 -1.7768 0.0594 0.1406 -1.7721 0.0674 0.1329 -1.774 0.0781 0.1217 -1.78 0.0877 0.1114 -1.7765 0.0858 0.1136
118.0 -1.7815 0.1363 0.0615 -1.872 0.0502 0.1405 -1.8311 0.0478 0.1471 -1.8469 0.0628 0.1302 -1.8492 0.071 0.1215 -1.8357 0.0789 0.1148 -1.7793 0.0585 0.1413 -1.7744 0.0658 0.1343 -1.7754 0.0761 0.1237 -1.7824 0.0861 0.1127 -1.7786 0.0846 0.1147
119.0 -1.7826 0.1374 0.0602 -1.872 0.0502 0.1405 -1.8309 0.0466 0.1483 -1.8475 0.0609 0.1321 -1.8517 0.0701 0.1223 -1.8428 0.0792 0.1138 -1.7767 0.0588 0.1412 -1.7728 0.0667 0.1336 -1.7757 0.0779 0.1218 -1.7845 0.0883 0.1103 -1.7785 0.0858 0.1134
120.0 -1.7906 0.1327 0.0643 -1.8707 0.0479 0.143 -1.8383 0.0438 0.1505 -1.8831 0.0481 0.1416 -1.8929 0.0541 0.1345 -1.8925 0.067 0.1213 -1.7881 0.0585 0.1404 -1.8019 0.067 0.1303 -1.8179 0.0777 0.1178 -1.8372 0.0879 0.1055 -1.8071 0.0847 0.1117
121.0 -1.7843 0.1323 0.0653 -1.8751 0.048 0.1425 -1.8383 0.0438 0.1505 -1.8822 0.0531 0.1366 -1.8918 0.0579 0.1307 -1.8893 0.0687 0.12 -1.7844 0.0572 0.1421 -1.7938 0.0657 0.1325 -1.807 0.0761 0.1205 -1.8253 0.0852 0.1094 -1.799 0.0833 0.114
122.0 -1.7879 0.1324 0.0648 -1.8688 0.0519 0.1392 -1.8368 0.0452 0.1492 -1.8802 0.0522 0.1377 -1.8909 0.0574 0.1313 -1.891 0.0684 0.12 -1.7862 0.0575 0.1416 -1.8001 0.0666 0.1309 -1.816 0.0773 0.1184 -1.8354 0.0875 0.106 -1.8051 0.0843 0.1123
123.0 -1.7995 0.1333 0.0628 -1.8664 0.0485 0.1428 -1.8393 0.0443 0.1499 -1.89 0.0478 0.1412 -1.9016 0.0536 0.1342 -1.9047 0.066 0.1212 -1.7993 0.0619 0.1358 -1.8172 0.0686 0.1272 -1.8347 0.0785 0.1154 -1.853 0.0876 0.1042 -1.8207 0.086 0.1091
123.0 -1.7995 0.1333 0.0628 -1.8664 0.0485 0.1428 -1.8393 0.0443 0.1499 -1.89 0.0478 0.1412 -1.9016 0.0536 0.1342 -1.9047 0.066 0.1212 -1.7993 0.0619 0.1358 -1.8172 0.0686 0.1272 -1.8347 0.0785 0.1154 -1.853 0.0876 0.1042 -1.8207 0.086 0.1091
123.0 -1.7995 0.1333 0.0628 -1.8664 0.0485 0.1428 -1.8393 0.0443 0.1499 -1.89 0.0478 0.1412 -1.9016 0.0536 0.1342 -1.9047 0.066 0.1212 -1.7993 0.0619 0.1358 -1.8172 0.0686 0.1272 -1.8347 0.0785 0.1154 -1.853 0.0876 0.1042 -1.8207 0.086 0.1091
123.0 -1.7995 0.1333 0.0628 -1.8664 0.0485 0.1428 -1.8393 0.0443 0.1499 -1.89 0.0478 0.1412 -1.9016 0.0536 0.1342 -1.9047 0.066 0.1212 -1.7993 0.0619 0.1358 -1.8172 0.0686 0.1272 -1.8347 0.0785 0.1154 -1.853 0.0876 0.1042 -1.8207 0.086 0.1091
123.0 -1.7995 0.1333 0.0628 -1.8664 0.0485 0.1428 -1.8393 0.0443 0.1499 -1.89 0.0478 0.1412 -1.9016 0.0536 0.1342 -1.9047 0.066 0.1212 -1.7993 0.0619 0.1358 -1.8172 0.0686 0.1272 -1.8347 0.0785 0.1154 -1.853 0.0876 0.1042 -1.8207 0.086 0.1091
123.0 -1.7995 0.1333 0.0628 -1.8664 0.0485 0.1428 -1.8393 0.0443 0.1499 -1.89 0.0478 0.1412 -1.9016 0.0536 0.1342 -1.9047 0.066 0.1212 -1.7993 0.0619 0.1358 -1.8172 0.0686 0.1272 -1.8347 0.0785 0.1154 -1.853 0.0876 0.1042 -1.8207 0.086 0.1091
123.0 -1.7995 0.1333 0.0628 -1.8664 0.0485 0.1428 -1.8393 0.0443 0.1499 -1.89 0.0478 0.1412 -1.9016 0.0536 0.1342 -1.9047 0.066 0.1212 -1.7993 0.0619 0.1358 -1.8172 0.0686 0.1272 -1.8347 0.0785 0.1154 -1.853 0.0876 0.1042 -1.8207 0.086 0.1091
123.0 -1.7995 0.1333 0.0628 -1.8664 0.0485 0.1428 -1.8393 0.0443 0.1499 -1.89 0.0478 0.1412 -1.9016 0.0536 0.1342 -1.9047 0.066 0.1212 -1.7993 0.0619 0.1358 -1.8172 0.0686 0.1272 -1.8347 0.0785 0.1154 -1.853 0.0876 0.1042 -1.8207 0.086 0.1091
123.0 -1.7995 0.1333 0.0628 -1.8664 0.0485 0.1428 -1.8393 0.0443 0.1499 -1.89 0.0478 0.1412 -1.9016 0.0536 0.1342 -1.9047 0.066 0.1212 -1.7993 0.0619 0.1358 -1.8172 0.0686 0.1272 -1.8347 0.0785 0.1154 -1.853 0.0876 0.1042 -1.8207 0.086 0.1091
132.0 -1.7871 0.138 0.0592 -1.8757 0.0461 0.1444 -1.8358 0.0447 0.1497 -1.8401 0.0643 0.1293 -1.8314 0.0746 0.1196 -1.8169 0.0821 0.1134 -1.7693 0.0567 0.144 -1.7604 0.0659 0.1356 -1.7597 0.077 0.1243 -1.7649 0.0867 0.1139 -1.7683 0.0849 0.1154
133.0 -1.7903 0.1364 0.0605 -1.879 0.045 0.1452 -1.8349 0.0442 0.1503 -1.8322 0.0593 0.1352 -1.8234 0.069 0.1262 -1.811 0.0786 0.1176 -1.7719 0.0564 0.1441 -1.7611 0.0652 0.1362 -1.7586 0.0759 0.1255 -1.763 0.0857 0.1151 -1.769 0.0839 0.1163
134.0 -1.7927 0.1397 0.0569 -1.8781 0.0451 0.1451 -1.8347 0.043 0.1516 -1.8437 0.0595 0.1338 -1.8399 0.068 0.1255 -1.8333 0.0756 0.1184 -1.7747 0.0572 0.143 -1.7728 0.0667 0.1336 -1.7755 0.0767 0.123 -1.7823 0.0855 0.1133 -1.7796 0.0852 0.114
135.0 -1.7879 0.1373 0.0598 -1.8792 0.0462 0.1439 -1.8415 0.0421 0.1518 -1.8409 0.0587 0.135 -1.832 0.0678 0.1265 -1.8161 0.0779 0.1178 -1.772 0.057 0.1435 -1.7622 0.0663 0.135 -1.7606 0.0775 0.1237 -1.7659 0.0871 0.1133 -1.7697 0.085 0.1151
136.0 -1.7912 0.1363 0.0606 -1.8812 0.0477 0.1421 -1.845 0.0416 0.152 -1.8439 0.0607 0.1326 -1.8331 0.0695 0.1247 -1.819 0.0794 0.116 -1.7728 0.0563 0.1442 -1.7639 0.066 0.1351 -1.7632 0.0771 0.1238 -1.7702 0.0866 0.1135 -1.7723 0.0845 0.1154
137.0 -1.7884 0.1354 0.0617 -1.8832 0.0487 0.141 -1.8436 0.0437 0.15 -1.8425 0.0627 0.1306 -1.8299 0.0712 0.1233 -1.8137 0.0789 0.117 -1.7771 0.0557 0.1443 -1.7655 0.0652 0.1358 -1.763 0.0759 0.1251 -1.7673 0.0851 0.1152 -1.7723 0.0835 0.1164
138.0 -1.787 0.1325 0.0648 -1.8778 0.0482 0.142 -1.8376 0.0445 0.1498 -1.8315 0.0649 0.1296 -1.8244 0.075 0.12 -1.8194 0.0763 0.1191 -1.791 0.055 0.1436 -1.7846 0.0638 0.1353 -1.7829 0.0739 0.1252 -1.7853 0.0827 0.1159 -1.7862 0.0816 0.117
139.0 -1.7903 0.1315 0.0655 -1.882 0.047 0.1428 -1.8416 0.0427 0.1512 -1.8353 0.0619 0.1322 -1.8291 0.0713 0.1233 -1.8222 0.0722 0.123 -1.795 0.0527 0.1457 -1.7878 0.0616 0.1373 -1.7851 0.0717 0.1272 -1.7875 0.08 0.1185 -1.7891 0.0795 0.1188
140.0 -1.8021 0.1183 0.0779 -1.8441 0.0369 0.1569 -1.8918 0.0378 0.1513 -1.8737 0.0451 0.1456 -1.8705 0.0565 0.1342 -1.87 0.0639 0.1267 -1.8714 0.0717 0.1186 -1.8849 0.0839 0.1048 -1.8864 0.0923 0.0961 -1.8822 0.0983 0.0903 -1.8654 0.0929 0.0976
140.0 -1.8021 0.1183 0.0779 -1.8441 0.0369 0.1569 -1.8918 0.0378 0.1513 -1.8737 0.0451 0.1456 -1.8705 0.0565 0.1342 -1.87 0.0639 0.1267 -1.8714 0.0717 0.1186 -1.8849 0.0839 0.1048 -1.8864 0.0923 0.0961 -1.8822 0.0983 0.0903 -1.8654 0.0929 0.0976
140.0 -1.8021 0.1183 0.0779 -1.8441 0.0369 0.1569 -1.8918 0.0378 0.1513 -1.8737 0.0451 0.1456 -1.8705 0.0565 0.1342 -1.87 0.0639 0.1267 -1.8714 0.0717 0.1186 -1.8849 0.0839 0.1048 -1.8864 0.0923 0.0961 -1.8822 0.0983 0.0903 -1.8654 0.0929 0.0976
143.0 -1.8007 0.1252 0.0709 -1.8959 0.0464 0.1421 -1.8585 0.0386 0.1537 -1.8545 0.0556 0.1367 -1.8418 0.0635 0.13 -1.8261 0.0692 0.1256 -1.8023 0.0492 0.1484 -1.7905 0.0569 0.1417 -1.7861 0.0673 0.1316 -1.7867 0.0758 0.1229 -1.7933 0.0749 0.1231
144.0 -1.8046 0.1277 0.068 -1.8979 0.0473 0.1409 -1.8567 0.0431 0.1493 -1.8516 0.0591 0.1335 -1.8425 0.0676 0.1256 -1.8325 0.0708 0.1234 -1.8072 0.0522 0.1449 -1.7989 0.0601 0.1377 -1.7962 0.0696 0.1282 -1.7984 0.0773 0.1202 -1.8011 0.0774 0.1198
145.0 -1.7996 0.129 0.0672 -1.8944 0.0478 0.1408 -1.8574 0.0424 0.15 -1.8534 0.0595 0.1329 -1.8434 0.0675 0.1257 -1.829 0.0707 0.1239 -1.8021 0.0529 0.1447 -1.7921 0.061 0.1374 -1.7876 0.0708 0.1279 -1.7891 0.0791 0.1192 -1.7941 0.0786 0.1193
146.0 -1.8043 0.1308 0.0648 -1.898 0.0479 0.1403 -1.8487 0.043 0.1502 -1.8499 0.0599 0.1328 -1.8445 0.0692 0.1239 -1.8393 0.0693 0.1243 -1.8159 0.0566 0.1396 -1.8149 0.0659 0.1302 -1.814 0.0758 0.1202 -1.8155 0.0841 0.1115 -1.8129 0.0826 0.1133
147.0 -1.792 0.1209 0.0762 -1.8468 0.042 0.1514 -1.8871 0.0463 0.143 -1.8741 0.0524 0.1381 -1.8615 0.0608 0.1308 -1.8498 0.0642 0.1284 -1.8656 0.0792 0.1116 -1.8713 0.0912 0.0987 -1.8674 0.0991 0.091 -1.8576 0.1035 0.0875 -1.8508 0.0988 0.093
148.0 -1.7919 0.1301 0.0669 -1.8433 0.0419 0.1519 -1.841 0.044 0.1499 -1.8406 0.052 0.1418 -1.8364 0.063 0.131 -1.8334 0.0707 0.1234 -1.8565 0.0774 0.1143 -1.8569 0.0895 0.1018 -1.8505 0.0983 0.0935 -1.8402 0.1046 0.0881 -1.8392 0.1 0.0929
149.0 -1.8058 0.1343 0.0611 -1.8938 0.054 0.1345 -1.8503 0.047 0.1459 -1.8499 0.0648 0.1278 -1.8401 0.0741 0.1193 -1.8298 0.0755 0.1189 -1.8027 0.0614 0.136 -1.7933 0.0682 0.13 -1.7895 0.0766 0.1217 -1.7899 0.0839 0.1142 -1.7963 0.0849 0.1126
150.0 -1.8127 0.1388 0.0558 -1.8943 0.0521 0.1364 -1.8382 0.0481 0.1461 -1.8327 0.0671 0.1271 -1.8292 0.0774 0.117 -1.8292 0.0774 0.117 -1.8136 0.0636 0.1326 -1.8153 0.0731 0.1227 -1.817 0.0827 0.1128 -1.8195 0.0921 0.1029 -1.8156 0.0901 0.1054
151.0 -1.791 0.1302 0.0668 -1.8484 0.0461 0.1471 -1.8516 0.0493 0.1435 -1.8282 0.0561 0.1388 -1.8255 0.0663 0.1287 -1.8233 0.0733 0.1218 -1.861 0.0829 0.1083 -1.8606 0.0957 0.0951 -1.8533 0.1041 0.0873 -1.8428 0.1097 0.0826 -1.8417 0.1045 0.088
151.0 -1.791 0.1302 0.0668 -1.8484 0.0461 0.1471 -1.8516 0.0493 0.1435 -1.8282 0.0561 0.1388 -1.8255 0.0663 0.1287 -1.8233 0.0733 0.1218 -1.861 0.0829 0.1083 -1.8606 0.0957 0.0951 -1.8533 0.1041 0.0873 -1.8428 0.1097 0.0826 -1.8417 0.1045 0.088
153.0 -1.81 0.138 0.0569 -1.8957 0.055 0.1333 -1.836 0.0508 0.1435 -1.8257 0.0675 0.1275 -1.8201 0.0755 0.1198 -1.8186 0.077 0.1185 -1.8154 0.0634 0.1327 -1.8108 0.0725 0.1238 -1.8063 0.0817 0.1149 -1.8051 0.0904 0.1061 -1.8095 0.0892 0.1069
154.0 -1.8119 0.139 0.0558 -1.8892 0.0528 0.1362 -1.8252 0.0443 0.1512 -1.8185 0.0611 0.1347 -1.8173 0.0692 0.1265 -1.8187 0.0727 0.1229 -1.8335 0.0664 0.1278 -1.8345 0.0773 0.1166 -1.8318 0.0868 0.1071 -1.8291 0.0963 0.0976 -1.8281 0.0932 0.101
155.0 -1.8118 0.1384 0.0564 -1.8963 0.0537 0.1346 -1.8411 0.0495 0.1443 -1.8336 0.067 0.1272 -1.829 0.0762 0.1183 -1.8275 0.0776 0.1169 -1.8178 0.0624 0.1334 -1.8153 0.0731 0.1227 -1.8136 0.0837 0.112 -1.8163 0.0938 0.1015 -1.815 0.0903 0.1052
155.0 -1.8118 0.1384 0.0564 -1.8963 0.0537 0.1346 -1.8411 0.0495 0.1443 -1.8336 0.067 0.1272 -1.829 0.0762 0.1183 -1.8275 0.0776 0.1169 -1.8178 0.0624 0.1334 -1.8153 0.0731 0.1227 -1.8136 0.0837 0.112 -1.8163 0.0938 0.1015 -1.815 0.0903 0.1052
157.0 -1.81 0.138 0.0569 -1.8982 0.054 0.134 -1.8571 0.0504 0.1418 -1.8546 0.0666 0.1255 -1.8456 0.0752 0.1176 -1.8329 0.0781 0.1159 -1.808 0.0613 0.1355 -1.7989 0.0699 0.1277 -1.7962 0.0794 0.1182 -1.7976 0.0877 0.1095 -1.8021 0.0873 0.1096
158.0 -1.8117 0.1378 0.057 -1.9009 0.0543 0.1335 -1.8623 0.0503 0.1414 -1.8589 0.066 0.1257 -1.8482 0.0748 0.1177 -1.8348 0.0791 0.1147 -1.8095 0.0599 0.1369 -1.7995 0.0685 0.129 -1.7961 0.0788 0.1189 -1.7967 0.0873 0.1101 -1.8027 0.0864 0.1104
159.0 -1.8147 0.1349 0.0596 -1.9057 0.0567 0.1306 -1.866 0.0461 0.1453 -1.8608 0.0615 0.1301 -1.8503 0.0721 0.1203 -1.8345 0.0822 0.1116 -1.8017 0.0609 0.1366 -1.7891 0.0693 0.1292 -1.7858 0.0802 0.1185 -1.7891 0.0895 0.1086 -1.7961 0.087 0.1105
160.0 -1.8149 0.1361 0.0584 -1.9055 0.0555 0.1318 -1.8644 0.047 0.1446 -1.8597 0.0604 0.1313 -1.8472 0.0694 0.1233 -1.833 0.0787 0.1153 -1.8056 0.0628 0.1342 -1.7947 0.071 0.1269 -1.7911 0.0807 0.1174 -1.7925 0.0884 0.1093 -1.7998 0.0878 0.1093
161.0 -1.8137 0.1393 0.0552 -1.9069 0.0535 0.1338 -1.8691 0.0488 0.1423 -1.8716 0.068 0.1224 -1.8597 0.0757 0.1157 -1.8434 0.0828 0.1101 -1.8053 0.0611 0.1361 -1.7989 0.0699 0.1277 -1.7981 0.0804 0.1171 -1.8022 0.089 0.1078 -1.8036 0.0879 0.1088
162.0 -1.8154 0.1391 0.0553 -1.9105 0.0542 0.1327 -1.8716 0.0478 0.143 -1.8721 0.0661 0.1243 -1.8577 0.0741 0.1175 -1.8408 0.0831 0.11 -1.8069 0.0602 0.1368 -1.7971 0.0695 0.1283 -1.7937 0.0803 0.1175 -1.7971 0.0896 0.1077 -1.802 0.0878 0.1091
163.0 -1.8138 0.1399 0.0546 -1.9105 0.0542 0.1327 -1.8662 0.0522 0.1391 -1.8654 0.0731 0.1178 -1.8566 0.0828 0.1087 -1.8455 0.0849 0.1077 -1.8186 0.0617 0.1341 -1.8116 0.0718 0.1244 -1.8082 0.0827 0.1137 -1.8097 0.0916 0.1044 -1.8124 0.0895 0.1062
164.0 -1.8148 0.1404 0.054 -1.908 0.0551 0.1319 -1.8669 0.0515 0.1397 -1.8685 0.0702 0.1204 -1.8597 0.0806 0.1107 -1.848 0.084 0.1084 -1.8175 0.0606 0.1353 -1.8112 0.07 0.1263 -1.8088 0.0813 0.115 -1.8104 0.0903 0.1057 -1.8126 0.0885 0.1073
165.0 -1.8183 0.1356 0.0585 -1.9116 0.0553 0.1314 -1.8684 0.0501 0.141 -1.8641 0.0653 0.1259 -1.852 0.0718 0.1204 -1.8373 0.0781 0.1155 -1.813 0.06 0.1364 -1.803 0.0681 0.1291 -1.7994 0.0777 0.1196 -1.8 0.0862 0.1109 -1.8067 0.0855 0.1109
166.0 -1.8185 0.1362 0.0579 -1.9126 0.0563 0.1302 -1.8692 0.0494 0.1417 -1.864 0.0647 0.1265 -1.8529 0.0717 0.1204 -1.8391 0.0785 0.1149 -1.8139 0.0599 0.1364 -1.8048 0.0684 0.1286 -1.8013 0.0787 0.1184 -1.8028 0.087 0.1097 -1.8082 0.0861 0.1102
167.0 -1.8126 0.1382 0.0564 -1.9121 0.0534 0.1333 -1.872 0.0502 0.1405 -1.8724 0.0679 0.1224 -1.8624 0.0759 0.1152 -1.8448 0.0808 0.112 -1.8138 0.0593 0.137 -1.8072 0.0669 0.1299 -1.8047 0.0776 0.1192 -1.8062 0.0866 0.1099 -1.8089 0.0857 0.1105
168.0 -1.8175 0.1406 0.0535 -1.9071 0.0546 0.1325 -1.8681 0.0483 0.1429 -1.8678 0.0667 0.1241 -1.8625 0.0765 0.1146 -1.852 0.0816 0.1104 -1.8243 0.0591 0.1362 -1.821 0.0705 0.1248 -1.8196 0.0823 0.1129 -1.8222 0.0924 0.1024 -1.8209 0.089 0.1059
169.0 -1.8164 0.1396 0.0547 -1.907 0.054 0.1331 -1.8684 0.0501 0.141 -1.8652 0.0664 0.1247 -1.859 0.0764 0.115 -1.8491 0.0802 0.1122 -1.8218 0.06 0.1355 -1.8166 0.0705 0.1253 -1.8151 0.0817 0.114 -1.8167 0.0913 0.104 -1.8173 0.0886 0.1067
170.0 -1.8161 0.1378 0.0566 -1.9114 0.0541 0.1327 -1.8686 0.0507 0.1404 -1.8628 0.068 0.1233 -1.8557 0.0775 0.1143 -1.8457 0.0806 0.112 -1.824 0.0573 0.138 -1.8189 0.0684 0.1272 -1.8165 0.0797 0.1159 -1.8182 0.0898 0.1053 -1.8187 0.0866 0.1086
171.0 -1.8192 0.1355 0.0585 -1.9133 0.055 0.1315 -1.8723 0.052 0.1387 -1.8681 0.0685 0.1223 -1.859 0.0764 0.115 -1.8447 0.0802 0.1126 -1.818 0.0581 0.1378 -1.8123 0.0662 0.1301 -1.8098 0.0769 0.1194 -1.8121 0.0852 0.1107 -1.8143 0.0844 0.1113
172.0 -1.818 0.1387 0.0554 -1.9134 0.0556 0.1309 -1.8758 0.0521 0.1382 -1.871 0.0699 0.1205 -1.8619 0.0778 0.1133 -1.8461 0.083 0.1095 -1.8171 0.0582 0.1378 -1.8107 0.067 0.1294 -1.8091 0.0776 0.1187 -1.8116 0.0871 0.1088 -1.8133 0.0858 0.11
173.0 -1.8177 0.137 0.0572 -1.9089 0.055 0.132 -1.872 0.0502 0.1405 -1.8687 0.0665 0.1242 -1.8598 0.0763 0.1151 -1.8454 0.0795 0.1133 -1.8201 0.0603 0.1354 -1.8119 0.0687 0.1276 -1.8093 0.0788 0.1175 -1.8115 0.0865 0.1095 -1.8141 0.0863 0.1094
174.0 -1.8208 0.1396 0.0542 -1.9089 0.055 0.132 -1.8561 0.0499 0.1424 -1.8562 0.0658 0.1262 -1.8535 0.0753 0.1167 -1.8509 0.0806 0.1116 -1.8312 0.0637 0.1308 -1.8299 0.0761 0.1183 -1.8292 0.0871 0.107 -1.831 0.0973 0.0965 -1.8284 0.0927 0.1014
174.0 -1.8208 0.1396 0.0542 -1.9089 0.055 0.132 -1.8561 0.0499 0.1424 -1.8562 0.0658 0.1262 -1.8535 0.0753 0.1167 -1.8509 0.0806 0.1116 -1.8312 0.0637 0.1308 -1.8299 0.0761 0.1183 -1.8292 0.0871 0.107 -1.831 0.0973 0.0965 -1.8284 0.0927 0.1014
176.0 -1.8174 0.1401 0.0541 -1.905 0.0531 0.1343 -1.8528 0.051 0.1417 -1.8535 0.0649 0.1273 -1.8531 0.0729 0.1192 -1.8494 0.0771 0.1153 -1.8302 0.0626 0.132 -1.8278 0.0739 0.1207 -1.8261 0.0845 0.11 -1.8278 0.0941 0.1001 -1.8258 0.091 0.1034
177.0 -1.8207 0.139 0.0549 -1.906 0.0536 0.1337 -1.8596 0.0501 0.1419 -1.858 0.0656 0.1262 -1.855 0.0739 0.118 -1.8506 0.0788 0.1135 -1.8335 0.0615 0.1328 -1.8313 0.074 0.1202 -1.829 0.086 0.1083 -1.83 0.0968 0.0971 -1.8289 0.0915 0.1026
178.0 -1.8203 0.1366 0.0573 -1.9164 0.0577 0.1285 -1.8774 0.0507 0.1395 -1.8715 0.0674 0.123 -1.8584 0.0728 0.1188 -1.8431 0.081 0.1119 -1.8164 0.0595 0.1365 -1.8037 0.0674 0.1298 -1.7993 0.0771 0.1202 -1.8 0.0862 0.1109 -1.808 0.0854 0.1109
179.0 -1.8179 0.1381 0.056 -1.9162 0.0565 0.1298 -1.8793 0.0517 0.1383 -1.8748 0.0712 0.1188 -1.8639 0.0794 0.1115 -1.8471 0.0841 0.1083 -1.8171 0.0582 0.1378 -1.8098 0.0666 0.13 -1.8072 0.0773 0.1193 -1.8097 0.0861 0.11 -1.8123 0.0853 0.1106
180.0 -1.8203 0.1366 0.0573 -1.9182 0.058 0.128 -1.881 0.0514 0.1384 -1.8774 0.0709 0.1189 -1.8645 0.0775 0.1134 -1.847 0.0835 0.109 -1.8154 0.0585 0.1377 -1.8045 0.0667 0.1304 -1.8009 0.0763 0.1209 -1.8032 0.0845 0.1123 -1.8089 0.0845 0.1117
181.0 -1.8238 0.1367 0.0569 -1.9183 0.0586 0.1273 -1.8776 0.0519 0.1382 -1.8714 0.0668 0.1236 -1.8603 0.0738 0.1176 -1.847 0.0835 0.109 -1.8146 0.0592 0.1371 -1.802 0.0676 0.1297 -1.7978 0.0786 0.1189 -1.8003 0.088 0.109 -1.8077 0.086 0.1103
182.0 -1.8232 0.138 0.0556 -1.919 0.0573 0.1286 -1.8791 0.0505 0.1396 -1.8763 0.0698 0.1201 -1.8652 0.0768 0.114 -1.8489 0.0839 0.1084 -1.814 0.0605 0.1358 -1.8041 0.0692 0.1279 -1.8015 0.0799 0.1172 -1.8057 0.0885 0.108 -1.8097 0.0872 0.1089
183.0 -1.8254 0.1359 0.0575 -1.9191 0.0579 0.128 -1.8776 0.0519 0.1382 -1.8673 0.0637 0.1272 -1.8555 0.0714 0.1205 -1.8434 0.0828 0.1101 -1.8146 0.0592 0.1371 -1.8003 0.0678 0.1296 -1.7951 0.0783 0.1194 -1.7977 0.0883 0.1089 -1.8066 0.0859 0.1105
184.0 -1.822 0.1364 0.0574 -1.9179 0.0562 0.1298 -1.8819 0.0513 0.1384 -1.8744 0.0639 0.1263 -1.8616 0.0712 0.1201 -1.8464 0.0799 0.1127 -1.8177 0.0569 0.1391 -1.806 0.0652 0.1317 -1.8009 0.0763 0.1209 -1.8026 0.0859 0.111 -1.8098 0.0841 0.112
185.0 -1.8289 0.1354 0.0577 -1.9199 0.0578 0.128 -1.8793 0.0517 0.1383 -1.8702 0.0651 0.1255 -1.8584 0.0728 0.1188 -1.8451 0.0826 0.1101 -1.8145 0.0586 0.1377 -1.8012 0.0677 0.1297 -1.797 0.0793 0.1183 -1.7997 0.0893 0.1077 -1.8082 0.0861 0.1102
186.0 -1.8232 0.138 0.0556 -1.9187 0.0555 0.1305 -1.8799 0.0504 0.1396 -1.8737 0.0653 0.125 -1.8607 0.0713 0.1201 -1.844 0.0815 0.1113 -1.8148 0.0604 0.1358 -1.8059 0.0695 0.1274 -1.8025 0.0804 0.1166 -1.805 0.0898 0.1067 -1.8103 0.0876 0.1084
187.0 -1.8298 0.1359 0.0571 -1.9199 0.0578 0.128 -1.881 0.0514 0.1384 -1.8719 0.0649 0.1255 -1.8591 0.0721 0.1194 -1.8451 0.0826 0.1101 -1.8145 0.0586 0.1377 -1.8013 0.0683 0.129 -1.7971 0.0799 0.1176 -1.7998 0.0899 0.1071 -1.8085 0.0865 0.1097
188.0 -1.8229 0.1363 0.0574 -1.918 0.0568 0.1292 -1.8797 0.0492 0.1408 -1.8741 0.067 0.1231 -1.8611 0.0737 0.1176 -1.8462 0.0836 0.1089 -1.8137 0.0587 0.1376 -1.802 0.0676 0.1297 -1.7978 0.0786 0.1189 -1.8012 0.0879 0.1091 -1.8075 0.0858 0.1106
189.0 -1.8272 0.1357 0.0576 -1.9198 0.0572 0.1286 -1.879 0.0499 0.1402 -1.871 0.0644 0.1261 -1.8591 0.0721 0.1194 -1.8451 0.0826 0.1101 -1.8146 0.0592 0.1371 -1.8021 0.0682 0.1291 -1.7971 0.0799 0.1176 -1.7997 0.0893 0.1077 -1.8081 0.0864 0.1098
190.0 -1.8281 0.1362 0.057 -1.919 0.0573 0.1286 -1.8811 0.052 0.1378 -1.8722 0.0667 0.1237 -1.8613 0.0743 0.117 -1.8471 0.0841 0.1083 -1.8127 0.0582 0.1382 -1.7994 0.068 0.1296 -1.7953 0.0795 0.1182 -1.7988 0.0894 0.1077 -1.8069 0.0863 0.1102
191.0 -1.8246 0.136 0.0575 -1.9189 0.0567 0.1292 -1.8791 0.0505 0.1396 -1.8721 0.0661 0.1243 -1.8603 0.0738 0.1176 -1.8463 0.0842 0.1083 -1.8128 0.0588 0.1376 -1.7994 0.068 0.1296 -1.7961 0.0788 0.1189 -1.7995 0.0881 0.109 -1.8065 0.0859 0.1105
192.0 -1.8281 0.1362 0.057 -1.919 0.0573 0.1286 -1.8809 0.0508 0.139 -1.8726 0.0636 0.1268 -1.8616 0.0712 0.1201 -1.8487 0.0827 0.1096 -1.8145 0.0586 0.1377 -1.8012 0.0677 0.1297 -1.797 0.0793 0.1183 -1.8004 0.0886 0.1084 -1.8082 0.0861 0.1102
193.0 -1.8226 0.1351 0.0587 -1.9197 0.0566 0.1293 -1.8798 0.0498 0.1402 -1.8734 0.0635 0.1268 -1.8607 0.0713 0.1201 -1.8451 0.0826 0.1101 -1.8143 0.0574 0.1389 -1.801 0.0665 0.1309 -1.7967 0.0775 0.1201 -1.7992 0.0869 0.1102 -1.8068 0.0847 0.1118
194.0 -1.8281 0.1362 0.057 -1.9181 0.0574 0.1286 -1.879 0.0499 0.1402 -1.8714 0.0619 0.1286 -1.8598 0.0708 0.1207 -1.8477 0.0822 0.1102 -1.8154 0.0585 0.1377 -1.802 0.0676 0.1297 -1.7978 0.0786 0.1189 -1.8003 0.088 0.109 -1.8087 0.0858 0.1105
195.0 -1.8273 0.1363 0.057 -1.9208 0.0577 0.1281 -1.879 0.0499 0.1402 -1.8726 0.0636 0.1268 -1.8609 0.0725 0.1189 -1.8461 0.083 0.1095 -1.8162 0.0584 0.1377 -1.8029 0.0675 0.1297 -1.7979 0.0792 0.1183 -1.8004 0.0886 0.1084 -1.8089 0.086 0.1102
196.0 -1.8225 0.1345 0.0593 -1.9172 0.0569 0.1292 -1.8787 0.0481 0.142 -1.8742 0.0627 0.1275 -1.8605 0.0701 0.1213 -1.8449 0.0814 0.1114 -1.8154 0.0585 0.1377 -1.8028 0.0669 0.1304 -1.7984 0.0773 0.1202 -1.801 0.0867 0.1103 -1.808 0.0848 0.1116
197.0 -1.8215 0.1334 0.0605 -1.9172 0.0569 0.1292 -1.8768 0.0477 0.1426 -1.8716 0.0631 0.1274 -1.8588 0.0703 0.1213 -1.8434 0.0779 0.1151 -1.8172 0.0588 0.1372 -1.8045 0.0667 0.1304 -1.7992 0.0765 0.1208 -1.8005 0.0843 0.1128 -1.8086 0.0839 0.1123
198.0 -1.8294 0.1335 0.0596 -1.919 0.0573 0.1286 -1.879 0.0499 0.1402 -1.8688 0.0623 0.1285 -1.8572 0.0712 0.1206 -1.8433 0.0822 0.1107 -1.8161 0.0578 0.1384 -1.801 0.0665 0.1309 -1.7959 0.0776 0.1201 -1.7976 0.0877 0.1095 -1.808 0.0846 0.1117
199.0 -1.8267 0.1333 0.0601 -1.9182 0.058 0.128 -1.8769 0.0483 0.142 -1.8664 0.0583 0.1328 -1.8539 0.0673 0.1248 -1.8408 0.0782 0.115 -1.8181 0.0587 0.1372 -1.8036 0.0668 0.1304 -1.7976 0.0774 0.1202 -1.7992 0.0869 0.1102 -1.8091 0.0846 0.1116
200.0 -1.8246 0.136 0.0575 -1.918 0.0568 0.1292 -1.8796 0.0486 0.1414 -1.8741 0.0622 0.1281 -1.8623 0.0705 0.1208 -1.8475 0.081 0.1115 -1.8161 0.0578 0.1384 -1.8054 0.0665 0.1305 -1.8011 0.0775 0.1197 -1.8038 0.0875 0.1092 -1.8102 0.0851 0.111
201.0 -1.8229 0.1363 0.0574 -1.918 0.0568 0.1292 -1.8787 0.0481 0.142 -1.8712 0.0607 0.1299 -1.8596 0.0696 0.1219 -1.8448 0.0808 0.112 -1.817 0.0576 0.1384 -1.8055 0.0671 0.1298 -1.8021 0.078 0.1191 -1.804 0.0887 0.1079 -1.8103 0.0855 0.1105
202.0 -1.823 0.1369 0.0568 -1.9206 0.0565 0.1293 -1.8798 0.0498 0.1402 -1.8759 0.0674 0.1226 -1.862 0.0736 0.1177 -1.845 0.082 0.1108 -1.8154 0.0585 0.1377 -1.8037 0.0674 0.1298 -1.8004 0.0782 0.119 -1.8028 0.087 0.1097 -1.809 0.0856 0.1106
203.0 -1.8212 0.1371 0.0568 -1.9163 0.0571 0.1291 -1.8805 0.0485 0.1415 -1.8766 0.0667 0.1232 -1.8639 0.0745 0.1165 -1.8477 0.0822 0.1102 -1.8173 0.0594 0.1365 -1.8091 0.0679 0.1287 -1.8065 0.078 0.1186 -1.8089 0.0868 0.1094 -1.8126 0.0858 0.11
204.0 -1.8223 0.1382 0.0555 -1.9172 0.0569 0.1292 -1.8824 0.0494 0.1403 -1.8788 0.0688 0.1208 -1.864 0.0751 0.1159 -1.8469 0.0829 0.1096 -1.8162 0.0584 0.1377 -1.8055 0.0671 0.1298 -1.8021 0.078 0.1191 -1.8045 0.0868 0.1098 -1.8101 0.0857 0.1104
205.0 -1.8265 0.137 0.0563 -1.9174 0.0581 0.1279 -1.8799 0.0504 0.1396 -1.8715 0.0625 0.128 -1.859 0.0715 0.12 -1.8461 0.083 0.1095 -1.8171 0.0582 0.1378 -1.8036 0.0668 0.1304 -1.7986 0.0784 0.119 -1.8013 0.0885 0.1084 -1.8094 0.0858 0.1104
206.0 -1.8277 0.1387 0.0545 -1.9175 0.0587 0.1273 -1.8817 0.0501 0.1397 -1.8753 0.0638 0.1263 -1.8637 0.0733 0.1177 -1.8494 0.082 0.1103 -1.8172 0.0588 0.1372 -1.8047 0.0679 0.1292 -1.7996 0.0789 0.1184 -1.8022 0.089 0.1078 -1.8103 0.0866 0.1094
207.0 -1.8258 0.1383 0.0551 -1.9192 0.0585 0.1274 -1.8825 0.05 0.1397 -1.8756 0.0656 0.1244 -1.8637 0.0733 0.1177 -1.8488 0.0833 0.109 -1.8174 0.06 0.1359 -1.8066 0.0688 0.128 -1.8024 0.0798 0.1172 -1.8048 0.0886 0.1079 -1.8114 0.0871 0.1088
208.0 -1.8242 0.1391 0.0544 -1.9202 0.059 0.1268 -1.8815 0.0495 0.1403 -1.876 0.068 0.1219 -1.8623 0.0753 0.1158 -1.8467 0.0817 0.1108 -1.8216 0.0589 0.1367 -1.81 0.0678 0.1288 -1.8057 0.0787 0.118 -1.8073 0.0877 0.1087 -1.8138 0.0864 0.1093
209.0 -1.8264 0.1364 0.057 -1.9183 0.0586 0.1273 -1.8808 0.0503 0.1396 -1.8775 0.0666 0.1233 -1.866 0.0761 0.1147 -1.8516 0.0792 0.1129 -1.826 0.0589 0.1362 -1.8171 0.068 0.1278 -1.8136 0.0783 0.1177 -1.815 0.0866 0.109 -1.8196 0.0856 0.1095
210.0 -1.8241 0.1385 0.055 -1.9194 0.0597 0.1261 -1.8833 0.0493 0.1403 -1.8799 0.0705 0.119 -1.8662 0.0773 0.1134 -1.8505 0.0831 0.1091 -1.8191 0.0598 0.136 -1.8093 0.0691 0.1275 -1.8058 0.0793 0.1174 -1.8091 0.088 0.1081 -1.8135 0.0869 0.1088
211.0 -1.8252 0.1396 0.0538 -1.9212 0.0601 0.1256 -1.8841 0.0492 0.1404 -1.8766 0.0667 0.1232 -1.862 0.0736 0.1177 -1.8478 0.0828 0.1096 -1.8202 0.0609 0.1348 -1.8095 0.0703 0.1262 -1.806 0.0805 0.1161 -1.8093 0.0892 0.1069 -1.8141 0.0881 0.1076
212.0 -1.8253 0.1402 0.0532 -1.9202 0.059 0.1268 -1.8843 0.0504 0.1391 -1.8795 0.0681 0.1215 -1.8649 0.075 0.1159 -1.8494 0.082 0.1103 -1.8211 0.0608 0.1348 -1.8111 0.0694 0.1269 -1.8085 0.0796 0.1168 -1.8108 0.0878 0.1082 -1.8154 0.0875 0.108
213.0 -1.8243 0.1397 0.0537 -1.9185 0.0598 0.1261 -1.8834 0.0499 0.1397 -1.8818 0.0709 0.1184 -1.8689 0.0775 0.1129 -1.8542 0.0844 0.1074 -1.8202 0.0609 0.1348 -1.8121 0.0699 0.1263 -1.8103 0.0799 0.1163 -1.8135 0.088 0.1077 -1.8161 0.0877 0.1078
214.0 -1.8216 0.1389 0.0549 -1.9155 0.0578 0.1285 -1.8721 0.0508 0.1399 -1.8656 0.0688 0.1222 -1.8612 0.0792 0.112 -1.8556 0.0824 0.1093 -1.8369 0.0611 0.1329 -1.8331 0.0744 0.1197 -1.8308 0.0863 0.1077 -1.8327 0.0971 0.0965 -1.831 0.0915 0.1023
215.0 -1.8247 0.1366 0.0569 -1.8754 0.0498 0.1407 -1.8548 0.0476 0.1449 -1.8599 0.0616 0.1301 -1.8615 0.0706 0.1208 -1.864 0.08 0.1109 -1.8633 0.0709 0.1202 -1.8675 0.085 0.1054 -1.8668 0.0961 0.0941 -1.8633 0.1058 0.0846 -1.8571 0.0989 0.0922
215.0 -1.8247 0.1366 0.0569 -1.8754 0.0498 0.1407 -1.8548 0.0476 0.1449 -1.8599 0.0616 0.1301 -1.8615 0.0706 0.1208 -1.864 0.08 0.1109 -1.8633 0.0709 0.1202 -1.8675 0.085 0.1054 -1.8668 0.0961 0.0941 -1.8633 0.1058 0.0846 -1.8571 0.0989 0.0922
217.0 -0.8698 0.0493 0.241 -0.8059 0.0506 0.246 -0.8064 0.0536 0.2429 -0.807 0.0572 0.2392 -0.8084 0.0649 0.2311 -0.8098 0.0733 0.2224 -0.8063 0.0328 0.2641 -0.8043 0.0416 0.2553 -0.8062 0.0524 0.2441 -0.8107 0.0634 0.2324 -0.8195 0.0479 0.2474
217.0 -1.8306 0.1401 0.0527 -1.9017 0.0541 0.1336 -1.8589 0.0508 0.1413 -1.8627 0.0674 0.1239 -1.8678 0.0764 0.1141 -1.8682 0.0837 0.1067 -1.842 0.0647 0.1287 -1.8453 0.0789 0.1139 -1.8484 0.0913 0.1009 -1.8531 0.1029 0.0886 -1.8439 0.0956 0.097
218.0 -0.8928 0.0499 0.2381 -0.8096 0.0721 0.2236 -0.807 0.0572 0.2392 -0.8053 0.0476 0.2491 -0.8043 0.0416 0.2553 -0.8037 0.0381 0.259 -0.8283 0.0482 0.2462 -0.8327 0.0384 0.2558 -0.8379 0.0328 0.261 -0.8419 0.0305 0.263 -0.8467 0.0399 0.2528
218.0 -1.8229 0.1417 0.0518 -1.9167 0.0595 0.1266 -1.8834 0.0499 0.1397 -1.8785 0.0671 0.1227 -1.8695 0.0762 0.1142 -1.8563 0.081 0.1106 -1.8309 0.0619 0.1327 -1.8255 0.0712 0.1237 -1.8239 0.0818 0.1131 -1.8254 0.0907 0.1038 -1.8257 0.0894 0.105
219.0 -0.9174 0.0496 0.2359 -0.8099 0.0739 0.2218 -0.8057 0.05 0.2466 -0.8054 0.0482 0.2485 -0.8051 0.0464 0.2503 -0.805 0.0458 0.2509 -0.8448 0.0472 0.2456 -0.8504 0.0385 0.2539 -0.855 0.0348 0.2572 -0.8584 0.0343 0.2574 -0.8652 0.0409 0.25
220.0 -0.9396 0.0509 0.2324 -0.83 0.0779 0.2157 -0.8062 0.0524 0.2441 -0.8055 0.0488 0.2478 -0.8053 0.0476 0.2491 -0.814 0.047 0.2488 -0.869 0.0494 0.2409 -0.8718 0.0405 0.2498 -0.8747 0.037 0.253 -0.8772 0.0361 0.2537 -0.8865 0.0428 0.246
221.0 -0.9718 0.0538 0.2262 -0.8619 0.0791 0.2113 -0.8355 0.0539 0.2396 -0.8383 0.0499 0.2435 -0.8458 0.0476 0.245 -0.8562 0.0469 0.2448 -0.9034 0.0502 0.2366 -0.9064 0.0419 0.2449 -0.9094 0.0391 0.2475 -0.9103 0.0389 0.2475 -0.9203 0.0448 0.2405
221.0 -1.8255 0.1365 0.0569 -1.9196 0.0609 0.1249 -1.8815 0.0495 0.1403 -1.8799 0.0705 0.119 -1.8682 0.0788 0.1117 -1.8541 0.0838 0.108 -1.8256 0.0614 0.1337 -1.8147 0.0696 0.1264 -1.8111 0.0792 0.1169 -1.8133 0.0868 0.1089 -1.818 0.0867 0.1086
222.0 -0.9972 0.0584 0.219 -0.891 0.0794 0.2081 -0.8577 0.0601 0.2311 -0.8604 0.0555 0.2356 -0.8671 0.0539 0.2365 -0.8767 0.0532 0.2362 -0.9278 0.0537 0.2307 -0.9309 0.0465 0.2377 -0.933 0.0432 0.2409 -0.9348 0.0436 0.2404 -0.9448 0.0491 0.2337
222.0 -1.8292 0.1372 0.0558 -1.9234 0.0622 0.1232 -1.8844 0.051 0.1385 -1.8783 0.0659 0.1239 -1.8672 0.0729 0.1179 -1.852 0.0816 0.1104 -1.8212 0.0614 0.1342 -1.8102 0.0689 0.1275 -1.8066 0.0786 0.118 -1.809 0.0874 0.1087 -1.8152 0.0867 0.1089
223.0 -1.0247 0.0595 0.2151 -0.9223 0.0825 0.2018 -0.8869 0.0665 0.2216 -0.8882 0.0639 0.2242 -0.8948 0.0612 0.2263 -0.9035 0.0606 0.226 -0.9599 0.0561 0.2251 -0.9613 0.0492 0.232 -0.9627 0.0471 0.2339 -0.9629 0.0483 0.2327 -0.9743 0.052 0.2278
223.0 -1.8291 0.1366 0.0564 -1.9234 0.0622 0.1232 -1.8854 0.0515 0.1379 -1.8789 0.0646 0.1252 -1.867 0.0717 0.1191 -1.8527 0.0809 0.1111 -1.8218 0.06 0.1355 -1.8118 0.0681 0.1282 -1.8083 0.0784 0.1181 -1.8106 0.0866 0.1094 -1.8163 0.086 0.1095
224.0 -1.0447 0.0629 0.2096 -0.9575 0.0827 0.1981 -0.9326 0.0659 0.2178 -0.933 0.0634 0.2203 -0.9388 0.0614 0.2218 -0.9482 0.0595 0.2228 -0.9964 0.0585 0.219 -0.9988 0.052 0.2253 -1.0002 0.05 0.2273 -1.002 0.0504 0.2267 -1.0084 0.0548 0.2216
224.0 -1.8218 0.1401 0.0536 -1.9213 0.0607 0.125 -1.8846 0.0522 0.1373 -1.8798 0.0699 0.1196 -1.8706 0.0773 0.113 -1.8567 0.0834 0.1081 -1.8281 0.061 0.1338 -1.8208 0.0693 0.1261 -1.8182 0.0795 0.116 -1.8199 0.089 0.106 -1.8217 0.0878 0.1071
225.0 -1.0686 0.064 0.2062 -0.9884 0.0834 0.1943 -0.9647 0.0683 0.2122 -0.9652 0.0712 0.2091 -0.9703 0.0705 0.2093 -0.9761 0.0685 0.2107 -1.0235 0.0579 0.2169 -1.0228 0.0537 0.2213 -1.0217 0.0526 0.2225 -1.0211 0.0539 0.2212 -1.0315 0.0564 0.2176
225.0 -1.8269 0.1394 0.0538 -1.924 0.0609 0.1244 -1.8873 0.0524 0.1368 -1.881 0.0716 0.1178 -1.8689 0.0775 0.1129 -1.8534 0.0845 0.1073 -1.8236 0.0604 0.1349 -1.8137 0.0691 0.127 -1.8111 0.0792 0.1169 -1.8134 0.0874 0.1083 -1.8178 0.0871 0.1082
226.0 -1.8216 0.1389 0.0549 -1.9126 0.0563 0.1302 -1.8722 0.0514 0.1393 -1.8717 0.0686 0.1218 -1.8698 0.078 0.1123 -1.8655 0.0835 0.1072 -1.839 0.0626 0.1311 -1.8359 0.0752 0.1185 -1.8354 0.0875 0.106 -1.8373 0.0983 0.0948 -1.8338 0.0925 0.1011
226.0 -1.1042 0.0665 0.2001 -1.027 0.0824 0.1915 -1.0028 0.0698 0.2068 -1.0036 0.0697 0.2068 -1.0071 0.0692 0.2069 -1.0128 0.0666 0.209 -1.0625 0.0593 0.2116 -1.0627 0.0556 0.2153 -1.0618 0.0551 0.2159 -1.0611 0.0565 0.2146 -1.0705 0.0586 0.2115
227.0 -1.1345 0.0685 0.195 -1.0481 0.0826 0.1892 -1.0206 0.076 0.1987 -1.0213 0.0753 0.1994 -1.0246 0.0742 0.2001 -1.0287 0.0724 0.2015 -1.0843 0.0582 0.2106 -1.0828 0.0547 0.2142 -1.0811 0.055 0.2142 -1.0789 0.0577 0.2116 -1.0923 0.0588 0.2091
227.0 -1.8243 0.1397 0.0537 -1.9163 0.0571 0.1291 -1.8705 0.0516 0.1392 -1.8708 0.0687 0.1217 -1.868 0.0776 0.1129 -1.8644 0.0824 0.1084 -1.8372 0.0623 0.1317 -1.8339 0.0737 0.1203 -1.834 0.0847 0.1091 -1.8366 0.0941 0.0992 -1.8332 0.0909 0.1028
227.0 -1.8243 0.1397 0.0537 -1.9163 0.0571 0.1291 -1.8705 0.0516 0.1392 -1.8708 0.0687 0.1217 -1.868 0.0776 0.1129 -1.8644 0.0824 0.1084 -1.8372 0.0623 0.1317 -1.8339 0.0737 0.1203 -1.834 0.0847 0.1091 -1.8366 0.0941 0.0992 -1.8332 0.0909 0.1028
229.0 -1.8222 0.1473 0.0462 -1.9213 0.0607 0.125 -1.8883 0.0529 0.1362 -1.8876 0.0738 0.1149 -1.8774 0.0812 0.1083 -1.8631 0.085 0.1058 -1.8266 0.0625 0.1325 -1.8213 0.0723 0.123 -1.8206 0.0834 0.1117 -1.825 0.0932 0.1012 -1.8231 0.0918 0.1029
230.0 -1.825 0.1433 0.05 -1.9223 0.0611 0.1244 -1.8864 0.0519 0.1373 -1.8834 0.0701 0.1191 -1.8704 0.0761 0.1142 -1.8548 0.0825 0.1093 -1.8239 0.0622 0.133 -1.8157 0.0706 0.1252 -1.8131 0.0808 0.1151 -1.8155 0.089 0.1065 -1.8186 0.0892 0.106
231.0 -1.8278 0.1441 0.0489 -1.924 0.0609 0.1244 -1.8873 0.0524 0.1368 -1.8834 0.0701 0.1191 -1.8715 0.0778 0.1124 -1.8557 0.0878 0.1037 -1.8221 0.0618 0.1336 -1.8122 0.0705 0.1257 -1.8089 0.0819 0.1144 -1.8116 0.092 0.1038 -1.8165 0.0901 0.1053
232.0 -1.8232 0.1435 0.05 -1.9214 0.0613 0.1243 -1.8866 0.0531 0.1361 -1.882 0.0721 0.1172 -1.8709 0.0791 0.1111 -1.8556 0.0872 0.1043 -1.8229 0.0611 0.1343 -1.8148 0.0702 0.1258 -1.8132 0.0814 0.1145 -1.8158 0.0908 0.1046 -1.818 0.0894 0.1058
233.0 -1.8275 0.143 0.0501 -1.9223 0.0611 0.1244 -1.8884 0.0535 0.1355 -1.8828 0.072 0.1172 -1.8688 0.0769 0.1135 -1.8516 0.0847 0.1073 -1.8204 0.0621 0.1335 -1.8113 0.0706 0.1257 -1.8079 0.0809 0.1156 -1.811 0.089 0.1069 -1.8156 0.0891 0.1064
234.0 -1.8299 0.1463 0.0465 -1.9235 0.0628 0.1225 -1.886 0.055 0.1342 -1.8839 0.073 0.116 -1.874 0.0817 0.1081 -1.8581 0.0912 0.1 -1.8172 0.0637 0.1322 -1.8058 0.0738 0.123 -1.8034 0.0857 0.111 -1.8089 0.0966 0.0994 -1.813 0.0932 0.1024
235.0 -1.8296 0.1445 0.0483 -1.9217 0.063 0.1225 -1.8833 0.0548 0.1347 -1.8796 0.0687 0.1208 -1.867 0.0772 0.1135 -1.8521 0.0871 0.1048 -1.8182 0.0648 0.131 -1.8056 0.0732 0.1236 -1.8023 0.0841 0.1128 -1.8049 0.0941 0.1023 -1.8121 0.0921 0.1036
236.0 -1.8236 0.1453 0.0481 -1.9196 0.0609 0.1249 -1.8814 0.0538 0.1359 -1.8822 0.0733 0.1159 -1.872 0.0802 0.1099 -1.8565 0.0871 0.1043 -1.8192 0.0653 0.1304 -1.8128 0.0741 0.122 -1.8128 0.0839 0.112 -1.8169 0.0925 0.1028 -1.8171 0.0922 0.1031
237.0 -1.8226 0.1497 0.0437 -1.9152 0.0609 0.1253 -1.8806 0.0539 0.1359 -1.8828 0.0769 0.1122 -1.8723 0.0868 0.1031 -1.8598 0.091 0.1001 -1.8231 0.0672 0.128 -1.8196 0.0775 0.1179 -1.8207 0.0889 0.1061 -1.8258 0.098 0.0963 -1.8224 0.0963 0.0984
238.0 -1.823 0.1472 0.0462 -1.9132 0.0593 0.1271 -1.8824 0.0543 0.1353 -1.8822 0.0733 0.1159 -1.873 0.0812 0.1087 -1.8607 0.086 0.1051 -1.8253 0.0651 0.13 -1.8209 0.0748 0.1204 -1.8209 0.0852 0.1098 -1.8242 0.0939 0.1006 -1.8229 0.0933 0.1014
239.0 -1.8239 0.1422 0.0512 -1.9159 0.0596 0.1266 -1.8824 0.0543 0.1353 -1.8843 0.0754 0.1135 -1.8734 0.0836 0.1062 -1.8574 0.0876 0.1037 -1.8206 0.0633 0.1323 -1.8116 0.0718 0.1244 -1.8098 0.0818 0.1144 -1.8131 0.0905 0.1051 -1.8158 0.0899 0.1055
240.0 -1.8231 0.1429 0.0506 -1.9199 0.0578 0.128 -1.8887 0.0553 0.1337 -1.8876 0.0738 0.1149 -1.8729 0.0806 0.1093 -1.8552 0.0897 0.1018 -1.8133 0.0618 0.1345 -1.8017 0.0707 0.1266 -1.7992 0.0814 0.1158 -1.8043 0.0905 0.1061 -1.8083 0.0895 0.1067
241.0 -1.8329 0.1386 0.0541 -1.9239 0.0505 0.135 -1.9062 0.0499 0.1375 -1.9006 0.0677 0.1198 -1.8888 0.076 0.1125 -1.8691 0.0842 0.1061 -1.8162 0.0529 0.1434 -1.802 0.0627 0.1347 -1.799 0.0753 0.1221 -1.8045 0.0868 0.1098 -1.8109 0.0833 0.1128
242.0 -1.8342 0.1359 0.0566 -1.923 0.0501 0.1356 -1.9022 0.0468 0.1411 -1.8969 0.0621 0.1259 -1.8851 0.0698 0.1192 -1.8676 0.0801 0.1104 -1.8188 0.0531 0.1428 -1.8046 0.0624 0.1348 -1.8015 0.0744 0.1228 -1.8069 0.0853 0.1112 -1.8132 0.0822 0.1136
243.0 -1.8281 0.1362 0.057 -1.9267 0.0459 0.1395 -1.906 0.0487 0.1387 -1.9015 0.0682 0.1192 -1.8882 0.0774 0.1112 -1.869 0.0836 0.1067 -1.8227 0.0502 0.1455 -1.8086 0.06 0.1368 -1.8046 0.0721 0.1248 -1.8084 0.0838 0.1125 -1.8145 0.0805 0.1153
244.0 -1.8338 0.1336 0.0591 -1.9298 0.0436 0.1415 -1.908 0.0448 0.1425 -1.9014 0.0621 0.1254 -1.8879 0.0707 0.118 -1.8698 0.078 0.1123 -1.8252 0.0492 0.1462 -1.811 0.0585 0.1382 -1.8069 0.0706 0.1261 -1.8107 0.0817 0.1144 -1.8175 0.0787 0.1168
245.0 -1.8373 0.1282 0.0642 -1.9298 0.0436 0.1415 -1.9122 0.0436 0.1433 -1.9012 0.0615 0.1261 -1.8879 0.0707 0.118 -1.8683 0.0794 0.111 -1.8302 0.0479 0.147 -1.8134 0.0575 0.1389 -1.8078 0.0705 0.1262 -1.8105 0.0811 0.115 -1.8199 0.077 0.1183
246.0 -1.8339 0.1238 0.0691 -1.93 0.0448 0.1403 -1.9135 0.0458 0.1409 -1.8993 0.0655 0.1222 -1.8833 0.0744 0.1147 -1.8665 0.0791 0.1116 -1.832 0.0428 0.1521 -1.8169 0.0522 0.144 -1.8103 0.0647 0.1319 -1.8121 0.0748 0.1213 -1.821 0.0716 0.1237
247.0 -1.8376 0.1202 0.0724 -1.9297 0.043 0.1421 -1.9123 0.0442 0.1427 -1.8976 0.0608 0.1272 -1.8834 0.0701 0.1191 -1.8678 0.0764 0.1141 -1.8346 0.0424 0.1522 -1.8185 0.0513 0.1447 -1.8118 0.0632 0.1332 -1.8143 0.0727 0.1233 -1.8234 0.07 0.1252
248.0 -1.8426 0.1183 0.0738 -1.929 0.0395 0.1459 -1.9136 0.0464 0.1403 -1.8957 0.0598 0.1283 -1.8833 0.0695 0.1197 -1.8684 0.0751 0.1154 -1.8384 0.0395 0.1548 -1.8208 0.0492 0.1467 -1.8124 0.0613 0.1351 -1.8133 0.0716 0.1245 -1.8255 0.068 0.127
249.0 -1.8433 0.1176 0.0745 -1.9286 0.0371 0.1483 -1.9162 0.0412 0.1454 -1.9001 0.055 0.1329 -1.888 0.0664 0.1224 -1.8752 0.0736 0.1163 -1.8408 0.0379 0.1562 -1.8223 0.0478 0.148 -1.8148 0.0604 0.1358 -1.816 0.0718 0.124 -1.8274 0.0671 0.1277
250.0 -1.8434 0.1127 0.0795 -1.9285 0.0365 0.149 -1.9162 0.0467 0.1397 -1.899 0.0588 0.1291 -1.8859 0.0691 0.1198 -1.8723 0.0722 0.1181 -1.8429 0.0346 0.1594 -1.8225 0.0441 0.1517 -1.8131 0.0557 0.1407 -1.8139 0.0654 0.1308 -1.8272 0.0625 0.1324
251.0 -1.8436 0.109 0.0832 -1.9284 0.0359 0.1496 -1.9193 0.0438 0.1424 -1.9036 0.0551 0.1324 -1.8885 0.0639 0.1249 -1.8758 0.0668 0.1232 -1.847 0.0328 0.1608 -1.8281 0.0409 0.1544 -1.8194 0.0512 0.1447 -1.8201 0.0603 0.1354 -1.8316 0.0588 0.1357
252.0 -1.8461 0.1081 0.0839 -1.928 0.0335 0.1521 -1.9259 0.0368 0.1489 -1.9102 0.0524 0.1345 -1.8933 0.0614 0.127 -1.8811 0.0618 0.1278 -1.852 0.0315 0.1616 -1.8339 0.0389 0.1559 -1.8251 0.0486 0.1468 -1.8248 0.0572 0.1381 -1.8364 0.0569 0.1373
253.0 -1.8469 0.108 0.084 -1.9278 0.0323 0.1533 -1.9242 0.0371 0.1488 -1.9115 0.0498 0.1371 -1.8955 0.0587 0.1296 -1.8828 0.0616 0.1278 -1.852 0.0315 0.1616 -1.8349 0.0393 0.1553 -1.827 0.0496 0.1457 -1.8269 0.0588 0.1363 -1.8375 0.0574 0.1366
254.0 -1.8464 0.1099 0.0821 -1.928 0.0335 0.1521 -1.9269 0.0373 0.1483 -1.9138 0.0531 0.1334 -1.8997 0.063 0.1247 -1.8878 0.0652 0.1237 -1.8501 0.0306 0.1628 -1.8323 0.0397 0.1552 -1.8255 0.051 0.1443 -1.8263 0.0607 0.1344 -1.8361 0.0584 0.1358
