1.0 -1.212 -0.0665 0.3254 -1.1465 -0.0785 0.3441 -1.0914 -0.0619 0.3326 -1.0921 -0.0479 0.3183 -1.103 -0.0408 0.3099 -1.1226 -0.0343 0.3013 -1.1471 -0.0755 0.341 -1.1489 -0.0653 0.3305 -1.1557 -0.0565 0.3207 -1.1661 -0.0475 0.3105 -1.1659 -0.0623 0.3256
2.0 -1.2122 -0.0653 0.3242 -1.1483 -0.0787 0.3442 -1.092 -0.0632 0.3339 -1.0911 -0.0484 0.3189 -1.1021 -0.0407 0.3099 -1.1226 -0.0343 0.3013 -1.1479 -0.0756 0.341 -1.1489 -0.0653 0.3305 -1.1548 -0.0564 0.3207 -1.1652 -0.0474 0.3105 -1.1658 -0.062 0.3254
3.0 -1.2119 -0.0671 0.326 -1.1467 -0.0779 0.3435 -1.0913 -0.0625 0.3332 -1.092 -0.0485 0.3189 -1.103 -0.0408 0.3099 -1.1226 -0.0343 0.3013 -1.1472 -0.0749 0.3404 -1.148 -0.0652 0.3304 -1.1549 -0.0558 0.3201 -1.1652 -0.0474 0.3105 -1.1654 -0.0621 0.3255
4.0 -1.2104 -0.0657 0.3247 -1.1474 -0.0786 0.3441 -1.0904 -0.0623 0.3332 -1.0903 -0.0483 0.3188 -1.1029 -0.0414 0.3106 -1.1226 -0.0343 0.3013 -1.1463 -0.0748 0.3404 -1.1481 -0.0646 0.3298 -1.1532 -0.0555 0.32 -1.1635 -0.0472 0.3104 -1.1643 -0.0616 0.3251
5.0 -1.2112 -0.0658 0.3248 -1.149 -0.0794 0.3448 -1.092 -0.0632 0.3339 -1.092 -0.0485 0.3189 -1.1021 -0.0407 0.3099 -1.1234 -0.035 0.302 -1.1471 -0.0755 0.341 -1.148 -0.0652 0.3304 -1.154 -0.0563 0.3207 -1.1643 -0.0473 0.3105 -1.1649 -0.062 0.3255
6.0 -1.2121 -0.0659 0.3248 -1.1473 -0.0792 0.3448 -1.092 -0.0632 0.3339 -1.092 -0.0485 0.3189 -1.1038 -0.0415 0.3106 -1.1235 -0.0344 0.3014 -1.1479 -0.0756 0.341 -1.1497 -0.0655 0.3305 -1.1557 -0.0565 0.3207 -1.1652 -0.0474 0.3105 -1.1661 -0.0622 0.3255
7.0 -1.2113 -0.0652 0.3241 -1.1458 -0.0778 0.3435 -1.0912 -0.0631 0.3338 -1.0921 -0.0479 0.3183 -1.1029 -0.0414 0.3106 -1.1225 -0.0349 0.302 -1.1471 -0.0755 0.341 -1.1487 -0.0659 0.3311 -1.1539 -0.0569 0.3213 -1.1642 -0.0479 0.3111 -1.165 -0.0623 0.3257
8.0 -1.2121 -0.0659 0.3248 -1.1467 -0.0779 0.3435 -1.092 -0.0632 0.3339 -1.0911 -0.0484 0.3189 -1.1029 -0.0414 0.3106 -1.1233 -0.0356 0.3026 -1.1471 -0.0755 0.341 -1.148 -0.0652 0.3304 -1.154 -0.0563 0.3207 -1.1643 -0.0473 0.3105 -1.1651 -0.062 0.3255
9.0 -1.2121 -0.0659 0.3248 -1.1467 -0.0779 0.3435 -1.092 -0.0632 0.3339 -1.092 -0.0485 0.3189 -1.1031 -0.0402 0.3093 -1.1227 -0.0337 0.3007 -1.1463 -0.0748 0.3404 -1.148 -0.0652 0.3304 -1.1541 -0.0557 0.32 -1.1644 -0.0467 0.3098 -1.165 -0.0616 0.3251
10.0 -1.2147 -0.0663 0.3249 -1.1467 -0.0779 0.3435 -1.092 -0.0632 0.3339 -1.0921 -0.0479 0.3183 -1.1021 -0.0407 0.3099 -1.1225 -0.0349 0.302 -1.1471 -0.0755 0.341 -1.1489 -0.0653 0.3305 -1.1548 -0.0564 0.3207 -1.1643 -0.0473 0.3105 -1.1659 -0.0621 0.3255
11.0 -1.2138 -0.0662 0.3249 -1.1459 -0.0772 0.3428 -1.0922 -0.0626 0.3333 -1.092 -0.0485 0.3189 -1.1021 -0.0407 0.3099 -1.1226 -0.0343 0.3013 -1.1471 -0.0755 0.341 -1.148 -0.0652 0.3304 -1.1548 -0.0564 0.3207 -1.1643 -0.0473 0.3105 -1.1656 -0.0621 0.3255
12.0 -1.2147 -0.0663 0.3249 -1.1458 -0.0778 0.3435 -1.093 -0.0627 0.3333 -1.0929 -0.048 0.3183 -1.1031 -0.0402 0.3093 -1.1236 -0.0338 0.3008 -1.148 -0.075 0.3404 -1.149 -0.0647 0.3298 -1.1549 -0.0558 0.3201 -1.1652 -0.0474 0.3105 -1.1664 -0.0618 0.3251
13.0 -1.213 -0.0655 0.3242 -1.1459 -0.0772 0.3428 -1.0922 -0.0626 0.3333 -1.0921 -0.0479 0.3183 -1.1039 -0.0409 0.31 -1.1227 -0.0337 0.3007 -1.1472 -0.0749 0.3404 -1.148 -0.0652 0.3304 -1.154 -0.0563 0.3207 -1.1643 -0.0473 0.3105 -1.1653 -0.0618 0.3252
14.0 -1.2147 -0.0663 0.3249 -1.1459 -0.0772 0.3428 -1.0914 -0.0619 0.3326 -1.0913 -0.0472 0.3176 -1.1022 -0.0401 0.3093 -1.1228 -0.0331 0.3001 -1.1473 -0.0743 0.3398 -1.1491 -0.0641 0.3292 -1.155 -0.0552 0.3195 -1.1663 -0.0463 0.3093 -1.1665 -0.0612 0.3245
15.0 -1.2113 -0.0652 0.3241 -1.145 -0.077 0.3428 -1.092 -0.0632 0.3339 -1.0921 -0.0479 0.3183 -1.1022 -0.0401 0.3093 -1.1219 -0.0336 0.3007 -1.1472 -0.0749 0.3404 -1.1489 -0.0653 0.3305 -1.1549 -0.0558 0.3201 -1.1652 -0.0474 0.3105 -1.1655 -0.0617 0.3251
16.0 -1.2139 -0.0656 0.3242 -1.1459 -0.0772 0.3428 -1.0922 -0.0626 0.3333 -1.0921 -0.0479 0.3183 -1.1041 -0.0397 0.3087 -1.1247 -0.0328 0.2995 -1.1473 -0.0743 0.3398 -1.1482 -0.064 0.3292 -1.155 -0.0552 0.3195 -1.1653 -0.0468 0.3099 -1.1659 -0.0612 0.3245
17.0 -1.2111 -0.0664 0.3254 -1.1468 -0.0773 0.3429 -1.0913 -0.0625 0.3332 -1.0911 -0.0484 0.3189 -1.1022 -0.0401 0.3093 -1.1209 -0.0341 0.3013 -1.1463 -0.0748 0.3404 -1.1481 -0.0646 0.3298 -1.1532 -0.0555 0.32 -1.1635 -0.0472 0.3104 -1.1644 -0.0617 0.3252
18.0 -1.212 -0.0665 0.3254 -1.1461 -0.076 0.3416 -1.0912 -0.0631 0.3338 -1.0911 -0.0484 0.3189 -1.1024 -0.0395 0.3087 -1.1247 -0.0328 0.2995 -1.1464 -0.0742 0.3397 -1.1481 -0.0646 0.3298 -1.155 -0.0552 0.3195 -1.1662 -0.0469 0.3099 -1.1655 -0.0615 0.3249
19.0 -1.2121 -0.0659 0.3248 -1.1468 -0.0773 0.3429 -1.0912 -0.0631 0.3338 -1.0911 -0.0484 0.3189 -1.103 -0.0408 0.3099 -1.1218 -0.0342 0.3013 -1.1463 -0.0748 0.3404 -1.1471 -0.0651 0.3304 -1.1531 -0.0561 0.3206 -1.1635 -0.0472 0.3104 -1.1644 -0.0618 0.3253
20.0 -1.2138 -0.0662 0.3249 -1.1444 -0.0757 0.3415 -1.0895 -0.0628 0.3338 -1.0885 -0.048 0.3188 -1.0997 -0.0398 0.3092 -1.121 -0.0335 0.3007 -1.1473 -0.0743 0.3398 -1.1481 -0.0646 0.3298 -1.1549 -0.0558 0.3201 -1.1653 -0.0468 0.3099 -1.1659 -0.0615 0.3249
21.0 -1.2111 -0.0664 0.3254 -1.1469 -0.0767 0.3423 -1.0896 -0.0622 0.3332 -1.0885 -0.048 0.3188 -1.1005 -0.0399 0.3092 -1.1208 -0.0347 0.3019 -1.1456 -0.0741 0.3397 -1.1472 -0.0645 0.3298 -1.1531 -0.0561 0.3206 -1.1634 -0.0478 0.311 -1.1641 -0.0618 0.3253
22.0 -1.211 -0.067 0.326 -1.1468 -0.0773 0.3429 -1.0896 -0.0622 0.3332 -1.0885 -0.048 0.3188 -1.1004 -0.0405 0.3098 -1.121 -0.0335 0.3007 -1.1464 -0.0742 0.3397 -1.1481 -0.0646 0.3298 -1.1541 -0.0557 0.32 -1.1653 -0.0468 0.3099 -1.165 -0.0616 0.3251
23.0 -1.2111 -0.0664 0.3254 -1.1451 -0.0764 0.3422 -1.0896 -0.0622 0.3332 -1.0895 -0.0476 0.3182 -1.1015 -0.0394 0.3086 -1.1219 -0.0336 0.3007 -1.1456 -0.0741 0.3397 -1.1464 -0.0644 0.3297 -1.1532 -0.0555 0.32 -1.1636 -0.0466 0.3098 -1.164 -0.0614 0.3249
24.0 -1.214 -0.065 0.3236 -1.1451 -0.0764 0.3422 -1.0904 -0.0623 0.3332 -1.0895 -0.0476 0.3182 -1.0997 -0.0398 0.3092 -1.1209 -0.0341 0.3013 -1.1464 -0.0742 0.3397 -1.1472 -0.0645 0.3298 -1.1532 -0.0555 0.32 -1.1636 -0.0466 0.3098 -1.1649 -0.0611 0.3246
25.0 -1.213 -0.0655 0.3242 -1.1433 -0.0768 0.3427 -1.0896 -0.0622 0.3332 -1.0894 -0.0481 0.3188 -1.0996 -0.0404 0.3098 -1.12 -0.034 0.3012 -1.1463 -0.0748 0.3404 -1.1472 -0.0645 0.3298 -1.1531 -0.0561 0.3206 -1.1626 -0.047 0.3104 -1.1645 -0.0616 0.3251
26.0 -1.2139 -0.0656 0.3242 -1.1443 -0.0763 0.3422 -1.0896 -0.0622 0.3332 -1.0895 -0.0476 0.3182 -1.1005 -0.0399 0.3092 -1.1193 -0.0332 0.3006 -1.1464 -0.0742 0.3397 -1.1472 -0.0645 0.3298 -1.1532 -0.0555 0.32 -1.1635 -0.0472 0.3104 -1.1648 -0.0614 0.3248
27.0 -1.213 -0.0655 0.3242 -1.1416 -0.0766 0.3427 -1.0896 -0.0622 0.3332 -1.0895 -0.0476 0.3182 -1.1004 -0.0405 0.3098 -1.1201 -0.0334 0.3006 -1.1446 -0.0745 0.3403 -1.1455 -0.0643 0.3297 -1.1523 -0.0554 0.32 -1.1618 -0.0469 0.3104 -1.1635 -0.0613 0.3249
28.0 -1.2122 -0.0653 0.3242 -1.1433 -0.0768 0.3427 -1.0887 -0.0621 0.3331 -1.0877 -0.0479 0.3187 -1.0997 -0.0398 0.3092 -1.1192 -0.0338 0.3012 -1.1447 -0.0739 0.3397 -1.1464 -0.0644 0.3297 -1.1523 -0.0554 0.32 -1.1618 -0.0469 0.3104 -1.1635 -0.0612 0.3248
29.0 -1.2122 -0.0653 0.3242 -1.1416 -0.0766 0.3427 -1.0888 -0.0615 0.3325 -1.0896 -0.047 0.3175 -1.1005 -0.0399 0.3092 -1.1201 -0.0334 0.3006 -1.1437 -0.0744 0.3403 -1.1455 -0.0643 0.3297 -1.1515 -0.0553 0.3199 -1.1618 -0.0469 0.3104 -1.1629 -0.0613 0.3249
30.0 -1.2121 -0.0659 0.3248 -1.1428 -0.0749 0.3408 -1.089 -0.0603 0.3313 -1.0889 -0.0462 0.3169 -1.0998 -0.0392 0.3086 -1.1221 -0.0324 0.2994 -1.1437 -0.0744 0.3403 -1.1455 -0.0643 0.3297 -1.1533 -0.0549 0.3194 -1.1644 -0.0467 0.3098 -1.1638 -0.0612 0.3248
31.0 -1.2113 -0.0652 0.3241 -1.1426 -0.0761 0.3421 -1.0889 -0.0609 0.3319 -1.0879 -0.0467 0.3175 -1.0998 -0.0392 0.3086 -1.1203 -0.0328 0.3 -1.1438 -0.0738 0.3396 -1.1448 -0.0636 0.3291 -1.1515 -0.0553 0.3199 -1.1619 -0.0463 0.3097 -1.1627 -0.0608 0.3245
32.0 -1.2097 -0.0644 0.3235 -1.1427 -0.0755 0.3415 -1.088 -0.0614 0.3325 -1.0879 -0.0467 0.3175 -1.1005 -0.0399 0.3092 -1.1185 -0.0325 0.2999 -1.143 -0.0737 0.3396 -1.1448 -0.0636 0.3291 -1.1507 -0.0546 0.3193 -1.1601 -0.0461 0.3097 -1.1617 -0.0605 0.3242
33.0 -1.2096 -0.065 0.3241 -1.141 -0.0753 0.3414 -1.088 -0.0614 0.3325 -1.0878 -0.0473 0.3181 -1.0989 -0.0391 0.3085 -1.1194 -0.0327 0.3 -1.1421 -0.0736 0.3396 -1.1429 -0.0639 0.3296 -1.1498 -0.0551 0.3199 -1.161 -0.0462 0.3097 -1.1611 -0.0608 0.3246
34.0 -1.2088 -0.0649 0.324 -1.1385 -0.0743 0.3407 -1.0862 -0.0612 0.3324 -1.087 -0.0466 0.3174 -1.1 -0.038 0.3073 -1.1185 -0.0325 0.2999 -1.1421 -0.0736 0.3396 -1.1422 -0.0632 0.329 -1.1481 -0.0548 0.3198 -1.1583 -0.0465 0.3102 -1.1599 -0.0606 0.3245
35.0 -1.2079 -0.0648 0.324 -1.1393 -0.0744 0.3407 -1.0837 -0.0608 0.3323 -1.0836 -0.0461 0.3173 -1.0975 -0.037 0.3066 -1.1177 -0.0324 0.2999 -1.1393 -0.0744 0.3407 -1.1411 -0.0643 0.3302 -1.1479 -0.0554 0.3204 -1.1591 -0.0472 0.3109 -1.1591 -0.0612 0.3252
36.0 -1.2061 -0.0651 0.3246 -1.1231 -0.0716 0.3395 -1.0802 -0.0603 0.3322 -1.0819 -0.0459 0.3172 -1.0975 -0.037 0.3066 -1.1177 -0.0324 0.2999 -1.1385 -0.0743 0.3407 -1.1418 -0.0656 0.3314 -1.1486 -0.0568 0.3217 -1.159 -0.0478 0.3115 -1.1588 -0.0619 0.326
37.0 -1.1998 -0.0655 0.3256 -1.1246 -0.0731 0.3408 -1.0775 -0.0606 0.3327 -1.0788 -0.0485 0.3203 -1.093 -0.0376 0.3077 -1.115 -0.0327 0.3004 -1.134 -0.0749 0.3418 -1.1356 -0.0654 0.3318 -1.1433 -0.0567 0.3221 -1.1546 -0.0478 0.3119 -1.1535 -0.0621 0.3266
38.0 -1.1954 -0.0655 0.326 -1.1227 -0.074 0.3419 -1.0745 -0.0626 0.3351 -1.075 -0.0499 0.322 -1.0902 -0.0385 0.3088 -1.1123 -0.0329 0.3009 -1.1321 -0.0753 0.3423 -1.1338 -0.0658 0.3324 -1.1405 -0.0575 0.3233 -1.1526 -0.0487 0.3131 -1.1509 -0.0626 0.3274
39.0 -1.1805 -0.0702 0.3323 -1.0936 -0.0695 0.3402 -1.0552 -0.0674 0.3418 -1.0567 -0.0541 0.3281 -1.0709 -0.0432 0.3156 -1.0956 -0.038 0.3078 -1.1146 -0.0803 0.3491 -1.1168 -0.0726 0.3411 -1.1245 -0.0639 0.3314 -1.1366 -0.0551 0.3212 -1.1346 -0.0684 0.335
40.0 -1.174 -0.0724 0.3352 -1.0803 -0.075 0.3472 -1.0461 -0.0692 0.3446 -1.0467 -0.0558 0.3309 -1.0628 -0.0446 0.3178 -1.0882 -0.04 0.3106 -1.1071 -0.0829 0.3526 -1.1112 -0.0743 0.3434 -1.1189 -0.0656 0.3337 -1.131 -0.0568 0.3235 -1.1284 -0.0704 0.3377
41.0 -1.1532 -0.0757 0.3406 -1.0672 -0.0794 0.3529 -1.0313 -0.0733 0.3503 -1.03 -0.0609 0.3377 -1.0471 -0.0485 0.3234 -1.0726 -0.0434 0.3156 -1.0913 -0.0875 0.3588 -1.0938 -0.0781 0.3489 -1.1016 -0.0687 0.3386 -1.1129 -0.0599 0.3284 -1.1106 -0.074 0.3431
42.0 -1.1414 -0.0778 0.3439 -1.0562 -0.0821 0.3568 -1.0066 -0.0791 0.3587 -1.0062 -0.0662 0.3455 -1.0249 -0.0547 0.3319 -1.0523 -0.0492 0.3236 -1.0747 -0.092 0.3651 -1.077 -0.0837 0.3564 -1.0848 -0.0744 0.3461 -1.097 -0.0651 0.3353 -1.095 -0.0786 0.3494
43.0 -1.1341 -0.0792 0.3461 -1.0454 -0.0783 0.3539 -0.998 -0.078 0.3583 -0.9974 -0.0663 0.3464 -1.0161 -0.0547 0.3328 -1.0451 -0.0501 0.3252 -1.0681 -0.0941 0.3679 -1.0713 -0.086 0.3593 -1.0791 -0.0767 0.349 -1.0906 -0.0666 0.3376 -1.0887 -0.0805 0.352
44.0 -1.1242 -0.0803 0.3482 -1.0368 -0.0771 0.3536 -0.9891 -0.0786 0.3599 -0.9887 -0.0657 0.3467 -1.0074 -0.0542 0.3331 -1.0339 -0.0486 0.3248 -1.0591 -0.0954 0.3701 -1.0608 -0.0858 0.3601 -1.067 -0.0757 0.3491 -1.0776 -0.0655 0.3377 -1.0777 -0.0805 0.3531
45.0 -1.1137 -0.0801 0.3491 -1.03 -0.0762 0.3533 -0.9812 -0.0781 0.3602 -0.9807 -0.0659 0.3477 -0.9996 -0.0537 0.3334 -1.026 -0.0487 0.3257 -1.0505 -0.0942 0.3697 -1.0529 -0.086 0.3611 -1.0598 -0.0765 0.3507 -1.0704 -0.0663 0.3393 -1.0695 -0.0806 0.354
46.0 -1.1069 -0.0786 0.3482 -1.0227 -0.0776 0.3555 -0.9727 -0.0764 0.3592 -0.9721 -0.0647 0.3473 -0.9927 -0.0528 0.3332 -1.0173 -0.0482 0.326 -1.0417 -0.0942 0.3707 -1.0416 -0.0851 0.3613 -1.046 -0.0747 0.3502 -1.0549 -0.0643 0.3387 -1.0582 -0.0794 0.3538
47.0 -1.0989 -0.0794 0.3498 -1.0103 -0.0778 0.3569 -0.9621 -0.0768 0.3607 -0.9627 -0.0634 0.347 -0.9841 -0.0516 0.3328 -1.0078 -0.0469 0.3256 -1.0284 -0.0949 0.3726 -1.0292 -0.0852 0.3627 -1.0338 -0.0742 0.351 -1.0434 -0.0645 0.3401 -1.0468 -0.0797 0.3552
48.0 -1.0873 -0.0802 0.3518 -1.0022 -0.0791 0.3591 -0.9515 -0.0772 0.3622 -0.9512 -0.0637 0.3484 -0.9762 -0.0518 0.3338 -0.9998 -0.0477 0.3272 -1.018 -0.0941 0.3729 -1.0197 -0.0845 0.3629 -1.0249 -0.0749 0.3525 -1.0344 -0.0658 0.3423 -1.0369 -0.0799 0.3565
49.0 -1.0758 -0.0805 0.3532 -0.9925 -0.079 0.36 -0.9412 -0.0758 0.3618 -0.9421 -0.0655 0.3512 -0.9656 -0.0516 0.3346 -0.9909 -0.0483 0.3287 -1.009 -0.0953 0.375 -1.0107 -0.0858 0.3651 -1.0169 -0.0756 0.3541 -1.0265 -0.0659 0.3432 -1.0278 -0.0806 0.3581
50.0 -1.0686 -0.0814 0.3548 -0.9814 -0.0769 0.3589 -0.9314 -0.0763 0.3633 -0.9334 -0.065 0.3515 -0.9551 -0.0514 0.3354 -0.9804 -0.0475 0.3289 -1.0002 -0.0954 0.3759 -1.0009 -0.0863 0.3666 -1.0071 -0.0761 0.3556 -1.0159 -0.0657 0.344 -1.0186 -0.081 0.3594
51.0 -1.0632 -0.0825 0.3565 -0.9719 -0.0763 0.3592 -0.9201 -0.0754 0.3634 -0.9201 -0.0656 0.3534 -0.9452 -0.0525 0.3376 -0.9708 -0.0474 0.3298 -0.9895 -0.0964 0.378 -0.9919 -0.0875 0.3687 -0.9981 -0.0774 0.3577 -1.0069 -0.0669 0.3462 -1.0099 -0.0821 0.3614
52.0 -1.0577 -0.0836 0.3582 -0.9599 -0.074 0.3581 -0.9093 -0.077 0.3661 -0.9113 -0.0656 0.3544 -0.9374 -0.0521 0.3379 -0.9611 -0.0473 0.3307 -0.9814 -0.0971 0.3796 -0.9821 -0.088 0.3702 -0.9874 -0.0778 0.3592 -0.997 -0.0687 0.3489 -1.0011 -0.083 0.3632
53.0 -1.0429 -0.0828 0.3588 -0.9494 -0.0738 0.359 -0.8964 -0.0752 0.3656 -0.8991 -0.0646 0.3545 -0.9234 -0.0514 0.3386 -0.9514 -0.0472 0.3316 -0.9658 -0.0956 0.3796 -0.9683 -0.0868 0.3703 -0.9743 -0.0772 0.3599 -0.9848 -0.0676 0.3491 -0.9872 -0.082 0.3635
54.0 -1.0346 -0.0847 0.3616 -0.9397 -0.0744 0.3605 -0.8903 -0.075 0.366 -0.8937 -0.0657 0.3562 -0.9155 -0.0516 0.3395 -0.9434 -0.048 0.3331 -0.9593 -0.0978 0.3824 -0.9616 -0.0895 0.3738 -0.9677 -0.08 0.3634 -0.9791 -0.0699 0.352 -0.9805 -0.0844 0.3667
55.0 -1.0197 -0.0845 0.3629 -0.9289 -0.0754 0.3625 -0.8807 -0.0743 0.3663 -0.8834 -0.0643 0.3558 -0.9052 -0.0502 0.3391 -0.9338 -0.0473 0.3334 -0.9489 -0.097 0.3827 -0.9504 -0.0886 0.374 -0.9574 -0.0786 0.363 -0.967 -0.0689 0.3521 -0.9687 -0.0835 0.3669
56.0 -1.0099 -0.0851 0.3644 -0.918 -0.0727 0.3609 -0.8697 -0.0722 0.3652 -0.8713 -0.0627 0.3553 -0.8927 -0.0509 0.3411 -0.9251 -0.0467 0.3337 -0.9419 -0.0966 0.383 -0.9441 -0.089 0.375 -0.9511 -0.0796 0.3646 -0.9616 -0.0694 0.3532 -0.9617 -0.0839 0.3681
57.0 -1.0039 -0.0843 0.3642 -0.909 -0.0739 0.363 -0.8636 -0.0714 0.365 -0.8686 -0.0629 0.3558 -0.8884 -0.0503 0.341 -0.9144 -0.0477 0.3357 -0.9314 -0.0965 0.3839 -0.9329 -0.0881 0.3752 -0.9381 -0.0784 0.3648 -0.9476 -0.0693 0.3545 -0.9508 -0.0833 0.3685
58.0 -0.9984 -0.0853 0.3659 -0.8985 -0.0731 0.3632 -0.8527 -0.0687 0.3633 -0.8585 -0.0604 0.3542 -0.8825 -0.0489 0.3401 -0.9064 -0.0485 0.3373 -0.9218 -0.0958 0.3841 -0.9258 -0.0884 0.3761 -0.9327 -0.0789 0.3658 -0.9422 -0.0698 0.3556 -0.9442 -0.0836 0.3695
59.0 -0.9931 -0.0858 0.3669 -0.8924 -0.0729 0.3636 -0.8475 -0.068 0.3631 -0.8524 -0.0601 0.3546 -0.8703 -0.0485 0.3409 -0.8985 -0.048 0.3376 -0.9174 -0.0958 0.3846 -0.9214 -0.0884 0.3766 -0.9282 -0.0795 0.3669 -0.9378 -0.0698 0.356 -0.9396 -0.0839 0.3702
60.0 -0.9859 -0.0867 0.3685 -0.8852 -0.0688 0.3602 -0.8397 -0.0676 0.3634 -0.8414 -0.058 0.3535 -0.8607 -0.0478 0.3412 -0.8925 -0.0472 0.3374 -0.913 -0.0958 0.385 -0.916 -0.0889 0.3776 -0.922 -0.0799 0.3679 -0.9315 -0.0708 0.3576 -0.9337 -0.0844 0.3713
61.0 -0.9794 -0.0883 0.3707 -0.8748 -0.0632 0.3554 -0.8327 -0.0672 0.3638 -0.8305 -0.0596 0.3562 -0.8488 -0.0505 0.3451 -0.8823 -0.0501 0.3414 -0.9112 -0.0962 0.3856 -0.9147 -0.0911 0.3801 -0.9206 -0.0828 0.371 -0.9295 -0.0724 0.3594 -0.9311 -0.0861 0.3734
62.0 -0.9676 -0.0855 0.369 -0.8674 -0.0652 0.3583 -0.8237 -0.0636 0.361 -0.8285 -0.0563 0.353 -0.8484 -0.048 0.3425 -0.8759 -0.0468 0.3386 -0.8934 -0.0925 0.3836 -0.8971 -0.0863 0.3769 -0.9038 -0.0781 0.3678 -0.9123 -0.07 0.3588 -0.9148 -0.0825 0.3712
63.0 -0.9613 -0.0864 0.3707 -0.8624 -0.0535 0.3468 -0.8169 -0.0621 0.3601 -0.8193 -0.0581 0.3558 -0.8354 -0.0517 0.3477 -0.8656 -0.0552 0.3482 -0.8909 -0.0916 0.3829 -0.8956 -0.0898 0.3806 -0.9045 -0.0843 0.3741 -0.9156 -0.076 0.3645 -0.9136 -0.0856 0.3746
64.0 -0.9545 -0.0849 0.3698 -0.8574 -0.0565 0.3504 -0.8136 -0.061 0.3593 -0.8154 -0.0557 0.3538 -0.8326 -0.0477 0.3438 -0.8597 -0.0489 0.3424 -0.8806 -0.0902 0.3825 -0.884 -0.0858 0.3777 -0.8906 -0.0781 0.3692 -0.8991 -0.0701 0.3601 -0.9018 -0.0818 0.3718
65.0 -0.9479 -0.0828 0.3683 -0.8433 -0.0571 0.3523 -0.8016 -0.0588 0.3582 -0.8079 -0.0529 0.3516 -0.8268 -0.0457 0.3423 -0.8512 -0.0471 0.3414 -0.8712 -0.0883 0.3815 -0.8739 -0.0832 0.376 -0.8787 -0.0759 0.3681 -0.8862 -0.0684 0.3596 -0.8916 -0.0797 0.3707
66.0 -0.9321 -0.0776 0.3645 -0.8376 -0.0545 0.3502 -0.7939 -0.0577 0.3579 -0.7985 -0.0516 0.3512 -0.8116 -0.0473 0.3455 -0.8342 -0.0485 0.3445 -0.8592 -0.0867 0.3811 -0.8594 -0.0806 0.3748 -0.8625 -0.0731 0.3668 -0.8682 -0.0653 0.3583 -0.8763 -0.0767 0.3691
67.0 -0.9268 -0.0775 0.3649 -0.8203 -0.0527 0.3502 -0.7911 -0.0586 0.3591 -0.7988 -0.0498 0.3494 -0.8263 -0.0438 0.3404 -0.8438 -0.0443 0.3392 -0.8479 -0.0858 0.3813 -0.8535 -0.0792 0.374 -0.861 -0.0717 0.3655 -0.8692 -0.0648 0.3577 -0.8717 -0.0758 0.3687
68.0 -0.919 -0.0771 0.3653 -0.8144 -0.0513 0.3494 -0.7873 -0.055 0.3558 -0.7948 -0.0475 0.3473 -0.8228 -0.0433 0.3403 -0.8384 -0.0448 0.3403 -0.8403 -0.0842 0.3803 -0.8457 -0.0782 0.3737 -0.8531 -0.0712 0.3658 -0.8615 -0.0638 0.3574 -0.8639 -0.0749 0.3685
69.0 -0.9071 -0.0742 0.3636 -0.8017 -0.0533 0.3526 -0.7863 -0.061 0.362 -0.7884 -0.0491 0.3496 -0.803 -0.0461 0.3452 -0.8188 -0.0464 0.3439 -0.8317 -0.083 0.38 -0.8371 -0.077 0.3733 -0.8437 -0.07 0.3655 -0.8509 -0.0636 0.3583 -0.8541 -0.0736 0.3681
70.0 -0.8863 -0.0727 0.364 -0.7874 -0.0544 0.3552 -0.7888 -0.0467 0.3471 -0.7896 -0.0419 0.3421 -0.7923 -0.0416 0.3416 -0.8012 -0.041 0.3401 -0.8111 -0.0802 0.3792 -0.8179 -0.0762 0.3745 -0.8251 -0.0705 0.3679 -0.8324 -0.0641 0.3607 -0.8346 -0.0728 0.3692
71.0 -0.8749 -0.0723 0.3648 -0.7885 -0.0485 0.349 -0.7907 -0.0359 0.3359 -0.7936 -0.0345 0.3342 -0.7996 -0.0353 0.3344 -0.8031 -0.0352 0.3339 -0.7973 -0.0784 0.3787 -0.8025 -0.0742 0.3739 -0.8097 -0.0678 0.3667 -0.8162 -0.0608 0.3588 -0.8201 -0.0707 0.3686
72.0 -0.8679 -0.072 0.3652 -0.7873 -0.055 0.3558 -0.79 -0.0401 0.3403 -0.7988 -0.0401 0.3394 -0.8092 -0.0409 0.3392 -0.8143 -0.0416 0.3394 -0.797 -0.0753 0.3755 -0.8043 -0.0689 0.3683 -0.8134 -0.0622 0.3606 -0.8215 -0.056 0.3534 -0.8208 -0.0669 0.3646
72.0 -0.8679 -0.072 0.3652 -0.7873 -0.055 0.3558 -0.79 -0.0401 0.3403 -0.7988 -0.0401 0.3394 -0.8092 -0.0409 0.3392 -0.8143 -0.0416 0.3394 -0.797 -0.0753 0.3755 -0.8043 -0.0689 0.3683 -0.8134 -0.0622 0.3606 -0.8215 -0.056 0.3534 -0.8208 -0.0669 0.3646
72.0 -0.8679 -0.072 0.3652 -0.7873 -0.055 0.3558 -0.79 -0.0401 0.3403 -0.7988 -0.0401 0.3394 -0.8092 -0.0409 0.3392 -0.8143 -0.0416 0.3394 -0.797 -0.0753 0.3755 -0.8043 -0.0689 0.3683 -0.8134 -0.0622 0.3606 -0.8215 -0.056 0.3534 -0.8208 -0.0669 0.3646
72.0 -0.8679 -0.072 0.3652 -0.7873 -0.055 0.3558 -0.79 -0.0401 0.3403 -0.7988 -0.0401 0.3394 -0.8092 -0.0409 0.3392 -0.8143 -0.0416 0.3394 -0.797 -0.0753 0.3755 -0.8043 -0.0689 0.3683 -0.8134 -0.0622 0.3606 -0.8215 -0.056 0.3534 -0.8208 -0.0669 0.3646
72.0 -0.8679 -0.072 0.3652 -0.7873 -0.055 0.3558 -0.79 -0.0401 0.3403 -0.7988 -0.0401 0.3394 -0.8092 -0.0409 0.3392 -0.8143 -0.0416 0.3394 -0.797 -0.0753 0.3755 -0.8043 -0.0689 0.3683 -0.8134 -0.0622 0.3606 -0.8215 -0.056 0.3534 -0.8208 -0.0669 0.3646
72.0 -0.8679 -0.072 0.3652 -0.7873 -0.055 0.3558 -0.79 -0.0401 0.3403 -0.7988 -0.0401 0.3394 -0.8092 -0.0409 0.3392 -0.8143 -0.0416 0.3394 -0.797 -0.0753 0.3755 -0.8043 -0.0689 0.3683 -0.8134 -0.0622 0.3606 -0.8215 -0.056 0.3534 -0.8208 -0.0669 0.3646
72.0 -0.8679 -0.072 0.3652 -0.7873 -0.055 0.3558 -0.79 -0.0401 0.3403 -0.7988 -0.0401 0.3394 -0.8092 -0.0409 0.3392 -0.8143 -0.0416 0.3394 -0.797 -0.0753 0.3755 -0.8043 -0.0689 0.3683 -0.8134 -0.0622 0.3606 -0.8215 -0.056 0.3534 -0.8208 -0.0669 0.3646
72.0 -0.8679 -0.072 0.3652 -0.7873 -0.055 0.3558 -0.79 -0.0401 0.3403 -0.7988 -0.0401 0.3394 -0.8092 -0.0409 0.3392 -0.8143 -0.0416 0.3394 -0.797 -0.0753 0.3755 -0.8043 -0.0689 0.3683 -0.8134 -0.0622 0.3606 -0.8215 -0.056 0.3534 -0.8208 -0.0669 0.3646
72.0 -0.8679 -0.072 0.3652 -0.7873 -0.055 0.3558 -0.79 -0.0401 0.3403 -0.7988 -0.0401 0.3394 -0.8092 -0.0409 0.3392 -0.8143 -0.0416 0.3394 -0.797 -0.0753 0.3755 -0.8043 -0.0689 0.3683 -0.8134 -0.0622 0.3606 -0.8215 -0.056 0.3534 -0.8208 -0.0669 0.3646
72.0 -0.8679 -0.072 0.3652 -0.7873 -0.055 0.3558 -0.79 -0.0401 0.3403 -0.7988 -0.0401 0.3394 -0.8092 -0.0409 0.3392 -0.8143 -0.0416 0.3394 -0.797 -0.0753 0.3755 -0.8043 -0.0689 0.3683 -0.8134 -0.0622 0.3606 -0.8215 -0.056 0.3534 -0.8208 -0.0669 0.3646
72.0 -0.8679 -0.072 0.3652 -0.7873 -0.055 0.3558 -0.79 -0.0401 0.3403 -0.7988 -0.0401 0.3394 -0.8092 -0.0409 0.3392 -0.8143 -0.0416 0.3394 -0.797 -0.0753 0.3755 -0.8043 -0.0689 0.3683 -0.8134 -0.0622 0.3606 -0.8215 -0.056 0.3534 -0.8208 -0.0669 0.3646
83.0 -0.8418 -0.0654 0.361 -0.829 -0.013 0.3087 -0.7987 -0.0004 0.2988 -0.7959 -0.0061 0.3049 -0.7941 -0.0162 0.3155 -0.7918 -0.0294 0.3291 -0.8143 -0.0318 0.3294 -0.8023 -0.035 0.3339 -0.79 -0.0401 0.3403 -0.7887 -0.0473 0.3477 -0.8074 -0.0439 0.3425
84.0 -0.8411 -0.0647 0.3604 -0.8263 -0.0132 0.3092 -0.7994 -0.0011 0.2994 -0.7958 -0.0067 0.3055 -0.7938 -0.018 0.3173 -0.7918 -0.0294 0.3291 -0.8163 -0.0302 0.3276 -0.8024 -0.0344 0.3333 -0.7908 -0.0402 0.3403 -0.7886 -0.0479 0.3484 -0.8078 -0.0435 0.342
85.0 -0.8426 -0.0661 0.3617 -0.8319 -0.0116 0.3069 -0.8063 0.0029 0.2947 -0.7968 -0.0013 0.3 -0.7949 -0.0121 0.3111 -0.7925 -0.0258 0.3254 -0.8136 -0.0305 0.3281 -0.7988 -0.0346 0.3338 -0.7901 -0.0395 0.3397 -0.7888 -0.0467 0.3471 -0.8068 -0.0435 0.3421
85.0 -0.8426 -0.0661 0.3617 -0.8319 -0.0116 0.3069 -0.8063 0.0029 0.2947 -0.7968 -0.0013 0.3 -0.7949 -0.0121 0.3111 -0.7925 -0.0258 0.3254 -0.8136 -0.0305 0.3281 -0.7988 -0.0346 0.3338 -0.7901 -0.0395 0.3397 -0.7888 -0.0467 0.3471 -0.8068 -0.0435 0.3421
87.0 -0.8425 -0.0612 0.3567 -0.8143 -0.0018 0.2988 -0.7979 0.0052 0.2931 -0.7971 0.0005 0.2981 -0.795 -0.0115 0.3105 -0.7934 -0.0204 0.3198 -0.8104 -0.0239 0.3217 -0.7989 -0.0291 0.3281 -0.7909 -0.0347 0.3347 -0.7897 -0.0413 0.3415 -0.8065 -0.0381 0.3366
88.0 -0.8445 -0.0603 0.3555 -0.8147 -0.0043 0.3013 -0.7976 0.0035 0.295 -0.7966 -0.0019 0.3006 -0.7947 -0.0132 0.3124 -0.7927 -0.0246 0.3242 -0.8063 -0.0222 0.3203 -0.7956 -0.028 0.3274 -0.7909 -0.0347 0.3347 -0.7894 -0.0431 0.3434 -0.8053 -0.0377 0.3363
88.0 -0.8445 -0.0603 0.3555 -0.8147 -0.0043 0.3013 -0.7976 0.0035 0.295 -0.7966 -0.0019 0.3006 -0.7947 -0.0132 0.3124 -0.7927 -0.0246 0.3242 -0.8063 -0.0222 0.3203 -0.7956 -0.028 0.3274 -0.7909 -0.0347 0.3347 -0.7894 -0.0431 0.3434 -0.8053 -0.0377 0.3363
90.0 -0.8447 -0.064 0.3593 -0.8161 -0.0113 0.3082 -0.7971 0.0005 0.2981 -0.7964 -0.0031 0.3018 -0.7949 -0.0121 0.3111 -0.7933 -0.021 0.3204 -0.8016 -0.0288 0.3276 -0.7919 -0.0342 0.3341 -0.79 -0.0401 0.3403 -0.7891 -0.0449 0.3452 -0.8034 -0.0424 0.3413
90.0 -0.8447 -0.064 0.3593 -0.8161 -0.0113 0.3082 -0.7971 0.0005 0.2981 -0.7964 -0.0031 0.3018 -0.7949 -0.0121 0.3111 -0.7933 -0.021 0.3204 -0.8016 -0.0288 0.3276 -0.7919 -0.0342 0.3341 -0.79 -0.0401 0.3403 -0.7891 -0.0449 0.3452 -0.8034 -0.0424 0.3413
90.0 -0.8447 -0.064 0.3593 -0.8161 -0.0113 0.3082 -0.7971 0.0005 0.2981 -0.7964 -0.0031 0.3018 -0.7949 -0.0121 0.3111 -0.7933 -0.021 0.3204 -0.8016 -0.0288 0.3276 -0.7919 -0.0342 0.3341 -0.79 -0.0401 0.3403 -0.7891 -0.0449 0.3452 -0.8034 -0.0424 0.3413
93.0 -0.8466 -0.0581 0.3531 -0.8181 -0.0201 0.317 -0.7957 -0.0073 0.3062 -0.7947 -0.0132 0.3124 -0.7932 -0.0216 0.3211 -0.7912 -0.0329 0.3328 -0.8059 -0.0245 0.3228 -0.796 -0.0305 0.3299 -0.7904 -0.0377 0.3378 -0.7889 -0.0461 0.3465 -0.8056 -0.0394 0.338
93.0 -0.8466 -0.0581 0.3531 -0.8181 -0.0201 0.317 -0.7957 -0.0073 0.3062 -0.7947 -0.0132 0.3124 -0.7932 -0.0216 0.3211 -0.7912 -0.0329 0.3328 -0.8059 -0.0245 0.3228 -0.796 -0.0305 0.3299 -0.7904 -0.0377 0.3378 -0.7889 -0.0461 0.3465 -0.8056 -0.0394 0.338
93.0 -0.8466 -0.0581 0.3531 -0.8181 -0.0201 0.317 -0.7957 -0.0073 0.3062 -0.7947 -0.0132 0.3124 -0.7932 -0.0216 0.3211 -0.7912 -0.0329 0.3328 -0.8059 -0.0245 0.3228 -0.796 -0.0305 0.3299 -0.7904 -0.0377 0.3378 -0.7889 -0.0461 0.3465 -0.8056 -0.0394 0.338
93.0 -0.8466 -0.0581 0.3531 -0.8181 -0.0201 0.317 -0.7957 -0.0073 0.3062 -0.7947 -0.0132 0.3124 -0.7932 -0.0216 0.3211 -0.7912 -0.0329 0.3328 -0.8059 -0.0245 0.3228 -0.796 -0.0305 0.3299 -0.7904 -0.0377 0.3378 -0.7889 -0.0461 0.3465 -0.8056 -0.0394 0.338
93.0 -0.8466 -0.0581 0.3531 -0.8181 -0.0201 0.317 -0.7957 -0.0073 0.3062 -0.7947 -0.0132 0.3124 -0.7932 -0.0216 0.3211 -0.7912 -0.0329 0.3328 -0.8059 -0.0245 0.3228 -0.796 -0.0305 0.3299 -0.7904 -0.0377 0.3378 -0.7889 -0.0461 0.3465 -0.8056 -0.0394 0.338
93.0 -0.8466 -0.0581 0.3531 -0.8181 -0.0201 0.317 -0.7957 -0.0073 0.3062 -0.7947 -0.0132 0.3124 -0.7932 -0.0216 0.3211 -0.7912 -0.0329 0.3328 -0.8059 -0.0245 0.3228 -0.796 -0.0305 0.3299 -0.7904 -0.0377 0.3378 -0.7889 -0.0461 0.3465 -0.8056 -0.0394 0.338
93.0 -0.8466 -0.0581 0.3531 -0.8181 -0.0201 0.317 -0.7957 -0.0073 0.3062 -0.7947 -0.0132 0.3124 -0.7932 -0.0216 0.3211 -0.7912 -0.0329 0.3328 -0.8059 -0.0245 0.3228 -0.796 -0.0305 0.3299 -0.7904 -0.0377 0.3378 -0.7889 -0.0461 0.3465 -0.8056 -0.0394 0.338
93.0 -0.8466 -0.0581 0.3531 -0.8181 -0.0201 0.317 -0.7957 -0.0073 0.3062 -0.7947 -0.0132 0.3124 -0.7932 -0.0216 0.3211 -0.7912 -0.0329 0.3328 -0.8059 -0.0245 0.3228 -0.796 -0.0305 0.3299 -0.7904 -0.0377 0.3378 -0.7889 -0.0461 0.3465 -0.8056 -0.0394 0.338
101.0 -0.8487 -0.0615 0.3563 -0.7915 -0.0312 0.331 -0.7915 -0.0312 0.331 -0.8015 -0.0294 0.3282 -0.8178 -0.0316 0.3289 -0.8332 -0.0294 0.3251 -0.791 -0.0341 0.3341 -0.8033 -0.0291 0.3277 -0.8195 -0.027 0.3239 -0.8365 -0.0256 0.3209 -0.8198 -0.0355 0.3326
101.0 -0.8487 -0.0615 0.3563 -0.7915 -0.0312 0.331 -0.7915 -0.0312 0.331 -0.8015 -0.0294 0.3282 -0.8178 -0.0316 0.3289 -0.8332 -0.0294 0.3251 -0.791 -0.0341 0.3341 -0.8033 -0.0291 0.3277 -0.8195 -0.027 0.3239 -0.8365 -0.0256 0.3209 -0.8198 -0.0355 0.3326
103.0 -0.8503 -0.0623 0.357 -0.7929 -0.0234 0.3229 -0.7918 -0.0294 0.3291 -0.8006 -0.0293 0.3282 -0.8211 -0.0333 0.3302 -0.8356 -0.0304 0.3258 -0.7909 -0.0347 0.3347 -0.8049 -0.0299 0.3284 -0.8221 -0.0273 0.324 -0.8391 -0.026 0.321 -0.8215 -0.036 0.333
104.0 -0.8514 -0.0612 0.3558 -0.7928 -0.024 0.3235 -0.7915 -0.0312 0.331 -0.8064 -0.0313 0.3297 -0.8227 -0.0341 0.3309 -0.8383 -0.0301 0.3253 -0.7908 -0.0353 0.3353 -0.8016 -0.0288 0.3276 -0.8196 -0.0264 0.3233 -0.8367 -0.0244 0.3196 -0.82 -0.0352 0.3323
104.0 -0.8514 -0.0612 0.3558 -0.7928 -0.024 0.3235 -0.7915 -0.0312 0.331 -0.8064 -0.0313 0.3297 -0.8227 -0.0341 0.3309 -0.8383 -0.0301 0.3253 -0.7908 -0.0353 0.3353 -0.8016 -0.0288 0.3276 -0.8196 -0.0264 0.3233 -0.8367 -0.0244 0.3196 -0.82 -0.0352 0.3323
104.0 -0.8514 -0.0612 0.3558 -0.7928 -0.024 0.3235 -0.7915 -0.0312 0.331 -0.8064 -0.0313 0.3297 -0.8227 -0.0341 0.3309 -0.8383 -0.0301 0.3253 -0.7908 -0.0353 0.3353 -0.8016 -0.0288 0.3276 -0.8196 -0.0264 0.3233 -0.8367 -0.0244 0.3196 -0.82 -0.0352 0.3323
104.0 -0.8514 -0.0612 0.3558 -0.7928 -0.024 0.3235 -0.7915 -0.0312 0.331 -0.8064 -0.0313 0.3297 -0.8227 -0.0341 0.3309 -0.8383 -0.0301 0.3253 -0.7908 -0.0353 0.3353 -0.8016 -0.0288 0.3276 -0.8196 -0.0264 0.3233 -0.8367 -0.0244 0.3196 -0.82 -0.0352 0.3323
104.0 -0.8514 -0.0612 0.3558 -0.7928 -0.024 0.3235 -0.7915 -0.0312 0.331 -0.8064 -0.0313 0.3297 -0.8227 -0.0341 0.3309 -0.8383 -0.0301 0.3253 -0.7908 -0.0353 0.3353 -0.8016 -0.0288 0.3276 -0.8196 -0.0264 0.3233 -0.8367 -0.0244 0.3196 -0.82 -0.0352 0.3323
104.0 -0.8514 -0.0612 0.3558 -0.7928 -0.024 0.3235 -0.7915 -0.0312 0.331 -0.8064 -0.0313 0.3297 -0.8227 -0.0341 0.3309 -0.8383 -0.0301 0.3253 -0.7908 -0.0353 0.3353 -0.8016 -0.0288 0.3276 -0.8196 -0.0264 0.3233 -0.8367 -0.0244 0.3196 -0.82 -0.0352 0.3323
104.0 -0.8514 -0.0612 0.3558 -0.7928 -0.024 0.3235 -0.7915 -0.0312 0.331 -0.8064 -0.0313 0.3297 -0.8227 -0.0341 0.3309 -0.8383 -0.0301 0.3253 -0.7908 -0.0353 0.3353 -0.8016 -0.0288 0.3276 -0.8196 -0.0264 0.3233 -0.8367 -0.0244 0.3196 -0.82 -0.0352 0.3323
111.0 -0.8541 -0.0604 0.3546 -0.7918 -0.0294 0.3291 -0.7917 -0.03 0.3297 -0.8 -0.028 0.3269 -0.8203 -0.0326 0.3296 -0.8355 -0.031 0.3264 -0.7899 -0.0407 0.3409 -0.8042 -0.0341 0.3327 -0.8217 -0.0297 0.3265 -0.839 -0.0266 0.3216 -0.8218 -0.0383 0.3353
112.0 -0.8541 -0.0604 0.3546 -0.7919 -0.0288 0.3285 -0.7919 -0.0288 0.3285 -0.8 -0.028 0.3269 -0.8222 -0.0316 0.3284 -0.8349 -0.0297 0.3252 -0.7908 -0.0402 0.3403 -0.8077 -0.034 0.3322 -0.8243 -0.0301 0.3266 -0.8399 -0.0261 0.321 -0.8234 -0.0381 0.335
112.0 -0.8541 -0.0604 0.3546 -0.7919 -0.0288 0.3285 -0.7919 -0.0288 0.3285 -0.8 -0.028 0.3269 -0.8222 -0.0316 0.3284 -0.8349 -0.0297 0.3252 -0.7908 -0.0402 0.3403 -0.8077 -0.034 0.3322 -0.8243 -0.0301 0.3266 -0.8399 -0.0261 0.321 -0.8234 -0.0381 0.335
114.0 -0.8523 -0.0607 0.3552 -0.8013 -0.0257 0.3245 -0.7962 -0.0245 0.3237 -0.804 -0.0255 0.324 -0.8144 -0.0263 0.3237 -0.8189 -0.0257 0.3227 -0.7985 -0.0315 0.3306 -0.8047 -0.0311 0.3296 -0.8132 -0.0329 0.3306 -0.8207 -0.0351 0.3321 -0.8179 -0.0383 0.3356
114.0 -0.8523 -0.0607 0.3552 -0.8013 -0.0257 0.3245 -0.7962 -0.0245 0.3237 -0.804 -0.0255 0.324 -0.8144 -0.0263 0.3237 -0.8189 -0.0257 0.3227 -0.7985 -0.0315 0.3306 -0.8047 -0.0311 0.3296 -0.8132 -0.0329 0.3306 -0.8207 -0.0351 0.3321 -0.8179 -0.0383 0.3356
114.0 -0.8523 -0.0607 0.3552 -0.8013 -0.0257 0.3245 -0.7962 -0.0245 0.3237 -0.804 -0.0255 0.324 -0.8144 -0.0263 0.3237 -0.8189 -0.0257 0.3227 -0.7985 -0.0315 0.3306 -0.8047 -0.0311 0.3296 -0.8132 -0.0329 0.3306 -0.8207 -0.0351 0.3321 -0.8179 -0.0383 0.3356
114.0 -0.8523 -0.0607 0.3552 -0.8013 -0.0257 0.3245 -0.7962 -0.0245 0.3237 -0.804 -0.0255 0.324 -0.8144 -0.0263 0.3237 -0.8189 -0.0257 0.3227 -0.7985 -0.0315 0.3306 -0.8047 -0.0311 0.3296 -0.8132 -0.0329 0.3306 -0.8207 -0.0351 0.3321 -0.8179 -0.0383 0.3356
114.0 -0.8523 -0.0607 0.3552 -0.8013 -0.0257 0.3245 -0.7962 -0.0245 0.3237 -0.804 -0.0255 0.324 -0.8144 -0.0263 0.3237 -0.8189 -0.0257 0.3227 -0.7985 -0.0315 0.3306 -0.8047 -0.0311 0.3296 -0.8132 -0.0329 0.3306 -0.8207 -0.0351 0.3321 -0.8179 -0.0383 0.3356
114.0 -0.8523 -0.0607 0.3552 -0.8013 -0.0257 0.3245 -0.7962 -0.0245 0.3237 -0.804 -0.0255 0.324 -0.8144 -0.0263 0.3237 -0.8189 -0.0257 0.3227 -0.7985 -0.0315 0.3306 -0.8047 -0.0311 0.3296 -0.8132 -0.0329 0.3306 -0.8207 -0.0351 0.3321 -0.8179 -0.0383 0.3356
114.0 -0.8523 -0.0607 0.3552 -0.8013 -0.0257 0.3245 -0.7962 -0.0245 0.3237 -0.804 -0.0255 0.324 -0.8144 -0.0263 0.3237 -0.8189 -0.0257 0.3227 -0.7985 -0.0315 0.3306 -0.8047 -0.0311 0.3296 -0.8132 -0.0329 0.3306 -0.8207 -0.0351 0.3321 -0.8179 -0.0383 0.3356
114.0 -0.8523 -0.0607 0.3552 -0.8013 -0.0257 0.3245 -0.7962 -0.0245 0.3237 -0.804 -0.0255 0.324 -0.8144 -0.0263 0.3237 -0.8189 -0.0257 0.3227 -0.7985 -0.0315 0.3306 -0.8047 -0.0311 0.3296 -0.8132 -0.0329 0.3306 -0.8207 -0.0351 0.3321 -0.8179 -0.0383 0.3356
114.0 -0.8523 -0.0607 0.3552 -0.8013 -0.0257 0.3245 -0.7962 -0.0245 0.3237 -0.804 -0.0255 0.324 -0.8144 -0.0263 0.3237 -0.8189 -0.0257 0.3227 -0.7985 -0.0315 0.3306 -0.8047 -0.0311 0.3296 -0.8132 -0.0329 0.3306 -0.8207 -0.0351 0.3321 -0.8179 -0.0383 0.3356
114.0 -0.8523 -0.0607 0.3552 -0.8013 -0.0257 0.3245 -0.7962 -0.0245 0.3237 -0.804 -0.0255 0.324 -0.8144 -0.0263 0.3237 -0.8189 -0.0257 0.3227 -0.7985 -0.0315 0.3306 -0.8047 -0.0311 0.3296 -0.8132 -0.0329 0.3306 -0.8207 -0.0351 0.3321 -0.8179 -0.0383 0.3356
114.0 -0.8523 -0.0607 0.3552 -0.8013 -0.0257 0.3245 -0.7962 -0.0245 0.3237 -0.804 -0.0255 0.324 -0.8144 -0.0263 0.3237 -0.8189 -0.0257 0.3227 -0.7985 -0.0315 0.3306 -0.8047 -0.0311 0.3296 -0.8132 -0.0329 0.3306 -0.8207 -0.0351 0.3321 -0.8179 -0.0383 0.3356
114.0 -0.8523 -0.0607 0.3552 -0.8013 -0.0257 0.3245 -0.7962 -0.0245 0.3237 -0.804 -0.0255 0.324 -0.8144 -0.0263 0.3237 -0.8189 -0.0257 0.3227 -0.7985 -0.0315 0.3306 -0.8047 -0.0311 0.3296 -0.8132 -0.0329 0.3306 -0.8207 -0.0351 0.3321 -0.8179 -0.0383 0.3356
114.0 -0.8523 -0.0607 0.3552 -0.8013 -0.0257 0.3245 -0.7962 -0.0245 0.3237 -0.804 -0.0255 0.324 -0.8144 -0.0263 0.3237 -0.8189 -0.0257 0.3227 -0.7985 -0.0315 0.3306 -0.8047 -0.0311 0.3296 -0.8132 -0.0329 0.3306 -0.8207 -0.0351 0.3321 -0.8179 -0.0383 0.3356
127.0 -0.8759 -0.0719 0.3642 -0.7944 -0.0499 0.3498 -0.79 -0.0401 0.3403 -0.8013 -0.0355 0.3345 -0.8242 -0.0356 0.3322 -0.8363 -0.0317 0.3271 -0.7984 -0.062 0.3618 -0.8101 -0.0508 0.3492 -0.824 -0.0416 0.3385 -0.8376 -0.0343 0.3296 -0.8292 -0.0521 0.3487
128.0 -0.8815 -0.0702 0.3619 -0.7961 -0.0501 0.3499 -0.7891 -0.0449 0.3452 -0.8041 -0.0445 0.3433 -0.8229 -0.0427 0.3397 -0.8358 -0.0396 0.3352 -0.805 -0.0598 0.359 -0.8161 -0.0467 0.3444 -0.8299 -0.0382 0.3343 -0.8424 -0.0319 0.3267 -0.835 -0.0494 0.3453
129.0 -0.8886 -0.0693 0.3603 -0.7978 -0.0454 0.345 -0.7947 -0.053 0.353 -0.8154 -0.0503 0.3481 -0.8293 -0.0466 0.3431 -0.8407 -0.0415 0.3366 -0.8094 -0.0598 0.3585 -0.8203 -0.0479 0.3452 -0.8323 -0.0397 0.3357 -0.8439 -0.0333 0.328 -0.8389 -0.05 0.3456
130.0 -0.8994 -0.0732 0.3633 -0.8008 -0.0538 0.3532 -0.7885 -0.0485 0.349 -0.807 -0.043 0.3416 -0.8258 -0.0413 0.3379 -0.8396 -0.0376 0.3328 -0.8294 -0.0711 0.368 -0.8377 -0.0588 0.3546 -0.8482 -0.0492 0.3438 -0.8583 -0.0414 0.3348 -0.8546 -0.0587 0.3529
131.0 -0.9034 -0.0707 0.3603 -0.8031 -0.0553 0.3545 -0.7999 -0.0585 0.3582 -0.813 -0.0493 0.3474 -0.8262 -0.0444 0.3411 -0.8412 -0.0391 0.3342 -0.8134 -0.0622 0.3606 -0.8234 -0.0501 0.3472 -0.8372 -0.0416 0.3371 -0.8513 -0.0362 0.3302 -0.8457 -0.0521 0.3471
132.0 -0.9201 -0.0754 0.3634 -0.8109 -0.0564 0.3548 -0.7893 -0.0486 0.349 -0.8027 -0.0424 0.3414 -0.821 -0.0388 0.3359 -0.8443 -0.0364 0.3311 -0.8376 -0.0691 0.3652 -0.8482 -0.059 0.3538 -0.8594 -0.0507 0.3442 -0.8726 -0.0452 0.3372 -0.8676 -0.0599 0.3528
133.0 -0.9408 -0.0831 0.3692 -0.8318 -0.0622 0.3588 -0.8027 -0.0528 0.352 -0.8097 -0.0428 0.3411 -0.8259 -0.0358 0.3323 -0.8594 -0.0354 0.3286 -0.8665 -0.0804 0.3739 -0.8753 -0.0699 0.3623 -0.8866 -0.0611 0.3521 -0.8994 -0.053 0.3427 -0.8937 -0.0695 0.36
134.0 -0.9545 -0.0849 0.3698 -0.8405 -0.0677 0.3635 -0.8137 -0.0549 0.3531 -0.8173 -0.0444 0.342 -0.8367 -0.0397 0.3352 -0.8721 -0.0384 0.3304 -0.8792 -0.0833 0.3756 -0.8873 -0.0722 0.3634 -0.8993 -0.0634 0.3533 -0.9129 -0.0561 0.3444 -0.9066 -0.072 0.3613
135.0 -0.9667 -0.0859 0.3696 -0.8553 -0.0691 0.3634 -0.826 -0.0553 0.3523 -0.8321 -0.0458 0.3419 -0.8479 -0.0406 0.335 -0.8833 -0.0393 0.3302 -0.8889 -0.0828 0.3741 -0.8977 -0.073 0.3632 -0.9088 -0.0647 0.3536 -0.9233 -0.0575 0.3448 -0.9171 -0.0728 0.3611
136.0 -0.9816 -0.0861 0.3683 -0.8698 -0.0716 0.3646 -0.8378 -0.0582 0.354 -0.8432 -0.0473 0.3424 -0.8583 -0.0414 0.3348 -0.8941 -0.0383 0.3281 -0.9033 -0.0859 0.3759 -0.9105 -0.0753 0.3643 -0.9218 -0.0658 0.3535 -0.9364 -0.058 0.3441 -0.9307 -0.0742 0.3612
137.0 -0.9938 -0.0866 0.3675 -0.8853 -0.0731 0.3646 -0.8495 -0.0616 0.3563 -0.857 -0.0491 0.3429 -0.8736 -0.0447 0.3367 -0.9061 -0.0399 0.3285 -0.9179 -0.0879 0.3765 -0.9251 -0.0773 0.3649 -0.9354 -0.0683 0.3547 -0.9493 -0.0598 0.3446 -0.9443 -0.076 0.3616
138.0 -1.0063 -0.0858 0.3655 -0.9021 -0.0778 0.3677 -0.8605 -0.0643 0.358 -0.8664 -0.0504 0.3432 -0.8832 -0.0454 0.3364 -0.9182 -0.0409 0.3284 -0.9294 -0.0876 0.375 -0.9356 -0.0775 0.364 -0.9459 -0.0691 0.3544 -0.9604 -0.0613 0.345 -0.9555 -0.0763 0.3608
139.0 -1.0205 -0.0847 0.363 -0.9294 -0.0528 0.3394 -0.874 -0.0624 0.3548 -0.8784 -0.0526 0.3443 -0.8935 -0.0516 0.3418 -0.9281 -0.0502 0.3369 -0.9449 -0.0793 0.365 -0.9478 -0.0779 0.3633 -0.9567 -0.0773 0.3617 -0.9693 -0.0759 0.3591 -0.9679 -0.079 0.3624
140.0 -1.037 -0.0863 0.363 -0.9433 -0.0486 0.3337 -0.8878 -0.0643 0.3553 -0.8919 -0.0557 0.3461 -0.9052 -0.055 0.3441 -0.9389 -0.0535 0.3392 -0.9604 -0.0814 0.3656 -0.9641 -0.0807 0.3645 -0.972 -0.0806 0.3636 -0.9838 -0.0785 0.3603 -0.9834 -0.0815 0.3634
141.0 -1.0421 -0.087 0.3632 -0.9442 -0.0786 0.3644 -0.899 -0.0707 0.3607 -0.906 -0.0558 0.3448 -0.921 -0.0505 0.3379 -0.9526 -0.0456 0.3297 -0.9695 -0.09 0.3735 -0.9747 -0.0803 0.3631 -0.985 -0.0719 0.3535 -0.9987 -0.064 0.344 -0.994 -0.0786 0.3594
142.0 -1.1006 -0.0845 0.3548 -1.0086 -0.0873 0.3669 -0.9594 -0.0819 0.3662 -0.9598 -0.0649 0.3487 -0.9723 -0.0586 0.3411 -1.0055 -0.0503 0.3293 -1.0306 -0.0927 0.3702 -1.0334 -0.0815 0.3585 -1.0412 -0.0722 0.3481 -1.0533 -0.0634 0.338 -1.0518 -0.0789 0.3539
143.0 -1.1187 -0.082 0.3505 -1.0249 -0.0846 0.3625 -0.9777 -0.0832 0.3657 -0.9782 -0.0655 0.3476 -0.9898 -0.0591 0.3399 -1.0206 -0.0492 0.3267 -1.0491 -0.0922 0.3678 -1.052 -0.081 0.3561 -1.059 -0.0709 0.3451 -1.0696 -0.0607 0.3336 -1.0697 -0.0774 0.3506
144.0 -1.1253 -0.0793 0.347 -1.0479 -0.089 0.3646 -0.9883 -0.0828 0.3642 -0.987 -0.0655 0.3467 -0.9978 -0.059 0.339 -1.028 -0.0472 0.3239 -1.0583 -0.0904 0.365 -1.0594 -0.0789 0.3532 -1.0656 -0.0688 0.3422 -1.077 -0.0587 0.3308 -1.0771 -0.0752 0.3477
145.0 -1.1357 -0.0752 0.3418 -1.0603 -0.0888 0.3633 -0.999 -0.0824 0.3627 -0.9949 -0.0653 0.3457 -1.0049 -0.0587 0.338 -1.0353 -0.0457 0.3217 -1.0692 -0.0882 0.3617 -1.0694 -0.0772 0.3505 -1.0748 -0.0663 0.3388 -1.0854 -0.0562 0.3274 -1.0869 -0.0726 0.344
146.0 -1.1372 -0.0717 0.3381 -1.0667 -0.0872 0.361 -1.006 -0.0821 0.3618 -1.003 -0.0646 0.3442 -1.0131 -0.0568 0.3352 -1.0426 -0.0443 0.3195 -1.073 -0.0863 0.3594 -1.0733 -0.0747 0.3475 -1.0786 -0.0644 0.3365 -1.0892 -0.0542 0.325 -1.0903 -0.0703 0.3413
147.0 -1.1408 -0.071 0.337 -1.0651 -0.0815 0.3553 -1.0152 -0.0803 0.359 -1.0138 -0.063 0.3415 -1.0231 -0.0551 0.3325 -1.0499 -0.0428 0.3173 -1.0803 -0.0848 0.3572 -1.0804 -0.0744 0.3465 -1.0866 -0.0643 0.3355 -1.0973 -0.0535 0.3235 -1.0971 -0.0696 0.3399
148.0 -1.1481 -0.0695 0.3348 -1.0825 -0.0826 0.3547 -1.0249 -0.0798 0.3575 -1.0227 -0.0624 0.3399 -1.031 -0.0549 0.3315 -1.0578 -0.0427 0.3163 -1.0876 -0.0833 0.3549 -1.0877 -0.073 0.3443 -1.093 -0.0627 0.3333 -1.1036 -0.0525 0.3218 -1.104 -0.0682 0.3378
149.0 -1.1609 -0.067 0.3309 -1.0942 -0.0812 0.3521 -1.0357 -0.0788 0.3554 -1.0307 -0.0616 0.3384 -1.0399 -0.0543 0.33 -1.0642 -0.0411 0.3141 -1.0977 -0.081 0.3516 -1.0961 -0.0704 0.3409 -1.1013 -0.0607 0.3305 -1.1119 -0.0506 0.319 -1.1136 -0.0659 0.3346
150.0 -1.1664 -0.0659 0.3293 -1.1013 -0.0809 0.3511 -1.0402 -0.0782 0.3544 -1.0378 -0.0613 0.3374 -1.0453 -0.0538 0.3289 -1.0715 -0.0396 0.3119 -1.1039 -0.0807 0.3506 -1.1032 -0.0696 0.3393 -1.1085 -0.0599 0.3289 -1.1199 -0.0498 0.3175 -1.1204 -0.0652 0.3331
151.0 -1.1736 -0.0644 0.3271 -1.1086 -0.0794 0.3489 -1.049 -0.0781 0.3534 -1.0451 -0.0599 0.3352 -1.0533 -0.0537 0.328 -1.0786 -0.0394 0.3109 -1.112 -0.0799 0.349 -1.1113 -0.0688 0.3377 -1.1156 -0.059 0.3273 -1.1262 -0.0488 0.3158 -1.1278 -0.0642 0.3314
152.0 -1.1807 -0.0641 0.3261 -1.1157 -0.0786 0.3473 -1.0544 -0.077 0.3518 -1.0505 -0.0594 0.3341 -1.0586 -0.0532 0.327 -1.0841 -0.0383 0.3092 -1.1176 -0.0782 0.3467 -1.1167 -0.0683 0.3367 -1.1219 -0.0586 0.3263 -1.1315 -0.0489 0.3154 -1.1337 -0.0637 0.3302
153.0 -1.1843 -0.064 0.3256 -1.1194 -0.0779 0.3462 -1.0582 -0.0757 0.3501 -1.0538 -0.0604 0.3349 -1.0623 -0.0524 0.3259 -1.0884 -0.0389 0.3094 -1.1219 -0.0788 0.3469 -1.1211 -0.0683 0.3363 -1.1253 -0.0591 0.3264 -1.1359 -0.0489 0.315 -1.1377 -0.0638 0.33
154.0 -1.1878 -0.0639 0.3251 -1.1246 -0.078 0.3458 -1.0625 -0.0763 0.3502 -1.0582 -0.0604 0.3344 -1.0667 -0.0524 0.3254 -1.0927 -0.0394 0.3095 -1.1261 -0.08 0.3477 -1.1253 -0.0695 0.337 -1.1296 -0.0597 0.3266 -1.1394 -0.0488 0.3145 -1.1416 -0.0644 0.3302
155.0 -1.1922 -0.0639 0.3246 -1.1289 -0.0785 0.3459 -1.0654 -0.0748 0.3485 -1.0607 -0.0614 0.3352 -1.0702 -0.0523 0.3249 -1.096 -0.0405 0.3103 -1.1296 -0.0798 0.3472 -1.1279 -0.0692 0.3365 -1.1331 -0.0596 0.3261 -1.1437 -0.0494 0.3147 -1.1453 -0.0644 0.3298
156.0 -1.1939 -0.0641 0.3247 -1.1315 -0.0789 0.346 -1.0695 -0.0766 0.3499 -1.0639 -0.063 0.3365 -1.0726 -0.0538 0.3263 -1.0968 -0.0412 0.311 -1.133 -0.0803 0.3473 -1.1313 -0.0703 0.3373 -1.1356 -0.0605 0.3268 -1.1445 -0.0501 0.3153 -1.1477 -0.0651 0.3303
157.0 -1.1957 -0.0643 0.3248 -1.1349 -0.0799 0.3468 -1.0718 -0.0782 0.3512 -1.0673 -0.0641 0.3373 -1.0742 -0.0546 0.3269 -1.0985 -0.0414 0.311 -1.1347 -0.0805 0.3474 -1.1338 -0.0706 0.3374 -1.1382 -0.0608 0.3269 -1.1471 -0.0504 0.3154 -1.1499 -0.0654 0.3304
158.0 -1.1964 -0.065 0.3254 -1.1358 -0.0795 0.3462 -1.0746 -0.0773 0.3501 -1.0681 -0.0642 0.3373 -1.0758 -0.0555 0.3276 -1.1003 -0.0411 0.3105 -1.1372 -0.0815 0.3481 -1.1356 -0.0709 0.3374 -1.139 -0.0616 0.3276 -1.1478 -0.0511 0.3161 -1.1512 -0.066 0.3309
159.0 -1.1965 -0.0644 0.3248 -1.1384 -0.0798 0.3463 -1.0744 -0.0785 0.3513 -1.0696 -0.0656 0.3386 -1.0766 -0.0562 0.3283 -1.1019 -0.0419 0.3112 -1.138 -0.0822 0.3488 -1.1355 -0.0715 0.3381 -1.1399 -0.0611 0.327 -1.1479 -0.0506 0.3154 -1.1516 -0.0659 0.3308
160.0 -1.1983 -0.0641 0.3243 -1.1401 -0.08 0.3464 -1.0753 -0.0786 0.3513 -1.0696 -0.0656 0.3386 -1.0774 -0.0563 0.3283 -1.102 -0.0413 0.3105 -1.1389 -0.0817 0.3482 -1.1364 -0.071 0.3375 -1.1407 -0.0618 0.3276 -1.1487 -0.0513 0.3161 -1.1526 -0.066 0.3307
161.0 -1.1984 -0.0635 0.3236 -1.1385 -0.0792 0.3457 -1.0763 -0.0775 0.3501 -1.0697 -0.065 0.338 -1.0775 -0.0557 0.3277 -1.103 -0.0408 0.3099 -1.1399 -0.0812 0.3476 -1.1374 -0.0705 0.3369 -1.1409 -0.0606 0.3264 -1.1497 -0.0502 0.3149 -1.1533 -0.0652 0.3299
