1.0 -1.0856 0.0354 0.2337 -1.0039 0.0361 0.2412 -0.9798 0.0491 0.2302 -0.9852 0.0649 0.2136 -0.998 0.0729 0.2041 -1.0256 0.0747 0.1995 -1.029 0.0339 0.2409 -1.035 0.0429 0.2311 -1.0434 0.0509 0.2221 -1.0552 0.0579 0.2138 -1.0496 0.0442 0.2283
2.0 -1.0829 0.0352 0.2342 -0.9989 0.038 0.2397 -0.9806 0.049 0.2303 -0.9852 0.0649 0.2136 -0.9995 0.0715 0.2054 -1.0254 0.0735 0.2008 -1.0279 0.0328 0.2421 -1.0338 0.0412 0.233 -1.0423 0.0492 0.2239 -1.0524 0.057 0.2149 -1.0479 0.0431 0.2296
3.0 -1.0847 0.0356 0.2337 -0.9997 0.0373 0.2404 -0.9805 0.0484 0.2309 -0.985 0.0637 0.2148 -0.9994 0.0709 0.206 -1.0245 0.0736 0.2007 -1.0321 0.0317 0.2429 -1.0372 0.0407 0.2331 -1.0448 0.0489 0.224 -1.0551 0.0573 0.2144 -1.0508 0.0428 0.2296
4.0 -1.0758 0.0349 0.2352 -0.9997 0.0373 0.2404 -0.9798 0.0491 0.2302 -0.9841 0.0638 0.2148 -0.9985 0.0704 0.2066 -1.0227 0.0732 0.2013 -1.0277 0.0316 0.2433 -1.0337 0.0406 0.2336 -1.0421 0.0486 0.2245 -1.0524 0.057 0.2149 -1.0464 0.0426 0.2303
5.0 -1.0758 0.0349 0.2352 -0.998 0.0375 0.2403 -0.979 0.0498 0.2296 -0.985 0.0637 0.2148 -0.9986 0.071 0.206 -1.0244 0.073 0.2014 -1.026 0.0319 0.2433 -1.032 0.0408 0.2335 -1.0404 0.0489 0.2245 -1.0507 0.0572 0.2149 -1.045 0.0427 0.2303
6.0 -1.0719 0.0379 0.2326 -0.9995 0.0361 0.2416 -0.9814 0.0483 0.2309 -0.9838 0.062 0.2166 -1.0002 0.0702 0.2067 -1.0244 0.073 0.2014 -1.0251 0.0314 0.2439 -1.0303 0.0411 0.2334 -1.038 0.0498 0.2237 -1.0491 0.0581 0.2142 -1.0429 0.0436 0.2296
7.0 -1.0733 0.0359 0.2345 -0.9944 0.0374 0.2408 -0.9797 0.0485 0.2309 -0.9848 0.0625 0.2161 -0.9985 0.0704 0.2066 -1.0243 0.0724 0.202 -1.0258 0.0307 0.2445 -1.0319 0.0402 0.2341 -1.0397 0.0496 0.2238 -1.0499 0.058 0.2142 -1.0441 0.0429 0.2302
8.0 -1.0731 0.0347 0.2357 -0.9994 0.0355 0.2422 -0.9794 0.0467 0.2327 -0.9826 0.0603 0.2185 -0.9974 0.0693 0.2078 -1.0251 0.0717 0.2026 -1.0266 0.03 0.2452 -1.0318 0.0396 0.2347 -1.0403 0.0483 0.2251 -1.0506 0.0567 0.2155 -1.0445 0.0418 0.2312
9.0 -1.0706 0.035 0.2356 -0.9985 0.0356 0.2422 -0.9826 0.0451 0.2341 -0.9843 0.0601 0.2185 -0.9991 0.0691 0.2079 -1.0259 0.0716 0.2027 -1.0268 0.0312 0.2439 -1.0319 0.0402 0.2341 -1.0396 0.049 0.2244 -1.0497 0.0568 0.2155 -1.0437 0.0424 0.2307
10.0 -1.0722 0.0342 0.2363 -0.9999 0.0336 0.2441 -0.9801 0.046 0.2334 -0.9837 0.0614 0.2173 -1.0 0.069 0.2079 -1.0258 0.071 0.2033 -1.0256 0.0295 0.2457 -1.0309 0.0398 0.2347 -1.0386 0.0485 0.225 -1.0496 0.0562 0.2161 -1.0434 0.0416 0.2316
11.0 -1.0735 0.0316 0.2389 -0.9939 0.0393 0.2389 -0.981 0.0459 0.2334 -0.9854 0.0612 0.2173 -0.9999 0.0684 0.2085 -1.0266 0.0703 0.2039 -1.0265 0.0294 0.2458 -1.0324 0.0383 0.236 -1.041 0.047 0.2264 -1.052 0.0546 0.2174 -1.0451 0.0402 0.2329
12.0 -1.077 0.0317 0.2384 -1.0015 0.0327 0.2448 -0.98 0.0454 0.234 -0.9826 0.0603 0.2185 -0.998 0.068 0.2091 -1.0257 0.0704 0.2039 -1.0265 0.0294 0.2458 -1.0317 0.039 0.2354 -1.0394 0.0478 0.2257 -1.0504 0.0555 0.2167 -1.045 0.0407 0.2324
13.0 -1.0802 0.03 0.2397 -0.9981 0.0332 0.2447 -0.9804 0.0429 0.2365 -0.984 0.0583 0.2204 -0.9976 0.0656 0.2116 -1.0254 0.0686 0.2058 -1.0306 0.0282 0.2466 -1.0365 0.0366 0.2374 -1.0451 0.0452 0.2278 -1.056 0.0523 0.2194 -1.0497 0.0384 0.2342
14.0 -1.085 0.0319 0.2374 -1.0038 0.0306 0.2468 -0.9797 0.0436 0.2359 -0.9823 0.0585 0.2203 -0.9968 0.0657 0.2115 -1.0254 0.0686 0.2058 -1.0306 0.0282 0.2466 -1.0358 0.0373 0.2368 -1.0442 0.0453 0.2277 -1.0551 0.0524 0.2194 -1.0501 0.039 0.2336
15.0 -1.0857 0.0311 0.2381 -1.0036 0.0294 0.248 -0.9796 0.043 0.2365 -0.9839 0.0577 0.221 -0.9967 0.0652 0.2122 -1.0254 0.0686 0.2058 -1.033 0.0266 0.2479 -1.0381 0.0357 0.2381 -1.0458 0.0445 0.2284 -1.056 0.0523 0.2194 -1.0517 0.0381 0.2344
16.0 -1.0838 0.0302 0.2393 -1.0026 0.0289 0.2486 -0.9794 0.0418 0.2377 -0.9831 0.0578 0.221 -0.9975 0.065 0.2122 -1.0254 0.0686 0.2058 -1.0297 0.0277 0.2472 -1.0348 0.0368 0.2374 -1.044 0.0441 0.229 -1.0558 0.0511 0.2207 -1.0496 0.038 0.2347
17.0 -1.0801 0.0295 0.2404 -1.0017 0.0284 0.2492 -0.9784 0.0414 0.2383 -0.9829 0.0566 0.2222 -0.9973 0.0638 0.2134 -1.0243 0.0675 0.207 -1.0279 0.0273 0.2477 -1.0338 0.0363 0.2379 -1.0423 0.0443 0.2289 -1.0539 0.0507 0.2212 -1.0476 0.0376 0.2352
18.0 -1.073 0.0292 0.2413 -0.9998 0.0281 0.2497 -0.9774 0.0409 0.2389 -0.9818 0.0556 0.2234 -0.9962 0.0628 0.2146 -1.0224 0.0666 0.2082 -1.0268 0.0263 0.2489 -1.0329 0.0358 0.2385 -1.0406 0.0446 0.2288 -1.0506 0.0518 0.2205 -1.0448 0.0375 0.2356
19.0 -1.0757 0.0294 0.2408 -0.9967 0.0303 0.2478 -0.9784 0.0414 0.2383 -0.9809 0.0557 0.2234 -0.9936 0.0625 0.2152 -1.0215 0.0661 0.2087 -1.0284 0.0254 0.2496 -1.0327 0.0346 0.2398 -1.0395 0.0435 0.23 -1.0488 0.0514 0.221 -1.045 0.0369 0.2363
20.0 -1.0748 0.029 0.2414 -1.0047 0.0256 0.2518 -0.9753 0.0387 0.2413 -0.9789 0.0541 0.2252 -0.9917 0.0622 0.2157 -1.0212 0.0649 0.21 -1.0258 0.0258 0.2495 -1.031 0.0355 0.2391 -1.0387 0.0442 0.2294 -1.0488 0.0514 0.221 -1.0438 0.0372 0.2361
21.0 -1.0716 0.0257 0.245 -0.9973 0.0284 0.2496 -0.9762 0.0386 0.2413 -0.9787 0.0529 0.2264 -0.9922 0.0596 0.2182 -1.0203 0.0644 0.2106 -1.0238 0.0242 0.2513 -1.0282 0.034 0.2409 -1.0358 0.0428 0.2312 -1.0469 0.0504 0.2222 -1.0412 0.0354 0.2381
22.0 -1.0779 0.0267 0.2434 -1.0021 0.0259 0.2517 -0.9759 0.0368 0.2432 -0.9802 0.0515 0.2278 -0.9921 0.0591 0.2188 -1.0168 0.0649 0.2104 -1.0262 0.0227 0.2526 -1.0305 0.0325 0.2422 -1.039 0.0405 0.2332 -1.0492 0.0489 0.2236 -1.0446 0.0343 0.239
23.0 -1.0857 0.0263 0.2431 -1.0048 0.0213 0.2562 -0.9762 0.0337 0.2463 -0.9773 0.0501 0.2295 -0.9909 0.0574 0.2207 -1.0156 0.0626 0.2129 -1.0312 0.0214 0.2535 -1.0346 0.0307 0.2436 -1.0422 0.0388 0.2345 -1.0523 0.046 0.2262 -1.0492 0.0327 0.2402
24.0 -1.084 0.0265 0.243 -1.0037 0.0202 0.2574 -0.9749 0.0314 0.2488 -0.9767 0.0465 0.2332 -0.9906 0.0556 0.2225 -1.0151 0.0602 0.2154 -1.0284 0.0206 0.2546 -1.0318 0.0299 0.2447 -1.0385 0.0381 0.2356 -1.0479 0.046 0.2266 -1.0461 0.0322 0.2409
25.0 -1.0903 0.0275 0.2414 -1.005 0.0176 0.2599 -0.9762 0.0239 0.2563 -0.9736 0.0389 0.2412 -0.9859 0.0489 0.2298 -1.0117 0.0558 0.2202 -1.0373 0.0157 0.2587 -1.0389 0.0252 0.2488 -1.0432 0.0344 0.2389 -1.05 0.0433 0.2292 -1.0519 0.0292 0.2434
26.0 -1.093 0.0228 0.2459 -1.0088 0.014 0.2632 -0.9779 0.0182 0.262 -0.9749 0.0314 0.2488 -0.9864 0.0415 0.2374 -1.0113 0.0485 0.2277 -1.0405 0.0091 0.2651 -1.0413 0.0188 0.2551 -1.0447 0.0281 0.2452 -1.0515 0.037 0.2355 -1.0542 0.0232 0.2494
27.0 -1.0939 0.0227 0.2459 -1.0073 0.0155 0.2619 -0.9782 0.02 0.2601 -0.9744 0.0333 0.2469 -0.9847 0.0423 0.2367 -1.0096 0.0487 0.2276 -1.0379 0.0095 0.265 -1.0396 0.019 0.255 -1.044 0.0288 0.2446 -1.0518 0.0382 0.2343 -1.0534 0.0237 0.2489
28.0 -1.0964 0.0267 0.2416 -1.0063 0.015 0.2625 -0.9742 0.0224 0.2581 -0.9711 0.035 0.2455 -0.9825 0.0445 0.2347 -1.01 0.0511 0.2252 -1.0409 0.0115 0.2626 -1.0418 0.0218 0.252 -1.0461 0.031 0.2422 -1.0529 0.0398 0.2324 -1.0556 0.0262 0.2462
29.0 -1.0891 0.0252 0.2438 -1.0007 0.0182 0.2598 -0.9728 0.0244 0.2562 -0.968 0.0373 0.2435 -0.981 0.0459 0.2334 -1.0067 0.0522 0.2244 -1.0375 0.012 0.2624 -1.0392 0.0215 0.2525 -1.0427 0.0315 0.242 -1.0495 0.0403 0.2323 -1.0516 0.0261 0.2466
30.0 -1.0804 0.0258 0.2441 -0.995 0.0208 0.2577 -0.9644 0.0267 0.2546 -0.9624 0.0405 0.2408 -0.9725 0.0476 0.2324 -1.0019 0.0547 0.2223 -1.0244 0.0125 0.2632 -1.0254 0.0234 0.252 -1.0298 0.0332 0.2415 -1.0375 0.0419 0.2318 -1.0395 0.0274 0.2465
31.0 -1.0741 0.0254 0.2451 -0.9869 0.0243 0.2549 -0.9552 0.0292 0.253 -0.9538 0.0416 0.2405 -0.9659 0.0504 0.2303 -0.9948 0.0544 0.2233 -1.016 0.0149 0.2616 -1.0186 0.0249 0.2511 -1.0238 0.034 0.2413 -1.0332 0.0425 0.2317 -1.0331 0.0283 0.2462
32.0 -1.0726 0.0268 0.2438 -0.9804 0.0276 0.2521 -0.9467 0.031 0.2521 -0.9453 0.0434 0.2395 -0.9582 0.0514 0.23 -0.9862 0.0556 0.223 -1.0188 0.0157 0.2605 -1.0197 0.026 0.2499 -1.024 0.0352 0.2401 -1.0307 0.0435 0.231 -1.0332 0.0294 0.245
33.0 -1.0584 0.0257 0.2464 -0.9675 0.0294 0.2516 -0.9363 0.0318 0.2523 -0.9365 0.0433 0.2404 -0.9494 0.0514 0.2309 -0.9775 0.0561 0.2233 -1.0067 0.0168 0.2606 -1.0075 0.0264 0.2507 -1.0117 0.0356 0.2408 -1.0193 0.0438 0.2318 -1.0207 0.0297 0.2461
34.0 -1.0359 0.0281 0.2461 -0.9562 0.0303 0.2518 -0.9268 0.033 0.2519 -0.9245 0.045 0.24 -0.938 0.0517 0.2317 -0.9627 0.0569 0.2239 -0.9921 0.0193 0.2594 -0.9912 0.0292 0.2494 -0.9937 0.0381 0.2401 -0.9985 0.0454 0.2322 -1.0023 0.032 0.2455
35.0 -1.0281 0.0285 0.2465 -0.9307 0.035 0.2496 -0.8963 0.0396 0.2482 -0.8936 0.0491 0.2388 -0.9074 0.0528 0.2337 -0.9311 0.0575 0.2265 -0.971 0.0191 0.2617 -0.9724 0.0269 0.2537 -0.9765 0.0355 0.2445 -0.9815 0.044 0.2353 -0.9859 0.0308 0.2483
36.0 -1.0161 0.0308 0.2454 -0.9146 0.0384 0.2477 -0.8817 0.0416 0.2477 -0.8815 0.0453 0.2439 -0.895 0.0471 0.2407 -0.9157 0.0498 0.2359 -0.9552 0.0194 0.263 -0.9562 0.0248 0.2574 -0.959 0.0311 0.2507 -0.963 0.0385 0.2427 -0.9699 0.0289 0.2518
37.0 -1.004 0.0318 0.2455 -0.8899 0.0435 0.2449 -0.8633 0.0471 0.2438 -0.866 0.0523 0.2383 -0.8778 0.0543 0.235 -0.8948 0.0563 0.2313 -0.9345 0.0216 0.2628 -0.9353 0.0264 0.2579 -0.9382 0.0327 0.2511 -0.942 0.0395 0.2438 -0.9508 0.0304 0.2522
38.0 -0.9736 0.0292 0.2512 -0.8816 0.041 0.2483 -0.8397 0.043 0.2504 -0.8368 0.0464 0.2472 -0.8418 0.05 0.243 -0.8559 0.05 0.2417 -0.9099 0.0219 0.265 -0.9112 0.0242 0.2625 -0.913 0.0294 0.257 -0.9161 0.0369 0.249 -0.9248 0.0283 0.257
39.0 -0.9302 0.0271 0.2577 -0.8414 0.0427 0.2505 -0.8042 0.041 0.2559 -0.8053 0.0476 0.2491 -0.8063 0.053 0.2435 -0.8245 0.0517 0.243 -0.8676 0.0215 0.2696 -0.8707 0.029 0.2616 -0.8739 0.0371 0.253 -0.8779 0.0451 0.2444 -0.884 0.032 0.2572
40.0 -0.9132 0.0257 0.2608 -0.8265 0.038 0.2568 -0.8037 0.0381 0.259 -0.806 0.0512 0.2454 -0.8422 0.0469 0.2461 -0.8528 0.0473 0.2447 -0.8504 0.0189 0.2739 -0.8538 0.0282 0.2641 -0.8589 0.0373 0.2543 -0.8647 0.0451 0.2458 -0.8682 0.0311 0.2598
40.0 -0.9132 0.0257 0.2608 -0.8265 0.038 0.2568 -0.8037 0.0381 0.259 -0.806 0.0512 0.2454 -0.8422 0.0469 0.2461 -0.8528 0.0473 0.2447 -0.8504 0.0189 0.2739 -0.8538 0.0282 0.2641 -0.8589 0.0373 0.2543 -0.8647 0.0451 0.2458 -0.8682 0.0311 0.2598
40.0 -0.9132 0.0257 0.2608 -0.8265 0.038 0.2568 -0.8037 0.0381 0.259 -0.806 0.0512 0.2454 -0.8422 0.0469 0.2461 -0.8528 0.0473 0.2447 -0.8504 0.0189 0.2739 -0.8538 0.0282 0.2641 -0.8589 0.0373 0.2543 -0.8647 0.0451 0.2458 -0.8682 0.0311 0.2598
40.0 -0.9132 0.0257 0.2608 -0.8265 0.038 0.2568 -0.8037 0.0381 0.259 -0.806 0.0512 0.2454 -0.8422 0.0469 0.2461 -0.8528 0.0473 0.2447 -0.8504 0.0189 0.2739 -0.8538 0.0282 0.2641 -0.8589 0.0373 0.2543 -0.8647 0.0451 0.2458 -0.8682 0.0311 0.2598
40.0 -0.9132 0.0257 0.2608 -0.8265 0.038 0.2568 -0.8037 0.0381 0.259 -0.806 0.0512 0.2454 -0.8422 0.0469 0.2461 -0.8528 0.0473 0.2447 -0.8504 0.0189 0.2739 -0.8538 0.0282 0.2641 -0.8589 0.0373 0.2543 -0.8647 0.0451 0.2458 -0.8682 0.0311 0.2598
40.0 -0.9132 0.0257 0.2608 -0.8265 0.038 0.2568 -0.8037 0.0381 0.259 -0.806 0.0512 0.2454 -0.8422 0.0469 0.2461 -0.8528 0.0473 0.2447 -0.8504 0.0189 0.2739 -0.8538 0.0282 0.2641 -0.8589 0.0373 0.2543 -0.8647 0.0451 0.2458 -0.8682 0.0311 0.2598
40.0 -0.9132 0.0257 0.2608 -0.8265 0.038 0.2568 -0.8037 0.0381 0.259 -0.806 0.0512 0.2454 -0.8422 0.0469 0.2461 -0.8528 0.0473 0.2447 -0.8504 0.0189 0.2739 -0.8538 0.0282 0.2641 -0.8589 0.0373 0.2543 -0.8647 0.0451 0.2458 -0.8682 0.0311 0.2598
40.0 -0.9132 0.0257 0.2608 -0.8265 0.038 0.2568 -0.8037 0.0381 0.259 -0.806 0.0512 0.2454 -0.8422 0.0469 0.2461 -0.8528 0.0473 0.2447 -0.8504 0.0189 0.2739 -0.8538 0.0282 0.2641 -0.8589 0.0373 0.2543 -0.8647 0.0451 0.2458 -0.8682 0.0311 0.2598
40.0 -0.9132 0.0257 0.2608 -0.8265 0.038 0.2568 -0.8037 0.0381 0.259 -0.806 0.0512 0.2454 -0.8422 0.0469 0.2461 -0.8528 0.0473 0.2447 -0.8504 0.0189 0.2739 -0.8538 0.0282 0.2641 -0.8589 0.0373 0.2543 -0.8647 0.0451 0.2458 -0.8682 0.0311 0.2598
40.0 -0.9132 0.0257 0.2608 -0.8265 0.038 0.2568 -0.8037 0.0381 0.259 -0.806 0.0512 0.2454 -0.8422 0.0469 0.2461 -0.8528 0.0473 0.2447 -0.8504 0.0189 0.2739 -0.8538 0.0282 0.2641 -0.8589 0.0373 0.2543 -0.8647 0.0451 0.2458 -0.8682 0.0311 0.2598
40.0 -0.9132 0.0257 0.2608 -0.8265 0.038 0.2568 -0.8037 0.0381 0.259 -0.806 0.0512 0.2454 -0.8422 0.0469 0.2461 -0.8528 0.0473 0.2447 -0.8504 0.0189 0.2739 -0.8538 0.0282 0.2641 -0.8589 0.0373 0.2543 -0.8647 0.0451 0.2458 -0.8682 0.0311 0.2598
40.0 -0.9132 0.0257 0.2608 -0.8265 0.038 0.2568 -0.8037 0.0381 0.259 -0.806 0.0512 0.2454 -0.8422 0.0469 0.2461 -0.8528 0.0473 0.2447 -0.8504 0.0189 0.2739 -0.8538 0.0282 0.2641 -0.8589 0.0373 0.2543 -0.8647 0.0451 0.2458 -0.8682 0.0311 0.2598
40.0 -0.9132 0.0257 0.2608 -0.8265 0.038 0.2568 -0.8037 0.0381 0.259 -0.806 0.0512 0.2454 -0.8422 0.0469 0.2461 -0.8528 0.0473 0.2447 -0.8504 0.0189 0.2739 -0.8538 0.0282 0.2641 -0.8589 0.0373 0.2543 -0.8647 0.0451 0.2458 -0.8682 0.0311 0.2598
40.0 -0.9132 0.0257 0.2608 -0.8265 0.038 0.2568 -0.8037 0.0381 0.259 -0.806 0.0512 0.2454 -0.8422 0.0469 0.2461 -0.8528 0.0473 0.2447 -0.8504 0.0189 0.2739 -0.8538 0.0282 0.2641 -0.8589 0.0373 0.2543 -0.8647 0.0451 0.2458 -0.8682 0.0311 0.2598
40.0 -0.9132 0.0257 0.2608 -0.8265 0.038 0.2568 -0.8037 0.0381 0.259 -0.806 0.0512 0.2454 -0.8422 0.0469 0.2461 -0.8528 0.0473 0.2447 -0.8504 0.0189 0.2739 -0.8538 0.0282 0.2641 -0.8589 0.0373 0.2543 -0.8647 0.0451 0.2458 -0.8682 0.0311 0.2598
40.0 -0.9132 0.0257 0.2608 -0.8265 0.038 0.2568 -0.8037 0.0381 0.259 -0.806 0.0512 0.2454 -0.8422 0.0469 0.2461 -0.8528 0.0473 0.2447 -0.8504 0.0189 0.2739 -0.8538 0.0282 0.2641 -0.8589 0.0373 0.2543 -0.8647 0.0451 0.2458 -0.8682 0.0311 0.2598
40.0 -0.9132 0.0257 0.2608 -0.8265 0.038 0.2568 -0.8037 0.0381 0.259 -0.806 0.0512 0.2454 -0.8422 0.0469 0.2461 -0.8528 0.0473 0.2447 -0.8504 0.0189 0.2739 -0.8538 0.0282 0.2641 -0.8589 0.0373 0.2543 -0.8647 0.0451 0.2458 -0.8682 0.0311 0.2598
40.0 -0.9132 0.0257 0.2608 -0.8265 0.038 0.2568 -0.8037 0.0381 0.259 -0.806 0.0512 0.2454 -0.8422 0.0469 0.2461 -0.8528 0.0473 0.2447 -0.8504 0.0189 0.2739 -0.8538 0.0282 0.2641 -0.8589 0.0373 0.2543 -0.8647 0.0451 0.2458 -0.8682 0.0311 0.2598
40.0 -0.9132 0.0257 0.2608 -0.8265 0.038 0.2568 -0.8037 0.0381 0.259 -0.806 0.0512 0.2454 -0.8422 0.0469 0.2461 -0.8528 0.0473 0.2447 -0.8504 0.0189 0.2739 -0.8538 0.0282 0.2641 -0.8589 0.0373 0.2543 -0.8647 0.0451 0.2458 -0.8682 0.0311 0.2598
40.0 -0.9132 0.0257 0.2608 -0.8265 0.038 0.2568 -0.8037 0.0381 0.259 -0.806 0.0512 0.2454 -0.8422 0.0469 0.2461 -0.8528 0.0473 0.2447 -0.8504 0.0189 0.2739 -0.8538 0.0282 0.2641 -0.8589 0.0373 0.2543 -0.8647 0.0451 0.2458 -0.8682 0.0311 0.2598
40.0 -0.9132 0.0257 0.2608 -0.8265 0.038 0.2568 -0.8037 0.0381 0.259 -0.806 0.0512 0.2454 -0.8422 0.0469 0.2461 -0.8528 0.0473 0.2447 -0.8504 0.0189 0.2739 -0.8538 0.0282 0.2641 -0.8589 0.0373 0.2543 -0.8647 0.0451 0.2458 -0.8682 0.0311 0.2598
40.0 -0.9132 0.0257 0.2608 -0.8265 0.038 0.2568 -0.8037 0.0381 0.259 -0.806 0.0512 0.2454 -0.8422 0.0469 0.2461 -0.8528 0.0473 0.2447 -0.8504 0.0189 0.2739 -0.8538 0.0282 0.2641 -0.8589 0.0373 0.2543 -0.8647 0.0451 0.2458 -0.8682 0.0311 0.2598
40.0 -0.9132 0.0257 0.2608 -0.8265 0.038 0.2568 -0.8037 0.0381 0.259 -0.806 0.0512 0.2454 -0.8422 0.0469 0.2461 -0.8528 0.0473 0.2447 -0.8504 0.0189 0.2739 -0.8538 0.0282 0.2641 -0.8589 0.0373 0.2543 -0.8647 0.0451 0.2458 -0.8682 0.0311 0.2598
40.0 -0.9132 0.0257 0.2608 -0.8265 0.038 0.2568 -0.8037 0.0381 0.259 -0.806 0.0512 0.2454 -0.8422 0.0469 0.2461 -0.8528 0.0473 0.2447 -0.8504 0.0189 0.2739 -0.8538 0.0282 0.2641 -0.8589 0.0373 0.2543 -0.8647 0.0451 0.2458 -0.8682 0.0311 0.2598
40.0 -0.9132 0.0257 0.2608 -0.8265 0.038 0.2568 -0.8037 0.0381 0.259 -0.806 0.0512 0.2454 -0.8422 0.0469 0.2461 -0.8528 0.0473 0.2447 -0.8504 0.0189 0.2739 -0.8538 0.0282 0.2641 -0.8589 0.0373 0.2543 -0.8647 0.0451 0.2458 -0.8682 0.0311 0.2598
40.0 -0.9132 0.0257 0.2608 -0.8265 0.038 0.2568 -0.8037 0.0381 0.259 -0.806 0.0512 0.2454 -0.8422 0.0469 0.2461 -0.8528 0.0473 0.2447 -0.8504 0.0189 0.2739 -0.8538 0.0282 0.2641 -0.8589 0.0373 0.2543 -0.8647 0.0451 0.2458 -0.8682 0.0311 0.2598
40.0 -0.9132 0.0257 0.2608 -0.8265 0.038 0.2568 -0.8037 0.0381 0.259 -0.806 0.0512 0.2454 -0.8422 0.0469 0.2461 -0.8528 0.0473 0.2447 -0.8504 0.0189 0.2739 -0.8538 0.0282 0.2641 -0.8589 0.0373 0.2543 -0.8647 0.0451 0.2458 -0.8682 0.0311 0.2598
40.0 -0.9132 0.0257 0.2608 -0.8265 0.038 0.2568 -0.8037 0.0381 0.259 -0.806 0.0512 0.2454 -0.8422 0.0469 0.2461 -0.8528 0.0473 0.2447 -0.8504 0.0189 0.2739 -0.8538 0.0282 0.2641 -0.8589 0.0373 0.2543 -0.8647 0.0451 0.2458 -0.8682 0.0311 0.2598
40.0 -0.9132 0.0257 0.2608 -0.8265 0.038 0.2568 -0.8037 0.0381 0.259 -0.806 0.0512 0.2454 -0.8422 0.0469 0.2461 -0.8528 0.0473 0.2447 -0.8504 0.0189 0.2739 -0.8538 0.0282 0.2641 -0.8589 0.0373 0.2543 -0.8647 0.0451 0.2458 -0.8682 0.0311 0.2598
40.0 -0.9132 0.0257 0.2608 -0.8265 0.038 0.2568 -0.8037 0.0381 0.259 -0.806 0.0512 0.2454 -0.8422 0.0469 0.2461 -0.8528 0.0473 0.2447 -0.8504 0.0189 0.2739 -0.8538 0.0282 0.2641 -0.8589 0.0373 0.2543 -0.8647 0.0451 0.2458 -0.8682 0.0311 0.2598
40.0 -0.9132 0.0257 0.2608 -0.8265 0.038 0.2568 -0.8037 0.0381 0.259 -0.806 0.0512 0.2454 -0.8422 0.0469 0.2461 -0.8528 0.0473 0.2447 -0.8504 0.0189 0.2739 -0.8538 0.0282 0.2641 -0.8589 0.0373 0.2543 -0.8647 0.0451 0.2458 -0.8682 0.0311 0.2598
40.0 -0.9132 0.0257 0.2608 -0.8265 0.038 0.2568 -0.8037 0.0381 0.259 -0.806 0.0512 0.2454 -0.8422 0.0469 0.2461 -0.8528 0.0473 0.2447 -0.8504 0.0189 0.2739 -0.8538 0.0282 0.2641 -0.8589 0.0373 0.2543 -0.8647 0.0451 0.2458 -0.8682 0.0311 0.2598
40.0 -0.9132 0.0257 0.2608 -0.8265 0.038 0.2568 -0.8037 0.0381 0.259 -0.806 0.0512 0.2454 -0.8422 0.0469 0.2461 -0.8528 0.0473 0.2447 -0.8504 0.0189 0.2739 -0.8538 0.0282 0.2641 -0.8589 0.0373 0.2543 -0.8647 0.0451 0.2458 -0.8682 0.0311 0.2598
40.0 -0.9132 0.0257 0.2608 -0.8265 0.038 0.2568 -0.8037 0.0381 0.259 -0.806 0.0512 0.2454 -0.8422 0.0469 0.2461 -0.8528 0.0473 0.2447 -0.8504 0.0189 0.2739 -0.8538 0.0282 0.2641 -0.8589 0.0373 0.2543 -0.8647 0.0451 0.2458 -0.8682 0.0311 0.2598
40.0 -0.9132 0.0257 0.2608 -0.8265 0.038 0.2568 -0.8037 0.0381 0.259 -0.806 0.0512 0.2454 -0.8422 0.0469 0.2461 -0.8528 0.0473 0.2447 -0.8504 0.0189 0.2739 -0.8538 0.0282 0.2641 -0.8589 0.0373 0.2543 -0.8647 0.0451 0.2458 -0.8682 0.0311 0.2598
40.0 -0.9132 0.0257 0.2608 -0.8265 0.038 0.2568 -0.8037 0.0381 0.259 -0.806 0.0512 0.2454 -0.8422 0.0469 0.2461 -0.8528 0.0473 0.2447 -0.8504 0.0189 0.2739 -0.8538 0.0282 0.2641 -0.8589 0.0373 0.2543 -0.8647 0.0451 0.2458 -0.8682 0.0311 0.2598
40.0 -0.9132 0.0257 0.2608 -0.8265 0.038 0.2568 -0.8037 0.0381 0.259 -0.806 0.0512 0.2454 -0.8422 0.0469 0.2461 -0.8528 0.0473 0.2447 -0.8504 0.0189 0.2739 -0.8538 0.0282 0.2641 -0.8589 0.0373 0.2543 -0.8647 0.0451 0.2458 -0.8682 0.0311 0.2598
40.0 -0.9132 0.0257 0.2608 -0.8265 0.038 0.2568 -0.8037 0.0381 0.259 -0.806 0.0512 0.2454 -0.8422 0.0469 0.2461 -0.8528 0.0473 0.2447 -0.8504 0.0189 0.2739 -0.8538 0.0282 0.2641 -0.8589 0.0373 0.2543 -0.8647 0.0451 0.2458 -0.8682 0.0311 0.2598
40.0 -0.9132 0.0257 0.2608 -0.8265 0.038 0.2568 -0.8037 0.0381 0.259 -0.806 0.0512 0.2454 -0.8422 0.0469 0.2461 -0.8528 0.0473 0.2447 -0.8504 0.0189 0.2739 -0.8538 0.0282 0.2641 -0.8589 0.0373 0.2543 -0.8647 0.0451 0.2458 -0.8682 0.0311 0.2598
40.0 -0.9132 0.0257 0.2608 -0.8265 0.038 0.2568 -0.8037 0.0381 0.259 -0.806 0.0512 0.2454 -0.8422 0.0469 0.2461 -0.8528 0.0473 0.2447 -0.8504 0.0189 0.2739 -0.8538 0.0282 0.2641 -0.8589 0.0373 0.2543 -0.8647 0.0451 0.2458 -0.8682 0.0311 0.2598
40.0 -0.9132 0.0257 0.2608 -0.8265 0.038 0.2568 -0.8037 0.0381 0.259 -0.806 0.0512 0.2454 -0.8422 0.0469 0.2461 -0.8528 0.0473 0.2447 -0.8504 0.0189 0.2739 -0.8538 0.0282 0.2641 -0.8589 0.0373 0.2543 -0.8647 0.0451 0.2458 -0.8682 0.0311 0.2598
40.0 -0.9132 0.0257 0.2608 -0.8265 0.038 0.2568 -0.8037 0.0381 0.259 -0.806 0.0512 0.2454 -0.8422 0.0469 0.2461 -0.8528 0.0473 0.2447 -0.8504 0.0189 0.2739 -0.8538 0.0282 0.2641 -0.8589 0.0373 0.2543 -0.8647 0.0451 0.2458 -0.8682 0.0311 0.2598
40.0 -0.9132 0.0257 0.2608 -0.8265 0.038 0.2568 -0.8037 0.0381 0.259 -0.806 0.0512 0.2454 -0.8422 0.0469 0.2461 -0.8528 0.0473 0.2447 -0.8504 0.0189 0.2739 -0.8538 0.0282 0.2641 -0.8589 0.0373 0.2543 -0.8647 0.0451 0.2458 -0.8682 0.0311 0.2598
40.0 -0.9132 0.0257 0.2608 -0.8265 0.038 0.2568 -0.8037 0.0381 0.259 -0.806 0.0512 0.2454 -0.8422 0.0469 0.2461 -0.8528 0.0473 0.2447 -0.8504 0.0189 0.2739 -0.8538 0.0282 0.2641 -0.8589 0.0373 0.2543 -0.8647 0.0451 0.2458 -0.8682 0.0311 0.2598
40.0 -0.9132 0.0257 0.2608 -0.8265 0.038 0.2568 -0.8037 0.0381 0.259 -0.806 0.0512 0.2454 -0.8422 0.0469 0.2461 -0.8528 0.0473 0.2447 -0.8504 0.0189 0.2739 -0.8538 0.0282 0.2641 -0.8589 0.0373 0.2543 -0.8647 0.0451 0.2458 -0.8682 0.0311 0.2598
40.0 -0.9132 0.0257 0.2608 -0.8265 0.038 0.2568 -0.8037 0.0381 0.259 -0.806 0.0512 0.2454 -0.8422 0.0469 0.2461 -0.8528 0.0473 0.2447 -0.8504 0.0189 0.2739 -0.8538 0.0282 0.2641 -0.8589 0.0373 0.2543 -0.8647 0.0451 0.2458 -0.8682 0.0311 0.2598
40.0 -0.9132 0.0257 0.2608 -0.8265 0.038 0.2568 -0.8037 0.0381 0.259 -0.806 0.0512 0.2454 -0.8422 0.0469 0.2461 -0.8528 0.0473 0.2447 -0.8504 0.0189 0.2739 -0.8538 0.0282 0.2641 -0.8589 0.0373 0.2543 -0.8647 0.0451 0.2458 -0.8682 0.0311 0.2598
40.0 -0.9132 0.0257 0.2608 -0.8265 0.038 0.2568 -0.8037 0.0381 0.259 -0.806 0.0512 0.2454 -0.8422 0.0469 0.2461 -0.8528 0.0473 0.2447 -0.8504 0.0189 0.2739 -0.8538 0.0282 0.2641 -0.8589 0.0373 0.2543 -0.8647 0.0451 0.2458 -0.8682 0.0311 0.2598
40.0 -0.9132 0.0257 0.2608 -0.8265 0.038 0.2568 -0.8037 0.0381 0.259 -0.806 0.0512 0.2454 -0.8422 0.0469 0.2461 -0.8528 0.0473 0.2447 -0.8504 0.0189 0.2739 -0.8538 0.0282 0.2641 -0.8589 0.0373 0.2543 -0.8647 0.0451 0.2458 -0.8682 0.0311 0.2598
40.0 -0.9132 0.0257 0.2608 -0.8265 0.038 0.2568 -0.8037 0.0381 0.259 -0.806 0.0512 0.2454 -0.8422 0.0469 0.2461 -0.8528 0.0473 0.2447 -0.8504 0.0189 0.2739 -0.8538 0.0282 0.2641 -0.8589 0.0373 0.2543 -0.8647 0.0451 0.2458 -0.8682 0.0311 0.2598
40.0 -0.9132 0.0257 0.2608 -0.8265 0.038 0.2568 -0.8037 0.0381 0.259 -0.806 0.0512 0.2454 -0.8422 0.0469 0.2461 -0.8528 0.0473 0.2447 -0.8504 0.0189 0.2739 -0.8538 0.0282 0.2641 -0.8589 0.0373 0.2543 -0.8647 0.0451 0.2458 -0.8682 0.0311 0.2598
40.0 -0.9132 0.0257 0.2608 -0.8265 0.038 0.2568 -0.8037 0.0381 0.259 -0.806 0.0512 0.2454 -0.8422 0.0469 0.2461 -0.8528 0.0473 0.2447 -0.8504 0.0189 0.2739 -0.8538 0.0282 0.2641 -0.8589 0.0373 0.2543 -0.8647 0.0451 0.2458 -0.8682 0.0311 0.2598
40.0 -0.9132 0.0257 0.2608 -0.8265 0.038 0.2568 -0.8037 0.0381 0.259 -0.806 0.0512 0.2454 -0.8422 0.0469 0.2461 -0.8528 0.0473 0.2447 -0.8504 0.0189 0.2739 -0.8538 0.0282 0.2641 -0.8589 0.0373 0.2543 -0.8647 0.0451 0.2458 -0.8682 0.0311 0.2598
40.0 -0.9132 0.0257 0.2608 -0.8265 0.038 0.2568 -0.8037 0.0381 0.259 -0.806 0.0512 0.2454 -0.8422 0.0469 0.2461 -0.8528 0.0473 0.2447 -0.8504 0.0189 0.2739 -0.8538 0.0282 0.2641 -0.8589 0.0373 0.2543 -0.8647 0.0451 0.2458 -0.8682 0.0311 0.2598
40.0 -0.9132 0.0257 0.2608 -0.8265 0.038 0.2568 -0.8037 0.0381 0.259 -0.806 0.0512 0.2454 -0.8422 0.0469 0.2461 -0.8528 0.0473 0.2447 -0.8504 0.0189 0.2739 -0.8538 0.0282 0.2641 -0.8589 0.0373 0.2543 -0.8647 0.0451 0.2458 -0.8682 0.0311 0.2598
40.0 -0.9132 0.0257 0.2608 -0.8265 0.038 0.2568 -0.8037 0.0381 0.259 -0.806 0.0512 0.2454 -0.8422 0.0469 0.2461 -0.8528 0.0473 0.2447 -0.8504 0.0189 0.2739 -0.8538 0.0282 0.2641 -0.8589 0.0373 0.2543 -0.8647 0.0451 0.2458 -0.8682 0.0311 0.2598
40.0 -0.9132 0.0257 0.2608 -0.8265 0.038 0.2568 -0.8037 0.0381 0.259 -0.806 0.0512 0.2454 -0.8422 0.0469 0.2461 -0.8528 0.0473 0.2447 -0.8504 0.0189 0.2739 -0.8538 0.0282 0.2641 -0.8589 0.0373 0.2543 -0.8647 0.0451 0.2458 -0.8682 0.0311 0.2598
97.0 -0.8769 0.0092 0.2812 -0.7988 0.0106 0.2875 -0.7992 0.0124 0.2857 -0.8009 0.0226 0.2751 -0.8022 0.0297 0.2677 -0.8033 0.0363 0.2609 -0.8164 0.0003 0.2963 -0.819 0.0103 0.2858 -0.8224 0.0197 0.276 -0.8265 0.0277 0.2674 -0.8322 0.0134 0.2813
98.0 -0.8905 0.0117 0.2774 -0.7988 0.0106 0.2875 -0.7987 0.01 0.2882 -0.7999 0.0166 0.2813 -0.8006 0.0208 0.277 -0.8116 0.0229 0.2737 -0.8368 0.0061 0.2884 -0.8372 0.0189 0.2753 -0.8388 0.0278 0.266 -0.8397 0.0332 0.2604 -0.8486 0.0195 0.2735
99.0 -0.9076 0.0088 0.2786 -0.8051 0.011 0.2865 -0.7996 0.0148 0.2832 -0.8013 0.0243 0.2733 -0.8022 0.0297 0.2677 -0.8116 0.0333 0.2631 -0.8459 -0.0018 0.2956 -0.8486 0.0082 0.2851 -0.8529 0.018 0.2747 -0.8569 0.0254 0.2667 -0.8624 0.0117 0.2801
100.0 -0.9838 0.0119 0.2679 -0.8884 0.0095 0.2798 -0.8627 0.0136 0.2782 -0.8617 0.0229 0.2687 -0.872 0.0264 0.2642 -0.886 0.0361 0.2528 -0.9379 0.001 0.2836 -0.9359 0.0147 0.2698 -0.9344 0.0259 0.2584 -0.9339 0.0333 0.2509 -0.9452 0.0174 0.2661
101.0 -1.0069 0.0082 0.2694 -0.9108 0.012 0.275 -0.8774 0.0122 0.2781 -0.8781 0.0213 0.2688 -0.8943 0.0283 0.26 -0.9211 0.0356 0.2498 -0.9506 -0.0068 0.2903 -0.9525 0.0039 0.2791 -0.9552 0.0145 0.268 -0.9605 0.0242 0.2576 -0.9651 0.0088 0.2729
102.0 -1.0471 0.0015 0.2722 -0.9515 0.0034 0.2797 -0.9238 0.0011 0.2849 -0.9186 0.0115 0.2747 -0.9287 0.0187 0.2663 -0.9545 0.0256 0.2567 -0.9974 -0.0162 0.2952 -0.9958 -0.005 0.2839 -0.9969 0.0065 0.2721 -1.0014 0.0169 0.261 -1.0077 0.0007 0.2769
103.0 -1.0514 0.001 0.2724 -0.9565 0.0016 0.2812 -0.9324 -8.681e-05 0.2852 -0.9255 0.0106 0.275 -0.9345 0.0167 0.2678 -0.9649 0.0242 0.2571 -1.0036 -0.0158 0.2942 -1.0021 -0.004 0.2823 -1.0031 0.0063 0.2717 -1.0073 0.0155 0.2619 -1.0135 0.0006 0.2765
104.0 -1.0574 0.0001 0.2726 -0.9621 -0.0016 0.2839 -0.9351 0.0002 0.2847 -0.9319 0.0116 0.2733 -0.9408 0.0177 0.2662 -0.9701 0.0241 0.2567 -1.0064 -0.015 0.2931 -1.0065 -0.004 0.2819 -1.0083 0.0062 0.2713 -1.0134 0.0152 0.2615 -1.0184 0.0005 0.2761
105.0 -1.0573 -0.0004 0.2732 -0.9666 -0.001 0.2828 -0.942 -0.0008 0.285 -0.9368 0.0097 0.2748 -0.9475 0.0156 0.2677 -0.9717 0.0233 0.2574 -1.0117 -0.0145 0.292 -1.0103 -0.0027 0.2801 -1.0112 0.0076 0.2695 -1.0144 0.0157 0.2609 -1.021 0.0012 0.2752
106.0 -1.0671 6.507e-05 0.2717 -0.9725 -0.0024 0.2837 -0.9447 -0.0005 0.2845 -0.9396 0.0106 0.2736 -0.9502 0.0158 0.2672 -0.9779 0.0231 0.257 -1.017 -0.0146 0.2916 -1.0163 -0.0035 0.2804 -1.0181 0.0067 0.2698 -1.0223 0.0159 0.26 -1.0282 0.0009 0.2747
107.0 -1.0661 -0.0004 0.2723 -0.975 -0.0034 0.2844 -0.9488 -0.0023 0.2859 -0.9438 0.0094 0.2744 -0.9556 0.0163 0.2661 -0.9834 0.0248 0.2547 -1.018 -0.0141 0.291 -1.0163 -0.0035 0.2804 -1.018 0.0061 0.2704 -1.023 0.0146 0.2613 -1.0283 0.0005 0.2751
108.0 -1.066 -0.001 0.2729 -0.9768 -0.003 0.2838 -0.948 -0.0016 0.2852 -0.9464 0.009 0.2745 -0.9572 0.0155 0.2668 -0.9834 0.0248 0.2547 -1.0152 -0.0149 0.2922 -1.0152 -0.0045 0.2816 -1.0178 0.0049 0.2717 -1.0237 0.0139 0.2619 -1.0276 -0.0003 0.2761
109.0 -1.0694 -0.0015 0.2731 -0.9783 -0.0044 0.2851 -0.9541 -0.0018 0.2848 -0.9472 0.0089 0.2746 -0.958 0.0154 0.2669 -0.9868 0.0237 0.2555 -1.023 -0.0154 0.2919 -1.0231 -0.005 0.2812 -1.0249 0.0052 0.2707 -1.0299 0.0136 0.2615 -1.034 -0.0006 0.2757
110.0 -1.0678 -0.0006 0.2724 -0.9767 -0.0036 0.2844 -0.9523 -0.0022 0.2854 -0.9472 0.0089 0.2746 -0.958 0.0154 0.2669 -0.9859 0.0238 0.2555 -1.0214 -0.0145 0.2912 -1.0198 -0.0033 0.2799 -1.0215 0.0062 0.2699 -1.0248 0.0149 0.2607 -1.0311 0.0005 0.2748
111.0 -1.0694 -0.0015 0.2731 -0.9799 -0.0053 0.2858 -0.9548 -0.0031 0.2861 -0.9499 0.0092 0.274 -0.9617 0.0161 0.2658 -0.9895 0.0246 0.2543 -1.0239 -0.0155 0.2919 -1.0231 -0.005 0.2812 -1.0256 0.0044 0.2714 -1.0299 0.0136 0.2615 -1.0344 -0.0008 0.2758
112.0 -1.0706 -0.0047 0.2762 -0.9785 -0.0033 0.2839 -0.9551 -0.0013 0.2842 -0.9523 0.0076 0.2754 -0.9625 0.016 0.2658 -0.9913 0.0243 0.2544 -1.0228 -0.0166 0.2931 -1.0245 -0.007 0.2832 -1.028 0.0029 0.2727 -1.034 0.0125 0.2623 -1.036 -0.0026 0.2775
113.0 -1.0683 -0.0032 0.2749 -0.9805 -0.0017 0.2821 -0.9571 0.0002 0.2824 -0.9537 0.0105 0.2723 -0.9647 0.0182 0.2634 -0.9907 0.0263 0.2525 -1.0204 -0.015 0.2918 -1.0214 -0.0048 0.2812 -1.0249 0.0052 0.2707 -1.0309 0.0147 0.2603 -1.0332 -0.0006 0.2758
114.0 -1.071 -0.0023 0.2737 -0.9874 -0.0026 0.2824 -0.9598 0.0054 0.2769 -0.9586 0.0135 0.2688 -0.9678 0.0208 0.2604 -0.9973 0.0284 0.2496 -1.024 -0.0149 0.2913 -1.0258 -0.0047 0.2807 -1.0311 0.0055 0.2697 -1.039 0.0155 0.2588 -1.0382 -0.0002 0.2748
115.0 -1.0727 -0.0031 0.2744 -0.9961 0.017 0.2615 -0.9655 0.018 0.2634 -0.9669 0.0209 0.2603 -0.9741 0.0218 0.2587 -0.9858 0.0233 0.2561 -1.0233 -0.0038 0.28 -1.0225 -0.0031 0.2794 -1.0248 -0.0003 0.2763 -1.0273 0.0042 0.2714 -1.0341 -0.0012 0.2763
115.0 -1.0727 -0.0031 0.2744 -0.9961 0.017 0.2615 -0.9655 0.018 0.2634 -0.9669 0.0209 0.2603 -0.9741 0.0218 0.2587 -0.9858 0.0233 0.2561 -1.0233 -0.0038 0.28 -1.0225 -0.0031 0.2794 -1.0248 -0.0003 0.2763 -1.0273 0.0042 0.2714 -1.0341 -0.0012 0.2763
115.0 -1.0727 -0.0031 0.2744 -0.9961 0.017 0.2615 -0.9655 0.018 0.2634 -0.9669 0.0209 0.2603 -0.9741 0.0218 0.2587 -0.9858 0.0233 0.2561 -1.0233 -0.0038 0.28 -1.0225 -0.0031 0.2794 -1.0248 -0.0003 0.2763 -1.0273 0.0042 0.2714 -1.0341 -0.0012 0.2763
115.0 -1.0727 -0.0031 0.2744 -0.9961 0.017 0.2615 -0.9655 0.018 0.2634 -0.9669 0.0209 0.2603 -0.9741 0.0218 0.2587 -0.9858 0.0233 0.2561 -1.0233 -0.0038 0.28 -1.0225 -0.0031 0.2794 -1.0248 -0.0003 0.2763 -1.0273 0.0042 0.2714 -1.0341 -0.0012 0.2763
115.0 -1.0727 -0.0031 0.2744 -0.9961 0.017 0.2615 -0.9655 0.018 0.2634 -0.9669 0.0209 0.2603 -0.9741 0.0218 0.2587 -0.9858 0.0233 0.2561 -1.0233 -0.0038 0.28 -1.0225 -0.0031 0.2794 -1.0248 -0.0003 0.2763 -1.0273 0.0042 0.2714 -1.0341 -0.0012 0.2763
115.0 -1.0727 -0.0031 0.2744 -0.9961 0.017 0.2615 -0.9655 0.018 0.2634 -0.9669 0.0209 0.2603 -0.9741 0.0218 0.2587 -0.9858 0.0233 0.2561 -1.0233 -0.0038 0.28 -1.0225 -0.0031 0.2794 -1.0248 -0.0003 0.2763 -1.0273 0.0042 0.2714 -1.0341 -0.0012 0.2763
115.0 -1.0727 -0.0031 0.2744 -0.9961 0.017 0.2615 -0.9655 0.018 0.2634 -0.9669 0.0209 0.2603 -0.9741 0.0218 0.2587 -0.9858 0.0233 0.2561 -1.0233 -0.0038 0.28 -1.0225 -0.0031 0.2794 -1.0248 -0.0003 0.2763 -1.0273 0.0042 0.2714 -1.0341 -0.0012 0.2763
115.0 -1.0727 -0.0031 0.2744 -0.9961 0.017 0.2615 -0.9655 0.018 0.2634 -0.9669 0.0209 0.2603 -0.9741 0.0218 0.2587 -0.9858 0.0233 0.2561 -1.0233 -0.0038 0.28 -1.0225 -0.0031 0.2794 -1.0248 -0.0003 0.2763 -1.0273 0.0042 0.2714 -1.0341 -0.0012 0.2763
115.0 -1.0727 -0.0031 0.2744 -0.9961 0.017 0.2615 -0.9655 0.018 0.2634 -0.9669 0.0209 0.2603 -0.9741 0.0218 0.2587 -0.9858 0.0233 0.2561 -1.0233 -0.0038 0.28 -1.0225 -0.0031 0.2794 -1.0248 -0.0003 0.2763 -1.0273 0.0042 0.2714 -1.0341 -0.0012 0.2763
115.0 -1.0727 -0.0031 0.2744 -0.9961 0.017 0.2615 -0.9655 0.018 0.2634 -0.9669 0.0209 0.2603 -0.9741 0.0218 0.2587 -0.9858 0.0233 0.2561 -1.0233 -0.0038 0.28 -1.0225 -0.0031 0.2794 -1.0248 -0.0003 0.2763 -1.0273 0.0042 0.2714 -1.0341 -0.0012 0.2763
115.0 -1.0727 -0.0031 0.2744 -0.9961 0.017 0.2615 -0.9655 0.018 0.2634 -0.9669 0.0209 0.2603 -0.9741 0.0218 0.2587 -0.9858 0.0233 0.2561 -1.0233 -0.0038 0.28 -1.0225 -0.0031 0.2794 -1.0248 -0.0003 0.2763 -1.0273 0.0042 0.2714 -1.0341 -0.0012 0.2763
115.0 -1.0727 -0.0031 0.2744 -0.9961 0.017 0.2615 -0.9655 0.018 0.2634 -0.9669 0.0209 0.2603 -0.9741 0.0218 0.2587 -0.9858 0.0233 0.2561 -1.0233 -0.0038 0.28 -1.0225 -0.0031 0.2794 -1.0248 -0.0003 0.2763 -1.0273 0.0042 0.2714 -1.0341 -0.0012 0.2763
115.0 -1.0727 -0.0031 0.2744 -0.9961 0.017 0.2615 -0.9655 0.018 0.2634 -0.9669 0.0209 0.2603 -0.9741 0.0218 0.2587 -0.9858 0.0233 0.2561 -1.0233 -0.0038 0.28 -1.0225 -0.0031 0.2794 -1.0248 -0.0003 0.2763 -1.0273 0.0042 0.2714 -1.0341 -0.0012 0.2763
115.0 -1.0727 -0.0031 0.2744 -0.9961 0.017 0.2615 -0.9655 0.018 0.2634 -0.9669 0.0209 0.2603 -0.9741 0.0218 0.2587 -0.9858 0.0233 0.2561 -1.0233 -0.0038 0.28 -1.0225 -0.0031 0.2794 -1.0248 -0.0003 0.2763 -1.0273 0.0042 0.2714 -1.0341 -0.0012 0.2763
