































































65.0 -1.4085 0.0761 0.16 -1.3245 0.1088 0.1349 -1.3165 0.113 0.1315 -1.321 0.1136 0.1304 -1.3332 0.1132 0.1296 -1.3489 0.1123 0.129 -1.3561 0.0985 0.1424 -1.363 0.1024 0.1377 -1.3704 0.1045 0.1348 -1.3767 0.1055 0.1332 -1.375 0.0974 0.1416
66.0 -1.4081 0.0737 0.1625 -1.3341 0.0984 0.1447 -1.3141 0.1096 0.1351 -1.3138 0.1127 0.132 -1.3233 0.1121 0.1318 -1.3373 0.1114 0.1311 -1.358 0.0939 0.1468 -1.3626 0.1 0.1401 -1.3666 0.1032 0.1366 -1.3704 0.1045 0.1348 -1.3731 0.0951 0.1442
67.0 -1.4106 0.0777 0.1582 -1.3364 0.1011 0.1416 -1.3088 0.1043 0.1412 -1.3113 0.1088 0.1363 -1.3239 0.1102 0.1337 -1.3423 0.1101 0.1319 -1.3568 0.0874 0.1537 -1.3594 0.0968 0.1438 -1.3641 0.1035 0.1365 -1.3684 0.1084 0.131 -1.3719 0.0948 0.1446
68.0 -1.3946 0.0719 0.1657 -1.2941 0.0959 0.1512 -1.2859 0.0994 0.1484 -1.2953 0.1024 0.1444 -1.3096 0.1041 0.1412 -1.3262 0.1031 0.1406 -1.3221 0.075 0.1698 -1.3307 0.0787 0.1651 -1.3411 0.0828 0.1599 -1.3515 0.0869 0.1547 -1.348 0.0791 0.1631
69.0 -1.3828 0.0649 0.174 -1.2855 0.0671 0.1815 -1.2521 0.082 0.1696 -1.256 0.0845 0.1666 -1.2629 0.0836 0.1669 -1.2778 0.0779 0.1712 -1.2999 0.0584 0.1889 -1.3012 0.0613 0.1859 -1.3062 0.0643 0.1823 -1.3138 0.0675 0.1782 -1.3208 0.0633 0.1819
70.0 -1.3456 0.0584 0.1845 -1.2666 0.0593 0.1914 -1.2277 0.0633 0.1911 -1.2291 0.071 0.1831 -1.235 0.0751 0.1783 -1.2464 0.0748 0.1775 -1.2825 0.0449 0.2045 -1.2801 0.0513 0.1982 -1.2813 0.0579 0.1913 -1.2849 0.0635 0.1852 -1.2949 0.0552 0.1927
71.0 -1.3396 0.0543 0.1892 -1.2552 0.0547 0.1972 -1.216 0.0618 0.1938 -1.2172 0.0684 0.187 -1.2211 0.0709 0.184 -1.2286 0.0687 0.1855 -1.2763 0.0396 0.2105 -1.2718 0.0439 0.2066 -1.271 0.0495 0.2009 -1.272 0.0549 0.1953 -1.2861 0.0484 0.2005
72.0 -1.3267 0.0511 0.1937 -1.246 0.0523 0.2006 -1.2071 0.0563 0.2003 -1.2102 0.0638 0.1923 -1.2139 0.0651 0.1906 -1.2231 0.0621 0.1928 -1.2704 0.0361 0.2146 -1.2668 0.0403 0.2108 -1.2659 0.0453 0.2057 -1.265 0.0503 0.2007 -1.279 0.0446 0.2051
73.0 -1.3143 0.0504 0.1957 -1.2366 0.0486 0.2052 -1.1958 0.0517 0.2061 -1.199 0.0604 0.1969 -1.2047 0.0627 0.194 -1.2142 0.0614 0.1944 -1.2586 0.0341 0.2179 -1.2552 0.0394 0.2128 -1.2544 0.045 0.2072 -1.2546 0.0511 0.2009 -1.2674 0.044 0.2069
74.0 -1.3047 0.0462 0.201 -1.2309 0.0464 0.2081 -1.1899 0.0482 0.2103 -1.1878 0.0565 0.2021 -1.1927 0.0595 0.1985 -1.2041 0.0591 0.1977 -1.2547 0.0315 0.2209 -1.2502 0.0358 0.217 -1.2477 0.0417 0.2113 -1.2469 0.0473 0.2056 -1.2608 0.0405 0.2111
75.0 -1.2994 0.0457 0.202 -1.2227 0.045 0.2103 -1.1816 0.0463 0.2131 -1.1803 0.0538 0.2055 -1.1852 0.0568 0.202 -1.1975 0.0564 0.2012 -1.248 0.0288 0.2244 -1.2434 0.0325 0.2211 -1.2409 0.0383 0.2154 -1.2402 0.0445 0.2091 -1.2544 0.0379 0.2144
76.0 -1.2871 0.0406 0.2084 -1.2103 0.0443 0.2123 -1.1724 0.0439 0.2165 -1.1699 0.0497 0.2107 -1.1776 0.0536 0.206 -1.1937 0.055 0.2029 -1.2382 0.0277 0.2265 -1.2333 0.0302 0.2244 -1.2315 0.0347 0.22 -1.2308 0.0409 0.2137 -1.2442 0.0348 0.2186
77.0 -1.2771 0.0389 0.2112 -1.204 0.0433 0.2139 -1.1608 0.043 0.2185 -1.16 0.0486 0.2129 -1.1667 0.0514 0.2094 -1.1806 0.0507 0.2087 -1.2289 0.0252 0.2299 -1.2232 0.0278 0.2278 -1.2206 0.0331 0.2227 -1.2199 0.0387 0.2171 -1.234 0.0328 0.2217
78.0 -1.2713 0.036 0.2147 -1.1932 0.0423 0.216 -1.1517 0.0412 0.2213 -1.1494 0.0482 0.2143 -1.1566 0.0491 0.2127 -1.1677 0.047 0.2138 -1.2246 0.0258 0.2297 -1.2201 0.0252 0.2308 -1.2162 0.0276 0.2288 -1.2134 0.0316 0.2249 -1.2291 0.0293 0.2258
79.0 -1.2633 0.0353 0.2162 -1.1835 0.0418 0.2175 -1.1467 0.0376 0.2255 -1.1451 0.0439 0.2192 -1.1504 0.0438 0.2187 -1.1633 0.0421 0.2192 -1.2183 0.0248 0.2314 -1.2147 0.0241 0.2325 -1.2114 0.0258 0.2311 -1.2086 0.0298 0.2272 -1.2233 0.028 0.2277
80.0 -1.2408 0.0328 0.221 -1.1575 0.0392 0.2228 -1.1188 0.034 0.2319 -1.1185 0.0377 0.2281 -1.1244 0.0363 0.229 -1.1381 0.0338 0.2301 -1.194 0.0214 0.2373 -1.1903 0.0207 0.2384 -1.1878 0.0216 0.2377 -1.1848 0.0245 0.2351 -1.1996 0.0242 0.2339
81.0 -1.2282 0.0308 0.2242 -1.1473 0.0363 0.2267 -1.1049 0.0304 0.237 -1.1035 0.0324 0.235 -1.1088 0.0323 0.2346 -1.121 0.0319 0.2338 -1.1804 0.0196 0.2405 -1.1768 0.0188 0.2416 -1.1735 0.0199 0.2409 -1.1713 0.0226 0.2383 -1.186 0.0224 0.2371
82.0 -1.1496 0.0195 0.2437 -1.0493 0.0342 0.2385 -1.0093 0.0219 0.2551 -1.009 0.0201 0.257 -1.0164 0.0173 0.2591 -1.0285 0.0157 0.2596 -1.0845 0.0142 0.2555 -1.0835 0.0082 0.2617 -1.083 0.0058 0.2642 -1.084 0.0063 0.2636 -1.0969 0.0108 0.2578
83.0 -1.1194 0.0174 0.2488 -1.0194 0.0395 0.2361 -0.9787 0.023 0.257 -0.979 0.0199 0.2602 -0.9846 0.0167 0.2629 -0.9973 0.0138 0.2646 -1.0544 0.0134 0.2594 -1.054 0.0061 0.2668 -1.0545 0.0036 0.2693 -1.0555 0.0041 0.2688 -1.0676 0.0089 0.2626
84.0 -1.1043 0.017 0.2507 -1.0017 0.0388 0.2386 -0.9638 0.0232 0.2583 -0.9634 0.0208 0.2608 -0.9712 0.0154 0.2655 -0.9848 0.0124 0.2673 -1.0395 0.0136 0.2607 -1.039 0.0057 0.2688 -1.0395 0.0032 0.2713 -1.0412 0.0029 0.2713 -1.0527 0.0085 0.2645
85.0 -1.09 0.0153 0.2539 -0.9876 0.0383 0.2405 -0.9491 0.0245 0.2584 -0.9475 0.0205 0.2627 -0.9545 0.0153 0.2673 -0.9669 0.0105 0.2709 -1.0256 0.0142 0.2614 -1.0231 0.0054 0.2706 -1.0225 0.0018 0.2744 -1.0225 0.0018 0.2744 -1.0367 0.0077 0.2669
86.0 -1.0791 0.0137 0.2566 -0.9769 0.0226 0.2576 -0.9406 0.011 0.2731 -0.9364 0.0177 0.2666 -0.9459 0.0213 0.262 -0.9696 0.0364 0.2442 -1.0125 9.712e-05 0.2771 -1.015 0.0089 0.2678 -1.0212 0.0197 0.2562 -1.0283 0.0346 0.2402 -1.0312 0.0154 0.2596
87.0 -1.0654 0.0107 0.261 -0.9516 0.0389 0.2435 -0.9186 0.0213 0.2647 -0.9206 0.0174 0.2685 -0.933 0.0133 0.2715 -0.9463 0.0084 0.2751 -0.9956 0.0189 0.2596 -0.9951 0.0061 0.2727 -0.9957 -0.0007 0.2796 -0.9971 -0.0027 0.2815 -1.0098 0.0065 0.2709
88.0 -1.0506 0.0115 0.2617 -0.9386 0.04 0.2436 -0.9065 0.0224 0.2649 -0.9092 0.0177 0.2693 -0.9241 0.0126 0.273 -0.9364 0.0073 0.2773 -0.9804 0.0228 0.2571 -0.9796 0.0082 0.2721 -0.98 0.0002 0.2802 -0.9818 -0.0043 0.2846 -0.9945 0.0077 0.2711
89.0 -1.0391 0.0112 0.2631 -0.9246 0.0407 0.2443 -0.8938 0.0204 0.2681 -0.9055 0.017 0.2704 -0.915 0.0108 0.2758 -0.9255 0.0057 0.28 -0.966 0.0204 0.2609 -0.9669 0.0056 0.2759 -0.9699 -0.0021 0.2836 -0.9728 -0.0055 0.2868 -0.9829 0.0059 0.2741
90.0 -1.0274 0.0146 0.2608 -0.911 0.0431 0.2432 -0.8868 0.0207 0.2685 -0.8982 0.0155 0.2727 -0.9104 0.0096 0.2775 -0.9215 0.0026 0.2836 -0.9501 0.0201 0.2628 -0.9544 0.0049 0.278 -0.9618 -0.0034 0.2857 -0.969 -0.0075 0.2891 -0.9725 0.0057 0.2753
91.0 -1.0121 0.013 0.264 -0.9037 0.0466 0.2404 -0.8827 0.0225 0.2671 -0.8916 0.0176 0.2712 -0.901 0.0115 0.2765 -0.9103 0.0041 0.2831 -0.9403 0.0245 0.2593 -0.9438 0.0094 0.2744 -0.9491 -0.0005 0.284 -0.955 -0.0068 0.2899 -0.9601 0.0079 0.2743
92.0 -1.0002 0.0152 0.2629 -0.8978 0.048 0.2395 -0.8797 0.0254 0.2645 -0.8955 0.0202 0.2682 -0.9063 0.0114 0.2761 -0.9156 0.004 0.2827 -0.9281 0.0255 0.2595 -0.9325 0.0103 0.2746 -0.9404 6.252e-05 0.2843 -0.9489 -0.0066 0.2902 -0.95 0.0089 0.2743
93.0 -0.9894 0.0185 0.2606 -0.8899 0.0484 0.2399 -0.8841 0.0303 0.259 -0.9001 0.0214 0.2665 -0.9125 0.0118 0.2751 -0.927 0.0037 0.2819 -0.9175 0.0251 0.2609 -0.9248 0.0113 0.2743 -0.9362 0.0012 0.2835 -0.9482 -0.0053 0.289 -0.9432 0.0102 0.2737
94.0 -0.9832 0.0187 0.261 -0.884 0.0498 0.239 -0.9025 0.0351 0.2522 -0.9102 0.0237 0.2631 -0.9197 0.0126 0.2735 -0.9332 0.0041 0.2809 -0.9107 0.0267 0.26 -0.9179 0.0123 0.274 -0.9302 0.0021 0.2833 -0.9437 -0.0059 0.29 -0.9372 0.0108 0.2737
95.0 -0.9763 0.019 0.2613 -0.8782 0.0518 0.2375 -0.9037 0.0368 0.2504 -0.9132 0.0257 0.2608 -0.9201 0.015 0.271 -0.9326 0.006 0.279 -0.9056 0.0274 0.2598 -0.9127 0.013 0.2738 -0.925 0.0027 0.2831 -0.9378 -0.0045 0.2892 -0.9315 0.0115 0.2735
96.0 -0.9726 0.0183 0.2624 -0.8749 0.0529 0.2368 -0.9063 0.0364 0.2505 -0.9159 0.026 0.2602 -0.923 0.0165 0.2693 -0.9363 0.0067 0.2779 -0.8995 0.0276 0.2602 -0.9076 0.0137 0.2736 -0.9207 0.0033 0.2829 -0.9345 -0.0034 0.2884 -0.927 0.0119 0.2735
97.0 -0.9674 0.0184 0.2629 -0.8772 0.0562 0.2331 -0.9006 0.039 0.2484 -0.9157 0.0297 0.2565 -0.9229 0.0207 0.2649 -0.9334 0.0102 0.2746 -0.8997 0.0288 0.259 -0.907 0.0156 0.2718 -0.9194 0.0059 0.2804 -0.9321 -0.0019 0.2871 -0.9251 0.0134 0.2722
98.0 -0.9679 0.0214 0.2597 -0.8775 0.058 0.2313 -0.9009 0.0408 0.2465 -0.9106 0.031 0.2557 -0.918 0.0226 0.2634 -0.927 0.0141 0.2713 -0.8965 0.031 0.257 -0.9039 0.0178 0.2698 -0.9154 0.0083 0.2783 -0.9274 0.0012 0.2844 -0.9222 0.016 0.2698
99.0 -0.9649 0.0242 0.2571 -0.8787 0.0597 0.2294 -0.897 0.0438 0.2439 -0.9075 0.0332 0.2537 -0.9158 0.0254 0.2609 -0.9248 0.0168 0.2687 -0.8912 0.0354 0.253 -0.8983 0.021 0.267 -0.9106 0.0108 0.2763 -0.9234 0.0036 0.2824 -0.9177 0.019 0.2672
100.0 -0.9656 0.0235 0.2578 -0.8779 0.0604 0.2288 -0.8971 0.0444 0.2433 -0.9085 0.0337 0.2531 -0.9167 0.0253 0.2609 -0.9257 0.0167 0.2687 -0.887 0.0366 0.2522 -0.8949 0.0215 0.2669 -0.908 0.0112 0.2762 -0.9217 0.0038 0.2823 -0.9154 0.0193 0.2671
101.0 -0.9635 0.0263 0.2552 -0.8798 0.0559 0.2332 -0.8981 0.04 0.2477 -0.909 0.0318 0.255 -0.9164 0.0241 0.2621 -0.9256 0.0161 0.2694 -0.8928 0.0395 0.2487 -0.899 0.0252 0.2627 -0.9102 0.0133 0.2737 -0.9218 0.0044 0.2817 -0.9174 0.0217 0.2644
102.0 -0.9651 0.0254 0.2559 -0.8865 0.0489 0.2397 -0.8997 0.0391 0.2484 -0.9063 0.0315 0.2555 -0.9129 0.0239 0.2626 -0.9237 0.0151 0.2705 -0.8928 0.045 0.2431 -0.8973 0.0303 0.2576 -0.9075 0.0179 0.2693 -0.9177 0.0062 0.2803 -0.9161 0.025 0.2612
102.0 -0.9651 0.0254 0.2559 -0.8865 0.0489 0.2397 -0.8997 0.0391 0.2484 -0.9063 0.0315 0.2555 -0.9129 0.0239 0.2626 -0.9237 0.0151 0.2705 -0.8928 0.045 0.2431 -0.8973 0.0303 0.2576 -0.9075 0.0179 0.2693 -0.9177 0.0062 0.2803 -0.9161 0.025 0.2612
104.0 -0.9642 0.0256 0.2559 -0.8924 0.0426 0.2456 -0.8975 0.0364 0.2514 -0.9029 0.032 0.2554 -0.9101 0.028 0.2588 -0.9177 0.0214 0.2647 -0.8949 0.0465 0.2413 -0.8986 0.0375 0.2502 -0.9075 0.0283 0.2587 -0.9182 0.0189 0.2672 -0.9167 0.0314 0.2546
105.0 -0.965 0.0248 0.2565 -0.8942 0.0429 0.245 -0.8975 0.0364 0.2514 -0.9062 0.0309 0.2561 -0.9148 0.0249 0.2614 -0.924 0.0169 0.2687 -0.8927 0.0444 0.2437 -0.8978 0.0333 0.2545 -0.9091 0.0226 0.2643 -0.9214 0.0124 0.2736 -0.9172 0.0275 0.2585
106.0 -0.9671 0.027 0.2541 -0.8913 0.0415 0.2468 -0.8994 0.0325 0.2552 -0.9062 0.0309 0.2561 -0.9124 0.0313 0.2551 -0.9202 0.0303 0.2554 -0.896 0.0427 0.2451 -0.9028 0.0418 0.2454 -0.9128 0.0386 0.2476 -0.9244 0.0346 0.2506 -0.9206 0.0369 0.2485
107.0 -0.9648 0.0236 0.2578 -0.886 0.0514 0.2372 -0.902 0.0419 0.2453 -0.9075 0.0332 0.2537 -0.9158 0.0254 0.2609 -0.9258 0.0173 0.2681 -0.8874 0.039 0.2498 -0.8937 0.0247 0.2637 -0.9049 0.0134 0.2742 -0.9183 0.0043 0.2822 -0.9138 0.021 0.2655
108.0 -0.9664 0.0228 0.2584 -0.8909 0.044 0.2443 -0.8994 0.0374 0.2502 -0.9048 0.033 0.2542 -0.912 0.0289 0.2576 -0.9197 0.0224 0.2635 -0.8949 0.0465 0.2413 -0.9005 0.0384 0.249 -0.9104 0.0298 0.2569 -0.9212 0.021 0.2648 -0.9187 0.0317 0.2541
109.0 -0.9666 0.024 0.2572 -0.8929 0.0352 0.2531 -0.8994 0.0325 0.2552 -0.9042 0.0343 0.2529 -0.911 0.0382 0.2482 -0.9175 0.0404 0.2453 -0.896 0.0378 0.2501 -0.9024 0.0443 0.2428 -0.9117 0.0473 0.2388 -0.9224 0.0483 0.2368 -0.9198 0.0403 0.2451
110.0 -0.9669 0.0258 0.2553 -0.8938 0.0302 0.2581 -0.8954 0.0293 0.2588 -0.8976 0.037 0.2508 -0.9067 0.0437 0.243 -0.9119 0.0485 0.2376 -0.8948 0.0361 0.2519 -0.9014 0.0487 0.2384 -0.9114 0.0553 0.2307 -0.9227 0.0599 0.2249 -0.9194 0.0452 0.2403
111.0 -0.9675 0.0245 0.2566 -0.893 0.0309 0.2575 -0.8972 0.0297 0.2583 -0.9023 0.0339 0.2535 -0.9112 0.0394 0.2469 -0.9182 0.044 0.2416 -0.8944 0.0386 0.2494 -0.9023 0.0486 0.2385 -0.9146 0.0536 0.2321 -0.9265 0.0563 0.2282 -0.9211 0.0443 0.2409
112.0 -0.9665 0.0234 0.2578 -0.8916 0.0427 0.2455 -0.8993 0.0368 0.2508 -0.9045 0.0312 0.256 -0.9107 0.0267 0.26 -0.9175 0.0202 0.2659 -0.8976 0.0468 0.2408 -0.9016 0.0395 0.2478 -0.9096 0.0305 0.2562 -0.9187 0.0219 0.2641 -0.9188 0.0324 0.2533
113.0 -0.9656 0.0235 0.2578 -0.8953 0.0391 0.2488 -0.8987 0.0381 0.2496 -0.9057 0.0328 0.2542 -0.9115 0.026 0.2607 -0.9171 0.0179 0.2684 -0.8979 0.0486 0.2389 -0.8992 0.0362 0.2515 -0.9051 0.0244 0.2629 -0.9137 0.0134 0.2733 -0.9163 0.0292 0.2569
114.0 -0.9668 0.0252 0.256 -0.8926 0.0334 0.255 -0.8987 0.0332 0.2546 -0.9041 0.0337 0.2535 -0.9115 0.0357 0.2507 -0.9169 0.0368 0.249 -0.8949 0.0416 0.2463 -0.9001 0.0464 0.2409 -0.9108 0.0468 0.2394 -0.9212 0.046 0.2392 -0.9187 0.0412 0.2444
115.0 -0.9649 0.0242 0.2571 -0.8913 0.0311 0.2574 -0.8961 0.0286 0.2595 -0.8999 0.0349 0.2527 -0.9097 0.0409 0.2456 -0.9147 0.0444 0.2415 -0.8959 0.0372 0.2507 -0.9022 0.048 0.2391 -0.9129 0.0539 0.232 -0.9239 0.0566 0.2281 -0.9199 0.044 0.2414
116.0 -0.9641 0.025 0.2565 -0.8926 0.0487 0.2393 -0.9015 0.0389 0.2484 -0.9079 0.0307 0.2562 -0.9155 0.0236 0.2627 -0.9245 0.015 0.2706 -0.8928 0.045 0.2431 -0.8974 0.0309 0.257 -0.9067 0.0187 0.2686 -0.9188 0.0073 0.2791 -0.916 0.0253 0.2609
117.0 -0.9685 0.025 0.256 -0.8906 0.0373 0.2511 -0.8994 0.0325 0.2552 -0.9058 0.0334 0.2536 -0.9143 0.0372 0.2489 -0.9209 0.0393 0.2461 -0.8943 0.0381 0.25 -0.9031 0.0436 0.2435 -0.9151 0.0462 0.2396 -0.9276 0.0476 0.237 -0.9217 0.0401 0.2452
118.0 -0.966 0.0259 0.2553 -0.8935 0.0437 0.2444 -0.9009 0.0359 0.2515 -0.9104 0.0298 0.2569 -0.9176 0.0257 0.2603 -0.9278 0.0189 0.2663 -0.8899 0.0435 0.2449 -0.8974 0.0358 0.252 -0.91 0.0274 0.2594 -0.9244 0.0193 0.2662 -0.9176 0.0304 0.2555
119.0 -0.9667 0.0246 0.2566 -0.8837 0.0529 0.2359 -0.9043 0.0404 0.2467 -0.9134 0.0318 0.2545 -0.9191 0.0243 0.2616 -0.9274 0.0165 0.2688 -0.8899 0.038 0.2505 -0.8953 0.0239 0.2644 -0.9074 0.0125 0.2749 -0.9201 0.0046 0.2816 -0.9159 0.0207 0.2656
120.0 -0.9657 0.0241 0.2572 -0.8894 0.0503 0.238 -0.8971 0.0389 0.2489 -0.9064 0.0321 0.2549 -0.914 0.025 0.2614 -0.9212 0.0161 0.2698 -0.8962 0.0439 0.2439 -0.9002 0.0318 0.2559 -0.9097 0.0207 0.2662 -0.921 0.01 0.276 -0.9186 0.0261 0.2598
121.0 -0.968 0.022 0.2591 -0.8874 0.0494 0.2391 -0.9004 0.0427 0.2446 -0.9066 0.0333 0.2536 -0.9132 0.0257 0.2608 -0.9214 0.0173 0.2686 -0.8954 0.0397 0.2482 -0.8999 0.0251 0.2627 -0.9085 0.0141 0.2731 -0.9186 0.0061 0.2803 -0.9181 0.0214 0.2647
122.0 -0.9675 0.0245 0.2566 -0.8884 0.0498 0.2386 -0.8989 0.0393 0.2483 -0.9079 0.0307 0.2562 -0.9155 0.0236 0.2627 -0.9236 0.0145 0.2711 -0.8962 0.0439 0.2439 -0.9007 0.0298 0.2578 -0.9101 0.0182 0.2688 -0.9223 0.0074 0.2786 -0.9194 0.0248 0.2611
123.0 -0.9689 0.0225 0.2585 -0.892 0.0451 0.2431 -0.8983 0.0412 0.2464 -0.9049 0.0336 0.2536 -0.9114 0.0254 0.2613 -0.9178 0.0166 0.2697 -0.8985 0.0424 0.2452 -0.9015 0.0291 0.2584 -0.9083 0.0178 0.2693 -0.918 0.008 0.2784 -0.9191 0.024 0.262
124.0 -0.9673 0.0233 0.2579 -0.8814 0.0551 0.2339 -0.9005 0.0433 0.244 -0.9101 0.0329 0.2538 -0.9157 0.0248 0.2615 -0.9247 0.0162 0.2693 -0.8946 0.035 0.2532 -0.9008 0.0201 0.2678 -0.9114 0.0101 0.2769 -0.9232 0.0024 0.2836 -0.9195 0.0182 0.2679
125.0 -0.9681 0.0226 0.2585 -0.8828 0.0579 0.2308 -0.9003 0.0421 0.2453 -0.9101 0.0329 0.2538 -0.9183 0.0244 0.2616 -0.9263 0.0148 0.2706 -0.8957 0.036 0.252 -0.9019 0.0211 0.2666 -0.9131 0.0099 0.277 -0.9248 0.0016 0.2843 -0.9207 0.0182 0.2677
126.0 -0.9691 0.0231 0.2579 -0.8821 0.0592 0.2296 -0.9011 0.042 0.2453 -0.9135 0.0324 0.2539 -0.9191 0.0243 0.2616 -0.9274 0.0165 0.2688 -0.8931 0.0364 0.2519 -0.8984 0.0216 0.2664 -0.9097 0.0109 0.2762 -0.9216 0.0032 0.2829 -0.9184 0.019 0.2671
127.0 -0.9699 0.023 0.258 -0.8814 0.0599 0.2289 -0.9031 0.0436 0.2435 -0.9129 0.0337 0.2526 -0.9202 0.0254 0.2604 -0.9291 0.0162 0.2689 -0.8926 0.0334 0.255 -0.8997 0.019 0.269 -0.9129 0.0087 0.2782 -0.9257 0.0014 0.2843 -0.9201 0.0171 0.2689
128.0 -0.9695 0.0206 0.2604 -0.8822 0.0598 0.229 -0.903 0.043 0.2441 -0.9121 0.0344 0.252 -0.9194 0.0261 0.2597 -0.9276 0.0177 0.2676 -0.8946 0.035 0.2532 -0.9009 0.0207 0.2671 -0.9115 0.0107 0.2763 -0.9233 0.003 0.283 -0.9199 0.018 0.268
129.0 -0.9701 0.0193 0.2617 -0.8824 0.0604 0.2283 -0.8998 0.0446 0.2427 -0.9106 0.0358 0.2507 -0.9189 0.028 0.2579 -0.9261 0.0191 0.2662 -0.8952 0.0336 0.2544 -0.9016 0.02 0.2678 -0.9132 0.0105 0.2764 -0.9243 0.0035 0.2824 -0.9209 0.0174 0.2685
130.0 -0.9712 0.0203 0.2605 -0.8805 0.0601 0.2289 -0.9005 0.0433 0.244 -0.913 0.0343 0.252 -0.9176 0.0257 0.2603 -0.9264 0.0154 0.27 -0.8992 0.0362 0.2515 -0.9045 0.0214 0.266 -0.915 0.0108 0.2758 -0.9259 0.0026 0.2831 -0.9232 0.0183 0.2674
131.0 -0.971 0.0191 0.2617 -0.8769 0.0593 0.23 -0.898 0.0443 0.2433 -0.9104 0.0347 0.2519 -0.915 0.0261 0.2602 -0.923 0.0165 0.2693 -0.8991 0.0356 0.2521 -0.9045 0.0214 0.266 -0.9142 0.0115 0.2752 -0.9244 0.0041 0.2818 -0.9227 0.0183 0.2674
132.0 -0.9704 0.0204 0.2605 -0.877 0.0599 0.2294 -0.8933 0.0425 0.2456 -0.9113 0.0351 0.2513 -0.9151 0.0267 0.2596 -0.9225 0.0184 0.2674 -0.8982 0.0357 0.2521 -0.9028 0.0216 0.266 -0.9124 0.0112 0.2757 -0.9225 0.0037 0.2823 -0.9213 0.0185 0.2673
133.0 -0.9898 0.0111 0.2681 -0.892 0.05 0.2381 -0.8764 0.0313 0.2587 -0.8863 0.0275 0.2616 -0.8911 0.0201 0.2686 -0.8985 0.0118 0.2764 -0.9196 0.0273 0.2585 -0.9225 0.0135 0.2724 -0.9296 0.004 0.2814 -0.9381 -0.0027 0.2873 -0.94 0.0106 0.2735
134.0 -0.9939 0.0093 0.2695 -0.8956 0.0458 0.242 -0.8778 0.0293 0.2606 -0.8864 0.0232 0.266 -0.8931 0.0162 0.2725 -0.9015 0.009 0.279 -0.9237 0.0255 0.2599 -0.9273 0.011 0.2744 -0.9336 0.0016 0.2834 -0.943 -0.0052 0.2894 -0.9443 0.0084 0.2753
135.0 -1.0045 0.0042 0.2737 -0.9016 0.045 0.2422 -0.8815 0.0257 0.2639 -0.8891 0.0186 0.2704 -0.8959 0.0122 0.2763 -0.9059 0.0041 0.2836 -0.9318 0.0214 0.2633 -0.9346 0.007 0.2778 -0.9408 -0.0024 0.2868 -0.9494 -0.0085 0.2921 -0.9522 0.0043 0.2788
136.0 -1.0127 0.0013 0.2759 -0.9073 0.0424 0.2443 -0.8858 0.0251 0.2641 -0.8931 0.0162 0.2725 -0.9016 0.0096 0.2784 -0.9116 0.0015 0.2857 -0.9383 0.0181 0.2661 -0.941 0.0036 0.2806 -0.9473 -0.0058 0.2896 -0.9551 -0.0111 0.2942 -0.9589 0.0012 0.2813
137.0 -1.021 -0.0017 0.278 -0.9123 0.0405 0.2457 -0.8905 0.0215 0.2674 -0.8971 0.0139 0.2745 -0.9057 0.0078 0.2798 -0.9181 -0.0018 0.2884 -0.9443 0.0173 0.2663 -0.947 0.0028 0.2808 -0.9533 -0.0066 0.2898 -0.9611 -0.0125 0.2951 -0.9653 -0.0001 0.282
138.0 -1.0304 -0.0035 0.279 -0.9187 0.0372 0.2485 -0.897 0.0187 0.2695 -0.9029 0.0118 0.276 -0.9105 0.0053 0.2819 -0.923 -0.0037 0.2899 -0.9517 0.0144 0.2685 -0.9543 -0.0006 0.2836 -0.9606 -0.01 0.2926 -0.9685 -0.0153 0.2972 -0.9731 -0.003 0.2842
139.0 -1.0356 -0.0036 0.2786 -0.9255 0.0357 0.2494 -0.901 0.0164 0.2715 -0.9102 0.0084 0.2787 -0.9186 0.0012 0.2853 -0.9303 -0.0071 0.2926 -0.9584 0.0123 0.27 -0.9619 -0.0028 0.2851 -0.9681 -0.0122 0.2941 -0.976 -0.0176 0.2988 -0.98 -0.0048 0.2853
140.0 -1.0449 -0.0061 0.2802 -0.9347 0.0326 0.2516 -0.9085 0.0141 0.2731 -0.9162 0.0076 0.279 -0.9235 -0.0007 0.2868 -0.9354 -0.0084 0.2935 -0.9693 0.0096 0.2717 -0.9712 -0.0047 0.2861 -0.9758 -0.0139 0.295 -0.9828 -0.0191 0.2997 -0.9888 -0.0068 0.2865
141.0 -1.0543 -0.0074 0.2806 -0.9422 0.0304 0.2531 -0.9177 0.0111 0.2753 -0.9208 0.0039 0.2823 -0.9293 -0.0027 0.2882 -0.9429 -0.0107 0.295 -0.9778 0.0078 0.2726 -0.9796 -0.0071 0.2877 -0.9842 -0.0162 0.2966 -0.9912 -0.0215 0.3012 -0.9974 -0.0089 0.2877
142.0 -1.0661 -0.0102 0.2823 -0.9524 0.0284 0.2542 -0.9258 0.0124 0.2731 -0.932 0.0024 0.2827 -0.9404 -0.0048 0.2893 -0.9532 -0.0121 0.2954 -0.988 0.0058 0.2736 -0.9908 -0.0086 0.2881 -0.9962 -0.0179 0.2971 -1.0023 -0.023 0.3017 -1.0087 -0.0107 0.2886
143.0 -1.0802 -0.0103 0.281 -0.9654 0.0272 0.254 -0.935 0.0093 0.2753 -0.9385 -0.0009 0.2855 -0.9461 -0.0074 0.2914 -0.9601 -0.013 0.2957 -1.0017 0.0034 0.2748 -1.0027 -0.0108 0.2892 -1.0074 -0.0194 0.2975 -1.0127 -0.0238 0.3015 -1.0209 -0.0122 0.2888
144.0 -1.0908 -0.0099 0.2795 -0.9781 0.0243 0.2558 -0.948 0.0082 0.2752 -0.9499 -0.0006 0.284 -0.9592 -0.008 0.2906 -0.9758 -0.0139 0.295 -1.0131 0.0031 0.274 -1.0149 -0.0112 0.2884 -1.0205 -0.0199 0.2968 -1.0258 -0.0243 0.3007 -1.033 -0.0124 0.2879
145.0 -1.1898 -0.0025 0.2621 -1.0845 0.0295 0.2399 -1.0508 0.0175 0.2555 -1.0484 0.0093 0.2641 -1.057 0.0027 0.2701 -1.0709 -0.0029 0.2744 -1.1192 0.0114 0.255 -1.1171 -0.0006 0.2674 -1.1193 -0.0082 0.275 -1.1231 -0.0118 0.2783 -1.1337 -0.0023 0.2675
146.0 -1.1946 -4.838e-05 0.2592 -1.0946 0.0318 0.2366 -1.0611 0.021 0.2509 -1.0611 0.0113 0.2609 -1.0689 0.0053 0.2662 -1.081 -0.0006 0.271 -1.1247 0.0124 0.2533 -1.1243 0.0003 0.2658 -1.1266 -0.0067 0.2728 -1.1304 -0.0097 0.2754 -1.1401 -0.0008 0.2653
147.0 -1.2027 0.0007 0.2576 -1.1045 0.0329 0.2344 -1.0725 0.0213 0.2494 -1.0722 0.014 0.2569 -1.08 0.0087 0.2616 -1.0914 0.0035 0.2658 -1.1362 0.0133 0.2513 -1.1351 0.0019 0.2631 -1.1367 -0.0044 0.2694 -1.1404 -0.008 0.2727 -1.1502 0.0007 0.2628
148.0 -1.2126 0.0024 0.2549 -1.1134 0.0335 0.2329 -1.0807 0.0227 0.2473 -1.0805 0.0166 0.2535 -1.0884 0.0112 0.2582 -1.1016 0.0064 0.2618 -1.146 0.0138 0.2498 -1.144 0.0025 0.2616 -1.1457 -0.0032 0.2673 -1.1495 -0.0062 0.2699 -1.1596 0.0019 0.2607
149.0 -1.2216 0.0036 0.2527 -1.1241 0.0345 0.2308 -1.089 0.0246 0.2445 -1.0879 0.0186 0.2507 -1.0965 0.0126 0.256 -1.1104 0.0064 0.2609 -1.1576 0.0147 0.2477 -1.1566 0.0039 0.2589 -1.1583 -0.0013 0.264 -1.1614 -0.0035 0.266 -1.1711 0.0035 0.2579
150.0 -1.2343 0.0056 0.2495 -1.1348 0.0349 0.2294 -1.1007 0.0261 0.2418 -1.0969 0.0199 0.2485 -1.1054 0.0132 0.2545 -1.1223 0.0091 0.257 -1.1677 0.017 0.2444 -1.1668 0.0068 0.255 -1.1684 0.001 0.2606 -1.1724 -0.0013 0.2627 -1.1819 0.0058 0.2544
151.0 -1.2444 0.0079 0.2461 -1.149 0.036 0.2268 -1.1139 0.0261 0.2404 -1.1099 0.0236 0.2434 -1.1187 0.0187 0.2475 -1.1355 0.014 0.2506 -1.1816 0.0164 0.2437 -1.1803 0.0086 0.2517 -1.1815 0.0054 0.2549 -1.185 0.0055 0.2544 -1.1946 0.0088 0.2502
152.0 -1.2536 0.0103 0.2427 -1.1606 0.0369 0.2248 -1.1249 0.0289 0.2365 -1.1227 0.0262 0.2395 -1.1291 0.0228 0.2423 -1.1418 0.0199 0.244 -1.1926 0.0185 0.2404 -1.1905 0.0115 0.2478 -1.1907 0.0078 0.2515 -1.1922 0.0064 0.2528 -1.2039 0.0109 0.247
153.0 -1.2693 0.0143 0.2371 -1.1741 0.0388 0.2215 -1.1392 0.03 0.2339 -1.1349 0.0306 0.2337 -1.1432 0.0277 0.2359 -1.1558 0.0247 0.2377 -1.2069 0.0197 0.2378 -1.2048 0.0132 0.2446 -1.2053 0.0107 0.2471 -1.207 0.0105 0.2472 -1.2187 0.0137 0.2427
154.0 -1.2795 0.0178 0.2325 -1.1862 0.0426 0.2164 -1.1503 0.0383 0.2244 -1.151 0.037 0.2256 -1.1605 0.0363 0.2254 -1.1678 0.0329 0.2282 -1.2166 0.0202 0.2363 -1.2156 0.0142 0.2425 -1.2153 0.0124 0.2444 -1.2163 0.0135 0.2431 -1.2287 0.0156 0.2398
155.0 -1.2922 0.0198 0.2292 -1.1983 0.0459 0.2118 -1.1626 0.0434 0.218 -1.1634 0.0426 0.2186 -1.1728 0.0414 0.219 -1.1821 0.0389 0.2206 -1.2278 0.0236 0.2317 -1.2268 0.0182 0.2373 -1.2268 0.0182 0.2373 -1.2273 0.0206 0.2348 -1.2402 0.0201 0.2341
155.0 -1.2922 0.0198 0.2292 -1.1983 0.0459 0.2118 -1.1626 0.0434 0.218 -1.1634 0.0426 0.2186 -1.1728 0.0414 0.219 -1.1821 0.0389 0.2206 -1.2278 0.0236 0.2317 -1.2268 0.0182 0.2373 -1.2268 0.0182 0.2373 -1.2273 0.0206 0.2348 -1.2402 0.0201 0.2341
157.0 -1.3167 0.0342 0.2121 -1.2259 0.0531 0.2017 -1.1874 0.059 0.1996 -1.1846 0.0581 0.2007 -1.1914 0.0572 0.201 -1.2034 0.055 0.2021 -1.2471 0.0387 0.2144 -1.2469 0.0375 0.2156 -1.2486 0.0372 0.2157 -1.2508 0.0394 0.2133 -1.262 0.0374 0.2142
157.0 -1.3167 0.0342 0.2121 -1.2259 0.0531 0.2017 -1.1874 0.059 0.1996 -1.1846 0.0581 0.2007 -1.1914 0.0572 0.201 -1.2034 0.055 0.2021 -1.2471 0.0387 0.2144 -1.2469 0.0375 0.2156 -1.2486 0.0372 0.2157 -1.2508 0.0394 0.2133 -1.262 0.0374 0.2142
157.0 -1.3167 0.0342 0.2121 -1.2259 0.0531 0.2017 -1.1874 0.059 0.1996 -1.1846 0.0581 0.2007 -1.1914 0.0572 0.201 -1.2034 0.055 0.2021 -1.2471 0.0387 0.2144 -1.2469 0.0375 0.2156 -1.2486 0.0372 0.2157 -1.2508 0.0394 0.2133 -1.262 0.0374 0.2142
157.0 -1.3167 0.0342 0.2121 -1.2259 0.0531 0.2017 -1.1874 0.059 0.1996 -1.1846 0.0581 0.2007 -1.1914 0.0572 0.201 -1.2034 0.055 0.2021 -1.2471 0.0387 0.2144 -1.2469 0.0375 0.2156 -1.2486 0.0372 0.2157 -1.2508 0.0394 0.2133 -1.262 0.0374 0.2142
157.0 -1.3167 0.0342 0.2121 -1.2259 0.0531 0.2017 -1.1874 0.059 0.1996 -1.1846 0.0581 0.2007 -1.1914 0.0572 0.201 -1.2034 0.055 0.2021 -1.2471 0.0387 0.2144 -1.2469 0.0375 0.2156 -1.2486 0.0372 0.2157 -1.2508 0.0394 0.2133 -1.262 0.0374 0.2142
157.0 -1.3167 0.0342 0.2121 -1.2259 0.0531 0.2017 -1.1874 0.059 0.1996 -1.1846 0.0581 0.2007 -1.1914 0.0572 0.201 -1.2034 0.055 0.2021 -1.2471 0.0387 0.2144 -1.2469 0.0375 0.2156 -1.2486 0.0372 0.2157 -1.2508 0.0394 0.2133 -1.262 0.0374 0.2142
157.0 -1.3167 0.0342 0.2121 -1.2259 0.0531 0.2017 -1.1874 0.059 0.1996 -1.1846 0.0581 0.2007 -1.1914 0.0572 0.201 -1.2034 0.055 0.2021 -1.2471 0.0387 0.2144 -1.2469 0.0375 0.2156 -1.2486 0.0372 0.2157 -1.2508 0.0394 0.2133 -1.262 0.0374 0.2142
157.0 -1.3167 0.0342 0.2121 -1.2259 0.0531 0.2017 -1.1874 0.059 0.1996 -1.1846 0.0581 0.2007 -1.1914 0.0572 0.201 -1.2034 0.055 0.2021 -1.2471 0.0387 0.2144 -1.2469 0.0375 0.2156 -1.2486 0.0372 0.2157 -1.2508 0.0394 0.2133 -1.262 0.0374 0.2142
157.0 -1.3167 0.0342 0.2121 -1.2259 0.0531 0.2017 -1.1874 0.059 0.1996 -1.1846 0.0581 0.2007 -1.1914 0.0572 0.201 -1.2034 0.055 0.2021 -1.2471 0.0387 0.2144 -1.2469 0.0375 0.2156 -1.2486 0.0372 0.2157 -1.2508 0.0394 0.2133 -1.262 0.0374 0.2142
157.0 -1.3167 0.0342 0.2121 -1.2259 0.0531 0.2017 -1.1874 0.059 0.1996 -1.1846 0.0581 0.2007 -1.1914 0.0572 0.201 -1.2034 0.055 0.2021 -1.2471 0.0387 0.2144 -1.2469 0.0375 0.2156 -1.2486 0.0372 0.2157 -1.2508 0.0394 0.2133 -1.262 0.0374 0.2142
157.0 -1.3167 0.0342 0.2121 -1.2259 0.0531 0.2017 -1.1874 0.059 0.1996 -1.1846 0.0581 0.2007 -1.1914 0.0572 0.201 -1.2034 0.055 0.2021 -1.2471 0.0387 0.2144 -1.2469 0.0375 0.2156 -1.2486 0.0372 0.2157 -1.2508 0.0394 0.2133 -1.262 0.0374 0.2142
157.0 -1.3167 0.0342 0.2121 -1.2259 0.0531 0.2017 -1.1874 0.059 0.1996 -1.1846 0.0581 0.2007 -1.1914 0.0572 0.201 -1.2034 0.055 0.2021 -1.2471 0.0387 0.2144 -1.2469 0.0375 0.2156 -1.2486 0.0372 0.2157 -1.2508 0.0394 0.2133 -1.262 0.0374 0.2142
157.0 -1.3167 0.0342 0.2121 -1.2259 0.0531 0.2017 -1.1874 0.059 0.1996 -1.1846 0.0581 0.2007 -1.1914 0.0572 0.201 -1.2034 0.055 0.2021 -1.2471 0.0387 0.2144 -1.2469 0.0375 0.2156 -1.2486 0.0372 0.2157 -1.2508 0.0394 0.2133 -1.262 0.0374 0.2142
157.0 -1.3167 0.0342 0.2121 -1.2259 0.0531 0.2017 -1.1874 0.059 0.1996 -1.1846 0.0581 0.2007 -1.1914 0.0572 0.201 -1.2034 0.055 0.2021 -1.2471 0.0387 0.2144 -1.2469 0.0375 0.2156 -1.2486 0.0372 0.2157 -1.2508 0.0394 0.2133 -1.262 0.0374 0.2142
157.0 -1.3167 0.0342 0.2121 -1.2259 0.0531 0.2017 -1.1874 0.059 0.1996 -1.1846 0.0581 0.2007 -1.1914 0.0572 0.201 -1.2034 0.055 0.2021 -1.2471 0.0387 0.2144 -1.2469 0.0375 0.2156 -1.2486 0.0372 0.2157 -1.2508 0.0394 0.2133 -1.262 0.0374 0.2142
157.0 -1.3167 0.0342 0.2121 -1.2259 0.0531 0.2017 -1.1874 0.059 0.1996 -1.1846 0.0581 0.2007 -1.1914 0.0572 0.201 -1.2034 0.055 0.2021 -1.2471 0.0387 0.2144 -1.2469 0.0375 0.2156 -1.2486 0.0372 0.2157 -1.2508 0.0394 0.2133 -1.262 0.0374 0.2142
157.0 -1.3167 0.0342 0.2121 -1.2259 0.0531 0.2017 -1.1874 0.059 0.1996 -1.1846 0.0581 0.2007 -1.1914 0.0572 0.201 -1.2034 0.055 0.2021 -1.2471 0.0387 0.2144 -1.2469 0.0375 0.2156 -1.2486 0.0372 0.2157 -1.2508 0.0394 0.2133 -1.262 0.0374 0.2142
157.0 -1.3167 0.0342 0.2121 -1.2259 0.0531 0.2017 -1.1874 0.059 0.1996 -1.1846 0.0581 0.2007 -1.1914 0.0572 0.201 -1.2034 0.055 0.2021 -1.2471 0.0387 0.2144 -1.2469 0.0375 0.2156 -1.2486 0.0372 0.2157 -1.2508 0.0394 0.2133 -1.262 0.0374 0.2142
157.0 -1.3167 0.0342 0.2121 -1.2259 0.0531 0.2017 -1.1874 0.059 0.1996 -1.1846 0.0581 0.2007 -1.1914 0.0572 0.201 -1.2034 0.055 0.2021 -1.2471 0.0387 0.2144 -1.2469 0.0375 0.2156 -1.2486 0.0372 0.2157 -1.2508 0.0394 0.2133 -1.262 0.0374 0.2142
157.0 -1.3167 0.0342 0.2121 -1.2259 0.0531 0.2017 -1.1874 0.059 0.1996 -1.1846 0.0581 0.2007 -1.1914 0.0572 0.201 -1.2034 0.055 0.2021 -1.2471 0.0387 0.2144 -1.2469 0.0375 0.2156 -1.2486 0.0372 0.2157 -1.2508 0.0394 0.2133 -1.262 0.0374 0.2142
157.0 -1.3167 0.0342 0.2121 -1.2259 0.0531 0.2017 -1.1874 0.059 0.1996 -1.1846 0.0581 0.2007 -1.1914 0.0572 0.201 -1.2034 0.055 0.2021 -1.2471 0.0387 0.2144 -1.2469 0.0375 0.2156 -1.2486 0.0372 0.2157 -1.2508 0.0394 0.2133 -1.262 0.0374 0.2142
157.0 -1.3167 0.0342 0.2121 -1.2259 0.0531 0.2017 -1.1874 0.059 0.1996 -1.1846 0.0581 0.2007 -1.1914 0.0572 0.201 -1.2034 0.055 0.2021 -1.2471 0.0387 0.2144 -1.2469 0.0375 0.2156 -1.2486 0.0372 0.2157 -1.2508 0.0394 0.2133 -1.262 0.0374 0.2142
157.0 -1.3167 0.0342 0.2121 -1.2259 0.0531 0.2017 -1.1874 0.059 0.1996 -1.1846 0.0581 0.2007 -1.1914 0.0572 0.201 -1.2034 0.055 0.2021 -1.2471 0.0387 0.2144 -1.2469 0.0375 0.2156 -1.2486 0.0372 0.2157 -1.2508 0.0394 0.2133 -1.262 0.0374 0.2142
157.0 -1.3167 0.0342 0.2121 -1.2259 0.0531 0.2017 -1.1874 0.059 0.1996 -1.1846 0.0581 0.2007 -1.1914 0.0572 0.201 -1.2034 0.055 0.2021 -1.2471 0.0387 0.2144 -1.2469 0.0375 0.2156 -1.2486 0.0372 0.2157 -1.2508 0.0394 0.2133 -1.262 0.0374 0.2142
157.0 -1.3167 0.0342 0.2121 -1.2259 0.0531 0.2017 -1.1874 0.059 0.1996 -1.1846 0.0581 0.2007 -1.1914 0.0572 0.201 -1.2034 0.055 0.2021 -1.2471 0.0387 0.2144 -1.2469 0.0375 0.2156 -1.2486 0.0372 0.2157 -1.2508 0.0394 0.2133 -1.262 0.0374 0.2142
157.0 -1.3167 0.0342 0.2121 -1.2259 0.0531 0.2017 -1.1874 0.059 0.1996 -1.1846 0.0581 0.2007 -1.1914 0.0572 0.201 -1.2034 0.055 0.2021 -1.2471 0.0387 0.2144 -1.2469 0.0375 0.2156 -1.2486 0.0372 0.2157 -1.2508 0.0394 0.2133 -1.262 0.0374 0.2142
157.0 -1.3167 0.0342 0.2121 -1.2259 0.0531 0.2017 -1.1874 0.059 0.1996 -1.1846 0.0581 0.2007 -1.1914 0.0572 0.201 -1.2034 0.055 0.2021 -1.2471 0.0387 0.2144 -1.2469 0.0375 0.2156 -1.2486 0.0372 0.2157 -1.2508 0.0394 0.2133 -1.262 0.0374 0.2142
157.0 -1.3167 0.0342 0.2121 -1.2259 0.0531 0.2017 -1.1874 0.059 0.1996 -1.1846 0.0581 0.2007 -1.1914 0.0572 0.201 -1.2034 0.055 0.2021 -1.2471 0.0387 0.2144 -1.2469 0.0375 0.2156 -1.2486 0.0372 0.2157 -1.2508 0.0394 0.2133 -1.262 0.0374 0.2142
157.0 -1.3167 0.0342 0.2121 -1.2259 0.0531 0.2017 -1.1874 0.059 0.1996 -1.1846 0.0581 0.2007 -1.1914 0.0572 0.201 -1.2034 0.055 0.2021 -1.2471 0.0387 0.2144 -1.2469 0.0375 0.2156 -1.2486 0.0372 0.2157 -1.2508 0.0394 0.2133 -1.262 0.0374 0.2142
157.0 -1.3167 0.0342 0.2121 -1.2259 0.0531 0.2017 -1.1874 0.059 0.1996 -1.1846 0.0581 0.2007 -1.1914 0.0572 0.201 -1.2034 0.055 0.2021 -1.2471 0.0387 0.2144 -1.2469 0.0375 0.2156 -1.2486 0.0372 0.2157 -1.2508 0.0394 0.2133 -1.262 0.0374 0.2142
157.0 -1.3167 0.0342 0.2121 -1.2259 0.0531 0.2017 -1.1874 0.059 0.1996 -1.1846 0.0581 0.2007 -1.1914 0.0572 0.201 -1.2034 0.055 0.2021 -1.2471 0.0387 0.2144 -1.2469 0.0375 0.2156 -1.2486 0.0372 0.2157 -1.2508 0.0394 0.2133 -1.262 0.0374 0.2142
157.0 -1.3167 0.0342 0.2121 -1.2259 0.0531 0.2017 -1.1874 0.059 0.1996 -1.1846 0.0581 0.2007 -1.1914 0.0572 0.201 -1.2034 0.055 0.2021 -1.2471 0.0387 0.2144 -1.2469 0.0375 0.2156 -1.2486 0.0372 0.2157 -1.2508 0.0394 0.2133 -1.262 0.0374 0.2142
