1.0 -1.1103 0.0859 0.1797 -1.0657 0.0723 0.198 -0.9988 0.0972 0.1791 -0.9867 0.1135 0.1637 -0.9943 0.1217 0.1546 -1.0171 0.1265 0.1474 -1.0572 0.0796 0.1914 -1.0541 0.0916 0.1794 -1.0566 0.101 0.1695 -1.0624 0.1088 0.161 -1.0681 0.0934 0.1762
2.0 -1.1114 0.0875 0.1779 -1.0657 0.0723 0.198 -0.9989 0.0978 0.1785 -0.9867 0.1135 0.1637 -0.9935 0.1224 0.1539 -1.0172 0.1271 0.1467 -1.0581 0.0795 0.1914 -1.0549 0.0915 0.1794 -1.0566 0.101 0.1695 -1.0624 0.1088 0.161 -1.0687 0.0937 0.1758
3.0 -1.1132 0.0879 0.1773 -1.0633 0.0739 0.1966 -0.9973 0.0987 0.1778 -0.9859 0.1142 0.163 -0.9935 0.1224 0.1539 -1.0181 0.127 0.1468 -1.0565 0.0803 0.1907 -1.0533 0.0923 0.1788 -1.0559 0.1017 0.1689 -1.0625 0.1094 0.1604 -1.0683 0.0943 0.1752
4.0 -1.1107 0.0882 0.1772 -1.0684 0.0732 0.1968 -0.9981 0.0985 0.1779 -0.9868 0.1141 0.1631 -0.9926 0.1225 0.1539 -1.0162 0.1266 0.1473 -1.0572 0.0796 0.1914 -1.0549 0.0915 0.1794 -1.0566 0.101 0.1695 -1.0625 0.1094 0.1604 -1.0684 0.0939 0.1756
5.0 -1.1088 0.0879 0.1778 -1.0617 0.0747 0.1959 -0.9982 0.0991 0.1772 -0.9852 0.115 0.1624 -0.9919 0.1232 0.1533 -1.0157 0.1285 0.1454 -1.0548 0.0805 0.1907 -1.0525 0.0924 0.1787 -1.0541 0.102 0.1688 -1.06 0.1104 0.1596 -1.066 0.0946 0.1751
6.0 -1.1107 0.0882 0.1772 -1.0627 0.0758 0.1947 -0.9975 0.0999 0.1766 -0.9869 0.1147 0.1624 -0.9928 0.1237 0.1527 -1.0182 0.1276 0.1462 -1.0558 0.0816 0.1895 -1.0535 0.0935 0.1775 -1.0561 0.1029 0.1676 -1.0627 0.1106 0.1591 -1.0678 0.0954 0.1742
7.0 -1.1079 0.0874 0.1784 -1.0663 0.0759 0.1942 -0.9983 0.0997 0.1766 -0.987 0.1153 0.1618 -0.9937 0.1236 0.1527 -1.0164 0.1278 0.1461 -1.0557 0.081 0.1901 -1.0526 0.093 0.1781 -1.0551 0.1025 0.1682 -1.0608 0.1096 0.1603 -1.0664 0.0947 0.175
8.0 -1.1097 0.0878 0.1778 -1.0619 0.0759 0.1947 -0.9966 0.1 0.1766 -0.9862 0.116 0.1612 -0.9946 0.1235 0.1527 -1.0172 0.1271 0.1467 -1.0557 0.081 0.1901 -1.0534 0.0929 0.1781 -1.0551 0.1025 0.1682 -1.0617 0.1101 0.1597 -1.0671 0.0949 0.1748
9.0 -1.1077 0.0862 0.1796 -1.066 0.0741 0.1961 -0.996 0.1013 0.1753 -0.9854 0.1162 0.1611 -0.9938 0.1242 0.1521 -1.0164 0.1278 0.1461 -1.0549 0.0811 0.1901 -1.0526 0.093 0.1781 -1.0542 0.1026 0.1682 -1.0599 0.1098 0.1603 -1.0659 0.0945 0.1752
10.0 -1.1095 0.0866 0.1791 -1.0611 0.0766 0.194 -0.9967 0.1006 0.1759 -0.9854 0.1162 0.1611 -0.9936 0.123 0.1533 -1.0155 0.1274 0.1467 -1.0557 0.081 0.1901 -1.0535 0.0935 0.1775 -1.0552 0.1031 0.1676 -1.0609 0.1102 0.1597 -1.067 0.0949 0.1748
11.0 -1.1101 0.0853 0.1803 -1.0577 0.0771 0.1939 -0.996 0.1013 0.1753 -0.9854 0.1162 0.1611 -0.9938 0.1242 0.1521 -1.0154 0.1268 0.1473 -1.0549 0.0811 0.1901 -1.0526 0.093 0.1781 -1.056 0.1023 0.1682 -1.0616 0.1095 0.1603 -1.067 0.0943 0.1754
12.0 -1.1095 0.0866 0.1791 -1.0619 0.0759 0.1947 -0.996 0.1013 0.1753 -0.9854 0.1162 0.1611 -0.9921 0.1244 0.152 -1.0147 0.1281 0.146 -1.055 0.0817 0.1894 -1.0517 0.0931 0.1781 -1.0542 0.1026 0.1682 -1.0609 0.1102 0.1597 -1.0663 0.0948 0.1749
13.0 -1.1085 0.0861 0.1796 -1.0604 0.0773 0.1934 -0.9961 0.1019 0.1747 -0.9854 0.1162 0.1611 -0.9922 0.125 0.1514 -1.0141 0.1294 0.1448 -1.055 0.0817 0.1894 -1.0519 0.0943 0.1768 -1.0545 0.1038 0.1669 -1.0601 0.1109 0.159 -1.066 0.0954 0.1744
14.0 -1.108 0.088 0.1777 -1.0627 0.0758 0.1947 -0.9968 0.1012 0.1753 -0.9854 0.1162 0.1611 -0.9912 0.1245 0.152 -1.0148 0.1287 0.1454 -1.0558 0.0816 0.1895 -1.0527 0.0936 0.1775 -1.0543 0.1032 0.1675 -1.06 0.1104 0.1596 -1.0662 0.0953 0.1744
15.0 -1.1096 0.0872 0.1784 -1.0627 0.0758 0.1947 -0.9969 0.1018 0.1747 -0.9847 0.1175 0.1599 -0.9923 0.1256 0.1508 -1.0157 0.1285 0.1454 -1.0541 0.0818 0.1894 -1.0518 0.0937 0.1774 -1.0535 0.1033 0.1675 -1.06 0.1104 0.1596 -1.0658 0.0953 0.1745
16.0 -1.1069 0.0869 0.179 -1.0675 0.0776 0.1924 -0.997 0.1024 0.1741 -0.9847 0.1175 0.1599 -0.9922 0.125 0.1514 -1.0157 0.1285 0.1454 -1.0541 0.0818 0.1894 -1.0518 0.0937 0.1774 -1.0534 0.1027 0.1681 -1.0599 0.1098 0.1603 -1.0652 0.095 0.1748
17.0 -1.1054 0.0883 0.1776 -1.0638 0.0769 0.1935 -0.996 0.1013 0.1753 -0.9847 0.1175 0.1599 -0.9914 0.1257 0.1507 -1.0149 0.1293 0.1448 -1.0543 0.083 0.1882 -1.0511 0.0945 0.1768 -1.0536 0.1039 0.1669 -1.0593 0.1111 0.159 -1.0647 0.0962 0.1737
18.0 -1.1136 0.0897 0.1755 -1.0609 0.0754 0.1953 -0.996 0.1013 0.1753 -0.9838 0.117 0.1604 -0.9913 0.1251 0.1514 -1.0158 0.1291 0.1448 -1.0568 0.0821 0.1889 -1.0528 0.0942 0.1769 -1.0545 0.1038 0.1669 -1.0612 0.112 0.1578 -1.0678 0.0964 0.1732
19.0 -1.1086 0.0867 0.179 -1.0605 0.0779 0.1928 -0.9942 0.1015 0.1752 -0.9839 0.1176 0.1598 -0.9913 0.1251 0.1514 -1.015 0.1299 0.1442 -1.0556 0.0804 0.1907 -1.0534 0.0929 0.1781 -1.0552 0.1031 0.1676 -1.061 0.1108 0.1591 -1.0668 0.0948 0.1749
20.0 -1.1115 0.0881 0.1773 -1.0602 0.0761 0.1946 -0.9959 0.1007 0.1759 -0.9836 0.1164 0.1611 -0.9904 0.1246 0.152 -1.0133 0.1301 0.1441 -1.0558 0.0816 0.1895 -1.0527 0.0936 0.1775 -1.0536 0.1039 0.1669 -1.0594 0.1117 0.1584 -1.0666 0.0958 0.1739
21.0 -1.1085 0.0861 0.1796 -1.0617 0.0747 0.1959 -0.9959 0.1007 0.1759 -0.983 0.1177 0.1598 -0.9905 0.1252 0.1513 -1.0132 0.1295 0.1447 -1.054 0.0812 0.19 -1.0519 0.0943 0.1768 -1.0537 0.1045 0.1663 -1.0595 0.1123 0.1578 -1.0655 0.0957 0.1741
22.0 -1.1088 0.0879 0.1778 -1.0612 0.0772 0.1934 -0.9951 0.1014 0.1752 -0.983 0.1177 0.1598 -0.9896 0.1254 0.1513 -1.0133 0.1301 0.1441 -1.054 0.0812 0.19 -1.051 0.0939 0.1774 -1.0527 0.104 0.1669 -1.0585 0.1118 0.1583 -1.065 0.0957 0.1741
23.0 -1.1052 0.0871 0.1789 -1.0585 0.077 0.1939 -0.9935 0.1022 0.1746 -0.983 0.1177 0.1598 -0.9897 0.1259 0.1507 -1.0132 0.1295 0.1447 -1.0506 0.0817 0.1899 -1.0483 0.0936 0.1779 -1.0508 0.103 0.168 -1.0575 0.1113 0.1589 -1.0625 0.0954 0.1747
24.0 -1.1087 0.0873 0.1784 -1.06 0.0749 0.1959 -0.9952 0.102 0.1746 -0.983 0.1177 0.1598 -0.9905 0.1252 0.1513 -1.0124 0.1296 0.1447 -1.0534 0.0825 0.1887 -1.0502 0.0946 0.1768 -1.0527 0.104 0.1669 -1.0584 0.1112 0.159 -1.0647 0.0959 0.1739
25.0 -1.1017 0.087 0.1794 -1.0644 0.0749 0.1954 -0.9935 0.1022 0.1746 -0.983 0.1177 0.1598 -0.9905 0.1252 0.1513 -1.0139 0.1282 0.146 -1.0499 0.083 0.1886 -1.0484 0.0942 0.1773 -1.0509 0.1036 0.1674 -1.0574 0.1107 0.1595 -1.0617 0.0957 0.1745
26.0 -1.107 0.0875 0.1783 -1.0576 0.0765 0.1945 -0.9943 0.1021 0.1746 -0.983 0.1177 0.1598 -0.9897 0.1259 0.1507 -1.0124 0.1296 0.1447 -1.0524 0.0821 0.1893 -1.0502 0.0946 0.1768 -1.0527 0.104 0.1669 -1.0594 0.1117 0.1584 -1.0643 0.096 0.1739
27.0 -1.1028 0.0887 0.1775 -1.0635 0.0751 0.1954 -0.9935 0.1022 0.1746 -0.9822 0.1184 0.1591 -0.9889 0.1261 0.1506 -1.0116 0.1303 0.144 -1.0525 0.0827 0.1887 -1.0494 0.0953 0.1761 -1.0511 0.1048 0.1662 -1.056 0.1127 0.1576 -1.0624 0.0968 0.1732
28.0 -1.1065 0.0894 0.1764 -1.0576 0.0765 0.1945 -0.9934 0.1016 0.1752 -0.9821 0.1178 0.1598 -0.9888 0.1255 0.1513 -1.0124 0.1296 0.1447 -1.0526 0.0833 0.1881 -1.0494 0.0953 0.1761 -1.0511 0.1048 0.1662 -1.0569 0.1126 0.1577 -1.0633 0.0971 0.1729
29.0 -1.1049 0.0902 0.1758 -1.0588 0.0781 0.1927 -0.9919 0.1031 0.1739 -0.9814 0.1185 0.1591 -0.9871 0.1263 0.1506 -1.0116 0.1303 0.144 -1.0491 0.0831 0.1886 -1.0468 0.095 0.1766 -1.0493 0.1045 0.1667 -1.0559 0.1121 0.1582 -1.0612 0.097 0.1732
30.0 -1.0996 0.0903 0.1762 -1.0577 0.0771 0.1939 -0.9912 0.1044 0.1726 -0.9823 0.119 0.1585 -0.9881 0.1268 0.15 -1.0108 0.131 0.1434 -1.0475 0.0839 0.1879 -1.046 0.0957 0.176 -1.0477 0.1053 0.166 -1.0542 0.1124 0.1582 -1.059 0.0975 0.1728
31.0 -1.1014 0.0907 0.1756 -1.0501 0.0787 0.193 -0.9894 0.104 0.1732 -0.9806 0.1192 0.1584 -0.9874 0.1275 0.1493 -1.0111 0.1322 0.1421 -1.0493 0.0843 0.1873 -1.0479 0.0967 0.1748 -1.0505 0.1061 0.1649 -1.0561 0.1133 0.157 -1.061 0.0982 0.1719
32.0 -1.099 0.0917 0.1749 -1.0527 0.079 0.1925 -0.9895 0.1046 0.1725 -0.9788 0.1189 0.159 -0.9874 0.1275 0.1493 -1.01 0.1312 0.1433 -1.0458 0.0848 0.1872 -1.0434 0.0961 0.1759 -1.0468 0.1054 0.166 -1.0534 0.1131 0.1575 -1.0577 0.0982 0.1723
33.0 -1.0965 0.0926 0.1742 -1.059 0.0793 0.1915 -0.9886 0.1047 0.1725 -0.9779 0.119 0.159 -0.9847 0.1272 0.1499 -1.0074 0.1315 0.1432 -1.045 0.0849 0.1872 -1.0434 0.0961 0.1759 -1.046 0.1055 0.166 -1.0526 0.1132 0.1575 -1.0567 0.0985 0.1721
34.0 -1.0978 0.0949 0.1717 -1.0414 0.0793 0.1933 -0.9839 0.1029 0.1748 -0.9734 0.1184 0.16 -0.9811 0.1271 0.1503 -1.0039 0.1314 0.1437 -1.0413 0.0842 0.1883 -1.039 0.0961 0.1763 -1.0408 0.1062 0.1658 -1.0474 0.1139 0.1573 -1.0533 0.099 0.1719
35.0 -1.0973 0.0925 0.1742 -1.0336 0.0803 0.193 -0.9786 0.1024 0.1759 -0.968 0.1173 0.1617 -0.9755 0.1248 0.1533 -0.9973 0.1292 0.1466 -1.0366 0.0824 0.1906 -1.0343 0.0943 0.1786 -1.0368 0.1037 0.1687 -1.0427 0.1121 0.1596 -1.0496 0.097 0.1744
36.0 -1.0968 0.0944 0.1723 -1.0229 0.0793 0.1951 -0.9692 0.0994 0.1799 -0.9606 0.1152 0.1645 -0.9689 0.1226 0.1561 -0.9907 0.1264 0.1501 -1.0302 0.0808 0.1928 -1.0271 0.0934 0.1802 -1.0297 0.1028 0.1703 -1.0364 0.1111 0.1612 -1.044 0.0965 0.1754
37.0 -1.0894 0.0972 0.1702 -1.0142 0.0799 0.1953 -0.9581 0.096 0.1844 -0.9475 0.1109 0.1703 -0.956 0.1195 0.1606 -0.9771 0.124 0.1539 -1.0239 0.0798 0.1945 -1.0198 0.092 0.1824 -1.0208 0.1022 0.1719 -1.0265 0.11 0.1633 -1.0361 0.0962 0.1765
38.0 -0.9824 0.0891 0.1891 -0.883 0.0744 0.214 -0.8499 0.0709 0.2208 -0.8427 0.0853 0.2068 -0.8479 0.095 0.1964 -0.8672 0.1046 0.1847 -0.9179 0.0623 0.2228 -0.9153 0.0725 0.2127 -0.9163 0.0833 0.2015 -0.9208 0.0943 0.1899 -0.9305 0.0803 0.2032
39.0 -0.9622 0.0845 0.1958 -0.865 0.0616 0.2289 -0.8337 0.0688 0.2246 -0.8265 0.0832 0.2106 -0.8336 0.0933 0.1996 -0.8525 0.1011 0.1897 -0.8986 0.0625 0.2246 -0.8969 0.0731 0.2139 -0.8978 0.0834 0.2033 -0.9023 0.0938 0.1923 -0.9115 0.0795 0.206
40.0 -0.9518 0.0853 0.196 -0.8455 0.066 0.2263 -0.8235 0.0659 0.2285 -0.8144 0.0794 0.2157 -0.8161 0.0889 0.2058 -0.8353 0.0979 0.1947 -0.8898 0.0576 0.2305 -0.8862 0.0672 0.221 -0.8845 0.0778 0.2103 -0.8882 0.089 0.1986 -0.9001 0.0754 0.2113
41.0 -0.9216 0.0783 0.2061 -0.8394 0.0564 0.2367 -0.8079 0.0625 0.2336 -0.809 0.0685 0.2274 -0.8119 0.0852 0.21 -0.8226 0.096 0.1979 -0.8724 0.0538 0.2361 -0.869 0.0647 0.2253 -0.8692 0.0756 0.2141 -0.8721 0.0875 0.2017 -0.8809 0.072 0.2167
42.0 -0.9072 0.0766 0.2093 -0.8359 0.0514 0.2421 -0.807 0.0572 0.2392 -0.808 0.0631 0.2329 -0.8099 0.0739 0.2218 -0.8127 0.0894 0.2056 -0.864 0.0513 0.2395 -0.8589 0.0624 0.2287 -0.8565 0.0737 0.2173 -0.8568 0.0853 0.2055 -0.8687 0.0698 0.2201
43.0 -0.8958 0.0769 0.2101 -0.8214 0.0491 0.246 -0.8065 0.0542 0.2423 -0.8079 0.0625 0.2336 -0.8103 0.0763 0.2193 -0.8128 0.09 0.205 -0.8464 0.0512 0.2413 -0.8422 0.0622 0.2305 -0.8406 0.0734 0.2192 -0.8409 0.085 0.2074 -0.8532 0.0697 0.2217
44.0 -0.8848 0.0741 0.2141 -0.8125 0.0534 0.2425 -0.8048 0.0446 0.2522 -0.8053 0.0476 0.2491 -0.8068 0.056 0.2404 -0.8088 0.0673 0.2286 -0.8365 0.0495 0.244 -0.8347 0.0546 0.239 -0.8334 0.0621 0.2314 -0.8322 0.0703 0.2233 -0.8443 0.0621 0.2304
44.0 -0.8848 0.0741 0.2141 -0.8125 0.0534 0.2425 -0.8048 0.0446 0.2522 -0.8053 0.0476 0.2491 -0.8068 0.056 0.2404 -0.8088 0.0673 0.2286 -0.8365 0.0495 0.244 -0.8347 0.0546 0.239 -0.8334 0.0621 0.2314 -0.8322 0.0703 0.2233 -0.8443 0.0621 0.2304
44.0 -0.8848 0.0741 0.2141 -0.8125 0.0534 0.2425 -0.8048 0.0446 0.2522 -0.8053 0.0476 0.2491 -0.8068 0.056 0.2404 -0.8088 0.0673 0.2286 -0.8365 0.0495 0.244 -0.8347 0.0546 0.239 -0.8334 0.0621 0.2314 -0.8322 0.0703 0.2233 -0.8443 0.0621 0.2304
44.0 -0.8848 0.0741 0.2141 -0.8125 0.0534 0.2425 -0.8048 0.0446 0.2522 -0.8053 0.0476 0.2491 -0.8068 0.056 0.2404 -0.8088 0.0673 0.2286 -0.8365 0.0495 0.244 -0.8347 0.0546 0.239 -0.8334 0.0621 0.2314 -0.8322 0.0703 0.2233 -0.8443 0.0621 0.2304
44.0 -0.8848 0.0741 0.2141 -0.8125 0.0534 0.2425 -0.8048 0.0446 0.2522 -0.8053 0.0476 0.2491 -0.8068 0.056 0.2404 -0.8088 0.0673 0.2286 -0.8365 0.0495 0.244 -0.8347 0.0546 0.239 -0.8334 0.0621 0.2314 -0.8322 0.0703 0.2233 -0.8443 0.0621 0.2304
44.0 -0.8848 0.0741 0.2141 -0.8125 0.0534 0.2425 -0.8048 0.0446 0.2522 -0.8053 0.0476 0.2491 -0.8068 0.056 0.2404 -0.8088 0.0673 0.2286 -0.8365 0.0495 0.244 -0.8347 0.0546 0.239 -0.8334 0.0621 0.2314 -0.8322 0.0703 0.2233 -0.8443 0.0621 0.2304
44.0 -0.8848 0.0741 0.2141 -0.8125 0.0534 0.2425 -0.8048 0.0446 0.2522 -0.8053 0.0476 0.2491 -0.8068 0.056 0.2404 -0.8088 0.0673 0.2286 -0.8365 0.0495 0.244 -0.8347 0.0546 0.239 -0.8334 0.0621 0.2314 -0.8322 0.0703 0.2233 -0.8443 0.0621 0.2304
44.0 -0.8848 0.0741 0.2141 -0.8125 0.0534 0.2425 -0.8048 0.0446 0.2522 -0.8053 0.0476 0.2491 -0.8068 0.056 0.2404 -0.8088 0.0673 0.2286 -0.8365 0.0495 0.244 -0.8347 0.0546 0.239 -0.8334 0.0621 0.2314 -0.8322 0.0703 0.2233 -0.8443 0.0621 0.2304
44.0 -0.8848 0.0741 0.2141 -0.8125 0.0534 0.2425 -0.8048 0.0446 0.2522 -0.8053 0.0476 0.2491 -0.8068 0.056 0.2404 -0.8088 0.0673 0.2286 -0.8365 0.0495 0.244 -0.8347 0.0546 0.239 -0.8334 0.0621 0.2314 -0.8322 0.0703 0.2233 -0.8443 0.0621 0.2304
44.0 -0.8848 0.0741 0.2141 -0.8125 0.0534 0.2425 -0.8048 0.0446 0.2522 -0.8053 0.0476 0.2491 -0.8068 0.056 0.2404 -0.8088 0.0673 0.2286 -0.8365 0.0495 0.244 -0.8347 0.0546 0.239 -0.8334 0.0621 0.2314 -0.8322 0.0703 0.2233 -0.8443 0.0621 0.2304
44.0 -0.8848 0.0741 0.2141 -0.8125 0.0534 0.2425 -0.8048 0.0446 0.2522 -0.8053 0.0476 0.2491 -0.8068 0.056 0.2404 -0.8088 0.0673 0.2286 -0.8365 0.0495 0.244 -0.8347 0.0546 0.239 -0.8334 0.0621 0.2314 -0.8322 0.0703 0.2233 -0.8443 0.0621 0.2304
44.0 -0.8848 0.0741 0.2141 -0.8125 0.0534 0.2425 -0.8048 0.0446 0.2522 -0.8053 0.0476 0.2491 -0.8068 0.056 0.2404 -0.8088 0.0673 0.2286 -0.8365 0.0495 0.244 -0.8347 0.0546 0.239 -0.8334 0.0621 0.2314 -0.8322 0.0703 0.2233 -0.8443 0.0621 0.2304
44.0 -0.8848 0.0741 0.2141 -0.8125 0.0534 0.2425 -0.8048 0.0446 0.2522 -0.8053 0.0476 0.2491 -0.8068 0.056 0.2404 -0.8088 0.0673 0.2286 -0.8365 0.0495 0.244 -0.8347 0.0546 0.239 -0.8334 0.0621 0.2314 -0.8322 0.0703 0.2233 -0.8443 0.0621 0.2304
44.0 -0.8848 0.0741 0.2141 -0.8125 0.0534 0.2425 -0.8048 0.0446 0.2522 -0.8053 0.0476 0.2491 -0.8068 0.056 0.2404 -0.8088 0.0673 0.2286 -0.8365 0.0495 0.244 -0.8347 0.0546 0.239 -0.8334 0.0621 0.2314 -0.8322 0.0703 0.2233 -0.8443 0.0621 0.2304
44.0 -0.8848 0.0741 0.2141 -0.8125 0.0534 0.2425 -0.8048 0.0446 0.2522 -0.8053 0.0476 0.2491 -0.8068 0.056 0.2404 -0.8088 0.0673 0.2286 -0.8365 0.0495 0.244 -0.8347 0.0546 0.239 -0.8334 0.0621 0.2314 -0.8322 0.0703 0.2233 -0.8443 0.0621 0.2304
44.0 -0.8848 0.0741 0.2141 -0.8125 0.0534 0.2425 -0.8048 0.0446 0.2522 -0.8053 0.0476 0.2491 -0.8068 0.056 0.2404 -0.8088 0.0673 0.2286 -0.8365 0.0495 0.244 -0.8347 0.0546 0.239 -0.8334 0.0621 0.2314 -0.8322 0.0703 0.2233 -0.8443 0.0621 0.2304
44.0 -0.8848 0.0741 0.2141 -0.8125 0.0534 0.2425 -0.8048 0.0446 0.2522 -0.8053 0.0476 0.2491 -0.8068 0.056 0.2404 -0.8088 0.0673 0.2286 -0.8365 0.0495 0.244 -0.8347 0.0546 0.239 -0.8334 0.0621 0.2314 -0.8322 0.0703 0.2233 -0.8443 0.0621 0.2304
44.0 -0.8848 0.0741 0.2141 -0.8125 0.0534 0.2425 -0.8048 0.0446 0.2522 -0.8053 0.0476 0.2491 -0.8068 0.056 0.2404 -0.8088 0.0673 0.2286 -0.8365 0.0495 0.244 -0.8347 0.0546 0.239 -0.8334 0.0621 0.2314 -0.8322 0.0703 0.2233 -0.8443 0.0621 0.2304
44.0 -0.8848 0.0741 0.2141 -0.8125 0.0534 0.2425 -0.8048 0.0446 0.2522 -0.8053 0.0476 0.2491 -0.8068 0.056 0.2404 -0.8088 0.0673 0.2286 -0.8365 0.0495 0.244 -0.8347 0.0546 0.239 -0.8334 0.0621 0.2314 -0.8322 0.0703 0.2233 -0.8443 0.0621 0.2304
44.0 -0.8848 0.0741 0.2141 -0.8125 0.0534 0.2425 -0.8048 0.0446 0.2522 -0.8053 0.0476 0.2491 -0.8068 0.056 0.2404 -0.8088 0.0673 0.2286 -0.8365 0.0495 0.244 -0.8347 0.0546 0.239 -0.8334 0.0621 0.2314 -0.8322 0.0703 0.2233 -0.8443 0.0621 0.2304
44.0 -0.8848 0.0741 0.2141 -0.8125 0.0534 0.2425 -0.8048 0.0446 0.2522 -0.8053 0.0476 0.2491 -0.8068 0.056 0.2404 -0.8088 0.0673 0.2286 -0.8365 0.0495 0.244 -0.8347 0.0546 0.239 -0.8334 0.0621 0.2314 -0.8322 0.0703 0.2233 -0.8443 0.0621 0.2304
44.0 -0.8848 0.0741 0.2141 -0.8125 0.0534 0.2425 -0.8048 0.0446 0.2522 -0.8053 0.0476 0.2491 -0.8068 0.056 0.2404 -0.8088 0.0673 0.2286 -0.8365 0.0495 0.244 -0.8347 0.0546 0.239 -0.8334 0.0621 0.2314 -0.8322 0.0703 0.2233 -0.8443 0.0621 0.2304
44.0 -0.8848 0.0741 0.2141 -0.8125 0.0534 0.2425 -0.8048 0.0446 0.2522 -0.8053 0.0476 0.2491 -0.8068 0.056 0.2404 -0.8088 0.0673 0.2286 -0.8365 0.0495 0.244 -0.8347 0.0546 0.239 -0.8334 0.0621 0.2314 -0.8322 0.0703 0.2233 -0.8443 0.0621 0.2304
44.0 -0.8848 0.0741 0.2141 -0.8125 0.0534 0.2425 -0.8048 0.0446 0.2522 -0.8053 0.0476 0.2491 -0.8068 0.056 0.2404 -0.8088 0.0673 0.2286 -0.8365 0.0495 0.244 -0.8347 0.0546 0.239 -0.8334 0.0621 0.2314 -0.8322 0.0703 0.2233 -0.8443 0.0621 0.2304
44.0 -0.8848 0.0741 0.2141 -0.8125 0.0534 0.2425 -0.8048 0.0446 0.2522 -0.8053 0.0476 0.2491 -0.8068 0.056 0.2404 -0.8088 0.0673 0.2286 -0.8365 0.0495 0.244 -0.8347 0.0546 0.239 -0.8334 0.0621 0.2314 -0.8322 0.0703 0.2233 -0.8443 0.0621 0.2304
44.0 -0.8848 0.0741 0.2141 -0.8125 0.0534 0.2425 -0.8048 0.0446 0.2522 -0.8053 0.0476 0.2491 -0.8068 0.056 0.2404 -0.8088 0.0673 0.2286 -0.8365 0.0495 0.244 -0.8347 0.0546 0.239 -0.8334 0.0621 0.2314 -0.8322 0.0703 0.2233 -0.8443 0.0621 0.2304
44.0 -0.8848 0.0741 0.2141 -0.8125 0.0534 0.2425 -0.8048 0.0446 0.2522 -0.8053 0.0476 0.2491 -0.8068 0.056 0.2404 -0.8088 0.0673 0.2286 -0.8365 0.0495 0.244 -0.8347 0.0546 0.239 -0.8334 0.0621 0.2314 -0.8322 0.0703 0.2233 -0.8443 0.0621 0.2304
44.0 -0.8848 0.0741 0.2141 -0.8125 0.0534 0.2425 -0.8048 0.0446 0.2522 -0.8053 0.0476 0.2491 -0.8068 0.056 0.2404 -0.8088 0.0673 0.2286 -0.8365 0.0495 0.244 -0.8347 0.0546 0.239 -0.8334 0.0621 0.2314 -0.8322 0.0703 0.2233 -0.8443 0.0621 0.2304
44.0 -0.8848 0.0741 0.2141 -0.8125 0.0534 0.2425 -0.8048 0.0446 0.2522 -0.8053 0.0476 0.2491 -0.8068 0.056 0.2404 -0.8088 0.0673 0.2286 -0.8365 0.0495 0.244 -0.8347 0.0546 0.239 -0.8334 0.0621 0.2314 -0.8322 0.0703 0.2233 -0.8443 0.0621 0.2304
44.0 -0.8848 0.0741 0.2141 -0.8125 0.0534 0.2425 -0.8048 0.0446 0.2522 -0.8053 0.0476 0.2491 -0.8068 0.056 0.2404 -0.8088 0.0673 0.2286 -0.8365 0.0495 0.244 -0.8347 0.0546 0.239 -0.8334 0.0621 0.2314 -0.8322 0.0703 0.2233 -0.8443 0.0621 0.2304
44.0 -0.8848 0.0741 0.2141 -0.8125 0.0534 0.2425 -0.8048 0.0446 0.2522 -0.8053 0.0476 0.2491 -0.8068 0.056 0.2404 -0.8088 0.0673 0.2286 -0.8365 0.0495 0.244 -0.8347 0.0546 0.239 -0.8334 0.0621 0.2314 -0.8322 0.0703 0.2233 -0.8443 0.0621 0.2304
44.0 -0.8848 0.0741 0.2141 -0.8125 0.0534 0.2425 -0.8048 0.0446 0.2522 -0.8053 0.0476 0.2491 -0.8068 0.056 0.2404 -0.8088 0.0673 0.2286 -0.8365 0.0495 0.244 -0.8347 0.0546 0.239 -0.8334 0.0621 0.2314 -0.8322 0.0703 0.2233 -0.8443 0.0621 0.2304
44.0 -0.8848 0.0741 0.2141 -0.8125 0.0534 0.2425 -0.8048 0.0446 0.2522 -0.8053 0.0476 0.2491 -0.8068 0.056 0.2404 -0.8088 0.0673 0.2286 -0.8365 0.0495 0.244 -0.8347 0.0546 0.239 -0.8334 0.0621 0.2314 -0.8322 0.0703 0.2233 -0.8443 0.0621 0.2304
44.0 -0.8848 0.0741 0.2141 -0.8125 0.0534 0.2425 -0.8048 0.0446 0.2522 -0.8053 0.0476 0.2491 -0.8068 0.056 0.2404 -0.8088 0.0673 0.2286 -0.8365 0.0495 0.244 -0.8347 0.0546 0.239 -0.8334 0.0621 0.2314 -0.8322 0.0703 0.2233 -0.8443 0.0621 0.2304
44.0 -0.8848 0.0741 0.2141 -0.8125 0.0534 0.2425 -0.8048 0.0446 0.2522 -0.8053 0.0476 0.2491 -0.8068 0.056 0.2404 -0.8088 0.0673 0.2286 -0.8365 0.0495 0.244 -0.8347 0.0546 0.239 -0.8334 0.0621 0.2314 -0.8322 0.0703 0.2233 -0.8443 0.0621 0.2304
44.0 -0.8848 0.0741 0.2141 -0.8125 0.0534 0.2425 -0.8048 0.0446 0.2522 -0.8053 0.0476 0.2491 -0.8068 0.056 0.2404 -0.8088 0.0673 0.2286 -0.8365 0.0495 0.244 -0.8347 0.0546 0.239 -0.8334 0.0621 0.2314 -0.8322 0.0703 0.2233 -0.8443 0.0621 0.2304
44.0 -0.8848 0.0741 0.2141 -0.8125 0.0534 0.2425 -0.8048 0.0446 0.2522 -0.8053 0.0476 0.2491 -0.8068 0.056 0.2404 -0.8088 0.0673 0.2286 -0.8365 0.0495 0.244 -0.8347 0.0546 0.239 -0.8334 0.0621 0.2314 -0.8322 0.0703 0.2233 -0.8443 0.0621 0.2304
44.0 -0.8848 0.0741 0.2141 -0.8125 0.0534 0.2425 -0.8048 0.0446 0.2522 -0.8053 0.0476 0.2491 -0.8068 0.056 0.2404 -0.8088 0.0673 0.2286 -0.8365 0.0495 0.244 -0.8347 0.0546 0.239 -0.8334 0.0621 0.2314 -0.8322 0.0703 0.2233 -0.8443 0.0621 0.2304
44.0 -0.8848 0.0741 0.2141 -0.8125 0.0534 0.2425 -0.8048 0.0446 0.2522 -0.8053 0.0476 0.2491 -0.8068 0.056 0.2404 -0.8088 0.0673 0.2286 -0.8365 0.0495 0.244 -0.8347 0.0546 0.239 -0.8334 0.0621 0.2314 -0.8322 0.0703 0.2233 -0.8443 0.0621 0.2304
44.0 -0.8848 0.0741 0.2141 -0.8125 0.0534 0.2425 -0.8048 0.0446 0.2522 -0.8053 0.0476 0.2491 -0.8068 0.056 0.2404 -0.8088 0.0673 0.2286 -0.8365 0.0495 0.244 -0.8347 0.0546 0.239 -0.8334 0.0621 0.2314 -0.8322 0.0703 0.2233 -0.8443 0.0621 0.2304
44.0 -0.8848 0.0741 0.2141 -0.8125 0.0534 0.2425 -0.8048 0.0446 0.2522 -0.8053 0.0476 0.2491 -0.8068 0.056 0.2404 -0.8088 0.0673 0.2286 -0.8365 0.0495 0.244 -0.8347 0.0546 0.239 -0.8334 0.0621 0.2314 -0.8322 0.0703 0.2233 -0.8443 0.0621 0.2304
44.0 -0.8848 0.0741 0.2141 -0.8125 0.0534 0.2425 -0.8048 0.0446 0.2522 -0.8053 0.0476 0.2491 -0.8068 0.056 0.2404 -0.8088 0.0673 0.2286 -0.8365 0.0495 0.244 -0.8347 0.0546 0.239 -0.8334 0.0621 0.2314 -0.8322 0.0703 0.2233 -0.8443 0.0621 0.2304
44.0 -0.8848 0.0741 0.2141 -0.8125 0.0534 0.2425 -0.8048 0.0446 0.2522 -0.8053 0.0476 0.2491 -0.8068 0.056 0.2404 -0.8088 0.0673 0.2286 -0.8365 0.0495 0.244 -0.8347 0.0546 0.239 -0.8334 0.0621 0.2314 -0.8322 0.0703 0.2233 -0.8443 0.0621 0.2304
44.0 -0.8848 0.0741 0.2141 -0.8125 0.0534 0.2425 -0.8048 0.0446 0.2522 -0.8053 0.0476 0.2491 -0.8068 0.056 0.2404 -0.8088 0.0673 0.2286 -0.8365 0.0495 0.244 -0.8347 0.0546 0.239 -0.8334 0.0621 0.2314 -0.8322 0.0703 0.2233 -0.8443 0.0621 0.2304
44.0 -0.8848 0.0741 0.2141 -0.8125 0.0534 0.2425 -0.8048 0.0446 0.2522 -0.8053 0.0476 0.2491 -0.8068 0.056 0.2404 -0.8088 0.0673 0.2286 -0.8365 0.0495 0.244 -0.8347 0.0546 0.239 -0.8334 0.0621 0.2314 -0.8322 0.0703 0.2233 -0.8443 0.0621 0.2304
44.0 -0.8848 0.0741 0.2141 -0.8125 0.0534 0.2425 -0.8048 0.0446 0.2522 -0.8053 0.0476 0.2491 -0.8068 0.056 0.2404 -0.8088 0.0673 0.2286 -0.8365 0.0495 0.244 -0.8347 0.0546 0.239 -0.8334 0.0621 0.2314 -0.8322 0.0703 0.2233 -0.8443 0.0621 0.2304
44.0 -0.8848 0.0741 0.2141 -0.8125 0.0534 0.2425 -0.8048 0.0446 0.2522 -0.8053 0.0476 0.2491 -0.8068 0.056 0.2404 -0.8088 0.0673 0.2286 -0.8365 0.0495 0.244 -0.8347 0.0546 0.239 -0.8334 0.0621 0.2314 -0.8322 0.0703 0.2233 -0.8443 0.0621 0.2304
44.0 -0.8848 0.0741 0.2141 -0.8125 0.0534 0.2425 -0.8048 0.0446 0.2522 -0.8053 0.0476 0.2491 -0.8068 0.056 0.2404 -0.8088 0.0673 0.2286 -0.8365 0.0495 0.244 -0.8347 0.0546 0.239 -0.8334 0.0621 0.2314 -0.8322 0.0703 0.2233 -0.8443 0.0621 0.2304
44.0 -0.8848 0.0741 0.2141 -0.8125 0.0534 0.2425 -0.8048 0.0446 0.2522 -0.8053 0.0476 0.2491 -0.8068 0.056 0.2404 -0.8088 0.0673 0.2286 -0.8365 0.0495 0.244 -0.8347 0.0546 0.239 -0.8334 0.0621 0.2314 -0.8322 0.0703 0.2233 -0.8443 0.0621 0.2304
44.0 -0.8848 0.0741 0.2141 -0.8125 0.0534 0.2425 -0.8048 0.0446 0.2522 -0.8053 0.0476 0.2491 -0.8068 0.056 0.2404 -0.8088 0.0673 0.2286 -0.8365 0.0495 0.244 -0.8347 0.0546 0.239 -0.8334 0.0621 0.2314 -0.8322 0.0703 0.2233 -0.8443 0.0621 0.2304
44.0 -0.8848 0.0741 0.2141 -0.8125 0.0534 0.2425 -0.8048 0.0446 0.2522 -0.8053 0.0476 0.2491 -0.8068 0.056 0.2404 -0.8088 0.0673 0.2286 -0.8365 0.0495 0.244 -0.8347 0.0546 0.239 -0.8334 0.0621 0.2314 -0.8322 0.0703 0.2233 -0.8443 0.0621 0.2304
44.0 -0.8848 0.0741 0.2141 -0.8125 0.0534 0.2425 -0.8048 0.0446 0.2522 -0.8053 0.0476 0.2491 -0.8068 0.056 0.2404 -0.8088 0.0673 0.2286 -0.8365 0.0495 0.244 -0.8347 0.0546 0.239 -0.8334 0.0621 0.2314 -0.8322 0.0703 0.2233 -0.8443 0.0621 0.2304
44.0 -0.8848 0.0741 0.2141 -0.8125 0.0534 0.2425 -0.8048 0.0446 0.2522 -0.8053 0.0476 0.2491 -0.8068 0.056 0.2404 -0.8088 0.0673 0.2286 -0.8365 0.0495 0.244 -0.8347 0.0546 0.239 -0.8334 0.0621 0.2314 -0.8322 0.0703 0.2233 -0.8443 0.0621 0.2304
44.0 -0.8848 0.0741 0.2141 -0.8125 0.0534 0.2425 -0.8048 0.0446 0.2522 -0.8053 0.0476 0.2491 -0.8068 0.056 0.2404 -0.8088 0.0673 0.2286 -0.8365 0.0495 0.244 -0.8347 0.0546 0.239 -0.8334 0.0621 0.2314 -0.8322 0.0703 0.2233 -0.8443 0.0621 0.2304
44.0 -0.8848 0.0741 0.2141 -0.8125 0.0534 0.2425 -0.8048 0.0446 0.2522 -0.8053 0.0476 0.2491 -0.8068 0.056 0.2404 -0.8088 0.0673 0.2286 -0.8365 0.0495 0.244 -0.8347 0.0546 0.239 -0.8334 0.0621 0.2314 -0.8322 0.0703 0.2233 -0.8443 0.0621 0.2304
44.0 -0.8848 0.0741 0.2141 -0.8125 0.0534 0.2425 -0.8048 0.0446 0.2522 -0.8053 0.0476 0.2491 -0.8068 0.056 0.2404 -0.8088 0.0673 0.2286 -0.8365 0.0495 0.244 -0.8347 0.0546 0.239 -0.8334 0.0621 0.2314 -0.8322 0.0703 0.2233 -0.8443 0.0621 0.2304
44.0 -0.8848 0.0741 0.2141 -0.8125 0.0534 0.2425 -0.8048 0.0446 0.2522 -0.8053 0.0476 0.2491 -0.8068 0.056 0.2404 -0.8088 0.0673 0.2286 -0.8365 0.0495 0.244 -0.8347 0.0546 0.239 -0.8334 0.0621 0.2314 -0.8322 0.0703 0.2233 -0.8443 0.0621 0.2304
44.0 -0.8848 0.0741 0.2141 -0.8125 0.0534 0.2425 -0.8048 0.0446 0.2522 -0.8053 0.0476 0.2491 -0.8068 0.056 0.2404 -0.8088 0.0673 0.2286 -0.8365 0.0495 0.244 -0.8347 0.0546 0.239 -0.8334 0.0621 0.2314 -0.8322 0.0703 0.2233 -0.8443 0.0621 0.2304
44.0 -0.8848 0.0741 0.2141 -0.8125 0.0534 0.2425 -0.8048 0.0446 0.2522 -0.8053 0.0476 0.2491 -0.8068 0.056 0.2404 -0.8088 0.0673 0.2286 -0.8365 0.0495 0.244 -0.8347 0.0546 0.239 -0.8334 0.0621 0.2314 -0.8322 0.0703 0.2233 -0.8443 0.0621 0.2304
44.0 -0.8848 0.0741 0.2141 -0.8125 0.0534 0.2425 -0.8048 0.0446 0.2522 -0.8053 0.0476 0.2491 -0.8068 0.056 0.2404 -0.8088 0.0673 0.2286 -0.8365 0.0495 0.244 -0.8347 0.0546 0.239 -0.8334 0.0621 0.2314 -0.8322 0.0703 0.2233 -0.8443 0.0621 0.2304
44.0 -0.8848 0.0741 0.2141 -0.8125 0.0534 0.2425 -0.8048 0.0446 0.2522 -0.8053 0.0476 0.2491 -0.8068 0.056 0.2404 -0.8088 0.0673 0.2286 -0.8365 0.0495 0.244 -0.8347 0.0546 0.239 -0.8334 0.0621 0.2314 -0.8322 0.0703 0.2233 -0.8443 0.0621 0.2304
44.0 -0.8848 0.0741 0.2141 -0.8125 0.0534 0.2425 -0.8048 0.0446 0.2522 -0.8053 0.0476 0.2491 -0.8068 0.056 0.2404 -0.8088 0.0673 0.2286 -0.8365 0.0495 0.244 -0.8347 0.0546 0.239 -0.8334 0.0621 0.2314 -0.8322 0.0703 0.2233 -0.8443 0.0621 0.2304
44.0 -0.8848 0.0741 0.2141 -0.8125 0.0534 0.2425 -0.8048 0.0446 0.2522 -0.8053 0.0476 0.2491 -0.8068 0.056 0.2404 -0.8088 0.0673 0.2286 -0.8365 0.0495 0.244 -0.8347 0.0546 0.239 -0.8334 0.0621 0.2314 -0.8322 0.0703 0.2233 -0.8443 0.0621 0.2304
44.0 -0.8848 0.0741 0.2141 -0.8125 0.0534 0.2425 -0.8048 0.0446 0.2522 -0.8053 0.0476 0.2491 -0.8068 0.056 0.2404 -0.8088 0.0673 0.2286 -0.8365 0.0495 0.244 -0.8347 0.0546 0.239 -0.8334 0.0621 0.2314 -0.8322 0.0703 0.2233 -0.8443 0.0621 0.2304
44.0 -0.8848 0.0741 0.2141 -0.8125 0.0534 0.2425 -0.8048 0.0446 0.2522 -0.8053 0.0476 0.2491 -0.8068 0.056 0.2404 -0.8088 0.0673 0.2286 -0.8365 0.0495 0.244 -0.8347 0.0546 0.239 -0.8334 0.0621 0.2314 -0.8322 0.0703 0.2233 -0.8443 0.0621 0.2304
44.0 -0.8848 0.0741 0.2141 -0.8125 0.0534 0.2425 -0.8048 0.0446 0.2522 -0.8053 0.0476 0.2491 -0.8068 0.056 0.2404 -0.8088 0.0673 0.2286 -0.8365 0.0495 0.244 -0.8347 0.0546 0.239 -0.8334 0.0621 0.2314 -0.8322 0.0703 0.2233 -0.8443 0.0621 0.2304
44.0 -0.8848 0.0741 0.2141 -0.8125 0.0534 0.2425 -0.8048 0.0446 0.2522 -0.8053 0.0476 0.2491 -0.8068 0.056 0.2404 -0.8088 0.0673 0.2286 -0.8365 0.0495 0.244 -0.8347 0.0546 0.239 -0.8334 0.0621 0.2314 -0.8322 0.0703 0.2233 -0.8443 0.0621 0.2304
44.0 -0.8848 0.0741 0.2141 -0.8125 0.0534 0.2425 -0.8048 0.0446 0.2522 -0.8053 0.0476 0.2491 -0.8068 0.056 0.2404 -0.8088 0.0673 0.2286 -0.8365 0.0495 0.244 -0.8347 0.0546 0.239 -0.8334 0.0621 0.2314 -0.8322 0.0703 0.2233 -0.8443 0.0621 0.2304
44.0 -0.8848 0.0741 0.2141 -0.8125 0.0534 0.2425 -0.8048 0.0446 0.2522 -0.8053 0.0476 0.2491 -0.8068 0.056 0.2404 -0.8088 0.0673 0.2286 -0.8365 0.0495 0.244 -0.8347 0.0546 0.239 -0.8334 0.0621 0.2314 -0.8322 0.0703 0.2233 -0.8443 0.0621 0.2304
44.0 -0.8848 0.0741 0.2141 -0.8125 0.0534 0.2425 -0.8048 0.0446 0.2522 -0.8053 0.0476 0.2491 -0.8068 0.056 0.2404 -0.8088 0.0673 0.2286 -0.8365 0.0495 0.244 -0.8347 0.0546 0.239 -0.8334 0.0621 0.2314 -0.8322 0.0703 0.2233 -0.8443 0.0621 0.2304
44.0 -0.8848 0.0741 0.2141 -0.8125 0.0534 0.2425 -0.8048 0.0446 0.2522 -0.8053 0.0476 0.2491 -0.8068 0.056 0.2404 -0.8088 0.0673 0.2286 -0.8365 0.0495 0.244 -0.8347 0.0546 0.239 -0.8334 0.0621 0.2314 -0.8322 0.0703 0.2233 -0.8443 0.0621 0.2304
44.0 -0.8848 0.0741 0.2141 -0.8125 0.0534 0.2425 -0.8048 0.0446 0.2522 -0.8053 0.0476 0.2491 -0.8068 0.056 0.2404 -0.8088 0.0673 0.2286 -0.8365 0.0495 0.244 -0.8347 0.0546 0.239 -0.8334 0.0621 0.2314 -0.8322 0.0703 0.2233 -0.8443 0.0621 0.2304
44.0 -0.8848 0.0741 0.2141 -0.8125 0.0534 0.2425 -0.8048 0.0446 0.2522 -0.8053 0.0476 0.2491 -0.8068 0.056 0.2404 -0.8088 0.0673 0.2286 -0.8365 0.0495 0.244 -0.8347 0.0546 0.239 -0.8334 0.0621 0.2314 -0.8322 0.0703 0.2233 -0.8443 0.0621 0.2304
44.0 -0.8848 0.0741 0.2141 -0.8125 0.0534 0.2425 -0.8048 0.0446 0.2522 -0.8053 0.0476 0.2491 -0.8068 0.056 0.2404 -0.8088 0.0673 0.2286 -0.8365 0.0495 0.244 -0.8347 0.0546 0.239 -0.8334 0.0621 0.2314 -0.8322 0.0703 0.2233 -0.8443 0.0621 0.2304
44.0 -0.8848 0.0741 0.2141 -0.8125 0.0534 0.2425 -0.8048 0.0446 0.2522 -0.8053 0.0476 0.2491 -0.8068 0.056 0.2404 -0.8088 0.0673 0.2286 -0.8365 0.0495 0.244 -0.8347 0.0546 0.239 -0.8334 0.0621 0.2314 -0.8322 0.0703 0.2233 -0.8443 0.0621 0.2304
44.0 -0.8848 0.0741 0.2141 -0.8125 0.0534 0.2425 -0.8048 0.0446 0.2522 -0.8053 0.0476 0.2491 -0.8068 0.056 0.2404 -0.8088 0.0673 0.2286 -0.8365 0.0495 0.244 -0.8347 0.0546 0.239 -0.8334 0.0621 0.2314 -0.8322 0.0703 0.2233 -0.8443 0.0621 0.2304
44.0 -0.8848 0.0741 0.2141 -0.8125 0.0534 0.2425 -0.8048 0.0446 0.2522 -0.8053 0.0476 0.2491 -0.8068 0.056 0.2404 -0.8088 0.0673 0.2286 -0.8365 0.0495 0.244 -0.8347 0.0546 0.239 -0.8334 0.0621 0.2314 -0.8322 0.0703 0.2233 -0.8443 0.0621 0.2304
44.0 -0.8848 0.0741 0.2141 -0.8125 0.0534 0.2425 -0.8048 0.0446 0.2522 -0.8053 0.0476 0.2491 -0.8068 0.056 0.2404 -0.8088 0.0673 0.2286 -0.8365 0.0495 0.244 -0.8347 0.0546 0.239 -0.8334 0.0621 0.2314 -0.8322 0.0703 0.2233 -0.8443 0.0621 0.2304
44.0 -0.8848 0.0741 0.2141 -0.8125 0.0534 0.2425 -0.8048 0.0446 0.2522 -0.8053 0.0476 0.2491 -0.8068 0.056 0.2404 -0.8088 0.0673 0.2286 -0.8365 0.0495 0.244 -0.8347 0.0546 0.239 -0.8334 0.0621 0.2314 -0.8322 0.0703 0.2233 -0.8443 0.0621 0.2304
44.0 -0.8848 0.0741 0.2141 -0.8125 0.0534 0.2425 -0.8048 0.0446 0.2522 -0.8053 0.0476 0.2491 -0.8068 0.056 0.2404 -0.8088 0.0673 0.2286 -0.8365 0.0495 0.244 -0.8347 0.0546 0.239 -0.8334 0.0621 0.2314 -0.8322 0.0703 0.2233 -0.8443 0.0621 0.2304
44.0 -0.8848 0.0741 0.2141 -0.8125 0.0534 0.2425 -0.8048 0.0446 0.2522 -0.8053 0.0476 0.2491 -0.8068 0.056 0.2404 -0.8088 0.0673 0.2286 -0.8365 0.0495 0.244 -0.8347 0.0546 0.239 -0.8334 0.0621 0.2314 -0.8322 0.0703 0.2233 -0.8443 0.0621 0.2304
44.0 -0.8848 0.0741 0.2141 -0.8125 0.0534 0.2425 -0.8048 0.0446 0.2522 -0.8053 0.0476 0.2491 -0.8068 0.056 0.2404 -0.8088 0.0673 0.2286 -0.8365 0.0495 0.244 -0.8347 0.0546 0.239 -0.8334 0.0621 0.2314 -0.8322 0.0703 0.2233 -0.8443 0.0621 0.2304
44.0 -0.8848 0.0741 0.2141 -0.8125 0.0534 0.2425 -0.8048 0.0446 0.2522 -0.8053 0.0476 0.2491 -0.8068 0.056 0.2404 -0.8088 0.0673 0.2286 -0.8365 0.0495 0.244 -0.8347 0.0546 0.239 -0.8334 0.0621 0.2314 -0.8322 0.0703 0.2233 -0.8443 0.0621 0.2304
44.0 -0.8848 0.0741 0.2141 -0.8125 0.0534 0.2425 -0.8048 0.0446 0.2522 -0.8053 0.0476 0.2491 -0.8068 0.056 0.2404 -0.8088 0.0673 0.2286 -0.8365 0.0495 0.244 -0.8347 0.0546 0.239 -0.8334 0.0621 0.2314 -0.8322 0.0703 0.2233 -0.8443 0.0621 0.2304
44.0 -0.8848 0.0741 0.2141 -0.8125 0.0534 0.2425 -0.8048 0.0446 0.2522 -0.8053 0.0476 0.2491 -0.8068 0.056 0.2404 -0.8088 0.0673 0.2286 -0.8365 0.0495 0.244 -0.8347 0.0546 0.239 -0.8334 0.0621 0.2314 -0.8322 0.0703 0.2233 -0.8443 0.0621 0.2304
44.0 -0.8848 0.0741 0.2141 -0.8125 0.0534 0.2425 -0.8048 0.0446 0.2522 -0.8053 0.0476 0.2491 -0.8068 0.056 0.2404 -0.8088 0.0673 0.2286 -0.8365 0.0495 0.244 -0.8347 0.0546 0.239 -0.8334 0.0621 0.2314 -0.8322 0.0703 0.2233 -0.8443 0.0621 0.2304
44.0 -0.8848 0.0741 0.2141 -0.8125 0.0534 0.2425 -0.8048 0.0446 0.2522 -0.8053 0.0476 0.2491 -0.8068 0.056 0.2404 -0.8088 0.0673 0.2286 -0.8365 0.0495 0.244 -0.8347 0.0546 0.239 -0.8334 0.0621 0.2314 -0.8322 0.0703 0.2233 -0.8443 0.0621 0.2304
44.0 -0.8848 0.0741 0.2141 -0.8125 0.0534 0.2425 -0.8048 0.0446 0.2522 -0.8053 0.0476 0.2491 -0.8068 0.056 0.2404 -0.8088 0.0673 0.2286 -0.8365 0.0495 0.244 -0.8347 0.0546 0.239 -0.8334 0.0621 0.2314 -0.8322 0.0703 0.2233 -0.8443 0.0621 0.2304
44.0 -0.8848 0.0741 0.2141 -0.8125 0.0534 0.2425 -0.8048 0.0446 0.2522 -0.8053 0.0476 0.2491 -0.8068 0.056 0.2404 -0.8088 0.0673 0.2286 -0.8365 0.0495 0.244 -0.8347 0.0546 0.239 -0.8334 0.0621 0.2314 -0.8322 0.0703 0.2233 -0.8443 0.0621 0.2304
44.0 -0.8848 0.0741 0.2141 -0.8125 0.0534 0.2425 -0.8048 0.0446 0.2522 -0.8053 0.0476 0.2491 -0.8068 0.056 0.2404 -0.8088 0.0673 0.2286 -0.8365 0.0495 0.244 -0.8347 0.0546 0.239 -0.8334 0.0621 0.2314 -0.8322 0.0703 0.2233 -0.8443 0.0621 0.2304
44.0 -0.8848 0.0741 0.2141 -0.8125 0.0534 0.2425 -0.8048 0.0446 0.2522 -0.8053 0.0476 0.2491 -0.8068 0.056 0.2404 -0.8088 0.0673 0.2286 -0.8365 0.0495 0.244 -0.8347 0.0546 0.239 -0.8334 0.0621 0.2314 -0.8322 0.0703 0.2233 -0.8443 0.0621 0.2304
44.0 -0.8848 0.0741 0.2141 -0.8125 0.0534 0.2425 -0.8048 0.0446 0.2522 -0.8053 0.0476 0.2491 -0.8068 0.056 0.2404 -0.8088 0.0673 0.2286 -0.8365 0.0495 0.244 -0.8347 0.0546 0.239 -0.8334 0.0621 0.2314 -0.8322 0.0703 0.2233 -0.8443 0.0621 0.2304
44.0 -0.8848 0.0741 0.2141 -0.8125 0.0534 0.2425 -0.8048 0.0446 0.2522 -0.8053 0.0476 0.2491 -0.8068 0.056 0.2404 -0.8088 0.0673 0.2286 -0.8365 0.0495 0.244 -0.8347 0.0546 0.239 -0.8334 0.0621 0.2314 -0.8322 0.0703 0.2233 -0.8443 0.0621 0.2304
44.0 -0.8848 0.0741 0.2141 -0.8125 0.0534 0.2425 -0.8048 0.0446 0.2522 -0.8053 0.0476 0.2491 -0.8068 0.056 0.2404 -0.8088 0.0673 0.2286 -0.8365 0.0495 0.244 -0.8347 0.0546 0.239 -0.8334 0.0621 0.2314 -0.8322 0.0703 0.2233 -0.8443 0.0621 0.2304
44.0 -0.8848 0.0741 0.2141 -0.8125 0.0534 0.2425 -0.8048 0.0446 0.2522 -0.8053 0.0476 0.2491 -0.8068 0.056 0.2404 -0.8088 0.0673 0.2286 -0.8365 0.0495 0.244 -0.8347 0.0546 0.239 -0.8334 0.0621 0.2314 -0.8322 0.0703 0.2233 -0.8443 0.0621 0.2304
44.0 -0.8848 0.0741 0.2141 -0.8125 0.0534 0.2425 -0.8048 0.0446 0.2522 -0.8053 0.0476 0.2491 -0.8068 0.056 0.2404 -0.8088 0.0673 0.2286 -0.8365 0.0495 0.244 -0.8347 0.0546 0.239 -0.8334 0.0621 0.2314 -0.8322 0.0703 0.2233 -0.8443 0.0621 0.2304
44.0 -0.8848 0.0741 0.2141 -0.8125 0.0534 0.2425 -0.8048 0.0446 0.2522 -0.8053 0.0476 0.2491 -0.8068 0.056 0.2404 -0.8088 0.0673 0.2286 -0.8365 0.0495 0.244 -0.8347 0.0546 0.239 -0.8334 0.0621 0.2314 -0.8322 0.0703 0.2233 -0.8443 0.0621 0.2304
44.0 -0.8848 0.0741 0.2141 -0.8125 0.0534 0.2425 -0.8048 0.0446 0.2522 -0.8053 0.0476 0.2491 -0.8068 0.056 0.2404 -0.8088 0.0673 0.2286 -0.8365 0.0495 0.244 -0.8347 0.0546 0.239 -0.8334 0.0621 0.2314 -0.8322 0.0703 0.2233 -0.8443 0.0621 0.2304
44.0 -0.8848 0.0741 0.2141 -0.8125 0.0534 0.2425 -0.8048 0.0446 0.2522 -0.8053 0.0476 0.2491 -0.8068 0.056 0.2404 -0.8088 0.0673 0.2286 -0.8365 0.0495 0.244 -0.8347 0.0546 0.239 -0.8334 0.0621 0.2314 -0.8322 0.0703 0.2233 -0.8443 0.0621 0.2304
44.0 -0.8848 0.0741 0.2141 -0.8125 0.0534 0.2425 -0.8048 0.0446 0.2522 -0.8053 0.0476 0.2491 -0.8068 0.056 0.2404 -0.8088 0.0673 0.2286 -0.8365 0.0495 0.244 -0.8347 0.0546 0.239 -0.8334 0.0621 0.2314 -0.8322 0.0703 0.2233 -0.8443 0.0621 0.2304
44.0 -0.8848 0.0741 0.2141 -0.8125 0.0534 0.2425 -0.8048 0.0446 0.2522 -0.8053 0.0476 0.2491 -0.8068 0.056 0.2404 -0.8088 0.0673 0.2286 -0.8365 0.0495 0.244 -0.8347 0.0546 0.239 -0.8334 0.0621 0.2314 -0.8322 0.0703 0.2233 -0.8443 0.0621 0.2304
44.0 -0.8848 0.0741 0.2141 -0.8125 0.0534 0.2425 -0.8048 0.0446 0.2522 -0.8053 0.0476 0.2491 -0.8068 0.056 0.2404 -0.8088 0.0673 0.2286 -0.8365 0.0495 0.244 -0.8347 0.0546 0.239 -0.8334 0.0621 0.2314 -0.8322 0.0703 0.2233 -0.8443 0.0621 0.2304
44.0 -0.8848 0.0741 0.2141 -0.8125 0.0534 0.2425 -0.8048 0.0446 0.2522 -0.8053 0.0476 0.2491 -0.8068 0.056 0.2404 -0.8088 0.0673 0.2286 -0.8365 0.0495 0.244 -0.8347 0.0546 0.239 -0.8334 0.0621 0.2314 -0.8322 0.0703 0.2233 -0.8443 0.0621 0.2304
44.0 -0.8848 0.0741 0.2141 -0.8125 0.0534 0.2425 -0.8048 0.0446 0.2522 -0.8053 0.0476 0.2491 -0.8068 0.056 0.2404 -0.8088 0.0673 0.2286 -0.8365 0.0495 0.244 -0.8347 0.0546 0.239 -0.8334 0.0621 0.2314 -0.8322 0.0703 0.2233 -0.8443 0.0621 0.2304
44.0 -0.8848 0.0741 0.2141 -0.8125 0.0534 0.2425 -0.8048 0.0446 0.2522 -0.8053 0.0476 0.2491 -0.8068 0.056 0.2404 -0.8088 0.0673 0.2286 -0.8365 0.0495 0.244 -0.8347 0.0546 0.239 -0.8334 0.0621 0.2314 -0.8322 0.0703 0.2233 -0.8443 0.0621 0.2304
44.0 -0.8848 0.0741 0.2141 -0.8125 0.0534 0.2425 -0.8048 0.0446 0.2522 -0.8053 0.0476 0.2491 -0.8068 0.056 0.2404 -0.8088 0.0673 0.2286 -0.8365 0.0495 0.244 -0.8347 0.0546 0.239 -0.8334 0.0621 0.2314 -0.8322 0.0703 0.2233 -0.8443 0.0621 0.2304
44.0 -0.8848 0.0741 0.2141 -0.8125 0.0534 0.2425 -0.8048 0.0446 0.2522 -0.8053 0.0476 0.2491 -0.8068 0.056 0.2404 -0.8088 0.0673 0.2286 -0.8365 0.0495 0.244 -0.8347 0.0546 0.239 -0.8334 0.0621 0.2314 -0.8322 0.0703 0.2233 -0.8443 0.0621 0.2304
44.0 -0.8848 0.0741 0.2141 -0.8125 0.0534 0.2425 -0.8048 0.0446 0.2522 -0.8053 0.0476 0.2491 -0.8068 0.056 0.2404 -0.8088 0.0673 0.2286 -0.8365 0.0495 0.244 -0.8347 0.0546 0.239 -0.8334 0.0621 0.2314 -0.8322 0.0703 0.2233 -0.8443 0.0621 0.2304
44.0 -0.8848 0.0741 0.2141 -0.8125 0.0534 0.2425 -0.8048 0.0446 0.2522 -0.8053 0.0476 0.2491 -0.8068 0.056 0.2404 -0.8088 0.0673 0.2286 -0.8365 0.0495 0.244 -0.8347 0.0546 0.239 -0.8334 0.0621 0.2314 -0.8322 0.0703 0.2233 -0.8443 0.0621 0.2304
44.0 -0.8848 0.0741 0.2141 -0.8125 0.0534 0.2425 -0.8048 0.0446 0.2522 -0.8053 0.0476 0.2491 -0.8068 0.056 0.2404 -0.8088 0.0673 0.2286 -0.8365 0.0495 0.244 -0.8347 0.0546 0.239 -0.8334 0.0621 0.2314 -0.8322 0.0703 0.2233 -0.8443 0.0621 0.2304
44.0 -0.8848 0.0741 0.2141 -0.8125 0.0534 0.2425 -0.8048 0.0446 0.2522 -0.8053 0.0476 0.2491 -0.8068 0.056 0.2404 -0.8088 0.0673 0.2286 -0.8365 0.0495 0.244 -0.8347 0.0546 0.239 -0.8334 0.0621 0.2314 -0.8322 0.0703 0.2233 -0.8443 0.0621 0.2304
44.0 -0.8848 0.0741 0.2141 -0.8125 0.0534 0.2425 -0.8048 0.0446 0.2522 -0.8053 0.0476 0.2491 -0.8068 0.056 0.2404 -0.8088 0.0673 0.2286 -0.8365 0.0495 0.244 -0.8347 0.0546 0.239 -0.8334 0.0621 0.2314 -0.8322 0.0703 0.2233 -0.8443 0.0621 0.2304
44.0 -0.8848 0.0741 0.2141 -0.8125 0.0534 0.2425 -0.8048 0.0446 0.2522 -0.8053 0.0476 0.2491 -0.8068 0.056 0.2404 -0.8088 0.0673 0.2286 -0.8365 0.0495 0.244 -0.8347 0.0546 0.239 -0.8334 0.0621 0.2314 -0.8322 0.0703 0.2233 -0.8443 0.0621 0.2304
44.0 -0.8848 0.0741 0.2141 -0.8125 0.0534 0.2425 -0.8048 0.0446 0.2522 -0.8053 0.0476 0.2491 -0.8068 0.056 0.2404 -0.8088 0.0673 0.2286 -0.8365 0.0495 0.244 -0.8347 0.0546 0.239 -0.8334 0.0621 0.2314 -0.8322 0.0703 0.2233 -0.8443 0.0621 0.2304
44.0 -0.8848 0.0741 0.2141 -0.8125 0.0534 0.2425 -0.8048 0.0446 0.2522 -0.8053 0.0476 0.2491 -0.8068 0.056 0.2404 -0.8088 0.0673 0.2286 -0.8365 0.0495 0.244 -0.8347 0.0546 0.239 -0.8334 0.0621 0.2314 -0.8322 0.0703 0.2233 -0.8443 0.0621 0.2304
44.0 -0.8848 0.0741 0.2141 -0.8125 0.0534 0.2425 -0.8048 0.0446 0.2522 -0.8053 0.0476 0.2491 -0.8068 0.056 0.2404 -0.8088 0.0673 0.2286 -0.8365 0.0495 0.244 -0.8347 0.0546 0.239 -0.8334 0.0621 0.2314 -0.8322 0.0703 0.2233 -0.8443 0.0621 0.2304
44.0 -0.8848 0.0741 0.2141 -0.8125 0.0534 0.2425 -0.8048 0.0446 0.2522 -0.8053 0.0476 0.2491 -0.8068 0.056 0.2404 -0.8088 0.0673 0.2286 -0.8365 0.0495 0.244 -0.8347 0.0546 0.239 -0.8334 0.0621 0.2314 -0.8322 0.0703 0.2233 -0.8443 0.0621 0.2304
44.0 -0.8848 0.0741 0.2141 -0.8125 0.0534 0.2425 -0.8048 0.0446 0.2522 -0.8053 0.0476 0.2491 -0.8068 0.056 0.2404 -0.8088 0.0673 0.2286 -0.8365 0.0495 0.244 -0.8347 0.0546 0.239 -0.8334 0.0621 0.2314 -0.8322 0.0703 0.2233 -0.8443 0.0621 0.2304
44.0 -0.8848 0.0741 0.2141 -0.8125 0.0534 0.2425 -0.8048 0.0446 0.2522 -0.8053 0.0476 0.2491 -0.8068 0.056 0.2404 -0.8088 0.0673 0.2286 -0.8365 0.0495 0.244 -0.8347 0.0546 0.239 -0.8334 0.0621 0.2314 -0.8322 0.0703 0.2233 -0.8443 0.0621 0.2304
44.0 -0.8848 0.0741 0.2141 -0.8125 0.0534 0.2425 -0.8048 0.0446 0.2522 -0.8053 0.0476 0.2491 -0.8068 0.056 0.2404 -0.8088 0.0673 0.2286 -0.8365 0.0495 0.244 -0.8347 0.0546 0.239 -0.8334 0.0621 0.2314 -0.8322 0.0703 0.2233 -0.8443 0.0621 0.2304
44.0 -0.8848 0.0741 0.2141 -0.8125 0.0534 0.2425 -0.8048 0.0446 0.2522 -0.8053 0.0476 0.2491 -0.8068 0.056 0.2404 -0.8088 0.0673 0.2286 -0.8365 0.0495 0.244 -0.8347 0.0546 0.239 -0.8334 0.0621 0.2314 -0.8322 0.0703 0.2233 -0.8443 0.0621 0.2304
44.0 -0.8848 0.0741 0.2141 -0.8125 0.0534 0.2425 -0.8048 0.0446 0.2522 -0.8053 0.0476 0.2491 -0.8068 0.056 0.2404 -0.8088 0.0673 0.2286 -0.8365 0.0495 0.244 -0.8347 0.0546 0.239 -0.8334 0.0621 0.2314 -0.8322 0.0703 0.2233 -0.8443 0.0621 0.2304
44.0 -0.8848 0.0741 0.2141 -0.8125 0.0534 0.2425 -0.8048 0.0446 0.2522 -0.8053 0.0476 0.2491 -0.8068 0.056 0.2404 -0.8088 0.0673 0.2286 -0.8365 0.0495 0.244 -0.8347 0.0546 0.239 -0.8334 0.0621 0.2314 -0.8322 0.0703 0.2233 -0.8443 0.0621 0.2304
44.0 -0.8848 0.0741 0.2141 -0.8125 0.0534 0.2425 -0.8048 0.0446 0.2522 -0.8053 0.0476 0.2491 -0.8068 0.056 0.2404 -0.8088 0.0673 0.2286 -0.8365 0.0495 0.244 -0.8347 0.0546 0.239 -0.8334 0.0621 0.2314 -0.8322 0.0703 0.2233 -0.8443 0.0621 0.2304
44.0 -0.8848 0.0741 0.2141 -0.8125 0.0534 0.2425 -0.8048 0.0446 0.2522 -0.8053 0.0476 0.2491 -0.8068 0.056 0.2404 -0.8088 0.0673 0.2286 -0.8365 0.0495 0.244 -0.8347 0.0546 0.239 -0.8334 0.0621 0.2314 -0.8322 0.0703 0.2233 -0.8443 0.0621 0.2304
44.0 -0.8848 0.0741 0.2141 -0.8125 0.0534 0.2425 -0.8048 0.0446 0.2522 -0.8053 0.0476 0.2491 -0.8068 0.056 0.2404 -0.8088 0.0673 0.2286 -0.8365 0.0495 0.244 -0.8347 0.0546 0.239 -0.8334 0.0621 0.2314 -0.8322 0.0703 0.2233 -0.8443 0.0621 0.2304
44.0 -0.8848 0.0741 0.2141 -0.8125 0.0534 0.2425 -0.8048 0.0446 0.2522 -0.8053 0.0476 0.2491 -0.8068 0.056 0.2404 -0.8088 0.0673 0.2286 -0.8365 0.0495 0.244 -0.8347 0.0546 0.239 -0.8334 0.0621 0.2314 -0.8322 0.0703 0.2233 -0.8443 0.0621 0.2304
44.0 -0.8848 0.0741 0.2141 -0.8125 0.0534 0.2425 -0.8048 0.0446 0.2522 -0.8053 0.0476 0.2491 -0.8068 0.056 0.2404 -0.8088 0.0673 0.2286 -0.8365 0.0495 0.244 -0.8347 0.0546 0.239 -0.8334 0.0621 0.2314 -0.8322 0.0703 0.2233 -0.8443 0.0621 0.2304
44.0 -0.8848 0.0741 0.2141 -0.8125 0.0534 0.2425 -0.8048 0.0446 0.2522 -0.8053 0.0476 0.2491 -0.8068 0.056 0.2404 -0.8088 0.0673 0.2286 -0.8365 0.0495 0.244 -0.8347 0.0546 0.239 -0.8334 0.0621 0.2314 -0.8322 0.0703 0.2233 -0.8443 0.0621 0.2304
44.0 -0.8848 0.0741 0.2141 -0.8125 0.0534 0.2425 -0.8048 0.0446 0.2522 -0.8053 0.0476 0.2491 -0.8068 0.056 0.2404 -0.8088 0.0673 0.2286 -0.8365 0.0495 0.244 -0.8347 0.0546 0.239 -0.8334 0.0621 0.2314 -0.8322 0.0703 0.2233 -0.8443 0.0621 0.2304
44.0 -0.8848 0.0741 0.2141 -0.8125 0.0534 0.2425 -0.8048 0.0446 0.2522 -0.8053 0.0476 0.2491 -0.8068 0.056 0.2404 -0.8088 0.0673 0.2286 -0.8365 0.0495 0.244 -0.8347 0.0546 0.239 -0.8334 0.0621 0.2314 -0.8322 0.0703 0.2233 -0.8443 0.0621 0.2304
44.0 -0.8848 0.0741 0.2141 -0.8125 0.0534 0.2425 -0.8048 0.0446 0.2522 -0.8053 0.0476 0.2491 -0.8068 0.056 0.2404 -0.8088 0.0673 0.2286 -0.8365 0.0495 0.244 -0.8347 0.0546 0.239 -0.8334 0.0621 0.2314 -0.8322 0.0703 0.2233 -0.8443 0.0621 0.2304
176.0 -0.8599 0.0879 0.2025 -0.8129 0.0906 0.2044 -0.8092 0.0697 0.2261 -0.8074 0.0595 0.2367 -0.8063 0.053 0.2435 -0.8051 0.0464 0.2503 -0.8101 0.0751 0.2205 -0.8089 0.0679 0.228 -0.8102 0.0604 0.2355 -0.8159 0.0529 0.2426 -0.821 0.0688 0.2258
177.0 -0.8742 0.0945 0.1943 -0.8136 0.0948 0.2001 -0.8095 0.0715 0.2243 -0.8076 0.0607 0.2354 -0.8061 0.0518 0.2447 -0.8049 0.0452 0.2516 -0.8112 0.081 0.2143 -0.8151 0.0732 0.222 -0.8225 0.0654 0.2291 -0.831 0.0588 0.2351 -0.8308 0.0746 0.219
178.0 -0.8917 0.094 0.1931 -0.8146 0.0604 0.2351 -0.8083 0.0643 0.2317 -0.8105 0.0768 0.2187 -0.8124 0.0882 0.2069 -0.8145 0.1001 0.1945 -0.8394 0.0662 0.2267 -0.8345 0.0785 0.2146 -0.8322 0.0904 0.2027 -0.8308 0.1028 0.1901 -0.8457 0.0864 0.2054
179.0 -0.9075 0.0986 0.1868 -0.8185 0.0623 0.2327 -0.81 0.0745 0.2212 -0.8128 0.09 0.205 -0.8146 0.1007 0.1939 -0.8166 0.1121 0.1821 -0.8464 0.0763 0.2157 -0.8442 0.0888 0.2031 -0.8453 0.1002 0.1913 -0.8479 0.1097 0.1814 -0.8583 0.0947 0.1957
180.0 -0.9298 0.1004 0.1827 -0.8343 0.0675 0.2258 -0.8125 0.0888 0.2063 -0.8147 0.1013 0.1932 -0.8168 0.1132 0.1808 -0.8195 0.1233 0.1703 -0.8614 0.0816 0.2088 -0.8609 0.0939 0.1963 -0.8638 0.1051 0.1845 -0.869 0.1148 0.1741 -0.877 0.0991 0.1893
181.0 -0.9506 0.1037 0.1773 -0.8586 0.0752 0.2155 -0.8261 0.0961 0.1974 -0.8219 0.112 0.1816 -0.8281 0.1221 0.1706 -0.8442 0.1291 0.1619 -0.885 0.0857 0.2022 -0.8854 0.0979 0.1897 -0.8891 0.109 0.178 -0.8945 0.1199 0.1664 -0.9009 0.1032 0.1827
182.0 -0.9695 0.1061 0.173 -0.8753 0.0803 0.2087 -0.8509 0.1019 0.189 -0.8438 0.1163 0.175 -0.8465 0.127 0.1639 -0.8629 0.1351 0.1539 -0.9115 0.0913 0.1939 -0.9119 0.1035 0.1814 -0.9147 0.1147 0.1696 -0.9184 0.1258 0.1579 -0.9252 0.1083 0.1752
183.0 -0.9871 0.111 0.1662 -0.8972 0.0847 0.2021 -0.8704 0.1078 0.181 -0.8633 0.1222 0.167 -0.8678 0.1332 0.1553 -0.8841 0.1408 0.146 -0.929 0.0957 0.1877 -0.9293 0.1072 0.1758 -0.9322 0.1191 0.1634 -0.9375 0.1293 0.1524 -0.943 0.1125 0.1691
184.0 -1.0018 0.1145 0.1611 -0.9131 0.0905 0.1946 -0.8909 0.1142 0.1725 -0.8848 0.1297 0.1572 -0.8881 0.1384 0.148 -0.906 0.1452 0.1393 -0.9458 0.1013 0.1802 -0.9469 0.1128 0.1684 -0.9497 0.1234 0.1572 -0.955 0.1337 0.1462 -0.9599 0.1172 0.1626
185.0 -1.0215 0.1168 0.1569 -0.9297 0.095 0.1883 -0.9087 0.1204 0.1644 -0.9041 0.1344 0.1505 -0.9102 0.144 0.1401 -0.9271 0.1503 0.132 -0.9617 0.1065 0.1733 -0.9645 0.1177 0.1616 -0.969 0.1281 0.1505 -0.9769 0.1381 0.1396 -0.9787 0.1214 0.1564
186.0 -1.038 0.12 0.1519 -0.9482 0.0998 0.1815 -0.9278 0.1239 0.1589 -0.9233 0.1386 0.1444 -0.9285 0.1483 0.1339 -0.9473 0.1549 0.1253 -0.9816 0.1099 0.1679 -0.9828 0.1214 0.156 -0.9872 0.1318 0.145 -0.9943 0.1418 0.134 -0.9968 0.125 0.151
187.0 -1.0569 0.123 0.147 -0.9664 0.1034 0.176 -0.9487 0.1278 0.1528 -0.9457 0.141 0.1396 -0.9493 0.1516 0.1285 -0.9672 0.1583 0.1198 -1.0006 0.1129 0.163 -1.0018 0.1243 0.1511 -1.0062 0.1347 0.1401 -1.0123 0.1443 0.1297 -1.0156 0.1278 0.1462
188.0 -1.076 0.1314 0.1365 -0.9855 0.1571 0.1193 -0.9688 0.152 0.1261 -0.9649 0.1452 0.1335 -0.9709 0.134 0.1443 -0.9836 0.1109 0.1667 -1.0136 0.1417 0.1322 -1.0136 0.1319 0.1422 -1.017 0.121 0.153 -1.0236 0.1085 0.1651 -1.0288 0.1269 0.1458
189.0 -1.1034 0.1424 0.1226 -1.0532 0.1265 0.1438 -1.0522 0.1413 0.1287 -1.0538 0.1503 0.1194 -1.0609 0.1554 0.1135 -1.068 0.1612 0.1069 -1.0381 0.1512 0.1201 -1.0409 0.1618 0.1089 -1.0481 0.1681 0.1017 -1.0567 0.1719 0.0971 -1.0575 0.1591 0.1101
189.0 -1.1034 0.1424 0.1226 -1.0532 0.1265 0.1438 -1.0522 0.1413 0.1287 -1.0538 0.1503 0.1194 -1.0609 0.1554 0.1135 -1.068 0.1612 0.1069 -1.0381 0.1512 0.1201 -1.0409 0.1618 0.1089 -1.0481 0.1681 0.1017 -1.0567 0.1719 0.0971 -1.0575 0.1591 0.1101
189.0 -1.1034 0.1424 0.1226 -1.0532 0.1265 0.1438 -1.0522 0.1413 0.1287 -1.0538 0.1503 0.1194 -1.0609 0.1554 0.1135 -1.068 0.1612 0.1069 -1.0381 0.1512 0.1201 -1.0409 0.1618 0.1089 -1.0481 0.1681 0.1017 -1.0567 0.1719 0.0971 -1.0575 0.1591 0.1101
189.0 -1.1034 0.1424 0.1226 -1.0532 0.1265 0.1438 -1.0522 0.1413 0.1287 -1.0538 0.1503 0.1194 -1.0609 0.1554 0.1135 -1.068 0.1612 0.1069 -1.0381 0.1512 0.1201 -1.0409 0.1618 0.1089 -1.0481 0.1681 0.1017 -1.0567 0.1719 0.0971 -1.0575 0.1591 0.1101
189.0 -1.1034 0.1424 0.1226 -1.0532 0.1265 0.1438 -1.0522 0.1413 0.1287 -1.0538 0.1503 0.1194 -1.0609 0.1554 0.1135 -1.068 0.1612 0.1069 -1.0381 0.1512 0.1201 -1.0409 0.1618 0.1089 -1.0481 0.1681 0.1017 -1.0567 0.1719 0.0971 -1.0575 0.1591 0.1101
189.0 -1.1034 0.1424 0.1226 -1.0532 0.1265 0.1438 -1.0522 0.1413 0.1287 -1.0538 0.1503 0.1194 -1.0609 0.1554 0.1135 -1.068 0.1612 0.1069 -1.0381 0.1512 0.1201 -1.0409 0.1618 0.1089 -1.0481 0.1681 0.1017 -1.0567 0.1719 0.0971 -1.0575 0.1591 0.1101
189.0 -1.1034 0.1424 0.1226 -1.0532 0.1265 0.1438 -1.0522 0.1413 0.1287 -1.0538 0.1503 0.1194 -1.0609 0.1554 0.1135 -1.068 0.1612 0.1069 -1.0381 0.1512 0.1201 -1.0409 0.1618 0.1089 -1.0481 0.1681 0.1017 -1.0567 0.1719 0.0971 -1.0575 0.1591 0.1101
189.0 -1.1034 0.1424 0.1226 -1.0532 0.1265 0.1438 -1.0522 0.1413 0.1287 -1.0538 0.1503 0.1194 -1.0609 0.1554 0.1135 -1.068 0.1612 0.1069 -1.0381 0.1512 0.1201 -1.0409 0.1618 0.1089 -1.0481 0.1681 0.1017 -1.0567 0.1719 0.0971 -1.0575 0.1591 0.1101
189.0 -1.1034 0.1424 0.1226 -1.0532 0.1265 0.1438 -1.0522 0.1413 0.1287 -1.0538 0.1503 0.1194 -1.0609 0.1554 0.1135 -1.068 0.1612 0.1069 -1.0381 0.1512 0.1201 -1.0409 0.1618 0.1089 -1.0481 0.1681 0.1017 -1.0567 0.1719 0.0971 -1.0575 0.1591 0.1101
189.0 -1.1034 0.1424 0.1226 -1.0532 0.1265 0.1438 -1.0522 0.1413 0.1287 -1.0538 0.1503 0.1194 -1.0609 0.1554 0.1135 -1.068 0.1612 0.1069 -1.0381 0.1512 0.1201 -1.0409 0.1618 0.1089 -1.0481 0.1681 0.1017 -1.0567 0.1719 0.0971 -1.0575 0.1591 0.1101
189.0 -1.1034 0.1424 0.1226 -1.0532 0.1265 0.1438 -1.0522 0.1413 0.1287 -1.0538 0.1503 0.1194 -1.0609 0.1554 0.1135 -1.068 0.1612 0.1069 -1.0381 0.1512 0.1201 -1.0409 0.1618 0.1089 -1.0481 0.1681 0.1017 -1.0567 0.1719 0.0971 -1.0575 0.1591 0.1101
189.0 -1.1034 0.1424 0.1226 -1.0532 0.1265 0.1438 -1.0522 0.1413 0.1287 -1.0538 0.1503 0.1194 -1.0609 0.1554 0.1135 -1.068 0.1612 0.1069 -1.0381 0.1512 0.1201 -1.0409 0.1618 0.1089 -1.0481 0.1681 0.1017 -1.0567 0.1719 0.0971 -1.0575 0.1591 0.1101
189.0 -1.1034 0.1424 0.1226 -1.0532 0.1265 0.1438 -1.0522 0.1413 0.1287 -1.0538 0.1503 0.1194 -1.0609 0.1554 0.1135 -1.068 0.1612 0.1069 -1.0381 0.1512 0.1201 -1.0409 0.1618 0.1089 -1.0481 0.1681 0.1017 -1.0567 0.1719 0.0971 -1.0575 0.1591 0.1101
189.0 -1.1034 0.1424 0.1226 -1.0532 0.1265 0.1438 -1.0522 0.1413 0.1287 -1.0538 0.1503 0.1194 -1.0609 0.1554 0.1135 -1.068 0.1612 0.1069 -1.0381 0.1512 0.1201 -1.0409 0.1618 0.1089 -1.0481 0.1681 0.1017 -1.0567 0.1719 0.0971 -1.0575 0.1591 0.1101
189.0 -1.1034 0.1424 0.1226 -1.0532 0.1265 0.1438 -1.0522 0.1413 0.1287 -1.0538 0.1503 0.1194 -1.0609 0.1554 0.1135 -1.068 0.1612 0.1069 -1.0381 0.1512 0.1201 -1.0409 0.1618 0.1089 -1.0481 0.1681 0.1017 -1.0567 0.1719 0.0971 -1.0575 0.1591 0.1101
189.0 -1.1034 0.1424 0.1226 -1.0532 0.1265 0.1438 -1.0522 0.1413 0.1287 -1.0538 0.1503 0.1194 -1.0609 0.1554 0.1135 -1.068 0.1612 0.1069 -1.0381 0.1512 0.1201 -1.0409 0.1618 0.1089 -1.0481 0.1681 0.1017 -1.0567 0.1719 0.0971 -1.0575 0.1591 0.1101
189.0 -1.1034 0.1424 0.1226 -1.0532 0.1265 0.1438 -1.0522 0.1413 0.1287 -1.0538 0.1503 0.1194 -1.0609 0.1554 0.1135 -1.068 0.1612 0.1069 -1.0381 0.1512 0.1201 -1.0409 0.1618 0.1089 -1.0481 0.1681 0.1017 -1.0567 0.1719 0.0971 -1.0575 0.1591 0.1101
189.0 -1.1034 0.1424 0.1226 -1.0532 0.1265 0.1438 -1.0522 0.1413 0.1287 -1.0538 0.1503 0.1194 -1.0609 0.1554 0.1135 -1.068 0.1612 0.1069 -1.0381 0.1512 0.1201 -1.0409 0.1618 0.1089 -1.0481 0.1681 0.1017 -1.0567 0.1719 0.0971 -1.0575 0.1591 0.1101
189.0 -1.1034 0.1424 0.1226 -1.0532 0.1265 0.1438 -1.0522 0.1413 0.1287 -1.0538 0.1503 0.1194 -1.0609 0.1554 0.1135 -1.068 0.1612 0.1069 -1.0381 0.1512 0.1201 -1.0409 0.1618 0.1089 -1.0481 0.1681 0.1017 -1.0567 0.1719 0.0971 -1.0575 0.1591 0.1101
189.0 -1.1034 0.1424 0.1226 -1.0532 0.1265 0.1438 -1.0522 0.1413 0.1287 -1.0538 0.1503 0.1194 -1.0609 0.1554 0.1135 -1.068 0.1612 0.1069 -1.0381 0.1512 0.1201 -1.0409 0.1618 0.1089 -1.0481 0.1681 0.1017 -1.0567 0.1719 0.0971 -1.0575 0.1591 0.1101
189.0 -1.1034 0.1424 0.1226 -1.0532 0.1265 0.1438 -1.0522 0.1413 0.1287 -1.0538 0.1503 0.1194 -1.0609 0.1554 0.1135 -1.068 0.1612 0.1069 -1.0381 0.1512 0.1201 -1.0409 0.1618 0.1089 -1.0481 0.1681 0.1017 -1.0567 0.1719 0.0971 -1.0575 0.1591 0.1101
189.0 -1.1034 0.1424 0.1226 -1.0532 0.1265 0.1438 -1.0522 0.1413 0.1287 -1.0538 0.1503 0.1194 -1.0609 0.1554 0.1135 -1.068 0.1612 0.1069 -1.0381 0.1512 0.1201 -1.0409 0.1618 0.1089 -1.0481 0.1681 0.1017 -1.0567 0.1719 0.0971 -1.0575 0.1591 0.1101
189.0 -1.1034 0.1424 0.1226 -1.0532 0.1265 0.1438 -1.0522 0.1413 0.1287 -1.0538 0.1503 0.1194 -1.0609 0.1554 0.1135 -1.068 0.1612 0.1069 -1.0381 0.1512 0.1201 -1.0409 0.1618 0.1089 -1.0481 0.1681 0.1017 -1.0567 0.1719 0.0971 -1.0575 0.1591 0.1101
189.0 -1.1034 0.1424 0.1226 -1.0532 0.1265 0.1438 -1.0522 0.1413 0.1287 -1.0538 0.1503 0.1194 -1.0609 0.1554 0.1135 -1.068 0.1612 0.1069 -1.0381 0.1512 0.1201 -1.0409 0.1618 0.1089 -1.0481 0.1681 0.1017 -1.0567 0.1719 0.0971 -1.0575 0.1591 0.1101
189.0 -1.1034 0.1424 0.1226 -1.0532 0.1265 0.1438 -1.0522 0.1413 0.1287 -1.0538 0.1503 0.1194 -1.0609 0.1554 0.1135 -1.068 0.1612 0.1069 -1.0381 0.1512 0.1201 -1.0409 0.1618 0.1089 -1.0481 0.1681 0.1017 -1.0567 0.1719 0.0971 -1.0575 0.1591 0.1101
189.0 -1.1034 0.1424 0.1226 -1.0532 0.1265 0.1438 -1.0522 0.1413 0.1287 -1.0538 0.1503 0.1194 -1.0609 0.1554 0.1135 -1.068 0.1612 0.1069 -1.0381 0.1512 0.1201 -1.0409 0.1618 0.1089 -1.0481 0.1681 0.1017 -1.0567 0.1719 0.0971 -1.0575 0.1591 0.1101
