1.0 -1.42 -0.0744 0.3129 -1.3529 -0.1155 0.3615 -1.2814 -0.0771 0.3294 -1.277 -0.057 0.3092 -1.2889 -0.0494 0.3003 -1.313 -0.0423 0.2906 -1.3516 -0.0878 0.3333 -1.3512 -0.0755 0.3208 -1.3557 -0.0646 0.3091 -1.3636 -0.0546 0.2982 -1.3684 -0.0714 0.3149
2.0 -1.4234 -0.0749 0.313 -1.3532 -0.1143 0.3602 -1.2831 -0.0774 0.3294 -1.277 -0.057 0.3092 -1.2888 -0.05 0.3009 -1.3139 -0.0424 0.2906 -1.3534 -0.0881 0.3334 -1.3512 -0.0755 0.3208 -1.3557 -0.0646 0.3091 -1.3637 -0.054 0.2976 -1.3695 -0.0714 0.3148
3.0 -1.4173 -0.0747 0.3134 -1.3531 -0.1149 0.3609 -1.2822 -0.0772 0.3294 -1.277 -0.057 0.3092 -1.2879 -0.0499 0.3009 -1.3131 -0.0417 0.29 -1.3524 -0.0885 0.334 -1.3512 -0.0755 0.3208 -1.3556 -0.0651 0.3097 -1.3636 -0.0546 0.2982 -1.368 -0.0717 0.3152
4.0 -1.4201 -0.0739 0.3122 -1.3531 -0.1149 0.3609 -1.2822 -0.0772 0.3294 -1.277 -0.057 0.3092 -1.2879 -0.0499 0.3009 -1.314 -0.0418 0.29 -1.3525 -0.0879 0.3334 -1.3512 -0.0755 0.3208 -1.3556 -0.0651 0.3097 -1.3645 -0.0547 0.2982 -1.3688 -0.0714 0.3149
5.0 -1.4201 -0.0739 0.3122 -1.3533 -0.1137 0.3596 -1.2813 -0.0777 0.33 -1.2777 -0.0577 0.3099 -1.2888 -0.05 0.3009 -1.314 -0.0418 0.29 -1.3523 -0.0891 0.3346 -1.351 -0.0761 0.3214 -1.3548 -0.065 0.3097 -1.3637 -0.054 0.2976 -1.3684 -0.0716 0.3151
5.0 -1.4201 -0.0739 0.3122 -1.3533 -0.1137 0.3596 -1.2813 -0.0777 0.33 -1.2777 -0.0577 0.3099 -1.2888 -0.05 0.3009 -1.314 -0.0418 0.29 -1.3523 -0.0891 0.3346 -1.351 -0.0761 0.3214 -1.3548 -0.065 0.3097 -1.3637 -0.054 0.2976 -1.3684 -0.0716 0.3151
5.0 -1.4201 -0.0739 0.3122 -1.3533 -0.1137 0.3596 -1.2813 -0.0777 0.33 -1.2777 -0.0577 0.3099 -1.2888 -0.05 0.3009 -1.314 -0.0418 0.29 -1.3523 -0.0891 0.3346 -1.351 -0.0761 0.3214 -1.3548 -0.065 0.3097 -1.3637 -0.054 0.2976 -1.3684 -0.0716 0.3151
5.0 -1.4201 -0.0739 0.3122 -1.3533 -0.1137 0.3596 -1.2813 -0.0777 0.33 -1.2777 -0.0577 0.3099 -1.2888 -0.05 0.3009 -1.314 -0.0418 0.29 -1.3523 -0.0891 0.3346 -1.351 -0.0761 0.3214 -1.3548 -0.065 0.3097 -1.3637 -0.054 0.2976 -1.3684 -0.0716 0.3151
5.0 -1.4201 -0.0739 0.3122 -1.3533 -0.1137 0.3596 -1.2813 -0.0777 0.33 -1.2777 -0.0577 0.3099 -1.2888 -0.05 0.3009 -1.314 -0.0418 0.29 -1.3523 -0.0891 0.3346 -1.351 -0.0761 0.3214 -1.3548 -0.065 0.3097 -1.3637 -0.054 0.2976 -1.3684 -0.0716 0.3151
5.0 -1.4201 -0.0739 0.3122 -1.3533 -0.1137 0.3596 -1.2813 -0.0777 0.33 -1.2777 -0.0577 0.3099 -1.2888 -0.05 0.3009 -1.314 -0.0418 0.29 -1.3523 -0.0891 0.3346 -1.351 -0.0761 0.3214 -1.3548 -0.065 0.3097 -1.3637 -0.054 0.2976 -1.3684 -0.0716 0.3151
5.0 -1.4201 -0.0739 0.3122 -1.3533 -0.1137 0.3596 -1.2813 -0.0777 0.33 -1.2777 -0.0577 0.3099 -1.2888 -0.05 0.3009 -1.314 -0.0418 0.29 -1.3523 -0.0891 0.3346 -1.351 -0.0761 0.3214 -1.3548 -0.065 0.3097 -1.3637 -0.054 0.2976 -1.3684 -0.0716 0.3151
5.0 -1.4201 -0.0739 0.3122 -1.3533 -0.1137 0.3596 -1.2813 -0.0777 0.33 -1.2777 -0.0577 0.3099 -1.2888 -0.05 0.3009 -1.314 -0.0418 0.29 -1.3523 -0.0891 0.3346 -1.351 -0.0761 0.3214 -1.3548 -0.065 0.3097 -1.3637 -0.054 0.2976 -1.3684 -0.0716 0.3151
5.0 -1.4201 -0.0739 0.3122 -1.3533 -0.1137 0.3596 -1.2813 -0.0777 0.33 -1.2777 -0.0577 0.3099 -1.2888 -0.05 0.3009 -1.314 -0.0418 0.29 -1.3523 -0.0891 0.3346 -1.351 -0.0761 0.3214 -1.3548 -0.065 0.3097 -1.3637 -0.054 0.2976 -1.3684 -0.0716 0.3151
5.0 -1.4201 -0.0739 0.3122 -1.3533 -0.1137 0.3596 -1.2813 -0.0777 0.33 -1.2777 -0.0577 0.3099 -1.2888 -0.05 0.3009 -1.314 -0.0418 0.29 -1.3523 -0.0891 0.3346 -1.351 -0.0761 0.3214 -1.3548 -0.065 0.3097 -1.3637 -0.054 0.2976 -1.3684 -0.0716 0.3151
5.0 -1.4201 -0.0739 0.3122 -1.3533 -0.1137 0.3596 -1.2813 -0.0777 0.33 -1.2777 -0.0577 0.3099 -1.2888 -0.05 0.3009 -1.314 -0.0418 0.29 -1.3523 -0.0891 0.3346 -1.351 -0.0761 0.3214 -1.3548 -0.065 0.3097 -1.3637 -0.054 0.2976 -1.3684 -0.0716 0.3151
5.0 -1.4201 -0.0739 0.3122 -1.3533 -0.1137 0.3596 -1.2813 -0.0777 0.33 -1.2777 -0.0577 0.3099 -1.2888 -0.05 0.3009 -1.314 -0.0418 0.29 -1.3523 -0.0891 0.3346 -1.351 -0.0761 0.3214 -1.3548 -0.065 0.3097 -1.3637 -0.054 0.2976 -1.3684 -0.0716 0.3151
5.0 -1.4201 -0.0739 0.3122 -1.3533 -0.1137 0.3596 -1.2813 -0.0777 0.33 -1.2777 -0.0577 0.3099 -1.2888 -0.05 0.3009 -1.314 -0.0418 0.29 -1.3523 -0.0891 0.3346 -1.351 -0.0761 0.3214 -1.3548 -0.065 0.3097 -1.3637 -0.054 0.2976 -1.3684 -0.0716 0.3151
5.0 -1.4201 -0.0739 0.3122 -1.3533 -0.1137 0.3596 -1.2813 -0.0777 0.33 -1.2777 -0.0577 0.3099 -1.2888 -0.05 0.3009 -1.314 -0.0418 0.29 -1.3523 -0.0891 0.3346 -1.351 -0.0761 0.3214 -1.3548 -0.065 0.3097 -1.3637 -0.054 0.2976 -1.3684 -0.0716 0.3151
5.0 -1.4201 -0.0739 0.3122 -1.3533 -0.1137 0.3596 -1.2813 -0.0777 0.33 -1.2777 -0.0577 0.3099 -1.2888 -0.05 0.3009 -1.314 -0.0418 0.29 -1.3523 -0.0891 0.3346 -1.351 -0.0761 0.3214 -1.3548 -0.065 0.3097 -1.3637 -0.054 0.2976 -1.3684 -0.0716 0.3151
5.0 -1.4201 -0.0739 0.3122 -1.3533 -0.1137 0.3596 -1.2813 -0.0777 0.33 -1.2777 -0.0577 0.3099 -1.2888 -0.05 0.3009 -1.314 -0.0418 0.29 -1.3523 -0.0891 0.3346 -1.351 -0.0761 0.3214 -1.3548 -0.065 0.3097 -1.3637 -0.054 0.2976 -1.3684 -0.0716 0.3151
5.0 -1.4201 -0.0739 0.3122 -1.3533 -0.1137 0.3596 -1.2813 -0.0777 0.33 -1.2777 -0.0577 0.3099 -1.2888 -0.05 0.3009 -1.314 -0.0418 0.29 -1.3523 -0.0891 0.3346 -1.351 -0.0761 0.3214 -1.3548 -0.065 0.3097 -1.3637 -0.054 0.2976 -1.3684 -0.0716 0.3151
5.0 -1.4201 -0.0739 0.3122 -1.3533 -0.1137 0.3596 -1.2813 -0.0777 0.33 -1.2777 -0.0577 0.3099 -1.2888 -0.05 0.3009 -1.314 -0.0418 0.29 -1.3523 -0.0891 0.3346 -1.351 -0.0761 0.3214 -1.3548 -0.065 0.3097 -1.3637 -0.054 0.2976 -1.3684 -0.0716 0.3151
5.0 -1.4201 -0.0739 0.3122 -1.3533 -0.1137 0.3596 -1.2813 -0.0777 0.33 -1.2777 -0.0577 0.3099 -1.2888 -0.05 0.3009 -1.314 -0.0418 0.29 -1.3523 -0.0891 0.3346 -1.351 -0.0761 0.3214 -1.3548 -0.065 0.3097 -1.3637 -0.054 0.2976 -1.3684 -0.0716 0.3151
5.0 -1.4201 -0.0739 0.3122 -1.3533 -0.1137 0.3596 -1.2813 -0.0777 0.33 -1.2777 -0.0577 0.3099 -1.2888 -0.05 0.3009 -1.314 -0.0418 0.29 -1.3523 -0.0891 0.3346 -1.351 -0.0761 0.3214 -1.3548 -0.065 0.3097 -1.3637 -0.054 0.2976 -1.3684 -0.0716 0.3151
5.0 -1.4201 -0.0739 0.3122 -1.3533 -0.1137 0.3596 -1.2813 -0.0777 0.33 -1.2777 -0.0577 0.3099 -1.2888 -0.05 0.3009 -1.314 -0.0418 0.29 -1.3523 -0.0891 0.3346 -1.351 -0.0761 0.3214 -1.3548 -0.065 0.3097 -1.3637 -0.054 0.2976 -1.3684 -0.0716 0.3151
5.0 -1.4201 -0.0739 0.3122 -1.3533 -0.1137 0.3596 -1.2813 -0.0777 0.33 -1.2777 -0.0577 0.3099 -1.2888 -0.05 0.3009 -1.314 -0.0418 0.29 -1.3523 -0.0891 0.3346 -1.351 -0.0761 0.3214 -1.3548 -0.065 0.3097 -1.3637 -0.054 0.2976 -1.3684 -0.0716 0.3151
5.0 -1.4201 -0.0739 0.3122 -1.3533 -0.1137 0.3596 -1.2813 -0.0777 0.33 -1.2777 -0.0577 0.3099 -1.2888 -0.05 0.3009 -1.314 -0.0418 0.29 -1.3523 -0.0891 0.3346 -1.351 -0.0761 0.3214 -1.3548 -0.065 0.3097 -1.3637 -0.054 0.2976 -1.3684 -0.0716 0.3151
5.0 -1.4201 -0.0739 0.3122 -1.3533 -0.1137 0.3596 -1.2813 -0.0777 0.33 -1.2777 -0.0577 0.3099 -1.2888 -0.05 0.3009 -1.314 -0.0418 0.29 -1.3523 -0.0891 0.3346 -1.351 -0.0761 0.3214 -1.3548 -0.065 0.3097 -1.3637 -0.054 0.2976 -1.3684 -0.0716 0.3151
5.0 -1.4201 -0.0739 0.3122 -1.3533 -0.1137 0.3596 -1.2813 -0.0777 0.33 -1.2777 -0.0577 0.3099 -1.2888 -0.05 0.3009 -1.314 -0.0418 0.29 -1.3523 -0.0891 0.3346 -1.351 -0.0761 0.3214 -1.3548 -0.065 0.3097 -1.3637 -0.054 0.2976 -1.3684 -0.0716 0.3151
5.0 -1.4201 -0.0739 0.3122 -1.3533 -0.1137 0.3596 -1.2813 -0.0777 0.33 -1.2777 -0.0577 0.3099 -1.2888 -0.05 0.3009 -1.314 -0.0418 0.29 -1.3523 -0.0891 0.3346 -1.351 -0.0761 0.3214 -1.3548 -0.065 0.3097 -1.3637 -0.054 0.2976 -1.3684 -0.0716 0.3151
5.0 -1.4201 -0.0739 0.3122 -1.3533 -0.1137 0.3596 -1.2813 -0.0777 0.33 -1.2777 -0.0577 0.3099 -1.2888 -0.05 0.3009 -1.314 -0.0418 0.29 -1.3523 -0.0891 0.3346 -1.351 -0.0761 0.3214 -1.3548 -0.065 0.3097 -1.3637 -0.054 0.2976 -1.3684 -0.0716 0.3151
5.0 -1.4201 -0.0739 0.3122 -1.3533 -0.1137 0.3596 -1.2813 -0.0777 0.33 -1.2777 -0.0577 0.3099 -1.2888 -0.05 0.3009 -1.314 -0.0418 0.29 -1.3523 -0.0891 0.3346 -1.351 -0.0761 0.3214 -1.3548 -0.065 0.3097 -1.3637 -0.054 0.2976 -1.3684 -0.0716 0.3151
5.0 -1.4201 -0.0739 0.3122 -1.3533 -0.1137 0.3596 -1.2813 -0.0777 0.33 -1.2777 -0.0577 0.3099 -1.2888 -0.05 0.3009 -1.314 -0.0418 0.29 -1.3523 -0.0891 0.3346 -1.351 -0.0761 0.3214 -1.3548 -0.065 0.3097 -1.3637 -0.054 0.2976 -1.3684 -0.0716 0.3151
5.0 -1.4201 -0.0739 0.3122 -1.3533 -0.1137 0.3596 -1.2813 -0.0777 0.33 -1.2777 -0.0577 0.3099 -1.2888 -0.05 0.3009 -1.314 -0.0418 0.29 -1.3523 -0.0891 0.3346 -1.351 -0.0761 0.3214 -1.3548 -0.065 0.3097 -1.3637 -0.054 0.2976 -1.3684 -0.0716 0.3151
5.0 -1.4201 -0.0739 0.3122 -1.3533 -0.1137 0.3596 -1.2813 -0.0777 0.33 -1.2777 -0.0577 0.3099 -1.2888 -0.05 0.3009 -1.314 -0.0418 0.29 -1.3523 -0.0891 0.3346 -1.351 -0.0761 0.3214 -1.3548 -0.065 0.3097 -1.3637 -0.054 0.2976 -1.3684 -0.0716 0.3151
5.0 -1.4201 -0.0739 0.3122 -1.3533 -0.1137 0.3596 -1.2813 -0.0777 0.33 -1.2777 -0.0577 0.3099 -1.2888 -0.05 0.3009 -1.314 -0.0418 0.29 -1.3523 -0.0891 0.3346 -1.351 -0.0761 0.3214 -1.3548 -0.065 0.3097 -1.3637 -0.054 0.2976 -1.3684 -0.0716 0.3151
37.0 -1.3986 -0.0758 0.3164 -1.3535 -0.1125 0.3584 -1.2815 -0.0765 0.3287 -1.277 -0.057 0.3092 -1.2859 -0.0466 0.2977 -1.3161 -0.0348 0.2826 -1.3441 -0.0856 0.3318 -1.3435 -0.0739 0.3199 -1.3488 -0.0636 0.3089 -1.3593 -0.054 0.298 -1.3589 -0.0706 0.315
38.0 -1.4086 -0.0741 0.3137 -1.3507 -0.1133 0.3595 -1.279 -0.0756 0.328 -1.2746 -0.0554 0.3079 -1.286 -0.046 0.2971 -1.3153 -0.0341 0.282 -1.3466 -0.0865 0.3325 -1.3452 -0.0741 0.32 -1.3498 -0.0631 0.3083 -1.3604 -0.053 0.2968 -1.3621 -0.0702 0.3142
39.0 -1.4158 -0.0733 0.3121 -1.3489 -0.1137 0.3601 -1.2775 -0.0742 0.3267 -1.274 -0.0541 0.3066 -1.2853 -0.0447 0.2958 -1.3171 -0.0337 0.2814 -1.3467 -0.0859 0.3319 -1.3452 -0.0741 0.32 -1.3498 -0.0631 0.3083 -1.3604 -0.053 0.2968 -1.3636 -0.0699 0.3138
40.0 -1.406 -0.0738 0.3136 -1.3464 -0.1128 0.3593 -1.2739 -0.0749 0.3278 -1.2703 -0.0549 0.3077 -1.2826 -0.0449 0.2963 -1.313 -0.0325 0.2806 -1.3413 -0.0864 0.3329 -1.34 -0.074 0.3204 -1.3444 -0.0636 0.3093 -1.355 -0.0535 0.2979 -1.3574 -0.0703 0.3148
41.0 -1.4078 -0.0734 0.313 -1.3428 -0.1129 0.3598 -1.2703 -0.075 0.3283 -1.2658 -0.0555 0.3088 -1.2774 -0.0448 0.2967 -1.3083 -0.0337 0.2823 -1.3403 -0.0875 0.3341 -1.3379 -0.0756 0.3222 -1.3425 -0.0646 0.3105 -1.3523 -0.0537 0.2984 -1.3562 -0.071 0.3156
42.0 -1.4097 -0.0731 0.3125 -1.3395 -0.1118 0.3591 -1.2651 -0.0749 0.3287 -1.2613 -0.0561 0.3098 -1.2752 -0.047 0.2991 -1.3054 -0.0352 0.2841 -1.3376 -0.0878 0.3347 -1.3354 -0.0752 0.3221 -1.3398 -0.0649 0.311 -1.3497 -0.054 0.2989 -1.3544 -0.071 0.3158
43.0 -1.4027 -0.0727 0.3128 -1.3341 -0.1123 0.3601 -1.2605 -0.0755 0.3298 -1.2559 -0.0566 0.3109 -1.2665 -0.0464 0.2994 -1.2986 -0.0342 0.2838 -1.3325 -0.0865 0.3338 -1.3301 -0.0751 0.3225 -1.3346 -0.0648 0.3114 -1.3444 -0.0539 0.2993 -1.3489 -0.0706 0.316
44.0 -1.3968 -0.0713 0.312 -1.3308 -0.1113 0.3594 -1.2553 -0.0754 0.3302 -1.2499 -0.0558 0.3106 -1.2632 -0.0453 0.2987 -1.2961 -0.0333 0.2831 -1.3298 -0.0867 0.3344 -1.3257 -0.0752 0.323 -1.3293 -0.0647 0.3118 -1.3392 -0.0532 0.2991 -1.3442 -0.0702 0.316
45.0 -1.3942 -0.071 0.3119 -1.3275 -0.1102 0.3586 -1.251 -0.0748 0.33 -1.2458 -0.054 0.3092 -1.2596 -0.0461 0.2998 -1.2908 -0.0332 0.2835 -1.3247 -0.086 0.3342 -1.3214 -0.0746 0.3228 -1.3259 -0.0642 0.3117 -1.3349 -0.0526 0.299 -1.3402 -0.0697 0.3159
46.0 -1.3699 -0.0689 0.3122 -1.322 -0.1064 0.3553 -1.2441 -0.0739 0.3298 -1.2396 -0.0544 0.3102 -1.2519 -0.0444 0.2989 -1.2858 -0.0319 0.2827 -1.3111 -0.083 0.3324 -1.3096 -0.0718 0.3211 -1.3158 -0.0616 0.3101 -1.3264 -0.0514 0.2986 -1.3266 -0.0673 0.3149
47.0 -1.3659 -0.0665 0.3101 -1.3168 -0.1057 0.3551 -1.2407 -0.0735 0.3296 -1.2363 -0.0533 0.3095 -1.2488 -0.0422 0.2969 -1.2827 -0.0296 0.2807 -1.3102 -0.0834 0.333 -1.308 -0.0709 0.3204 -1.3133 -0.0607 0.3094 -1.323 -0.0504 0.2979 -1.3241 -0.0664 0.3141
48.0 -1.3832 -0.0683 0.3102 -1.3134 -0.1053 0.3549 -1.2394 -0.0708 0.3271 -1.235 -0.0507 0.3069 -1.248 -0.0415 0.2962 -1.2809 -0.0294 0.2806 -1.3131 -0.082 0.3312 -1.3108 -0.0701 0.3192 -1.3151 -0.0603 0.3088 -1.3241 -0.0493 0.2967 -1.3293 -0.066 0.3132
49.0 -1.3704 -0.0659 0.3091 -1.3076 -0.1033 0.3535 -1.2343 -0.0695 0.3263 -1.2305 -0.0513 0.308 -1.2428 -0.0414 0.2966 -1.2776 -0.0284 0.2799 -1.3047 -0.0797 0.3296 -1.303 -0.069 0.3189 -1.3075 -0.0587 0.3079 -1.3181 -0.0485 0.2964 -1.3207 -0.0644 0.3124
50.0 -1.3601 -0.0645 0.3087 -1.3035 -0.1015 0.3521 -1.2292 -0.0688 0.3261 -1.2253 -0.0506 0.3078 -1.2386 -0.0402 0.2958 -1.2716 -0.0275 0.2796 -1.2987 -0.0788 0.3294 -1.2971 -0.0676 0.3181 -1.3015 -0.0578 0.3076 -1.3121 -0.0477 0.2962 -1.3139 -0.0633 0.312
51.0 -1.3523 -0.0641 0.309 -1.2983 -0.1008 0.3519 -1.2239 -0.0687 0.3265 -1.2211 -0.0494 0.307 -1.2343 -0.0396 0.2957 -1.2674 -0.0264 0.2788 -1.2918 -0.0779 0.3291 -1.2911 -0.0668 0.3179 -1.2963 -0.0571 0.3074 -1.3069 -0.047 0.296 -1.3077 -0.0626 0.3119
52.0 -1.3538 -0.0606 0.3053 -1.2934 -0.0989 0.3504 -1.2197 -0.0676 0.3257 -1.214 -0.0497 0.308 -1.2273 -0.0393 0.296 -1.2613 -0.0262 0.2792 -1.2903 -0.0765 0.3278 -1.2868 -0.0662 0.3177 -1.2912 -0.0564 0.3072 -1.3016 -0.0469 0.2964 -1.3047 -0.0613 0.3109
53.0 -1.3563 -0.061 0.3054 -1.2856 -0.0984 0.3507 -1.2129 -0.066 0.3248 -1.2099 -0.0485 0.3072 -1.2204 -0.0384 0.2958 -1.2544 -0.0252 0.279 -1.2869 -0.076 0.3277 -1.2843 -0.0653 0.317 -1.2878 -0.0554 0.3065 -1.2967 -0.045 0.295 -1.3024 -0.0605 0.3103
54.0 -1.348 -0.0586 0.3038 -1.2798 -0.0964 0.3493 -1.2061 -0.0651 0.3246 -1.2004 -0.0473 0.3069 -1.2126 -0.0379 0.2961 -1.2458 -0.0241 0.2786 -1.2807 -0.0758 0.3281 -1.2765 -0.0649 0.3173 -1.28 -0.0549 0.3068 -1.289 -0.0439 0.2947 -1.2948 -0.0596 0.3101
55.0 -1.3446 -0.0576 0.3031 -1.2684 -0.0961 0.3501 -1.1963 -0.0656 0.3261 -1.1925 -0.0474 0.3078 -1.2047 -0.0381 0.297 -1.2386 -0.0249 0.2802 -1.2739 -0.0749 0.3278 -1.2705 -0.064 0.3171 -1.2731 -0.054 0.3065 -1.2829 -0.0431 0.2944 -1.289 -0.0587 0.3098
56.0 -1.3339 -0.0586 0.3052 -1.2604 -0.0914 0.346 -1.1834 -0.0639 0.3256 -1.1829 -0.0467 0.308 -1.1959 -0.0381 0.2979 -1.2299 -0.0244 0.2805 -1.2619 -0.0727 0.3267 -1.2603 -0.0621 0.316 -1.2645 -0.0529 0.3062 -1.2742 -0.0426 0.2947 -1.279 -0.0577 0.3098
57.0 -1.3264 -0.0563 0.3036 -1.2539 -0.0881 0.3433 -1.1808 -0.0635 0.3255 -1.1761 -0.0452 0.3072 -1.1891 -0.0366 0.297 -1.2223 -0.0227 0.2796 -1.2541 -0.0722 0.327 -1.2515 -0.0621 0.317 -1.2549 -0.0528 0.3071 -1.2655 -0.042 0.295 -1.2705 -0.0571 0.3099
58.0 -1.3178 -0.0552 0.3033 -1.2439 -0.0904 0.3466 -1.1703 -0.0633 0.3263 -1.1649 -0.0443 0.3074 -1.1794 -0.0365 0.2979 -1.2127 -0.022 0.2799 -1.2465 -0.0706 0.3261 -1.243 -0.0603 0.316 -1.2472 -0.0511 0.3062 -1.2568 -0.0414 0.2953 -1.2623 -0.0557 0.3094
59.0 -1.3064 -0.0548 0.3041 -1.2337 -0.0884 0.3456 -1.1627 -0.0617 0.3254 -1.1587 -0.0441 0.3077 -1.1707 -0.0359 0.2982 -1.2057 -0.0223 0.2808 -1.2387 -0.0695 0.3258 -1.236 -0.06 0.3164 -1.2393 -0.0513 0.3071 -1.2489 -0.0416 0.2962 -1.2539 -0.0554 0.3099
60.0 -1.3019 -0.0555 0.3052 -1.2272 -0.0851 0.3429 -1.1533 -0.0598 0.3244 -1.15 -0.0435 0.308 -1.1629 -0.0355 0.2985 -1.1971 -0.0211 0.2805 -1.2311 -0.0679 0.3249 -1.2283 -0.059 0.3161 -1.2323 -0.0509 0.3075 -1.2419 -0.0413 0.2966 -1.2471 -0.0549 0.31
61.0 -1.256 -0.0462 0.3003 -1.1784 -0.0724 0.3347 -1.1119 -0.0506 0.319 -1.1113 -0.0334 0.3015 -1.1266 -0.0269 0.2934 -1.1597 -0.0137 0.2765 -1.1893 -0.0604 0.3214 -1.1889 -0.0524 0.3133 -1.1947 -0.0447 0.3048 -1.2053 -0.0345 0.2933 -1.2068 -0.0476 0.3066
62.0 -1.251 -0.0449 0.2994 -1.169 -0.0711 0.3344 -1.1024 -0.0493 0.3187 -1.1011 -0.0314 0.3005 -1.1147 -0.0241 0.2917 -1.1498 -0.0099 0.2737 -1.1827 -0.0577 0.3193 -1.1815 -0.0496 0.3111 -1.1865 -0.0411 0.3019 -1.197 -0.0315 0.2911 -1.1997 -0.045 0.3046
63.0 -1.2469 -0.0431 0.298 -1.1604 -0.0699 0.334 -1.0947 -0.0482 0.3184 -1.0918 -0.0295 0.2995 -1.1053 -0.0228 0.2913 -1.1405 -0.0074 0.2721 -1.1794 -0.0566 0.3185 -1.1775 -0.0472 0.3091 -1.1818 -0.038 0.2993 -1.1905 -0.0282 0.2884 -1.1952 -0.0426 0.3027
64.0 -1.23 -0.0439 0.3005 -1.149 -0.0696 0.3348 -1.0835 -0.0467 0.3179 -1.0835 -0.0266 0.2973 -1.0998 -0.019 0.288 -1.1347 -0.0054 0.2706 -1.1629 -0.0556 0.3191 -1.1637 -0.046 0.3092 -1.1705 -0.0371 0.2995 -1.1826 -0.0284 0.2893 -1.1819 -0.0422 0.3035
65.0 -1.2234 -0.0418 0.299 -1.1385 -0.0694 0.3357 -1.076 -0.0445 0.3164 -1.0776 -0.0252 0.2965 -1.0924 -0.0162 0.2858 -1.1269 -0.005 0.2709 -1.1545 -0.0533 0.3176 -1.1553 -0.0436 0.3076 -1.162 -0.0354 0.2985 -1.1741 -0.0266 0.2883 -1.1739 -0.0401 0.3022
66.0 -1.2122 -0.0403 0.2986 -1.1275 -0.0667 0.334 -1.0705 -0.0456 0.3181 -1.0695 -0.0259 0.298 -1.0852 -0.017 0.2874 -1.12 -0.0089 0.2756 -1.1469 -0.0516 0.3166 -1.1482 -0.0439 0.3086 -1.1566 -0.0364 0.3002 -1.1693 -0.029 0.2913 -1.1666 -0.0402 0.303
67.0 -1.207 -0.0396 0.2984 -1.1211 -0.0683 0.3363 -1.067 -0.0457 0.3185 -1.0649 -0.0271 0.2997 -1.078 -0.0179 0.289 -1.1114 -0.0078 0.2753 -1.1407 -0.0514 0.317 -1.1422 -0.0431 0.3083 -1.1506 -0.035 0.2993 -1.1636 -0.0264 0.2892 -1.1608 -0.0391 0.3024
68.0 -1.2017 -0.0346 0.2938 -1.1082 -0.0263 0.2945 -1.0628 -0.0391 0.3121 -1.0582 -0.0305 0.3038 -1.0705 -0.0303 0.3024 -1.1046 -0.0417 0.3106 -1.1344 -0.0371 0.303 -1.1391 -0.0408 0.3064 -1.1499 -0.0441 0.3086 -1.1651 -0.048 0.3111 -1.1581 -0.0409 0.3046
69.0 -1.1895 -0.0342 0.2946 -1.1006 -0.0497 0.3192 -1.0551 -0.0429 0.3168 -1.0515 -0.0284 0.3023 -1.0641 -0.0221 0.2947 -1.0968 -0.0211 0.2903 -1.1261 -0.0446 0.3115 -1.1294 -0.0407 0.3072 -1.1387 -0.0377 0.3032 -1.1517 -0.034 0.2981 -1.1471 -0.0382 0.3029
70.0 -1.1799 -0.039 0.3004 -1.0961 -0.0649 0.3353 -1.0464 -0.0423 0.3171 -1.0432 -0.0254 0.3001 -1.0562 -0.0168 0.29 -1.0906 -0.0062 0.2757 -1.1181 -0.0502 0.318 -1.1196 -0.0412 0.3087 -1.1265 -0.0324 0.299 -1.1368 -0.0234 0.2888 -1.1362 -0.0372 0.303
71.0 -1.1682 -0.035 0.2975 -1.0857 -0.0641 0.3355 -1.0324 -0.0423 0.3185 -1.0288 -0.0223 0.2983 -1.0459 -0.0154 0.2896 -1.0794 0.0002 0.2703 -1.1099 -0.0515 0.3202 -1.11 -0.0412 0.3096 -1.1153 -0.0309 0.2986 -1.1261 -0.0195 0.2859 -1.1259 -0.0356 0.3023
72.0 -1.1627 -0.0318 0.2948 -1.076 -0.0592 0.3314 -1.0367 -0.0429 0.3186 -1.0218 -0.0225 0.2993 -1.0377 -0.0119 0.2868 -1.0718 0.0019 0.2694 -1.1042 -0.0489 0.3181 -1.1031 -0.0402 0.3093 -1.1084 -0.03 0.2983 -1.1184 -0.0185 0.2856 -1.1194 -0.0339 0.3012
73.0 -1.1536 -0.033 0.2969 -1.0647 -0.0589 0.3322 -1.015 -0.0363 0.314 -1.014 -0.0166 0.294 -1.0319 -0.0098 0.2853 -1.0667 0.0032 0.2686 -1.0912 -0.0478 0.3182 -1.0937 -0.039 0.309 -1.1017 -0.0284 0.2974 -1.1132 -0.0178 0.2854 -1.1107 -0.0332 0.3014
74.0 -1.1491 -0.0287 0.293 -1.0583 -0.0549 0.3288 -1.011 -0.0339 0.312 -1.008 -0.0158 0.2938 -1.026 -0.0084 0.2845 -1.06 0.0047 0.2677 -1.0838 -0.045 0.3161 -1.0854 -0.036 0.3068 -1.0933 -0.0261 0.2958 -1.1057 -0.0155 0.2838 -1.1034 -0.0303 0.2991
75.0 -1.145 -0.0269 0.2916 -1.0481 -0.053 0.3278 -1.0019 -0.0302 0.3092 -1.0017 -0.0113 0.2898 -1.0204 -0.0052 0.2818 -1.055 0.0066 0.2662 -1.0754 -0.0426 0.3145 -1.0787 -0.0339 0.3053 -1.0875 -0.0241 0.2944 -1.0999 -0.0135 0.2823 -1.0973 -0.0282 0.2976
76.0 -1.1402 -0.0245 0.2895 -1.0385 -0.0523 0.3281 -0.9972 -0.0272 0.3065 -0.9979 -0.0083 0.2871 -1.0165 -0.0023 0.2791 -1.0509 0.0084 0.2648 -1.0697 -0.04 0.3124 -1.073 -0.0313 0.3032 -1.0826 -0.0216 0.2923 -1.0949 -0.0116 0.2809 -1.0921 -0.0258 0.2957
77.0 -1.1307 -0.0232 0.2892 -1.032 -0.0496 0.3259 -0.9933 -0.0242 0.3038 -0.9939 -0.0059 0.2851 -1.0116 -0.0004 0.2777 -1.047 0.0113 0.2622 -1.0631 -0.0379 0.3109 -1.0664 -0.0286 0.301 -1.0761 -0.0189 0.2902 -1.0892 -0.009 0.2788 -1.0851 -0.0235 0.294
78.0 -1.1163 -0.0151 0.2824 -1.0122 -0.042 0.3202 -0.9787 -0.0173 0.2983 -0.9812 0.0019 0.2784 -1.0007 0.0078 0.2704 -1.0391 0.0161 0.2581 -1.047 -0.029 0.3034 -1.0512 -0.0204 0.2942 -1.0614 -0.012 0.2846 -1.0753 -0.0029 0.2739 -1.0703 -0.0159 0.2877
79.0 -1.1154 -0.015 0.2823 -1.009 -0.0403 0.3188 -0.9762 -0.0164 0.2975 -0.9779 0.0035 0.277 -0.9976 0.0101 0.2684 -1.0367 0.0176 0.2568 -1.0445 -0.028 0.3027 -1.0478 -0.0193 0.2934 -1.0582 -0.0103 0.2832 -1.0721 -0.0012 0.2725 -1.0676 -0.0148 0.2868
80.0 -1.1103 -0.0143 0.2821 -1.0036 -0.0408 0.3198 -0.9731 -0.0141 0.2955 -0.9756 0.0051 0.2757 -0.9942 0.0111 0.2676 -1.0351 0.0184 0.2561 -1.0401 -0.0281 0.3031 -1.0453 -0.019 0.2933 -1.0556 -0.01 0.2831 -1.0695 -0.0009 0.2724 -1.0642 -0.0144 0.2868
81.0 -1.1022 -0.0102 0.2787 -0.9905 -0.0354 0.3156 -0.9626 -0.0084 0.2908 -0.9649 0.0096 0.2721 -0.9844 0.0155 0.2641 -1.0251 0.0216 0.2538 -1.0279 -0.0227 0.2989 -1.0329 -0.0143 0.2897 -1.0432 -0.0059 0.2802 -1.0587 0.0024 0.2701 -1.053 -0.0101 0.2835
82.0 -1.0949 -0.0116 0.2809 -0.9854 -0.0341 0.3148 -0.9594 -0.0068 0.2894 -0.9626 0.0111 0.2708 -0.9812 0.0172 0.2628 -1.0209 0.0228 0.2531 -1.022 -0.0213 0.2981 -1.0287 -0.0131 0.289 -1.0399 -0.0042 0.2788 -1.0545 0.0036 0.2693 -1.048 -0.0093 0.2832
83.0 -1.0926 -0.0101 0.2796 -0.9797 -0.0315 0.3127 -0.956 -0.0063 0.2893 -0.9602 0.0127 0.2694 -0.9788 0.0187 0.2614 -1.0178 0.025 0.2511 -1.0204 -0.0205 0.2974 -1.0271 -0.0123 0.2883 -1.0383 -0.0034 0.2781 -1.0529 0.0044 0.2687 -1.0462 -0.0084 0.2824
84.0 -1.0884 -0.0089 0.2788 -0.9778 -0.0276 0.3088 -0.9536 -0.0048 0.2879 -0.9569 0.0137 0.2687 -0.9771 0.0189 0.2614 -1.0162 0.0259 0.2504 -1.0196 -0.0198 0.2967 -1.0246 -0.0113 0.2876 -1.0357 -0.003 0.278 -1.0513 0.0053 0.268 -1.0439 -0.0076 0.2818
85.0 -1.088 -0.0058 0.2756 -0.978 -0.0264 0.3076 -0.9497 -0.0018 0.2853 -0.9519 0.0156 0.2672 -0.9722 0.0208 0.2599 -1.0127 0.0263 0.2502 -1.0155 -0.018 0.2953 -1.0203 -0.0107 0.2874 -1.0313 -0.0031 0.2784 -1.0459 0.0048 0.269 -1.0402 -0.0066 0.2812
86.0 -1.0851 -0.0073 0.2774 -0.9726 -0.0269 0.3086 -0.9495 -0.003 0.2865 -0.9509 0.0151 0.2678 -0.9687 0.0213 0.2598 -1.0084 0.0269 0.2501 -1.0112 -0.0174 0.2952 -1.0162 -0.009 0.286 -1.0275 -8.489e-05 0.2758 -1.0429 0.0076 0.2664 -1.0366 -0.0052 0.2801
87.0 -1.0854 -0.0055 0.2755 -0.97 -0.0265 0.3085 -0.9472 -0.0015 0.2852 -0.9475 0.0156 0.2677 -0.967 0.0215 0.2597 -1.006 0.0279 0.2494 -1.0105 -0.0167 0.2945 -1.0162 -0.009 0.286 -1.0272 -0.0013 0.277 -1.0435 0.0063 0.2677 -1.0366 -0.0052 0.2801
88.0 -1.0829 -0.0051 0.2754 -0.9684 -0.0257 0.3079 -0.9455 -0.0006 0.2845 -0.9469 0.0169 0.2664 -0.9655 0.0229 0.2584 -1.0052 0.0286 0.2487 -1.008 -0.0158 0.2938 -1.0129 -0.0079 0.2852 -1.0249 0.0003 0.2757 -1.0411 0.0072 0.267 -1.0339 -0.0043 0.2794
89.0 -1.0847 -0.0048 0.2749 -0.9672 -0.0225 0.3047 -0.9455 -0.0006 0.2845 -0.9434 0.0174 0.2663 -0.961 0.0223 0.2595 -1.0042 0.0281 0.2493 -1.0098 -0.0154 0.2932 -1.0147 -0.0075 0.2847 -1.0257 0.0001 0.2757 -1.0421 0.0083 0.2657 -1.0354 -0.0038 0.2789
90.0 -1.083 -0.0045 0.2748 -0.9654 -0.0229 0.3052 -0.9439 0.0002 0.2838 -0.9434 0.0174 0.2663 -0.9611 0.0229 0.2589 -1.0028 0.0301 0.2474 -1.0064 -0.015 0.2931 -1.0114 -0.0065 0.2839 -1.0226 0.0024 0.2737 -1.0389 0.01 0.2644 -1.0324 -0.0027 0.278
91.0 -1.0858 0.0018 0.2681 -0.9902 0.008 0.2712 -0.9502 0.011 0.2722 -0.9419 0.0188 0.265 -0.957 0.0198 0.2625 -0.9899 0.0166 0.2625 -1.0113 -0.0071 0.2845 -1.0123 -0.006 0.2833 -1.0188 -0.0044 0.2811 -1.0289 -0.0021 0.2777 -1.0314 -0.0036 0.2789
92.0 -1.0797 0.002 0.2685 -0.9626 -0.0139 0.2964 -0.942 0.0041 0.28 -0.942 0.0194 0.2644 -0.9616 0.0259 0.2558 -0.9999 0.0287 0.2491 -1.0051 -0.0123 0.2905 -1.0089 -0.0055 0.2832 -1.0189 0.0011 0.2755 -1.0315 0.0079 0.2672 -1.0288 -0.0014 0.277
93.0 -1.0761 0.0013 0.2696 -0.9554 -0.0197 0.303 -0.9401 0.0032 0.2812 -0.9395 0.0203 0.2636 -0.9592 0.0268 0.255 -0.9985 0.0307 0.2472 -1.0032 -0.0127 0.2911 -1.0091 -0.0043 0.282 -1.0185 0.0042 0.2723 -1.0321 0.0115 0.2635 -1.0278 -1.196e-05 0.2757
94.0 -1.0778 0.0011 0.2696 -0.9569 -0.0162 0.2993 -0.9383 0.0034 0.2811 -0.9388 0.021 0.263 -0.9583 0.027 0.255 -0.9969 0.0315 0.2465 -1.0026 -0.0114 0.2898 -1.0076 -0.0029 0.2806 -1.0169 0.005 0.2716 -1.0305 0.0123 0.2628 -1.0271 0.0008 0.2749
95.0 -1.0741 0.0003 0.2707 -0.9523 -0.0174 0.301 -0.9361 0.0006 0.2841 -0.9353 0.0215 0.2629 -0.9549 0.0274 0.2549 -0.9954 0.0329 0.2452 -1.0006 -0.0129 0.2916 -1.0056 -0.0045 0.2824 -1.0169 0.005 0.2716 -1.0316 0.0134 0.2616 -1.0258 0.0003 0.2756
96.0 -1.0738 -0.0015 0.2726 -0.9478 -0.018 0.3021 -0.9324 0.0048 0.2802 -0.9335 0.0211 0.2634 -0.9531 0.0277 0.2548 -0.9956 0.0341 0.244 -0.995 -0.0097 0.2889 -1.0015 -0.0027 0.281 -1.0134 0.0049 0.2721 -1.0304 0.0117 0.2634 -1.0228 0.0005 0.2756
97.0 -1.0715 8.174e-05 0.2713 -0.9472 -0.0161 0.3002 -0.9293 0.0022 0.2832 -0.9329 0.0225 0.2621 -0.9527 0.0302 0.2523 -0.994 0.035 0.2433 -0.9929 -0.0113 0.2907 -0.9988 -0.0029 0.2816 -1.0099 0.0053 0.272 -1.0252 0.0124 0.2632 -1.0197 0.0007 0.2757
98.0 -1.0714 0.005 0.2663 -0.9893 0.0283 0.2506 -0.9414 0.0207 0.2631 -0.9288 0.0242 0.2607 -0.9365 0.0183 0.266 -0.9607 0.0053 0.277 -1.0 0.0036 0.2747 -0.9967 0.0004 0.2784 -0.9988 -0.0029 0.2816 -1.0062 -0.0058 0.2837 -1.0146 5.739e-05 0.2769
99.0 -1.063 0.0018 0.2703 -0.9435 -0.0126 0.2969 -0.9276 0.0073 0.2782 -0.9289 0.0248 0.2601 -0.9468 0.0316 0.2514 -0.9862 0.0354 0.2436 -0.9866 -0.0074 0.2873 -0.9915 0.0005 0.2788 -1.0024 0.0076 0.2705 -1.0185 0.014 0.2623 -1.0124 0.0033 0.2738
100.0 -1.0617 0.0045 0.2678 -0.9812 0.0269 0.2528 -0.9376 0.0243 0.2598 -0.9248 0.0266 0.2587 -0.9326 0.0207 0.264 -0.9626 0.0111 0.2708 -0.9928 0.0028 0.2763 -0.9906 0.0006 0.2787 -0.9948 -0.0006 0.2795 -1.0043 -0.0018 0.2799 -1.0088 0.0011 0.2764
101.0 -1.0532 0.0013 0.2718 -0.9403 -0.0103 0.2949 -0.9225 0.0037 0.2823 -0.9237 0.0255 0.2599 -0.9414 0.0311 0.2525 -0.9846 0.0362 0.2429 -0.984 -0.007 0.2872 -0.9898 0.0007 0.2787 -1.0008 0.0084 0.2698 -1.0171 0.016 0.2604 -1.009 0.0039 0.2736
102.0 -1.0499 0.0024 0.271 -0.938 -0.0088 0.2936 -0.9202 0.0052 0.281 -0.9229 0.0256 0.2599 -0.9434 0.032 0.2513 -0.9829 0.0371 0.2422 -0.9821 -0.008 0.2884 -0.9879 0.0004 0.2793 -0.9991 0.0086 0.2697 -1.0145 0.0163 0.2603 -1.0067 0.0039 0.2737
103.0 -1.03 0.0045 0.2709 -0.9249 -0.0027 0.2887 -0.911 0.0083 0.2788 -0.9145 0.028 0.2583 -0.9338 0.0376 0.2466 -0.9745 0.0443 0.2357 -0.9673 -0.0017 0.2835 -0.974 0.0059 0.275 -0.9858 0.0135 0.2661 -1.0011 0.02 0.2579 -0.9916 0.0084 0.2707
104.0 -1.0354 0.0098 0.2649 -0.9297 -0.0009 0.2864 -0.9123 0.0057 0.2813 -0.912 0.024 0.2626 -0.9345 0.0369 0.2472 -0.9681 0.0427 0.2379 -0.9709 -0.0016 0.283 -0.9759 0.0069 0.2738 -0.9853 0.0154 0.2642 -0.998 0.0228 0.2553 -0.9931 0.0107 0.2682
105.0 -1.0224 0.0061 0.27 -0.9193 0.0005 0.286 -0.9108 0.0169 0.27 -0.9132 0.0306 0.2558 -0.9272 0.0403 0.2444 -0.9591 0.0464 0.2351 -0.9621 0.0032 0.2789 -0.9688 0.0115 0.2698 -0.9798 0.0192 0.2608 -0.9949 0.0251 0.2533 -0.9856 0.013 0.2666
106.0 -1.0239 0.0096 0.2663 -0.9094 -0.0012 0.2887 -0.9086 0.0245 0.2624 -0.913 0.0343 0.252 -0.9314 0.044 0.2402 -0.9658 0.0498 0.2309 -0.9607 0.0053 0.277 -0.9702 0.0144 0.2667 -0.9812 0.022 0.2578 -0.9954 0.0281 0.2502 -0.9863 0.0159 0.2636
107.0 -1.0153 0.0107 0.266 -0.9128 0.0032 0.2838 -0.9028 0.0064 0.2816 -0.9057 0.028 0.2592 -0.9253 0.0394 0.2456 -0.9468 0.0468 0.2358 -0.9536 0.005 0.2779 -0.9594 0.0134 0.2688 -0.9687 0.0213 0.2598 -0.9794 0.0272 0.2527 -0.9753 0.0155 0.265
108.0 -1.0146 0.012 0.2647 -0.9071 0.0058 0.2817 -0.9015 0.0139 0.274 -0.9089 0.0312 0.2556 -0.9272 0.0403 0.2444 -0.945 0.0465 0.2364 -0.9538 0.0062 0.2767 -0.9606 0.015 0.267 -0.9699 0.023 0.258 -0.9798 0.029 0.2508 -0.9757 0.017 0.2634
109.0 -1.0185 0.014 0.2623 -0.907 0.0052 0.2824 -0.9038 0.0123 0.2754 -0.9118 0.0326 0.2538 -0.9403 0.0447 0.2387 -0.9687 0.0512 0.2292 -0.9574 0.0069 0.2756 -0.9668 0.0154 0.266 -0.9798 0.0241 0.2558 -0.995 0.0306 0.2477 -0.9835 0.0182 0.2615
110.0 -1.0192 0.0181 0.258 -0.9024 0.004 0.2841 -0.9078 0.0301 0.2568 -0.9278 0.0384 0.2463 -0.9454 0.044 0.2389 -0.9708 0.0534 0.2268 -0.9554 0.0103 0.2724 -0.9683 0.0189 0.2623 -0.9812 0.0269 0.2528 -0.9937 0.0332 0.2451 -0.9836 0.0215 0.2581
111.0 -1.0104 0.0132 0.2639 -0.9128 0.0136 0.2732 -0.9134 0.0318 0.2545 -0.914 0.0354 0.2508 -0.9269 0.0434 0.2413 -0.9467 0.0462 0.2364 -0.9576 0.013 0.2693 -0.9632 0.0196 0.2621 -0.9704 0.0259 0.2549 -0.9774 0.0305 0.2495 -0.9758 0.0204 0.2599
111.0 -1.0104 0.0132 0.2639 -0.9128 0.0136 0.2732 -0.9134 0.0318 0.2545 -0.914 0.0354 0.2508 -0.9269 0.0434 0.2413 -0.9467 0.0462 0.2364 -0.9576 0.013 0.2693 -0.9632 0.0196 0.2621 -0.9704 0.0259 0.2549 -0.9774 0.0305 0.2495 -0.9758 0.0204 0.2599
111.0 -1.0104 0.0132 0.2639 -0.9128 0.0136 0.2732 -0.9134 0.0318 0.2545 -0.914 0.0354 0.2508 -0.9269 0.0434 0.2413 -0.9467 0.0462 0.2364 -0.9576 0.013 0.2693 -0.9632 0.0196 0.2621 -0.9704 0.0259 0.2549 -0.9774 0.0305 0.2495 -0.9758 0.0204 0.2599
114.0 -1.0121 0.0179 0.259 -0.963 0.0538 0.2271 -0.9244 0.0493 0.2356 -0.9171 0.0429 0.2428 -0.9074 0.0375 0.2493 -0.8937 0.01 0.2787 -0.9677 0.0355 0.2454 -0.9593 0.0274 0.2544 -0.9534 0.0191 0.2636 -0.9479 0.0076 0.2758 -0.9681 0.0215 0.2596
115.0 -1.0173 0.0172 0.2592 -0.8998 0.0092 0.279 -0.9119 0.0381 0.2482 -0.9197 0.0474 0.2379 -0.9306 0.0594 0.2246 -0.9558 0.0627 0.2187 -0.9565 0.0217 0.2606 -0.9649 0.0297 0.2515 -0.9758 0.0362 0.2438 -0.9858 0.0385 0.2405 -0.9801 0.0287 0.2511
116.0 -1.018 0.0165 0.2598 -0.8993 0.0117 0.2765 -0.9091 0.0373 0.2494 -0.9199 0.0486 0.2367 -0.9343 0.0607 0.2229 -0.964 0.0647 0.2159 -0.9553 0.02 0.2624 -0.9656 0.0284 0.2528 -0.9774 0.0354 0.2445 -0.9902 0.0385 0.24 -0.9813 0.0278 0.2519
117.0 -1.0162 0.0161 0.2604 -0.897 0.0084 0.2801 -0.9074 0.0375 0.2493 -0.9203 0.051 0.2342 -0.9377 0.0603 0.223 -0.9765 0.0654 0.2139 -0.947 0.023 0.2602 -0.9609 0.0315 0.2501 -0.9769 0.0379 0.242 -0.9942 0.0411 0.237 -0.979 0.0299 0.2499
118.0 -1.021 0.0185 0.2574 -0.8924 0.0126 0.2762 -0.9072 0.0363 0.2505 -0.92 0.0492 0.236 -0.9338 0.0626 0.221 -0.9696 0.0664 0.2136 -0.9491 0.0197 0.2634 -0.9631 0.0294 0.2521 -0.9777 0.0372 0.2426 -0.9926 0.0419 0.2363 -0.9807 0.0293 0.2504
119.0 -1.0257 0.0203 0.2551 -0.9034 0.0301 0.2573 -0.9076 0.0387 0.248 -0.9202 0.0504 0.2348 -0.9333 0.0603 0.2234 -0.964 0.0647 0.2159 -0.9529 0.021 0.2617 -0.9639 0.0287 0.2527 -0.9755 0.035 0.2451 -0.9896 0.0398 0.2387 -0.9815 0.029 0.2507
120.0 -1.0153 0.0211 0.2553 -0.8957 0.0262 0.2619 -0.9077 0.0393 0.2474 -0.9234 0.0488 0.2362 -0.9362 0.0617 0.2217 -0.9648 0.064 0.2165 -0.9504 0.0219 0.2609 -0.9631 0.0294 0.2521 -0.9756 0.0356 0.2444 -0.9879 0.0401 0.2387 -0.9785 0.0296 0.2503
121.0 -1.018 0.0213 0.2548 -0.8929 0.015 0.2737 -0.9049 0.0384 0.2486 -0.9231 0.0519 0.233 -0.9382 0.0627 0.2205 -0.9697 0.067 0.213 -0.9476 0.0211 0.2621 -0.961 0.0321 0.2495 -0.9755 0.0399 0.2401 -0.9904 0.0446 0.2338 -0.9785 0.0318 0.248
122.0 -1.0133 0.0195 0.2571 -0.8925 0.0181 0.2706 -0.9036 0.0362 0.251 -0.918 0.0532 0.2322 -0.9333 0.0652 0.2184 -0.9701 0.0693 0.2105 -0.9483 0.0204 0.2627 -0.9625 0.0307 0.2508 -0.978 0.039 0.2408 -0.9939 0.0442 0.2339 -0.9792 0.0307 0.2491
123.0 -1.013 0.0177 0.259 -0.8918 0.014 0.2749 -0.9047 0.0373 0.2498 -0.9205 0.0522 0.2329 -0.9368 0.0647 0.2186 -0.9694 0.0701 0.2098 -0.946 0.0219 0.2614 -0.9594 0.0335 0.2482 -0.9751 0.0424 0.2375 -0.9927 0.0474 0.2307 -0.9772 0.0326 0.2474
124.0 -1.0124 0.0197 0.2571 -0.8909 0.0141 0.2749 -0.9013 0.0383 0.2491 -0.9195 0.0517 0.2335 -0.9358 0.0642 0.2192 -0.9693 0.0695 0.2105 -0.9451 0.022 0.2614 -0.9584 0.0324 0.2494 -0.9749 0.0412 0.2388 -0.9925 0.0462 0.232 -0.9767 0.0323 0.2477
125.0 -1.0085 0.022 0.2551 -0.8913 0.0159 0.273 -0.9042 0.0398 0.2473 -0.9209 0.0546 0.2305 -0.9361 0.066 0.2173 -0.9674 0.0691 0.211 -0.9462 0.0231 0.2602 -0.9587 0.0342 0.2475 -0.9725 0.0428 0.2374 -0.9875 0.0481 0.2305 -0.9747 0.034 0.2461
126.0 -1.011 0.0217 0.2552 -0.8899 0.013 0.2761 -0.9005 0.0433 0.244 -0.9159 0.0559 0.2296 -0.9327 0.0665 0.2172 -0.9684 0.0696 0.2104 -0.9412 0.025 0.2587 -0.9545 0.0354 0.2467 -0.9708 0.043 0.2374 -0.9891 0.0472 0.2312 -0.9733 0.0345 0.2458
127.0 -1.0119 0.0216 0.2552 -0.8918 0.014 0.2749 -0.899 0.0399 0.2477 -0.9184 0.0556 0.2297 -0.9324 0.0647 0.219 -0.9703 0.0705 0.2093 -0.9419 0.0237 0.26 -0.9552 0.0341 0.248 -0.9714 0.0417 0.2387 -0.9899 0.0465 0.2319 -0.974 0.0335 0.2467
128.0 -1.0121 0.0228 0.254 -0.8918 0.014 0.2749 -0.8988 0.0387 0.249 -0.9134 0.0568 0.2289 -0.9282 0.0658 0.2182 -0.9671 0.0722 0.2079 -0.9412 0.025 0.2587 -0.9553 0.0347 0.2474 -0.9707 0.0424 0.238 -0.9892 0.0478 0.2306 -0.9737 0.0345 0.2457
129.0 -1.0148 0.023 0.2534 -0.8912 0.0207 0.268 -0.902 0.037 0.2503 -0.9198 0.0535 0.2317 -0.9307 0.0655 0.2183 -0.9699 0.073 0.2067 -0.9429 0.0242 0.2594 -0.9569 0.0339 0.2481 -0.9733 0.042 0.2381 -0.99 0.0471 0.2313 -0.9755 0.034 0.2461
130.0 -1.0128 0.0214 0.2552 -0.8922 0.0212 0.2674 -0.9033 0.0393 0.2479 -0.9183 0.0598 0.2254 -0.9344 0.0711 0.2122 -0.9708 0.0729 0.2068 -0.9429 0.0242 0.2594 -0.9578 0.0344 0.2475 -0.9743 0.0431 0.2369 -0.9921 0.0493 0.2288 -0.976 0.0345 0.2456
131.0 -1.0102 0.0218 0.2551 -0.8897 0.0173 0.2717 -0.9095 0.0445 0.2419 -0.9161 0.062 0.2234 -0.9337 0.0724 0.211 -0.9703 0.0754 0.2043 -0.9425 0.0273 0.2563 -0.9565 0.037 0.2449 -0.9727 0.044 0.2362 -0.991 0.0482 0.23 -0.9746 0.0356 0.2445
132.0 -1.011 0.0217 0.2552 -0.8882 0.0187 0.2704 -0.8992 0.0459 0.2415 -0.9112 0.0645 0.2213 -0.9304 0.0735 0.2102 -0.9676 0.0752 0.2048 -0.942 0.0292 0.2544 -0.955 0.0384 0.2436 -0.9721 0.0453 0.2349 -0.9914 0.05 0.2282 -0.9743 0.0369 0.2433
133.0 -1.0081 0.0251 0.2519 -0.8874 0.0188 0.2704 -0.8989 0.0441 0.2433 -0.9108 0.0621 0.2238 -0.9295 0.0736 0.2102 -0.9661 0.0766 0.2035 -0.9384 0.029 0.2549 -0.9524 0.0387 0.2435 -0.9696 0.0462 0.2342 -0.9879 0.0505 0.2281 -0.9713 0.0379 0.2425
134.0 -1.0032 0.027 0.2505 -0.8825 0.0213 0.2683 -0.8913 0.0513 0.2368 -0.9022 0.0681 0.2185 -0.9251 0.0785 0.2056 -0.9605 0.0798 0.2008 -0.9383 0.0284 0.2555 -0.9531 0.0374 0.2448 -0.9696 0.0462 0.2342 -0.9865 0.0525 0.2261 -0.9701 0.0383 0.2422
135.0 -1.0038 0.0306 0.2468 -0.8822 0.0244 0.2652 -0.891 0.0495 0.2387 -0.9053 0.0659 0.2205 -0.9248 0.0767 0.2075 -0.9589 0.0806 0.2001 -0.9378 0.0303 0.2536 -0.9502 0.0409 0.2416 -0.965 0.0499 0.2309 -0.9819 0.0562 0.2228 -0.9677 0.0416 0.2391
136.0 -1.0047 0.0305 0.2468 -0.8805 0.0246 0.2651 -0.8918 0.0494 0.2387 -0.9043 0.0654 0.2211 -0.9237 0.0756 0.2087 -0.9595 0.0787 0.202 -0.9362 0.0312 0.2529 -0.9509 0.0402 0.2422 -0.9664 0.0479 0.2328 -0.9832 0.0535 0.2254 -0.9683 0.0406 0.24
137.0 -0.9972 0.0278 0.2503 -0.8814 0.0251 0.2645 -0.8904 0.0459 0.2424 -0.9022 0.0681 0.2185 -0.9261 0.079 0.205 -0.9613 0.0791 0.2014 -0.9361 0.0306 0.2535 -0.9499 0.0391 0.2434 -0.9663 0.0473 0.2335 -0.9831 0.0529 0.226 -0.9665 0.0395 0.2413
138.0 -1.0063 0.0296 0.2475 -0.8844 0.0272 0.2621 -0.8878 0.0463 0.2423 -0.9023 0.0687 0.2179 -0.9233 0.0781 0.2062 -0.9579 0.0802 0.2007 -0.9379 0.0309 0.253 -0.9508 0.0396 0.2429 -0.9671 0.0472 0.2335 -0.9832 0.0535 0.2254 -0.9691 0.0402 0.2404
139.0 -1.0105 0.0285 0.2483 -0.8926 0.0285 0.26 -0.8895 0.0362 0.2523 -0.8986 0.0625 0.2246 -0.9205 0.0773 0.2073 -0.957 0.0797 0.2012 -0.9391 0.0277 0.2561 -0.9506 0.0384 0.2441 -0.9646 0.0481 0.2328 -0.979 0.0547 0.2246 -0.9688 0.0395 0.2412
140.0 -1.0058 0.0322 0.245 -0.8805 0.0246 0.2651 -0.889 0.0534 0.2348 -0.9061 0.0707 0.2155 -0.9253 0.0797 0.2044 -0.9579 0.0802 0.2007 -0.9366 0.0336 0.2504 -0.9505 0.0427 0.2397 -0.966 0.051 0.2297 -0.9819 0.0562 0.2228 -0.9682 0.0431 0.2375
141.0 -1.0018 0.029 0.2486 -0.8806 0.0252 0.2645 -0.8918 0.0494 0.2387 -0.9016 0.07 0.2166 -0.9227 0.08 0.2043 -0.9565 0.0822 0.1987 -0.9355 0.0325 0.2516 -0.9486 0.0417 0.2409 -0.965 0.0499 0.2309 -0.9819 0.0562 0.2228 -0.9665 0.0419 0.239
142.0 -1.0042 0.0281 0.2493 -0.882 0.0232 0.2664 -0.8876 0.0554 0.2329 -0.902 0.0724 0.2141 -0.9262 0.0796 0.2044 -0.9597 0.0799 0.2007 -0.9349 0.0338 0.2504 -0.948 0.0436 0.239 -0.9652 0.0511 0.2297 -0.9829 0.0566 0.2222 -0.967 0.0426 0.2381
143.0 -1.0085 0.0275 0.2495 -0.8804 0.024 0.2657 -0.8894 0.0552 0.233 -0.8994 0.0722 0.2146 -0.9221 0.0813 0.203 -0.9561 0.0798 0.2012 -0.9354 0.0319 0.2522 -0.9486 0.0417 0.2409 -0.9641 0.05 0.2309 -0.9817 0.055 0.2241 -0.9677 0.0412 0.2395
144.0 -1.0103 0.0273 0.2495 -0.887 0.0268 0.2622 -0.8854 0.0374 0.2516 -0.8981 0.0699 0.2171 -0.9217 0.0789 0.2055 -0.956 0.0792 0.2018 -0.94 0.0282 0.2555 -0.9513 0.0371 0.2454 -0.9669 0.046 0.2347 -0.9832 0.0535 0.2254 -0.9703 0.0384 0.2421
145.0 -1.0035 0.0288 0.2486 -0.8812 0.0239 0.2658 -0.8868 0.0458 0.2429 -0.8983 0.0711 0.2158 -0.9229 0.0812 0.203 -0.9584 0.0776 0.2032 -0.9336 0.0315 0.2528 -0.9458 0.0409 0.242 -0.963 0.0489 0.2321 -0.9825 0.0548 0.2241 -0.9657 0.041 0.2399
146.0 -1.0023 0.0271 0.2505 -0.881 0.0227 0.267 -0.8882 0.0584 0.2298 -0.903 0.0729 0.2135 -0.9269 0.0788 0.2051 -0.959 0.0709 0.2101 -0.93 0.0314 0.2533 -0.9441 0.0411 0.242 -0.9603 0.0487 0.2326 -0.9778 0.053 0.2264 -0.9629 0.0403 0.2409
147.0 -0.9991 0.0288 0.2491 -0.8795 0.0242 0.2657 -0.8895 0.0613 0.2267 -0.9025 0.0748 0.2116 -0.9272 0.0806 0.2032 -0.9629 0.0783 0.2021 -0.9305 0.0338 0.2508 -0.946 0.0421 0.2408 -0.963 0.0489 0.2321 -0.9813 0.0526 0.2265 -0.964 0.0412 0.2399
148.0 -1.0006 0.0323 0.2454 -0.8805 0.0246 0.2651 -0.8921 0.0609 0.2268 -0.9053 0.0757 0.2105 -0.9277 0.083 0.2007 -0.9648 0.0792 0.2009 -0.9339 0.0333 0.2509 -0.9503 0.0415 0.241 -0.9665 0.0485 0.2322 -0.983 0.0523 0.2266 -0.9668 0.0416 0.2392
149.0 -1.0033 0.0325 0.2449 -0.8778 0.0293 0.2606 -0.8919 0.0597 0.2281 -0.9077 0.0747 0.2112 -0.9291 0.081 0.2027 -0.9612 0.0785 0.202 -0.9336 0.0364 0.2478 -0.9499 0.0446 0.2378 -0.9661 0.0516 0.2291 -0.98 0.0552 0.224 -0.9666 0.044 0.2367
150.0 -1.0034 0.0331 0.2443 -0.8811 0.0282 0.2614 -0.8886 0.0608 0.2273 -0.9079 0.0759 0.21 -0.9324 0.0799 0.2034 -0.9678 0.0764 0.2035 -0.9322 0.0384 0.2459 -0.9484 0.046 0.2365 -0.9654 0.0523 0.2284 -0.9817 0.055 0.2241 -0.9662 0.045 0.2358
151.0 -1.0012 0.0309 0.2467 -0.8842 0.026 0.2634 -0.8891 0.0436 0.2448 -0.9102 0.0689 0.2169 -0.9328 0.0774 0.2059 -0.9645 0.0774 0.2028 -0.9367 0.0293 0.2548 -0.9506 0.0384 0.2441 -0.9669 0.046 0.2347 -0.9819 0.0513 0.2278 -0.9675 0.0392 0.2416
152.0 -1.006 0.0333 0.2437 -0.8811 0.0282 0.2614 -0.8865 0.0489 0.2397 -0.9053 0.0708 0.2155 -0.9293 0.0773 0.2064 -0.9567 0.073 0.2081 -0.9355 0.0325 0.2516 -0.9493 0.041 0.2415 -0.9629 0.0483 0.2327 -0.9761 0.0533 0.2263 -0.966 0.0417 0.2392
153.0 -1.0035 0.0337 0.2436 -0.88 0.0271 0.2626 -0.8921 0.0506 0.2375 -0.909 0.0721 0.2138 -0.9321 0.0781 0.2053 -0.9632 0.0752 0.2052 -0.9355 0.0325 0.2516 -0.9493 0.041 0.2415 -0.9656 0.0486 0.2322 -0.9805 0.0533 0.2259 -0.9669 0.0418 0.239
154.0 -1.005 0.0274 0.2499 -0.8841 0.0254 0.264 -0.8897 0.0472 0.2411 -0.9084 0.0636 0.2225 -0.9326 0.0713 0.2122 -0.9602 0.0731 0.2076 -0.94 0.0282 0.2555 -0.9528 0.0356 0.2467 -0.9672 0.0429 0.2379 -0.985 0.049 0.2298 -0.97 0.0366 0.244
155.0 -1.0036 0.0294 0.248 -0.8807 0.0258 0.2639 -0.89 0.0441 0.2442 -0.9084 0.0685 0.2175 -0.9319 0.077 0.2065 -0.9635 0.077 0.2034 -0.9362 0.0312 0.2529 -0.9508 0.0396 0.2429 -0.967 0.0466 0.2341 -0.9836 0.051 0.2279 -0.9682 0.0395 0.2412
155.0 -1.0036 0.0294 0.248 -0.8807 0.0258 0.2639 -0.89 0.0441 0.2442 -0.9084 0.0685 0.2175 -0.9319 0.077 0.2065 -0.9635 0.077 0.2034 -0.9362 0.0312 0.2529 -0.9508 0.0396 0.2429 -0.967 0.0466 0.2341 -0.9836 0.051 0.2279 -0.9682 0.0395 0.2412
157.0 -1.0018 0.029 0.2486 -0.8842 0.026 0.2634 -0.8893 0.0399 0.2486 -0.9126 0.0624 0.2233 -0.9346 0.0723 0.211 -0.9631 0.0746 0.2059 -0.936 0.03 0.2541 -0.9515 0.0383 0.2441 -0.9668 0.0454 0.2354 -0.9818 0.0507 0.2284 -0.9676 0.0387 0.2421
158.0 -1.0018 0.029 0.2486 -0.8816 0.0263 0.2633 -0.8948 0.0612 0.2263 -0.9115 0.076 0.2095 -0.934 0.0791 0.2041 -0.9662 0.0772 0.2029 -0.9317 0.036 0.2484 -0.948 0.0436 0.239 -0.9657 0.0492 0.2316 -0.9819 0.0513 0.2278 -0.9658 0.0418 0.2391
159.0 -1.0096 0.0286 0.2483 -0.8849 0.0247 0.2647 -0.8916 0.058 0.2299 -0.9104 0.0701 0.2157 -0.9334 0.0755 0.2078 -0.9639 0.0739 0.2065 -0.9361 0.0361 0.2479 -0.9492 0.0453 0.2372 -0.9644 0.0518 0.229 -0.98 0.0552 0.224 -0.9679 0.0434 0.2373
160.0 -1.0018 0.029 0.2486 -0.8803 0.0289 0.2607 -0.8892 0.0442 0.2442 -0.907 0.0656 0.2205 -0.929 0.0755 0.2083 -0.9633 0.0758 0.2046 -0.9336 0.0315 0.2528 -0.9481 0.0393 0.2434 -0.9643 0.0463 0.2346 -0.9792 0.051 0.2283 -0.9654 0.0394 0.2415
161.0 -1.0083 0.0312 0.2457 -0.8819 0.0275 0.262 -0.8912 0.0605 0.2274 -0.9113 0.0748 0.2107 -0.9287 0.0792 0.2045 -0.9611 0.0779 0.2027 -0.9347 0.0381 0.246 -0.9493 0.0459 0.2365 -0.9654 0.0523 0.2284 -0.9807 0.0545 0.2246 -0.9677 0.0444 0.2363
162.0 -1.0083 0.0312 0.2457 -0.8825 0.0311 0.2583 -0.8924 0.0627 0.225 -0.9134 0.077 0.2083 -0.9373 0.078 0.2049 -0.9671 0.0771 0.2029 -0.9333 0.0401 0.244 -0.9506 0.0482 0.2341 -0.9683 0.0537 0.2267 -0.9853 0.0557 0.223 -0.9692 0.0458 0.2347
163.0 -1.0047 0.0305 0.2468 -0.8822 0.0293 0.2602 -0.8916 0.0628 0.2249 -0.9127 0.0777 0.2076 -0.9378 0.0804 0.2024 -0.9689 0.0774 0.2023 -0.9305 0.0393 0.2452 -0.9477 0.0467 0.2359 -0.9662 0.0522 0.2285 -0.9833 0.0541 0.2247 -0.9665 0.0445 0.2362
164.0 -1.0017 0.0339 0.2436 -0.8809 0.0319 0.2576 -0.8936 0.0644 0.2231 -0.9128 0.0783 0.207 -0.9369 0.0805 0.2023 -0.9692 0.0792 0.2005 -0.9291 0.0413 0.2433 -0.9464 0.0493 0.2333 -0.9649 0.0548 0.2259 -0.983 0.0572 0.2216 -0.965 0.0473 0.2335
165.0 -1.0046 0.0354 0.2418 -0.8794 0.0333 0.2563 -0.8947 0.0557 0.2319 -0.9134 0.0721 0.2133 -0.9312 0.0783 0.2052 -0.9632 0.0752 0.2052 -0.9319 0.0372 0.2471 -0.9475 0.0455 0.2371 -0.9637 0.0525 0.2284 -0.9792 0.0559 0.2233 -0.9654 0.0453 0.2355
166.0 -1.0007 0.0328 0.2448 -0.8817 0.0318 0.2577 -0.8966 0.0664 0.2208 -0.9129 0.0789 0.2064 -0.9366 0.0788 0.2042 -0.9659 0.0754 0.2047 -0.9308 0.0405 0.2439 -0.9478 0.0473 0.2352 -0.9655 0.0529 0.2278 -0.9827 0.056 0.2229 -0.9655 0.0459 0.2349
167.0 -0.9951 0.036 0.2421 -0.8806 0.0356 0.2539 -0.8977 0.0626 0.2246 -0.9134 0.077 0.2083 -0.9359 0.0801 0.2029 -0.9693 0.0749 0.2048 -0.9323 0.039 0.2453 -0.9493 0.0459 0.2365 -0.9661 0.0516 0.2291 -0.9806 0.0539 0.2253 -0.9647 0.0453 0.2356
168.0 -0.9906 0.0354 0.2431 -0.8792 0.0321 0.2576 -0.8977 0.0577 0.2296 -0.9148 0.075 0.2102 -0.9366 0.0788 0.2042 -0.9659 0.0754 0.2047 -0.9319 0.0372 0.2471 -0.948 0.0436 0.239 -0.964 0.0494 0.2315 -0.9795 0.0528 0.2265 -0.9628 0.0437 0.2374
168.0 -0.9906 0.0354 0.2431 -0.8792 0.0321 0.2576 -0.8977 0.0577 0.2296 -0.9148 0.075 0.2102 -0.9366 0.0788 0.2042 -0.9659 0.0754 0.2047 -0.9319 0.0372 0.2471 -0.948 0.0436 0.239 -0.964 0.0494 0.2315 -0.9795 0.0528 0.2265 -0.9628 0.0437 0.2374
170.0 -1.0014 0.037 0.2404 -0.8804 0.0344 0.2551 -0.8989 0.0643 0.2227 -0.9167 0.0759 0.2091 -0.9346 0.0772 0.206 -0.9637 0.0727 0.2078 -0.9309 0.0411 0.2433 -0.9485 0.0466 0.2359 -0.9643 0.0512 0.2296 -0.9768 0.052 0.2276 -0.9644 0.0456 0.2354
171.0 -1.0025 0.0332 0.2442 -0.8827 0.0323 0.2571 -0.888 0.0523 0.236 -0.9085 0.074 0.2119 -0.9338 0.0779 0.2053 -0.9667 0.0747 0.2054 -0.9293 0.037 0.2476 -0.9446 0.0441 0.2389 -0.9633 0.0507 0.2302 -0.9824 0.0542 0.2247 -0.9644 0.0438 0.2371
172.0 -1.003 0.0362 0.2411 -0.8811 0.0331 0.2564 -0.8926 0.0639 0.2237 -0.9117 0.0772 0.2082 -0.9347 0.0778 0.2054 -0.9657 0.0742 0.206 -0.9297 0.0394 0.2452 -0.945 0.0465 0.2364 -0.9628 0.0526 0.2283 -0.9801 0.0558 0.2234 -0.9641 0.0461 0.2349
173.0 -1.0009 0.034 0.2435 -0.8803 0.0338 0.2557 -0.8918 0.0591 0.2287 -0.9114 0.0754 0.2101 -0.9338 0.0779 0.2053 -0.9667 0.0747 0.2054 -0.9297 0.0394 0.2452 -0.945 0.0465 0.2364 -0.9627 0.052 0.2289 -0.9807 0.0545 0.2246 -0.9638 0.0453 0.2357
174.0 -0.9953 0.0372 0.2408 -0.8812 0.0337 0.2558 -0.8933 0.0577 0.23 -0.9118 0.0729 0.2126 -0.9344 0.0766 0.2066 -0.9646 0.0731 0.2072 -0.9297 0.0394 0.2452 -0.9448 0.0453 0.2376 -0.9597 0.05 0.2313 -0.9759 0.0521 0.2276 -0.9611 0.0448 0.2365
175.0 -1.0005 0.0371 0.2404 -0.882 0.0385 0.2508 -0.8886 0.051 0.2373 -0.9068 0.0742 0.2118 -0.9305 0.079 0.2046 -0.9634 0.0764 0.204 -0.9301 0.0369 0.2477 -0.9464 0.0444 0.2383 -0.9625 0.0508 0.2302 -0.9772 0.0543 0.2251 -0.9633 0.0447 0.2363
176.0 -1.0058 0.037 0.24 -0.8783 0.0323 0.2575 -0.8957 0.0513 0.2363 -0.9109 0.0627 0.2232 -0.9246 0.0706 0.2137 -0.9535 0.0746 0.2067 -0.935 0.0344 0.2497 -0.9486 0.0417 0.2409 -0.9629 0.0483 0.2327 -0.976 0.0527 0.227 -0.9657 0.0428 0.2381
177.0 -0.9971 0.0327 0.2453 -0.8828 0.0378 0.2515 -0.8917 0.0586 0.2293 -0.9086 0.0746 0.2112 -0.9304 0.0784 0.2052 -0.9643 0.0762 0.204 -0.9296 0.0388 0.2458 -0.9459 0.0464 0.2364 -0.9627 0.052 0.2289 -0.9789 0.0541 0.2252 -0.9628 0.0448 0.2363
178.0 -0.9998 0.033 0.2447 -0.8803 0.0338 0.2557 -0.8931 0.0614 0.2262 -0.909 0.0721 0.2138 -0.9294 0.0779 0.2058 -0.9626 0.0765 0.204 -0.9304 0.0387 0.2458 -0.9448 0.0453 0.2376 -0.9608 0.0511 0.2301 -0.977 0.0532 0.2264 -0.9626 0.0442 0.2369
179.0 -0.9974 0.029 0.249 -0.8833 0.031 0.2583 -0.8903 0.0606 0.2274 -0.9046 0.0721 0.2142 -0.9275 0.0769 0.207 -0.9624 0.0753 0.2052 -0.9292 0.0364 0.2483 -0.9445 0.0435 0.2395 -0.9604 0.0493 0.232 -0.9776 0.0518 0.2277 -0.9618 0.042 0.2393
180.0 -1.0054 0.0347 0.2425 -0.8842 0.0309 0.2584 -0.8896 0.0417 0.2467 -0.9108 0.067 0.2188 -0.9315 0.0746 0.209 -0.9601 0.0725 0.2082 -0.9353 0.0313 0.2529 -0.9492 0.0404 0.2422 -0.9638 0.0482 0.2327 -0.977 0.0532 0.2264 -0.9661 0.0415 0.2393
181.0 -1.0026 0.0289 0.2486 -0.884 0.0297 0.2596 -0.8916 0.0378 0.2505 -0.9099 0.0671 0.2188 -0.9327 0.0768 0.2066 -0.9646 0.078 0.2022 -0.9378 0.0303 0.2536 -0.9516 0.0389 0.2435 -0.9679 0.0464 0.2341 -0.9847 0.0521 0.2267 -0.9689 0.0393 0.2413
182.0 -1.0053 0.0292 0.2481 -0.8869 0.0262 0.2629 -0.8948 0.0459 0.2419 -0.9089 0.0715 0.2144 -0.9306 0.0796 0.204 -0.964 0.0793 0.2009 -0.9381 0.0321 0.2517 -0.9529 0.0411 0.2411 -0.9691 0.0487 0.2317 -0.9866 0.0531 0.2255 -0.9704 0.0408 0.2396
183.0 -1.0177 0.0244 0.2517 -0.9096 0.0152 0.2719 -0.9031 0.0381 0.2491 -0.9138 0.0543 0.2314 -0.9324 0.0598 0.224 -0.9716 0.0728 0.2068 -0.9526 0.0247 0.2579 -0.9622 0.0344 0.247 -0.9767 0.0416 0.2382 -0.9932 0.0455 0.2326 -0.9805 0.0341 0.2455
184.0 -1.0254 0.0234 0.252 -0.912 0.0088 0.2782 -0.9046 0.0367 0.2504 -0.916 0.0516 0.234 -0.9378 0.0554 0.228 -0.975 0.0723 0.2069 -0.9601 0.0224 0.2594 -0.9699 0.0327 0.248 -0.9835 0.0401 0.2391 -1.0002 0.0451 0.2323 -0.9878 0.0328 0.2462
185.0 -1.0268 0.0214 0.2539 -0.9143 0.0066 0.2802 -0.9066 0.0333 0.2536 -0.9187 0.047 0.2385 -0.938 0.0566 0.2267 -0.9747 0.0706 0.2088 -0.9624 0.0203 0.2614 -0.9713 0.0307 0.2499 -0.9842 0.0393 0.2398 -1.0001 0.0445 0.2329 -0.989 0.0313 0.2476
186.0 -1.0284 0.0206 0.2546 -0.9161 0.007 0.2796 -0.9068 0.0345 0.2524 -0.9204 0.0467 0.2385 -0.9384 0.0541 0.2293 -0.9781 0.0695 0.2096 -0.9648 0.0188 0.2628 -0.9744 0.0285 0.2519 -0.9872 0.0365 0.2424 -1.0023 0.0424 0.2349 -0.9914 0.0293 0.2493
187.0 -1.0313 0.022 0.2528 -0.9207 0.0033 0.2829 -0.9091 0.0324 0.2543 -0.9233 0.0482 0.2368 -0.943 0.0553 0.2276 -0.9775 0.0665 0.2127 -0.9706 0.0168 0.2642 -0.9794 0.0272 0.2527 -0.9915 0.0359 0.2426 -1.005 0.0426 0.2343 -0.9956 0.0289 0.2493
188.0 -1.0334 0.0187 0.256 -0.9241 0.0023 0.2837 -0.9099 0.0317 0.255 -0.9238 0.0457 0.2393 -0.9421 0.0548 0.2281 -0.9762 0.0636 0.2157 -0.9693 0.0145 0.2667 -0.9793 0.0266 0.2533 -0.9915 0.0359 0.2426 -1.005 0.0426 0.2343 -0.9957 0.0277 0.2506
189.0 -1.0384 0.0174 0.2569 -0.9266 0.0019 0.2838 -0.9142 0.0311 0.2552 -0.9279 0.0445 0.2401 -0.9471 0.0535 0.229 -0.9823 0.0634 0.2153 -0.9743 0.0126 0.2681 -0.9841 0.0235 0.256 -0.997 0.0321 0.2459 -1.0105 0.0388 0.2377 -1.0009 0.0249 0.2529
190.0 -1.0354 0.0153 0.2592 -0.928 -0.0001 0.2857 -0.9155 0.0285 0.2577 -0.9265 0.041 0.2438 -0.9419 0.0487 0.2344 -0.9697 0.0517 0.2286 -0.9749 0.0113 0.2694 -0.9837 0.0211 0.2585 -0.9938 0.0289 0.2495 -1.0054 0.0347 0.2425 -0.9986 0.0223 0.2558
191.0 -1.0417 0.0157 0.2582 -0.9325 0.0005 0.2846 -0.9188 0.0274 0.2585 -0.9361 0.041 0.2429 -0.9549 0.0476 0.2343 -0.9806 0.0539 0.2253 -0.978 0.009 0.2714 -0.9866 0.0176 0.2617 -0.9977 0.0259 0.2522 -1.0103 0.0328 0.2439 -1.0029 0.0202 0.2575
192.0 -1.0457 0.0139 0.2596 -0.9359 -0.0006 0.2854 -0.9205 0.0272 0.2585 -0.9375 0.0438 0.2398 -0.9578 0.049 0.2325 -0.9934 0.0613 0.2164 -0.9841 0.0088 0.271 -0.993 0.0192 0.2595 -1.0043 0.0287 0.2487 -1.0187 0.0353 0.2405 -1.0092 0.0212 0.2559
193.0 -1.0522 0.0155 0.2574 -0.9408 -0.0024 0.2868 -0.923 0.0262 0.2593 -0.9384 0.0437 0.2399 -0.9579 0.0496 0.2319 -0.9947 0.0587 0.2189 -0.9861 0.0098 0.2698 -0.9949 0.0202 0.2583 -1.007 0.0289 0.2482 -1.0214 0.0356 0.24 -1.0123 0.022 0.2547
194.0 -1.0593 0.0158 0.2564 -0.946 -0.0031 0.287 -0.9256 0.0259 0.2594 -0.9375 0.0438 0.2398 -0.9588 0.0501 0.2313 -0.9978 0.0613 0.2159 -0.9892 0.0075 0.2718 -0.9981 0.0179 0.2603 -1.0104 0.0279 0.2489 -1.0258 0.0356 0.2395 -1.0165 0.0209 0.2554
195.0 -1.0652 0.0144 0.2573 -0.9536 -0.0048 0.2879 -0.9338 0.0229 0.2616 -0.9419 0.0438 0.2394 -0.9641 0.05 0.2309 -1.0038 0.0605 0.2162 -0.9978 0.0064 0.2721 -1.0051 0.0182 0.2593 -1.0175 0.0287 0.2473 -1.033 0.0364 0.2379 -1.0237 0.0208 0.2548
196.0 -1.0726 0.0164 0.2544 -0.9585 -0.0018 0.2844 -0.9375 0.0237 0.2604 -0.9462 0.0433 0.2395 -0.9673 0.0483 0.2322 -1.0057 0.0615 0.215 -1.0039 0.0061 0.2718 -1.01 0.0157 0.2614 -1.0214 0.0258 0.25 -1.0361 0.0342 0.2399 -1.0288 0.0196 0.2555
197.0 -1.0813 0.0159 0.2542 -0.9628 -0.0024 0.2845 -0.9408 0.0226 0.2612 -0.9468 0.0419 0.2408 -0.9689 0.0475 0.2329 -1.0061 0.059 0.2175 -1.009 0.0049 0.2726 -1.0142 0.0145 0.2622 -1.0247 0.0241 0.2513 -1.0394 0.0331 0.2407 -1.0337 0.0185 0.2562
198.0 -1.0815 0.0171 0.2529 -0.9662 -0.0034 0.2853 -0.9434 0.0223 0.2613 -0.9522 0.0424 0.2398 -0.9702 0.0498 0.2305 -1.0103 0.0578 0.2183 -1.0108 0.0052 0.272 -1.0169 0.0148 0.2616 -1.0273 0.0244 0.2508 -1.041 0.0323 0.2414 -1.0355 0.0187 0.2557
199.0 -1.0858 0.0165 0.2531 -0.9735 -0.002 0.2831 -0.9475 0.0205 0.2627 -0.9535 0.0398 0.2423 -0.9716 0.0478 0.2324 -1.0136 0.0562 0.2197 -1.0169 0.005 0.2716 -1.0213 0.0148 0.2612 -1.0308 0.0239 0.2509 -1.0446 0.0324 0.2409 -1.0399 0.0185 0.2555
200.0 -1.0818 0.014 0.256 -0.9766 -0.0042 0.2851 -0.9486 0.0216 0.2615 -0.9546 0.0409 0.2411 -0.9733 0.0475 0.2325 -1.0173 0.0575 0.2179 -1.0159 0.0045 0.2722 -1.022 0.0141 0.2618 -1.0325 0.0237 0.251 -1.0471 0.0315 0.2416 -1.0399 0.0175 0.2565
201.0 -1.0871 0.0139 0.2556 -0.9773 -0.0049 0.2857 -0.9502 0.0207 0.2622 -0.9561 0.0395 0.2424 -0.9768 0.0471 0.2326 -1.0185 0.0592 0.2161 -1.0177 0.0043 0.2723 -1.0236 0.0133 0.2625 -1.0357 0.022 0.2524 -1.051 0.0291 0.2436 -1.043 0.0165 0.2573
202.0 -1.0915 0.0139 0.2552 -0.979 -0.0058 0.2864 -0.9525 0.0192 0.2635 -0.9587 0.0391 0.2425 -0.9758 0.0466 0.2332 -1.0191 0.0578 0.2174 -1.0208 0.002 0.2743 -1.026 0.0117 0.2639 -1.0372 0.0206 0.2537 -1.0517 0.0278 0.2449 -1.0454 0.0152 0.2584
203.0 -1.0941 0.0135 0.2553 -0.9821 -0.008 0.2884 -0.955 0.0182 0.2642 -0.9594 0.0384 0.2432 -0.9774 0.0458 0.2339 -1.0196 0.0553 0.2199 -1.0208 0.002 0.2743 -1.027 0.0122 0.2633 -1.0373 0.0212 0.2531 -1.0517 0.0278 0.2449 -1.0462 0.0153 0.2582
204.0 -1.0961 0.0102 0.2585 -0.9878 -0.0106 0.2905 -0.9582 0.0166 0.2656 -0.9652 0.0364 0.2447 -0.9826 0.0451 0.2341 -1.0241 0.056 0.2188 -1.0259 0.0013 0.2745 -1.032 0.0109 0.2641 -1.0431 0.0192 0.2545 -1.0585 0.0263 0.2458 -1.0511 0.0136 0.2595
205.0 -1.0934 0.0099 0.259 -0.991 -0.0123 0.2919 -0.9608 0.0162 0.2657 -0.9695 0.0358 0.2448 -0.9895 0.0441 0.2344 -1.027 0.0525 0.2221 -1.0284 0.0004 0.2752 -1.0347 0.0112 0.2636 -1.0468 0.0199 0.2534 -1.0622 0.0276 0.244 -1.0531 0.0138 0.2591
206.0 -1.0988 0.0104 0.258 -0.9935 -0.0132 0.2926 -0.9616 0.0155 0.2664 -0.9687 0.0359 0.2448 -0.9866 0.0427 0.2361 -1.0262 0.0532 0.2214 -1.0302 0.0008 0.2747 -1.0362 0.0097 0.2649 -1.0474 0.0186 0.2547 -1.062 0.0264 0.2453 -1.0549 0.0132 0.2595
207.0 -1.1056 0.0089 0.2588 -1.0084 -0.0134 0.2913 -0.9709 0.0185 0.2624 -0.9763 0.0343 0.2457 -0.9912 0.0292 0.2494 -1.0168 0.0093 0.2673 -1.0436 0.0069 0.2671 -1.0483 0.0087 0.2647 -1.0587 0.0073 0.2651 -1.0714 0.005 0.2663 -1.0655 0.0074 0.2644
208.0 -1.1089 0.0079 0.2596 -1.0157 -0.0119 0.2891 -0.9736 0.0188 0.2618 -0.9788 0.0334 0.2464 -0.995 0.0306 0.2477 -1.0274 0.0097 0.2658 -1.0489 0.0068 0.2666 -1.0536 0.0086 0.2643 -1.0632 0.0079 0.2641 -1.0758 0.005 0.2658 -1.0701 0.0072 0.2641
209.0 -1.1208 0.0056 0.2607 -1.0282 -0.021 0.2971 -0.9835 0.0101 0.2697 -0.9897 0.0307 0.2481 -1.007 0.0387 0.2382 -1.044 0.0441 0.229 -1.0592 -0.0044 0.277 -1.0635 0.0048 0.2672 -1.0737 0.0126 0.2582 -1.0863 0.0195 0.25 -1.0807 0.0076 0.2626
210.0 -1.1256 0.0026 0.2634 -1.0331 -0.0228 0.2985 -0.9885 0.0088 0.2705 -0.992 0.0285 0.2501 -1.0114 0.0338 0.2427 -1.0473 0.0327 0.2403 -1.0634 -0.0056 0.2778 -1.0676 0.003 0.2686 -1.0774 0.009 0.2615 -1.0899 0.0147 0.2545 -1.0848 0.0048 0.2652
211.0 -1.1298 0.0014 0.2641 -1.0387 -0.026 0.3012 -0.991 0.003 0.2763 -0.9949 0.0251 0.2533 -1.0144 0.031 0.2453 -1.0548 0.0353 0.2369 -1.0647 -0.0082 0.2804 -1.069 0.001 0.2705 -1.0792 0.0088 0.2616 -1.0936 0.016 0.2528 -1.0873 0.0038 0.2659
212.0 -1.1332 0.0009 0.2643 -1.0409 -0.0239 0.2988 -0.9909 0.0073 0.2719 -0.9958 0.0201 0.2583 -1.0137 0.0116 0.2653 -1.0489 -0.0085 0.2822 -1.0678 -0.0006 0.2724 -1.0732 -0.0002 0.2713 -1.086 -0.0025 0.2724 -1.1002 -0.0068 0.2755 -1.0921 -0.0018 0.2712
213.0 -1.1308 -0.0024 0.2679 -1.0453 -0.0288 0.3033 -0.9948 -0.0006 0.2795 -0.9977 0.021 0.2572 -1.0184 0.0237 0.2523 -1.0611 0.021 0.2509 -1.0689 -0.0093 0.2812 -1.073 -0.0013 0.2726 -1.0837 0.0045 0.2655 -1.0978 0.01 0.2585 -1.0909 0.0003 0.2691
214.0 -1.1389 -0.0017 0.2664 -1.0475 -0.0315 0.3059 -0.9988 -0.0029 0.2816 -1.0028 0.0197 0.258 -1.0223 0.0257 0.25 -1.0627 0.0306 0.2409 -1.0736 -0.013 0.2845 -1.0763 -0.0024 0.2733 -1.0858 0.0067 0.2631 -1.0995 0.0146 0.2536 -1.0948 0.0008 0.2682
215.0 -1.1463 -0.0045 0.2685 -1.0523 -0.034 0.308 -1.0018 -0.0058 0.2842 -1.0058 0.0169 0.2606 -1.025 0.0259 0.2495 -1.061 0.0357 0.2359 -1.0768 -0.0147 0.2858 -1.0805 -0.0036 0.2741 -1.0909 0.0054 0.2639 -1.1046 0.0133 0.2544 -1.0998 -0.0008 0.2694
216.0 -1.1539 -0.0062 0.2695 -1.0556 -0.035 0.3087 -1.006 -0.007 0.285 -1.0062 0.0144 0.2631 -1.0271 0.0232 0.2521 -1.0649 0.0376 0.2335 -1.0808 -0.0171 0.2879 -1.0828 -0.0057 0.2761 -1.0915 0.0041 0.2652 -1.1064 0.0137 0.2539 -1.1031 -0.0022 0.2705
217.0 -1.1582 -0.0067 0.2696 -1.0622 -0.0378 0.3109 -1.01 -0.0093 0.287 -1.0105 0.0138 0.2633 -1.0304 0.0215 0.2534 -1.0709 0.0368 0.2338 -1.0877 -0.018 0.2881 -1.0896 -0.0066 0.2763 -1.0984 0.0032 0.2654 -1.1124 0.0129 0.2541 -1.1093 -0.0031 0.2707
218.0 -1.1635 -0.0068 0.2692 -1.0691 -0.0387 0.3111 -1.015 -0.0106 0.2878 -1.0182 0.0122 0.2642 -1.0356 0.0214 0.253 -1.0734 0.0365 0.2339 -1.0928 -0.0187 0.2883 -1.0947 -0.0079 0.2772 -1.1034 0.0019 0.2663 -1.1175 0.0116 0.2549 -1.1144 -0.004 0.2712
219.0 -1.1683 -0.0093 0.2713 -1.0748 -0.0413 0.3132 -1.0201 -0.0119 0.2886 -1.0223 0.0104 0.2656 -1.0406 0.0195 0.2544 -1.0784 0.0346 0.2353 -1.096 -0.0203 0.2897 -1.0989 -0.0091 0.2779 -1.1077 0.0013 0.2664 -1.1218 0.011 0.2551 -1.1186 -0.0053 0.2721
220.0 -1.1719 -0.0092 0.2708 -1.0833 -0.043 0.3142 -1.0259 -0.0139 0.2901 -1.0273 0.0091 0.2664 -1.0449 0.0189 0.2546 -1.0847 0.0356 0.2337 -1.1029 -0.0213 0.29 -1.1049 -0.0099 0.2782 -1.1138 0.0005 0.2667 -1.1277 0.0096 0.2559 -1.1242 -0.0061 0.2723
221.0 -1.1737 -0.0137 0.2752 -1.0864 -0.0453 0.3162 -1.032 -0.0141 0.2897 -1.0359 0.0079 0.2668 -1.0517 0.018 0.2549 -1.0912 0.0322 0.2364 -1.108 -0.0226 0.2908 -1.1109 -0.0107 0.2784 -1.1187 -0.0014 0.2681 -1.1335 0.0076 0.2574 -1.129 -0.0082 0.274
222.0 -1.179 -0.0138 0.2748 -1.095 -0.0465 0.3165 -1.0378 -0.0161 0.2912 -1.0392 0.0069 0.2675 -1.0568 0.0167 0.2557 -1.097 0.0302 0.2379 -1.1138 -0.0246 0.2923 -1.116 -0.012 0.2792 -1.1239 -0.0021 0.2683 -1.1378 0.007 0.2576 -1.1341 -0.0091 0.2744
223.0 -1.1868 -0.0143 0.2745 -1.1001 -0.0472 0.3167 -1.0455 -0.0178 0.2921 -1.0449 0.0043 0.2696 -1.0609 0.0149 0.2571 -1.1012 0.0291 0.2387 -1.1198 -0.0254 0.2925 -1.1209 -0.0139 0.2807 -1.1289 -0.0034 0.2691 -1.1411 0.006 0.2583 -1.1395 -0.0102 0.275
224.0 -1.2213 -0.0232 0.2802 -1.1324 -0.054 0.3205 -1.0728 -0.0227 0.2944 -1.0731 -0.0007 0.2719 -1.0926 0.0101 0.259 -1.1294 0.0246 0.2404 -1.1476 -0.0322 0.2967 -1.149 -0.0195 0.2836 -1.157 -0.009 0.2721 -1.1712 0.0019 0.2595 -1.1692 -0.0164 0.2784
225.0 -1.2293 -0.0231 0.2792 -1.1395 -0.0537 0.3195 -1.0799 -0.0218 0.2928 -1.0802 -0.0005 0.271 -1.1 0.0121 0.2561 -1.1348 0.0251 0.2394 -1.1563 -0.0328 0.2964 -1.1568 -0.02 0.2833 -1.165 -0.0083 0.2705 -1.1774 0.0023 0.2585 -1.177 -0.0164 0.2776
226.0 -1.24 -0.0221 0.2772 -1.1489 -0.055 0.3198 -1.0881 -0.0205 0.2906 -1.0854 -0.0006 0.2705 -1.104 0.0097 0.2582 -1.1432 0.0228 0.2409 -1.1659 -0.0334 0.2961 -1.1655 -0.0206 0.283 -1.1718 -0.0098 0.2714 -1.1843 0.0013 0.2588 -1.1855 -0.0169 0.2773
227.0 -1.2453 -0.0222 0.2767 -1.1567 -0.0554 0.3195 -1.0968 -0.0211 0.2903 -1.0963 0.001 0.2678 -1.1116 0.0081 0.2591 -1.1503 0.023 0.24 -1.1712 -0.0329 0.2951 -1.1716 -0.0208 0.2826 -1.1797 -0.0096 0.2705 -1.1921 0.0009 0.2584 -1.192 -0.0169 0.2767
228.0 -1.2501 -0.0246 0.2788 -1.1638 -0.0551 0.3186 -1.1029 -0.0213 0.29 -1.1051 0.001 0.2669 -1.1209 0.0062 0.2601 -1.1581 0.0226 0.2396 -1.1783 -0.0327 0.2941 -1.1796 -0.0206 0.2817 -1.1884 -0.0102 0.2702 -1.2018 0.0008 0.2576 -1.1996 -0.0175 0.2765
229.0 -1.2601 -0.0229 0.2761 -1.1701 -0.0548 0.3175 -1.1084 -0.0202 0.2883 -1.1131 0.0018 0.2654 -1.1297 0.0063 0.2592 -1.1658 0.0215 0.2399 -1.1846 -0.0323 0.2931 -1.1876 -0.0199 0.2801 -1.1956 -0.0093 0.2686 -1.2097 0.001 0.2566 -1.2075 -0.0167 0.2749
230.0 -1.2661 -0.0237 0.2763 -1.1771 -0.0545 0.3166 -1.1156 -0.0193 0.2867 -1.1187 0.0035 0.2631 -1.1369 0.0071 0.2576 -1.1729 0.0218 0.239 -1.1915 -0.0326 0.2928 -1.1937 -0.0201 0.2797 -1.2018 -0.009 0.2676 -1.216 0.0013 0.2556 -1.2138 -0.0168 0.2744
231.0 -1.2687 -0.0241 0.2764 -1.1841 -0.0548 0.3162 -1.1243 -0.0199 0.2864 -1.123 0.0029 0.2633 -1.1409 0.0096 0.2546 -1.1794 0.0234 0.2367 -1.1971 -0.0309 0.2905 -1.1983 -0.0189 0.278 -1.2062 -0.0089 0.2671 -1.2194 0.0009 0.2558 -1.218 -0.0164 0.2736
232.0 -1.2735 -0.0217 0.2735 -1.1888 -0.053 0.3139 -1.1308 -0.0177 0.2835 -1.131 0.0036 0.2617 -1.1488 0.0098 0.2536 -1.1845 0.0227 0.2369 -1.2006 -0.0308 0.29 -1.2019 -0.0187 0.2776 -1.2099 -0.0082 0.266 -1.2239 0.0015 0.2547 -1.222 -0.0156 0.2723
233.0 -1.2778 -0.0223 0.2736 -1.1926 -0.0517 0.3122 -1.1362 -0.0172 0.2825 -1.1356 0.0049 0.26 -1.1542 0.0103 0.2526 -1.1885 0.0252 0.2339 -1.2053 -0.0296 0.2883 -1.2074 -0.0177 0.2759 -1.2153 -0.0077 0.265 -1.2284 0.0021 0.2536 -1.2268 -0.015 0.2713
234.0 -1.283 -0.023 0.2738 -1.198 -0.0512 0.3111 -1.1409 -0.0154 0.2802 -1.1404 0.0067 0.2577 -1.1572 0.0123 0.2502 -1.1955 0.0249 0.2336 -1.2105 -0.0297 0.2879 -1.2118 -0.0176 0.2754 -1.2205 -0.0078 0.2645 -1.2336 0.0014 0.2538 -1.2319 -0.0153 0.2711
235.0 -1.2886 -0.0207 0.2709 -1.2017 -0.0499 0.3094 -1.1446 -0.0141 0.2785 -1.1477 0.0081 0.2555 -1.1652 0.0131 0.2487 -1.2017 0.0253 0.2326 -1.215 -0.0291 0.2868 -1.2171 -0.0171 0.2744 -1.225 -0.0072 0.2635 -1.2381 0.002 0.2527 -1.2368 -0.0144 0.2697
236.0 -1.2948 -0.0209 0.2705 -1.206 -0.0505 0.3096 -1.15 -0.0136 0.2774 -1.1513 0.0089 0.2544 -1.1673 0.0146 0.2469 -1.206 0.0247 0.2328 -1.2203 -0.0292 0.2864 -1.2215 -0.0171 0.2739 -1.2303 -0.0073 0.263 -1.2434 0.0025 0.2517 -1.2421 -0.0144 0.2691
237.0 -1.2999 -0.0216 0.2707 -1.2121 -0.0507 0.3092 -1.156 -0.0144 0.2777 -1.1582 0.0079 0.2546 -1.1744 0.0149 0.2459 -1.2096 0.0254 0.2316 -1.2248 -0.0286 0.2853 -1.2268 -0.0172 0.2735 -1.2347 -0.0073 0.2626 -1.247 0.0027 0.2512 -1.2466 -0.0144 0.2687
238.0 -1.3043 -0.0216 0.2703 -1.2181 -0.0515 0.3094 -1.1611 -0.0157 0.2785 -1.1616 0.0075 0.2548 -1.1769 0.0146 0.246 -1.2138 0.0242 0.2324 -1.2308 -0.0294 0.2856 -1.2311 -0.0178 0.2737 -1.239 -0.0079 0.2628 -1.2513 0.0021 0.2514 -1.2513 -0.0149 0.2687
239.0 -1.3412 -0.0272 0.2723 -1.2577 -0.0568 0.3109 -1.2002 -0.0185 0.2775 -1.2047 0.0023 0.2558 -1.2161 0.0074 0.2494 -1.2479 0.0178 0.2356 -1.2668 -0.0348 0.2876 -1.268 -0.0228 0.2751 -1.2742 -0.0126 0.2641 -1.2865 -0.0027 0.2527 -1.2873 -0.02 0.2704
240.0 -1.359 -0.0308 0.2743 -1.2776 -0.0583 0.3105 -1.2238 -0.0193 0.2759 -1.2256 0.0013 0.2547 -1.2354 0.0067 0.2483 -1.2686 0.0156 0.2358 -1.2847 -0.0379 0.2889 -1.2851 -0.0257 0.2764 -1.2922 -0.0157 0.2654 -1.3042 -0.0069 0.2553 -1.305 -0.0234 0.2721
241.0 -1.3623 -0.0319 0.275 -1.2837 -0.0591 0.3107 -1.2307 -0.0202 0.2762 -1.2334 0.0002 0.255 -1.2421 0.0051 0.2491 -1.2746 0.0148 0.236 -1.2909 -0.0381 0.2885 -1.2911 -0.0265 0.2766 -1.2981 -0.0171 0.2663 -1.3094 -0.0076 0.2555 -1.3104 -0.0242 0.2724
242.0 -1.3692 -0.0328 0.2753 -1.2887 -0.0604 0.3115 -1.2368 -0.0204 0.2758 -1.2404 0.0005 0.2541 -1.2494 0.0066 0.2469 -1.2806 0.014 0.2363 -1.2959 -0.0394 0.2893 -1.2971 -0.0273 0.2769 -1.3032 -0.0178 0.2665 -1.3146 -0.0083 0.2557 -1.316 -0.0251 0.2727
243.0 -1.3698 -0.0347 0.2772 -1.2955 -0.0619 0.3124 -1.2429 -0.0206 0.2754 -1.2466 0.0003 0.2537 -1.2546 0.0059 0.2471 -1.285 0.014 0.2358 -1.3018 -0.0408 0.2902 -1.3022 -0.0286 0.2777 -1.3084 -0.0185 0.2667 -1.3197 -0.009 0.2559 -1.3204 -0.0263 0.2735
244.0 -1.3766 -0.0356 0.2775 -1.3008 -0.0614 0.3114 -1.2497 -0.0221 0.2763 -1.2534 -0.0007 0.254 -1.2614 0.0044 0.248 -1.2924 0.0106 0.2386 -1.306 -0.042 0.291 -1.3074 -0.0293 0.2779 -1.3134 -0.0198 0.2675 -1.3256 -0.0104 0.2567 -1.3258 -0.0274 0.2741
245.0 -1.3843 -0.0373 0.2784 -1.3049 -0.0632 0.3128 -1.2547 -0.0234 0.2771 -1.2602 -0.0022 0.2548 -1.27 0.0032 0.2483 -1.2976 0.0105 0.2382 -1.3112 -0.0427 0.2912 -1.3133 -0.0307 0.2788 -1.3194 -0.0206 0.2678 -1.3315 -0.0118 0.2576 -1.3319 -0.0286 0.2747
246.0 -1.3859 -0.0381 0.2791 -1.31 -0.0645 0.3136 -1.259 -0.024 0.2773 -1.2652 -0.0041 0.2563 -1.2751 0.0025 0.2485 -1.3009 0.0094 0.2389 -1.3162 -0.044 0.292 -1.3175 -0.0319 0.2795 -1.3245 -0.0219 0.2686 -1.3358 -0.0124 0.2578 -1.336 -0.0296 0.2754
247.0 -1.3945 -0.0392 0.2794 -1.3124 -0.066 0.3149 -1.2625 -0.0245 0.2774 -1.2704 -0.0042 0.2559 -1.2785 0.0021 0.2487 -1.3052 0.0088 0.2391 -1.3203 -0.0457 0.2934 -1.3208 -0.033 0.2803 -1.3278 -0.0229 0.2693 -1.3392 -0.0135 0.2585 -1.3405 -0.0309 0.2762
248.0 -1.3961 -0.0401 0.2801 -1.3159 -0.0659 0.3145 -1.2669 -0.0245 0.277 -1.2755 -0.0055 0.2567 -1.2852 -6.313e-05 0.2502 -1.3094 0.0077 0.2399 -1.3237 -0.0462 0.2935 -1.3259 -0.0337 0.2805 -1.3321 -0.0235 0.2695 -1.3435 -0.014 0.2587 -1.3443 -0.0315 0.2765
249.0 -1.4003 -0.0412 0.2809 -1.3209 -0.0672 0.3153 -1.2703 -0.0249 0.2771 -1.279 -0.0053 0.2562 -1.2872 0.0015 0.2484 -1.3136 0.0065 0.2407 -1.3255 -0.0464 0.2936 -1.3268 -0.0338 0.2805 -1.3338 -0.0237 0.2696 -1.346 -0.0144 0.2588 -1.3465 -0.0319 0.2767
250.0 -1.4011 -0.0414 0.2809 -1.3251 -0.0684 0.3161 -1.2744 -0.0267 0.2785 -1.2827 -0.0046 0.2551 -1.2915 0.0009 0.2486 -1.3173 0.0072 0.2396 -1.3306 -0.0471 0.2938 -1.332 -0.0345 0.2807 -1.3381 -0.0243 0.2697 -1.3495 -0.0148 0.2589 -1.3503 -0.0324 0.2768
250.0 -1.4011 -0.0414 0.2809 -1.3251 -0.0684 0.3161 -1.2744 -0.0267 0.2785 -1.2827 -0.0046 0.2551 -1.2915 0.0009 0.2486 -1.3173 0.0072 0.2396 -1.3306 -0.0471 0.2938 -1.332 -0.0345 0.2807 -1.3381 -0.0243 0.2697 -1.3495 -0.0148 0.2589 -1.3503 -0.0324 0.2768
250.0 -1.4011 -0.0414 0.2809 -1.3251 -0.0684 0.3161 -1.2744 -0.0267 0.2785 -1.2827 -0.0046 0.2551 -1.2915 0.0009 0.2486 -1.3173 0.0072 0.2396 -1.3306 -0.0471 0.2938 -1.332 -0.0345 0.2807 -1.3381 -0.0243 0.2697 -1.3495 -0.0148 0.2589 -1.3503 -0.0324 0.2768
250.0 -1.4011 -0.0414 0.2809 -1.3251 -0.0684 0.3161 -1.2744 -0.0267 0.2785 -1.2827 -0.0046 0.2551 -1.2915 0.0009 0.2486 -1.3173 0.0072 0.2396 -1.3306 -0.0471 0.2938 -1.332 -0.0345 0.2807 -1.3381 -0.0243 0.2697 -1.3495 -0.0148 0.2589 -1.3503 -0.0324 0.2768
250.0 -1.4011 -0.0414 0.2809 -1.3251 -0.0684 0.3161 -1.2744 -0.0267 0.2785 -1.2827 -0.0046 0.2551 -1.2915 0.0009 0.2486 -1.3173 0.0072 0.2396 -1.3306 -0.0471 0.2938 -1.332 -0.0345 0.2807 -1.3381 -0.0243 0.2697 -1.3495 -0.0148 0.2589 -1.3503 -0.0324 0.2768
250.0 -1.4011 -0.0414 0.2809 -1.3251 -0.0684 0.3161 -1.2744 -0.0267 0.2785 -1.2827 -0.0046 0.2551 -1.2915 0.0009 0.2486 -1.3173 0.0072 0.2396 -1.3306 -0.0471 0.2938 -1.332 -0.0345 0.2807 -1.3381 -0.0243 0.2697 -1.3495 -0.0148 0.2589 -1.3503 -0.0324 0.2768
250.0 -1.4011 -0.0414 0.2809 -1.3251 -0.0684 0.3161 -1.2744 -0.0267 0.2785 -1.2827 -0.0046 0.2551 -1.2915 0.0009 0.2486 -1.3173 0.0072 0.2396 -1.3306 -0.0471 0.2938 -1.332 -0.0345 0.2807 -1.3381 -0.0243 0.2697 -1.3495 -0.0148 0.2589 -1.3503 -0.0324 0.2768
250.0 -1.4011 -0.0414 0.2809 -1.3251 -0.0684 0.3161 -1.2744 -0.0267 0.2785 -1.2827 -0.0046 0.2551 -1.2915 0.0009 0.2486 -1.3173 0.0072 0.2396 -1.3306 -0.0471 0.2938 -1.332 -0.0345 0.2807 -1.3381 -0.0243 0.2697 -1.3495 -0.0148 0.2589 -1.3503 -0.0324 0.2768
250.0 -1.4011 -0.0414 0.2809 -1.3251 -0.0684 0.3161 -1.2744 -0.0267 0.2785 -1.2827 -0.0046 0.2551 -1.2915 0.0009 0.2486 -1.3173 0.0072 0.2396 -1.3306 -0.0471 0.2938 -1.332 -0.0345 0.2807 -1.3381 -0.0243 0.2697 -1.3495 -0.0148 0.2589 -1.3503 -0.0324 0.2768
259.0 -1.417 -0.0362 0.274 -1.34 -0.049 0.2948 -1.3145 -0.0187 0.2663 -1.3265 -0.0001 0.2462 -1.3433 0.0049 0.2393 -1.3558 0.0063 0.2367 -1.355 -0.0388 0.2829 -1.3585 -0.0289 0.2724 -1.3652 -0.0206 0.2633 -1.3753 -0.0128 0.2543 -1.3742 -0.0275 0.2694
260.0 -1.4133 -0.032 0.2701 -1.3406 -0.0301 0.2754 -1.3289 -0.0066 0.2525 -1.3402 0.0078 0.2367 -1.3557 0.0106 0.2323 -1.3716 0.0109 0.2304 -1.3602 -0.0291 0.2725 -1.367 -0.0203 0.2627 -1.376 -0.0141 0.2556 -1.3875 -0.009 0.2492 -1.3808 -0.0209 0.262
260.0 -1.4133 -0.032 0.2701 -1.3406 -0.0301 0.2754 -1.3289 -0.0066 0.2525 -1.3402 0.0078 0.2367 -1.3557 0.0106 0.2323 -1.3716 0.0109 0.2304 -1.3602 -0.0291 0.2725 -1.367 -0.0203 0.2627 -1.376 -0.0141 0.2556 -1.3875 -0.009 0.2492 -1.3808 -0.0209 0.262
260.0 -1.4133 -0.032 0.2701 -1.3406 -0.0301 0.2754 -1.3289 -0.0066 0.2525 -1.3402 0.0078 0.2367 -1.3557 0.0106 0.2323 -1.3716 0.0109 0.2304 -1.3602 -0.0291 0.2725 -1.367 -0.0203 0.2627 -1.376 -0.0141 0.2556 -1.3875 -0.009 0.2492 -1.3808 -0.0209 0.262
260.0 -1.4133 -0.032 0.2701 -1.3406 -0.0301 0.2754 -1.3289 -0.0066 0.2525 -1.3402 0.0078 0.2367 -1.3557 0.0106 0.2323 -1.3716 0.0109 0.2304 -1.3602 -0.0291 0.2725 -1.367 -0.0203 0.2627 -1.376 -0.0141 0.2556 -1.3875 -0.009 0.2492 -1.3808 -0.0209 0.262
260.0 -1.4133 -0.032 0.2701 -1.3406 -0.0301 0.2754 -1.3289 -0.0066 0.2525 -1.3402 0.0078 0.2367 -1.3557 0.0106 0.2323 -1.3716 0.0109 0.2304 -1.3602 -0.0291 0.2725 -1.367 -0.0203 0.2627 -1.376 -0.0141 0.2556 -1.3875 -0.009 0.2492 -1.3808 -0.0209 0.262
260.0 -1.4133 -0.032 0.2701 -1.3406 -0.0301 0.2754 -1.3289 -0.0066 0.2525 -1.3402 0.0078 0.2367 -1.3557 0.0106 0.2323 -1.3716 0.0109 0.2304 -1.3602 -0.0291 0.2725 -1.367 -0.0203 0.2627 -1.376 -0.0141 0.2556 -1.3875 -0.009 0.2492 -1.3808 -0.0209 0.262
260.0 -1.4133 -0.032 0.2701 -1.3406 -0.0301 0.2754 -1.3289 -0.0066 0.2525 -1.3402 0.0078 0.2367 -1.3557 0.0106 0.2323 -1.3716 0.0109 0.2304 -1.3602 -0.0291 0.2725 -1.367 -0.0203 0.2627 -1.376 -0.0141 0.2556 -1.3875 -0.009 0.2492 -1.3808 -0.0209 0.262
260.0 -1.4133 -0.032 0.2701 -1.3406 -0.0301 0.2754 -1.3289 -0.0066 0.2525 -1.3402 0.0078 0.2367 -1.3557 0.0106 0.2323 -1.3716 0.0109 0.2304 -1.3602 -0.0291 0.2725 -1.367 -0.0203 0.2627 -1.376 -0.0141 0.2556 -1.3875 -0.009 0.2492 -1.3808 -0.0209 0.262
260.0 -1.4133 -0.032 0.2701 -1.3406 -0.0301 0.2754 -1.3289 -0.0066 0.2525 -1.3402 0.0078 0.2367 -1.3557 0.0106 0.2323 -1.3716 0.0109 0.2304 -1.3602 -0.0291 0.2725 -1.367 -0.0203 0.2627 -1.376 -0.0141 0.2556 -1.3875 -0.009 0.2492 -1.3808 -0.0209 0.262
