1.0 -1.2727 0.0291 0.2216 -1.1894 0.0202 0.239 -1.1787 0.04 0.2198 -1.1776 0.0487 0.211 -1.1898 0.058 0.2003 -1.2027 0.0612 0.1958 -1.2125 0.022 0.2349 -1.2158 0.0307 0.2256 -1.2235 0.0394 0.2159 -1.2337 0.0472 0.207 -1.2317 0.0337 0.221
2.0 -1.2726 0.0285 0.2222 -1.1893 0.0196 0.2396 -1.1788 0.0406 0.2192 -1.1778 0.0499 0.2098 -1.1898 0.058 0.2003 -1.2027 0.0612 0.1958 -1.2135 0.0224 0.2343 -1.2168 0.0312 0.2251 -1.2245 0.0399 0.2154 -1.2345 0.0471 0.207 -1.2324 0.0338 0.2208
3.0 -1.2726 0.0285 0.2222 -1.1909 0.0188 0.2403 -1.1784 0.0382 0.2217 -1.1775 0.0481 0.2117 -1.1888 0.0569 0.2015 -1.2018 0.0613 0.1957 -1.2143 0.0217 0.2349 -1.2176 0.031 0.2251 -1.2244 0.0393 0.216 -1.2345 0.0471 0.207 -1.2327 0.0335 0.221
4.0 -1.2727 0.0291 0.2216 -1.1901 0.0195 0.2396 -1.178 0.0407 0.2192 -1.1786 0.0491 0.2105 -1.1896 0.0568 0.2015 -1.2018 0.0613 0.1957 -1.2134 0.0218 0.2349 -1.2168 0.0312 0.2251 -1.2235 0.0394 0.2159 -1.2337 0.0472 0.207 -1.232 0.0337 0.2209
5.0 -1.271 0.0293 0.2215 -1.1886 0.0209 0.2383 -1.1761 0.0397 0.2204 -1.1782 0.0516 0.2079 -1.1872 0.0584 0.2002 -1.2003 0.0627 0.1944 -1.2111 0.024 0.233 -1.2144 0.0327 0.2237 -1.222 0.0408 0.2146 -1.2322 0.0486 0.2057 -1.2301 0.0351 0.2197
6.0 -1.27 0.0289 0.2221 -1.1886 0.0209 0.2383 -1.1755 0.0416 0.2185 -1.1782 0.0516 0.2079 -1.1882 0.0588 0.1996 -1.2002 0.0621 0.1951 -1.2102 0.0235 0.2335 -1.2143 0.0321 0.2243 -1.2219 0.0402 0.2153 -1.2321 0.048 0.2063 -1.2297 0.0346 0.2203
7.0 -1.2702 0.0295 0.2215 -1.1886 0.0209 0.2383 -1.177 0.0402 0.2198 -1.1761 0.0501 0.2097 -1.1864 0.0585 0.2001 -1.2003 0.0627 0.1944 -1.211 0.0234 0.2336 -1.2152 0.032 0.2244 -1.2219 0.0402 0.2153 -1.2321 0.048 0.2063 -1.2301 0.0346 0.2202
8.0 -1.2702 0.0295 0.2215 -1.1878 0.0216 0.2377 -1.1755 0.0416 0.2185 -1.1783 0.0522 0.2073 -1.1882 0.0588 0.1996 -1.2002 0.0621 0.1951 -1.2111 0.024 0.233 -1.2144 0.0327 0.2237 -1.222 0.0408 0.2146 -1.2321 0.048 0.2063 -1.23 0.035 0.2198
9.0 -1.27 0.0289 0.2221 -1.1878 0.0216 0.2377 -1.1755 0.0416 0.2185 -1.1783 0.0522 0.2073 -1.1882 0.0588 0.1996 -1.2011 0.062 0.1951 -1.2104 0.0247 0.2323 -1.2154 0.0332 0.2231 -1.2229 0.0407 0.2147 -1.233 0.0485 0.2057 -1.2303 0.0352 0.2196
10.0 -1.2691 0.0284 0.2227 -1.1887 0.0215 0.2377 -1.1756 0.0422 0.2178 -1.1791 0.0521 0.2074 -1.1892 0.0593 0.199 -1.2011 0.062 0.1951 -1.2094 0.0242 0.2329 -1.2144 0.0327 0.2237 -1.2219 0.0402 0.2153 -1.2321 0.048 0.2063 -1.2294 0.0347 0.2202
11.0 -1.2711 0.0299 0.2209 -1.1888 0.0221 0.2371 -1.1756 0.0422 0.2178 -1.1783 0.0522 0.2073 -1.1883 0.0594 0.199 -1.2003 0.0627 0.1944 -1.2104 0.0247 0.2323 -1.2145 0.0333 0.2231 -1.2221 0.0414 0.214 -1.2323 0.0492 0.205 -1.2301 0.0357 0.2191
12.0 -1.2693 0.0296 0.2215 -1.1886 0.0209 0.2383 -1.1764 0.0415 0.2185 -1.1782 0.0516 0.2079 -1.1874 0.059 0.1996 -1.2012 0.0626 0.1945 -1.2104 0.0247 0.2323 -1.2145 0.0333 0.2231 -1.2221 0.0414 0.214 -1.2322 0.0486 0.2057 -1.2297 0.0355 0.2193
13.0 -1.2683 0.0291 0.2221 -1.188 0.0222 0.2371 -1.1757 0.0428 0.2172 -1.1792 0.0527 0.2067 -1.1883 0.0594 0.199 -1.2012 0.0626 0.1945 -1.2095 0.0248 0.2323 -1.2145 0.0333 0.2231 -1.2221 0.0414 0.214 -1.2322 0.0486 0.2057 -1.2293 0.0355 0.2194
14.0 -1.2684 0.0297 0.2214 -1.188 0.0222 0.2371 -1.1749 0.0429 0.2172 -1.1775 0.053 0.2067 -1.1875 0.0596 0.1989 -1.1994 0.0622 0.195 -1.2095 0.0248 0.2323 -1.2137 0.0334 0.2231 -1.2212 0.0416 0.214 -1.2304 0.0489 0.2056 -1.2287 0.0357 0.2193
15.0 -1.2694 0.0302 0.2208 -1.1871 0.0223 0.237 -1.1739 0.0424 0.2178 -1.1765 0.0525 0.2073 -1.1874 0.059 0.1996 -1.2003 0.0627 0.1944 -1.2087 0.0249 0.2322 -1.2128 0.0335 0.223 -1.2212 0.0416 0.214 -1.2306 0.0495 0.205 -1.2285 0.0359 0.219
16.0 -1.2684 0.0297 0.2214 -1.1852 0.0214 0.2382 -1.1726 0.0402 0.2202 -1.1734 0.0498 0.2103 -1.1837 0.0582 0.2007 -1.1967 0.062 0.1955 -1.2084 0.0237 0.2335 -1.2117 0.0325 0.2242 -1.2193 0.0406 0.2152 -1.2295 0.0484 0.2062 -1.2275 0.035 0.2201
17.0 -1.2693 0.0296 0.2215 -1.1851 0.0208 0.2388 -1.1726 0.0402 0.2202 -1.1734 0.0498 0.2103 -1.1847 0.0587 0.2001 -1.1977 0.0631 0.1943 -1.2102 0.0235 0.2335 -1.2136 0.0328 0.2237 -1.2203 0.0411 0.2146 -1.2296 0.049 0.2056 -1.2286 0.0352 0.2198
18.0 -1.2694 0.0302 0.2208 -1.1852 0.0214 0.2382 -1.1734 0.0395 0.2209 -1.1734 0.0498 0.2103 -1.1847 0.0587 0.2001 -1.1976 0.0625 0.195 -1.2094 0.0242 0.2329 -1.2127 0.0329 0.2236 -1.2203 0.0411 0.2146 -1.2296 0.049 0.2056 -1.2283 0.0355 0.2195
19.0 -1.2685 0.0303 0.2208 -1.1861 0.0219 0.2376 -1.1734 0.0395 0.2209 -1.1743 0.0497 0.2103 -1.1847 0.0587 0.2001 -1.1976 0.0625 0.195 -1.2093 0.0236 0.2335 -1.2127 0.0329 0.2236 -1.2194 0.0412 0.2145 -1.2296 0.049 0.2056 -1.2279 0.0354 0.2196
20.0 -1.2694 0.0302 0.2208 -1.1853 0.022 0.2376 -1.172 0.0415 0.2189 -1.1746 0.0515 0.2084 -1.1848 0.0593 0.1995 -1.1986 0.0629 0.1944 -1.2094 0.0242 0.2329 -1.2127 0.0329 0.2236 -1.2194 0.0412 0.2145 -1.2296 0.049 0.2056 -1.2281 0.0355 0.2195
21.0 -1.2693 0.0296 0.2215 -1.1844 0.0221 0.2375 -1.1727 0.0408 0.2196 -1.1735 0.0504 0.2096 -1.1848 0.0593 0.1995 -1.1977 0.0631 0.1943 -1.2086 0.0243 0.2329 -1.2127 0.0329 0.2236 -1.2203 0.0411 0.2146 -1.2296 0.049 0.2056 -1.2281 0.0354 0.2196
22.0 -1.2693 0.0296 0.2215 -1.1843 0.0215 0.2382 -1.1734 0.0395 0.2209 -1.1734 0.0498 0.2103 -1.1838 0.0588 0.2 -1.1968 0.0626 0.1949 -1.2094 0.0242 0.2329 -1.2127 0.0329 0.2236 -1.2194 0.0412 0.2145 -1.2296 0.049 0.2056 -1.2281 0.0354 0.2196
23.0 -1.2684 0.0297 0.2214 -1.1842 0.0209 0.2388 -1.172 0.0415 0.2189 -1.1728 0.0511 0.209 -1.1829 0.0589 0.2 -1.1959 0.0627 0.1949 -1.2077 0.0244 0.2328 -1.2111 0.0338 0.223 -1.2177 0.0414 0.2145 -1.2278 0.0486 0.2061 -1.2265 0.0356 0.2196
24.0 -1.2684 0.0297 0.2214 -1.1834 0.0216 0.2381 -1.1711 0.0416 0.2189 -1.1738 0.0516 0.2084 -1.1829 0.0589 0.2 -1.1958 0.0621 0.1955 -1.2068 0.0246 0.2328 -1.211 0.0332 0.2236 -1.2186 0.0413 0.2145 -1.2278 0.0486 0.2061 -1.2265 0.0355 0.2197
25.0 -1.2674 0.0286 0.2226 -1.1833 0.021 0.2387 -1.1708 0.0398 0.2208 -1.1699 0.0497 0.2107 -1.1811 0.0586 0.2006 -1.1941 0.0623 0.1954 -1.2067 0.024 0.2334 -1.211 0.0332 0.2236 -1.2176 0.0408 0.2151 -1.2277 0.048 0.2067 -1.2261 0.0349 0.2203
26.0 -1.2675 0.0292 0.222 -1.1832 0.0204 0.2394 -1.1707 0.0392 0.2214 -1.1689 0.0492 0.2113 -1.181 0.058 0.2012 -1.1939 0.0611 0.1967 -1.2066 0.0234 0.234 -1.2091 0.0322 0.2248 -1.2158 0.0405 0.2156 -1.2258 0.0477 0.2073 -1.225 0.0346 0.2207
27.0 -1.2666 0.0293 0.222 -1.1815 0.0207 0.2393 -1.1691 0.04 0.2207 -1.1699 0.0497 0.2107 -1.1802 0.0581 0.2012 -1.1923 0.062 0.196 -1.2058 0.0235 0.234 -1.2092 0.0328 0.2241 -1.2158 0.0405 0.2156 -1.225 0.0478 0.2073 -1.2245 0.0348 0.2206
28.0 -1.2656 0.0288 0.2226 -1.1806 0.0202 0.2399 -1.1685 0.042 0.2188 -1.1713 0.0526 0.2077 -1.1805 0.0599 0.1993 -1.1931 0.0618 0.196 -1.2015 0.0241 0.2338 -1.2066 0.0332 0.224 -1.2142 0.0413 0.215 -1.2233 0.048 0.2072 -1.2222 0.0351 0.2205
29.0 -1.2657 0.0294 0.222 -1.1797 0.0203 0.2399 -1.1676 0.0415 0.2194 -1.1695 0.0522 0.2082 -1.1795 0.0594 0.1999 -1.1923 0.062 0.196 -1.2014 0.0235 0.2344 -1.2056 0.0327 0.2246 -1.2132 0.0408 0.2155 -1.2233 0.048 0.2072 -1.2218 0.0349 0.2208
30.0 -1.2649 0.0296 0.2219 -1.1787 0.0198 0.2404 -1.1646 0.0394 0.2218 -1.1655 0.0497 0.2112 -1.1766 0.058 0.2016 -1.1895 0.0611 0.1971 -1.2006 0.0242 0.2338 -1.2039 0.0329 0.2246 -1.2115 0.041 0.2155 -1.2206 0.0478 0.2077 -1.2203 0.0351 0.2207
31.0 -1.2603 0.0283 0.2236 -1.175 0.0185 0.2422 -1.1603 0.04 0.2216 -1.1629 0.05 0.2111 -1.1721 0.0573 0.2027 -1.1851 0.0611 0.1976 -1.1971 0.0241 0.2343 -1.2012 0.0327 0.2251 -1.2088 0.0408 0.216 -1.2188 0.0474 0.2083 -1.2172 0.0346 0.2214
32.0 -1.2558 0.0277 0.2247 -1.1672 0.0195 0.2419 -1.1556 0.0382 0.2239 -1.1561 0.0461 0.2158 -1.1649 0.0565 0.2043 -1.1771 0.0609 0.1985 -1.1951 0.0231 0.2355 -1.1986 0.033 0.225 -1.2054 0.0413 0.2159 -1.2146 0.0486 0.2075 -1.2139 0.0347 0.2217
33.0 -1.2504 0.0272 0.2257 -1.161 0.0191 0.2429 -1.1504 0.0389 0.2237 -1.1511 0.048 0.2144 -1.1599 0.0578 0.2035 -1.1721 0.0622 0.1977 -1.1889 0.0227 0.2365 -1.1924 0.0326 0.226 -1.1992 0.0415 0.2163 -1.2075 0.0483 0.2085 -1.2077 0.0345 0.2226
34.0 -1.2425 0.0271 0.2267 -1.1555 0.0181 0.2445 -1.1432 0.038 0.2253 -1.1428 0.0454 0.2178 -1.1527 0.0569 0.2051 -1.1676 0.0616 0.1988 -1.182 0.0236 0.2362 -1.1854 0.033 0.2263 -1.1931 0.0417 0.2166 -1.2023 0.049 0.2083 -1.2011 0.0349 0.2228
35.0 -1.237 0.026 0.2283 -1.1492 0.0171 0.2462 -1.1369 0.0371 0.227 -1.1358 0.0458 0.2182 -1.1456 0.0567 0.2061 -1.1603 0.0602 0.201 -1.1749 0.0228 0.2378 -1.1782 0.0321 0.2279 -1.1858 0.0402 0.2189 -1.195 0.0475 0.2105 -1.1942 0.0337 0.2247
36.0 -1.23 0.0263 0.2287 -1.1413 0.0169 0.2471 -1.1284 0.0388 0.226 -1.1291 0.0479 0.2167 -1.1388 0.0582 0.2052 -1.1515 0.0601 0.2019 -1.168 0.0237 0.2375 -1.1714 0.033 0.2277 -1.1781 0.0413 0.2186 -1.1871 0.0474 0.2114 -1.1869 0.0343 0.2248
37.0 -1.1739 0.0272 0.2334 -1.0778 0.0163 0.254 -1.0562 0.0382 0.2338 -1.0538 0.0501 0.2219 -1.0618 0.0606 0.2103 -1.0766 0.0647 0.2046 -1.1053 0.0224 0.2451 -1.1071 0.0325 0.2345 -1.1121 0.041 0.2254 -1.1205 0.049 0.2163 -1.1238 0.0344 0.2309
38.0 -1.1588 0.0268 0.2353 -1.0569 0.0173 0.2551 -1.0405 0.0391 0.2345 -1.039 0.0509 0.2225 -1.0471 0.062 0.2104 -1.0638 0.0665 0.2041 -1.0895 0.0227 0.2464 -1.0929 0.032 0.2365 -1.0997 0.0409 0.2268 -1.1089 0.0482 0.2184 -1.11 0.0341 0.2327
39.0 -1.1436 0.03 0.2335 -1.0485 0.0148 0.2585 -1.0265 0.0349 0.2402 -1.0248 0.0449 0.2301 -1.0304 0.0569 0.2172 -1.0524 0.0668 0.2049 -1.0802 0.0197 0.2504 -1.082 0.0298 0.2398 -1.0878 0.0382 0.2307 -1.0972 0.0467 0.221 -1.0982 0.0329 0.2351
40.0 -1.1263 0.0269 0.2384 -1.0364 0.0158 0.2587 -1.0155 0.037 0.2391 -1.011 0.0467 0.2296 -1.0177 0.0599 0.2155 -1.0402 0.0678 0.2051 -1.0674 0.022 0.2492 -1.0681 0.0311 0.2399 -1.0731 0.0396 0.2307 -1.0833 0.0474 0.2218 -1.0836 0.0334 0.236
41.0 -1.1148 0.0266 0.2398 -1.0195 0.015 0.2611 -0.9992 0.0398 0.2379 -0.9957 0.0494 0.2284 -1.0056 0.0609 0.2156 -1.0235 0.0676 0.2069 -1.0538 0.0196 0.2531 -1.0564 0.0296 0.2426 -1.0624 0.0386 0.2328 -1.0701 0.0473 0.2231 -1.0715 0.0323 0.2383
42.0 -1.1034 0.0269 0.2406 -1.0072 0.0149 0.2625 -0.9833 0.0389 0.2404 -0.9806 0.049 0.2303 -0.9943 0.0618 0.2158 -1.0149 0.0639 0.2116 -1.0393 0.0173 0.2569 -1.0418 0.0267 0.247 -1.0488 0.0361 0.2367 -1.0591 0.0451 0.2264 -1.0585 0.0304 0.2415
43.0 -1.0945 0.0263 0.2422 -0.9921 0.0139 0.2651 -0.9671 0.0423 0.2385 -0.9676 0.055 0.2254 -0.9788 0.0639 0.2152 -1.0012 0.0658 0.2111 -1.0226 0.0177 0.2581 -1.0264 0.0288 0.2464 -1.0341 0.0381 0.2361 -1.0452 0.0458 0.2271 -1.0446 0.0313 0.242
44.0 -1.0738 0.0236 0.247 -0.9735 0.0133 0.2675 -0.9518 0.0401 0.2423 -0.9562 0.0553 0.2262 -0.9675 0.0642 0.216 -0.994 0.0649 0.2127 -1.0103 0.0175 0.2595 -1.0156 0.0278 0.2485 -1.025 0.0363 0.2389 -1.0362 0.0446 0.2293 -1.0322 0.0299 0.2446
45.0 -1.0621 0.0221 0.2497 -0.9597 0.0152 0.2669 -0.9363 0.0421 0.2417 -0.9398 0.0569 0.2262 -0.9546 0.0659 0.2155 -0.9804 0.068 0.2109 -0.9937 0.0179 0.2607 -0.9991 0.0288 0.2491 -1.0087 0.0385 0.2382 -1.0214 0.0459 0.2293 -1.017 0.0306 0.2454
46.0 -1.048 0.0216 0.2516 -0.9437 0.0137 0.2701 -0.9215 0.0429 0.2423 -0.9241 0.0578 0.2268 -0.9381 0.0676 0.2155 -0.9648 0.0688 0.2115 -0.9786 0.0175 0.2627 -0.9841 0.0284 0.251 -0.9928 0.0382 0.2401 -1.0048 0.0463 0.2306 -1.0017 0.0304 0.2472
47.0 -1.039 0.0204 0.2538 -0.9297 0.0143 0.2708 -0.9083 0.0429 0.2437 -0.9113 0.0602 0.2257 -0.9277 0.0683 0.2157 -0.9536 0.0704 0.2111 -0.967 0.0166 0.2647 -0.9725 0.0275 0.2531 -0.9822 0.0378 0.2416 -0.9943 0.0465 0.2314 -0.991 0.0298 0.2489
48.0 -1.0242 0.0217 0.2538 -0.9149 0.0151 0.2714 -0.8921 0.0457 0.2424 -0.8967 0.0621 0.2251 -0.914 0.0702 0.2152 -0.9422 0.0707 0.2119 -0.9542 0.0184 0.2642 -0.9605 0.0297 0.252 -0.9703 0.04 0.2405 -0.9825 0.0494 0.2297 -0.9783 0.0318 0.248
49.0 -1.0065 0.0211 0.2562 -0.9001 0.0159 0.2721 -0.8792 0.0474 0.2419 -0.8849 0.065 0.2234 -0.902 0.0724 0.2141 -0.9286 0.0731 0.2108 -0.9385 0.0193 0.2649 -0.9448 0.03 0.2532 -0.9552 0.0396 0.2424 -0.9682 0.0482 0.2323 -0.9626 0.0316 0.2498
50.0 -1.0007 0.0231 0.2548 -0.8856 0.0185 0.2709 -0.8647 0.05 0.2408 -0.8719 0.0661 0.2236 -0.8884 0.0749 0.213 -0.9172 0.0734 0.2116 -0.9262 0.0197 0.2656 -0.9335 0.0309 0.2534 -0.9441 0.0411 0.242 -0.9579 0.0496 0.2319 -0.9525 0.0329 0.2495
51.0 -0.9883 0.0223 0.2568 -0.8686 0.0171 0.274 -0.8527 0.0516 0.2403 -0.8589 0.0673 0.2237 -0.8781 0.0763 0.2126 -0.9068 0.0742 0.2118 -0.9124 0.0209 0.2657 -0.9188 0.0323 0.2535 -0.9302 0.0424 0.2421 -0.9449 0.0508 0.232 -0.9389 0.0337 0.25
52.0 -0.9762 0.0239 0.2563 -0.8525 0.0205 0.2721 -0.8403 0.0514 0.2417 -0.8477 0.0688 0.2232 -0.8663 0.0791 0.2108 -0.8957 0.0763 0.2107 -0.8995 0.0227 0.2652 -0.9068 0.0345 0.2524 -0.9191 0.0445 0.241 -0.9329 0.053 0.2309 -0.9269 0.0357 0.2492
53.0 -0.9614 0.0247 0.257 -0.8458 0.0226 0.2706 -0.8288 0.056 0.2381 -0.8385 0.0712 0.2216 -0.8567 0.0798 0.2111 -0.8863 0.0782 0.2098 -0.8876 0.0249 0.2641 -0.8957 0.036 0.252 -0.9072 0.0467 0.2399 -0.9219 0.0551 0.2299 -0.9147 0.0375 0.2486
54.0 -0.9525 0.0241 0.2585 -0.8294 0.0242 0.2706 -0.8184 0.0568 0.2383 -0.8288 0.0713 0.2225 -0.848 0.0803 0.2114 -0.8769 0.0795 0.2094 -0.8752 0.0247 0.2655 -0.8842 0.0357 0.2534 -0.8966 0.0463 0.2414 -0.9122 0.0552 0.2307 -0.9041 0.0372 0.2499
55.0 -0.9418 0.028 0.2556 -0.8331 0.0304 0.2639 -0.8108 0.0585 0.2374 -0.8177 0.0728 0.2221 -0.8348 0.0803 0.2127 -0.8621 0.0803 0.2101 -0.8696 0.0279 0.2628 -0.8758 0.0381 0.2518 -0.8862 0.0471 0.2416 -0.8979 0.054 0.2333 -0.8943 0.039 0.249
56.0 -0.9318 0.0263 0.2583 -0.8171 0.0295 0.2664 -0.8069 0.0566 0.2398 -0.8136 0.0746 0.2207 -0.8304 0.0852 0.2082 -0.8614 0.0816 0.2088 -0.8581 0.0277 0.2642 -0.8671 0.0387 0.2521 -0.8802 0.0479 0.2414 -0.8956 0.0556 0.232 -0.8865 0.0392 0.2496
57.0 -0.9217 0.0289 0.2567 -0.8153 0.0341 0.262 -0.8067 0.0554 0.241 -0.8097 0.0727 0.223 -0.8232 0.0843 0.2098 -0.852 0.0829 0.2084 -0.8507 0.0305 0.2621 -0.8578 0.0405 0.2511 -0.8689 0.0488 0.2415 -0.8832 0.0554 0.2334 -0.8765 0.0408 0.249
58.0 -0.9144 0.0323 0.2539 -0.8527 0.0669 0.2247 -0.8121 0.076 0.2194 -0.8098 0.0733 0.2224 -0.8089 0.0679 0.228 -0.8076 0.0504 0.246 -0.8547 0.0483 0.2435 -0.8495 0.0435 0.2489 -0.8501 0.0373 0.2552 -0.8532 0.0295 0.2628 -0.8644 0.0382 0.2529
59.0 -0.9052 0.0305 0.2567 -0.8139 0.0361 0.26 -0.8069 0.0566 0.2398 -0.809 0.0685 0.2274 -0.8115 0.0779 0.2175 -0.8293 0.0841 0.2094 -0.8358 0.0307 0.2634 -0.8411 0.0409 0.2523 -0.8514 0.0493 0.2427 -0.8641 0.0568 0.2339 -0.8595 0.0416 0.2498
60.0 -0.8982 0.0302 0.2577 -0.8056 0.0341 0.2628 -0.8082 0.0637 0.2323 -0.8102 0.0757 0.2199 -0.813 0.0863 0.2088 -0.8392 0.0852 0.2073 -0.8309 0.0332 0.2613 -0.8391 0.0443 0.2491 -0.8521 0.0535 0.2384 -0.8674 0.0606 0.2296 -0.8575 0.0444 0.2472
61.0 -0.8972 0.0346 0.2533 -0.8422 0.0823 0.2099 -0.8114 0.0822 0.2131 -0.8091 0.0691 0.2267 -0.8071 0.0578 0.2385 -0.8034 0.0369 0.2602 -0.842 0.0561 0.2368 -0.8342 0.0468 0.2471 -0.8289 0.0365 0.2581 -0.8258 0.0241 0.2711 -0.8456 0.0396 0.2533
62.0 -0.8901 0.0343 0.2542 -0.8377 0.0817 0.211 -0.8097 0.0727 0.223 -0.8077 0.0613 0.2348 -0.8061 0.0518 0.2447 -0.8034 0.0369 0.2602 -0.8329 0.0543 0.2395 -0.8253 0.0461 0.2486 -0.8209 0.0363 0.2591 -0.818 0.0245 0.2714 -0.8374 0.0391 0.2546
63.0 -0.8885 0.0352 0.2535 -0.8314 0.071 0.2226 -0.811 0.0798 0.2156 -0.8102 0.0757 0.2199 -0.8091 0.0691 0.2267 -0.8066 0.0548 0.2416 -0.8361 0.0526 0.2409 -0.828 0.0464 0.2481 -0.8214 0.0387 0.2566 -0.8168 0.0277 0.2683 -0.8381 0.0401 0.2535
63.0 -0.8885 0.0352 0.2535 -0.8314 0.071 0.2226 -0.811 0.0798 0.2156 -0.8102 0.0757 0.2199 -0.8091 0.0691 0.2267 -0.8066 0.0548 0.2416 -0.8361 0.0526 0.2409 -0.828 0.0464 0.2481 -0.8214 0.0387 0.2566 -0.8168 0.0277 0.2683 -0.8381 0.0401 0.2535
63.0 -0.8885 0.0352 0.2535 -0.8314 0.071 0.2226 -0.811 0.0798 0.2156 -0.8102 0.0757 0.2199 -0.8091 0.0691 0.2267 -0.8066 0.0548 0.2416 -0.8361 0.0526 0.2409 -0.828 0.0464 0.2481 -0.8214 0.0387 0.2566 -0.8168 0.0277 0.2683 -0.8381 0.0401 0.2535
63.0 -0.8885 0.0352 0.2535 -0.8314 0.071 0.2226 -0.811 0.0798 0.2156 -0.8102 0.0757 0.2199 -0.8091 0.0691 0.2267 -0.8066 0.0548 0.2416 -0.8361 0.0526 0.2409 -0.828 0.0464 0.2481 -0.8214 0.0387 0.2566 -0.8168 0.0277 0.2683 -0.8381 0.0401 0.2535
63.0 -0.8885 0.0352 0.2535 -0.8314 0.071 0.2226 -0.811 0.0798 0.2156 -0.8102 0.0757 0.2199 -0.8091 0.0691 0.2267 -0.8066 0.0548 0.2416 -0.8361 0.0526 0.2409 -0.828 0.0464 0.2481 -0.8214 0.0387 0.2566 -0.8168 0.0277 0.2683 -0.8381 0.0401 0.2535
63.0 -0.8885 0.0352 0.2535 -0.8314 0.071 0.2226 -0.811 0.0798 0.2156 -0.8102 0.0757 0.2199 -0.8091 0.0691 0.2267 -0.8066 0.0548 0.2416 -0.8361 0.0526 0.2409 -0.828 0.0464 0.2481 -0.8214 0.0387 0.2566 -0.8168 0.0277 0.2683 -0.8381 0.0401 0.2535
63.0 -0.8885 0.0352 0.2535 -0.8314 0.071 0.2226 -0.811 0.0798 0.2156 -0.8102 0.0757 0.2199 -0.8091 0.0691 0.2267 -0.8066 0.0548 0.2416 -0.8361 0.0526 0.2409 -0.828 0.0464 0.2481 -0.8214 0.0387 0.2566 -0.8168 0.0277 0.2683 -0.8381 0.0401 0.2535
63.0 -0.8885 0.0352 0.2535 -0.8314 0.071 0.2226 -0.811 0.0798 0.2156 -0.8102 0.0757 0.2199 -0.8091 0.0691 0.2267 -0.8066 0.0548 0.2416 -0.8361 0.0526 0.2409 -0.828 0.0464 0.2481 -0.8214 0.0387 0.2566 -0.8168 0.0277 0.2683 -0.8381 0.0401 0.2535
63.0 -0.8885 0.0352 0.2535 -0.8314 0.071 0.2226 -0.811 0.0798 0.2156 -0.8102 0.0757 0.2199 -0.8091 0.0691 0.2267 -0.8066 0.0548 0.2416 -0.8361 0.0526 0.2409 -0.828 0.0464 0.2481 -0.8214 0.0387 0.2566 -0.8168 0.0277 0.2683 -0.8381 0.0401 0.2535
63.0 -0.8885 0.0352 0.2535 -0.8314 0.071 0.2226 -0.811 0.0798 0.2156 -0.8102 0.0757 0.2199 -0.8091 0.0691 0.2267 -0.8066 0.0548 0.2416 -0.8361 0.0526 0.2409 -0.828 0.0464 0.2481 -0.8214 0.0387 0.2566 -0.8168 0.0277 0.2683 -0.8381 0.0401 0.2535
63.0 -0.8885 0.0352 0.2535 -0.8314 0.071 0.2226 -0.811 0.0798 0.2156 -0.8102 0.0757 0.2199 -0.8091 0.0691 0.2267 -0.8066 0.0548 0.2416 -0.8361 0.0526 0.2409 -0.828 0.0464 0.2481 -0.8214 0.0387 0.2566 -0.8168 0.0277 0.2683 -0.8381 0.0401 0.2535
63.0 -0.8885 0.0352 0.2535 -0.8314 0.071 0.2226 -0.811 0.0798 0.2156 -0.8102 0.0757 0.2199 -0.8091 0.0691 0.2267 -0.8066 0.0548 0.2416 -0.8361 0.0526 0.2409 -0.828 0.0464 0.2481 -0.8214 0.0387 0.2566 -0.8168 0.0277 0.2683 -0.8381 0.0401 0.2535
63.0 -0.8885 0.0352 0.2535 -0.8314 0.071 0.2226 -0.811 0.0798 0.2156 -0.8102 0.0757 0.2199 -0.8091 0.0691 0.2267 -0.8066 0.0548 0.2416 -0.8361 0.0526 0.2409 -0.828 0.0464 0.2481 -0.8214 0.0387 0.2566 -0.8168 0.0277 0.2683 -0.8381 0.0401 0.2535
63.0 -0.8885 0.0352 0.2535 -0.8314 0.071 0.2226 -0.811 0.0798 0.2156 -0.8102 0.0757 0.2199 -0.8091 0.0691 0.2267 -0.8066 0.0548 0.2416 -0.8361 0.0526 0.2409 -0.828 0.0464 0.2481 -0.8214 0.0387 0.2566 -0.8168 0.0277 0.2683 -0.8381 0.0401 0.2535
63.0 -0.8885 0.0352 0.2535 -0.8314 0.071 0.2226 -0.811 0.0798 0.2156 -0.8102 0.0757 0.2199 -0.8091 0.0691 0.2267 -0.8066 0.0548 0.2416 -0.8361 0.0526 0.2409 -0.828 0.0464 0.2481 -0.8214 0.0387 0.2566 -0.8168 0.0277 0.2683 -0.8381 0.0401 0.2535
63.0 -0.8885 0.0352 0.2535 -0.8314 0.071 0.2226 -0.811 0.0798 0.2156 -0.8102 0.0757 0.2199 -0.8091 0.0691 0.2267 -0.8066 0.0548 0.2416 -0.8361 0.0526 0.2409 -0.828 0.0464 0.2481 -0.8214 0.0387 0.2566 -0.8168 0.0277 0.2683 -0.8381 0.0401 0.2535
63.0 -0.8885 0.0352 0.2535 -0.8314 0.071 0.2226 -0.811 0.0798 0.2156 -0.8102 0.0757 0.2199 -0.8091 0.0691 0.2267 -0.8066 0.0548 0.2416 -0.8361 0.0526 0.2409 -0.828 0.0464 0.2481 -0.8214 0.0387 0.2566 -0.8168 0.0277 0.2683 -0.8381 0.0401 0.2535
63.0 -0.8885 0.0352 0.2535 -0.8314 0.071 0.2226 -0.811 0.0798 0.2156 -0.8102 0.0757 0.2199 -0.8091 0.0691 0.2267 -0.8066 0.0548 0.2416 -0.8361 0.0526 0.2409 -0.828 0.0464 0.2481 -0.8214 0.0387 0.2566 -0.8168 0.0277 0.2683 -0.8381 0.0401 0.2535
63.0 -0.8885 0.0352 0.2535 -0.8314 0.071 0.2226 -0.811 0.0798 0.2156 -0.8102 0.0757 0.2199 -0.8091 0.0691 0.2267 -0.8066 0.0548 0.2416 -0.8361 0.0526 0.2409 -0.828 0.0464 0.2481 -0.8214 0.0387 0.2566 -0.8168 0.0277 0.2683 -0.8381 0.0401 0.2535
63.0 -0.8885 0.0352 0.2535 -0.8314 0.071 0.2226 -0.811 0.0798 0.2156 -0.8102 0.0757 0.2199 -0.8091 0.0691 0.2267 -0.8066 0.0548 0.2416 -0.8361 0.0526 0.2409 -0.828 0.0464 0.2481 -0.8214 0.0387 0.2566 -0.8168 0.0277 0.2683 -0.8381 0.0401 0.2535
63.0 -0.8885 0.0352 0.2535 -0.8314 0.071 0.2226 -0.811 0.0798 0.2156 -0.8102 0.0757 0.2199 -0.8091 0.0691 0.2267 -0.8066 0.0548 0.2416 -0.8361 0.0526 0.2409 -0.828 0.0464 0.2481 -0.8214 0.0387 0.2566 -0.8168 0.0277 0.2683 -0.8381 0.0401 0.2535
63.0 -0.8885 0.0352 0.2535 -0.8314 0.071 0.2226 -0.811 0.0798 0.2156 -0.8102 0.0757 0.2199 -0.8091 0.0691 0.2267 -0.8066 0.0548 0.2416 -0.8361 0.0526 0.2409 -0.828 0.0464 0.2481 -0.8214 0.0387 0.2566 -0.8168 0.0277 0.2683 -0.8381 0.0401 0.2535
63.0 -0.8885 0.0352 0.2535 -0.8314 0.071 0.2226 -0.811 0.0798 0.2156 -0.8102 0.0757 0.2199 -0.8091 0.0691 0.2267 -0.8066 0.0548 0.2416 -0.8361 0.0526 0.2409 -0.828 0.0464 0.2481 -0.8214 0.0387 0.2566 -0.8168 0.0277 0.2683 -0.8381 0.0401 0.2535
63.0 -0.8885 0.0352 0.2535 -0.8314 0.071 0.2226 -0.811 0.0798 0.2156 -0.8102 0.0757 0.2199 -0.8091 0.0691 0.2267 -0.8066 0.0548 0.2416 -0.8361 0.0526 0.2409 -0.828 0.0464 0.2481 -0.8214 0.0387 0.2566 -0.8168 0.0277 0.2683 -0.8381 0.0401 0.2535
63.0 -0.8885 0.0352 0.2535 -0.8314 0.071 0.2226 -0.811 0.0798 0.2156 -0.8102 0.0757 0.2199 -0.8091 0.0691 0.2267 -0.8066 0.0548 0.2416 -0.8361 0.0526 0.2409 -0.828 0.0464 0.2481 -0.8214 0.0387 0.2566 -0.8168 0.0277 0.2683 -0.8381 0.0401 0.2535
63.0 -0.8885 0.0352 0.2535 -0.8314 0.071 0.2226 -0.811 0.0798 0.2156 -0.8102 0.0757 0.2199 -0.8091 0.0691 0.2267 -0.8066 0.0548 0.2416 -0.8361 0.0526 0.2409 -0.828 0.0464 0.2481 -0.8214 0.0387 0.2566 -0.8168 0.0277 0.2683 -0.8381 0.0401 0.2535
63.0 -0.8885 0.0352 0.2535 -0.8314 0.071 0.2226 -0.811 0.0798 0.2156 -0.8102 0.0757 0.2199 -0.8091 0.0691 0.2267 -0.8066 0.0548 0.2416 -0.8361 0.0526 0.2409 -0.828 0.0464 0.2481 -0.8214 0.0387 0.2566 -0.8168 0.0277 0.2683 -0.8381 0.0401 0.2535
63.0 -0.8885 0.0352 0.2535 -0.8314 0.071 0.2226 -0.811 0.0798 0.2156 -0.8102 0.0757 0.2199 -0.8091 0.0691 0.2267 -0.8066 0.0548 0.2416 -0.8361 0.0526 0.2409 -0.828 0.0464 0.2481 -0.8214 0.0387 0.2566 -0.8168 0.0277 0.2683 -0.8381 0.0401 0.2535
63.0 -0.8885 0.0352 0.2535 -0.8314 0.071 0.2226 -0.811 0.0798 0.2156 -0.8102 0.0757 0.2199 -0.8091 0.0691 0.2267 -0.8066 0.0548 0.2416 -0.8361 0.0526 0.2409 -0.828 0.0464 0.2481 -0.8214 0.0387 0.2566 -0.8168 0.0277 0.2683 -0.8381 0.0401 0.2535
63.0 -0.8885 0.0352 0.2535 -0.8314 0.071 0.2226 -0.811 0.0798 0.2156 -0.8102 0.0757 0.2199 -0.8091 0.0691 0.2267 -0.8066 0.0548 0.2416 -0.8361 0.0526 0.2409 -0.828 0.0464 0.2481 -0.8214 0.0387 0.2566 -0.8168 0.0277 0.2683 -0.8381 0.0401 0.2535
63.0 -0.8885 0.0352 0.2535 -0.8314 0.071 0.2226 -0.811 0.0798 0.2156 -0.8102 0.0757 0.2199 -0.8091 0.0691 0.2267 -0.8066 0.0548 0.2416 -0.8361 0.0526 0.2409 -0.828 0.0464 0.2481 -0.8214 0.0387 0.2566 -0.8168 0.0277 0.2683 -0.8381 0.0401 0.2535
63.0 -0.8885 0.0352 0.2535 -0.8314 0.071 0.2226 -0.811 0.0798 0.2156 -0.8102 0.0757 0.2199 -0.8091 0.0691 0.2267 -0.8066 0.0548 0.2416 -0.8361 0.0526 0.2409 -0.828 0.0464 0.2481 -0.8214 0.0387 0.2566 -0.8168 0.0277 0.2683 -0.8381 0.0401 0.2535
63.0 -0.8885 0.0352 0.2535 -0.8314 0.071 0.2226 -0.811 0.0798 0.2156 -0.8102 0.0757 0.2199 -0.8091 0.0691 0.2267 -0.8066 0.0548 0.2416 -0.8361 0.0526 0.2409 -0.828 0.0464 0.2481 -0.8214 0.0387 0.2566 -0.8168 0.0277 0.2683 -0.8381 0.0401 0.2535
63.0 -0.8885 0.0352 0.2535 -0.8314 0.071 0.2226 -0.811 0.0798 0.2156 -0.8102 0.0757 0.2199 -0.8091 0.0691 0.2267 -0.8066 0.0548 0.2416 -0.8361 0.0526 0.2409 -0.828 0.0464 0.2481 -0.8214 0.0387 0.2566 -0.8168 0.0277 0.2683 -0.8381 0.0401 0.2535
63.0 -0.8885 0.0352 0.2535 -0.8314 0.071 0.2226 -0.811 0.0798 0.2156 -0.8102 0.0757 0.2199 -0.8091 0.0691 0.2267 -0.8066 0.0548 0.2416 -0.8361 0.0526 0.2409 -0.828 0.0464 0.2481 -0.8214 0.0387 0.2566 -0.8168 0.0277 0.2683 -0.8381 0.0401 0.2535
63.0 -0.8885 0.0352 0.2535 -0.8314 0.071 0.2226 -0.811 0.0798 0.2156 -0.8102 0.0757 0.2199 -0.8091 0.0691 0.2267 -0.8066 0.0548 0.2416 -0.8361 0.0526 0.2409 -0.828 0.0464 0.2481 -0.8214 0.0387 0.2566 -0.8168 0.0277 0.2683 -0.8381 0.0401 0.2535
63.0 -0.8885 0.0352 0.2535 -0.8314 0.071 0.2226 -0.811 0.0798 0.2156 -0.8102 0.0757 0.2199 -0.8091 0.0691 0.2267 -0.8066 0.0548 0.2416 -0.8361 0.0526 0.2409 -0.828 0.0464 0.2481 -0.8214 0.0387 0.2566 -0.8168 0.0277 0.2683 -0.8381 0.0401 0.2535
63.0 -0.8885 0.0352 0.2535 -0.8314 0.071 0.2226 -0.811 0.0798 0.2156 -0.8102 0.0757 0.2199 -0.8091 0.0691 0.2267 -0.8066 0.0548 0.2416 -0.8361 0.0526 0.2409 -0.828 0.0464 0.2481 -0.8214 0.0387 0.2566 -0.8168 0.0277 0.2683 -0.8381 0.0401 0.2535
63.0 -0.8885 0.0352 0.2535 -0.8314 0.071 0.2226 -0.811 0.0798 0.2156 -0.8102 0.0757 0.2199 -0.8091 0.0691 0.2267 -0.8066 0.0548 0.2416 -0.8361 0.0526 0.2409 -0.828 0.0464 0.2481 -0.8214 0.0387 0.2566 -0.8168 0.0277 0.2683 -0.8381 0.0401 0.2535
63.0 -0.8885 0.0352 0.2535 -0.8314 0.071 0.2226 -0.811 0.0798 0.2156 -0.8102 0.0757 0.2199 -0.8091 0.0691 0.2267 -0.8066 0.0548 0.2416 -0.8361 0.0526 0.2409 -0.828 0.0464 0.2481 -0.8214 0.0387 0.2566 -0.8168 0.0277 0.2683 -0.8381 0.0401 0.2535
63.0 -0.8885 0.0352 0.2535 -0.8314 0.071 0.2226 -0.811 0.0798 0.2156 -0.8102 0.0757 0.2199 -0.8091 0.0691 0.2267 -0.8066 0.0548 0.2416 -0.8361 0.0526 0.2409 -0.828 0.0464 0.2481 -0.8214 0.0387 0.2566 -0.8168 0.0277 0.2683 -0.8381 0.0401 0.2535
63.0 -0.8885 0.0352 0.2535 -0.8314 0.071 0.2226 -0.811 0.0798 0.2156 -0.8102 0.0757 0.2199 -0.8091 0.0691 0.2267 -0.8066 0.0548 0.2416 -0.8361 0.0526 0.2409 -0.828 0.0464 0.2481 -0.8214 0.0387 0.2566 -0.8168 0.0277 0.2683 -0.8381 0.0401 0.2535
63.0 -0.8885 0.0352 0.2535 -0.8314 0.071 0.2226 -0.811 0.0798 0.2156 -0.8102 0.0757 0.2199 -0.8091 0.0691 0.2267 -0.8066 0.0548 0.2416 -0.8361 0.0526 0.2409 -0.828 0.0464 0.2481 -0.8214 0.0387 0.2566 -0.8168 0.0277 0.2683 -0.8381 0.0401 0.2535
63.0 -0.8885 0.0352 0.2535 -0.8314 0.071 0.2226 -0.811 0.0798 0.2156 -0.8102 0.0757 0.2199 -0.8091 0.0691 0.2267 -0.8066 0.0548 0.2416 -0.8361 0.0526 0.2409 -0.828 0.0464 0.2481 -0.8214 0.0387 0.2566 -0.8168 0.0277 0.2683 -0.8381 0.0401 0.2535
63.0 -0.8885 0.0352 0.2535 -0.8314 0.071 0.2226 -0.811 0.0798 0.2156 -0.8102 0.0757 0.2199 -0.8091 0.0691 0.2267 -0.8066 0.0548 0.2416 -0.8361 0.0526 0.2409 -0.828 0.0464 0.2481 -0.8214 0.0387 0.2566 -0.8168 0.0277 0.2683 -0.8381 0.0401 0.2535
63.0 -0.8885 0.0352 0.2535 -0.8314 0.071 0.2226 -0.811 0.0798 0.2156 -0.8102 0.0757 0.2199 -0.8091 0.0691 0.2267 -0.8066 0.0548 0.2416 -0.8361 0.0526 0.2409 -0.828 0.0464 0.2481 -0.8214 0.0387 0.2566 -0.8168 0.0277 0.2683 -0.8381 0.0401 0.2535
63.0 -0.8885 0.0352 0.2535 -0.8314 0.071 0.2226 -0.811 0.0798 0.2156 -0.8102 0.0757 0.2199 -0.8091 0.0691 0.2267 -0.8066 0.0548 0.2416 -0.8361 0.0526 0.2409 -0.828 0.0464 0.2481 -0.8214 0.0387 0.2566 -0.8168 0.0277 0.2683 -0.8381 0.0401 0.2535
63.0 -0.8885 0.0352 0.2535 -0.8314 0.071 0.2226 -0.811 0.0798 0.2156 -0.8102 0.0757 0.2199 -0.8091 0.0691 0.2267 -0.8066 0.0548 0.2416 -0.8361 0.0526 0.2409 -0.828 0.0464 0.2481 -0.8214 0.0387 0.2566 -0.8168 0.0277 0.2683 -0.8381 0.0401 0.2535
63.0 -0.8885 0.0352 0.2535 -0.8314 0.071 0.2226 -0.811 0.0798 0.2156 -0.8102 0.0757 0.2199 -0.8091 0.0691 0.2267 -0.8066 0.0548 0.2416 -0.8361 0.0526 0.2409 -0.828 0.0464 0.2481 -0.8214 0.0387 0.2566 -0.8168 0.0277 0.2683 -0.8381 0.0401 0.2535
63.0 -0.8885 0.0352 0.2535 -0.8314 0.071 0.2226 -0.811 0.0798 0.2156 -0.8102 0.0757 0.2199 -0.8091 0.0691 0.2267 -0.8066 0.0548 0.2416 -0.8361 0.0526 0.2409 -0.828 0.0464 0.2481 -0.8214 0.0387 0.2566 -0.8168 0.0277 0.2683 -0.8381 0.0401 0.2535
63.0 -0.8885 0.0352 0.2535 -0.8314 0.071 0.2226 -0.811 0.0798 0.2156 -0.8102 0.0757 0.2199 -0.8091 0.0691 0.2267 -0.8066 0.0548 0.2416 -0.8361 0.0526 0.2409 -0.828 0.0464 0.2481 -0.8214 0.0387 0.2566 -0.8168 0.0277 0.2683 -0.8381 0.0401 0.2535
63.0 -0.8885 0.0352 0.2535 -0.8314 0.071 0.2226 -0.811 0.0798 0.2156 -0.8102 0.0757 0.2199 -0.8091 0.0691 0.2267 -0.8066 0.0548 0.2416 -0.8361 0.0526 0.2409 -0.828 0.0464 0.2481 -0.8214 0.0387 0.2566 -0.8168 0.0277 0.2683 -0.8381 0.0401 0.2535
63.0 -0.8885 0.0352 0.2535 -0.8314 0.071 0.2226 -0.811 0.0798 0.2156 -0.8102 0.0757 0.2199 -0.8091 0.0691 0.2267 -0.8066 0.0548 0.2416 -0.8361 0.0526 0.2409 -0.828 0.0464 0.2481 -0.8214 0.0387 0.2566 -0.8168 0.0277 0.2683 -0.8381 0.0401 0.2535
63.0 -0.8885 0.0352 0.2535 -0.8314 0.071 0.2226 -0.811 0.0798 0.2156 -0.8102 0.0757 0.2199 -0.8091 0.0691 0.2267 -0.8066 0.0548 0.2416 -0.8361 0.0526 0.2409 -0.828 0.0464 0.2481 -0.8214 0.0387 0.2566 -0.8168 0.0277 0.2683 -0.8381 0.0401 0.2535
63.0 -0.8885 0.0352 0.2535 -0.8314 0.071 0.2226 -0.811 0.0798 0.2156 -0.8102 0.0757 0.2199 -0.8091 0.0691 0.2267 -0.8066 0.0548 0.2416 -0.8361 0.0526 0.2409 -0.828 0.0464 0.2481 -0.8214 0.0387 0.2566 -0.8168 0.0277 0.2683 -0.8381 0.0401 0.2535
63.0 -0.8885 0.0352 0.2535 -0.8314 0.071 0.2226 -0.811 0.0798 0.2156 -0.8102 0.0757 0.2199 -0.8091 0.0691 0.2267 -0.8066 0.0548 0.2416 -0.8361 0.0526 0.2409 -0.828 0.0464 0.2481 -0.8214 0.0387 0.2566 -0.8168 0.0277 0.2683 -0.8381 0.0401 0.2535
63.0 -0.8885 0.0352 0.2535 -0.8314 0.071 0.2226 -0.811 0.0798 0.2156 -0.8102 0.0757 0.2199 -0.8091 0.0691 0.2267 -0.8066 0.0548 0.2416 -0.8361 0.0526 0.2409 -0.828 0.0464 0.2481 -0.8214 0.0387 0.2566 -0.8168 0.0277 0.2683 -0.8381 0.0401 0.2535
63.0 -0.8885 0.0352 0.2535 -0.8314 0.071 0.2226 -0.811 0.0798 0.2156 -0.8102 0.0757 0.2199 -0.8091 0.0691 0.2267 -0.8066 0.0548 0.2416 -0.8361 0.0526 0.2409 -0.828 0.0464 0.2481 -0.8214 0.0387 0.2566 -0.8168 0.0277 0.2683 -0.8381 0.0401 0.2535
63.0 -0.8885 0.0352 0.2535 -0.8314 0.071 0.2226 -0.811 0.0798 0.2156 -0.8102 0.0757 0.2199 -0.8091 0.0691 0.2267 -0.8066 0.0548 0.2416 -0.8361 0.0526 0.2409 -0.828 0.0464 0.2481 -0.8214 0.0387 0.2566 -0.8168 0.0277 0.2683 -0.8381 0.0401 0.2535
63.0 -0.8885 0.0352 0.2535 -0.8314 0.071 0.2226 -0.811 0.0798 0.2156 -0.8102 0.0757 0.2199 -0.8091 0.0691 0.2267 -0.8066 0.0548 0.2416 -0.8361 0.0526 0.2409 -0.828 0.0464 0.2481 -0.8214 0.0387 0.2566 -0.8168 0.0277 0.2683 -0.8381 0.0401 0.2535
63.0 -0.8885 0.0352 0.2535 -0.8314 0.071 0.2226 -0.811 0.0798 0.2156 -0.8102 0.0757 0.2199 -0.8091 0.0691 0.2267 -0.8066 0.0548 0.2416 -0.8361 0.0526 0.2409 -0.828 0.0464 0.2481 -0.8214 0.0387 0.2566 -0.8168 0.0277 0.2683 -0.8381 0.0401 0.2535
63.0 -0.8885 0.0352 0.2535 -0.8314 0.071 0.2226 -0.811 0.0798 0.2156 -0.8102 0.0757 0.2199 -0.8091 0.0691 0.2267 -0.8066 0.0548 0.2416 -0.8361 0.0526 0.2409 -0.828 0.0464 0.2481 -0.8214 0.0387 0.2566 -0.8168 0.0277 0.2683 -0.8381 0.0401 0.2535
63.0 -0.8885 0.0352 0.2535 -0.8314 0.071 0.2226 -0.811 0.0798 0.2156 -0.8102 0.0757 0.2199 -0.8091 0.0691 0.2267 -0.8066 0.0548 0.2416 -0.8361 0.0526 0.2409 -0.828 0.0464 0.2481 -0.8214 0.0387 0.2566 -0.8168 0.0277 0.2683 -0.8381 0.0401 0.2535
63.0 -0.8885 0.0352 0.2535 -0.8314 0.071 0.2226 -0.811 0.0798 0.2156 -0.8102 0.0757 0.2199 -0.8091 0.0691 0.2267 -0.8066 0.0548 0.2416 -0.8361 0.0526 0.2409 -0.828 0.0464 0.2481 -0.8214 0.0387 0.2566 -0.8168 0.0277 0.2683 -0.8381 0.0401 0.2535
63.0 -0.8885 0.0352 0.2535 -0.8314 0.071 0.2226 -0.811 0.0798 0.2156 -0.8102 0.0757 0.2199 -0.8091 0.0691 0.2267 -0.8066 0.0548 0.2416 -0.8361 0.0526 0.2409 -0.828 0.0464 0.2481 -0.8214 0.0387 0.2566 -0.8168 0.0277 0.2683 -0.8381 0.0401 0.2535
63.0 -0.8885 0.0352 0.2535 -0.8314 0.071 0.2226 -0.811 0.0798 0.2156 -0.8102 0.0757 0.2199 -0.8091 0.0691 0.2267 -0.8066 0.0548 0.2416 -0.8361 0.0526 0.2409 -0.828 0.0464 0.2481 -0.8214 0.0387 0.2566 -0.8168 0.0277 0.2683 -0.8381 0.0401 0.2535
63.0 -0.8885 0.0352 0.2535 -0.8314 0.071 0.2226 -0.811 0.0798 0.2156 -0.8102 0.0757 0.2199 -0.8091 0.0691 0.2267 -0.8066 0.0548 0.2416 -0.8361 0.0526 0.2409 -0.828 0.0464 0.2481 -0.8214 0.0387 0.2566 -0.8168 0.0277 0.2683 -0.8381 0.0401 0.2535
63.0 -0.8885 0.0352 0.2535 -0.8314 0.071 0.2226 -0.811 0.0798 0.2156 -0.8102 0.0757 0.2199 -0.8091 0.0691 0.2267 -0.8066 0.0548 0.2416 -0.8361 0.0526 0.2409 -0.828 0.0464 0.2481 -0.8214 0.0387 0.2566 -0.8168 0.0277 0.2683 -0.8381 0.0401 0.2535
63.0 -0.8885 0.0352 0.2535 -0.8314 0.071 0.2226 -0.811 0.0798 0.2156 -0.8102 0.0757 0.2199 -0.8091 0.0691 0.2267 -0.8066 0.0548 0.2416 -0.8361 0.0526 0.2409 -0.828 0.0464 0.2481 -0.8214 0.0387 0.2566 -0.8168 0.0277 0.2683 -0.8381 0.0401 0.2535
63.0 -0.8885 0.0352 0.2535 -0.8314 0.071 0.2226 -0.811 0.0798 0.2156 -0.8102 0.0757 0.2199 -0.8091 0.0691 0.2267 -0.8066 0.0548 0.2416 -0.8361 0.0526 0.2409 -0.828 0.0464 0.2481 -0.8214 0.0387 0.2566 -0.8168 0.0277 0.2683 -0.8381 0.0401 0.2535
63.0 -0.8885 0.0352 0.2535 -0.8314 0.071 0.2226 -0.811 0.0798 0.2156 -0.8102 0.0757 0.2199 -0.8091 0.0691 0.2267 -0.8066 0.0548 0.2416 -0.8361 0.0526 0.2409 -0.828 0.0464 0.2481 -0.8214 0.0387 0.2566 -0.8168 0.0277 0.2683 -0.8381 0.0401 0.2535
63.0 -0.8885 0.0352 0.2535 -0.8314 0.071 0.2226 -0.811 0.0798 0.2156 -0.8102 0.0757 0.2199 -0.8091 0.0691 0.2267 -0.8066 0.0548 0.2416 -0.8361 0.0526 0.2409 -0.828 0.0464 0.2481 -0.8214 0.0387 0.2566 -0.8168 0.0277 0.2683 -0.8381 0.0401 0.2535
63.0 -0.8885 0.0352 0.2535 -0.8314 0.071 0.2226 -0.811 0.0798 0.2156 -0.8102 0.0757 0.2199 -0.8091 0.0691 0.2267 -0.8066 0.0548 0.2416 -0.8361 0.0526 0.2409 -0.828 0.0464 0.2481 -0.8214 0.0387 0.2566 -0.8168 0.0277 0.2683 -0.8381 0.0401 0.2535
63.0 -0.8885 0.0352 0.2535 -0.8314 0.071 0.2226 -0.811 0.0798 0.2156 -0.8102 0.0757 0.2199 -0.8091 0.0691 0.2267 -0.8066 0.0548 0.2416 -0.8361 0.0526 0.2409 -0.828 0.0464 0.2481 -0.8214 0.0387 0.2566 -0.8168 0.0277 0.2683 -0.8381 0.0401 0.2535
63.0 -0.8885 0.0352 0.2535 -0.8314 0.071 0.2226 -0.811 0.0798 0.2156 -0.8102 0.0757 0.2199 -0.8091 0.0691 0.2267 -0.8066 0.0548 0.2416 -0.8361 0.0526 0.2409 -0.828 0.0464 0.2481 -0.8214 0.0387 0.2566 -0.8168 0.0277 0.2683 -0.8381 0.0401 0.2535
63.0 -0.8885 0.0352 0.2535 -0.8314 0.071 0.2226 -0.811 0.0798 0.2156 -0.8102 0.0757 0.2199 -0.8091 0.0691 0.2267 -0.8066 0.0548 0.2416 -0.8361 0.0526 0.2409 -0.828 0.0464 0.2481 -0.8214 0.0387 0.2566 -0.8168 0.0277 0.2683 -0.8381 0.0401 0.2535
63.0 -0.8885 0.0352 0.2535 -0.8314 0.071 0.2226 -0.811 0.0798 0.2156 -0.8102 0.0757 0.2199 -0.8091 0.0691 0.2267 -0.8066 0.0548 0.2416 -0.8361 0.0526 0.2409 -0.828 0.0464 0.2481 -0.8214 0.0387 0.2566 -0.8168 0.0277 0.2683 -0.8381 0.0401 0.2535
63.0 -0.8885 0.0352 0.2535 -0.8314 0.071 0.2226 -0.811 0.0798 0.2156 -0.8102 0.0757 0.2199 -0.8091 0.0691 0.2267 -0.8066 0.0548 0.2416 -0.8361 0.0526 0.2409 -0.828 0.0464 0.2481 -0.8214 0.0387 0.2566 -0.8168 0.0277 0.2683 -0.8381 0.0401 0.2535
63.0 -0.8885 0.0352 0.2535 -0.8314 0.071 0.2226 -0.811 0.0798 0.2156 -0.8102 0.0757 0.2199 -0.8091 0.0691 0.2267 -0.8066 0.0548 0.2416 -0.8361 0.0526 0.2409 -0.828 0.0464 0.2481 -0.8214 0.0387 0.2566 -0.8168 0.0277 0.2683 -0.8381 0.0401 0.2535
63.0 -0.8885 0.0352 0.2535 -0.8314 0.071 0.2226 -0.811 0.0798 0.2156 -0.8102 0.0757 0.2199 -0.8091 0.0691 0.2267 -0.8066 0.0548 0.2416 -0.8361 0.0526 0.2409 -0.828 0.0464 0.2481 -0.8214 0.0387 0.2566 -0.8168 0.0277 0.2683 -0.8381 0.0401 0.2535
63.0 -0.8885 0.0352 0.2535 -0.8314 0.071 0.2226 -0.811 0.0798 0.2156 -0.8102 0.0757 0.2199 -0.8091 0.0691 0.2267 -0.8066 0.0548 0.2416 -0.8361 0.0526 0.2409 -0.828 0.0464 0.2481 -0.8214 0.0387 0.2566 -0.8168 0.0277 0.2683 -0.8381 0.0401 0.2535
63.0 -0.8885 0.0352 0.2535 -0.8314 0.071 0.2226 -0.811 0.0798 0.2156 -0.8102 0.0757 0.2199 -0.8091 0.0691 0.2267 -0.8066 0.0548 0.2416 -0.8361 0.0526 0.2409 -0.828 0.0464 0.2481 -0.8214 0.0387 0.2566 -0.8168 0.0277 0.2683 -0.8381 0.0401 0.2535
63.0 -0.8885 0.0352 0.2535 -0.8314 0.071 0.2226 -0.811 0.0798 0.2156 -0.8102 0.0757 0.2199 -0.8091 0.0691 0.2267 -0.8066 0.0548 0.2416 -0.8361 0.0526 0.2409 -0.828 0.0464 0.2481 -0.8214 0.0387 0.2566 -0.8168 0.0277 0.2683 -0.8381 0.0401 0.2535
63.0 -0.8885 0.0352 0.2535 -0.8314 0.071 0.2226 -0.811 0.0798 0.2156 -0.8102 0.0757 0.2199 -0.8091 0.0691 0.2267 -0.8066 0.0548 0.2416 -0.8361 0.0526 0.2409 -0.828 0.0464 0.2481 -0.8214 0.0387 0.2566 -0.8168 0.0277 0.2683 -0.8381 0.0401 0.2535
63.0 -0.8885 0.0352 0.2535 -0.8314 0.071 0.2226 -0.811 0.0798 0.2156 -0.8102 0.0757 0.2199 -0.8091 0.0691 0.2267 -0.8066 0.0548 0.2416 -0.8361 0.0526 0.2409 -0.828 0.0464 0.2481 -0.8214 0.0387 0.2566 -0.8168 0.0277 0.2683 -0.8381 0.0401 0.2535
63.0 -0.8885 0.0352 0.2535 -0.8314 0.071 0.2226 -0.811 0.0798 0.2156 -0.8102 0.0757 0.2199 -0.8091 0.0691 0.2267 -0.8066 0.0548 0.2416 -0.8361 0.0526 0.2409 -0.828 0.0464 0.2481 -0.8214 0.0387 0.2566 -0.8168 0.0277 0.2683 -0.8381 0.0401 0.2535
63.0 -0.8885 0.0352 0.2535 -0.8314 0.071 0.2226 -0.811 0.0798 0.2156 -0.8102 0.0757 0.2199 -0.8091 0.0691 0.2267 -0.8066 0.0548 0.2416 -0.8361 0.0526 0.2409 -0.828 0.0464 0.2481 -0.8214 0.0387 0.2566 -0.8168 0.0277 0.2683 -0.8381 0.0401 0.2535
63.0 -0.8885 0.0352 0.2535 -0.8314 0.071 0.2226 -0.811 0.0798 0.2156 -0.8102 0.0757 0.2199 -0.8091 0.0691 0.2267 -0.8066 0.0548 0.2416 -0.8361 0.0526 0.2409 -0.828 0.0464 0.2481 -0.8214 0.0387 0.2566 -0.8168 0.0277 0.2683 -0.8381 0.0401 0.2535
63.0 -0.8885 0.0352 0.2535 -0.8314 0.071 0.2226 -0.811 0.0798 0.2156 -0.8102 0.0757 0.2199 -0.8091 0.0691 0.2267 -0.8066 0.0548 0.2416 -0.8361 0.0526 0.2409 -0.828 0.0464 0.2481 -0.8214 0.0387 0.2566 -0.8168 0.0277 0.2683 -0.8381 0.0401 0.2535
63.0 -0.8885 0.0352 0.2535 -0.8314 0.071 0.2226 -0.811 0.0798 0.2156 -0.8102 0.0757 0.2199 -0.8091 0.0691 0.2267 -0.8066 0.0548 0.2416 -0.8361 0.0526 0.2409 -0.828 0.0464 0.2481 -0.8214 0.0387 0.2566 -0.8168 0.0277 0.2683 -0.8381 0.0401 0.2535
63.0 -0.8885 0.0352 0.2535 -0.8314 0.071 0.2226 -0.811 0.0798 0.2156 -0.8102 0.0757 0.2199 -0.8091 0.0691 0.2267 -0.8066 0.0548 0.2416 -0.8361 0.0526 0.2409 -0.828 0.0464 0.2481 -0.8214 0.0387 0.2566 -0.8168 0.0277 0.2683 -0.8381 0.0401 0.2535
63.0 -0.8885 0.0352 0.2535 -0.8314 0.071 0.2226 -0.811 0.0798 0.2156 -0.8102 0.0757 0.2199 -0.8091 0.0691 0.2267 -0.8066 0.0548 0.2416 -0.8361 0.0526 0.2409 -0.828 0.0464 0.2481 -0.8214 0.0387 0.2566 -0.8168 0.0277 0.2683 -0.8381 0.0401 0.2535
63.0 -0.8885 0.0352 0.2535 -0.8314 0.071 0.2226 -0.811 0.0798 0.2156 -0.8102 0.0757 0.2199 -0.8091 0.0691 0.2267 -0.8066 0.0548 0.2416 -0.8361 0.0526 0.2409 -0.828 0.0464 0.2481 -0.8214 0.0387 0.2566 -0.8168 0.0277 0.2683 -0.8381 0.0401 0.2535
63.0 -0.8885 0.0352 0.2535 -0.8314 0.071 0.2226 -0.811 0.0798 0.2156 -0.8102 0.0757 0.2199 -0.8091 0.0691 0.2267 -0.8066 0.0548 0.2416 -0.8361 0.0526 0.2409 -0.828 0.0464 0.2481 -0.8214 0.0387 0.2566 -0.8168 0.0277 0.2683 -0.8381 0.0401 0.2535
63.0 -0.8885 0.0352 0.2535 -0.8314 0.071 0.2226 -0.811 0.0798 0.2156 -0.8102 0.0757 0.2199 -0.8091 0.0691 0.2267 -0.8066 0.0548 0.2416 -0.8361 0.0526 0.2409 -0.828 0.0464 0.2481 -0.8214 0.0387 0.2566 -0.8168 0.0277 0.2683 -0.8381 0.0401 0.2535
63.0 -0.8885 0.0352 0.2535 -0.8314 0.071 0.2226 -0.811 0.0798 0.2156 -0.8102 0.0757 0.2199 -0.8091 0.0691 0.2267 -0.8066 0.0548 0.2416 -0.8361 0.0526 0.2409 -0.828 0.0464 0.2481 -0.8214 0.0387 0.2566 -0.8168 0.0277 0.2683 -0.8381 0.0401 0.2535
63.0 -0.8885 0.0352 0.2535 -0.8314 0.071 0.2226 -0.811 0.0798 0.2156 -0.8102 0.0757 0.2199 -0.8091 0.0691 0.2267 -0.8066 0.0548 0.2416 -0.8361 0.0526 0.2409 -0.828 0.0464 0.2481 -0.8214 0.0387 0.2566 -0.8168 0.0277 0.2683 -0.8381 0.0401 0.2535
63.0 -0.8885 0.0352 0.2535 -0.8314 0.071 0.2226 -0.811 0.0798 0.2156 -0.8102 0.0757 0.2199 -0.8091 0.0691 0.2267 -0.8066 0.0548 0.2416 -0.8361 0.0526 0.2409 -0.828 0.0464 0.2481 -0.8214 0.0387 0.2566 -0.8168 0.0277 0.2683 -0.8381 0.0401 0.2535
63.0 -0.8885 0.0352 0.2535 -0.8314 0.071 0.2226 -0.811 0.0798 0.2156 -0.8102 0.0757 0.2199 -0.8091 0.0691 0.2267 -0.8066 0.0548 0.2416 -0.8361 0.0526 0.2409 -0.828 0.0464 0.2481 -0.8214 0.0387 0.2566 -0.8168 0.0277 0.2683 -0.8381 0.0401 0.2535
63.0 -0.8885 0.0352 0.2535 -0.8314 0.071 0.2226 -0.811 0.0798 0.2156 -0.8102 0.0757 0.2199 -0.8091 0.0691 0.2267 -0.8066 0.0548 0.2416 -0.8361 0.0526 0.2409 -0.828 0.0464 0.2481 -0.8214 0.0387 0.2566 -0.8168 0.0277 0.2683 -0.8381 0.0401 0.2535
63.0 -0.8885 0.0352 0.2535 -0.8314 0.071 0.2226 -0.811 0.0798 0.2156 -0.8102 0.0757 0.2199 -0.8091 0.0691 0.2267 -0.8066 0.0548 0.2416 -0.8361 0.0526 0.2409 -0.828 0.0464 0.2481 -0.8214 0.0387 0.2566 -0.8168 0.0277 0.2683 -0.8381 0.0401 0.2535
63.0 -0.8885 0.0352 0.2535 -0.8314 0.071 0.2226 -0.811 0.0798 0.2156 -0.8102 0.0757 0.2199 -0.8091 0.0691 0.2267 -0.8066 0.0548 0.2416 -0.8361 0.0526 0.2409 -0.828 0.0464 0.2481 -0.8214 0.0387 0.2566 -0.8168 0.0277 0.2683 -0.8381 0.0401 0.2535
63.0 -0.8885 0.0352 0.2535 -0.8314 0.071 0.2226 -0.811 0.0798 0.2156 -0.8102 0.0757 0.2199 -0.8091 0.0691 0.2267 -0.8066 0.0548 0.2416 -0.8361 0.0526 0.2409 -0.828 0.0464 0.2481 -0.8214 0.0387 0.2566 -0.8168 0.0277 0.2683 -0.8381 0.0401 0.2535
63.0 -0.8885 0.0352 0.2535 -0.8314 0.071 0.2226 -0.811 0.0798 0.2156 -0.8102 0.0757 0.2199 -0.8091 0.0691 0.2267 -0.8066 0.0548 0.2416 -0.8361 0.0526 0.2409 -0.828 0.0464 0.2481 -0.8214 0.0387 0.2566 -0.8168 0.0277 0.2683 -0.8381 0.0401 0.2535
63.0 -0.8885 0.0352 0.2535 -0.8314 0.071 0.2226 -0.811 0.0798 0.2156 -0.8102 0.0757 0.2199 -0.8091 0.0691 0.2267 -0.8066 0.0548 0.2416 -0.8361 0.0526 0.2409 -0.828 0.0464 0.2481 -0.8214 0.0387 0.2566 -0.8168 0.0277 0.2683 -0.8381 0.0401 0.2535
63.0 -0.8885 0.0352 0.2535 -0.8314 0.071 0.2226 -0.811 0.0798 0.2156 -0.8102 0.0757 0.2199 -0.8091 0.0691 0.2267 -0.8066 0.0548 0.2416 -0.8361 0.0526 0.2409 -0.828 0.0464 0.2481 -0.8214 0.0387 0.2566 -0.8168 0.0277 0.2683 -0.8381 0.0401 0.2535
63.0 -0.8885 0.0352 0.2535 -0.8314 0.071 0.2226 -0.811 0.0798 0.2156 -0.8102 0.0757 0.2199 -0.8091 0.0691 0.2267 -0.8066 0.0548 0.2416 -0.8361 0.0526 0.2409 -0.828 0.0464 0.2481 -0.8214 0.0387 0.2566 -0.8168 0.0277 0.2683 -0.8381 0.0401 0.2535
63.0 -0.8885 0.0352 0.2535 -0.8314 0.071 0.2226 -0.811 0.0798 0.2156 -0.8102 0.0757 0.2199 -0.8091 0.0691 0.2267 -0.8066 0.0548 0.2416 -0.8361 0.0526 0.2409 -0.828 0.0464 0.2481 -0.8214 0.0387 0.2566 -0.8168 0.0277 0.2683 -0.8381 0.0401 0.2535
63.0 -0.8885 0.0352 0.2535 -0.8314 0.071 0.2226 -0.811 0.0798 0.2156 -0.8102 0.0757 0.2199 -0.8091 0.0691 0.2267 -0.8066 0.0548 0.2416 -0.8361 0.0526 0.2409 -0.828 0.0464 0.2481 -0.8214 0.0387 0.2566 -0.8168 0.0277 0.2683 -0.8381 0.0401 0.2535
63.0 -0.8885 0.0352 0.2535 -0.8314 0.071 0.2226 -0.811 0.0798 0.2156 -0.8102 0.0757 0.2199 -0.8091 0.0691 0.2267 -0.8066 0.0548 0.2416 -0.8361 0.0526 0.2409 -0.828 0.0464 0.2481 -0.8214 0.0387 0.2566 -0.8168 0.0277 0.2683 -0.8381 0.0401 0.2535
63.0 -0.8885 0.0352 0.2535 -0.8314 0.071 0.2226 -0.811 0.0798 0.2156 -0.8102 0.0757 0.2199 -0.8091 0.0691 0.2267 -0.8066 0.0548 0.2416 -0.8361 0.0526 0.2409 -0.828 0.0464 0.2481 -0.8214 0.0387 0.2566 -0.8168 0.0277 0.2683 -0.8381 0.0401 0.2535
63.0 -0.8885 0.0352 0.2535 -0.8314 0.071 0.2226 -0.811 0.0798 0.2156 -0.8102 0.0757 0.2199 -0.8091 0.0691 0.2267 -0.8066 0.0548 0.2416 -0.8361 0.0526 0.2409 -0.828 0.0464 0.2481 -0.8214 0.0387 0.2566 -0.8168 0.0277 0.2683 -0.8381 0.0401 0.2535
63.0 -0.8885 0.0352 0.2535 -0.8314 0.071 0.2226 -0.811 0.0798 0.2156 -0.8102 0.0757 0.2199 -0.8091 0.0691 0.2267 -0.8066 0.0548 0.2416 -0.8361 0.0526 0.2409 -0.828 0.0464 0.2481 -0.8214 0.0387 0.2566 -0.8168 0.0277 0.2683 -0.8381 0.0401 0.2535
63.0 -0.8885 0.0352 0.2535 -0.8314 0.071 0.2226 -0.811 0.0798 0.2156 -0.8102 0.0757 0.2199 -0.8091 0.0691 0.2267 -0.8066 0.0548 0.2416 -0.8361 0.0526 0.2409 -0.828 0.0464 0.2481 -0.8214 0.0387 0.2566 -0.8168 0.0277 0.2683 -0.8381 0.0401 0.2535
63.0 -0.8885 0.0352 0.2535 -0.8314 0.071 0.2226 -0.811 0.0798 0.2156 -0.8102 0.0757 0.2199 -0.8091 0.0691 0.2267 -0.8066 0.0548 0.2416 -0.8361 0.0526 0.2409 -0.828 0.0464 0.2481 -0.8214 0.0387 0.2566 -0.8168 0.0277 0.2683 -0.8381 0.0401 0.2535
63.0 -0.8885 0.0352 0.2535 -0.8314 0.071 0.2226 -0.811 0.0798 0.2156 -0.8102 0.0757 0.2199 -0.8091 0.0691 0.2267 -0.8066 0.0548 0.2416 -0.8361 0.0526 0.2409 -0.828 0.0464 0.2481 -0.8214 0.0387 0.2566 -0.8168 0.0277 0.2683 -0.8381 0.0401 0.2535
63.0 -0.8885 0.0352 0.2535 -0.8314 0.071 0.2226 -0.811 0.0798 0.2156 -0.8102 0.0757 0.2199 -0.8091 0.0691 0.2267 -0.8066 0.0548 0.2416 -0.8361 0.0526 0.2409 -0.828 0.0464 0.2481 -0.8214 0.0387 0.2566 -0.8168 0.0277 0.2683 -0.8381 0.0401 0.2535
63.0 -0.8885 0.0352 0.2535 -0.8314 0.071 0.2226 -0.811 0.0798 0.2156 -0.8102 0.0757 0.2199 -0.8091 0.0691 0.2267 -0.8066 0.0548 0.2416 -0.8361 0.0526 0.2409 -0.828 0.0464 0.2481 -0.8214 0.0387 0.2566 -0.8168 0.0277 0.2683 -0.8381 0.0401 0.2535
63.0 -0.8885 0.0352 0.2535 -0.8314 0.071 0.2226 -0.811 0.0798 0.2156 -0.8102 0.0757 0.2199 -0.8091 0.0691 0.2267 -0.8066 0.0548 0.2416 -0.8361 0.0526 0.2409 -0.828 0.0464 0.2481 -0.8214 0.0387 0.2566 -0.8168 0.0277 0.2683 -0.8381 0.0401 0.2535
63.0 -0.8885 0.0352 0.2535 -0.8314 0.071 0.2226 -0.811 0.0798 0.2156 -0.8102 0.0757 0.2199 -0.8091 0.0691 0.2267 -0.8066 0.0548 0.2416 -0.8361 0.0526 0.2409 -0.828 0.0464 0.2481 -0.8214 0.0387 0.2566 -0.8168 0.0277 0.2683 -0.8381 0.0401 0.2535
63.0 -0.8885 0.0352 0.2535 -0.8314 0.071 0.2226 -0.811 0.0798 0.2156 -0.8102 0.0757 0.2199 -0.8091 0.0691 0.2267 -0.8066 0.0548 0.2416 -0.8361 0.0526 0.2409 -0.828 0.0464 0.2481 -0.8214 0.0387 0.2566 -0.8168 0.0277 0.2683 -0.8381 0.0401 0.2535
63.0 -0.8885 0.0352 0.2535 -0.8314 0.071 0.2226 -0.811 0.0798 0.2156 -0.8102 0.0757 0.2199 -0.8091 0.0691 0.2267 -0.8066 0.0548 0.2416 -0.8361 0.0526 0.2409 -0.828 0.0464 0.2481 -0.8214 0.0387 0.2566 -0.8168 0.0277 0.2683 -0.8381 0.0401 0.2535
63.0 -0.8885 0.0352 0.2535 -0.8314 0.071 0.2226 -0.811 0.0798 0.2156 -0.8102 0.0757 0.2199 -0.8091 0.0691 0.2267 -0.8066 0.0548 0.2416 -0.8361 0.0526 0.2409 -0.828 0.0464 0.2481 -0.8214 0.0387 0.2566 -0.8168 0.0277 0.2683 -0.8381 0.0401 0.2535
63.0 -0.8885 0.0352 0.2535 -0.8314 0.071 0.2226 -0.811 0.0798 0.2156 -0.8102 0.0757 0.2199 -0.8091 0.0691 0.2267 -0.8066 0.0548 0.2416 -0.8361 0.0526 0.2409 -0.828 0.0464 0.2481 -0.8214 0.0387 0.2566 -0.8168 0.0277 0.2683 -0.8381 0.0401 0.2535
63.0 -0.8885 0.0352 0.2535 -0.8314 0.071 0.2226 -0.811 0.0798 0.2156 -0.8102 0.0757 0.2199 -0.8091 0.0691 0.2267 -0.8066 0.0548 0.2416 -0.8361 0.0526 0.2409 -0.828 0.0464 0.2481 -0.8214 0.0387 0.2566 -0.8168 0.0277 0.2683 -0.8381 0.0401 0.2535
63.0 -0.8885 0.0352 0.2535 -0.8314 0.071 0.2226 -0.811 0.0798 0.2156 -0.8102 0.0757 0.2199 -0.8091 0.0691 0.2267 -0.8066 0.0548 0.2416 -0.8361 0.0526 0.2409 -0.828 0.0464 0.2481 -0.8214 0.0387 0.2566 -0.8168 0.0277 0.2683 -0.8381 0.0401 0.2535
189.0 -0.877 0.0349 0.255 -0.8193 0.0873 0.2072 -0.8232 0.0745 0.2198 -0.8156 0.0658 0.2295 -0.8068 0.056 0.2404 -0.8045 0.0428 0.254 -0.8174 0.0765 0.2183 -0.8088 0.0673 0.2286 -0.8067 0.0554 0.241 -0.8041 0.0405 0.2565 -0.8228 0.0549 0.2399
190.0 -0.883 0.0292 0.2602 -0.8773 0.0617 0.2275 -0.8275 0.0788 0.215 -0.8125 0.0735 0.2219 -0.8082 0.0637 0.2323 -0.8059 0.0506 0.246 -0.8456 0.0617 0.2307 -0.8287 0.0555 0.2387 -0.8156 0.0462 0.2495 -0.8065 0.034 0.2629 -0.8359 0.0453 0.2484
191.0 -0.8904 0.0312 0.2574 -0.833 0.0848 0.2083 -0.8188 0.0843 0.2103 -0.8106 0.0774 0.2181 -0.8088 0.0673 0.2286 -0.8053 0.0476 0.2491 -0.8378 0.0622 0.231 -0.8269 0.0551 0.2393 -0.8192 0.0464 0.249 -0.8145 0.0348 0.2613 -0.8378 0.0459 0.2476
192.0 -0.9278 0.0286 0.2563 -0.8265 0.0429 0.2518 -0.8401 0.0502 0.2429 -0.8499 0.0611 0.2308 -0.8622 0.0662 0.2244 -0.8653 0.0737 0.2164 -0.8485 0.043 0.2495 -0.8575 0.054 0.2374 -0.8678 0.063 0.2271 -0.8788 0.0701 0.2188 -0.8761 0.0517 0.2378
193.0 -0.9563 0.0254 0.2568 -0.846 0.0439 0.2488 -0.8425 0.0591 0.2337 -0.8488 0.0698 0.222 -0.8623 0.0766 0.2138 -0.877 0.0801 0.2088 -0.8827 0.0372 0.2521 -0.8923 0.0469 0.2412 -0.9042 0.0544 0.2323 -0.9175 0.06 0.2253 -0.9106 0.0448 0.2415
194.0 -0.9696 0.0261 0.2548 -0.8556 0.0433 0.2485 -0.8512 0.0585 0.2334 -0.8592 0.069 0.2218 -0.8721 0.0771 0.2123 -0.8916 0.0781 0.2093 -0.8948 0.0361 0.2519 -0.9043 0.0452 0.2417 -0.9153 0.0529 0.2327 -0.9286 0.0585 0.2258 -0.9225 0.0438 0.2414
195.0 -0.9801 0.0259 0.254 -0.8718 0.0405 0.2498 -0.8648 0.0555 0.2351 -0.8684 0.066 0.224 -0.8794 0.0737 0.2151 -0.8984 0.0766 0.2102 -0.91 0.0323 0.2544 -0.917 0.0423 0.2434 -0.9263 0.0502 0.2344 -0.938 0.0566 0.2267 -0.9343 0.0414 0.2426
196.0 -0.993 0.0241 0.2545 -0.8795 0.0394 0.2501 -0.8759 0.054 0.2356 -0.881 0.063 0.2258 -0.8931 0.0718 0.2156 -0.9103 0.0744 0.2113 -0.9209 0.0345 0.2511 -0.9296 0.0437 0.2408 -0.9396 0.0509 0.2324 -0.9512 0.0566 0.2254 -0.9468 0.0419 0.2408
197.0 -1.0023 0.0222 0.2555 -0.8888 0.0418 0.2467 -0.8878 0.0566 0.2317 -0.8947 0.0655 0.2219 -0.9081 0.0716 0.2143 -0.9285 0.0725 0.2114 -0.9316 0.0354 0.249 -0.9411 0.0445 0.2387 -0.9528 0.0509 0.2311 -0.965 0.0554 0.2253 -0.9586 0.0417 0.2399
198.0 -1.0138 0.0225 0.254 -0.9042 0.0398 0.2473 -0.9 0.0556 0.2315 -0.9033 0.0643 0.2223 -0.9157 0.07 0.2153 -0.9328 0.0719 0.2115 -0.9436 0.0332 0.2501 -0.9512 0.042 0.2404 -0.9622 0.049 0.232 -0.9736 0.0542 0.2256 -0.9689 0.0402 0.2404
199.0 -1.0244 0.0229 0.2526 -0.9187 0.0372 0.2485 -0.9123 0.0509 0.2351 -0.9142 0.0616 0.2239 -0.9245 0.07 0.2144 -0.9424 0.0719 0.2107 -0.9555 0.031 0.2511 -0.9624 0.0405 0.2408 -0.9716 0.0478 0.2324 -0.9833 0.0541 0.2247 -0.9795 0.0393 0.2403
200.0 -1.0328 0.0255 0.2491 -0.9279 0.039 0.2457 -0.9254 0.0503 0.2344 -0.9266 0.0618 0.2226 -0.9356 0.0679 0.2154 -0.9528 0.0711 0.2105 -0.9667 0.0295 0.2516 -0.9719 0.0392 0.2412 -0.9803 0.0472 0.2321 -0.9902 0.0532 0.225 -0.9884 0.0389 0.2398
201.0 -1.0448 0.0238 0.2496 -0.9414 0.036 0.2475 -0.9346 0.0473 0.2366 -0.9374 0.0585 0.2248 -0.9458 0.0659 0.2164 -0.9631 0.0697 0.2109 -0.9755 0.0295 0.2507 -0.9814 0.0385 0.2409 -0.9899 0.0465 0.2319 -1.0006 0.0524 0.2248 -0.9984 0.0382 0.2396
202.0 -1.054 0.0208 0.2518 -0.9492 0.0355 0.2472 -0.9462 0.0481 0.2346 -0.9489 0.0588 0.2234 -0.9597 0.0653 0.2157 -0.9776 0.0671 0.212 -0.9878 0.0297 0.2493 -0.9955 0.0384 0.2396 -1.0054 0.045 0.2319 -1.017 0.0508 0.2248 -1.0119 0.0369 0.2395
203.0 -1.0619 0.0209 0.2509 -0.9637 0.0329 0.2483 -0.9548 0.047 0.2349 -0.9574 0.057 0.2244 -0.9657 0.0644 0.2159 -0.9839 0.0675 0.211 -0.9979 0.0271 0.2509 -1.0047 0.036 0.2412 -1.0139 0.0433 0.2328 -1.0246 0.0492 0.2257 -1.0206 0.0353 0.2403
204.0 -1.071 0.0227 0.2481 -0.9767 0.0318 0.2482 -0.9665 0.0436 0.2372 -0.9682 0.0531 0.2273 -0.9758 0.0619 0.2176 -0.9942 0.0661 0.2114 -1.0135 0.0256 0.2509 -1.0196 0.0352 0.2405 -1.0263 0.0434 0.2314 -1.0343 0.0491 0.2249 -1.0329 0.0352 0.2392
205.0 -1.0854 0.0245 0.2449 -0.9858 0.033 0.2461 -0.9786 0.0425 0.2371 -0.9806 0.0539 0.2253 -0.9908 0.0617 0.2163 -1.0088 0.0641 0.212 -1.0243 0.0272 0.2482 -1.0296 0.0375 0.2372 -1.0363 0.0451 0.2287 -1.0451 0.0507 0.2221 -1.0442 0.037 0.2362
206.0 -1.0897 0.0239 0.2451 -1.0022 0.0265 0.2511 -0.9907 0.0409 0.2375 -0.9905 0.0501 0.2282 -0.9986 0.0612 0.216 -1.015 0.0645 0.211 -1.0308 0.0239 0.2509 -1.0352 0.0343 0.2399 -1.0428 0.0424 0.2308 -1.0528 0.049 0.2231 -1.0503 0.0347 0.238
207.0 -1.1029 0.0239 0.2437 -1.0125 0.03 0.2465 -1.0034 0.0386 0.2386 -1.0036 0.0496 0.2274 -1.0098 0.0597 0.2164 -1.023 0.0647 0.21 -1.0462 0.0218 0.2515 -1.05 0.0329 0.2398 -1.0559 0.0419 0.2301 -1.0642 0.0487 0.2223 -1.0638 0.0339 0.2375
208.0 -1.1148 0.0217 0.2448 -1.0316 0.0238 0.251 -1.0113 0.0381 0.2383 -1.011 0.0467 0.2296 -1.0209 0.0576 0.2175 -1.0385 0.0632 0.21 -1.0559 0.0217 0.2507 -1.0595 0.0322 0.2396 -1.0662 0.0405 0.2305 -1.0762 0.0471 0.2227 -1.0745 0.0327 0.2377
209.0 -1.1259 0.0196 0.2459 -1.0364 0.0256 0.2487 -1.0236 0.0383 0.2369 -1.0234 0.0469 0.2282 -1.0329 0.056 0.2179 -1.0496 0.0611 0.2111 -1.0647 0.0218 0.2498 -1.069 0.031 0.2399 -1.0757 0.0392 0.2308 -1.0847 0.0453 0.2237 -1.084 0.0314 0.238
210.0 -1.1345 0.0184 0.2462 -1.049 0.0227 0.2504 -1.0358 0.0373 0.2368 -1.034 0.0473 0.2267 -1.0452 0.0562 0.2165 -1.0615 0.0588 0.2122 -1.0753 0.0222 0.2483 -1.0797 0.032 0.2379 -1.0871 0.0389 0.23 -1.0969 0.0449 0.2229 -1.0947 0.0313 0.2371
211.0 -1.1445 0.0202 0.2435 -1.0533 0.027 0.2456 -1.0441 0.0349 0.2383 -1.0443 0.0459 0.2271 -1.0547 0.0549 0.2169 -1.071 0.0576 0.2125 -1.0848 0.0209 0.2487 -1.0882 0.0302 0.2388 -1.0958 0.0383 0.2297 -1.1048 0.0445 0.2226 -1.1036 0.0308 0.2367
212.0 -1.154 0.0195 0.2432 -1.0649 0.0278 0.2435 -1.0536 0.0336 0.2387 -1.0557 0.0456 0.2263 -1.0657 0.0528 0.218 -1.083 0.0559 0.213 -1.0927 0.021 0.2477 -1.0961 0.0303 0.2379 -1.1037 0.0385 0.2288 -1.1144 0.0444 0.2217 -1.1122 0.0307 0.2359
213.0 -1.1628 0.0195 0.2423 -1.0678 0.0293 0.2418 -1.0632 0.0385 0.2328 -1.0664 0.0466 0.2242 -1.0773 0.0537 0.2159 -1.0936 0.0563 0.2115 -1.1009 0.0224 0.2455 -1.1068 0.0307 0.2364 -1.1141 0.0377 0.2286 -1.1239 0.0431 0.2221 -1.1217 0.0307 0.235
214.0 -1.1867 0.0248 0.2345 -1.1058 0.0303 0.237 -1.1 0.0372 0.2305 -1.0989 0.0465 0.2211 -1.1098 0.0529 0.2134 -1.1236 0.0566 0.2083 -1.1312 0.0244 0.2405 -1.1363 0.0335 0.2307 -1.1436 0.0404 0.2228 -1.1534 0.0458 0.2164 -1.1502 0.0338 0.229
215.0 -1.1972 0.0246 0.2337 -1.1165 0.0313 0.2349 -1.107 0.0374 0.2295 -1.1093 0.0451 0.2215 -1.117 0.0538 0.2118 -1.13 0.0581 0.2061 -1.1418 0.0248 0.239 -1.1461 0.0346 0.2286 -1.1537 0.0427 0.2195 -1.1626 0.0482 0.213 -1.1603 0.035 0.2267
216.0 -1.2055 0.0272 0.2302 -1.126 0.03 0.2353 -1.1155 0.0406 0.2255 -1.1151 0.0485 0.2174 -1.1269 0.0555 0.2091 -1.1416 0.059 0.204 -1.1508 0.026 0.2369 -1.1542 0.0353 0.227 -1.1599 0.0431 0.2185 -1.1688 0.0486 0.212 -1.1679 0.0361 0.2249
217.0 -1.2199 0.024 0.232 -1.1365 0.0298 0.2344 -1.1238 0.0425 0.2227 -1.1285 0.0492 0.2154 -1.14 0.055 0.2083 -1.1495 0.0586 0.2037 -1.1577 0.0251 0.2371 -1.1619 0.0343 0.2273 -1.1693 0.0412 0.2195 -1.179 0.0466 0.213 -1.1776 0.0343 0.2258
218.0 -1.2281 0.0254 0.2299 -1.1412 0.0316 0.2321 -1.1325 0.0419 0.2224 -1.1346 0.049 0.215 -1.1437 0.0557 0.2072 -1.1557 0.059 0.2027 -1.1631 0.0262 0.2355 -1.1683 0.0359 0.2251 -1.1758 0.0434 0.2166 -1.1873 0.0486 0.2102 -1.1845 0.0359 0.2234
219.0 -1.2345 0.0269 0.2276 -1.1458 0.0328 0.2304 -1.1412 0.0414 0.2221 -1.145 0.0482 0.2148 -1.1535 0.0568 0.2051 -1.1649 0.0614 0.1993 -1.1721 0.0274 0.2333 -1.1773 0.0365 0.2235 -1.1846 0.0434 0.2157 -1.1946 0.05 0.208 -1.1926 0.0369 0.2216
220.0 -1.2402 0.0292 0.2247 -1.1537 0.0324 0.2301 -1.1473 0.0412 0.2217 -1.1513 0.0492 0.2131 -1.1606 0.0571 0.2041 -1.1704 0.0625 0.1976 -1.1784 0.0278 0.2323 -1.1836 0.0375 0.2219 -1.1911 0.045 0.2134 -1.2 0.0505 0.2069 -1.1986 0.038 0.2199
221.0 -1.2446 0.0292 0.2243 -1.1603 0.0351 0.2266 -1.1554 0.0425 0.2196 -1.1602 0.0498 0.2116 -1.1679 0.0585 0.2019 -1.1783 0.0626 0.1967 -1.1857 0.0293 0.2301 -1.1899 0.0385 0.2203 -1.1974 0.046 0.2118 -1.2072 0.052 0.2047 -1.205 0.039 0.2182
222.0 -1.2504 0.0321 0.2207 -1.1644 0.0382 0.223 -1.1619 0.0441 0.2173 -1.166 0.0527 0.2081 -1.1726 0.0603 0.1996 -1.1846 0.0636 0.1951 -1.1902 0.0299 0.229 -1.1953 0.039 0.2192 -1.2028 0.0465 0.2108 -1.2116 0.052 0.2042 -1.21 0.0399 0.2168
223.0 -1.2541 0.0334 0.219 -1.1675 0.0409 0.22 -1.1666 0.0459 0.215 -1.1716 0.0544 0.2058 -1.1808 0.0617 0.1974 -1.1913 0.0664 0.1916 -1.1957 0.0316 0.2267 -1.1999 0.0402 0.2175 -1.2074 0.0477 0.2091 -1.2155 0.0539 0.2019 -1.2145 0.0414 0.2148
224.0 -1.2576 0.0379 0.2141 -1.1755 0.0465 0.2135 -1.1746 0.0515 0.2084 -1.1823 0.0602 0.1987 -1.1913 0.0664 0.1916 -1.2019 0.0717 0.1851 -1.2011 0.0369 0.2207 -1.207 0.0453 0.2116 -1.2142 0.0517 0.2043 -1.224 0.0571 0.1979 -1.2208 0.0458 0.2097
225.0 -1.2585 0.0384 0.2136 -1.1737 0.0461 0.214 -1.1727 0.0506 0.2096 -1.1776 0.0584 0.2011 -1.1875 0.065 0.1933 -1.1972 0.0698 0.1874 -1.2016 0.035 0.2226 -1.2059 0.0442 0.2128 -1.2133 0.0512 0.2049 -1.2214 0.0574 0.1978 -1.2201 0.0452 0.2103
226.0 -1.2548 0.037 0.2153 -1.1691 0.0449 0.2157 -1.1697 0.0485 0.212 -1.1756 0.0569 0.2028 -1.189 0.0636 0.1946 -1.1951 0.0683 0.1892 -1.1985 0.0324 0.2256 -1.2027 0.041 0.2164 -1.2093 0.0487 0.2079 -1.2167 0.0556 0.2001 -1.2164 0.0429 0.213
227.0 -1.2556 0.0369 0.2153 -1.1698 0.0442 0.2164 -1.1703 0.0472 0.2133 -1.1745 0.0558 0.2041 -1.1862 0.0622 0.1964 -1.1933 0.0679 0.1898 -1.1993 0.0317 0.2262 -1.2035 0.0409 0.2164 -1.2102 0.0485 0.2079 -1.2175 0.0555 0.2001 -1.2172 0.0427 0.2132
