












































46.0 -1.0186 0.05 0.2255 -0.998 0.0277 0.2503 -1.0011 0.0401 0.2373 -1.0116 0.0552 0.2209 -1.016 0.065 0.2104 -1.0201 0.0785 0.1962 -1.011 0.0418 0.2346 -1.0167 0.0539 0.2217 -1.0205 0.0656 0.2093 -1.0248 0.0754 0.1989 -1.0183 0.0573 0.218
47.0 -1.0338 0.0461 0.228 -1.0021 0.0162 0.2617 -0.9902 0.0385 0.24 -1.0017 0.0535 0.2236 -1.007 0.0638 0.2126 -1.0134 0.0751 0.2003 -1.0227 0.0329 0.2425 -1.0266 0.0452 0.2295 -1.0305 0.0575 0.2166 -1.0341 0.068 0.2055 -1.0295 0.05 0.2244
48.0 -1.026 0.0416 0.2333 -0.9826 0.0353 0.2441 -0.9882 0.0419 0.2368 -1.0027 0.0546 0.2224 -1.0103 0.0627 0.2133 -1.0211 0.0692 0.2056 -1.0096 0.0384 0.2383 -1.0157 0.0485 0.2273 -1.0218 0.0581 0.2169 -1.0276 0.0659 0.2084 -1.0201 0.0505 0.2248
49.0 -1.0206 0.0412 0.2343 -0.9756 0.0301 0.2501 -0.9798 0.0393 0.2402 -0.9909 0.0574 0.2207 -1.0016 0.0682 0.2086 -1.0123 0.074 0.2015 -1.0118 0.0313 0.2452 -1.0198 0.0419 0.2337 -1.0252 0.0521 0.2226 -1.0286 0.0615 0.2128 -1.0212 0.0456 0.2297
50.0 -1.0203 0.0394 0.2362 -0.9756 0.0301 0.2501 -0.9717 0.038 0.2424 -0.9821 0.0573 0.2216 -0.9949 0.0654 0.2121 -1.0083 0.0715 0.2045 -1.0054 0.0298 0.2475 -1.0107 0.04 0.2364 -1.0177 0.0495 0.2261 -1.0237 0.0591 0.2157 -1.0156 0.0435 0.2324
51.0 -1.0267 0.0257 0.2495 -0.9542 0.0336 0.2486 -0.9705 0.0516 0.2286 -0.9842 0.0644 0.2142 -1.002 0.0705 0.2061 -1.0209 0.068 0.2068 -0.9936 0.0326 0.2458 -1.0063 0.04 0.2369 -1.0196 0.0456 0.2299 -1.031 0.0501 0.2241 -1.0154 0.0388 0.2372
52.0 -1.0293 0.0155 0.2596 -0.9395 0.0301 0.2537 -0.953 0.0521 0.2298 -0.9652 0.0663 0.2141 -0.9837 0.0718 0.2067 -1.0055 0.0707 0.2056 -0.9872 0.0261 0.253 -1.0008 0.0334 0.2442 -1.0149 0.0389 0.2372 -1.0272 0.0439 0.2308 -1.0119 0.0316 0.245
52.0 -1.2106 0.2366 0.0156 -1.1558 0.1799 0.0791 -1.1325 0.1574 0.1044 -1.1241 0.1701 0.0922 -1.1301 0.184 0.0774 -1.1545 0.213 0.0453 -1.2034 0.1906 0.0634 -1.1925 0.2036 0.0511 -1.1792 0.2183 0.0375 -1.1701 0.2317 0.0247 -1.1912 0.2162 0.0385
53.0 -1.0314 0.0177 0.2572 -0.9332 0.0291 0.2553 -0.9468 0.0517 0.2308 -0.9616 0.0656 0.2152 -0.981 0.0709 0.2078 -1.0045 0.0696 0.2068 -0.9811 0.0263 0.2534 -0.994 0.035 0.2433 -1.0083 0.041 0.2357 -1.0233 0.0463 0.2288 -1.0076 0.0333 0.2437
53.0 -1.2244 0.2354 0.0155 -1.1727 0.1813 0.076 -1.1351 0.1576 0.1039 -1.1263 0.1674 0.0948 -1.1318 0.1837 0.0775 -1.156 0.2116 0.0466 -1.2063 0.1871 0.0666 -1.1936 0.1998 0.0549 -1.1831 0.2153 0.0401 -1.1751 0.2298 0.0261 -1.1965 0.2135 0.0407
54.0 -1.0256 0.0142 0.2614 -0.9259 0.0277 0.2575 -0.9392 0.0534 0.2299 -0.953 0.0668 0.2148 -0.9734 0.0732 0.2063 -0.9991 0.0691 0.2079 -0.974 0.0261 0.2544 -0.9886 0.0345 0.2443 -1.0046 0.0403 0.2368 -1.0203 0.0443 0.2312 -1.0026 0.0319 0.2456
54.0 -1.2384 0.2347 0.0148 -1.1828 0.1836 0.0726 -1.1368 0.1568 0.1045 -1.1293 0.1694 0.0924 -1.1347 0.1852 0.0757 -1.155 0.2105 0.0478 -1.208 0.1869 0.0667 -1.1946 0.2009 0.0537 -1.1867 0.216 0.039 -1.1814 0.2308 0.0245 -1.2018 0.2139 0.0397
55.0 -1.0311 0.0104 0.2647 -0.9117 0.0271 0.2594 -0.9248 0.0516 0.2331 -0.9397 0.0661 0.2168 -0.9585 0.0734 0.2076 -0.9834 0.07 0.2085 -0.9648 0.0236 0.2578 -0.9792 0.0309 0.2489 -0.9953 0.0372 0.2408 -1.011 0.0418 0.2346 -0.9963 0.0288 0.2494
55.0 -1.2557 0.2281 0.0198 -1.1996 0.174 0.0807 -1.1386 0.1523 0.109 -1.1336 0.1639 0.0976 -1.1372 0.1793 0.0815 -1.1616 0.2029 0.0549 -1.2159 0.1815 0.0714 -1.2011 0.1976 0.0565 -1.1933 0.2133 0.0412 -1.1897 0.2278 0.0267 -1.2111 0.2097 0.0431
56.0 -1.0217 0.0074 0.2687 -0.8972 0.0248 0.2633 -0.9052 0.05 0.2367 -0.9149 0.0652 0.2202 -0.9336 0.0718 0.2116 -0.9648 0.0688 0.2115 -0.95 0.0195 0.2634 -0.9619 0.0277 0.2539 -0.9772 0.0342 0.2457 -0.9947 0.0391 0.2389 -0.9811 0.0256 0.2541
56.0 -1.2822 0.2184 0.0271 -1.2225 0.1739 0.0785 -1.1431 0.148 0.1129 -1.1387 0.1626 0.0984 -1.1475 0.1779 0.0819 -1.1676 0.2021 0.0552 -1.2256 0.1717 0.0805 -1.211 0.1889 0.0643 -1.2035 0.2064 0.0472 -1.2019 0.2225 0.0309 -1.2248 0.2016 0.05
57.0 -1.0146 0.0071 0.2697 -0.8881 0.023 0.266 -0.9 0.0507 0.2365 -0.9095 0.0647 0.2213 -0.9285 0.0725 0.2114 -0.9578 0.0692 0.2119 -0.9431 0.0205 0.2632 -0.9557 0.0273 0.2549 -0.9709 0.0338 0.2468 -0.9885 0.0388 0.2399 -0.9746 0.0255 0.2549
57.0 -1.2856 0.2131 0.0322 -1.2349 0.1698 0.0815 -1.1464 0.1463 0.1143 -1.1419 0.161 0.0997 -1.1501 0.1776 0.082 -1.1708 0.2005 0.0565 -1.2268 0.1685 0.0837 -1.2122 0.1857 0.0675 -1.2065 0.2036 0.0498 -1.2058 0.2195 0.0335 -1.2274 0.1981 0.0533
58.0 -1.0053 0.009 0.2687 -0.8776 0.0232 0.2669 -0.8928 0.0499 0.2381 -0.9034 0.0649 0.2217 -0.9242 0.0731 0.2112 -0.9557 0.0676 0.2137 -0.9362 0.0214 0.2629 -0.9497 0.0281 0.2547 -0.9657 0.0339 0.2472 -0.9832 0.0383 0.241 -0.968 0.0261 0.2549
58.0 -1.2848 0.2083 0.0372 -1.2461 0.1634 0.0869 -1.1488 0.1454 0.115 -1.1443 0.1594 0.1011 -1.1524 0.1755 0.0839 -1.1759 0.1992 0.0573 -1.2282 0.1664 0.0856 -1.2145 0.1836 0.0695 -1.2088 0.2014 0.0518 -1.2089 0.2173 0.0355 -1.229 0.1954 0.0559
59.0 -1.0016 0.0083 0.2698 -0.8748 0.0224 0.268 -0.8856 0.049 0.2397 -0.898 0.0644 0.2227 -0.9195 0.0719 0.2129 -0.949 0.0691 0.2128 -0.9306 0.0197 0.2652 -0.9443 0.0276 0.2557 -0.9604 0.034 0.2476 -0.9771 0.0391 0.2407 -0.9628 0.0257 0.2558
59.0 -1.2941 0.2064 0.0382 -1.2682 0.1586 0.0897 -1.1494 0.1435 0.1169 -1.1451 0.1593 0.1011 -1.1557 0.1744 0.0847 -1.1792 0.1981 0.0581 -1.2302 0.1631 0.0888 -1.2166 0.1808 0.072 -1.2118 0.1986 0.0544 -1.2121 0.215 0.0375 -1.233 0.1928 0.0582
60.0 -0.994 0.0099 0.2689 -0.8695 0.0225 0.2684 -0.8802 0.0479 0.2414 -0.8926 0.0639 0.2237 -0.9127 0.0728 0.2126 -0.9421 0.0701 0.2125 -0.9253 0.0192 0.2662 -0.9382 0.0278 0.2561 -0.9544 0.0348 0.2474 -0.9712 0.0405 0.2399 -0.9566 0.0265 0.2557
60.0 -1.294 0.2009 0.0438 -1.2379 0.1615 0.0897 -1.1493 0.1429 0.1175 -1.1474 0.1572 0.1031 -1.1553 0.172 0.0872 -1.1788 0.1957 0.0606 -1.2326 0.1616 0.0901 -1.2206 0.1785 0.0741 -1.2157 0.1956 0.057 -1.2159 0.2121 0.0402 -1.2358 0.1897 0.061
61.0 -0.9906 0.0104 0.2687 -0.8649 0.0212 0.2701 -0.8776 0.0482 0.2413 -0.8873 0.0634 0.2248 -0.9074 0.0729 0.2131 -0.9377 0.0701 0.213 -0.9209 0.0192 0.2667 -0.9331 0.0285 0.2559 -0.9476 0.0363 0.2465 -0.9645 0.042 0.239 -0.9513 0.0273 0.2554
61.0 -1.2946 0.1941 0.0507 -1.2271 0.1605 0.0918 -1.1542 0.141 0.119 -1.1488 0.1552 0.105 -1.1541 0.1703 0.089 -1.1828 0.1933 0.0626 -1.2324 0.1604 0.0914 -1.2237 0.1762 0.0761 -1.2204 0.1925 0.0597 -1.2206 0.2084 0.0435 -1.2384 0.1863 0.0643
62.0 -0.9848 0.0075 0.2723 -0.8575 0.0192 0.273 -0.8714 0.0479 0.2423 -0.8802 0.0632 0.2257 -0.9013 0.0731 0.2135 -0.9309 0.0716 0.2121 -0.9147 0.0194 0.2671 -0.9268 0.0282 0.2569 -0.9413 0.0354 0.2481 -0.958 0.0404 0.2413 -0.9451 0.0262 0.2571
62.0 -1.296 0.1921 0.0526 -1.2318 0.1568 0.0951 -1.154 0.1398 0.1202 -1.1497 0.1551 0.105 -1.1575 0.1699 0.0891 -1.1808 0.1924 0.0638 -1.2352 0.1563 0.0952 -1.224 0.1725 0.0798 -1.2209 0.19 0.0622 -1.2228 0.2063 0.0454 -1.2398 0.1834 0.0671
63.0 -0.977 0.008 0.2726 -0.8521 0.0181 0.2746 -0.8653 0.0487 0.242 -0.8732 0.0635 0.2261 -0.8959 0.0726 0.2145 -0.9244 0.0694 0.215 -0.9088 0.0208 0.2662 -0.9208 0.029 0.2567 -0.9369 0.0353 0.2486 -0.9535 0.0398 0.2423 -0.9394 0.0266 0.2573
63.0 -1.3012 0.1865 0.0578 -1.2343 0.1564 0.0952 -1.1562 0.1371 0.1228 -1.1518 0.1523 0.1076 -1.1579 0.1668 0.0922 -1.1857 0.1899 0.0658 -1.2366 0.1543 0.0972 -1.228 0.1701 0.0818 -1.2248 0.1871 0.0649 -1.2259 0.2034 0.048 -1.2433 0.1803 0.07
64.0 -1.3057 0.1871 0.0568 -1.2411 0.15 0.1011 -1.1568 0.1358 0.1241 -1.1526 0.1516 0.1083 -1.1605 0.167 0.0917 -1.1879 0.1878 0.0678 -1.2415 0.1518 0.0992 -1.2313 0.1691 0.0826 -1.229 0.1859 0.0656 -1.2291 0.2017 0.0494 -1.2473 0.1791 0.0707
64.0 -0.9691 0.0084 0.2729 -0.8441 0.0179 0.2756 -0.8592 0.0489 0.2424 -0.8671 0.0637 0.2265 -0.8871 0.0726 0.2154 -0.9175 0.0703 0.2147 -0.9016 0.02 0.2678 -0.9137 0.0287 0.2577 -0.9298 0.0351 0.2495 -0.9473 0.0394 0.2433 -0.9323 0.0263 0.2582
65.0 -0.9613 0.0088 0.2732 -0.8377 0.0164 0.2778 -0.8514 0.0493 0.2427 -0.8593 0.0642 0.2268 -0.8811 0.0734 0.2152 -0.9116 0.0717 0.2139 -0.8945 0.0191 0.2694 -0.9075 0.0283 0.2587 -0.9227 0.0348 0.2505 -0.9403 0.0398 0.2437 -0.9253 0.0262 0.2591
65.0 -1.3099 0.1811 0.0625 -1.2389 0.1522 0.0991 -1.1601 0.1341 0.1254 -1.1548 0.1495 0.1102 -1.1601 0.1646 0.0942 -1.1886 0.1864 0.0691 -1.2401 0.149 0.1023 -1.2308 0.1661 0.0857 -1.2283 0.1823 0.0694 -1.2294 0.1986 0.0526 -1.2477 0.1754 0.0745
66.0 -0.9609 0.0065 0.2757 -0.835 0.0161 0.2783 -0.8441 0.0479 0.245 -0.854 0.0643 0.2272 -0.8738 0.072 0.2174 -0.9035 0.0704 0.216 -0.8894 0.0204 0.2686 -0.9016 0.0297 0.2578 -0.9161 0.0369 0.249 -0.9334 0.0407 0.2434 -0.9203 0.0268 0.2589
66.0 -1.306 0.1785 0.0655 -1.2348 0.1491 0.1027 -1.1617 0.1333 0.1261 -1.1553 0.147 0.1128 -1.1615 0.1626 0.0961 -1.1889 0.1833 0.0722 -1.2441 0.1466 0.1043 -1.2355 0.163 0.0884 -1.2323 0.1799 0.0714 -1.2326 0.1964 0.0545 -1.2501 0.1729 0.0768
67.0 -0.9531 0.0075 0.2754 -0.8199 0.0151 0.2809 -0.838 0.0481 0.2453 -0.847 0.0646 0.2276 -0.8677 0.0722 0.2178 -0.8973 0.0706 0.2164 -0.8814 0.0196 0.2701 -0.8936 0.029 0.2594 -0.9098 0.0366 0.25 -0.9275 0.0421 0.2426 -0.9131 0.027 0.2595
67.0 -1.3122 0.1789 0.0645 -1.2381 0.1425 0.1091 -1.1615 0.1321 0.1274 -1.1554 0.1476 0.1121 -1.1625 0.1631 0.0955 -1.1925 0.1835 0.0717 -1.2472 0.1443 0.1063 -1.2386 0.1608 0.0904 -1.2364 0.1782 0.0728 -1.2384 0.1944 0.056 -1.2545 0.1713 0.078
68.0 -0.946 0.0072 0.2764 -0.8171 0.0143 0.282 -0.8317 0.0477 0.2464 -0.84 0.0649 0.2279 -0.8599 0.0726 0.2181 -0.8897 0.0723 0.2155 -0.8751 0.0193 0.2711 -0.8866 0.0293 0.2597 -0.9029 0.0369 0.2504 -0.9205 0.0424 0.2429 -0.9062 0.027 0.2601
68.0 -1.3142 0.1756 0.0677 -1.2429 0.14 0.1112 -1.1629 0.1301 0.1293 -1.1551 0.1458 0.114 -1.1622 0.1613 0.0974 -1.1947 0.1813 0.0737 -1.2475 0.1412 0.1095 -1.2391 0.1583 0.0929 -1.2368 0.1757 0.0753 -1.2389 0.1925 0.0579 -1.2553 0.1686 0.0807
69.0 -0.9398 0.0069 0.2774 -0.8307 0.0167 0.2782 -0.824 0.0488 0.2461 -0.8339 0.0651 0.2283 -0.8521 0.0737 0.2178 -0.8825 0.0714 0.2171 -0.8687 0.0177 0.2734 -0.8802 0.0283 0.2613 -0.8957 0.036 0.252 -0.9135 0.0422 0.2439 -0.8996 0.0262 0.2616
69.0 -1.3181 0.1726 0.0704 -1.2428 0.1394 0.1118 -1.1652 0.1285 0.1306 -1.1594 0.1452 0.1142 -1.1654 0.1596 0.0988 -1.1953 0.1794 0.0756 -1.2484 0.1411 0.1095 -1.2416 0.1579 0.093 -1.2401 0.174 0.0767 -1.2403 0.1905 0.0598 -1.2577 0.1672 0.0819
70.0 -1.3175 0.169 0.0741 -1.2381 0.1376 0.1141 -1.1651 0.1279 0.1312 -1.1574 0.1442 0.1153 -1.1644 0.1592 0.0994 -1.1941 0.1778 0.0774 -1.2504 0.1378 0.1127 -1.2439 0.1558 0.095 -1.2432 0.1717 0.0787 -1.2449 0.1868 0.0631 -1.26 0.1642 0.0847
70.0 -0.9289 0.0096 0.2757 -0.8191 0.0158 0.2802 -0.8162 0.0492 0.2464 -0.8252 0.0657 0.2286 -0.8442 0.0735 0.2187 -0.8738 0.072 0.2174 -0.8605 0.0212 0.2706 -0.872 0.0313 0.2592 -0.8864 0.0385 0.2503 -0.9039 0.0429 0.2442 -0.8903 0.0287 0.26
71.0 -1.3165 0.1637 0.0797 -1.2383 0.1388 0.1129 -1.1676 0.127 0.132 -1.1615 0.1425 0.1167 -1.1676 0.1569 0.1014 -1.1981 0.1754 0.0794 -1.2512 0.1371 0.1133 -1.2445 0.1539 0.0969 -1.2438 0.1704 0.08 -1.2455 0.1849 0.065 -1.2603 0.162 0.087
71.0 -0.9234 0.0085 0.2774 -0.816 0.0181 0.2782 -0.8059 0.0506 0.246 -0.819 0.0653 0.2296 -0.839 0.0742 0.2185 -0.8688 0.0733 0.2166 -0.8533 0.0204 0.2722 -0.8648 0.0304 0.2607 -0.8801 0.0375 0.252 -0.8985 0.0424 0.2452 -0.884 0.0278 0.2615
72.0 -0.9164 0.0088 0.2777 -0.8114 0.0169 0.2799 -0.8056 0.0494 0.2472 -0.8104 0.0665 0.2293 -0.8313 0.0753 0.2182 -0.8619 0.0742 0.2163 -0.8466 0.0219 0.2713 -0.8579 0.0314 0.2605 -0.8733 0.039 0.2511 -0.8918 0.0439 0.2443 -0.8772 0.029 0.261
72.0 -1.3212 0.1649 0.078 -1.2397 0.1368 0.1148 -1.1683 0.1257 0.1332 -1.1624 0.1423 0.1168 -1.17 0.156 0.1021 -1.2005 0.1739 0.0808 -1.2509 0.1353 0.1152 -1.245 0.152 0.0987 -1.2435 0.1686 0.0818 -1.2443 0.1832 0.0669 -1.261 0.1608 0.0881
73.0 -0.9136 0.008 0.2789 -0.8122 0.0216 0.2749 -0.8052 0.047 0.2497 -0.8086 0.0661 0.2298 -0.8243 0.0756 0.2186 -0.8558 0.0744 0.2167 -0.8428 0.0206 0.273 -0.8535 0.0313 0.2609 -0.8689 0.039 0.2515 -0.8866 0.0446 0.2441 -0.8731 0.0287 0.2617
73.0 -1.3183 0.1586 0.0847 -1.2353 0.1368 0.1152 -1.1684 0.1263 0.1326 -1.1622 0.1411 0.118 -1.1698 0.1548 0.1033 -1.2002 0.1727 0.082 -1.2539 0.1324 0.1178 -1.2481 0.1497 0.1007 -1.2483 0.1656 0.0845 -1.2501 0.1812 0.0683 -1.2637 0.1575 0.0912
74.0 -0.9057 0.0078 0.2798 -0.8107 0.0182 0.2786 -0.8045 0.0428 0.254 -0.8079 0.0625 0.2336 -0.8175 0.0771 0.2177 -0.8499 0.0758 0.2158 -0.8356 0.0197 0.2746 -0.8464 0.0311 0.2619 -0.8619 0.0394 0.2519 -0.8796 0.0449 0.2445 -0.8659 0.0286 0.2625
74.0 -1.323 0.1555 0.0874 -1.2433 0.132 0.1193 -1.1689 0.1244 0.1345 -1.162 0.14 0.1193 -1.1698 0.1548 0.1033 -1.2002 0.1727 0.082 -1.257 0.1302 0.1198 -1.2512 0.1474 0.1027 -1.2505 0.1634 0.0865 -1.2523 0.1785 0.0709 -1.2668 0.155 0.0935
75.0 -0.8979 0.0088 0.2795 -0.7993 0.013 0.2851 -0.8042 0.041 0.2559 -0.8072 0.0584 0.2379 -0.8103 0.0763 0.2193 -0.8438 0.0766 0.2156 -0.8279 0.0207 0.2743 -0.8395 0.032 0.2616 -0.8552 0.0409 0.251 -0.8736 0.0457 0.2442 -0.8588 0.0296 0.2621
75.0 -1.3216 0.1575 0.0855 -1.2424 0.1322 0.1193 -1.1703 0.1223 0.1364 -1.1638 0.1403 0.1187 -1.1723 0.1538 0.104 -1.2016 0.1706 0.084 -1.2561 0.1297 0.1204 -1.2511 0.1469 0.1034 -1.2496 0.1629 0.0871 -1.2504 0.1775 0.0721 -1.2657 0.1549 0.0937
76.0 -0.8925 0.0078 0.2812 -0.7989 0.0112 0.2869 -0.8034 0.0369 0.2602 -0.8071 0.0578 0.2385 -0.8099 0.0739 0.2218 -0.8376 0.0762 0.2166 -0.8246 0.0218 0.2736 -0.8352 0.0326 0.2615 -0.8507 0.0403 0.2521 -0.8682 0.0452 0.2453 -0.8542 0.0295 0.2627
76.0 -1.3273 0.1549 0.0876 -1.2521 0.1272 0.1234 -1.1709 0.1204 0.1383 -1.1641 0.1372 0.1218 -1.171 0.1516 0.1065 -1.2007 0.1702 0.0845 -1.2581 0.1264 0.1236 -1.2523 0.1436 0.1065 -1.2517 0.1602 0.0896 -1.2535 0.1752 0.0741 -1.2686 0.1521 0.0963
77.0 -0.8898 0.0075 0.2817 -0.7985 0.0088 0.2894 -0.8032 0.0357 0.2615 -0.8065 0.0542 0.2423 -0.8098 0.0733 0.2224 -0.835 0.0766 0.2165 -0.8202 0.0218 0.274 -0.83 0.0327 0.2619 -0.8454 0.0404 0.2525 -0.8631 0.0459 0.2451 -0.8497 0.0297 0.263
77.0 -1.3269 0.1574 0.0851 -1.2558 0.123 0.1273 -1.1717 0.1203 0.1384 -1.164 0.1366 0.1225 -1.1718 0.1508 0.1072 -1.2038 0.1679 0.0865 -1.2616 0.1265 0.1231 -1.2543 0.1446 0.1054 -1.2518 0.1608 0.089 -1.2536 0.1758 0.0735 -1.2696 0.153 0.0952
78.0 -1.3278 0.1524 0.0901 -1.2531 0.1228 0.1278 -1.1723 0.1184 0.1403 -1.1665 0.1357 0.1232 -1.1734 0.15 0.1078 -1.2029 0.168 0.0865 -1.2609 0.1223 0.1275 -1.2543 0.1397 0.1103 -1.2537 0.1563 0.0935 -1.2564 0.1718 0.0773 -1.2706 0.1485 0.0997
78.0 -0.8825 0.0109 0.2789 -0.8262 0.021 0.2742 -0.804 0.0399 0.2571 -0.8059 0.0506 0.246 -0.808 0.0631 0.2329 -0.8205 0.0737 0.2209 -0.8125 0.0234 0.2731 -0.8188 0.0342 0.2615 -0.8305 0.0406 0.2538 -0.8469 0.0438 0.2488 -0.8382 0.0306 0.2632
79.0 -1.3291 0.1498 0.0926 -1.2544 0.1202 0.1303 -1.1738 0.117 0.1416 -1.1663 0.1345 0.1244 -1.1733 0.1494 0.1085 -1.2019 0.1669 0.0877 -1.2606 0.1205 0.1293 -1.2548 0.1378 0.1122 -1.2551 0.1543 0.0954 -1.2587 0.1697 0.0793 -1.2716 0.1464 0.1018
79.0 -0.8735 0.0097 0.2811 -0.8015 0.0255 0.272 -0.8055 0.0488 0.2478 -0.8075 0.0601 0.236 -0.8096 0.0721 0.2236 -0.8127 0.0796 0.2156 -0.8016 0.0261 0.2714 -0.8095 0.0361 0.2605 -0.822 0.0423 0.2528 -0.8384 0.0456 0.2479 -0.829 0.032 0.2627
80.0 -1.3235 0.1432 0.0999 -1.2352 0.1264 0.1258 -1.1731 0.1183 0.1403 -1.1671 0.1344 0.1245 -1.1757 0.1479 0.1098 -1.2057 0.1634 0.091 -1.2605 0.1199 0.1299 -1.2574 0.1375 0.1123 -1.2567 0.1534 0.0961 -1.2593 0.1684 0.0806 -1.2715 0.1445 0.1038
80.0 -0.8696 0.0127 0.2784 -0.8028 0.0333 0.264 -0.8056 0.0494 0.2472 -0.8072 0.0584 0.2379 -0.8092 0.0697 0.2261 -0.8108 0.0786 0.2168 -0.8021 0.0291 0.2683 -0.806 0.0365 0.2603 -0.8174 0.0411 0.2545 -0.8319 0.0434 0.2507 -0.8254 0.0326 0.2625
81.0 -1.3318 0.1451 0.0971 -1.2473 0.1199 0.1313 -1.1736 0.1158 0.1428 -1.1669 0.1332 0.1257 -1.1756 0.1473 0.1104 -1.2058 0.164 0.0904 -1.2654 0.118 0.1314 -1.2598 0.1359 0.1137 -1.2592 0.1525 0.0968 -1.2619 0.168 0.0807 -1.2756 0.1439 0.1039
82.0 -1.3336 0.1455 0.0966 -1.2516 0.1193 0.1315 -1.1751 0.1144 0.1441 -1.1687 0.1329 0.1258 -1.1754 0.1461 0.1117 -1.2081 0.1624 0.0917 -1.2653 0.1174 0.132 -1.258 0.1355 0.1142 -1.2565 0.1522 0.0973 -1.2591 0.1672 0.0818 -1.2745 0.1436 0.1044
83.0 -1.3327 0.1456 0.0965 -1.2556 0.1169 0.1335 -1.1752 0.115 0.1435 -1.1666 0.1314 0.1276 -1.1743 0.145 0.1129 -1.2063 0.1621 0.0923 -1.2662 0.1173 0.132 -1.2587 0.1348 0.1149 -1.2572 0.1515 0.098 -1.2599 0.1664 0.0825 -1.2749 0.1432 0.1048
84.0 -1.3325 0.1444 0.0978 -1.2592 0.1128 0.1374 -1.1749 0.1132 0.1454 -1.1674 0.1307 0.1282 -1.175 0.1443 0.1135 -1.2061 0.1609 0.0935 -1.2626 0.1166 0.1332 -1.2559 0.134 0.116 -1.2553 0.1506 0.0991 -1.2588 0.1654 0.0837 -1.273 0.1422 0.106
85.0 -1.3334 0.1443 0.0978 -1.2568 0.1137 0.1367 -1.1749 0.1132 0.1454 -1.1682 0.1306 0.1282 -1.1749 0.1437 0.1141 -1.2068 0.1602 0.0941 -1.2642 0.1158 0.1338 -1.2576 0.1338 0.1161 -1.2563 0.151 0.0986 -1.2589 0.166 0.083 -1.2741 0.1422 0.1059
86.0 -1.3322 0.1426 0.0996 -1.2497 0.1183 0.1327 -1.1748 0.1126 0.146 -1.1691 0.1304 0.1283 -1.175 0.1443 0.1135 -1.2062 0.1615 0.0929 -1.2642 0.1158 0.1338 -1.2575 0.1332 0.1167 -1.2569 0.1497 0.0998 -1.2595 0.1647 0.0843 -1.2741 0.1412 0.1069
87.0 -1.3326 0.145 0.0971 -1.2608 0.1114 0.1387 -1.1747 0.112 0.1466 -1.169 0.1298 0.1289 -1.175 0.1443 0.1135 -1.2052 0.161 0.0935 -1.2631 0.1147 0.135 -1.2557 0.1328 0.1173 -1.2542 0.1495 0.1004 -1.257 0.165 0.0842 -1.2725 0.1414 0.1068
88.0 -1.3369 0.1444 0.0973 -1.2669 0.1062 0.1433 -1.1753 0.1107 0.1479 -1.1677 0.1276 0.1313 -1.1748 0.1431 0.1148 -1.2078 0.1606 0.0936 -1.2656 0.1138 0.1358 -1.2573 0.132 0.118 -1.256 0.1493 0.1004 -1.2587 0.1648 0.0843 -1.2749 0.1408 0.1071
89.0 -1.3331 0.1425 0.0997 -1.2712 0.1057 0.1435 -1.1761 0.11 0.1485 -1.1679 0.1288 0.1301 -1.1747 0.1425 0.1154 -1.206 0.1603 0.0941 -1.2619 0.113 0.1369 -1.2546 0.1317 0.1185 -1.2541 0.1489 0.101 -1.2585 0.1636 0.0855 -1.2725 0.1399 0.1083
90.0 -1.3332 0.1431 0.099 -1.2623 0.1099 0.14 -1.1752 0.1101 0.1485 -1.1687 0.1281 0.1308 -1.1745 0.1413 0.1166 -1.2058 0.1591 0.0954 -1.2646 0.1133 0.1364 -1.2572 0.1314 0.1186 -1.2558 0.1481 0.1017 -1.2576 0.1637 0.0855 -1.2737 0.1399 0.1082
91.0 -1.3322 0.1426 0.0996 -1.2578 0.1093 0.1411 -1.1752 0.1101 0.1485 -1.1667 0.1271 0.1319 -1.1744 0.1407 0.1172 -1.2033 0.16 0.0946 -1.2635 0.1122 0.1376 -1.2579 0.1301 0.1199 -1.2574 0.1472 0.1023 -1.2609 0.1626 0.0862 -1.2744 0.139 0.1091
92.0 -1.3303 0.1417 0.1008 -1.2632 0.1104 0.1394 -1.1752 0.1101 0.1485 -1.1686 0.1275 0.1314 -1.1737 0.1414 0.1166 -1.2041 0.1593 0.0953 -1.2635 0.1122 0.1376 -1.2562 0.1303 0.1198 -1.2548 0.1476 0.1022 -1.2584 0.163 0.0861 -1.2726 0.1389 0.1093
93.0 -1.331 0.141 0.1015 -1.2593 0.1079 0.1424 -1.1752 0.1101 0.1485 -1.1667 0.1271 0.1319 -1.1745 0.1413 0.1166 -1.2032 0.1594 0.0953 -1.2618 0.1124 0.1375 -1.2552 0.1298 0.1204 -1.2546 0.1464 0.1035 -1.2583 0.1624 0.0868 -1.2722 0.1384 0.1099
94.0 -1.3308 0.1398 0.1027 -1.2661 0.107 0.1427 -1.1743 0.1102 0.1485 -1.1668 0.1277 0.1313 -1.1719 0.1417 0.1165 -1.2058 0.1591 0.0954 -1.2643 0.1115 0.1382 -1.2569 0.1296 0.1204 -1.2546 0.1464 0.1035 -1.2573 0.1619 0.0874 -1.2728 0.1378 0.1104
95.0 -1.3345 0.1405 0.1016 -1.2596 0.1097 0.1405 -1.1735 0.1103 0.1484 -1.1659 0.1272 0.1319 -1.1719 0.1417 0.1165 -1.2047 0.158 0.0966 -1.2628 0.1129 0.1369 -1.2563 0.1309 0.1192 -1.2556 0.1475 0.1023 -1.2583 0.1624 0.0868 -1.2735 0.1388 0.1093
96.0 -1.3328 0.1407 0.1015 -1.2647 0.109 0.1407 -1.1742 0.1096 0.1491 -1.167 0.1283 0.1307 -1.1737 0.1414 0.1166 -1.2076 0.1594 0.0948 -1.2643 0.1115 0.1382 -1.2562 0.1303 0.1198 -1.2547 0.147 0.1029 -1.2574 0.1625 0.0867 -1.2731 0.1384 0.1098
97.0 -1.3347 0.1417 0.1003 -1.2677 0.1055 0.144 -1.1744 0.1108 0.1478 -1.1662 0.129 0.13 -1.1739 0.1426 0.1153 -1.2049 0.1592 0.0953 -1.2617 0.1118 0.1381 -1.2553 0.1304 0.1198 -1.2547 0.147 0.1029 -1.2574 0.1625 0.0867 -1.2728 0.1387 0.1096
98.0 -1.3358 0.1428 0.0991 -1.2601 0.1078 0.1424 -1.1735 0.1103 0.1484 -1.1671 0.1289 0.1301 -1.1747 0.1425 0.1154 -1.2057 0.1585 0.096 -1.2627 0.1123 0.1375 -1.2563 0.1309 0.1192 -1.2549 0.1482 0.1016 -1.2568 0.1638 0.0855 -1.2733 0.1396 0.1086
99.0 -1.3337 0.1412 0.1009 -1.2624 0.1056 0.1444 -1.1728 0.1116 0.1472 -1.1653 0.1291 0.13 -1.1721 0.1429 0.1153 -1.2033 0.16 0.0946 -1.2635 0.1122 0.1376 -1.2571 0.1308 0.1192 -1.2566 0.1479 0.1017 -1.2601 0.1627 0.0862 -1.2742 0.139 0.1091
100.0 -1.3358 0.1428 0.0991 -1.2697 0.1022 0.1472 -1.1736 0.1109 0.1478 -1.1645 0.1292 0.13 -1.1731 0.1433 0.1147 -1.2044 0.1611 0.0934 -1.2611 0.1131 0.1368 -1.2545 0.1311 0.1191 -1.254 0.1483 0.1016 -1.2585 0.1636 0.0855 -1.2728 0.1398 0.1084
101.0 -1.3296 0.143 0.0995 -1.2748 0.1009 0.148 -1.1736 0.1109 0.1478 -1.1652 0.1285 0.1306 -1.1721 0.1429 0.1153 -1.2026 0.1607 0.094 -1.2618 0.1124 0.1375 -1.2544 0.1305 0.1197 -1.2539 0.1477 0.1022 -1.2576 0.1637 0.0855 -1.2715 0.1395 0.1089
102.0 -1.335 0.1435 0.0985 -1.2752 0.1033 0.1455 -1.1727 0.111 0.1478 -1.1654 0.1297 0.1294 -1.1723 0.1435 0.1147 -1.2043 0.1605 0.094 -1.2611 0.1131 0.1368 -1.2538 0.1318 0.1184 -1.2533 0.149 0.1009 -1.2577 0.1643 0.0849 -1.2722 0.1403 0.1079
103.0 -1.3366 0.1426 0.0992 -1.2722 0.1061 0.1429 -1.1743 0.1102 0.1485 -1.1662 0.129 0.13 -1.1724 0.1441 0.114 -1.2036 0.1618 0.0928 -1.261 0.1125 0.1375 -1.2537 0.1312 0.1191 -1.2532 0.1484 0.1016 -1.2576 0.1637 0.0855 -1.2724 0.1397 0.1086
104.0 -1.3395 0.1441 0.0974 -1.278 0.0993 0.1494 -1.1743 0.1102 0.1485 -1.1652 0.1285 0.1306 -1.1721 0.1429 0.1153 -1.2043 0.1605 0.094 -1.2628 0.1129 0.1369 -1.2554 0.131 0.1191 -1.254 0.1483 0.1016 -1.2576 0.1637 0.0855 -1.2739 0.14 0.1081
105.0 -1.3378 0.1443 0.0973 -1.2924 0.0961 0.1512 -1.1743 0.1102 0.1485 -1.1652 0.1285 0.1306 -1.1732 0.1439 0.1141 -1.2063 0.1621 0.0923 -1.2627 0.1123 0.1375 -1.2545 0.1311 0.1191 -1.2541 0.1489 0.101 -1.2586 0.1642 0.0849 -1.2735 0.1402 0.108
106.0 -1.3369 0.1444 0.0973 -1.2788 0.0991 0.1494 -1.1727 0.111 0.1478 -1.1653 0.1291 0.13 -1.1724 0.1441 0.114 -1.2034 0.1606 0.094 -1.2619 0.113 0.1369 -1.2546 0.1317 0.1185 -1.2542 0.1495 0.1004 -1.2578 0.1649 0.0843 -1.2731 0.1407 0.1075
107.0 -1.3368 0.1438 0.0979 -1.2759 0.1026 0.1462 -1.1735 0.1103 0.1484 -1.1646 0.1298 0.1294 -1.1727 0.1458 0.1122 -1.2054 0.1622 0.0922 -1.2592 0.1128 0.1374 -1.2528 0.1314 0.119 -1.2524 0.1491 0.1009 -1.256 0.1645 0.0848 -1.2715 0.1403 0.108
108.0 -1.3341 0.1436 0.0985 -1.2725 0.103 0.146 -1.172 0.1117 0.1471 -1.1657 0.1309 0.1281 -1.1733 0.1445 0.1135 -1.2055 0.1628 0.0916 -1.2611 0.1131 0.1368 -1.2538 0.1318 0.1184 -1.2524 0.1491 0.1009 -1.2561 0.1651 0.0842 -1.2715 0.1406 0.1078
109.0 -1.3369 0.1444 0.0973 -1.2792 0.1009 0.1475 -1.1736 0.1109 0.1478 -1.1646 0.1298 0.1294 -1.1717 0.1454 0.1128 -1.2057 0.1634 0.091 -1.2602 0.1133 0.1368 -1.2522 0.1327 0.1178 -1.2525 0.1497 0.1003 -1.2561 0.1651 0.0842 -1.2716 0.141 0.1073
110.0 -1.3386 0.1442 0.0974 -1.2956 0.0895 0.1575 -1.1726 0.1104 0.1484 -1.1646 0.1298 0.1294 -1.1715 0.1442 0.114 -1.2029 0.1625 0.0921 -1.2611 0.1131 0.1368 -1.2529 0.132 0.1184 -1.2524 0.1491 0.1009 -1.257 0.165 0.0842 -1.2724 0.1407 0.1076
111.0 -1.3396 0.1447 0.0968 -1.2928 0.0936 0.1537 -1.1737 0.1115 0.1472 -1.1648 0.131 0.1281 -1.1726 0.1452 0.1128 -1.2037 0.1624 0.0922 -1.262 0.1136 0.1363 -1.2546 0.1317 0.1185 -1.2541 0.1489 0.101 -1.2569 0.1644 0.0848 -1.2735 0.1407 0.1075
112.0 -1.337 0.145 0.0967 -1.2794 0.0972 0.1513 -1.1704 0.1126 0.1464 -1.1632 0.1319 0.1274 -1.171 0.1461 0.1121 -1.203 0.1631 0.0915 -1.2604 0.1144 0.1356 -1.2531 0.1331 0.1172 -1.2535 0.1502 0.0997 -1.2579 0.1655 0.0836 -1.2724 0.1417 0.1066
113.0 -1.3381 0.1461 0.0955 -1.2887 0.0954 0.1523 -1.1721 0.1123 0.1465 -1.1631 0.1313 0.128 -1.1718 0.146 0.1121 -1.2038 0.163 0.0915 -1.2612 0.1137 0.1362 -1.2539 0.1324 0.1178 -1.2526 0.1503 0.0997 -1.2553 0.1658 0.0835 -1.2722 0.1417 0.1065
114.0 -1.3335 0.1449 0.0972 -1.2697 0.1022 0.1472 -1.1712 0.1124 0.1465 -1.164 0.1317 0.1275 -1.1718 0.146 0.1121 -1.2039 0.1636 0.0909 -1.2613 0.1143 0.1356 -1.2531 0.1331 0.1172 -1.2518 0.1504 0.0996 -1.2546 0.1665 0.0829 -1.2709 0.1419 0.1065
115.0 -1.3357 0.1477 0.0941 -1.2958 0.0907 0.1563 -1.1721 0.1123 0.1465 -1.163 0.1307 0.1287 -1.1708 0.1455 0.1127 -1.2038 0.163 0.0915 -1.262 0.1136 0.1363 -1.254 0.133 0.1172 -1.2527 0.1509 0.099 -1.2555 0.1664 0.0829 -1.272 0.1423 0.1059
116.0 -1.3363 0.1457 0.096 -1.2909 0.0926 0.1549 -1.1696 0.1133 0.1458 -1.1624 0.1326 0.1268 -1.1702 0.1468 0.1115 -1.203 0.1631 0.0915 -1.2603 0.1139 0.1362 -1.2522 0.1327 0.1178 -1.2518 0.1504 0.0996 -1.2553 0.1658 0.0835 -1.2712 0.1417 0.1066
117.0 -1.3335 0.1449 0.0972 -1.2705 0.1015 0.1478 -1.1696 0.1133 0.1458 -1.1624 0.1326 0.1268 -1.1694 0.1475 0.1108 -1.2006 0.1647 0.0902 -1.2603 0.1139 0.1362 -1.2522 0.1327 0.1178 -1.2518 0.1504 0.0996 -1.2555 0.1664 0.0829 -1.2706 0.1417 0.1067
118.0 -1.3365 0.1469 0.0948 -1.2904 0.0945 0.153 -1.1704 0.1126 0.1464 -1.1623 0.132 0.1274 -1.1693 0.1469 0.1114 -1.2015 0.1646 0.0902 -1.2604 0.1144 0.1356 -1.2514 0.1334 0.1171 -1.2509 0.1505 0.0996 -1.2546 0.1665 0.0829 -1.2708 0.1424 0.106
119.0 -1.3319 0.1457 0.0965 -1.2815 0.0994 0.1489 -1.1697 0.1139 0.1452 -1.1607 0.1328 0.1267 -1.1676 0.1471 0.1114 -1.1998 0.1654 0.0895 -1.2604 0.1144 0.1356 -1.2531 0.1331 0.1172 -1.2527 0.1509 0.099 -1.2573 0.1668 0.0824 -1.2711 0.1422 0.1061
120.0 -1.3346 0.146 0.096 -1.282 0.0969 0.1514 -1.1681 0.1147 0.1445 -1.1608 0.1334 0.1261 -1.1687 0.1482 0.1102 -1.2016 0.1652 0.0896 -1.2596 0.1146 0.1355 -1.2524 0.1339 0.1165 -1.2519 0.151 0.099 -1.2556 0.167 0.0823 -1.2708 0.1425 0.1059
121.0 -1.3336 0.1455 0.0966 -1.2822 0.0981 0.1501 -1.1679 0.1135 0.1457 -1.1598 0.1329 0.1267 -1.1677 0.1477 0.1107 -1.2006 0.1647 0.0902 -1.2578 0.1148 0.1355 -1.2506 0.1335 0.1171 -1.2502 0.1513 0.0989 -1.2547 0.1671 0.0823 -1.2694 0.1424 0.1061
122.0 -1.3336 0.1455 0.0966 -1.2798 0.0947 0.1538 -1.1671 0.1142 0.1451 -1.1598 0.1329 0.1267 -1.167 0.1484 0.1101 -1.1996 0.1642 0.0907 -1.2578 0.1148 0.1355 -1.2507 0.1341 0.1165 -1.2502 0.1513 0.0989 -1.2538 0.1673 0.0822 -1.2692 0.1426 0.1059
123.0 -1.3375 0.1474 0.0942 -1.305 0.0877 0.1585 -1.1678 0.1129 0.1463 -1.1597 0.1323 0.1273 -1.1676 0.1471 0.1114 -1.1998 0.1654 0.0895 -1.2595 0.114 0.1362 -1.2514 0.1334 0.1171 -1.2502 0.1513 0.0989 -1.2547 0.1671 0.0823 -1.2706 0.1426 0.1057
124.0 -1.3349 0.1478 0.0941 -1.2995 0.0866 0.1602 -1.1671 0.1142 0.1451 -1.159 0.133 0.1266 -1.1677 0.1477 0.1107 -1.2016 0.1652 0.0896 -1.2578 0.1148 0.1355 -1.2507 0.1341 0.1165 -1.2503 0.1519 0.0983 -1.2538 0.1673 0.0822 -1.2695 0.1432 0.1053
125.0 -1.3337 0.1461 0.0959 -1.2749 0.1015 0.1474 -1.1654 0.1144 0.145 -1.1583 0.1343 0.1254 -1.1654 0.1493 0.1094 -1.1989 0.1649 0.0901 -1.2562 0.1156 0.1348 -1.249 0.1349 0.1158 -1.2495 0.1526 0.0977 -1.2539 0.1679 0.0816 -1.2685 0.1434 0.1052
126.0 -1.3337 0.1461 0.0959 -1.2735 0.1035 0.1454 -1.1654 0.1144 0.145 -1.1573 0.1333 0.1266 -1.1643 0.1482 0.1106 -1.1972 0.1651 0.09 -1.2544 0.1153 0.1353 -1.2488 0.1337 0.117 -1.2484 0.1515 0.0989 -1.2521 0.1675 0.0822 -1.2675 0.1428 0.1059
127.0 -1.3333 0.1486 0.0934 -1.2834 0.0949 0.1533 -1.1662 0.1137 0.1457 -1.1591 0.1336 0.126 -1.1678 0.1483 0.1101 -1.2 0.166 0.0889 -1.2562 0.1156 0.1348 -1.2489 0.1343 0.1164 -1.2485 0.1521 0.0983 -1.2522 0.1681 0.0815 -1.2678 0.1437 0.1049
128.0 -1.3372 0.1462 0.0955 -1.2992 0.0897 0.1571 -1.167 0.1136 0.1457 -1.1582 0.1337 0.126 -1.1654 0.1493 0.1094 -1.1973 0.1657 0.0894 -1.2544 0.1153 0.1353 -1.248 0.1338 0.117 -1.2484 0.1515 0.0989 -1.2538 0.1673 0.0822 -1.2684 0.1428 0.1058
129.0 -1.3367 0.1481 0.0936 -1.3082 0.086 0.1599 -1.1654 0.1144 0.145 -1.1584 0.1349 0.1247 -1.1665 0.1509 0.1076 -1.1992 0.1667 0.0882 -1.2555 0.1163 0.1341 -1.2482 0.135 0.1157 -1.2495 0.1526 0.0977 -1.2548 0.1677 0.0816 -1.2689 0.144 0.1045
130.0 -1.3283 0.1456 0.097 -1.2655 0.1034 0.1464 -1.1645 0.1146 0.145 -1.1563 0.1328 0.1272 -1.1632 0.1471 0.1118 -1.1973 0.1657 0.0894 -1.2544 0.1153 0.1353 -1.2471 0.134 0.1169 -1.2467 0.1517 0.0988 -1.2514 0.1682 0.0815 -1.2656 0.1429 0.1059
131.0 -1.3305 0.1477 0.0946 -1.2731 0.1017 0.1473 -1.1639 0.1159 0.1437 -1.1566 0.1346 0.1253 -1.1655 0.1499 0.1088 -1.1991 0.1661 0.0888 -1.2562 0.1156 0.1348 -1.2482 0.135 0.1157 -1.2478 0.1528 0.0976 -1.2515 0.1688 0.0809 -1.2668 0.144 0.1047
132.0 -1.3348 0.1472 0.0947 -1.2898 0.0915 0.1561 -1.1639 0.1159 0.1437 -1.156 0.1359 0.124 -1.1639 0.1513 0.1075 -1.1968 0.1682 0.0869 -1.2555 0.1163 0.1341 -1.2482 0.135 0.1157 -1.2486 0.1527 0.0976 -1.254 0.1684 0.081 -1.2682 0.1439 0.1046
133.0 -1.3331 0.1474 0.0947 -1.2926 0.0924 0.1549 -1.1637 0.1147 0.1449 -1.1558 0.1347 0.1253 -1.1636 0.1495 0.1093 -1.1965 0.1664 0.0887 -1.2554 0.1157 0.1347 -1.2482 0.135 0.1157 -1.2478 0.1528 0.0976 -1.2532 0.1686 0.081 -1.2675 0.1439 0.1047
134.0 -1.3341 0.1485 0.0935 -1.2957 0.0901 0.1569 -1.1627 0.1142 0.1455 -1.1541 0.1355 0.1246 -1.1639 0.1513 0.1075 -1.1982 0.1662 0.0888 -1.2546 0.1165 0.1341 -1.2474 0.1357 0.1151 -1.247 0.1535 0.097 -1.2516 0.1694 0.0803 -1.267 0.1447 0.104
135.0 -1.3259 0.1465 0.0963 -1.2694 0.1053 0.144 -1.163 0.116 0.1437 -1.1552 0.1366 0.1234 -1.1622 0.1515 0.1074 -1.1959 0.1678 0.0875 -1.2529 0.1167 0.134 -1.2457 0.136 0.115 -1.2461 0.153 0.0975 -1.2505 0.1683 0.0815 -1.2642 0.1441 0.1049
136.0 -1.334 0.1479 0.0941 -1.2951 0.0914 0.1556 -1.1621 0.1155 0.1442 -1.155 0.1354 0.1246 -1.1621 0.1509 0.108 -1.1966 0.167 0.0881 -1.2555 0.1163 0.1341 -1.2474 0.1357 0.1151 -1.247 0.1535 0.097 -1.2516 0.1694 0.0803 -1.2671 0.1446 0.1041
137.0 -1.3314 0.1482 0.094 -1.282 0.0969 0.1514 -1.1621 0.1155 0.1442 -1.1544 0.1367 0.1233 -1.1632 0.152 0.1068 -1.196 0.1683 0.0869 -1.2538 0.1166 0.1341 -1.2465 0.1353 0.1157 -1.247 0.1535 0.097 -1.2524 0.1693 0.0803 -1.2662 0.1446 0.1042
138.0 -1.3289 0.1486 0.0939 -1.2877 0.0943 0.1535 -1.1621 0.1155 0.1442 -1.1535 0.1368 0.1233 -1.1623 0.1521 0.1068 -1.195 0.1679 0.0874 -1.2519 0.1162 0.1346 -1.2439 0.1356 0.1156 -1.2443 0.1533 0.0975 -1.2489 0.1691 0.0808 -1.2636 0.1446 0.1045
139.0 -1.334 0.1479 0.0941 -1.3052 0.0889 0.1573 -1.1611 0.115 0.1448 -1.154 0.1349 0.1252 -1.1605 0.1518 0.1073 -1.1977 0.1681 0.0869 -1.2518 0.1156 0.1352 -1.2446 0.1349 0.1162 -1.2451 0.1526 0.0981 -1.2506 0.1689 0.0809 -1.2652 0.144 0.1049
140.0 -1.3316 0.1494 0.0927 -1.2879 0.0955 0.1522 -1.1613 0.1162 0.1436 -1.1517 0.1365 0.1239 -1.1615 0.1522 0.1068 -1.1952 0.1691 0.0862 -1.252 0.1168 0.134 -1.2448 0.1355 0.1156 -1.2443 0.1533 0.0975 -1.2499 0.1696 0.0802 -1.2645 0.1449 0.104
141.0 -1.3277 0.1469 0.0957 -1.2536 0.1105 0.1403 -1.1596 0.1165 0.1435 -1.1525 0.1363 0.1239 -1.1606 0.1524 0.1067 -1.1943 0.1686 0.0868 -1.2503 0.117 0.1339 -1.243 0.1357 0.1155 -1.2426 0.1535 0.0974 -1.2473 0.17 0.0801 -1.2622 0.1446 0.1045
142.0 -1.3245 0.1486 0.0943 -1.257 0.11 0.1404 -1.1613 0.1162 0.1436 -1.1553 0.1372 0.1227 -1.1621 0.1509 0.108 -1.1943 0.1686 0.0868 -1.2521 0.1174 0.1334 -1.244 0.1362 0.1149 -1.2436 0.154 0.0968 -1.2473 0.17 0.0801 -1.2623 0.1452 0.1039
143.0 -1.3295 0.1473 0.0952 -1.2578 0.1093 0.1411 -1.1597 0.117 0.1429 -1.1526 0.1369 0.1233 -1.1607 0.153 0.1061 -1.1935 0.1693 0.0861 -1.2512 0.1169 0.134 -1.2439 0.1356 0.1156 -1.2443 0.1533 0.0975 -1.249 0.1697 0.0802 -1.2636 0.1446 0.1045
144.0 -1.3309 0.1501 0.0921 -1.2869 0.095 0.1528 -1.1604 0.1157 0.1442 -1.1535 0.1368 0.1233 -1.1615 0.1522 0.1068 -1.1978 0.1687 0.0863 -1.2521 0.1174 0.1334 -1.2433 0.1375 0.1137 -1.2438 0.1552 0.0956 -1.2483 0.1711 0.0789 -1.2637 0.1463 0.1027
145.0 -1.3262 0.1483 0.0944 -1.2622 0.1093 0.1406 -1.1596 0.1165 0.1435 -1.1528 0.1381 0.122 -1.1607 0.153 0.1061 -1.1944 0.1692 0.0862 -1.2496 0.1177 0.1333 -1.2423 0.1364 0.1149 -1.2427 0.1541 0.0968 -1.2456 0.1702 0.08 -1.2613 0.1454 0.1039
146.0 -1.3263 0.1489 0.0938 -1.2612 0.1088 0.1412 -1.1595 0.1159 0.1441 -1.1525 0.1363 0.1239 -1.1587 0.1514 0.1079 -1.1916 0.1683 0.0873 -1.2505 0.1182 0.1327 -1.2432 0.1369 0.1143 -1.2428 0.1547 0.0962 -1.2457 0.1708 0.0794 -1.2617 0.1459 0.1033
147.0 -1.3254 0.149 0.0937 -1.2653 0.1071 0.1426 -1.1587 0.1166 0.1435 -1.1518 0.1371 0.1232 -1.158 0.1527 0.1066 -1.1924 0.1682 0.0873 -1.2489 0.1191 0.132 -1.2417 0.1383 0.113 -1.2412 0.1555 0.0955 -1.2448 0.1709 0.0794 -1.2604 0.1466 0.1027
148.0 -1.3245 0.1486 0.0943 -1.2551 0.114 0.1366 -1.1571 0.1174 0.1428 -1.151 0.1378 0.1226 -1.159 0.1532 0.106 -1.1953 0.1697 0.0856 -1.2479 0.1186 0.1326 -1.2415 0.1372 0.1142 -1.2411 0.1549 0.0961 -1.2448 0.1709 0.0794 -1.26 0.146 0.1033
149.0 -1.3246 0.1492 0.0937 -1.2602 0.1084 0.1418 -1.1581 0.1179 0.1422 -1.1509 0.1372 0.1232 -1.1589 0.1526 0.1067 -1.1925 0.1688 0.0867 -1.2497 0.1183 0.1327 -1.2417 0.1383 0.113 -1.2413 0.1561 0.0949 -1.2449 0.1715 0.0788 -1.2604 0.1467 0.1026
150.0 -1.3283 0.1505 0.092 -1.2821 0.0975 0.1508 -1.1579 0.1167 0.1435 -1.1508 0.1366 0.1238 -1.158 0.1527 0.1066 -1.1935 0.1693 0.0861 -1.2478 0.118 0.1332 -1.2407 0.1373 0.1142 -1.2411 0.1549 0.0961 -1.2458 0.1714 0.0788 -1.2607 0.1464 0.1029
151.0 -1.322 0.1495 0.0936 -1.2687 0.1066 0.1428 -1.1591 0.1184 0.1416 -1.1518 0.1371 0.1232 -1.158 0.1527 0.1066 -1.1917 0.1689 0.0867 -1.248 0.1192 0.132 -1.2408 0.1379 0.1136 -1.2404 0.1556 0.0954 -1.244 0.1716 0.0787 -1.259 0.1468 0.1027
152.0 -1.3301 0.1508 0.0914 -1.2965 0.0894 0.1576 -1.1587 0.1166 0.1435 -1.1498 0.1361 0.1244 -1.158 0.1527 0.1066 -1.1936 0.1699 0.0855 -1.2497 0.1183 0.1327 -1.2415 0.1372 0.1142 -1.2412 0.1555 0.0955 -1.2467 0.1719 0.0782 -1.2619 0.1468 0.1024
153.0 -1.3275 0.1506 0.0919 -1.2701 0.1046 0.1447 -1.1571 0.1174 0.1428 -1.1508 0.1366 0.1238 -1.158 0.1527 0.1066 -1.1926 0.1694 0.0861 -1.2479 0.1186 0.1326 -1.2408 0.1379 0.1136 -1.2404 0.1556 0.0954 -1.2449 0.1715 0.0788 -1.2603 0.1468 0.1025
154.0 -1.3264 0.1495 0.0932 -1.2614 0.11 0.14 -1.157 0.1168 0.1434 -1.1518 0.1371 0.1232 -1.1589 0.1526 0.1067 -1.1925 0.1688 0.0867 -1.2462 0.1188 0.1325 -1.2392 0.1387 0.1129 -1.2388 0.1565 0.0948 -1.2432 0.1717 0.0787 -1.2587 0.147 0.1024
155.0 -1.3256 0.1502 0.0925 -1.2551 0.114 0.1366 -1.1562 0.1169 0.1434 -1.1519 0.1377 0.1226 -1.158 0.1527 0.1066 -1.1941 0.168 0.0874 -1.2472 0.1193 0.1319 -1.241 0.1391 0.1123 -1.2405 0.1562 0.0948 -1.2432 0.1717 0.0787 -1.2595 0.1473 0.1021
156.0 -1.3212 0.1502 0.093 -1.277 0.1037 0.145 -1.1581 0.1179 0.1422 -1.1501 0.1373 0.1232 -1.1578 0.1515 0.1079 -1.1924 0.1682 0.0873 -1.248 0.1192 0.132 -1.24 0.1386 0.1129 -1.2396 0.1563 0.0948 -1.2432 0.1717 0.0787 -1.2584 0.1472 0.1023
157.0 -1.3257 0.1508 0.0919 -1.2589 0.111 0.1393 -1.158 0.1173 0.1428 -1.1511 0.1384 0.122 -1.1598 0.1525 0.1067 -1.1944 0.1692 0.0862 -1.248 0.1192 0.132 -1.2409 0.1385 0.113 -1.2405 0.1562 0.0948 -1.244 0.1716 0.0787 -1.2598 0.1473 0.1021
158.0 -1.3254 0.149 0.0937 -1.246 0.1127 0.1388 -1.1572 0.118 0.1422 -1.1511 0.1384 0.122 -1.158 0.1527 0.1066 -1.1926 0.1694 0.0861 -1.2479 0.1186 0.1326 -1.2408 0.1379 0.1136 -1.2404 0.1556 0.0954 -1.244 0.1716 0.0787 -1.2597 0.1466 0.1028
159.0 -1.3276 0.1512 0.0913 -1.2951 0.0914 0.1556 -1.1586 0.116 0.1441 -1.1517 0.1365 0.1239 -1.1579 0.1521 0.1072 -1.1962 0.1695 0.0856 -1.2462 0.1188 0.1325 -1.2381 0.1376 0.1141 -1.2378 0.156 0.0953 -1.2423 0.1719 0.0787 -1.2584 0.1471 0.1024
160.0 -1.3233 0.1518 0.0912 -1.2826 0.1005 0.1477 -1.1571 0.1174 0.1428 -1.1503 0.1385 0.1219 -1.1581 0.1533 0.106 -1.1935 0.1693 0.0861 -1.2489 0.1191 0.132 -1.2409 0.1385 0.113 -1.2405 0.1562 0.0948 -1.245 0.1721 0.0781 -1.2597 0.1475 0.1018
161.0 -1.3264 0.1495 0.0932 -1.2499 0.1098 0.1414 -1.1563 0.1175 0.1428 -1.15 0.1367 0.1238 -1.1562 0.1523 0.1072 -1.1917 0.1689 0.0867 -1.248 0.1192 0.132 -1.2408 0.1379 0.1136 -1.2404 0.1556 0.0954 -1.2442 0.1722 0.0781 -1.2599 0.1469 0.1024
162.0 -1.3252 0.1478 0.095 -1.2584 0.108 0.1424 -1.1572 0.118 0.1422 -1.1502 0.1379 0.1225 -1.1563 0.1529 0.1066 -1.1904 0.1715 0.0841 -1.248 0.1192 0.132 -1.2408 0.1379 0.1136 -1.2412 0.1555 0.0955 -1.2466 0.1713 0.0788 -1.2604 0.1463 0.103
163.0 -1.3247 0.1498 0.0931 -1.2608 0.1114 0.1387 -1.1571 0.1174 0.1428 -1.1509 0.1372 0.1232 -1.1588 0.152 0.1073 -1.1959 0.1678 0.0875 -1.2463 0.1194 0.1319 -1.2392 0.1387 0.1129 -1.2379 0.1566 0.0947 -1.2415 0.172 0.0786 -1.2579 0.1473 0.1022
164.0 -1.3212 0.1502 0.093 -1.267 0.1068 0.1427 -1.158 0.1173 0.1428 -1.1509 0.1372 0.1232 -1.1588 0.152 0.1073 -1.1908 0.169 0.0867 -1.2489 0.1191 0.132 -1.2417 0.1383 0.113 -1.2404 0.1556 0.0954 -1.244 0.1716 0.0787 -1.2593 0.147 0.1024
165.0 -1.3235 0.1481 0.0949 -1.2575 0.113 0.1373 -1.1571 0.1174 0.1428 -1.151 0.1378 0.1226 -1.158 0.1527 0.1066 -1.1925 0.1688 0.0867 -1.2479 0.1186 0.1326 -1.2399 0.138 0.1135 -1.2394 0.1552 0.096 -1.2431 0.1712 0.0793 -1.2588 0.1462 0.1033
166.0 -1.3244 0.148 0.095 -1.2415 0.117 0.1348 -1.1573 0.1186 0.1416 -1.1511 0.1384 0.122 -1.1599 0.1531 0.1061 -1.1961 0.1689 0.0862 -1.2498 0.1189 0.132 -1.2426 0.1382 0.113 -1.2422 0.156 0.0949 -1.2459 0.172 0.0782 -1.261 0.1466 0.1026
167.0 -1.3231 0.1506 0.0924 -1.253 0.1124 0.1384 -1.1571 0.1174 0.1428 -1.1519 0.1377 0.1226 -1.1589 0.1526 0.1067 -1.1917 0.1689 0.0867 -1.2464 0.12 0.1313 -1.24 0.1386 0.1129 -1.2396 0.1563 0.0948 -1.2414 0.1714 0.0792 -1.2581 0.1474 0.1021
168.0 -1.3246 0.1492 0.0937 -1.2642 0.1109 0.1388 -1.1579 0.1167 0.1435 -1.1518 0.1371 0.1232 -1.1588 0.152 0.1073 -1.1925 0.1688 0.0867 -1.2462 0.1188 0.1325 -1.2389 0.1375 0.1141 -1.2385 0.1553 0.096 -1.2431 0.1712 0.0793 -1.2583 0.1464 0.1031
169.0 -1.3228 0.1494 0.0936 -1.2686 0.106 0.1434 -1.1571 0.1174 0.1428 -1.1509 0.1372 0.1232 -1.1595 0.1513 0.1079 -1.1923 0.1676 0.088 -1.2488 0.1185 0.1326 -1.2408 0.1379 0.1136 -1.2395 0.1558 0.0954 -1.2422 0.1713 0.0793 -1.2588 0.1465 0.1029
170.0 -1.322 0.1495 0.0936 -1.2683 0.1042 0.1452 -1.158 0.1173 0.1428 -1.1498 0.1361 0.1244 -1.1571 0.1522 0.1072 -1.1917 0.1689 0.0867 -1.2479 0.1186 0.1326 -1.2398 0.1374 0.1142 -1.2393 0.1546 0.0967 -1.2439 0.171 0.0793 -1.2586 0.1462 0.1033
171.0 -1.3236 0.1487 0.0943 -1.2523 0.1131 0.1377 -1.157 0.1168 0.1434 -1.1508 0.1366 0.1238 -1.1587 0.1514 0.1079 -1.194 0.1674 0.088 -1.2478 0.118 0.1332 -1.2398 0.1374 0.1142 -1.2394 0.1552 0.096 -1.2422 0.1713 0.0793 -1.2586 0.1461 0.1034
172.0 -1.3235 0.1481 0.0949 -1.2607 0.1059 0.1443 -1.1571 0.1174 0.1428 -1.1498 0.1361 0.1244 -1.1571 0.1522 0.1072 -1.1908 0.169 0.0867 -1.247 0.1181 0.1332 -1.2388 0.1369 0.1147 -1.2384 0.1547 0.0966 -1.243 0.1706 0.0799 -1.2581 0.1457 0.1039
173.0 -1.3245 0.1486 0.0943 -1.2656 0.104 0.1458 -1.1569 0.1162 0.144 -1.1508 0.1366 0.1238 -1.1579 0.1521 0.1072 -1.1915 0.1677 0.0879 -1.2487 0.1179 0.1332 -1.2407 0.1373 0.1142 -1.2403 0.155 0.0961 -1.2447 0.1703 0.08 -1.2598 0.1458 0.1036
174.0 -1.3227 0.1488 0.0943 -1.2783 0.101 0.1475 -1.1586 0.116 0.1441 -1.1515 0.1353 0.1251 -1.1578 0.1515 0.1079 -1.1917 0.1689 0.0867 -1.2469 0.1175 0.1338 -1.2397 0.1368 0.1148 -1.2393 0.1546 0.0967 -1.2447 0.1703 0.08 -1.2587 0.1456 0.1039
175.0 -1.3271 0.1488 0.0938 -1.272 0.1001 0.1491 -1.1578 0.1161 0.1441 -1.1506 0.1354 0.1251 -1.1577 0.1509 0.1085 -1.1897 0.168 0.0879 -1.2503 0.117 0.1339 -1.2423 0.1364 0.1149 -1.241 0.1543 0.0967 -1.2448 0.1709 0.0794 -1.2611 0.1455 0.1037
176.0 -1.3253 0.1484 0.0944 -1.263 0.1043 0.1457 -1.1569 0.1162 0.144 -1.1508 0.1366 0.1238 -1.1587 0.1514 0.1079 -1.1923 0.1676 0.088 -1.2496 0.1177 0.1333 -1.2415 0.1372 0.1142 -1.242 0.1548 0.0961 -1.2457 0.1708 0.0794 -1.2608 0.1458 0.1035
177.0 -1.3188 0.1463 0.0972 -1.2486 0.1124 0.1389 -1.1579 0.1167 0.1435 -1.1515 0.1353 0.1251 -1.1577 0.1509 0.1085 -1.1922 0.167 0.0886 -1.247 0.1181 0.1332 -1.2397 0.1368 0.1148 -1.2393 0.1546 0.0967 -1.243 0.1706 0.0799 -1.2575 0.1453 0.1044
178.0 -1.3208 0.1478 0.0954 -1.2606 0.1053 0.1449 -1.1578 0.1161 0.1441 -1.1505 0.1348 0.1257 -1.1575 0.1497 0.1097 -1.1924 0.1682 0.0873 -1.2477 0.1174 0.1338 -1.2405 0.1361 0.1154 -1.2402 0.1544 0.0967 -1.2439 0.171 0.0793 -1.2586 0.1454 0.1041
179.0 -1.3219 0.1489 0.0942 -1.2588 0.1055 0.1449 -1.1579 0.1167 0.1435 -1.1505 0.1348 0.1257 -1.1584 0.1496 0.1098 -1.1907 0.1684 0.0873 -1.2513 0.1175 0.1333 -1.2441 0.1368 0.1143 -1.2428 0.1547 0.0962 -1.2457 0.1708 0.0794 -1.2612 0.1457 0.1035
180.0 -1.3229 0.15 0.093 -1.2767 0.1019 0.1468 -1.1585 0.1154 0.1447 -1.1507 0.136 0.1244 -1.1587 0.1514 0.1079 -1.1924 0.1682 0.0873 -1.2486 0.1173 0.1339 -1.2405 0.1361 0.1154 -1.2392 0.154 0.0973 -1.2437 0.1698 0.0806 -1.259 0.1454 0.104
181.0 -1.3181 0.1476 0.096 -1.2515 0.1089 0.1421 -1.1571 0.1174 0.1428 -1.1515 0.1353 0.1251 -1.1595 0.1513 0.1079 -1.1914 0.1671 0.0885 -1.247 0.1181 0.1332 -1.2406 0.1367 0.1148 -1.2402 0.1544 0.0967 -1.243 0.1706 0.0799 -1.2578 0.1455 0.1041
182.0 -1.322 0.1495 0.0936 -1.2696 0.1016 0.1478 -1.157 0.1168 0.1434 -1.1497 0.1355 0.125 -1.1569 0.151 0.1084 -1.1924 0.1682 0.0873 -1.2478 0.118 0.1332 -1.2406 0.1367 0.1148 -1.2402 0.1544 0.0967 -1.2447 0.1703 0.08 -1.259 0.1458 0.1037
183.0 -1.3172 0.1471 0.0965 -1.2482 0.11 0.1413 -1.1571 0.1174 0.1428 -1.1495 0.1343 0.1263 -1.1559 0.1505 0.109 -1.1896 0.1674 0.0885 -1.2469 0.1175 0.1338 -1.2396 0.1362 0.1154 -1.2392 0.154 0.0973 -1.2429 0.17 0.0806 -1.2571 0.1449 0.1047
184.0 -1.3209 0.1484 0.0948 -1.2678 0.1012 0.1483 -1.1578 0.1161 0.1441 -1.1488 0.135 0.1256 -1.1584 0.1496 0.1098 -1.1915 0.1677 0.0879 -1.2476 0.1168 0.1344 -1.2404 0.1355 0.1161 -1.2408 0.1531 0.098 -1.2447 0.1703 0.08 -1.2589 0.1448 0.1047
185.0 -1.3188 0.1463 0.0972 -1.2452 0.1128 0.1387 -1.157 0.1168 0.1434 -1.1497 0.1355 0.125 -1.157 0.1516 0.1078 -1.1917 0.1689 0.0867 -1.2476 0.1168 0.1344 -1.2404 0.1355 0.1161 -1.2401 0.1538 0.0973 -1.2437 0.1698 0.0806 -1.2581 0.1444 0.1051
186.0 -1.3211 0.1496 0.0936 -1.274 0.1016 0.1473 -1.157 0.1168 0.1434 -1.1497 0.1355 0.125 -1.157 0.1516 0.1078 -1.1907 0.1684 0.0873 -1.246 0.1176 0.1338 -1.2387 0.1363 0.1154 -1.2392 0.154 0.0973 -1.2429 0.17 0.0806 -1.2576 0.1455 0.1041
187.0 -1.321 0.149 0.0942 -1.2675 0.1049 0.1446 -1.1569 0.1162 0.144 -1.1491 0.1368 0.1238 -1.1578 0.1515 0.1079 -1.1906 0.1679 0.0879 -1.2478 0.118 0.1332 -1.2397 0.1368 0.1148 -1.2393 0.1546 0.0967 -1.2437 0.1698 0.0806 -1.2583 0.1456 0.1039
188.0 -1.3227 0.1488 0.0943 -1.2515 0.1089 0.1421 -1.1562 0.1169 0.1434 -1.149 0.1362 0.1244 -1.1553 0.1519 0.1078 -1.1897 0.168 0.0879 -1.2478 0.118 0.1332 -1.2407 0.1373 0.1142 -1.2403 0.155 0.0961 -1.2438 0.1704 0.08 -1.2591 0.1459 0.1035
189.0 -1.3215 0.1465 0.0967 -1.253 0.1075 0.1434 -1.1563 0.1175 0.1428 -1.148 0.1357 0.125 -1.157 0.1516 0.1078 -1.1905 0.1673 0.0885 -1.2469 0.1175 0.1338 -1.2405 0.1361 0.1154 -1.2401 0.1538 0.0973 -1.2429 0.17 0.0806 -1.2583 0.1448 0.1048
190.0 -1.3207 0.1472 0.0961 -1.2516 0.1095 0.1415 -1.1563 0.1175 0.1428 -1.1489 0.1356 0.125 -1.1559 0.1505 0.109 -1.1896 0.1674 0.0885 -1.2477 0.1174 0.1338 -1.2405 0.1361 0.1154 -1.2392 0.154 0.0973 -1.242 0.1701 0.0805 -1.258 0.1449 0.1046
191.0 -1.3194 0.1499 0.0935 -1.2787 0.0985 0.15 -1.157 0.1168 0.1434 -1.1479 0.1351 0.1256 -1.1568 0.1504 0.1091 -1.1908 0.169 0.0867 -1.2469 0.1175 0.1338 -1.2386 0.1357 0.116 -1.2383 0.1541 0.0972 -1.243 0.1706 0.0799 -1.2572 0.1455 0.1041
192.0 -1.3209 0.1484 0.0948 -1.2566 0.1076 0.1429 -1.1562 0.1169 0.1434 -1.149 0.1362 0.1244 -1.1569 0.151 0.1084 -1.1889 0.1681 0.0878 -1.247 0.1181 0.1332 -1.2397 0.1368 0.1148 -1.2393 0.1546 0.0967 -1.2438 0.1704 0.08 -1.2581 0.1457 0.1039
193.0 -1.3192 0.1487 0.0948 -1.2586 0.1043 0.1461 -1.1562 0.1169 0.1434 -1.1489 0.1356 0.125 -1.1559 0.1505 0.109 -1.1906 0.1679 0.0879 -1.2469 0.1175 0.1338 -1.2396 0.1362 0.1154 -1.2392 0.154 0.0973 -1.2429 0.17 0.0806 -1.2575 0.1453 0.1044
194.0 -1.3226 0.1482 0.0949 -1.2616 0.1063 0.1437 -1.1563 0.1175 0.1428 -1.1489 0.1356 0.125 -1.1568 0.1504 0.1091 -1.19 0.1692 0.0866 -1.2477 0.1174 0.1338 -1.2396 0.1362 0.1154 -1.2401 0.1538 0.0973 -1.2438 0.1704 0.08 -1.2588 0.1452 0.1043
195.0 -1.3227 0.1488 0.0943 -1.2711 0.1002 0.1491 -1.1562 0.1169 0.1434 -1.149 0.1362 0.1244 -1.1577 0.1509 0.1085 -1.19 0.1692 0.0866 -1.2476 0.1168 0.1344 -1.2396 0.1362 0.1154 -1.2401 0.1538 0.0973 -1.2438 0.1704 0.08 -1.2588 0.1452 0.1043
196.0 -1.3185 0.15 0.0935 -1.2579 0.105 0.1455 -1.1569 0.1162 0.144 -1.1497 0.1355 0.125 -1.1567 0.1498 0.1097 -1.189 0.1687 0.0872 -1.2468 0.1169 0.1344 -1.2396 0.1362 0.1154 -1.2392 0.154 0.0973 -1.2438 0.1704 0.08 -1.2576 0.1455 0.1041
197.0 -1.321 0.149 0.0942 -1.2701 0.1046 0.1447 -1.1562 0.1169 0.1434 -1.1497 0.1355 0.125 -1.1568 0.1504 0.1091 -1.1913 0.1665 0.0892 -1.246 0.1176 0.1338 -1.2388 0.1369 0.1147 -1.2384 0.1547 0.0966 -1.243 0.1706 0.0799 -1.2575 0.1458 0.1039
198.0 -1.3193 0.1493 0.0941 -1.2657 0.1046 0.1451 -1.1578 0.1161 0.1441 -1.1496 0.1349 0.1257 -1.1575 0.1497 0.1097 -1.1881 0.1688 0.0872 -1.246 0.1176 0.1338 -1.2387 0.1363 0.1154 -1.2392 0.154 0.0973 -1.2447 0.1703 0.08 -1.2576 0.1455 0.1041
199.0 -1.3227 0.1488 0.0943 -1.271 0.1045 0.1447 -1.1568 0.1156 0.1447 -1.1495 0.1343 0.1263 -1.1566 0.1492 0.1103 -1.1879 0.1676 0.0884 -1.2468 0.1169 0.1344 -1.2396 0.1362 0.1154 -1.2392 0.154 0.0973 -1.243 0.1706 0.0799 -1.2583 0.1453 0.1043
200.0 -1.3262 0.1483 0.0944 -1.2596 0.1048 0.1455 -1.1561 0.1163 0.144 -1.149 0.1362 0.1244 -1.157 0.1516 0.1078 -1.1904 0.1667 0.0891 -1.2477 0.1174 0.1338 -1.2406 0.1367 0.1148 -1.2402 0.1544 0.0967 -1.2438 0.1704 0.08 -1.2597 0.1455 0.1039
201.0 -1.3207 0.1472 0.0961 -1.259 0.1061 0.1443 -1.1571 0.1174 0.1428 -1.1487 0.1344 0.1262 -1.1558 0.15 0.1097 -1.1905 0.1673 0.0885 -1.2477 0.1174 0.1338 -1.2405 0.1361 0.1154 -1.2392 0.154 0.0973 -1.2429 0.17 0.0806 -1.2582 0.1449 0.1046
202.0 -1.3184 0.1494 0.0941 -1.2623 0.105 0.145 -1.157 0.1168 0.1434 -1.1498 0.1361 0.1244 -1.1568 0.1504 0.1091 -1.1891 0.1693 0.0866 -1.247 0.1181 0.1332 -1.2397 0.1368 0.1148 -1.2402 0.1544 0.0967 -1.2447 0.1703 0.08 -1.258 0.1458 0.1037
203.0 -1.3246 0.1492 0.0937 -1.2749 0.1015 0.1474 -1.1569 0.1162 0.144 -1.15 0.1367 0.1238 -1.1571 0.1522 0.1072 -1.1897 0.168 0.0879 -1.247 0.1181 0.1332 -1.2388 0.1369 0.1147 -1.2393 0.1546 0.0967 -1.2448 0.1709 0.0794 -1.2589 0.1459 0.1035
204.0 -1.3237 0.1493 0.0937 -1.2768 0.1025 0.1462 -1.157 0.1168 0.1434 -1.15 0.1367 0.1238 -1.1578 0.1515 0.1079 -1.189 0.1687 0.0872 -1.2487 0.1179 0.1332 -1.2398 0.1374 0.1142 -1.2403 0.155 0.0961 -1.2448 0.1709 0.0794 -1.2595 0.1461 0.1033
205.0 -1.3249 0.1509 0.0918 -1.2792 0.1009 0.1475 -1.1578 0.1161 0.1441 -1.1498 0.1361 0.1244 -1.1577 0.1509 0.1085 -1.1916 0.1683 0.0873 -1.2487 0.1179 0.1332 -1.2407 0.1373 0.1142 -1.2403 0.155 0.0961 -1.2439 0.171 0.0793 -1.2597 0.1464 0.1029
206.0 -1.3226 0.1482 0.0949 -1.2622 0.1093 0.1406 -1.1579 0.1167 0.1435 -1.1507 0.136 0.1244 -1.1577 0.1509 0.1085 -1.1906 0.1679 0.0879 -1.2477 0.1174 0.1338 -1.2396 0.1362 0.1154 -1.2392 0.154 0.0973 -1.2437 0.1698 0.0806 -1.2586 0.1451 0.1044
207.0 -1.3236 0.1487 0.0943 -1.2696 0.1065 0.1428 -1.1579 0.1167 0.1435 -1.1506 0.1354 0.1251 -1.157 0.1516 0.1078 -1.1889 0.1681 0.0878 -1.2496 0.1177 0.1333 -1.2414 0.1366 0.1148 -1.2402 0.1544 0.0967 -1.2447 0.1703 0.08 -1.2599 0.1456 0.1038
208.0 -1.3233 0.1469 0.0962 -1.2594 0.1085 0.1418 -1.1587 0.1166 0.1435 -1.1507 0.136 0.1244 -1.1569 0.151 0.1084 -1.1907 0.1684 0.0873 -1.2495 0.1172 0.1339 -1.2413 0.136 0.1155 -1.241 0.1543 0.0967 -1.2447 0.1703 0.08 -1.26 0.1449 0.1044
209.0 -1.321 0.149 0.0942 -1.2746 0.1052 0.1436 -1.158 0.1173 0.1428 -1.1509 0.1372 0.1232 -1.1587 0.1514 0.1079 -1.1915 0.1677 0.0879 -1.2479 0.1186 0.1326 -1.2398 0.1374 0.1142 -1.2394 0.1552 0.096 -1.2431 0.1712 0.0793 -1.2583 0.1463 0.1033
210.0 -1.3228 0.1494 0.0936 -1.2566 0.1125 0.1379 -1.1588 0.1172 0.1429 -1.1517 0.1365 0.1239 -1.1586 0.1508 0.1085 -1.1934 0.1687 0.0868 -1.2496 0.1177 0.1333 -1.2431 0.1363 0.1149 -1.2419 0.1542 0.0968 -1.2447 0.1703 0.08 -1.2604 0.1456 0.1037
211.0 -1.3206 0.1466 0.0967 -1.2596 0.1097 0.1405 -1.159 0.1178 0.1423 -1.1517 0.1365 0.1239 -1.1571 0.1522 0.1072 -1.1898 0.1686 0.0872 -1.2479 0.1186 0.1326 -1.2407 0.1373 0.1142 -1.2402 0.1544 0.0967 -1.2447 0.1703 0.08 -1.2588 0.1455 0.104
212.0 -1.3237 0.1493 0.0937 -1.2674 0.1092 0.1402 -1.1596 0.1165 0.1435 -1.1518 0.1371 0.1232 -1.1595 0.1513 0.1079 -1.1925 0.1688 0.0867 -1.2505 0.1182 0.1327 -1.2415 0.1372 0.1142 -1.2403 0.155 0.0961 -1.2439 0.171 0.0793 -1.26 0.1461 0.1032
213.0 -1.3264 0.1495 0.0932 -1.2789 0.1046 0.1438 -1.1595 0.1159 0.1441 -1.1525 0.1363 0.1239 -1.1597 0.1519 0.1073 -1.1933 0.1681 0.0874 -1.2487 0.1179 0.1332 -1.2406 0.1367 0.1148 -1.2402 0.1544 0.0967 -1.2447 0.1703 0.08 -1.2601 0.1458 0.1036
214.0 -1.3234 0.1475 0.0955 -1.2486 0.1173 0.1339 -1.1588 0.1172 0.1429 -1.1527 0.1375 0.1226 -1.1589 0.1526 0.1067 -1.1916 0.1683 0.0873 -1.2472 0.1193 0.1319 -1.2399 0.138 0.1135 -1.2394 0.1552 0.096 -1.2421 0.1707 0.0799 -1.2584 0.1461 0.1034
215.0 -1.3225 0.1525 0.0905 -1.278 0.1041 0.1444 -1.1607 0.1175 0.1423 -1.1536 0.1374 0.1227 -1.1605 0.1518 0.1073 -1.1936 0.1699 0.0855 -1.248 0.1192 0.132 -1.24 0.1386 0.1129 -1.2396 0.1563 0.0948 -1.2433 0.1723 0.0781 -1.2587 0.1478 0.1017
216.0 -1.3231 0.1506 0.0924 -1.2551 0.114 0.1366 -1.1598 0.1176 0.1423 -1.1526 0.1369 0.1233 -1.1595 0.1513 0.1079 -1.1908 0.169 0.0867 -1.2499 0.1195 0.1314 -1.2417 0.1383 0.113 -1.2404 0.1556 0.0954 -1.244 0.1716 0.0787 -1.2598 0.1471 0.1022
217.0 -1.3166 0.149 0.0947 -1.2395 0.1203 0.1316 -1.1592 0.119 0.141 -1.152 0.1382 0.122 -1.1589 0.1526 0.1067 -1.1938 0.1711 0.0843 -1.2491 0.1203 0.1308 -1.2427 0.1388 0.1124 -1.2413 0.1561 0.0949 -1.2432 0.1717 0.0787 -1.2586 0.1472 0.1023
218.0 -1.3168 0.1502 0.0934 -1.246 0.1176 0.1338 -1.1593 0.1196 0.1404 -1.1518 0.1371 0.1232 -1.1579 0.1521 0.1072 -1.1927 0.17 0.0855 -1.2466 0.1212 0.13 -1.2393 0.1393 0.1123 -1.2396 0.1563 0.0948 -1.2434 0.1729 0.0775 -1.2571 0.148 0.1016
219.0 -1.3224 0.1519 0.0911 -1.2623 0.1099 0.14 -1.1582 0.1185 0.1416 -1.1509 0.1372 0.1232 -1.1581 0.1533 0.106 -1.191 0.1702 0.0854 -1.2467 0.1218 0.1294 -1.2395 0.1405 0.111 -1.2391 0.1583 0.0929 -1.2436 0.1741 0.0762 -1.2583 0.1493 0.1001
220.0 -1.3202 0.1546 0.0885 -1.2623 0.1099 0.14 -1.1593 0.1196 0.1404 -1.1512 0.139 0.1213 -1.1581 0.1533 0.106 -1.191 0.1702 0.0854 -1.2494 0.122 0.1289 -1.2413 0.1409 0.1105 -1.24 0.1587 0.0923 -1.2427 0.1743 0.0762 -1.2587 0.1501 0.0993
221.0 -1.3189 0.1518 0.0916 -1.2391 0.1185 0.1335 -1.1575 0.1198 0.1403 -1.1509 0.1372 0.1232 -1.1562 0.1523 0.1072 -1.1884 0.1706 0.0853 -1.2478 0.1229 0.1282 -1.2404 0.141 0.1104 -1.2399 0.1581 0.0929 -1.2437 0.1747 0.0756 -1.2581 0.1497 0.0998
222.0 -1.3178 0.1556 0.0878 -1.248 0.1137 0.1376 -1.1584 0.1197 0.1404 -1.1503 0.1385 0.1219 -1.1581 0.1533 0.106 -1.1894 0.1711 0.0847 -1.2489 0.1239 0.127 -1.2406 0.1422 0.1092 -1.2402 0.1599 0.0911 -1.2431 0.176 0.0743 -1.2581 0.1515 0.0979
223.0 -1.3193 0.1541 0.0891 -1.2415 0.1219 0.1298 -1.1585 0.1203 0.1397 -1.1521 0.1388 0.1214 -1.1572 0.1528 0.1066 -1.1892 0.1699 0.086 -1.2472 0.1242 0.1269 -1.2389 0.1424 0.1091 -1.2384 0.1596 0.0916 -1.2404 0.1758 0.0748 -1.2568 0.1512 0.0983
224.0 -1.3128 0.1575 0.0864 -1.2399 0.1227 0.1291 -1.1582 0.1234 0.1366 -1.1513 0.1396 0.1207 -1.1568 0.1559 0.1034 -1.189 0.1736 0.0822 -1.2479 0.1284 0.1226 -1.2397 0.1466 0.1048 -1.2383 0.1639 0.0872 -1.2401 0.1795 0.0711 -1.2558 0.1551 0.0944
225.0 -1.3179 0.1611 0.0822 -1.2562 0.1205 0.1298 -1.1581 0.1228 0.1372 -1.1508 0.1415 0.1188 -1.1561 0.1566 0.1028 -1.1876 0.1756 0.0803 -1.2463 0.1292 0.1219 -1.238 0.1474 0.1041 -1.2375 0.1646 0.0866 -1.2411 0.18 0.0705 -1.2562 0.1564 0.0931
226.0 -1.3146 0.1578 0.0858 -1.2381 0.1278 0.1241 -1.1565 0.1236 0.1365 -1.1506 0.1403 0.1201 -1.1552 0.1567 0.1028 -1.1866 0.1751 0.0809 -1.2464 0.1298 0.1213 -1.2389 0.1473 0.1041 -1.2375 0.1646 0.0866 -1.2412 0.1806 0.0699 -1.2557 0.156 0.0935
227.0 -1.3163 0.1625 0.0809 -1.2617 0.1216 0.1281 -1.1582 0.1234 0.1366 -1.1499 0.1416 0.1188 -1.1547 0.1587 0.1009 -1.1877 0.1762 0.0797 -1.2448 0.1306 0.1206 -1.2357 0.1489 0.1028 -1.2352 0.1661 0.0853 -1.2388 0.1821 0.0685 -1.2542 0.1581 0.0916
228.0 -1.3126 0.1612 0.0826 -1.2302 0.1326 0.12 -1.1559 0.1255 0.1346 -1.15 0.1422 0.1182 -1.1546 0.1581 0.1015 -1.1857 0.1752 0.0808 -1.2459 0.1323 0.1188 -1.2377 0.1505 0.101 -1.2362 0.1672 0.084 -1.2382 0.1834 0.0673 -1.2541 0.1589 0.0907
229.0 -1.3132 0.1647 0.0789 -1.2395 0.1307 0.121 -1.1551 0.1256 0.1346 -1.148 0.1455 0.115 -1.1541 0.1606 0.099 -1.1879 0.1774 0.0784 -1.2443 0.1331 0.1181 -1.2352 0.1514 0.1002 -1.2339 0.1687 0.0827 -1.2357 0.1844 0.0665 -1.2525 0.1605 0.0893
230.0 -1.3181 0.1677 0.0754 -1.2411 0.1299 0.1217 -1.1541 0.1251 0.1352 -1.1485 0.1436 0.1169 -1.1533 0.1607 0.0989 -1.1855 0.1789 0.0771 -1.2444 0.1337 0.1175 -1.2353 0.152 0.0996 -1.234 0.1693 0.0821 -1.2359 0.1856 0.0653 -1.2536 0.1617 0.088
231.0 -1.327 0.1733 0.0688 -1.2786 0.123 0.125 -1.154 0.1245 0.1358 -1.1459 0.144 0.1168 -1.1543 0.1618 0.0977 -1.1857 0.1801 0.0758 -1.2456 0.1354 0.1156 -1.2349 0.1545 0.0971 -1.2327 0.1719 0.0795 -1.2364 0.1879 0.0628 -1.2553 0.1646 0.0848
232.0 -1.3178 0.1708 0.0722 -1.2397 0.1319 0.1198 -1.1534 0.1264 0.1339 -1.1451 0.1441 0.1167 -1.1499 0.1617 0.0982 -1.1824 0.1812 0.0751 -1.2422 0.1358 0.1155 -1.2322 0.1543 0.0976 -1.2291 0.1718 0.08 -1.2321 0.1885 0.0626 -1.2507 0.1643 0.0856
233.0 -1.3143 0.1707 0.0727 -1.2435 0.1332 0.118 -1.1518 0.1273 0.1332 -1.1464 0.1463 0.1143 -1.1519 0.1627 0.097 -1.1831 0.1805 0.0757 -1.2372 0.1377 0.1141 -1.228 0.1555 0.0968 -1.2265 0.1722 0.0799 -1.2285 0.1884 0.0631 -1.2469 0.1649 0.0853
234.0 -1.3086 0.1733 0.0706 -1.245 0.1318 0.1194 -1.1529 0.1284 0.132 -1.1444 0.1454 0.1155 -1.1491 0.1619 0.0982 -1.1782 0.1824 0.0743 -1.235 0.1399 0.1121 -1.2265 0.1569 0.0955 -1.225 0.1736 0.0786 -1.2288 0.1902 0.0613 -1.2448 0.1668 0.0836
235.0 -1.3067 0.1729 0.0712 -1.2257 0.1423 0.1105 -1.1505 0.1299 0.1307 -1.1428 0.1462 0.1148 -1.1475 0.1627 0.0975 -1.1766 0.1832 0.0736 -1.237 0.1414 0.1103 -1.2288 0.1596 0.0925 -1.2264 0.1765 0.0755 -1.2291 0.192 0.0594 -1.2456 0.1685 0.0818
236.0 -1.3121 0.1783 0.0651 -1.2369 0.1408 0.1109 -1.1497 0.13 0.1306 -1.1421 0.1469 0.1141 -1.1475 0.1627 0.0975 -1.1751 0.1846 0.0723 -1.2371 0.142 0.1097 -1.227 0.1599 0.0924 -1.2249 0.1779 0.0742 -1.2287 0.1945 0.0569 -1.246 0.1705 0.0797
237.0 -1.3095 0.1787 0.065 -1.2371 0.142 0.1097 -1.149 0.1313 0.1294 -1.1414 0.1482 0.1128 -1.1468 0.164 0.0962 -1.1751 0.1846 0.0723 -1.232 0.1433 0.1089 -1.222 0.1612 0.0916 -1.2206 0.1785 0.0741 -1.2245 0.1956 0.0561 -1.2417 0.1715 0.0791
238.0 -1.3046 0.1806 0.0636 -1.2289 0.1456 0.1069 -1.1474 0.1321 0.1287 -1.1414 0.1482 0.1128 -1.1445 0.1655 0.0948 -1.1736 0.186 0.071 -1.2307 0.1459 0.1063 -1.2214 0.1631 0.0897 -1.2183 0.1806 0.0721 -1.2213 0.1973 0.0547 -1.2393 0.1735 0.0773
238.0 -0.866 0.0174 0.2739 -0.8103 0.0763 0.2193 -0.8099 0.0739 0.2218 -0.8089 0.0679 0.228 -0.8077 0.0613 0.2348 -0.8066 0.0548 0.2416 -0.8056 0.0494 0.2472 -0.8044 0.0422 0.2547 -0.8032 0.0357 0.2615 -0.8023 0.0303 0.2671 -0.8163 0.035 0.2609
239.0 -1.2997 0.1831 0.0615 -1.2246 0.1462 0.1067 -1.1466 0.1329 0.128 -1.1398 0.1491 0.1122 -1.1426 0.1652 0.0954 -1.1712 0.1876 0.0697 -1.2284 0.1475 0.105 -1.2191 0.1646 0.0884 -1.2168 0.182 0.0708 -1.219 0.1994 0.0528 -1.2366 0.1753 0.0757
239.0 -0.8708 0.0143 0.2766 -0.7988 0.0106 0.2875 -0.8056 0.0494 0.2472 -0.8085 0.0655 0.2305 -0.8107 0.078 0.2174 -0.8128 0.09 0.205 -0.8028 0.0333 0.264 -0.8067 0.0456 0.251 -0.8197 0.0542 0.2409 -0.8357 0.06 0.2334 -0.8271 0.0415 0.2532
240.0 -1.2983 0.1851 0.0596 -1.2215 0.1484 0.1047 -1.1451 0.1343 0.1267 -1.1383 0.1505 0.1108 -1.1419 0.1659 0.0948 -1.1689 0.1897 0.0677 -1.2278 0.1494 0.1031 -1.2186 0.1671 0.0859 -1.2164 0.1845 0.0683 -1.2194 0.2018 0.0503 -1.2361 0.1776 0.0734
240.0 -0.8743 0.0145 0.2761 -0.7982 0.007 0.2913 -0.8055 0.0488 0.2478 -0.8086 0.0661 0.2298 -0.8111 0.0804 0.215 -0.813 0.0912 0.2038 -0.8032 0.0357 0.2615 -0.812 0.0455 0.2506 -0.8248 0.0535 0.2411 -0.8416 0.0586 0.2342 -0.8312 0.0416 0.2527
241.0 -1.2929 0.1895 0.0556 -1.2166 0.1503 0.1033 -1.1443 0.1344 0.1267 -1.1374 0.1506 0.1108 -1.1403 0.1667 0.0941 -1.1689 0.1897 0.0677 -1.2256 0.1515 0.1011 -1.2164 0.1693 0.0839 -1.2141 0.1867 0.0663 -1.2162 0.2035 0.0489 -1.233 0.1801 0.0712
241.0 -0.8884 0.0144 0.2748 -0.7983 0.0076 0.2906 -0.804 0.0399 0.2571 -0.8082 0.0637 0.2323 -0.8107 0.078 0.2174 -0.8213 0.0888 0.2054 -0.8124 0.0326 0.2637 -0.8206 0.0443 0.2509 -0.8334 0.0524 0.2414 -0.851 0.0573 0.2346 -0.8412 0.0402 0.2531
242.0 -0.9202 0.0101 0.276 -0.8033 0.0009 0.2971 -0.8054 0.0482 0.2485 -0.8091 0.0691 0.2267 -0.813 0.0814 0.2138 -0.851 0.0824 0.209 -0.8434 0.029 0.2643 -0.8533 0.0405 0.2516 -0.8669 0.0478 0.2427 -0.8844 0.0522 0.2365 -0.8737 0.0359 0.2542
242.0 -1.2783 0.2067 0.0395 -1.2215 0.1582 0.0947 -1.1403 0.1417 0.1197 -1.1315 0.1569 0.105 -1.1387 0.173 0.0878 -1.1614 0.1968 0.0612 -1.2206 0.1632 0.0897 -1.2069 0.1803 0.0735 -1.2012 0.1982 0.0558 -1.2007 0.2154 0.0383 -1.2215 0.1928 0.0594
243.0 -0.9271 0.0098 0.2757 -0.8068 0.001 0.2966 -0.8053 0.0476 0.2491 -0.8092 0.0697 0.2261 -0.8224 0.0795 0.2148 -0.8585 0.0801 0.2105 -0.8518 0.0267 0.2659 -0.8609 0.0383 0.2531 -0.8746 0.0462 0.2436 -0.8913 0.0513 0.2368 -0.8811 0.0344 0.255
243.0 -1.2711 0.2107 0.0361 -1.2279 0.1598 0.0925 -1.1369 0.1427 0.1189 -1.1305 0.1564 0.1056 -1.1371 0.1739 0.0871 -1.1616 0.198 0.0599 -1.2165 0.165 0.0883 -1.2012 0.1829 0.0714 -1.1955 0.2008 0.0537 -1.1949 0.2174 0.0369 -1.2158 0.1954 0.0573
244.0 -0.9356 0.008 0.2766 -0.8162 -0.0009 0.2976 -0.8052 0.047 0.2497 -0.8092 0.0697 0.2261 -0.8292 0.0786 0.215 -0.8653 0.0786 0.2114 -0.8594 0.025 0.2668 -0.8685 0.0366 0.254 -0.883 0.0439 0.2452 -0.8997 0.0489 0.2384 -0.8892 0.0325 0.2562
244.0 -1.2711 0.2107 0.0361 -1.2082 0.1679 0.0861 -1.1346 0.1443 0.1176 -1.1291 0.1584 0.1036 -1.1355 0.1747 0.0864 -1.159 0.1984 0.0598 -1.2159 0.1669 0.0864 -1.2007 0.1854 0.0689 -1.1941 0.2028 0.0518 -1.1926 0.2195 0.0349 -1.2149 0.1971 0.0556
245.0 -0.9417 0.0078 0.2762 -0.8184 -0.003 0.2995 -0.8053 0.0476 0.2491 -0.8108 0.0689 0.2268 -0.835 0.0766 0.2165 -0.8721 0.0771 0.2123 -0.8646 0.0243 0.267 -0.8745 0.0358 0.2543 -0.8882 0.0438 0.2448 -0.9058 0.0487 0.238 -0.895 0.0321 0.256
245.0 -1.2655 0.2139 0.0333 -1.2108 0.1676 0.0862 -1.1348 0.1455 0.1163 -1.1294 0.1602 0.1018 -1.1357 0.1759 0.0851 -1.1556 0.1988 0.0597 -1.2146 0.1695 0.0838 -1.2003 0.1879 0.0664 -1.1928 0.2054 0.0493 -1.1902 0.221 0.0335 -1.2127 0.1996 0.0533
246.0 -0.9521 0.0064 0.2766 -0.8294 -0.0057 0.3012 -0.8163 0.0449 0.2508 -0.8235 0.0659 0.2285 -0.8443 0.0741 0.2181 -0.8797 0.0754 0.2132 -0.8757 0.0222 0.268 -0.8847 0.0338 0.2553 -0.8985 0.0424 0.2452 -0.9153 0.0474 0.2383 -0.9052 0.0305 0.2567
246.0 -1.2569 0.2249 0.023 -1.2344 0.1668 0.0846 -1.1358 0.1465 0.1151 -1.1278 0.1611 0.1011 -1.1352 0.1778 0.0832 -1.1527 0.2023 0.0564 -1.2099 0.1726 0.0811 -1.1952 0.1892 0.0656 -1.1877 0.2067 0.0484 -1.1853 0.2229 0.0321 -1.207 0.2033 0.0501
247.0 -0.9632 0.0049 0.2771 -0.8368 -0.0086 0.3034 -0.8251 0.0449 0.2498 -0.831 0.0637 0.2301 -0.8528 0.0724 0.2191 -0.8873 0.0738 0.2142 -0.8841 0.0205 0.269 -0.8933 0.0327 0.2556 -0.9062 0.0407 0.2461 -0.923 0.0464 0.2386 -0.914 0.029 0.2573
247.0 -1.252 0.2268 0.0216 -1.2011 0.1725 0.0821 -1.1317 0.1477 0.1143 -1.1263 0.1625 0.0998 -1.1318 0.1788 0.0825 -1.1536 0.2028 0.0559 -1.2077 0.1753 0.0786 -1.1921 0.1915 0.0636 -1.1837 0.2085 0.047 -1.1811 0.2241 0.0313 -1.2033 0.2052 0.0484
248.0 -0.9709 0.0033 0.278 -0.8445 -0.0102 0.3043 -0.8324 0.0415 0.2526 -0.8385 0.0615 0.2316 -0.8595 0.0708 0.22 -0.8942 0.0729 0.2144 -0.8918 0.0188 0.2699 -0.9008 0.0304 0.2572 -0.9138 0.0391 0.247 -0.9306 0.0447 0.2396 -0.9216 0.0273 0.2583
248.0 -1.2463 0.2294 0.0195 -1.1926 0.1694 0.0861 -1.1302 0.1497 0.1124 -1.1229 0.1629 0.0996 -1.1277 0.1806 0.0811 -1.1498 0.2009 0.0582 -1.2092 0.1788 0.0749 -1.1937 0.1955 0.0593 -1.1843 0.2121 0.0433 -1.1798 0.2267 0.0288 -1.2027 0.2085 0.0451
249.0 -0.9802 0.0014 0.279 -0.8539 -0.0115 0.3047 -0.8408 0.0392 0.2542 -0.8452 0.0593 0.2331 -0.8679 0.0685 0.2215 -0.9018 0.0712 0.2153 -0.901 0.0164 0.2715 -0.9102 0.0286 0.2581 -0.923 0.0366 0.2486 -0.9398 0.0417 0.2418 -0.9308 0.0249 0.2598
249.0 -1.2399 0.2333 0.0161 -1.1819 0.1733 0.0832 -1.1314 0.1514 0.1106 -1.1229 0.1629 0.0996 -1.1293 0.1792 0.0824 -1.1522 0.2048 0.0539 -1.2054 0.1817 0.0722 -1.1905 0.1972 0.0579 -1.1808 0.2125 0.0432 -1.1755 0.2273 0.0286 -1.1984 0.2104 0.0436
250.0 -0.9872 0.0011 0.2786 -0.8614 -0.0137 0.3062 -0.8494 0.038 0.2545 -0.8529 0.0583 0.2334 -0.8747 0.067 0.2224 -0.9102 0.0689 0.2169 -0.9079 0.0154 0.2718 -0.917 0.027 0.259 -0.9299 0.0357 0.2489 -0.9459 0.0415 0.2414 -0.9376 0.0241 0.2599
251.0 -0.9966 -0.0002 0.279 -0.8735 -0.0153 0.3067 -0.858 0.0368 0.2549 -0.8613 0.0559 0.235 -0.8832 0.0652 0.2234 -0.9162 0.0681 0.2172 -0.9173 0.0142 0.2722 -0.9256 0.0259 0.2594 -0.9394 0.0344 0.2493 -0.9553 0.0402 0.2418 -0.9469 0.0229 0.2603
252.0 -1.0054 -0.0002 0.2781 -0.8821 -0.0165 0.307 -0.8673 0.035 0.2559 -0.8697 0.0536 0.2366 -0.8909 0.0642 0.2237 -0.9249 0.0675 0.2169 -0.9259 0.013 0.2725 -0.9343 0.0253 0.2591 -0.9463 0.0341 0.2489 -0.9632 0.0397 0.2415 -0.955 0.0224 0.26
253.0 -1.0167 -0.0011 0.2779 -0.8915 -0.0178 0.3074 -0.8753 0.0351 0.2549 -0.8785 0.0536 0.2357 -0.9003 0.0623 0.2247 -0.9335 0.0663 0.2172 -0.9345 0.0118 0.2728 -0.9429 0.0242 0.2594 -0.9549 0.0329 0.2493 -0.9718 0.0386 0.2418 -0.9642 0.0213 0.2602
254.0 -1.0219 -0.0018 0.2781 -0.8984 -0.0187 0.3076 -0.8848 0.0344 0.2547 -0.8873 0.0536 0.2348 -0.9091 0.0623 0.2237 -0.9429 0.0645 0.2182 -0.9431 0.0107 0.2732 -0.9515 0.0236 0.2591 -0.9645 0.0322 0.249 -0.9812 0.0373 0.2422 -0.9725 0.0204 0.2603
255.0 -1.0271 -0.0019 0.2777 -0.9072 -0.0187 0.3067 -0.8926 0.0334 0.255 -0.8942 0.0527 0.235 -0.9162 0.0626 0.2228 -0.95 0.0647 0.2172 -0.9518 0.0101 0.2729 -0.9602 0.023 0.2588 -0.9732 0.0317 0.2487 -0.9899 0.0367 0.2419 -0.9805 0.0199 0.26
256.0 -1.0316 -0.0013 0.2766 -0.9193 -0.0197 0.3066 -0.8995 0.0331 0.2546 -0.9029 0.0522 0.2347 -0.923 0.0617 0.223 -0.956 0.0639 0.2174 -0.9589 0.0104 0.2719 -0.9672 0.0227 0.2585 -0.9802 0.0313 0.2484 -0.996 0.0365 0.2415 -0.9868 0.0199 0.2594
257.0 -1.0374 0.0016 0.2731 -0.9272 -0.0201 0.3063 -0.9082 0.0325 0.2543 -0.9115 0.051 0.2351 -0.9289 0.0602 0.2239 -0.9649 0.0646 0.2159 -0.9684 0.0091 0.2723 -0.9769 0.0226 0.2576 -0.989 0.0314 0.2475 -1.0032 0.0374 0.2399 -0.995 0.0204 0.2581
258.0 -1.0376 0.0028 0.2718 -0.9383 -0.0217 0.3067 -0.9185 0.0305 0.2553 -0.92 0.0492 0.236 -0.936 0.0605 0.2229 -0.9727 0.0641 0.2156 -0.978 0.009 0.2714 -0.9866 0.0225 0.2567 -0.9979 0.032 0.2459 -1.0121 0.038 0.2384 -1.0024 0.0209 0.2568
259.0 -1.041 0.0018 0.2726 -0.9457 -0.0196 0.3039 -0.9263 0.0301 0.255 -0.9278 0.0488 0.2357 -0.9464 0.0597 0.2227 -0.9823 0.0634 0.2153 -0.9877 0.0089 0.2705 -0.9953 0.022 0.2564 -1.0065 0.0308 0.2463 -1.0206 0.0363 0.2393 -1.0102 0.02 0.257
260.0 -1.054 0.0006 0.2725 -0.9498 -0.0214 0.3053 -0.9324 0.0298 0.2546 -0.9358 0.0489 0.2348 -0.9554 0.0603 0.2212 -0.9885 0.0638 0.2143 -0.9947 0.0086 0.2702 -1.0023 0.0222 0.2555 -1.0127 0.0312 0.2452 -1.0251 0.0369 0.2382 -1.0178 0.0199 0.2563
261.0 -1.0655 0.0064 0.2654 -0.9592 -0.0184 0.3013 -0.9428 0.0291 0.2544 -0.9435 0.0479 0.2351 -0.9594 0.0586 0.2226 -0.9949 0.0654 0.2121 -1.0076 0.0069 0.2707 -1.0126 0.0208 0.2559 -1.0207 0.0314 0.2443 -1.0326 0.0395 0.2348 -1.0278 0.021 0.2542
262.0 -1.0581 0.0092 0.2632 -0.9642 -0.0196 0.3021 -0.9502 0.0311 0.2516 -0.9526 0.0497 0.2323 -0.9692 0.0591 0.2211 -1.0024 0.0625 0.2142 -1.0165 0.0075 0.2691 -1.0223 0.0208 0.255 -1.0286 0.0315 0.2434 -1.037 0.0395 0.2343 -1.0325 0.0217 0.253
263.0 -0.9922 0.0395 0.2388 -0.9804 0.0075 0.2727 -0.9635 0.0366 0.2446 -0.9652 0.0511 0.2297 -0.9753 0.0589 0.2207 -1.0057 0.0664 0.21 -0.9881 0.0266 0.2524 -0.996 0.0365 0.2415 -1.0037 0.0453 0.2318 -1.0112 0.0528 0.2233 -0.9983 0.0401 0.2376
263.0 -0.9922 0.0395 0.2388 -0.9804 0.0075 0.2727 -0.9635 0.0366 0.2446 -0.9652 0.0511 0.2297 -0.9753 0.0589 0.2207 -1.0057 0.0664 0.21 -0.9881 0.0266 0.2524 -0.996 0.0365 0.2415 -1.0037 0.0453 0.2318 -1.0112 0.0528 0.2233 -0.9983 0.0401 0.2376
263.0 -0.9922 0.0395 0.2388 -0.9804 0.0075 0.2727 -0.9635 0.0366 0.2446 -0.9652 0.0511 0.2297 -0.9753 0.0589 0.2207 -1.0057 0.0664 0.21 -0.9881 0.0266 0.2524 -0.996 0.0365 0.2415 -1.0037 0.0453 0.2318 -1.0112 0.0528 0.2233 -0.9983 0.0401 0.2376
263.0 -0.9922 0.0395 0.2388 -0.9804 0.0075 0.2727 -0.9635 0.0366 0.2446 -0.9652 0.0511 0.2297 -0.9753 0.0589 0.2207 -1.0057 0.0664 0.21 -0.9881 0.0266 0.2524 -0.996 0.0365 0.2415 -1.0037 0.0453 0.2318 -1.0112 0.0528 0.2233 -0.9983 0.0401 0.2376
263.0 -0.9922 0.0395 0.2388 -0.9804 0.0075 0.2727 -0.9635 0.0366 0.2446 -0.9652 0.0511 0.2297 -0.9753 0.0589 0.2207 -1.0057 0.0664 0.21 -0.9881 0.0266 0.2524 -0.996 0.0365 0.2415 -1.0037 0.0453 0.2318 -1.0112 0.0528 0.2233 -0.9983 0.0401 0.2376
263.0 -0.9922 0.0395 0.2388 -0.9804 0.0075 0.2727 -0.9635 0.0366 0.2446 -0.9652 0.0511 0.2297 -0.9753 0.0589 0.2207 -1.0057 0.0664 0.21 -0.9881 0.0266 0.2524 -0.996 0.0365 0.2415 -1.0037 0.0453 0.2318 -1.0112 0.0528 0.2233 -0.9983 0.0401 0.2376
263.0 -0.9922 0.0395 0.2388 -0.9804 0.0075 0.2727 -0.9635 0.0366 0.2446 -0.9652 0.0511 0.2297 -0.9753 0.0589 0.2207 -1.0057 0.0664 0.21 -0.9881 0.0266 0.2524 -0.996 0.0365 0.2415 -1.0037 0.0453 0.2318 -1.0112 0.0528 0.2233 -0.9983 0.0401 0.2376
263.0 -0.9922 0.0395 0.2388 -0.9804 0.0075 0.2727 -0.9635 0.0366 0.2446 -0.9652 0.0511 0.2297 -0.9753 0.0589 0.2207 -1.0057 0.0664 0.21 -0.9881 0.0266 0.2524 -0.996 0.0365 0.2415 -1.0037 0.0453 0.2318 -1.0112 0.0528 0.2233 -0.9983 0.0401 0.2376
263.0 -0.9922 0.0395 0.2388 -0.9804 0.0075 0.2727 -0.9635 0.0366 0.2446 -0.9652 0.0511 0.2297 -0.9753 0.0589 0.2207 -1.0057 0.0664 0.21 -0.9881 0.0266 0.2524 -0.996 0.0365 0.2415 -1.0037 0.0453 0.2318 -1.0112 0.0528 0.2233 -0.9983 0.0401 0.2376
263.0 -0.9922 0.0395 0.2388 -0.9804 0.0075 0.2727 -0.9635 0.0366 0.2446 -0.9652 0.0511 0.2297 -0.9753 0.0589 0.2207 -1.0057 0.0664 0.21 -0.9881 0.0266 0.2524 -0.996 0.0365 0.2415 -1.0037 0.0453 0.2318 -1.0112 0.0528 0.2233 -0.9983 0.0401 0.2376
263.0 -0.9922 0.0395 0.2388 -0.9804 0.0075 0.2727 -0.9635 0.0366 0.2446 -0.9652 0.0511 0.2297 -0.9753 0.0589 0.2207 -1.0057 0.0664 0.21 -0.9881 0.0266 0.2524 -0.996 0.0365 0.2415 -1.0037 0.0453 0.2318 -1.0112 0.0528 0.2233 -0.9983 0.0401 0.2376
263.0 -0.9922 0.0395 0.2388 -0.9804 0.0075 0.2727 -0.9635 0.0366 0.2446 -0.9652 0.0511 0.2297 -0.9753 0.0589 0.2207 -1.0057 0.0664 0.21 -0.9881 0.0266 0.2524 -0.996 0.0365 0.2415 -1.0037 0.0453 0.2318 -1.0112 0.0528 0.2233 -0.9983 0.0401 0.2376
263.0 -0.9922 0.0395 0.2388 -0.9804 0.0075 0.2727 -0.9635 0.0366 0.2446 -0.9652 0.0511 0.2297 -0.9753 0.0589 0.2207 -1.0057 0.0664 0.21 -0.9881 0.0266 0.2524 -0.996 0.0365 0.2415 -1.0037 0.0453 0.2318 -1.0112 0.0528 0.2233 -0.9983 0.0401 0.2376
263.0 -0.9922 0.0395 0.2388 -0.9804 0.0075 0.2727 -0.9635 0.0366 0.2446 -0.9652 0.0511 0.2297 -0.9753 0.0589 0.2207 -1.0057 0.0664 0.21 -0.9881 0.0266 0.2524 -0.996 0.0365 0.2415 -1.0037 0.0453 0.2318 -1.0112 0.0528 0.2233 -0.9983 0.0401 0.2376
263.0 -0.9922 0.0395 0.2388 -0.9804 0.0075 0.2727 -0.9635 0.0366 0.2446 -0.9652 0.0511 0.2297 -0.9753 0.0589 0.2207 -1.0057 0.0664 0.21 -0.9881 0.0266 0.2524 -0.996 0.0365 0.2415 -1.0037 0.0453 0.2318 -1.0112 0.0528 0.2233 -0.9983 0.0401 0.2376
263.0 -0.9922 0.0395 0.2388 -0.9804 0.0075 0.2727 -0.9635 0.0366 0.2446 -0.9652 0.0511 0.2297 -0.9753 0.0589 0.2207 -1.0057 0.0664 0.21 -0.9881 0.0266 0.2524 -0.996 0.0365 0.2415 -1.0037 0.0453 0.2318 -1.0112 0.0528 0.2233 -0.9983 0.0401 0.2376
263.0 -0.9922 0.0395 0.2388 -0.9804 0.0075 0.2727 -0.9635 0.0366 0.2446 -0.9652 0.0511 0.2297 -0.9753 0.0589 0.2207 -1.0057 0.0664 0.21 -0.9881 0.0266 0.2524 -0.996 0.0365 0.2415 -1.0037 0.0453 0.2318 -1.0112 0.0528 0.2233 -0.9983 0.0401 0.2376
263.0 -0.9922 0.0395 0.2388 -0.9804 0.0075 0.2727 -0.9635 0.0366 0.2446 -0.9652 0.0511 0.2297 -0.9753 0.0589 0.2207 -1.0057 0.0664 0.21 -0.9881 0.0266 0.2524 -0.996 0.0365 0.2415 -1.0037 0.0453 0.2318 -1.0112 0.0528 0.2233 -0.9983 0.0401 0.2376
263.0 -0.9922 0.0395 0.2388 -0.9804 0.0075 0.2727 -0.9635 0.0366 0.2446 -0.9652 0.0511 0.2297 -0.9753 0.0589 0.2207 -1.0057 0.0664 0.21 -0.9881 0.0266 0.2524 -0.996 0.0365 0.2415 -1.0037 0.0453 0.2318 -1.0112 0.0528 0.2233 -0.9983 0.0401 0.2376
263.0 -0.9922 0.0395 0.2388 -0.9804 0.0075 0.2727 -0.9635 0.0366 0.2446 -0.9652 0.0511 0.2297 -0.9753 0.0589 0.2207 -1.0057 0.0664 0.21 -0.9881 0.0266 0.2524 -0.996 0.0365 0.2415 -1.0037 0.0453 0.2318 -1.0112 0.0528 0.2233 -0.9983 0.0401 0.2376
263.0 -0.9922 0.0395 0.2388 -0.9804 0.0075 0.2727 -0.9635 0.0366 0.2446 -0.9652 0.0511 0.2297 -0.9753 0.0589 0.2207 -1.0057 0.0664 0.21 -0.9881 0.0266 0.2524 -0.996 0.0365 0.2415 -1.0037 0.0453 0.2318 -1.0112 0.0528 0.2233 -0.9983 0.0401 0.2376
263.0 -0.9922 0.0395 0.2388 -0.9804 0.0075 0.2727 -0.9635 0.0366 0.2446 -0.9652 0.0511 0.2297 -0.9753 0.0589 0.2207 -1.0057 0.0664 0.21 -0.9881 0.0266 0.2524 -0.996 0.0365 0.2415 -1.0037 0.0453 0.2318 -1.0112 0.0528 0.2233 -0.9983 0.0401 0.2376
263.0 -0.9922 0.0395 0.2388 -0.9804 0.0075 0.2727 -0.9635 0.0366 0.2446 -0.9652 0.0511 0.2297 -0.9753 0.0589 0.2207 -1.0057 0.0664 0.21 -0.9881 0.0266 0.2524 -0.996 0.0365 0.2415 -1.0037 0.0453 0.2318 -1.0112 0.0528 0.2233 -0.9983 0.0401 0.2376
263.0 -0.9922 0.0395 0.2388 -0.9804 0.0075 0.2727 -0.9635 0.0366 0.2446 -0.9652 0.0511 0.2297 -0.9753 0.0589 0.2207 -1.0057 0.0664 0.21 -0.9881 0.0266 0.2524 -0.996 0.0365 0.2415 -1.0037 0.0453 0.2318 -1.0112 0.0528 0.2233 -0.9983 0.0401 0.2376
263.0 -0.9922 0.0395 0.2388 -0.9804 0.0075 0.2727 -0.9635 0.0366 0.2446 -0.9652 0.0511 0.2297 -0.9753 0.0589 0.2207 -1.0057 0.0664 0.21 -0.9881 0.0266 0.2524 -0.996 0.0365 0.2415 -1.0037 0.0453 0.2318 -1.0112 0.0528 0.2233 -0.9983 0.0401 0.2376
263.0 -0.9922 0.0395 0.2388 -0.9804 0.0075 0.2727 -0.9635 0.0366 0.2446 -0.9652 0.0511 0.2297 -0.9753 0.0589 0.2207 -1.0057 0.0664 0.21 -0.9881 0.0266 0.2524 -0.996 0.0365 0.2415 -1.0037 0.0453 0.2318 -1.0112 0.0528 0.2233 -0.9983 0.0401 0.2376
263.0 -0.9922 0.0395 0.2388 -0.9804 0.0075 0.2727 -0.9635 0.0366 0.2446 -0.9652 0.0511 0.2297 -0.9753 0.0589 0.2207 -1.0057 0.0664 0.21 -0.9881 0.0266 0.2524 -0.996 0.0365 0.2415 -1.0037 0.0453 0.2318 -1.0112 0.0528 0.2233 -0.9983 0.0401 0.2376
263.0 -0.9922 0.0395 0.2388 -0.9804 0.0075 0.2727 -0.9635 0.0366 0.2446 -0.9652 0.0511 0.2297 -0.9753 0.0589 0.2207 -1.0057 0.0664 0.21 -0.9881 0.0266 0.2524 -0.996 0.0365 0.2415 -1.0037 0.0453 0.2318 -1.0112 0.0528 0.2233 -0.9983 0.0401 0.2376
263.0 -0.9922 0.0395 0.2388 -0.9804 0.0075 0.2727 -0.9635 0.0366 0.2446 -0.9652 0.0511 0.2297 -0.9753 0.0589 0.2207 -1.0057 0.0664 0.21 -0.9881 0.0266 0.2524 -0.996 0.0365 0.2415 -1.0037 0.0453 0.2318 -1.0112 0.0528 0.2233 -0.9983 0.0401 0.2376
263.0 -0.9922 0.0395 0.2388 -0.9804 0.0075 0.2727 -0.9635 0.0366 0.2446 -0.9652 0.0511 0.2297 -0.9753 0.0589 0.2207 -1.0057 0.0664 0.21 -0.9881 0.0266 0.2524 -0.996 0.0365 0.2415 -1.0037 0.0453 0.2318 -1.0112 0.0528 0.2233 -0.9983 0.0401 0.2376
263.0 -0.9922 0.0395 0.2388 -0.9804 0.0075 0.2727 -0.9635 0.0366 0.2446 -0.9652 0.0511 0.2297 -0.9753 0.0589 0.2207 -1.0057 0.0664 0.21 -0.9881 0.0266 0.2524 -0.996 0.0365 0.2415 -1.0037 0.0453 0.2318 -1.0112 0.0528 0.2233 -0.9983 0.0401 0.2376
263.0 -0.9922 0.0395 0.2388 -0.9804 0.0075 0.2727 -0.9635 0.0366 0.2446 -0.9652 0.0511 0.2297 -0.9753 0.0589 0.2207 -1.0057 0.0664 0.21 -0.9881 0.0266 0.2524 -0.996 0.0365 0.2415 -1.0037 0.0453 0.2318 -1.0112 0.0528 0.2233 -0.9983 0.0401 0.2376
