1.0 -1.1797 0.0502 0.2093 -1.0964 0.0468 0.221 -1.046 0.0658 0.2066 -1.0546 0.0848 0.1863 -1.0729 0.0933 0.1758 -1.0978 0.0949 0.1717 -1.1096 0.0469 0.2196 -1.1122 0.0569 0.2091 -1.1207 0.0649 0.2001 -1.1324 0.0719 0.1918 -1.1309 0.0581 0.206
2.0 -1.1795 0.049 0.2105 -1.0966 0.048 0.2198 -1.046 0.0658 0.2066 -1.0548 0.0854 0.1857 -1.073 0.0939 0.1751 -1.0987 0.0954 0.1711 -1.1087 0.047 0.2196 -1.1131 0.0568 0.2092 -1.1215 0.0648 0.2001 -1.1333 0.0718 0.1918 -1.1312 0.0579 0.2062
3.0 -1.1778 0.0499 0.2098 -1.0931 0.0485 0.2196 -1.0454 0.0671 0.2053 -1.0549 0.086 0.1851 -1.0729 0.0933 0.1758 -1.0969 0.095 0.1717 -1.1079 0.0471 0.2196 -1.1123 0.0575 0.2085 -1.1208 0.0655 0.1995 -1.1325 0.0725 0.1912 -1.1303 0.0585 0.2057
4.0 -1.1787 0.0497 0.2098 -1.0963 0.0462 0.2216 -1.0444 0.0666 0.2059 -1.054 0.0861 0.185 -1.0729 0.0933 0.1758 -1.0978 0.0949 0.1717 -1.108 0.0477 0.219 -1.1115 0.0576 0.2085 -1.1199 0.0656 0.1994 -1.1317 0.0726 0.1912 -1.1299 0.0586 0.2056
5.0 -1.1797 0.0502 0.2093 -1.0953 0.0457 0.2222 -1.0444 0.0666 0.2059 -1.054 0.0861 0.185 -1.0729 0.0933 0.1758 -1.0969 0.095 0.1717 -1.108 0.0477 0.219 -1.1115 0.0576 0.2085 -1.1199 0.0656 0.1994 -1.1318 0.0732 0.1905 -1.1302 0.0589 0.2053
6.0 -1.1795 0.049 0.2105 -1.0938 0.0472 0.2209 -1.0436 0.0668 0.2059 -1.0541 0.0867 0.1844 -1.073 0.0939 0.1751 -1.0979 0.0955 0.1711 -1.1061 0.0473 0.2195 -1.1097 0.0578 0.2084 -1.1182 0.0659 0.1994 -1.1308 0.0727 0.1911 -1.1289 0.0585 0.2058
7.0 -1.1779 0.0505 0.2092 -1.0948 0.0476 0.2203 -1.0446 0.0678 0.2046 -1.054 0.0861 0.185 -1.0721 0.0941 0.1751 -1.097 0.0956 0.1711 -1.108 0.0477 0.219 -1.1115 0.0576 0.2085 -1.1191 0.0663 0.1988 -1.1318 0.0732 0.1905 -1.1297 0.059 0.2052
8.0 -1.1779 0.0505 0.2092 -1.0932 0.0491 0.219 -1.0438 0.068 0.2046 -1.0541 0.0867 0.1844 -1.0712 0.0942 0.1751 -1.0971 0.0962 0.1705 -1.1072 0.0484 0.2183 -1.1107 0.0583 0.2078 -1.1191 0.0663 0.1988 -1.1309 0.0733 0.1905 -1.1292 0.0594 0.2049
9.0 -1.1779 0.0505 0.2092 -1.0966 0.048 0.2198 -1.0439 0.0686 0.204 -1.0533 0.0874 0.1837 -1.0715 0.0954 0.1738 -1.0964 0.0969 0.1698 -1.1065 0.0491 0.2177 -1.1099 0.059 0.2072 -1.1183 0.0664 0.1988 -1.1309 0.0733 0.1905 -1.1287 0.0597 0.2047
10.0 -1.1789 0.0509 0.2086 -1.0942 0.0495 0.2184 -1.0431 0.0693 0.2033 -1.0525 0.0875 0.1837 -1.0706 0.0955 0.1738 -1.0962 0.0963 0.1704 -1.1063 0.0485 0.2183 -1.1099 0.059 0.2072 -1.1184 0.067 0.1981 -1.1309 0.0733 0.1905 -1.1289 0.0598 0.2045
11.0 -1.179 0.0515 0.208 -1.0926 0.0504 0.2177 -1.0432 0.0699 0.2027 -1.0514 0.0865 0.1849 -1.069 0.0963 0.1731 -1.0965 0.0975 0.1692 -1.1065 0.0491 0.2177 -1.1099 0.059 0.2072 -1.1184 0.067 0.1981 -1.1302 0.074 0.1898 -1.1288 0.0601 0.2042
12.0 -1.1792 0.0527 0.2067 -1.095 0.0488 0.2191 -1.0433 0.0705 0.2021 -1.05 0.0885 0.183 -1.07 0.0974 0.1719 -1.0957 0.0982 0.1685 -1.1048 0.0499 0.217 -1.1076 0.0606 0.2058 -1.116 0.0686 0.1968 -1.1278 0.0755 0.1885 -1.1271 0.0615 0.203
13.0 -1.1774 0.0524 0.2073 -1.0926 0.0504 0.2177 -1.0416 0.0707 0.202 -1.0509 0.0884 0.183 -1.0691 0.0969 0.1725 -1.0948 0.0983 0.1685 -1.1067 0.0503 0.2164 -1.1102 0.0602 0.2059 -1.1177 0.0684 0.1969 -1.1295 0.0753 0.1886 -1.1283 0.0613 0.203
14.0 -1.1784 0.0528 0.2067 -1.0917 0.0505 0.2177 -1.0415 0.0701 0.2026 -1.051 0.089 0.1824 -1.0675 0.0977 0.1718 -1.0933 0.0997 0.1672 -1.1058 0.0504 0.2164 -1.1093 0.0603 0.2059 -1.1178 0.0689 0.1962 -1.1296 0.0759 0.188 -1.1282 0.0617 0.2026
15.0 -1.1766 0.0531 0.2066 -1.0917 0.0505 0.2177 -1.0416 0.0707 0.202 -1.0491 0.088 0.1836 -1.0674 0.0971 0.1724 -1.0948 0.0983 0.1685 -1.1058 0.0504 0.2164 -1.1093 0.0603 0.2059 -1.1177 0.0684 0.1969 -1.1305 0.0758 0.188 -1.128 0.0616 0.2028
16.0 -1.1758 0.0532 0.2066 -1.0927 0.051 0.2171 -1.0418 0.0719 0.2008 -1.0502 0.0897 0.1818 -1.0684 0.0982 0.1712 -1.0941 0.099 0.1678 -1.1059 0.051 0.2158 -1.1094 0.0609 0.2053 -1.1178 0.0689 0.1962 -1.1296 0.0759 0.188 -1.1277 0.062 0.2024
17.0 -1.1749 0.0533 0.2066 -1.0918 0.0511 0.2171 -1.0418 0.0719 0.2008 -1.0502 0.0897 0.1818 -1.0684 0.0982 0.1712 -1.0941 0.099 0.1678 -1.105 0.0511 0.2157 -1.1085 0.061 0.2052 -1.118 0.0695 0.1956 -1.1297 0.0765 0.1873 -1.1272 0.0623 0.2021
18.0 -1.1775 0.053 0.2067 -1.0934 0.0497 0.2184 -1.0417 0.0713 0.2014 -1.0511 0.0896 0.1818 -1.0692 0.0975 0.1719 -1.0941 0.099 0.1678 -1.1052 0.0517 0.2151 -1.1095 0.0615 0.2047 -1.118 0.0695 0.1956 -1.1314 0.0763 0.1874 -1.1283 0.0624 0.2019
19.0 -1.1767 0.0537 0.206 -1.087 0.0536 0.215 -1.0412 0.0732 0.1995 -1.0511 0.0896 0.1818 -1.0685 0.0988 0.1706 -1.0934 0.1003 0.1666 -1.1059 0.051 0.2158 -1.1103 0.0608 0.2053 -1.1188 0.0694 0.1957 -1.1298 0.0771 0.1867 -1.1283 0.0624 0.2019
20.0 -1.1776 0.0536 0.206 -1.0915 0.0493 0.219 -1.041 0.072 0.2008 -1.0513 0.0908 0.1805 -1.0694 0.0987 0.1706 -1.0943 0.1002 0.1666 -1.1044 0.0524 0.2145 -1.1088 0.0622 0.204 -1.1172 0.0703 0.195 -1.1298 0.0771 0.1867 -1.1276 0.0631 0.2012
21.0 -1.1759 0.0538 0.206 -1.0901 0.0513 0.217 -1.0412 0.0732 0.1995 -1.0506 0.0921 0.1793 -1.0704 0.0992 0.17 -1.096 0.1 0.1667 -1.1043 0.0518 0.2151 -1.1079 0.0624 0.204 -1.1163 0.0704 0.1949 -1.1282 0.0779 0.186 -1.1265 0.0633 0.2012
22.0 -1.1802 0.0532 0.2061 -1.0911 0.0518 0.2164 -1.0419 0.0725 0.2002 -1.0504 0.0909 0.1805 -1.0687 0.1 0.1694 -1.0927 0.1011 0.1659 -1.1061 0.0522 0.2145 -1.1096 0.0621 0.204 -1.1189 0.07 0.195 -1.1307 0.077 0.1867 -1.1291 0.0629 0.2013
23.0 -1.1777 0.0541 0.2054 -1.0911 0.0518 0.2164 -1.0411 0.0726 0.2001 -1.0503 0.0903 0.1811 -1.0685 0.0988 0.1706 -1.0935 0.1009 0.1659 -1.1053 0.0523 0.2145 -1.1088 0.0622 0.204 -1.1172 0.0703 0.195 -1.1299 0.0777 0.1861 -1.1278 0.0633 0.201
24.0 -1.1769 0.0543 0.2054 -1.0894 0.052 0.2164 -1.0411 0.0726 0.2001 -1.0497 0.0916 0.1799 -1.0685 0.0988 0.1706 -1.0917 0.1006 0.1665 -1.1043 0.0518 0.2151 -1.1079 0.0624 0.204 -1.1173 0.0709 0.1943 -1.1299 0.0777 0.1861 -1.1273 0.0634 0.201
25.0 -1.1777 0.0541 0.2054 -1.0902 0.0519 0.2164 -1.0409 0.0714 0.2014 -1.0494 0.0898 0.1817 -1.0667 0.0985 0.1712 -1.0917 0.1006 0.1665 -1.1053 0.0523 0.2145 -1.1088 0.0622 0.204 -1.1172 0.0703 0.195 -1.1298 0.0771 0.1867 -1.1277 0.0632 0.2011
26.0 -1.1785 0.0534 0.2061 -1.0895 0.0526 0.2157 -1.0401 0.0721 0.2007 -1.0502 0.0897 0.1818 -1.0677 0.0989 0.1706 -1.0917 0.1006 0.1665 -1.1053 0.0523 0.2145 -1.1088 0.0622 0.204 -1.1181 0.0701 0.195 -1.1307 0.077 0.1867 -1.1282 0.063 0.2013
27.0 -1.1769 0.0543 0.2054 -1.091 0.0512 0.2171 -1.0401 0.0721 0.2007 -1.0485 0.0899 0.1817 -1.0667 0.0985 0.1712 -1.0909 0.1007 0.1665 -1.1044 0.0524 0.2145 -1.1078 0.0618 0.2046 -1.1163 0.0704 0.1949 -1.129 0.0772 0.1867 -1.1269 0.0632 0.2012
28.0 -1.1769 0.0543 0.2054 -1.091 0.0512 0.2171 -1.039 0.071 0.2019 -1.0484 0.0893 0.1823 -1.0668 0.099 0.1705 -1.091 0.1013 0.1658 -1.1034 0.052 0.215 -1.107 0.0625 0.2039 -1.1155 0.0705 0.1949 -1.1281 0.0773 0.1866 -1.1262 0.0633 0.2012
29.0 -1.1769 0.0543 0.2054 -1.0918 0.0511 0.2171 -1.0398 0.0703 0.2026 -1.0484 0.0893 0.1823 -1.065 0.0987 0.1711 -1.0899 0.1002 0.1671 -1.1042 0.0512 0.2157 -1.1077 0.0612 0.2052 -1.1153 0.0693 0.1961 -1.1271 0.0769 0.1872 -1.1262 0.0626 0.2019
30.0 -1.1696 0.0528 0.2076 -1.086 0.0476 0.2212 -1.0359 0.0684 0.2049 -1.0436 0.0869 0.1852 -1.0608 0.095 0.1753 -1.0857 0.0965 0.1713 -1.0978 0.0497 0.2179 -1.1012 0.0596 0.2075 -1.1089 0.0683 0.1978 -1.1207 0.0753 0.1895 -1.1196 0.0611 0.2041
31.0 -1.1705 0.0533 0.207 -1.0853 0.0489 0.22 -1.0351 0.0685 0.2049 -1.0407 0.0855 0.187 -1.059 0.0946 0.1758 -1.0849 0.0966 0.1712 -1.0994 0.0488 0.2186 -1.102 0.0589 0.2081 -1.1097 0.0676 0.1984 -1.1215 0.0746 0.1901 -1.1206 0.0606 0.2045
32.0 -1.1693 0.0516 0.2089 -1.0807 0.0477 0.2217 -1.0305 0.0673 0.2066 -1.0353 0.085 0.188 -1.0527 0.0936 0.1775 -1.0795 0.0961 0.1723 -1.0939 0.0478 0.2203 -1.0965 0.0578 0.2098 -1.1042 0.0665 0.2001 -1.116 0.0735 0.1918 -1.116 0.0594 0.2062
33.0 -1.1658 0.0515 0.2093 -1.079 0.0479 0.2216 -1.0293 0.0656 0.2084 -1.0325 0.0841 0.1892 -1.051 0.0939 0.1774 -1.0778 0.0963 0.1722 -1.0929 0.0473 0.2209 -1.0948 0.058 0.2097 -1.1025 0.0667 0.2 -1.1144 0.0743 0.1911 -1.1141 0.0596 0.2062
34.0 -1.1641 0.0517 0.2093 -1.0777 0.0457 0.224 -1.0276 0.0659 0.2084 -1.0324 0.0835 0.1898 -1.0509 0.0933 0.178 -1.0767 0.0953 0.1734 -1.0905 0.0482 0.2202 -1.0931 0.0582 0.2096 -1.1008 0.067 0.1999 -1.1126 0.0739 0.1917 -1.1122 0.0598 0.2061
35.0 -1.1588 0.0518 0.2097 -1.077 0.047 0.2228 -1.026 0.0667 0.2077 -1.0317 0.0842 0.1892 -1.0501 0.094 0.1774 -1.0759 0.0954 0.1734 -1.0878 0.048 0.2207 -1.0913 0.0579 0.2102 -1.099 0.0666 0.2005 -1.1109 0.0748 0.191 -1.1096 0.0598 0.2064
36.0 -1.158 0.0519 0.2097 -1.0759 0.0453 0.2246 -1.0241 0.0663 0.2082 -1.0306 0.0832 0.1904 -1.0491 0.0935 0.178 -1.0741 0.0956 0.1733 -1.0861 0.0482 0.2206 -1.0888 0.0588 0.2095 -1.0965 0.0676 0.1998 -1.1084 0.0751 0.1909 -1.1075 0.0603 0.2061
37.0 -1.1605 0.0516 0.2098 -1.0719 0.0477 0.2226 -1.0224 0.0666 0.2082 -1.028 0.0835 0.1903 -1.0466 0.0938 0.1779 -1.0734 0.0963 0.1727 -1.0862 0.0488 0.22 -1.0888 0.0588 0.2095 -1.0965 0.0676 0.1998 -1.1083 0.0745 0.1915 -1.1081 0.0603 0.2061
38.0 -1.1553 0.0517 0.2102 -1.07 0.0467 0.2237 -1.0198 0.0669 0.2081 -1.0282 0.0847 0.189 -1.0458 0.0946 0.1772 -1.0705 0.0949 0.1744 -1.0824 0.0475 0.2217 -1.0861 0.0586 0.21 -1.0939 0.0679 0.1997 -1.1067 0.0753 0.1908 -1.1049 0.0602 0.2065
39.0 -1.1535 0.0513 0.2107 -1.068 0.0457 0.2249 -1.0171 0.0661 0.2092 -1.0253 0.0833 0.1908 -1.0422 0.0938 0.1783 -1.0687 0.0945 0.175 -1.0799 0.0484 0.221 -1.0834 0.0583 0.2105 -1.092 0.0669 0.2009 -1.1047 0.0744 0.192 -1.1027 0.0599 0.207
40.0 -1.149 0.0507 0.2118 -1.0625 0.0495 0.2216 -1.0152 0.0657 0.2097 -1.0244 0.0828 0.1914 -1.0402 0.0929 0.1795 -1.0649 0.0932 0.1767 -1.0789 0.0473 0.2222 -1.0831 0.0565 0.2124 -1.0918 0.0658 0.2021 -1.1028 0.0734 0.1932 -1.1011 0.0587 0.2083
41.0 -1.1447 0.0513 0.2116 -1.0678 0.0446 0.2262 -1.0143 0.0652 0.2103 -1.0216 0.0819 0.1925 -1.0366 0.0921 0.1806 -1.0623 0.0935 0.1766 -1.0762 0.0471 0.2227 -1.0788 0.0571 0.2122 -1.0865 0.0658 0.2025 -1.0985 0.074 0.193 -1.0969 0.0591 0.2084
42.0 -1.1439 0.052 0.211 -1.0634 0.0445 0.2266 -1.0107 0.0651 0.2108 -1.0181 0.0818 0.193 -1.0348 0.0918 0.1812 -1.0621 0.0924 0.1778 -1.0726 0.047 0.2232 -1.0761 0.0569 0.2127 -1.0838 0.0656 0.203 -1.0958 0.0738 0.1935 -1.0945 0.059 0.2087
43.0 -1.1404 0.0519 0.2115 -1.0608 0.0449 0.2265 -1.0078 0.0636 0.2126 -1.0155 0.0822 0.1929 -1.0311 0.091 0.1823 -1.0577 0.0923 0.1783 -1.0707 0.046 0.2244 -1.0734 0.056 0.2139 -1.081 0.0648 0.2042 -1.093 0.0729 0.1947 -1.0917 0.0583 0.2097
44.0 -1.1395 0.052 0.2114 -1.0583 0.0452 0.2264 -1.0067 0.062 0.2144 -1.0126 0.0807 0.1947 -1.0292 0.0901 0.1834 -1.0569 0.0925 0.1783 -1.0698 0.0455 0.225 -1.0715 0.0557 0.2144 -1.0792 0.0644 0.2047 -1.0912 0.0725 0.1952 -1.0902 0.058 0.2102
45.0 -1.1368 0.0517 0.212 -1.0539 0.0452 0.2269 -1.0042 0.0629 0.2137 -1.0089 0.08 0.1958 -1.0254 0.0888 0.1852 -1.0526 0.093 0.1781 -1.0672 0.0459 0.2249 -1.0698 0.0559 0.2144 -1.0766 0.0647 0.2046 -1.0886 0.0729 0.1951 -1.0878 0.0582 0.2102
46.0 -1.1359 0.0512 0.2125 -1.0496 0.0458 0.2267 -1.0014 0.0621 0.2148 -1.007 0.079 0.1969 -1.0237 0.089 0.1851 -1.0504 0.0909 0.1805 -1.0652 0.0449 0.2261 -1.0679 0.0549 0.2155 -1.0748 0.0644 0.2052 -1.0868 0.0725 0.1957 -1.0861 0.0576 0.211
47.0 -1.1341 0.0515 0.2125 -1.041 0.047 0.2264 -0.9968 0.0609 0.2165 -1.0052 0.0787 0.1975 -1.0183 0.0885 0.1861 -1.0459 0.0903 0.1816 -1.0634 0.0445 0.2266 -1.0668 0.0538 0.2167 -1.0745 0.0626 0.207 -1.0865 0.0707 0.1975 -1.0851 0.0566 0.2121
48.0 -1.1298 0.0521 0.2123 -1.0427 0.0467 0.2264 -0.9947 0.0587 0.2189 -1.0013 0.0767 0.1998 -1.0182 0.0879 0.1868 -1.0441 0.0899 0.1821 -1.0606 0.0437 0.2277 -1.0624 0.0538 0.2172 -1.0702 0.0632 0.2069 -1.0813 0.0714 0.1973 -1.0809 0.0568 0.2123
49.0 -1.1271 0.0512 0.2135 -1.0411 0.0427 0.2307 -0.9919 0.0579 0.2201 -0.9986 0.0765 0.2004 -1.0156 0.0876 0.1873 -1.0421 0.0883 0.1839 -1.0569 0.0424 0.2295 -1.0588 0.0531 0.2183 -1.0666 0.0624 0.208 -1.0778 0.0713 0.1978 -1.0774 0.0561 0.2134
50.0 -1.1244 0.051 0.214 -1.0364 0.0457 0.2281 -0.9909 0.0574 0.2207 -0.9965 0.0743 0.2028 -1.0117 0.0857 0.1896 -1.0378 0.0889 0.1838 -1.0568 0.0418 0.2301 -1.0594 0.0518 0.2196 -1.0664 0.0612 0.2092 -1.0775 0.0695 0.1997 -1.0769 0.0551 0.2145
51.0 -1.1243 0.0504 0.2146 -1.0316 0.0439 0.2304 -0.9879 0.0553 0.2231 -0.9935 0.0723 0.2052 -1.008 0.0844 0.1914 -1.0341 0.0882 0.1849 -1.0549 0.0408 0.2313 -1.0566 0.0509 0.2207 -1.0627 0.0605 0.2103 -1.0738 0.0688 0.2008 -1.0745 0.0543 0.2155
52.0 -1.1023 0.0454 0.2219 -1.0188 0.0359 0.2399 -0.9715 0.0472 0.233 -0.9749 0.0663 0.2132 -0.9902 0.0782 0.1994 -1.0172 0.0819 0.193 -1.035 0.0331 0.2411 -1.0369 0.0438 0.2299 -1.0439 0.0539 0.219 -1.0552 0.0627 0.2088 -1.0547 0.0478 0.2241
53.0 -1.1014 0.0455 0.2218 -1.0173 0.0324 0.2436 -0.9695 0.0456 0.2348 -0.9736 0.064 0.2156 -0.989 0.0766 0.2012 -1.0134 0.0806 0.1947 -1.0341 0.0326 0.2417 -1.035 0.0429 0.2311 -1.0419 0.0523 0.2208 -1.0515 0.062 0.2099 -1.0528 0.0471 0.2251
54.0 -1.0995 0.0446 0.223 -1.0162 0.0314 0.2448 -0.9659 0.0455 0.2353 -0.9698 0.0627 0.2174 -0.9861 0.0751 0.203 -1.0114 0.079 0.1965 -1.0297 0.0326 0.2422 -1.0314 0.0427 0.2316 -1.0385 0.0528 0.2206 -1.0489 0.0618 0.2104 -1.0496 0.0469 0.2256
55.0 -1.0958 0.0438 0.2241 -1.0127 0.0312 0.2452 -0.964 0.0445 0.2365 -0.9662 0.0619 0.2185 -0.9824 0.0744 0.2041 -1.0079 0.0789 0.197 -1.0285 0.0309 0.244 -1.0295 0.0418 0.2328 -1.0364 0.0512 0.2224 -1.0468 0.0602 0.2122 -1.0474 0.0456 0.2271
56.0 -1.0949 0.0433 0.2247 -1.0108 0.0303 0.2464 -0.9612 0.0437 0.2376 -0.9644 0.0616 0.219 -0.9806 0.074 0.2047 -1.0076 0.0771 0.1988 -1.0258 0.0307 0.2445 -1.0276 0.0408 0.234 -1.0345 0.0503 0.2236 -1.045 0.0598 0.2128 -1.0456 0.045 0.2279
57.0 -1.094 0.0435 0.2247 -1.0071 0.0295 0.2475 -0.9585 0.0434 0.2382 -0.9617 0.0613 0.2195 -0.9777 0.0726 0.2064 -1.0024 0.0778 0.1986 -1.0248 0.0302 0.2451 -1.0266 0.0403 0.2345 -1.0327 0.0499 0.2242 -1.0432 0.0595 0.2133 -1.0443 0.0447 0.2284
58.0 -1.0914 0.0438 0.2246 -1.0036 0.0294 0.248 -0.9559 0.0432 0.2387 -0.9582 0.0618 0.2194 -0.9742 0.0725 0.2069 -0.9996 0.077 0.1998 -1.0222 0.0299 0.2456 -1.0232 0.0408 0.2344 -1.0293 0.0504 0.224 -1.0397 0.0599 0.2132 -1.0412 0.045 0.2284
59.0 -1.0879 0.0437 0.2251 -1.0026 0.0289 0.2486 -0.9541 0.0434 0.2386 -0.9574 0.0619 0.2194 -0.9715 0.0722 0.2074 -0.9979 0.0772 0.1997 -1.0213 0.0301 0.2456 -1.0222 0.0403 0.235 -1.0292 0.0498 0.2247 -1.0388 0.0595 0.2138 -1.0399 0.0447 0.2288
60.0 -1.089 0.0448 0.2238 -1.0 0.0293 0.2485 -0.9522 0.0424 0.2398 -0.9555 0.0609 0.2205 -0.9705 0.0717 0.208 -0.9952 0.077 0.2002 -1.018 0.0311 0.2448 -1.0196 0.0407 0.2349 -1.0257 0.0502 0.2245 -1.0361 0.0592 0.2143 -1.0377 0.0452 0.2285
61.0 -1.0889 0.0442 0.2245 -0.9967 0.0303 0.2478 -0.9511 0.0414 0.241 -0.9528 0.0607 0.2211 -0.9671 0.0722 0.2079 -0.9935 0.0772 0.2002 -1.0186 0.0298 0.2461 -1.0195 0.0401 0.2355 -1.0256 0.0496 0.2251 -1.0351 0.0587 0.2149 -1.0376 0.0445 0.2292
62.0 -1.0862 0.0439 0.225 -0.9955 0.0287 0.2496 -0.9487 0.0423 0.2403 -0.9528 0.0607 0.2211 -0.9669 0.071 0.2091 -0.9917 0.0768 0.2007 -1.016 0.0302 0.246 -1.0177 0.0397 0.2361 -1.0238 0.0493 0.2257 -1.0342 0.0583 0.2155 -1.0356 0.0443 0.2296
63.0 -1.0854 0.0446 0.2243 -0.9939 0.0295 0.2489 -0.9478 0.0424 0.2402 -0.9508 0.0597 0.2222 -0.9652 0.0712 0.2091 -0.9891 0.0772 0.2006 -1.0159 0.0296 0.2466 -1.0169 0.0398 0.236 -1.0229 0.0494 0.2257 -1.0325 0.0591 0.2148 -1.0347 0.0445 0.2295
64.0 -1.0837 0.0448 0.2243 -0.9921 0.0291 0.2494 -0.9444 0.0429 0.2401 -0.9494 0.0618 0.2203 -0.9635 0.0715 0.209 -0.9882 0.0773 0.2006 -1.0143 0.0304 0.2459 -1.0152 0.0407 0.2354 -1.0213 0.0502 0.225 -1.0308 0.0593 0.2147 -1.0331 0.0451 0.2291
65.0 -1.0821 0.0457 0.2236 -0.988 0.0309 0.248 -0.9437 0.0442 0.2388 -0.948 0.0638 0.2184 -0.961 0.0724 0.2083 -0.9849 0.0783 0.1998 -1.011 0.0315 0.2452 -1.0119 0.0417 0.2346 -1.018 0.0513 0.2242 -1.0275 0.0604 0.214 -1.0301 0.0461 0.2283
66.0 -1.0803 0.0453 0.2241 -0.9855 0.0318 0.2473 -0.941 0.044 0.2393 -0.9437 0.0644 0.2182 -0.9595 0.0738 0.207 -0.9823 0.0787 0.1997 -1.0085 0.0324 0.2445 -1.0093 0.0421 0.2345 -1.0154 0.0516 0.2241 -1.0248 0.0601 0.2145 -1.0277 0.0463 0.2283
67.0 -1.0767 0.0452 0.2246 -0.983 0.0322 0.2472 -0.9376 0.0444 0.2392 -0.9412 0.0647 0.2181 -0.955 0.0732 0.208 -0.9804 0.0777 0.2009 -1.005 0.0323 0.2449 -1.0066 0.0418 0.235 -1.0127 0.0514 0.2246 -1.023 0.0598 0.215 -1.0248 0.0461 0.2289
68.0 -1.0717 0.0465 0.2238 -0.9794 0.0321 0.2477 -0.9334 0.0456 0.2384 -0.9376 0.0646 0.2186 -0.9514 0.0731 0.2085 -0.9776 0.0769 0.202 -0.9989 0.0325 0.2453 -1.0006 0.0426 0.2348 -1.0076 0.0521 0.2244 -1.0179 0.0611 0.2142 -1.0193 0.0469 0.2285
69.0 -1.0609 0.0455 0.2259 -0.9696 0.0309 0.2498 -0.9226 0.044 0.2411 -0.927 0.0642 0.2201 -0.9417 0.0726 0.21 -0.9671 0.0771 0.2029 -0.9874 0.0322 0.2468 -0.9892 0.0429 0.2356 -0.9963 0.053 0.2246 -1.0067 0.062 0.2144 -1.0081 0.0471 0.2295
70.0 -1.054 0.0458 0.2262 -0.9653 0.0315 0.2497 -0.9208 0.0436 0.2417 -0.9226 0.0642 0.2205 -0.9373 0.0726 0.2105 -0.9636 0.0775 0.2028 -0.9846 0.0314 0.2479 -0.9857 0.0428 0.2361 -0.9919 0.053 0.2251 -1.0015 0.0627 0.2142 -1.0035 0.0471 0.2299
71.0 -1.0548 0.0457 0.2263 -0.9617 0.0314 0.2501 -0.9181 0.0434 0.2422 -0.9214 0.0625 0.2224 -0.9353 0.0716 0.2116 -0.9601 0.0774 0.2032 -0.9829 0.0316 0.2478 -0.9847 0.0423 0.2367 -0.9901 0.0526 0.2256 -0.9996 0.0617 0.2154 -1.0024 0.0468 0.2304
72.0 -1.053 0.0453 0.2268 -0.9599 0.031 0.2507 -0.9154 0.0431 0.2427 -0.9186 0.0616 0.2235 -0.9318 0.0715 0.2121 -0.9573 0.0766 0.2044 -0.982 0.0317 0.2478 -0.9839 0.0424 0.2366 -0.9892 0.0527 0.2256 -0.9988 0.0624 0.2147 -1.0014 0.0469 0.2303
73.0 -1.0504 0.0457 0.2267 -0.959 0.0311 0.2507 -0.9135 0.0422 0.2439 -0.9159 0.0614 0.224 -0.9309 0.0716 0.2121 -0.9547 0.0769 0.2043 -0.9785 0.0316 0.2483 -0.9795 0.0424 0.2371 -0.9849 0.0533 0.2254 -0.9944 0.0624 0.2152 -0.9975 0.0471 0.2305
74.0 -1.0462 0.0469 0.2259 -0.9539 0.0318 0.2505 -0.9082 0.0423 0.2443 -0.9106 0.0609 0.2251 -0.9232 0.0726 0.2118 -0.9505 0.0781 0.2035 -0.9784 0.031 0.2489 -0.9794 0.0418 0.2377 -0.9856 0.052 0.2267 -0.9952 0.0617 0.2158 -0.9969 0.0467 0.231
75.0 -1.0471 0.0467 0.226 -0.9495 0.0318 0.2509 -0.9056 0.0426 0.2442 -0.9091 0.0623 0.2237 -0.9214 0.0723 0.2124 -0.9487 0.0777 0.204 -0.9765 0.0306 0.2495 -0.9776 0.0415 0.2383 -0.9837 0.0516 0.2273 -0.9925 0.0614 0.2164 -0.9955 0.0464 0.2315
76.0 -1.0454 0.047 0.2259 -0.9503 0.0317 0.2509 -0.9024 0.0443 0.2428 -0.9064 0.0621 0.2243 -0.9206 0.073 0.2117 -0.9469 0.0774 0.2046 -0.9747 0.0302 0.25 -0.9749 0.0412 0.2388 -0.9802 0.0515 0.2278 -0.9898 0.0612 0.2169 -0.993 0.0462 0.2319
77.0 -1.0412 0.0481 0.2251 -0.9485 0.0313 0.2515 -0.9023 0.0437 0.2435 -0.9054 0.0616 0.2249 -0.9189 0.0732 0.2116 -0.9444 0.0783 0.2039 -0.9747 0.0302 0.25 -0.9749 0.0412 0.2388 -0.9793 0.0516 0.2277 -0.9872 0.0615 0.2168 -0.9915 0.0466 0.2317
78.0 -1.0403 0.0483 0.2251 -0.9469 0.0322 0.2508 -0.8997 0.044 0.2434 -0.9031 0.0631 0.2235 -0.9171 0.0728 0.2122 -0.9436 0.0784 0.2038 -0.9715 0.0319 0.2486 -0.9715 0.0423 0.238 -0.977 0.0532 0.2264 -0.9867 0.0634 0.2149 -0.9894 0.0478 0.2306
79.0 -1.0395 0.0484 0.2251 -0.9451 0.0318 0.2514 -0.898 0.0443 0.2433 -0.9021 0.0626 0.2241 -0.9155 0.0737 0.2115 -0.9418 0.0787 0.2038 -0.9714 0.0313 0.2493 -0.973 0.0409 0.2393 -0.9774 0.0506 0.2289 -0.9863 0.0611 0.2174 -0.9895 0.0464 0.232
80.0 -1.0351 0.0484 0.2255 -0.9401 0.0337 0.2499 -0.8954 0.0446 0.2432 -0.9004 0.0629 0.224 -0.9128 0.0734 0.212 -0.9401 0.0789 0.2037 -0.968 0.0324 0.2485 -0.9698 0.0425 0.238 -0.976 0.0527 0.227 -0.9848 0.0625 0.2161 -0.9867 0.0477 0.231
81.0 -1.0341 0.0479 0.2261 -0.9383 0.0333 0.2505 -0.8935 0.0437 0.2444 -0.8977 0.0626 0.2246 -0.911 0.0731 0.2126 -0.9374 0.0786 0.2042 -0.9653 0.0315 0.2497 -0.9671 0.0423 0.2385 -0.9733 0.0524 0.2275 -0.983 0.0627 0.216 -0.9846 0.0474 0.2315
82.0 -1.0314 0.0476 0.2266 -0.9366 0.0336 0.2504 -0.8918 0.0439 0.2443 -0.8967 0.0621 0.2251 -0.911 0.0731 0.2126 -0.9373 0.078 0.2049 -0.9628 0.0325 0.2489 -0.9654 0.0425 0.2384 -0.9717 0.0533 0.2268 -0.9813 0.0629 0.2159 -0.9825 0.0478 0.2313
83.0 -1.0255 0.049 0.2258 -0.9348 0.0332 0.251 -0.8892 0.0442 0.2442 -0.8941 0.0625 0.225 -0.9067 0.0736 0.2124 -0.9323 0.0793 0.204 -0.96 0.0316 0.2501 -0.961 0.0425 0.2389 -0.9672 0.0526 0.2279 -0.9768 0.0623 0.217 -0.9781 0.0476 0.2319
84.0 -1.0236 0.0481 0.2269 -0.9331 0.034 0.2503 -0.8874 0.0439 0.2448 -0.8915 0.0622 0.2256 -0.9031 0.0735 0.2129 -0.9305 0.079 0.2046 -0.9582 0.0313 0.2506 -0.9599 0.0414 0.2401 -0.9661 0.0516 0.2291 -0.9758 0.0619 0.2176 -0.9767 0.0468 0.2329
85.0 -1.0175 0.0483 0.2273 -0.9265 0.0361 0.2488 -0.8832 0.045 0.244 -0.8879 0.0621 0.226 -0.9015 0.0743 0.2122 -0.928 0.0799 0.2039 -0.9539 0.0318 0.2505 -0.9557 0.042 0.2399 -0.9619 0.0527 0.2283 -0.9708 0.0631 0.2168 -0.9719 0.0476 0.2326
86.0 -1.0166 0.0484 0.2273 -0.9229 0.036 0.2493 -0.8796 0.0449 0.2445 -0.883 0.064 0.2246 -0.8972 0.0749 0.212 -0.9245 0.0798 0.2044 -0.9504 0.0323 0.2503 -0.9524 0.0436 0.2385 -0.9587 0.0544 0.2269 -0.9683 0.0641 0.216 -0.9693 0.0486 0.2318
87.0 -1.0158 0.0491 0.2266 -0.9204 0.0364 0.2492 -0.8798 0.0461 0.2432 -0.882 0.0635 0.2252 -0.8954 0.0745 0.2126 -0.9219 0.0801 0.2043 -0.953 0.032 0.2504 -0.9549 0.0427 0.2393 -0.9603 0.0536 0.2276 -0.9683 0.0641 0.216 -0.9705 0.0483 0.232
88.0 -1.0087 0.0483 0.2282 -0.9167 0.0356 0.2503 -0.8763 0.046 0.2437 -0.8777 0.0641 0.225 -0.8919 0.075 0.2125 -0.9184 0.0806 0.2041 -0.9478 0.0321 0.2508 -0.9497 0.0434 0.2391 -0.9552 0.0543 0.2274 -0.9631 0.0642 0.2165 -0.9649 0.0484 0.2324
89.0 -1.0061 0.0486 0.2281 -0.9127 0.038 0.2482 -0.872 0.0466 0.2435 -0.8759 0.0637 0.2256 -0.8893 0.0748 0.213 -0.9166 0.0802 0.2047 -0.9459 0.0317 0.2514 -0.9487 0.0423 0.2403 -0.9542 0.0538 0.228 -0.9622 0.0643 0.2164 -0.9634 0.0481 0.2328
90.0 -1.0023 0.0473 0.2299 -0.9084 0.0386 0.2481 -0.8699 0.0444 0.246 -0.8744 0.0652 0.2243 -0.8883 0.0743 0.2136 -0.9147 0.0793 0.2059 -0.939 0.032 0.2518 -0.9427 0.0431 0.24 -0.949 0.0545 0.2278 -0.9588 0.0648 0.2163 -0.9583 0.0483 0.2331
91.0 -0.9969 0.0462 0.2315 -0.9032 0.0387 0.2485 -0.8673 0.0447 0.2459 -0.8714 0.0631 0.2267 -0.8856 0.074 0.2141 -0.9121 0.0796 0.2058 -0.937 0.0311 0.2529 -0.9415 0.0414 0.2419 -0.9488 0.0533 0.229 -0.9577 0.0637 0.2175 -0.9564 0.0471 0.2346
92.0 -0.9955 0.0482 0.2296 -0.9063 0.0364 0.2505 -0.8656 0.045 0.2458 -0.8688 0.0635 0.2266 -0.883 0.0744 0.214 -0.9078 0.0802 0.2056 -0.9354 0.0319 0.2522 -0.9374 0.0432 0.2405 -0.9429 0.0547 0.2282 -0.9509 0.0652 0.2166 -0.9524 0.0486 0.2334
93.0 -0.9956 0.0488 0.229 -0.9046 0.0367 0.2504 -0.8629 0.0447 0.2463 -0.8669 0.0625 0.2277 -0.8805 0.0747 0.2139 -0.9051 0.08 0.2061 -0.9362 0.0312 0.2529 -0.9389 0.0418 0.2418 -0.9436 0.0534 0.2295 -0.9516 0.0639 0.2179 -0.9532 0.0478 0.2342
94.0 -0.9838 0.0467 0.2323 -0.8921 0.0359 0.2524 -0.8539 0.0435 0.2485 -0.8579 0.0613 0.2299 -0.8721 0.0722 0.2173 -0.8961 0.0787 0.2083 -0.9237 0.0304 0.2549 -0.9266 0.0416 0.2432 -0.9329 0.053 0.2309 -0.9418 0.0634 0.2194 -0.9418 0.047 0.2361
95.0 -0.9852 0.0447 0.2342 -0.8886 0.0358 0.2529 -0.8504 0.044 0.2483 -0.8533 0.0601 0.2316 -0.8667 0.0717 0.2184 -0.8933 0.0779 0.2094 -0.9201 0.0297 0.256 -0.9219 0.0404 0.2449 -0.9274 0.0513 0.2332 -0.9371 0.0616 0.2217 -0.9383 0.0455 0.238
96.0 -0.9689 0.042 0.2386 -0.8698 0.034 0.2566 -0.8388 0.0431 0.2504 -0.8409 0.0599 0.233 -0.8548 0.069 0.2223 -0.8798 0.076 0.2126 -0.9015 0.0291 0.2584 -0.9042 0.0398 0.2473 -0.9113 0.0498 0.2363 -0.9218 0.0594 0.2255 -0.9215 0.044 0.2412
97.0 -0.9645 0.042 0.239 -0.8656 0.0352 0.2558 -0.8328 0.0439 0.2501 -0.838 0.0585 0.2347 -0.8522 0.0694 0.2222 -0.8761 0.0747 0.2143 -0.8963 0.0298 0.2582 -0.8998 0.0397 0.2477 -0.9068 0.0492 0.2374 -0.9172 0.0588 0.2266 -0.9169 0.0439 0.2418
98.0 -0.9651 0.0407 0.2403 -0.862 0.0345 0.2569 -0.8283 0.0433 0.2512 -0.8337 0.059 0.2346 -0.8495 0.0685 0.2233 -0.8742 0.0743 0.2149 -0.8961 0.0286 0.2595 -0.8995 0.038 0.2496 -0.9066 0.048 0.2386 -0.9171 0.0582 0.2272 -0.9169 0.0427 0.243
99.0 -0.958 0.0404 0.2413 -0.8599 0.0329 0.2587 -0.8256 0.043 0.2517 -0.8322 0.0605 0.2333 -0.8469 0.0689 0.2232 -0.8717 0.0747 0.2148 -0.8883 0.0291 0.2598 -0.8918 0.039 0.2493 -0.8988 0.049 0.2383 -0.9103 0.0591 0.2269 -0.9094 0.0433 0.2431
100.0 -0.9548 0.0421 0.2399 -0.8542 0.0355 0.2566 -0.8204 0.0431 0.2522 -0.825 0.0596 0.2349 -0.8416 0.069 0.2236 -0.8673 0.0747 0.2153 -0.8849 0.0295 0.2597 -0.8884 0.0395 0.2492 -0.8961 0.0488 0.2389 -0.9075 0.0583 0.2281 -0.9063 0.0436 0.2431
101.0 -0.9504 0.0421 0.2403 -0.8491 0.0362 0.2564 -0.8168 0.043 0.2526 -0.8241 0.0591 0.2354 -0.8397 0.068 0.2248 -0.8637 0.0745 0.2157 -0.8828 0.028 0.2614 -0.8871 0.0372 0.2516 -0.895 0.0471 0.2407 -0.9063 0.0566 0.2299 -0.9043 0.0422 0.2448
102.0 -0.9426 0.0425 0.2407 -0.8446 0.0356 0.2575 -0.8049 0.0452 0.2516 -0.8175 0.0618 0.2333 -0.8355 0.0692 0.224 -0.8586 0.0752 0.2155 -0.864 0.0311 0.2601 -0.8685 0.0415 0.249 -0.8782 0.0518 0.2375 -0.8921 0.0609 0.2268 -0.8891 0.0456 0.2428
103.0 -0.9357 0.0435 0.2404 -0.8422 0.042 0.2511 -0.8045 0.0428 0.254 -0.8079 0.0625 0.2336 -0.8292 0.0682 0.2256 -0.8546 0.0727 0.2185 -0.8553 0.0317 0.2604 -0.8606 0.042 0.2493 -0.8712 0.0522 0.2379 -0.8852 0.0619 0.2266 -0.8816 0.0462 0.2429
104.0 -0.9356 0.0429 0.241 -0.8326 0.0476 0.2464 -0.8044 0.0422 0.2547 -0.8075 0.0601 0.236 -0.8216 0.0705 0.2241 -0.8515 0.075 0.2165 -0.8646 0.0292 0.262 -0.8707 0.0394 0.251 -0.8805 0.0497 0.2395 -0.893 0.0608 0.2269 -0.8889 0.0444 0.2441
105.0 -0.9349 0.0442 0.2397 -0.8276 0.044 0.2506 -0.8043 0.0416 0.2553 -0.8076 0.0607 0.2354 -0.817 0.0692 0.2258 -0.8459 0.0733 0.2188 -0.8593 0.0293 0.2624 -0.8651 0.0371 0.2539 -0.8746 0.0462 0.2436 -0.887 0.0567 0.2316 -0.8842 0.0427 0.2463
106.0 -0.9305 0.0442 0.2402 -0.8355 0.0539 0.2396 -0.805 0.0458 0.2509 -0.8075 0.0601 0.236 -0.8089 0.0679 0.228 -0.8408 0.0746 0.218 -0.8568 0.0303 0.2617 -0.8616 0.0376 0.2538 -0.871 0.0461 0.2441 -0.8825 0.0561 0.2327 -0.8805 0.0428 0.2465
107.0 -0.9296 0.0437 0.2408 -0.8198 0.0347 0.2609 -0.8049 0.0452 0.2516 -0.8079 0.0625 0.2336 -0.8096 0.0721 0.2236 -0.8374 0.075 0.2178 -0.8575 0.029 0.263 -0.8613 0.0407 0.2506 -0.8685 0.0519 0.2384 -0.8791 0.0621 0.227 -0.8792 0.0455 0.2439
108.0 -0.9317 0.0458 0.2384 -0.8342 0.0718 0.2215 -0.8052 0.047 0.2497 -0.807 0.0572 0.2392 -0.8065 0.0542 0.2423 -0.8254 0.0467 0.248 -0.8521 0.0382 0.254 -0.8562 0.0365 0.2554 -0.8648 0.0353 0.2558 -0.8771 0.0355 0.2544 -0.8764 0.0383 0.2516
109.0 -0.9184 0.0403 0.2453 -0.8205 0.034 0.2615 -0.8031 0.0351 0.2621 -0.8064 0.0536 0.2429 -0.809 0.0685 0.2274 -0.8305 0.076 0.2176 -0.8542 0.0251 0.2672 -0.857 0.0364 0.2555 -0.8634 0.0477 0.2432 -0.8715 0.0588 0.231 -0.8729 0.0417 0.2484
110.0 -0.912 0.0387 0.2476 -0.8197 0.0341 0.2615 -0.8029 0.0339 0.2633 -0.8059 0.0506 0.246 -0.8089 0.0679 0.228 -0.8252 0.0755 0.2186 -0.8497 0.0245 0.2683 -0.8524 0.0351 0.2571 -0.8588 0.0465 0.2449 -0.8685 0.0568 0.2334 -0.8683 0.0403 0.2503
111.0 -0.9111 0.0388 0.2476 -0.8106 0.0274 0.2693 -0.803 0.0345 0.2627 -0.806 0.0512 0.2454 -0.8084 0.0649 0.2311 -0.8206 0.0743 0.2203 -0.8445 0.0252 0.2681 -0.8473 0.0358 0.2569 -0.8535 0.0466 0.2453 -0.8623 0.0564 0.2344 -0.8637 0.0406 0.2505
112.0 -0.9074 0.0375 0.2493 -0.8075 0.0296 0.2673 -0.803 0.0345 0.2627 -0.8065 0.0542 0.2423 -0.8089 0.0679 0.228 -0.8123 0.0772 0.2181 -0.8379 0.0225 0.2716 -0.8416 0.0336 0.2599 -0.848 0.0449 0.2476 -0.8569 0.0559 0.2355 -0.8583 0.0389 0.2528
113.0 -0.8961 0.0384 0.2495 -0.8103 0.0408 0.2555 -0.8026 0.0321 0.2652 -0.8056 0.0494 0.2472 -0.8074 0.0595 0.2367 -0.8092 0.0697 0.2261 -0.8291 0.0224 0.2725 -0.8316 0.0319 0.2626 -0.8368 0.0415 0.2522 -0.8456 0.0513 0.2413 -0.8478 0.0371 0.2556
114.0 -0.8899 0.038 0.2505 -0.805 0.0257 0.2715 -0.8016 0.0261 0.2714 -0.8055 0.0488 0.2478 -0.8076 0.0607 0.2354 -0.8094 0.0709 0.2249 -0.8266 0.0234 0.2718 -0.8294 0.0346 0.26 -0.8356 0.0447 0.249 -0.8452 0.0544 0.2381 -0.8453 0.039 0.2539
115.0 -0.8911 0.0403 0.248 -0.8088 0.0673 0.2286 -0.8051 0.0464 0.2503 -0.8054 0.0482 0.2485 -0.8051 0.0464 0.2503 -0.8042 0.041 0.2559 -0.8251 0.0352 0.2598 -0.8261 0.0308 0.2642 -0.8282 0.0274 0.2674 -0.8323 0.0257 0.2689 -0.8406 0.0319 0.2617
116.0 -0.8807 0.0411 0.2483 -0.8091 0.0691 0.2267 -0.8068 0.056 0.2404 -0.8057 0.05 0.2466 -0.8049 0.0452 0.2516 -0.8031 0.0351 0.2621 -0.8203 0.0425 0.2528 -0.8173 0.0356 0.2602 -0.8163 0.0296 0.2664 -0.8159 0.0224 0.2738 -0.8301 0.0343 0.2603
117.0 -0.8812 0.0386 0.2508 -0.8089 0.0679 0.228 -0.8071 0.0578 0.2385 -0.806 0.0512 0.2454 -0.8047 0.044 0.2528 -0.8024 0.0309 0.2665 -0.8195 0.0384 0.2571 -0.8141 0.0324 0.2638 -0.8095 0.0263 0.2705 -0.8049 0.0202 0.2772 -0.8258 0.0312 0.2639
118.0 -0.8794 0.0388 0.2507 -0.8092 0.0697 0.2261 -0.8074 0.0595 0.2367 -0.8065 0.0542 0.2423 -0.8055 0.0488 0.2478 -0.8038 0.0387 0.2584 -0.8122 0.0369 0.2593 -0.8095 0.0312 0.2655 -0.8077 0.0259 0.271 -0.806 0.0213 0.276 -0.823 0.0308 0.2645
119.0 -0.8764 0.0368 0.2531 -0.8089 0.0679 0.228 -0.8071 0.0578 0.2385 -0.8059 0.0506 0.246 -0.8048 0.0446 0.2522 -0.8027 0.0327 0.2646 -0.8084 0.0399 0.2567 -0.8045 0.0331 0.264 -0.8018 0.0273 0.2702 -0.8005 0.0202 0.2776 -0.8183 0.0314 0.2643
119.0 -0.8764 0.0368 0.2531 -0.8089 0.0679 0.228 -0.8071 0.0578 0.2385 -0.8059 0.0506 0.246 -0.8048 0.0446 0.2522 -0.8027 0.0327 0.2646 -0.8084 0.0399 0.2567 -0.8045 0.0331 0.264 -0.8018 0.0273 0.2702 -0.8005 0.0202 0.2776 -0.8183 0.0314 0.2643
119.0 -0.8764 0.0368 0.2531 -0.8089 0.0679 0.228 -0.8071 0.0578 0.2385 -0.8059 0.0506 0.246 -0.8048 0.0446 0.2522 -0.8027 0.0327 0.2646 -0.8084 0.0399 0.2567 -0.8045 0.0331 0.264 -0.8018 0.0273 0.2702 -0.8005 0.0202 0.2776 -0.8183 0.0314 0.2643
119.0 -0.8764 0.0368 0.2531 -0.8089 0.0679 0.228 -0.8071 0.0578 0.2385 -0.8059 0.0506 0.246 -0.8048 0.0446 0.2522 -0.8027 0.0327 0.2646 -0.8084 0.0399 0.2567 -0.8045 0.0331 0.264 -0.8018 0.0273 0.2702 -0.8005 0.0202 0.2776 -0.8183 0.0314 0.2643
119.0 -0.8764 0.0368 0.2531 -0.8089 0.0679 0.228 -0.8071 0.0578 0.2385 -0.8059 0.0506 0.246 -0.8048 0.0446 0.2522 -0.8027 0.0327 0.2646 -0.8084 0.0399 0.2567 -0.8045 0.0331 0.264 -0.8018 0.0273 0.2702 -0.8005 0.0202 0.2776 -0.8183 0.0314 0.2643
119.0 -0.8764 0.0368 0.2531 -0.8089 0.0679 0.228 -0.8071 0.0578 0.2385 -0.8059 0.0506 0.246 -0.8048 0.0446 0.2522 -0.8027 0.0327 0.2646 -0.8084 0.0399 0.2567 -0.8045 0.0331 0.264 -0.8018 0.0273 0.2702 -0.8005 0.0202 0.2776 -0.8183 0.0314 0.2643
119.0 -0.8764 0.0368 0.2531 -0.8089 0.0679 0.228 -0.8071 0.0578 0.2385 -0.8059 0.0506 0.246 -0.8048 0.0446 0.2522 -0.8027 0.0327 0.2646 -0.8084 0.0399 0.2567 -0.8045 0.0331 0.264 -0.8018 0.0273 0.2702 -0.8005 0.0202 0.2776 -0.8183 0.0314 0.2643
119.0 -0.8764 0.0368 0.2531 -0.8089 0.0679 0.228 -0.8071 0.0578 0.2385 -0.8059 0.0506 0.246 -0.8048 0.0446 0.2522 -0.8027 0.0327 0.2646 -0.8084 0.0399 0.2567 -0.8045 0.0331 0.264 -0.8018 0.0273 0.2702 -0.8005 0.0202 0.2776 -0.8183 0.0314 0.2643
119.0 -0.8764 0.0368 0.2531 -0.8089 0.0679 0.228 -0.8071 0.0578 0.2385 -0.8059 0.0506 0.246 -0.8048 0.0446 0.2522 -0.8027 0.0327 0.2646 -0.8084 0.0399 0.2567 -0.8045 0.0331 0.264 -0.8018 0.0273 0.2702 -0.8005 0.0202 0.2776 -0.8183 0.0314 0.2643
119.0 -0.8764 0.0368 0.2531 -0.8089 0.0679 0.228 -0.8071 0.0578 0.2385 -0.8059 0.0506 0.246 -0.8048 0.0446 0.2522 -0.8027 0.0327 0.2646 -0.8084 0.0399 0.2567 -0.8045 0.0331 0.264 -0.8018 0.0273 0.2702 -0.8005 0.0202 0.2776 -0.8183 0.0314 0.2643
119.0 -0.8764 0.0368 0.2531 -0.8089 0.0679 0.228 -0.8071 0.0578 0.2385 -0.8059 0.0506 0.246 -0.8048 0.0446 0.2522 -0.8027 0.0327 0.2646 -0.8084 0.0399 0.2567 -0.8045 0.0331 0.264 -0.8018 0.0273 0.2702 -0.8005 0.0202 0.2776 -0.8183 0.0314 0.2643
119.0 -0.8764 0.0368 0.2531 -0.8089 0.0679 0.228 -0.8071 0.0578 0.2385 -0.8059 0.0506 0.246 -0.8048 0.0446 0.2522 -0.8027 0.0327 0.2646 -0.8084 0.0399 0.2567 -0.8045 0.0331 0.264 -0.8018 0.0273 0.2702 -0.8005 0.0202 0.2776 -0.8183 0.0314 0.2643
119.0 -0.8764 0.0368 0.2531 -0.8089 0.0679 0.228 -0.8071 0.0578 0.2385 -0.8059 0.0506 0.246 -0.8048 0.0446 0.2522 -0.8027 0.0327 0.2646 -0.8084 0.0399 0.2567 -0.8045 0.0331 0.264 -0.8018 0.0273 0.2702 -0.8005 0.0202 0.2776 -0.8183 0.0314 0.2643
119.0 -0.8764 0.0368 0.2531 -0.8089 0.0679 0.228 -0.8071 0.0578 0.2385 -0.8059 0.0506 0.246 -0.8048 0.0446 0.2522 -0.8027 0.0327 0.2646 -0.8084 0.0399 0.2567 -0.8045 0.0331 0.264 -0.8018 0.0273 0.2702 -0.8005 0.0202 0.2776 -0.8183 0.0314 0.2643
119.0 -0.8764 0.0368 0.2531 -0.8089 0.0679 0.228 -0.8071 0.0578 0.2385 -0.8059 0.0506 0.246 -0.8048 0.0446 0.2522 -0.8027 0.0327 0.2646 -0.8084 0.0399 0.2567 -0.8045 0.0331 0.264 -0.8018 0.0273 0.2702 -0.8005 0.0202 0.2776 -0.8183 0.0314 0.2643
119.0 -0.8764 0.0368 0.2531 -0.8089 0.0679 0.228 -0.8071 0.0578 0.2385 -0.8059 0.0506 0.246 -0.8048 0.0446 0.2522 -0.8027 0.0327 0.2646 -0.8084 0.0399 0.2567 -0.8045 0.0331 0.264 -0.8018 0.0273 0.2702 -0.8005 0.0202 0.2776 -0.8183 0.0314 0.2643
119.0 -0.8764 0.0368 0.2531 -0.8089 0.0679 0.228 -0.8071 0.0578 0.2385 -0.8059 0.0506 0.246 -0.8048 0.0446 0.2522 -0.8027 0.0327 0.2646 -0.8084 0.0399 0.2567 -0.8045 0.0331 0.264 -0.8018 0.0273 0.2702 -0.8005 0.0202 0.2776 -0.8183 0.0314 0.2643
119.0 -0.8764 0.0368 0.2531 -0.8089 0.0679 0.228 -0.8071 0.0578 0.2385 -0.8059 0.0506 0.246 -0.8048 0.0446 0.2522 -0.8027 0.0327 0.2646 -0.8084 0.0399 0.2567 -0.8045 0.0331 0.264 -0.8018 0.0273 0.2702 -0.8005 0.0202 0.2776 -0.8183 0.0314 0.2643
119.0 -0.8764 0.0368 0.2531 -0.8089 0.0679 0.228 -0.8071 0.0578 0.2385 -0.8059 0.0506 0.246 -0.8048 0.0446 0.2522 -0.8027 0.0327 0.2646 -0.8084 0.0399 0.2567 -0.8045 0.0331 0.264 -0.8018 0.0273 0.2702 -0.8005 0.0202 0.2776 -0.8183 0.0314 0.2643
119.0 -0.8764 0.0368 0.2531 -0.8089 0.0679 0.228 -0.8071 0.0578 0.2385 -0.8059 0.0506 0.246 -0.8048 0.0446 0.2522 -0.8027 0.0327 0.2646 -0.8084 0.0399 0.2567 -0.8045 0.0331 0.264 -0.8018 0.0273 0.2702 -0.8005 0.0202 0.2776 -0.8183 0.0314 0.2643
119.0 -0.8764 0.0368 0.2531 -0.8089 0.0679 0.228 -0.8071 0.0578 0.2385 -0.8059 0.0506 0.246 -0.8048 0.0446 0.2522 -0.8027 0.0327 0.2646 -0.8084 0.0399 0.2567 -0.8045 0.0331 0.264 -0.8018 0.0273 0.2702 -0.8005 0.0202 0.2776 -0.8183 0.0314 0.2643
119.0 -0.8764 0.0368 0.2531 -0.8089 0.0679 0.228 -0.8071 0.0578 0.2385 -0.8059 0.0506 0.246 -0.8048 0.0446 0.2522 -0.8027 0.0327 0.2646 -0.8084 0.0399 0.2567 -0.8045 0.0331 0.264 -0.8018 0.0273 0.2702 -0.8005 0.0202 0.2776 -0.8183 0.0314 0.2643
119.0 -0.8764 0.0368 0.2531 -0.8089 0.0679 0.228 -0.8071 0.0578 0.2385 -0.8059 0.0506 0.246 -0.8048 0.0446 0.2522 -0.8027 0.0327 0.2646 -0.8084 0.0399 0.2567 -0.8045 0.0331 0.264 -0.8018 0.0273 0.2702 -0.8005 0.0202 0.2776 -0.8183 0.0314 0.2643
119.0 -0.8764 0.0368 0.2531 -0.8089 0.0679 0.228 -0.8071 0.0578 0.2385 -0.8059 0.0506 0.246 -0.8048 0.0446 0.2522 -0.8027 0.0327 0.2646 -0.8084 0.0399 0.2567 -0.8045 0.0331 0.264 -0.8018 0.0273 0.2702 -0.8005 0.0202 0.2776 -0.8183 0.0314 0.2643
119.0 -0.8764 0.0368 0.2531 -0.8089 0.0679 0.228 -0.8071 0.0578 0.2385 -0.8059 0.0506 0.246 -0.8048 0.0446 0.2522 -0.8027 0.0327 0.2646 -0.8084 0.0399 0.2567 -0.8045 0.0331 0.264 -0.8018 0.0273 0.2702 -0.8005 0.0202 0.2776 -0.8183 0.0314 0.2643
119.0 -0.8764 0.0368 0.2531 -0.8089 0.0679 0.228 -0.8071 0.0578 0.2385 -0.8059 0.0506 0.246 -0.8048 0.0446 0.2522 -0.8027 0.0327 0.2646 -0.8084 0.0399 0.2567 -0.8045 0.0331 0.264 -0.8018 0.0273 0.2702 -0.8005 0.0202 0.2776 -0.8183 0.0314 0.2643
119.0 -0.8764 0.0368 0.2531 -0.8089 0.0679 0.228 -0.8071 0.0578 0.2385 -0.8059 0.0506 0.246 -0.8048 0.0446 0.2522 -0.8027 0.0327 0.2646 -0.8084 0.0399 0.2567 -0.8045 0.0331 0.264 -0.8018 0.0273 0.2702 -0.8005 0.0202 0.2776 -0.8183 0.0314 0.2643
119.0 -0.8764 0.0368 0.2531 -0.8089 0.0679 0.228 -0.8071 0.0578 0.2385 -0.8059 0.0506 0.246 -0.8048 0.0446 0.2522 -0.8027 0.0327 0.2646 -0.8084 0.0399 0.2567 -0.8045 0.0331 0.264 -0.8018 0.0273 0.2702 -0.8005 0.0202 0.2776 -0.8183 0.0314 0.2643
119.0 -0.8764 0.0368 0.2531 -0.8089 0.0679 0.228 -0.8071 0.0578 0.2385 -0.8059 0.0506 0.246 -0.8048 0.0446 0.2522 -0.8027 0.0327 0.2646 -0.8084 0.0399 0.2567 -0.8045 0.0331 0.264 -0.8018 0.0273 0.2702 -0.8005 0.0202 0.2776 -0.8183 0.0314 0.2643
119.0 -0.8764 0.0368 0.2531 -0.8089 0.0679 0.228 -0.8071 0.0578 0.2385 -0.8059 0.0506 0.246 -0.8048 0.0446 0.2522 -0.8027 0.0327 0.2646 -0.8084 0.0399 0.2567 -0.8045 0.0331 0.264 -0.8018 0.0273 0.2702 -0.8005 0.0202 0.2776 -0.8183 0.0314 0.2643
119.0 -0.8764 0.0368 0.2531 -0.8089 0.0679 0.228 -0.8071 0.0578 0.2385 -0.8059 0.0506 0.246 -0.8048 0.0446 0.2522 -0.8027 0.0327 0.2646 -0.8084 0.0399 0.2567 -0.8045 0.0331 0.264 -0.8018 0.0273 0.2702 -0.8005 0.0202 0.2776 -0.8183 0.0314 0.2643
119.0 -0.8764 0.0368 0.2531 -0.8089 0.0679 0.228 -0.8071 0.0578 0.2385 -0.8059 0.0506 0.246 -0.8048 0.0446 0.2522 -0.8027 0.0327 0.2646 -0.8084 0.0399 0.2567 -0.8045 0.0331 0.264 -0.8018 0.0273 0.2702 -0.8005 0.0202 0.2776 -0.8183 0.0314 0.2643
119.0 -0.8764 0.0368 0.2531 -0.8089 0.0679 0.228 -0.8071 0.0578 0.2385 -0.8059 0.0506 0.246 -0.8048 0.0446 0.2522 -0.8027 0.0327 0.2646 -0.8084 0.0399 0.2567 -0.8045 0.0331 0.264 -0.8018 0.0273 0.2702 -0.8005 0.0202 0.2776 -0.8183 0.0314 0.2643
119.0 -0.8764 0.0368 0.2531 -0.8089 0.0679 0.228 -0.8071 0.0578 0.2385 -0.8059 0.0506 0.246 -0.8048 0.0446 0.2522 -0.8027 0.0327 0.2646 -0.8084 0.0399 0.2567 -0.8045 0.0331 0.264 -0.8018 0.0273 0.2702 -0.8005 0.0202 0.2776 -0.8183 0.0314 0.2643
119.0 -0.8764 0.0368 0.2531 -0.8089 0.0679 0.228 -0.8071 0.0578 0.2385 -0.8059 0.0506 0.246 -0.8048 0.0446 0.2522 -0.8027 0.0327 0.2646 -0.8084 0.0399 0.2567 -0.8045 0.0331 0.264 -0.8018 0.0273 0.2702 -0.8005 0.0202 0.2776 -0.8183 0.0314 0.2643
119.0 -0.8764 0.0368 0.2531 -0.8089 0.0679 0.228 -0.8071 0.0578 0.2385 -0.8059 0.0506 0.246 -0.8048 0.0446 0.2522 -0.8027 0.0327 0.2646 -0.8084 0.0399 0.2567 -0.8045 0.0331 0.264 -0.8018 0.0273 0.2702 -0.8005 0.0202 0.2776 -0.8183 0.0314 0.2643
119.0 -0.8764 0.0368 0.2531 -0.8089 0.0679 0.228 -0.8071 0.0578 0.2385 -0.8059 0.0506 0.246 -0.8048 0.0446 0.2522 -0.8027 0.0327 0.2646 -0.8084 0.0399 0.2567 -0.8045 0.0331 0.264 -0.8018 0.0273 0.2702 -0.8005 0.0202 0.2776 -0.8183 0.0314 0.2643
119.0 -0.8764 0.0368 0.2531 -0.8089 0.0679 0.228 -0.8071 0.0578 0.2385 -0.8059 0.0506 0.246 -0.8048 0.0446 0.2522 -0.8027 0.0327 0.2646 -0.8084 0.0399 0.2567 -0.8045 0.0331 0.264 -0.8018 0.0273 0.2702 -0.8005 0.0202 0.2776 -0.8183 0.0314 0.2643
119.0 -0.8764 0.0368 0.2531 -0.8089 0.0679 0.228 -0.8071 0.0578 0.2385 -0.8059 0.0506 0.246 -0.8048 0.0446 0.2522 -0.8027 0.0327 0.2646 -0.8084 0.0399 0.2567 -0.8045 0.0331 0.264 -0.8018 0.0273 0.2702 -0.8005 0.0202 0.2776 -0.8183 0.0314 0.2643
119.0 -0.8764 0.0368 0.2531 -0.8089 0.0679 0.228 -0.8071 0.0578 0.2385 -0.8059 0.0506 0.246 -0.8048 0.0446 0.2522 -0.8027 0.0327 0.2646 -0.8084 0.0399 0.2567 -0.8045 0.0331 0.264 -0.8018 0.0273 0.2702 -0.8005 0.0202 0.2776 -0.8183 0.0314 0.2643
119.0 -0.8764 0.0368 0.2531 -0.8089 0.0679 0.228 -0.8071 0.0578 0.2385 -0.8059 0.0506 0.246 -0.8048 0.0446 0.2522 -0.8027 0.0327 0.2646 -0.8084 0.0399 0.2567 -0.8045 0.0331 0.264 -0.8018 0.0273 0.2702 -0.8005 0.0202 0.2776 -0.8183 0.0314 0.2643
160.0 -0.8765 0.027 0.2631 -0.8084 0.0649 0.2311 -0.8081 0.0582 0.2379 -0.8078 0.0467 0.2498 -0.8033 0.0363 0.2609 -0.8007 0.0214 0.2764 -0.8065 0.0542 0.2423 -0.8046 0.0434 0.2534 -0.8026 0.0321 0.2652 -0.8001 0.0178 0.2801 -0.8181 0.0349 0.2608
161.0 -0.8768 0.0288 0.2612 -0.8088 0.0673 0.2286 -0.8162 0.0596 0.2358 -0.8156 0.0511 0.2445 -0.8106 0.0426 0.2537 -0.8025 0.0315 0.2658 -0.8055 0.0488 0.2478 -0.8041 0.0405 0.2565 -0.8024 0.0309 0.2665 -0.8004 0.0196 0.2782 -0.8178 0.0337 0.2621
162.0 -0.8845 0.0278 0.2615 -0.8083 0.0643 0.2317 -0.825 0.0596 0.2349 -0.8239 0.053 0.2417 -0.8154 0.045 0.2507 -0.8028 0.0333 0.264 -0.8121 0.051 0.245 -0.8047 0.044 0.2528 -0.8031 0.0351 0.2621 -0.8008 0.022 0.2758 -0.8211 0.036 0.2594
163.0 -0.8864 0.0281 0.261 -0.812 0.0608 0.235 -0.8283 0.058 0.2362 -0.8271 0.0514 0.2431 -0.8169 0.0436 0.252 -0.8027 0.0327 0.2646 -0.8127 0.0546 0.2412 -0.8053 0.0476 0.2491 -0.8036 0.0375 0.2596 -0.8011 0.0237 0.2739 -0.8218 0.0383 0.257
164.0 -0.8925 0.0279 0.2606 -0.8107 0.0683 0.2274 -0.8205 0.0639 0.2309 -0.824 0.0585 0.2361 -0.8191 0.0506 0.2446 -0.8042 0.041 0.2559 -0.8183 0.0465 0.249 -0.8103 0.0408 0.2555 -0.8039 0.0344 0.2628 -0.8011 0.0237 0.2739 -0.8252 0.0347 0.2603
165.0 -0.909 0.0269 0.26 -0.8025 0.0315 0.2658 -0.8046 0.0434 0.2534 -0.807 0.0572 0.2392 -0.8087 0.0667 0.2292 -0.819 0.0757 0.219 -0.8294 0.0242 0.2706 -0.8381 0.034 0.2597 -0.8495 0.0435 0.2489 -0.8624 0.0521 0.2388 -0.8577 0.0361 0.2556
166.0 -0.9148 0.0249 0.2614 -0.8022 0.0297 0.2677 -0.8038 0.0387 0.2584 -0.8063 0.053 0.2435 -0.8102 0.0653 0.2305 -0.8224 0.0746 0.2198 -0.8359 0.0215 0.2727 -0.8439 0.032 0.2612 -0.8545 0.0422 0.2497 -0.8684 0.0513 0.239 -0.8635 0.0344 0.2568
167.0 -0.9183 0.0244 0.2616 -0.8084 0.0301 0.2667 -0.8047 0.044 0.2528 -0.8066 0.0548 0.2416 -0.8094 0.066 0.2299 -0.8256 0.073 0.2211 -0.8377 0.0213 0.2728 -0.8464 0.0311 0.2619 -0.8579 0.0411 0.2505 -0.8718 0.0502 0.2398 -0.8664 0.0336 0.2573
168.0 -0.9217 0.024 0.2617 -0.8024 0.0309 0.2665 -0.8051 0.0464 0.2503 -0.8074 0.0595 0.2367 -0.8092 0.0697 0.2261 -0.8292 0.0731 0.2206 -0.8413 0.022 0.2717 -0.8508 0.0311 0.2615 -0.8622 0.0406 0.2507 -0.8761 0.0497 0.24 -0.8704 0.0335 0.2571
169.0 -0.9243 0.0236 0.2618 -0.8037 0.0283 0.269 -0.8045 0.0428 0.254 -0.8072 0.0584 0.2379 -0.8092 0.0697 0.2261 -0.8333 0.0719 0.2214 -0.8494 0.0227 0.2701 -0.8563 0.0322 0.2598 -0.8667 0.0412 0.2496 -0.8804 0.0491 0.2401 -0.8754 0.0338 0.2563
170.0 -0.9294 0.0229 0.262 -0.8066 0.0297 0.2672 -0.8044 0.0422 0.2547 -0.8074 0.0595 0.2367 -0.8118 0.0693 0.2262 -0.8367 0.0709 0.2222 -0.8544 0.0214 0.271 -0.8622 0.0308 0.2606 -0.8735 0.0402 0.2498 -0.8866 0.0495 0.2391 -0.8812 0.033 0.2565
171.0 -0.9338 0.0229 0.2616 -0.8114 0.0272 0.2693 -0.8049 0.0452 0.2516 -0.8076 0.0607 0.2354 -0.8195 0.0683 0.2265 -0.8427 0.0701 0.2224 -0.8559 0.0249 0.2673 -0.8644 0.0335 0.2576 -0.8764 0.0417 0.2481 -0.89 0.049 0.2392 -0.8841 0.0344 0.2548
172.0 -0.9348 0.0234 0.261 -0.8186 0.0281 0.2677 -0.8045 0.0428 0.254 -0.8074 0.0595 0.2367 -0.8248 0.0682 0.2261 -0.8463 0.0708 0.2213 -0.8616 0.0223 0.2694 -0.8702 0.0315 0.2591 -0.8806 0.0405 0.2489 -0.8943 0.0484 0.2394 -0.8883 0.0332 0.2555
173.0 -0.9409 0.0232 0.2606 -0.822 0.027 0.2685 -0.8048 0.0446 0.2522 -0.818 0.0599 0.2352 -0.8335 0.0676 0.2258 -0.8548 0.069 0.2223 -0.8661 0.0229 0.2683 -0.8748 0.0321 0.258 -0.8868 0.0409 0.2479 -0.9007 0.0494 0.2378 -0.8939 0.0337 0.2545
174.0 -0.9435 0.0229 0.2607 -0.828 0.0262 0.2687 -0.8048 0.0446 0.2522 -0.8226 0.0606 0.2341 -0.8396 0.0674 0.2254 -0.8609 0.0688 0.2219 -0.8697 0.0236 0.2672 -0.8793 0.0327 0.2569 -0.8913 0.0415 0.2468 -0.9059 0.0493 0.2374 -0.898 0.034 0.2538
175.0 -0.9506 0.0231 0.2597 -0.8359 0.0264 0.2677 -0.8177 0.0429 0.2527 -0.829 0.0572 0.2369 -0.8438 0.0662 0.2262 -0.8662 0.0687 0.2215 -0.8801 0.0223 0.2676 -0.8887 0.0315 0.2573 -0.8999 0.0403 0.2471 -0.912 0.0491 0.237 -0.9063 0.0333 0.2537
176.0 -0.9556 0.0218 0.2605 -0.8422 0.0274 0.2661 -0.8224 0.0447 0.2504 -0.8331 0.0604 0.2333 -0.8484 0.0675 0.2245 -0.8716 0.0692 0.2204 -0.8836 0.0224 0.2671 -0.8924 0.0322 0.2562 -0.9036 0.0411 0.246 -0.9163 0.0485 0.2371 -0.9103 0.0332 0.2534
177.0 -0.962 0.0228 0.2589 -0.8466 0.0274 0.2657 -0.8304 0.0448 0.2494 -0.841 0.0605 0.2323 -0.8555 0.0677 0.2235 -0.8778 0.0696 0.2194 -0.8907 0.0227 0.2661 -0.8994 0.0325 0.2552 -0.9107 0.0413 0.245 -0.9236 0.05 0.2349 -0.9173 0.0338 0.252
178.0 -0.9684 0.0244 0.2566 -0.853 0.0284 0.264 -0.8355 0.0441 0.2496 -0.8454 0.0605 0.2319 -0.8608 0.0682 0.2225 -0.8839 0.0694 0.219 -0.8968 0.0224 0.2657 -0.9047 0.0324 0.2548 -0.9152 0.0419 0.244 -0.928 0.05 0.2345 -0.9226 0.0342 0.2511
179.0 -0.9756 0.0252 0.2551 -0.8646 0.0292 0.262 -0.8463 0.0457 0.2469 -0.8552 0.061 0.2304 -0.8707 0.0693 0.2204 -0.894 0.0717 0.2157 -0.9067 0.0235 0.2636 -0.9137 0.0336 0.2527 -0.9241 0.0426 0.2424 -0.9361 0.0507 0.2329 -0.9312 0.0351 0.2493
180.0 -0.9811 0.0263 0.2534 -0.8718 0.0301 0.2604 -0.8509 0.0464 0.2458 -0.8615 0.062 0.2288 -0.877 0.0703 0.2188 -0.8995 0.0728 0.214 -0.9127 0.0227 0.2639 -0.9197 0.0328 0.2529 -0.9292 0.0419 0.2426 -0.9404 0.0502 0.2331 -0.9366 0.0348 0.2492
181.0 -1.0206 0.021 0.2549 -0.9184 0.0201 0.2659 -0.893 0.0407 0.2475 -0.9045 0.0562 0.2304 -0.9183 0.0647 0.2204 -0.9405 0.066 0.2168 -0.9531 0.0173 0.2654 -0.9602 0.0279 0.2538 -0.9716 0.0374 0.243 -0.9838 0.0467 0.2323 -0.9778 0.0301 0.2499
182.0 -1.0279 0.0225 0.2527 -0.9227 0.0196 0.2661 -0.8991 0.0405 0.2471 -0.9107 0.0566 0.2294 -0.9235 0.064 0.2206 -0.9465 0.0652 0.2171 -0.9601 0.017 0.2651 -0.9662 0.0271 0.2541 -0.976 0.0374 0.2426 -0.9872 0.0463 0.2324 -0.9835 0.03 0.2494
183.0 -1.0341 0.0228 0.2517 -0.9278 0.0189 0.2663 -0.9035 0.0405 0.2466 -0.9159 0.0559 0.2296 -0.9314 0.0642 0.2196 -0.9511 0.0664 0.2154 -0.9628 0.0178 0.2639 -0.969 0.028 0.2529 -0.9786 0.0377 0.2421 -0.9899 0.0465 0.2319 -0.9869 0.0306 0.2485
184.0 -1.0385 0.0229 0.2512 -0.9322 0.0189 0.2659 -0.9087 0.0404 0.2462 -0.922 0.0557 0.2292 -0.9355 0.0624 0.221 -0.9562 0.0651 0.2162 -0.9671 0.0172 0.2641 -0.9742 0.0273 0.2531 -0.9837 0.0364 0.2429 -0.9949 0.0452 0.2327 -0.9917 0.0298 0.2488
185.0 -1.0447 0.0232 0.2502 -0.9385 0.0193 0.2649 -0.9168 0.0411 0.2447 -0.9281 0.0555 0.2289 -0.9427 0.0633 0.2194 -0.9631 0.0642 0.2165 -0.9734 0.0176 0.2631 -0.9804 0.0276 0.2521 -0.99 0.0373 0.2412 -1.002 0.0455 0.2317 -0.9981 0.0303 0.2477
186.0 -1.051 0.0236 0.2492 -0.9451 0.0171 0.2664 -0.9256 0.0412 0.2437 -0.935 0.0545 0.2291 -0.9477 0.062 0.2202 -0.9676 0.0648 0.2154 -0.9806 0.0185 0.2615 -0.9866 0.028 0.2511 -0.9961 0.0371 0.2409 -1.0073 0.0454 0.2313 -1.0043 0.0305 0.2468
187.0 -1.0554 0.0236 0.2488 -0.9523 0.018 0.2648 -0.9328 0.042 0.2422 -0.9429 0.0547 0.2282 -0.9548 0.0623 0.2193 -0.9745 0.0645 0.215 -0.9877 0.0193 0.2599 -0.9954 0.0281 0.2502 -1.0049 0.0372 0.24 -1.017 0.0459 0.2298 -1.0121 0.0308 0.2457
188.0 -1.0589 0.0238 0.2483 -0.9594 0.0183 0.2638 -0.939 0.0424 0.2411 -0.9483 0.0552 0.2271 -0.9629 0.063 0.2177 -0.9818 0.0659 0.2128 -0.993 0.0192 0.2595 -1.0008 0.0286 0.2492 -1.0121 0.038 0.2384 -1.0242 0.0468 0.2282 -1.0178 0.0313 0.2447
189.0 -1.065 0.0236 0.2479 -0.9671 0.0172 0.2641 -0.9443 0.0423 0.2407 -0.9545 0.0556 0.2261 -0.9674 0.0636 0.2166 -0.9871 0.0658 0.2124 -1.0 0.0189 0.2591 -1.0078 0.0282 0.2488 -1.019 0.0371 0.2386 -1.0311 0.0458 0.2285 -1.0246 0.0307 0.2446
190.0 -1.0723 0.025 0.2457 -0.9733 0.017 0.2637 -0.9514 0.0426 0.2397 -0.9626 0.0563 0.2246 -0.9762 0.0636 0.2157 -0.9933 0.0662 0.2114 -1.0054 0.0194 0.2581 -1.013 0.0281 0.2484 -1.0226 0.0372 0.2381 -1.0338 0.0461 0.228 -1.0294 0.0312 0.2436
191.0 -1.0797 0.0271 0.2428 -0.9806 0.0185 0.2615 -0.9585 0.0434 0.2382 -0.9661 0.0564 0.2241 -0.9815 0.0641 0.2147 -1.0012 0.0658 0.2111 -1.0118 0.021 0.2558 -1.0178 0.0299 0.2461 -1.0264 0.0391 0.2358 -1.0375 0.0474 0.2262 -1.0346 0.0329 0.2414
192.0 -1.086 0.028 0.2412 -0.985 0.0185 0.261 -0.9649 0.0444 0.2365 -0.9762 0.0588 0.2207 -0.9923 0.0651 0.2126 -1.0092 0.0665 0.2095 -1.0163 0.0216 0.2548 -1.0224 0.0311 0.2444 -1.031 0.0404 0.2341 -1.0403 0.0483 0.2251 -1.0392 0.0339 0.2399
193.0 -1.0897 0.0288 0.2401 -0.993 0.0192 0.2595 -0.9722 0.0459 0.2343 -0.9823 0.0585 0.2203 -0.9959 0.0659 0.2115 -1.0146 0.067 0.2085 -1.0217 0.0221 0.2537 -1.0269 0.0318 0.2433 -1.0355 0.041 0.233 -1.0458 0.0494 0.2234 -1.0439 0.0346 0.2387
194.0 -1.0957 0.028 0.2403 -0.9995 0.0214 0.2566 -0.9785 0.0468 0.2327 -0.9888 0.0607 0.2175 -1.0031 0.0667 0.2099 -1.0207 0.0668 0.2081 -1.0288 0.0229 0.2521 -1.0348 0.0319 0.2424 -1.0435 0.0411 0.2321 -1.0536 0.0489 0.2231 -1.0513 0.0346 0.238
195.0 -1.0967 0.0284 0.2398 -1.0042 0.0226 0.2549 -0.984 0.0479 0.231 -0.9941 0.0606 0.217 -1.0092 0.0665 0.2095 -1.0278 0.0671 0.2071 -1.0316 0.0238 0.251 -1.0376 0.0327 0.2412 -1.0469 0.0407 0.2322 -1.057 0.0478 0.2239 -1.054 0.0347 0.2376
196.0 -1.1015 0.0308 0.2368 -1.0102 0.0267 0.2501 -0.9893 0.0484 0.23 -1.0003 0.061 0.216 -1.0154 0.0669 0.2085 -1.0321 0.0665 0.2073 -1.0387 0.024 0.25 -1.0455 0.0329 0.2403 -1.054 0.0409 0.2312 -1.0641 0.0481 0.2229 -1.0608 0.0354 0.2362
197.0 -1.1066 0.0301 0.237 -1.0159 0.0296 0.2466 -0.9947 0.0489 0.2289 -1.0066 0.0614 0.215 -1.0217 0.0673 0.2075 -1.0376 0.0676 0.2056 -1.0449 0.0244 0.249 -1.0517 0.0327 0.2399 -1.0602 0.0413 0.2302 -1.0695 0.0492 0.2212 -1.0666 0.0356 0.2355
198.0 -1.1232 0.0291 0.2364 -1.0344 0.0246 0.2498 -1.0125 0.0502 0.2259 -1.0188 0.0609 0.2143 -1.0339 0.0668 0.2067 -1.0523 0.0662 0.2056 -1.062 0.0264 0.2453 -1.0678 0.0342 0.2368 -1.0762 0.0422 0.2277 -1.0853 0.0489 0.22 -1.0829 0.0362 0.2332
199.0 -1.1303 0.0294 0.2354 -1.0387 0.024 0.25 -1.0161 0.0503 0.2254 -1.0252 0.0625 0.212 -1.0439 0.0686 0.204 -1.0561 0.0681 0.2032 -1.0654 0.0259 0.2454 -1.0703 0.0338 0.2369 -1.0787 0.0413 0.2284 -1.0879 0.0486 0.2201 -1.0865 0.0358 0.2332
200.0 -1.1339 0.0301 0.2343 -1.0442 0.0251 0.2483 -1.0231 0.0506 0.2244 -1.0333 0.0633 0.2104 -1.05 0.0683 0.2036 -1.064 0.0677 0.2029 -1.0718 0.0269 0.2438 -1.0758 0.0349 0.2352 -1.0833 0.0425 0.2268 -1.0914 0.0487 0.2196 -1.0912 0.0366 0.2319
201.0 -1.1383 0.0301 0.2339 -1.0501 0.0286 0.2442 -1.0294 0.051 0.2234 -1.0386 0.0638 0.2094 -1.0553 0.0682 0.2032 -1.0707 0.0661 0.2038 -1.0751 0.0259 0.2445 -1.0807 0.0324 0.2373 -1.089 0.0399 0.2288 -1.0982 0.0472 0.2205 -1.0963 0.0351 0.233
202.0 -1.1437 0.0306 0.2328 -1.0572 0.0344 0.2376 -1.038 0.0498 0.2237 -1.0492 0.0636 0.2086 -1.0682 0.0665 0.2037 -1.0832 0.0669 0.2018 -1.0836 0.0241 0.2455 -1.0885 0.032 0.2369 -1.0961 0.0401 0.2279 -1.1061 0.0473 0.2195 -1.1036 0.0348 0.2325
203.0 -1.1516 0.0308 0.2319 -1.0598 0.034 0.2377 -1.0433 0.0503 0.2227 -1.0553 0.0633 0.2082 -1.075 0.0656 0.2039 -1.0896 0.0636 0.2045 -1.0848 0.0258 0.2437 -1.0904 0.0329 0.2358 -1.0988 0.0404 0.2273 -1.1087 0.047 0.2196 -1.1069 0.0354 0.2317
204.0 -1.1556 0.0284 0.2339 -1.0631 0.0379 0.2335 -1.0461 0.0511 0.2216 -1.0613 0.0625 0.2084 -1.0793 0.065 0.2041 -1.0901 0.066 0.202 -1.0873 0.0254 0.2438 -1.093 0.0326 0.2359 -1.1022 0.0399 0.2275 -1.1122 0.0465 0.2197 -1.1101 0.0346 0.2322
205.0 -1.1637 0.0292 0.2324 -1.0634 0.0342 0.2372 -1.0503 0.05 0.2223 -1.0656 0.062 0.2086 -1.0853 0.0642 0.2043 -1.0969 0.0651 0.2023 -1.0917 0.0254 0.2433 -1.0975 0.0332 0.2348 -1.1058 0.0406 0.2264 -1.1157 0.0466 0.2193 -1.1149 0.035 0.2312
206.0 -1.1714 0.0281 0.2327 -1.0669 0.0343 0.2367 -1.0538 0.0501 0.2219 -1.0699 0.0614 0.2087 -1.087 0.0633 0.205 -1.101 0.0633 0.2037 -1.0964 0.0267 0.2416 -1.1029 0.0337 0.2338 -1.1111 0.0405 0.226 -1.1225 0.0451 0.2201 -1.1208 0.0348 0.2308
207.0 -1.1798 0.0258 0.2342 -1.0738 0.0334 0.237 -1.058 0.0489 0.2226 -1.0731 0.0597 0.2101 -1.092 0.0621 0.2059 -1.1072 0.0637 0.2027 -1.0989 0.0263 0.2417 -1.1055 0.0334 0.2339 -1.1154 0.04 0.2261 -1.1285 0.0443 0.2204 -1.1256 0.0339 0.2313
208.0 -1.1742 0.029 0.2315 -1.0728 0.0329 0.2376 -1.061 0.051 0.2203 -1.0762 0.0624 0.2071 -1.0968 0.0645 0.2029 -1.1101 0.0651 0.2009 -1.1016 0.0266 0.2412 -1.1073 0.0337 0.2333 -1.1155 0.0406 0.2255 -1.1261 0.0458 0.219 -1.1249 0.0351 0.2301
209.0 -1.1865 0.0242 0.2351 -1.0741 0.0352 0.2351 -1.0654 0.051 0.2198 -1.0805 0.0618 0.2073 -1.0993 0.0635 0.2036 -1.1136 0.0646 0.2011 -1.1043 0.0268 0.2407 -1.1117 0.0337 0.2328 -1.1215 0.0397 0.2257 -1.1338 0.0448 0.2193 -1.1316 0.0339 0.2307
210.0 -1.1833 0.0259 0.2337 -1.0786 0.0358 0.2341 -1.0672 0.0507 0.2199 -1.0802 0.06 0.2091 -1.0997 0.061 0.2062 -1.1142 0.0633 0.2023 -1.106 0.0266 0.2407 -1.1127 0.0348 0.2316 -1.1218 0.0415 0.2239 -1.1342 0.0466 0.2175 -1.1316 0.0351 0.2295
211.0 -1.1819 0.0279 0.2318 -1.0858 0.0366 0.2325 -1.0707 0.0509 0.2194 -1.0839 0.0607 0.208 -1.1045 0.0628 0.2038 -1.1163 0.0649 0.2005 -1.1111 0.0253 0.2416 -1.1167 0.0325 0.2337 -1.1251 0.0399 0.2252 -1.1358 0.0458 0.2182 -1.1341 0.0343 0.2301
212.0 -1.1844 0.027 0.2325 -1.0928 0.0363 0.2321 -1.0752 0.0515 0.2183 -1.0868 0.0628 0.2057 -1.1091 0.064 0.2021 -1.1189 0.0651 0.2 -1.1155 0.0253 0.2411 -1.122 0.0324 0.2332 -1.1311 0.0391 0.2255 -1.1418 0.045 0.2184 -1.1389 0.0337 0.2302
213.0 -1.1862 0.0273 0.232 -1.0961 0.0352 0.2329 -1.0788 0.0522 0.2172 -1.0902 0.0617 0.2064 -1.1099 0.0639 0.2022 -1.1207 0.0649 0.2001 -1.1183 0.0261 0.24 -1.1239 0.0333 0.2321 -1.132 0.0395 0.2249 -1.1428 0.0454 0.2178 -1.1406 0.0344 0.2293
214.0 -1.1932 0.027 0.2316 -1.0905 0.0384 0.2302 -1.0816 0.0531 0.2161 -1.0946 0.0617 0.206 -1.1106 0.0626 0.2035 -1.1224 0.0647 0.2002 -1.1162 0.0295 0.2368 -1.1228 0.0371 0.2283 -1.1328 0.0437 0.2205 -1.1441 0.0483 0.2147 -1.1418 0.0371 0.2264
215.0 -1.1978 0.0282 0.2299 -1.0957 0.0377 0.2304 -1.0838 0.0552 0.2137 -1.0983 0.063 0.2042 -1.116 0.0637 0.2018 -1.1277 0.0652 0.1991 -1.1182 0.031 0.235 -1.1257 0.0386 0.2265 -1.1348 0.0453 0.2188 -1.1469 0.0491 0.2136 -1.1447 0.0384 0.2248
216.0 -1.1954 0.0298 0.2286 -1.0987 0.0398 0.228 -1.0866 0.0561 0.2125 -1.0995 0.0647 0.2024 -1.1146 0.0657 0.1999 -1.1271 0.0665 0.1978 -1.1201 0.0314 0.2344 -1.1267 0.039 0.2259 -1.1365 0.045 0.2188 -1.148 0.0502 0.2124 -1.1453 0.0391 0.224
217.0 -1.1946 0.0299 0.2286 -1.1036 0.0379 0.2294 -1.0887 0.0582 0.2101 -1.1044 0.0677 0.1988 -1.1214 0.0691 0.1958 -1.1328 0.0688 0.1949 -1.121 0.0319 0.2338 -1.1275 0.0389 0.226 -1.1357 0.0452 0.2188 -1.147 0.0497 0.213 -1.1452 0.0391 0.224
218.0 -1.1948 0.0311 0.2273 -1.1046 0.0384 0.2288 -1.0897 0.0587 0.2095 -1.1036 0.0678 0.1988 -1.1198 0.0699 0.1951 -1.1321 0.0701 0.1937 -1.1246 0.032 0.2333 -1.1301 0.0386 0.2261 -1.1391 0.0447 0.2189 -1.1496 0.0494 0.2131 -1.1476 0.0392 0.2237
219.0 -1.1958 0.0322 0.2261 -1.105 0.0408 0.2263 -1.0905 0.0586 0.2095 -1.1035 0.0672 0.1994 -1.1205 0.0692 0.1957 -1.132 0.0695 0.1943 -1.1236 0.0315 0.2339 -1.1301 0.0386 0.2261 -1.1382 0.0448 0.2189 -1.1496 0.0494 0.2131 -1.1475 0.0393 0.2236
220.0 -1.1968 0.0326 0.2255 -1.1052 0.0419 0.2251 -1.0908 0.0604 0.2077 -1.1054 0.0682 0.1983 -1.1181 0.0701 0.195 -1.1304 0.0703 0.1936 -1.1237 0.0321 0.2333 -1.1302 0.0392 0.2254 -1.1385 0.046 0.2176 -1.1491 0.0513 0.2112 -1.1477 0.0402 0.2226
221.0 -1.1958 0.0322 0.2261 -1.1057 0.04 0.227 -1.0917 0.0603 0.2077 -1.1029 0.0691 0.1975 -1.1207 0.0704 0.1945 -1.1322 0.0707 0.193 -1.1237 0.0321 0.2333 -1.1301 0.0386 0.2261 -1.1391 0.0447 0.2189 -1.1506 0.0499 0.2125 -1.1479 0.0395 0.2234
222.0 -1.1934 0.0331 0.2254 -1.1062 0.0424 0.2245 -1.0909 0.061 0.2071 -1.1037 0.0684 0.1982 -1.1182 0.0707 0.1944 -1.1296 0.071 0.1929 -1.124 0.0339 0.2315 -1.1297 0.0411 0.2236 -1.1387 0.0472 0.2164 -1.1493 0.0525 0.2099 -1.147 0.0416 0.2214
223.0 -1.1909 0.034 0.2247 -1.1063 0.043 0.2239 -1.0923 0.0638 0.204 -1.1084 0.0702 0.1959 -1.1201 0.0717 0.1932 -1.1317 0.0726 0.1912 -1.1232 0.034 0.2314 -1.1305 0.041 0.2236 -1.1396 0.0477 0.2158 -1.1494 0.0531 0.2093 -1.1467 0.042 0.221
224.0 -1.1909 0.034 0.2247 -1.1073 0.0441 0.2227 -1.0922 0.0632 0.2046 -1.1058 0.0706 0.1958 -1.1229 0.0725 0.1921 -1.1343 0.0722 0.1913 -1.1239 0.0333 0.2321 -1.1312 0.0397 0.2249 -1.1394 0.0465 0.2171 -1.1493 0.0525 0.2099 -1.1469 0.0412 0.2217
225.0 -1.1927 0.0344 0.2241 -1.1072 0.0435 0.2233 -1.0924 0.0644 0.2034 -1.1094 0.0707 0.1953 -1.1229 0.0725 0.1921 -1.1351 0.0721 0.1913 -1.1248 0.0332 0.2321 -1.132 0.0395 0.2249 -1.1403 0.0464 0.2171 -1.15 0.0518 0.2106 -1.148 0.0411 0.2218
