1.0 -1.3429 0.0428 0.2006 -1.2702 0.0295 0.2215 -1.224 0.0369 0.2185 -1.2213 0.0519 0.2034 -1.2291 0.0613 0.1931 -1.2467 0.0662 0.1862 -1.2836 0.0209 0.2289 -1.2821 0.0321 0.2176 -1.2848 0.0427 0.2065 -1.2919 0.0534 0.1949 -1.2971 0.0384 0.2097
2.0 -1.3437 0.0427 0.2006 -1.2718 0.0286 0.2222 -1.224 0.0369 0.2185 -1.2213 0.0519 0.2034 -1.2282 0.0614 0.193 -1.2459 0.0669 0.1856 -1.2844 0.0202 0.2295 -1.282 0.0315 0.2182 -1.2847 0.0422 0.2071 -1.291 0.0529 0.1955 -1.2971 0.0379 0.2102
3.0 -1.342 0.043 0.2006 -1.27 0.0289 0.2221 -1.224 0.0369 0.2185 -1.2229 0.0511 0.2041 -1.23 0.0611 0.1931 -1.2467 0.0662 0.1862 -1.2845 0.0208 0.2289 -1.282 0.0315 0.2182 -1.2847 0.0422 0.2071 -1.291 0.0529 0.1955 -1.2968 0.0381 0.21
4.0 -1.3411 0.0425 0.2011 -1.2709 0.0287 0.2222 -1.2238 0.0363 0.2191 -1.222 0.0506 0.2046 -1.23 0.0611 0.1931 -1.2473 0.0649 0.1875 -1.2836 0.0209 0.2289 -1.2812 0.0322 0.2176 -1.2839 0.0429 0.2064 -1.291 0.0529 0.1955 -1.2962 0.0383 0.2099
5.0 -1.3412 0.0431 0.2005 -1.2698 0.0277 0.2234 -1.2238 0.0363 0.2191 -1.2229 0.0511 0.2041 -1.2308 0.061 0.1931 -1.2473 0.0649 0.1875 -1.2844 0.0202 0.2295 -1.2828 0.0314 0.2182 -1.2856 0.042 0.2071 -1.2917 0.0522 0.1961 -1.2971 0.0378 0.2103
6.0 -1.3393 0.0427 0.2011 -1.2691 0.0284 0.2227 -1.2247 0.0362 0.2191 -1.2229 0.0511 0.2041 -1.23 0.0611 0.1931 -1.2457 0.0657 0.1868 -1.2852 0.0201 0.2296 -1.2827 0.0308 0.2189 -1.2854 0.0414 0.2077 -1.2917 0.0522 0.1961 -1.2969 0.0375 0.2107
7.0 -1.3412 0.0431 0.2005 -1.2716 0.0274 0.2234 -1.2247 0.0362 0.2191 -1.2221 0.0512 0.204 -1.2301 0.0617 0.1925 -1.2466 0.0656 0.1869 -1.2861 0.02 0.2296 -1.2836 0.0307 0.2189 -1.2863 0.0413 0.2078 -1.2917 0.0522 0.1961 -1.2978 0.0375 0.2106
8.0 -1.3429 0.0428 0.2006 -1.2709 0.0287 0.2222 -1.2257 0.0367 0.2185 -1.2229 0.0511 0.2041 -1.23 0.0611 0.1931 -1.2467 0.0662 0.1862 -1.2845 0.0208 0.2289 -1.2828 0.0314 0.2182 -1.2847 0.0422 0.2071 -1.2917 0.0522 0.1961 -1.2973 0.0379 0.2102
9.0 -1.342 0.043 0.2006 -1.2691 0.0284 0.2227 -1.2257 0.0367 0.2185 -1.2238 0.051 0.2041 -1.2301 0.0617 0.1925 -1.2474 0.0655 0.1869 -1.2853 0.0207 0.229 -1.2828 0.0314 0.2182 -1.2856 0.042 0.2071 -1.2918 0.0528 0.1955 -1.2975 0.038 0.2101
10.0 -1.343 0.0434 0.2 -1.27 0.0289 0.2221 -1.2258 0.0373 0.2179 -1.2239 0.0516 0.2035 -1.2308 0.061 0.1931 -1.2467 0.0662 0.1862 -1.2862 0.0206 0.229 -1.2838 0.0319 0.2177 -1.2856 0.042 0.2071 -1.2918 0.0528 0.1955 -1.2981 0.0381 0.2098
11.0 -1.343 0.0434 0.2 -1.2709 0.0287 0.2222 -1.2266 0.0372 0.2179 -1.2239 0.0516 0.2035 -1.23 0.0611 0.1931 -1.2466 0.0656 0.1869 -1.2846 0.0214 0.2283 -1.2821 0.0321 0.2176 -1.2848 0.0427 0.2065 -1.2918 0.0528 0.1955 -1.2972 0.0385 0.2096
12.0 -1.3394 0.0433 0.2005 -1.27 0.0289 0.2221 -1.2258 0.0373 0.2179 -1.2248 0.0521 0.2029 -1.2317 0.0609 0.1932 -1.2474 0.0655 0.1869 -1.2836 0.0209 0.2289 -1.2821 0.0321 0.2176 -1.2847 0.0422 0.2071 -1.2918 0.0528 0.1955 -1.2963 0.0383 0.2099
13.0 -1.3438 0.0433 0.2 -1.2691 0.0284 0.2227 -1.2258 0.0373 0.2179 -1.2241 0.0528 0.2022 -1.2301 0.0617 0.1925 -1.2467 0.0662 0.1862 -1.2829 0.0216 0.2282 -1.2812 0.0322 0.2176 -1.2838 0.0423 0.207 -1.29 0.0524 0.196 -1.2963 0.0384 0.2098
14.0 -1.343 0.0434 0.2 -1.27 0.0289 0.2221 -1.2259 0.0379 0.2173 -1.2247 0.0515 0.2035 -1.2307 0.0604 0.1937 -1.2467 0.0662 0.1862 -1.2854 0.0213 0.2283 -1.2829 0.032 0.2176 -1.2856 0.042 0.2071 -1.2918 0.0528 0.1955 -1.2977 0.0383 0.2097
15.0 -1.3439 0.0439 0.1994 -1.2699 0.0283 0.2227 -1.2258 0.0373 0.2179 -1.224 0.0522 0.2029 -1.23 0.0611 0.1931 -1.2458 0.0663 0.1862 -1.2836 0.0209 0.2289 -1.2812 0.0322 0.2176 -1.2838 0.0423 0.207 -1.2901 0.053 0.1954 -1.2965 0.0385 0.2097
16.0 -1.3447 0.0432 0.2 -1.2718 0.0286 0.2222 -1.2248 0.0368 0.2185 -1.224 0.0522 0.2029 -1.23 0.0611 0.1931 -1.2468 0.0668 0.1856 -1.2845 0.0208 0.2289 -1.2821 0.0321 0.2176 -1.2838 0.0423 0.207 -1.2901 0.053 0.1954 -1.297 0.0383 0.2098
17.0 -1.3439 0.0439 0.1994 -1.2703 0.0301 0.2209 -1.225 0.038 0.2173 -1.2231 0.0523 0.2028 -1.2292 0.0619 0.1924 -1.2457 0.0657 0.1868 -1.2837 0.0215 0.2283 -1.2813 0.0328 0.2169 -1.2839 0.0429 0.2064 -1.2901 0.053 0.1954 -1.2966 0.0388 0.2093
18.0 -1.3438 0.0433 0.2 -1.2678 0.031 0.2202 -1.2249 0.0374 0.2179 -1.2231 0.0523 0.2028 -1.23 0.0611 0.1931 -1.2457 0.0657 0.1868 -1.2821 0.0223 0.2276 -1.2804 0.033 0.2169 -1.2839 0.0429 0.2064 -1.291 0.0529 0.1955 -1.2963 0.0389 0.2093
19.0 -1.3438 0.0433 0.2 -1.2685 0.0303 0.2208 -1.225 0.038 0.2173 -1.2231 0.0523 0.2028 -1.23 0.0611 0.1931 -1.2466 0.0656 0.1869 -1.2829 0.0216 0.2282 -1.2813 0.0328 0.2169 -1.2839 0.0429 0.2064 -1.291 0.0529 0.1955 -1.2966 0.0387 0.2094
20.0 -1.3431 0.044 0.1993 -1.2685 0.0303 0.2208 -1.225 0.038 0.2173 -1.2232 0.0529 0.2022 -1.23 0.0611 0.1931 -1.2457 0.0657 0.1868 -1.282 0.0217 0.2282 -1.2803 0.0324 0.2175 -1.283 0.0424 0.207 -1.2901 0.053 0.1954 -1.2957 0.0387 0.2095
21.0 -1.3422 0.0442 0.1993 -1.2685 0.0303 0.2208 -1.225 0.038 0.2173 -1.2231 0.0523 0.2028 -1.23 0.0611 0.1931 -1.2457 0.0657 0.1868 -1.283 0.0222 0.2276 -1.2804 0.033 0.2169 -1.2831 0.043 0.2064 -1.2893 0.0531 0.1954 -1.2956 0.0391 0.2091
22.0 -1.3422 0.0442 0.1993 -1.2693 0.0296 0.2215 -1.2242 0.0381 0.2172 -1.2223 0.0524 0.2028 -1.23 0.0611 0.1931 -1.2457 0.0657 0.1868 -1.2829 0.0216 0.2282 -1.2804 0.033 0.2169 -1.2822 0.0431 0.2064 -1.2893 0.0531 0.1954 -1.2954 0.039 0.2092
23.0 -1.3404 0.0438 0.1999 -1.2652 0.0313 0.2201 -1.2241 0.0375 0.2178 -1.223 0.0517 0.2034 -1.229 0.0607 0.1937 -1.244 0.066 0.1868 -1.282 0.0217 0.2282 -1.2803 0.0324 0.2175 -1.283 0.0424 0.207 -1.2901 0.053 0.1954 -1.2952 0.0387 0.2096
24.0 -1.3394 0.0433 0.2005 -1.2669 0.0311 0.2201 -1.2242 0.0381 0.2172 -1.2214 0.0525 0.2028 -1.2281 0.0608 0.1936 -1.2449 0.0659 0.1868 -1.2803 0.022 0.2281 -1.2795 0.0325 0.2175 -1.2822 0.0431 0.2064 -1.2893 0.0531 0.1954 -1.2941 0.0388 0.2096
25.0 -1.3404 0.0438 0.1999 -1.2661 0.0312 0.2201 -1.2223 0.0377 0.2178 -1.2214 0.0525 0.2028 -1.2274 0.0615 0.193 -1.2431 0.0661 0.1867 -1.2795 0.0227 0.2275 -1.277 0.0334 0.2168 -1.2805 0.0433 0.2063 -1.2867 0.0535 0.1953 -1.2928 0.0393 0.2091
26.0 -1.3387 0.044 0.1998 -1.2659 0.03 0.2213 -1.2223 0.0377 0.2178 -1.2214 0.0525 0.2028 -1.2273 0.0609 0.1936 -1.243 0.0655 0.1874 -1.2794 0.0221 0.2281 -1.2778 0.0327 0.2174 -1.2814 0.0432 0.2063 -1.2875 0.0534 0.1953 -1.293 0.0391 0.2094
27.0 -1.3377 0.0435 0.2004 -1.2625 0.0311 0.2206 -1.2214 0.0373 0.2184 -1.2203 0.0514 0.204 -1.2256 0.0611 0.1935 -1.2413 0.0657 0.1873 -1.2776 0.0217 0.2287 -1.2759 0.0323 0.218 -1.2795 0.0428 0.2069 -1.2866 0.0529 0.1959 -1.2915 0.0387 0.21
28.0 -1.337 0.0443 0.1997 -1.2632 0.0298 0.2219 -1.2204 0.0368 0.2189 -1.2193 0.0504 0.2052 -1.2262 0.0598 0.1948 -1.2411 0.0645 0.1885 -1.2785 0.0216 0.2287 -1.2768 0.0322 0.218 -1.2794 0.0423 0.2075 -1.2866 0.0529 0.1959 -1.2916 0.0386 0.21
29.0 -1.3376 0.0429 0.201 -1.259 0.031 0.2211 -1.2185 0.0358 0.2201 -1.2176 0.0506 0.2051 -1.2235 0.0596 0.1953 -1.2394 0.0648 0.1885 -1.2758 0.0214 0.2292 -1.2741 0.032 0.2185 -1.2777 0.0425 0.2074 -1.2848 0.0525 0.1965 -1.29 0.0383 0.2105
30.0 -1.3348 0.0421 0.2021 -1.2604 0.0289 0.223 -1.2185 0.0358 0.2201 -1.2167 0.0507 0.2051 -1.2226 0.0591 0.1959 -1.2382 0.0631 0.1903 -1.2739 0.021 0.2298 -1.2731 0.0315 0.2191 -1.2766 0.0414 0.2086 -1.2838 0.052 0.197 -1.2885 0.0376 0.2113
31.0 -1.3297 0.0428 0.2019 -1.2587 0.0292 0.2229 -1.2168 0.0361 0.2201 -1.2149 0.0504 0.2056 -1.2217 0.0592 0.1959 -1.2373 0.0626 0.1909 -1.2713 0.0208 0.2303 -1.2712 0.0305 0.2203 -1.2756 0.0403 0.2098 -1.2827 0.051 0.1983 -1.2861 0.0371 0.2121
32.0 -1.3278 0.0424 0.2025 -1.255 0.0284 0.224 -1.2148 0.0351 0.2212 -1.2138 0.0493 0.2068 -1.2189 0.0584 0.197 -1.2347 0.063 0.1908 -1.272 0.02 0.2309 -1.2712 0.0305 0.2203 -1.2747 0.0404 0.2098 -1.2819 0.0511 0.1982 -1.2855 0.0369 0.2124
33.0 -1.3297 0.0428 0.2019 -1.2551 0.029 0.2234 -1.2138 0.034 0.2224 -1.2102 0.0485 0.2079 -1.217 0.0574 0.1982 -1.2329 0.0626 0.1913 -1.2712 0.0202 0.2309 -1.2695 0.0308 0.2202 -1.2721 0.0408 0.2097 -1.2792 0.0508 0.1987 -1.2843 0.0371 0.2123
34.0 -1.3277 0.0418 0.2031 -1.2517 0.0295 0.2233 -1.211 0.0332 0.2236 -1.2084 0.0488 0.2079 -1.2144 0.0577 0.1981 -1.2294 0.0631 0.1912 -1.2693 0.0198 0.2315 -1.2677 0.0304 0.2208 -1.2713 0.0409 0.2097 -1.2776 0.0517 0.1981 -1.2827 0.0369 0.2126
35.0 -1.3259 0.0415 0.2037 -1.2523 0.0282 0.2246 -1.2092 0.0328 0.2241 -1.2066 0.0484 0.2084 -1.2126 0.0574 0.1987 -1.2293 0.0625 0.1918 -1.2667 0.0195 0.232 -1.265 0.0302 0.2213 -1.2677 0.0408 0.2102 -1.2748 0.0508 0.1992 -1.28 0.0366 0.2133
36.0 -1.3208 0.0422 0.2035 -1.2487 0.0275 0.2257 -1.2064 0.032 0.2253 -1.2026 0.0453 0.212 -1.2095 0.0547 0.2017 -1.2246 0.0606 0.1941 -1.2631 0.0194 0.2325 -1.2622 0.0293 0.2224 -1.2657 0.0392 0.212 -1.272 0.05 0.2003 -1.2768 0.036 0.2141
37.0 -1.3198 0.0417 0.2041 -1.2451 0.0273 0.2262 -1.2043 0.0304 0.2271 -1.2006 0.0443 0.2132 -1.2068 0.0545 0.2022 -1.2228 0.0603 0.1947 -1.262 0.0183 0.2337 -1.2603 0.0283 0.2236 -1.2638 0.0383 0.2131 -1.2708 0.0483 0.2022 -1.2753 0.035 0.2153
38.0 -1.3179 0.0407 0.2052 -1.2442 0.0269 0.2267 -1.2018 0.0307 0.227 -1.1972 0.0448 0.2131 -1.2032 0.0538 0.2033 -1.2208 0.0593 0.1959 -1.2593 0.0175 0.2348 -1.2576 0.0281 0.2241 -1.2602 0.0381 0.2136 -1.2673 0.0482 0.2027 -1.2724 0.0345 0.2161
39.0 -1.3126 0.0408 0.2057 -1.2397 0.0262 0.2278 -1.1981 0.03 0.2281 -1.1944 0.044 0.2142 -1.1996 0.0536 0.2038 -1.2172 0.0586 0.197 -1.2557 0.0174 0.2353 -1.2539 0.0274 0.2252 -1.2582 0.0366 0.2154 -1.2653 0.0472 0.2038 -1.2692 0.0339 0.2171
40.0 -1.307 0.0391 0.2079 -1.2325 0.0254 0.2294 -1.1909 0.0292 0.2297 -1.1862 0.0426 0.2164 -1.1923 0.0522 0.206 -1.2109 0.0576 0.1986 -1.2484 0.0159 0.2375 -1.2476 0.0264 0.2269 -1.2503 0.0364 0.2164 -1.2574 0.0471 0.2048 -1.2621 0.033 0.2187
41.0 -1.3051 0.0382 0.2091 -1.2289 0.0252 0.2299 -1.1871 0.0272 0.232 -1.1827 0.0425 0.2169 -1.1897 0.0525 0.2059 -1.2067 0.0588 0.1978 -1.2474 0.0148 0.2387 -1.2457 0.0254 0.228 -1.2484 0.0361 0.2169 -1.2539 0.0469 0.2053 -1.2601 0.0323 0.2196
42.0 -1.2921 0.0393 0.2092 -1.2175 0.025 0.2313 -1.1749 0.0283 0.2322 -1.1738 0.0419 0.2184 -1.1798 0.0508 0.2086 -1.1951 0.0579 0.1999 -1.236 0.0151 0.2395 -1.2343 0.0257 0.2289 -1.2379 0.0363 0.2178 -1.245 0.0463 0.2068 -1.2491 0.0325 0.2204
43.0 -1.2874 0.0375 0.2116 -1.2122 0.0251 0.2317 -1.1713 0.0275 0.2333 -1.1684 0.0414 0.2194 -1.1756 0.052 0.2078 -1.1924 0.0577 0.2004 -1.2314 0.0139 0.2412 -1.2298 0.0251 0.2299 -1.2333 0.035 0.2194 -1.2404 0.0457 0.2079 -1.2445 0.0315 0.222
44.0 -1.2858 0.0383 0.2109 -1.2089 0.0261 0.231 -1.1668 0.0269 0.2344 -1.1639 0.0407 0.2205 -1.1712 0.052 0.2083 -1.1874 0.059 0.1996 -1.228 0.015 0.2405 -1.2264 0.0256 0.2298 -1.23 0.0361 0.2187 -1.2371 0.0467 0.2071 -1.2415 0.0324 0.2214
45.0 -1.2831 0.0381 0.2114 -1.2054 0.0266 0.2309 -1.1625 0.0275 0.2342 -1.1599 0.0431 0.2185 -1.1662 0.0539 0.2069 -1.1849 0.0599 0.1988 -1.2229 0.0157 0.2403 -1.2212 0.0263 0.2296 -1.2248 0.0368 0.2185 -1.2319 0.0468 0.2075 -1.2368 0.0327 0.2215
46.0 -1.276 0.0378 0.2124 -1.2012 0.0278 0.2301 -1.1592 0.0286 0.2334 -1.1556 0.0437 0.2183 -1.1635 0.0536 0.2074 -1.1804 0.0593 0.1999 -1.2184 0.0151 0.2414 -1.2176 0.0256 0.2307 -1.2212 0.0361 0.2196 -1.2283 0.0467 0.208 -1.2323 0.0322 0.2224
47.0 -1.2743 0.0381 0.2123 -1.1959 0.0273 0.2311 -1.1537 0.0275 0.2351 -1.1512 0.0437 0.2188 -1.1584 0.0543 0.2072 -1.1761 0.0599 0.1997 -1.2159 0.016 0.2406 -1.2142 0.0266 0.23 -1.2178 0.0371 0.2188 -1.2249 0.0472 0.2079 -1.2294 0.033 0.2219
48.0 -1.271 0.0391 0.2115 -1.1925 0.0283 0.2304 -1.1497 0.0298 0.2331 -1.1472 0.0454 0.2174 -1.1542 0.0555 0.2064 -1.1719 0.061 0.199 -1.2106 0.0161 0.2411 -1.2099 0.0272 0.2298 -1.2135 0.0377 0.2187 -1.2215 0.0482 0.2071 -1.2253 0.0337 0.2216
49.0 -1.2685 0.0401 0.2108 -1.1856 0.0287 0.2307 -1.1453 0.0298 0.2335 -1.1437 0.0459 0.2172 -1.1508 0.056 0.2063 -1.1677 0.0622 0.1982 -1.2081 0.0165 0.241 -1.2074 0.0275 0.2297 -1.211 0.0381 0.2186 -1.2172 0.0488 0.207 -1.2224 0.0342 0.2214
50.0 -1.2632 0.0402 0.2112 -1.1833 0.0308 0.2288 -1.1403 0.0317 0.2321 -1.1387 0.0472 0.2164 -1.1473 0.0564 0.2061 -1.1643 0.0627 0.198 -1.2004 0.0181 0.24 -1.1989 0.0293 0.2287 -1.2034 0.0403 0.217 -1.2105 0.0503 0.2061 -1.2153 0.0356 0.2206
51.0 -1.2615 0.0404 0.2112 -1.1791 0.032 0.228 -1.1353 0.033 0.2313 -1.1334 0.0473 0.2168 -1.1414 0.0578 0.2053 -1.1609 0.0637 0.1973 -1.1971 0.0192 0.2393 -1.1964 0.0302 0.228 -1.2 0.0408 0.2169 -1.2088 0.0506 0.206 -1.2127 0.0362 0.2203
52.0 -1.2536 0.0402 0.2121 -1.1738 0.0321 0.2284 -1.131 0.0336 0.2311 -1.1293 0.0491 0.2154 -1.138 0.0583 0.2051 -1.1565 0.0637 0.1977 -1.191 0.0194 0.2397 -1.1903 0.0305 0.2284 -1.1947 0.0409 0.2173 -1.2026 0.0508 0.2064 -1.2064 0.0363 0.2208
53.0 -1.2477 0.0417 0.2113 -1.1689 0.034 0.2269 -1.1266 0.0336 0.2316 -1.125 0.0497 0.2153 -1.1344 0.0582 0.2056 -1.153 0.0636 0.1982 -1.1851 0.0208 0.2388 -1.1851 0.0312 0.2282 -1.1896 0.0416 0.2171 -1.1975 0.0515 0.2062 -1.201 0.0373 0.2203
54.0 -1.2441 0.0415 0.2117 -1.1648 0.0357 0.2255 -1.1206 0.0344 0.2313 -1.1197 0.0492 0.2163 -1.1291 0.0577 0.2067 -1.1484 0.0624 0.1999 -1.1799 0.0215 0.2386 -1.1791 0.032 0.228 -1.1826 0.0419 0.2175 -1.1913 0.0511 0.2072 -1.1954 0.0376 0.2206
55.0 -1.2407 0.042 0.2116 -1.1595 0.0358 0.226 -1.1163 0.035 0.2312 -1.1154 0.0497 0.2161 -1.1239 0.0584 0.2065 -1.1433 0.0637 0.1991 -1.1756 0.0221 0.2384 -1.1747 0.032 0.2284 -1.1791 0.0418 0.218 -1.1869 0.0511 0.2077 -1.1914 0.0378 0.2208
56.0 -1.2354 0.0421 0.212 -1.1536 0.0372 0.2251 -1.1103 0.0358 0.2309 -1.1111 0.0503 0.216 -1.1196 0.0589 0.2063 -1.1373 0.0645 0.1989 -1.1695 0.0223 0.2388 -1.1695 0.0327 0.2282 -1.173 0.0426 0.2177 -1.1808 0.0519 0.2074 -1.1857 0.0383 0.2208
57.0 -1.2276 0.0425 0.2124 -1.1495 0.039 0.2237 -1.105 0.0359 0.2313 -1.105 0.0511 0.2157 -1.1143 0.059 0.2067 -1.1329 0.0645 0.1993 -1.1642 0.0224 0.2393 -1.1634 0.0329 0.2286 -1.1678 0.0427 0.2182 -1.1746 0.0515 0.2084 -1.1795 0.0384 0.2214
58.0 -1.2231 0.0419 0.2134 -1.1425 0.0388 0.2247 -1.1009 0.0376 0.2299 -1.1005 0.0505 0.2168 -1.1092 0.0597 0.2065 -1.1295 0.0649 0.1992 -1.1607 0.0222 0.2397 -1.1607 0.0326 0.2291 -1.1642 0.0425 0.2186 -1.1712 0.052 0.2083 -1.176 0.0383 0.2218
59.0 -1.2188 0.0425 0.2133 -1.1356 0.0397 0.2244 -1.0948 0.0379 0.2303 -1.0947 0.0525 0.2153 -1.1058 0.0602 0.2064 -1.1234 0.0658 0.199 -1.1555 0.0229 0.2395 -1.1555 0.0327 0.2295 -1.159 0.0426 0.2191 -1.166 0.0527 0.2081 -1.171 0.0387 0.2219
60.0 -1.2134 0.042 0.2143 -1.1296 0.0405 0.2242 -1.0888 0.0387 0.2301 -1.0896 0.0532 0.2151 -1.0997 0.061 0.2062 -1.1174 0.0666 0.1987 -1.1494 0.0232 0.2399 -1.1494 0.0329 0.2299 -1.1529 0.0428 0.2195 -1.1598 0.0523 0.2091 -1.165 0.0386 0.2225
61.0 -1.2073 0.0422 0.2147 -1.1217 0.0409 0.2245 -1.0834 0.0382 0.2311 -1.0851 0.0526 0.2162 -1.0963 0.0615 0.206 -1.1132 0.0677 0.1979 -1.1458 0.0224 0.241 -1.145 0.0329 0.2304 -1.1486 0.0434 0.2193 -1.1556 0.0535 0.2083 -1.1604 0.0389 0.2227
62.0 -1.2011 0.0418 0.2157 -1.1183 0.0414 0.2244 -1.0792 0.0393 0.2303 -1.0798 0.0527 0.2166 -1.0918 0.0609 0.2071 -1.1089 0.0683 0.1978 -1.1415 0.023 0.2409 -1.1406 0.0329 0.2308 -1.1442 0.0434 0.2197 -1.1503 0.0536 0.2087 -1.1555 0.0389 0.2232
63.0 -1.1897 0.0422 0.2165 -1.1054 0.0431 0.2239 -1.0653 0.04 0.231 -1.0675 0.0525 0.218 -1.0775 0.0597 0.2097 -1.0982 0.0673 0.1998 -1.1283 0.023 0.2422 -1.1275 0.0334 0.2316 -1.131 0.0434 0.2211 -1.1378 0.0522 0.2114 -1.1428 0.0388 0.2246
64.0 -1.1809 0.0421 0.2174 -1.0946 0.0416 0.2266 -1.0555 0.0395 0.2325 -1.0557 0.0505 0.2213 -1.0667 0.0581 0.2124 -1.09 0.0654 0.2027 -1.1176 0.0226 0.2437 -1.1176 0.0323 0.2337 -1.1211 0.0422 0.2232 -1.1288 0.051 0.2135 -1.1332 0.038 0.2263
65.0 -1.1779 0.0401 0.2198 -1.0886 0.0424 0.2263 -1.0495 0.0403 0.2323 -1.0495 0.0507 0.2217 -1.0613 0.0576 0.2134 -1.0846 0.0649 0.2037 -1.1139 0.0212 0.2454 -1.113 0.0311 0.2354 -1.1165 0.041 0.2249 -1.1234 0.0505 0.2146 -1.1289 0.0368 0.228
66.0 -1.162 0.0398 0.2217 -1.0777 0.0408 0.229 -1.0377 0.0382 0.2356 -1.038 0.0498 0.2237 -1.0493 0.0593 0.2129 -1.0751 0.0662 0.2033 -1.1012 0.0193 0.2487 -1.1012 0.0291 0.2387 -1.1039 0.0397 0.2275 -1.1109 0.0491 0.2172 -1.1158 0.0354 0.2308
67.0 -1.1512 0.0382 0.2244 -1.0697 0.04 0.2306 -1.0326 0.0395 0.2348 -1.0325 0.0487 0.2254 -1.0482 0.0582 0.2141 -1.07 0.0669 0.2031 -1.1002 0.0182 0.2499 -1.0975 0.0283 0.2398 -1.0984 0.0386 0.2292 -1.102 0.0491 0.2181 -1.1099 0.0345 0.2323
68.0 -1.1473 0.0363 0.2267 -1.0637 0.0408 0.2304 -1.029 0.0388 0.2359 -1.0289 0.0486 0.2259 -1.0425 0.0559 0.2171 -1.0631 0.0629 0.2079 -1.0931 0.0179 0.2509 -1.0914 0.0285 0.2402 -1.0923 0.0388 0.2296 -1.0966 0.048 0.2198 -1.1041 0.0339 0.2334
69.0 -1.1464 0.0364 0.2267 -1.0609 0.04 0.2315 -1.0225 0.0366 0.2388 -1.0226 0.0476 0.2275 -1.0326 0.0542 0.2198 -1.0558 0.0614 0.2101 -1.086 0.0177 0.2518 -1.0842 0.0277 0.2418 -1.0859 0.0372 0.2318 -1.091 0.0463 0.2221 -1.0987 0.0331 0.2348
70.0 -1.1401 0.0354 0.2283 -1.0549 0.0408 0.2313 -1.0162 0.0362 0.2398 -1.0162 0.046 0.2298 -1.0263 0.0538 0.2208 -1.0472 0.0571 0.2154 -1.083 0.0156 0.2542 -1.0803 0.0252 0.2447 -1.0812 0.0354 0.2342 -1.0854 0.0446 0.2243 -1.094 0.0312 0.2372
71.0 -1.1342 0.0368 0.2275 -1.0496 0.0409 0.2317 -1.0115 0.0344 0.2421 -1.01 0.0456 0.2308 -1.0197 0.051 0.2243 -1.0387 0.054 0.2194 -1.0769 0.0158 0.2546 -1.0724 0.0256 0.2451 -1.0723 0.0348 0.2357 -1.0764 0.0434 0.2265 -1.0864 0.0313 0.2379
72.0 -1.1286 0.0351 0.2298 -1.0459 0.0402 0.2328 -1.0066 0.0363 0.2406 -1.0046 0.0451 0.2318 -1.0135 0.0507 0.2253 -1.0343 0.054 0.2199 -1.0723 0.0146 0.2563 -1.0683 0.0219 0.2493 -1.0681 0.0311 0.2399 -1.0714 0.0398 0.2307 -1.0817 0.0285 0.2412
73.0 -1.1215 0.0349 0.2307 -1.0391 0.0411 0.2325 -1.0002 0.0354 0.2423 -0.9982 0.0436 0.2341 -1.0082 0.0508 0.2257 -1.0301 0.0551 0.2191 -1.066 0.0143 0.2573 -1.0614 0.0228 0.249 -1.0612 0.032 0.2396 -1.0645 0.0407 0.2304 -1.0749 0.0289 0.2414
74.0 -1.119 0.0352 0.2306 -1.0337 0.0406 0.2336 -0.9949 0.0349 0.2433 -0.9929 0.0437 0.2345 -1.003 0.0509 0.2261 -1.0236 0.053 0.2219 -1.0607 0.0138 0.2583 -1.0568 0.0216 0.2507 -1.0557 0.0303 0.2419 -1.0589 0.039 0.2327 -1.0702 0.028 0.2429
75.0 -1.1152 0.0339 0.2324 -1.0259 0.0411 0.2339 -0.989 0.0363 0.2425 -0.9875 0.0432 0.2355 -0.9983 0.0497 0.2278 -1.0187 0.0506 0.2249 -1.057 0.013 0.2595 -1.0539 0.0202 0.2525 -1.0536 0.0288 0.2437 -1.0559 0.037 0.2351 -1.0671 0.0266 0.2446
76.0 -1.1096 0.0322 0.2346 -1.0192 0.0432 0.2324 -0.9814 0.0385 0.2409 -0.9814 0.0434 0.2359 -0.9909 0.0476 0.2307 -1.0123 0.049 0.2271 -1.0499 0.0128 0.2604 -1.0491 0.0178 0.2554 -1.0496 0.0256 0.2473 -1.0528 0.0344 0.2381 -1.0622 0.0245 0.2472
77.0 -1.105 0.031 0.2363 -1.0122 0.0435 0.2327 -0.9752 0.0381 0.2419 -0.9753 0.0436 0.2363 -0.9846 0.0466 0.2323 -1.0023 0.0473 0.2299 -1.0448 0.0135 0.2602 -1.0431 0.0192 0.2545 -1.0435 0.0265 0.2471 -1.0466 0.034 0.2391 -1.0566 0.0248 0.2474
78.0 -1.0944 0.0306 0.2378 -1.005 0.0426 0.2343 -0.9692 0.0389 0.2417 -0.969 0.0426 0.2379 -0.9781 0.0444 0.2352 -0.9949 0.0452 0.2327 -1.0377 0.0132 0.2612 -1.0359 0.0177 0.2568 -1.036 0.0238 0.2505 -1.0374 0.0316 0.2425 -1.0483 0.0234 0.2497
79.0 -1.0918 0.0309 0.2377 -0.9971 0.0425 0.2353 -0.9638 0.0384 0.2427 -0.9635 0.0415 0.2396 -0.9707 0.0424 0.238 -0.9856 0.0422 0.2367 -1.0324 0.0133 0.2616 -1.0313 0.0171 0.2578 -1.0324 0.0231 0.2516 -1.0345 0.0301 0.2442 -1.0445 0.0229 0.2506
80.0 -1.0822 0.031 0.2386 -0.9911 0.0433 0.235 -0.9562 0.0401 0.2418 -0.9579 0.0447 0.2369 -0.9651 0.0456 0.2353 -0.9765 0.0453 0.2345 -1.0247 0.0143 0.2613 -1.0228 0.0183 0.2575 -1.0222 0.0251 0.2506 -1.0225 0.0317 0.2438 -1.0349 0.0241 0.2504
81.0 -1.0757 0.0294 0.2408 -0.9826 0.0451 0.2341 -0.9495 0.0422 0.2403 -0.9509 0.0451 0.2372 -0.9598 0.0457 0.2357 -0.9737 0.0444 0.2356 -1.0189 0.0163 0.2599 -1.0177 0.0196 0.2567 -1.0185 0.0243 0.2517 -1.0196 0.0303 0.2455 -1.0301 0.024 0.2509
82.0 -1.0696 0.0297 0.2412 -0.9756 0.0454 0.2344 -0.9436 0.0436 0.2394 -0.945 0.0465 0.2364 -0.9539 0.0471 0.2349 -0.9659 0.0455 0.2353 -1.0121 0.0179 0.259 -1.0108 0.0205 0.2564 -1.0109 0.026 0.2508 -1.012 0.0319 0.2446 -1.0231 0.0252 0.2504
83.0 -1.0624 0.0288 0.2428 -0.9686 0.0457 0.2348 -0.9386 0.0449 0.2386 -0.94 0.0478 0.2356 -0.9478 0.0473 0.2352 -0.9579 0.0447 0.2369 -1.0063 0.0199 0.2575 -1.0038 0.0208 0.2568 -1.0036 0.0245 0.253 -1.0036 0.0294 0.248 -1.016 0.0247 0.2516
84.0 -1.0565 0.0302 0.2419 -0.9642 0.0457 0.2353 -0.9331 0.0487 0.2353 -0.9368 0.05 0.2336 -0.9444 0.0478 0.2351 -0.9542 0.044 0.238 -0.9994 0.0208 0.2572 -0.9986 0.0209 0.2572 -0.9982 0.024 0.2541 -0.9991 0.0288 0.2491 -1.0104 0.0249 0.2519
85.0 -1.0232 0.031 0.2444 -0.9324 0.0549 0.229 -0.9016 0.0597 0.2272 -0.9046 0.0617 0.2248 -0.9214 0.0576 0.2273 -0.9322 0.0537 0.2303 -0.9639 0.0287 0.2527 -0.963 0.0288 0.2527 -0.9644 0.0316 0.2496 -0.9659 0.0351 0.2459 -0.9761 0.031 0.2491
86.0 -1.0207 0.0314 0.2443 -0.932 0.0525 0.2315 -0.8991 0.0606 0.2265 -0.9059 0.0646 0.2218 -0.9216 0.0637 0.2211 -0.9359 0.0599 0.2235 -0.9581 0.0307 0.2512 -0.96 0.0316 0.2501 -0.9633 0.0354 0.2458 -0.9676 0.0398 0.241 -0.9739 0.0338 0.2465
87.0 -1.0182 0.0323 0.2436 -0.9319 0.0519 0.2321 -0.9001 0.0611 0.2259 -0.9056 0.0677 0.2186 -0.9249 0.0675 0.2169 -0.9411 0.0641 0.2187 -0.958 0.0301 0.2519 -0.9602 0.0328 0.2488 -0.9646 0.0377 0.2434 -0.9691 0.0432 0.2373 -0.974 0.0352 0.245
88.0 -1.0129 0.0324 0.244 -0.9303 0.0527 0.2314 -0.8987 0.0631 0.224 -0.9022 0.0681 0.2185 -0.9195 0.0664 0.2185 -0.9303 0.0631 0.2208 -0.9562 0.0303 0.2518 -0.9557 0.0322 0.2499 -0.9573 0.0363 0.2456 -0.959 0.0409 0.2407 -0.9682 0.0344 0.2464
89.0 -1.0146 0.0322 0.2441 -0.932 0.0525 0.2315 -0.9004 0.0629 0.224 -0.905 0.069 0.2173 -0.9234 0.0689 0.2156 -0.9343 0.0656 0.2179 -0.956 0.0291 0.253 -0.9565 0.0315 0.2506 -0.96 0.0365 0.2451 -0.9626 0.0416 0.2396 -0.9699 0.0342 0.2465
90.0 -1.0111 0.0321 0.2446 -0.9309 0.0514 0.2327 -0.9004 0.0629 0.224 -0.9011 0.0671 0.2197 -0.9149 0.0652 0.2202 -0.9274 0.0617 0.2226 -0.9546 0.0311 0.2511 -0.9541 0.033 0.2492 -0.9557 0.0371 0.2449 -0.9582 0.0416 0.24 -0.9667 0.035 0.246
91.0 -1.0101 0.0316 0.2451 -0.9326 0.0512 0.2328 -0.8987 0.0631 0.224 -0.9039 0.0679 0.2185 -0.9319 0.0623 0.2215 -0.9387 0.0608 0.2224 -0.9517 0.0297 0.2529 -0.9525 0.0339 0.2485 -0.9552 0.0396 0.2424 -0.9588 0.0446 0.2369 -0.9657 0.0359 0.2452
92.0 -1.0111 0.0321 0.2446 -0.9318 0.0513 0.2327 -0.9 0.0605 0.2265 -0.9004 0.0678 0.219 -0.9131 0.0654 0.2202 -0.9258 0.0625 0.2219 -0.9536 0.03 0.2523 -0.9533 0.0337 0.2486 -0.9551 0.039 0.243 -0.9585 0.0434 0.2382 -0.9663 0.0357 0.2453
93.0 -1.01 0.031 0.2458 -0.9301 0.0515 0.2327 -0.9003 0.0623 0.2247 -0.9058 0.0689 0.2174 -0.9454 0.0586 0.2239 -0.9488 0.0582 0.224 -0.9517 0.0297 0.2529 -0.9515 0.0334 0.2491 -0.9542 0.0385 0.2436 -0.9584 0.0428 0.2388 -0.9652 0.0351 0.246
94.0 -1.01 0.031 0.2458 -0.9309 0.0514 0.2327 -0.8997 0.0642 0.2228 -0.9079 0.0704 0.2156 -0.9445 0.0636 0.2189 -0.9489 0.0637 0.2184 -0.9509 0.0298 0.2528 -0.9525 0.0339 0.2485 -0.9561 0.0395 0.2424 -0.9605 0.0444 0.237 -0.966 0.0357 0.2453
95.0 -1.0126 0.0306 0.2459 -0.9337 0.0523 0.2316 -0.8998 0.0648 0.2221 -0.9052 0.0702 0.2161 -0.9208 0.0693 0.2155 -0.9351 0.0655 0.2179 -0.9499 0.0293 0.2534 -0.9522 0.0321 0.2504 -0.9558 0.0377 0.2443 -0.961 0.0425 0.2389 -0.9663 0.0344 0.2466
96.0 -1.0118 0.0313 0.2452 -0.9336 0.0517 0.2322 -0.9004 0.0629 0.224 -0.9127 0.0728 0.2126 -0.9318 0.0715 0.2121 -0.9436 0.0686 0.2138 -0.9508 0.0292 0.2535 -0.9517 0.0346 0.2479 -0.9554 0.0408 0.2412 -0.9608 0.0462 0.2351 -0.9661 0.0364 0.2446
97.0 -1.012 0.0319 0.2446 -0.931 0.052 0.2321 -0.9013 0.0634 0.2234 -0.9172 0.0734 0.2116 -0.9359 0.0746 0.2085 -0.9466 0.0707 0.2115 -0.9482 0.0295 0.2534 -0.9502 0.036 0.2466 -0.9549 0.0427 0.2393 -0.9595 0.0488 0.2326 -0.9649 0.0378 0.2433
98.0 -1.0185 0.0292 0.2467 -0.9328 0.0524 0.2315 -0.9021 0.0626 0.2241 -0.9104 0.0701 0.2157 -0.9412 0.0647 0.2181 -0.948 0.0638 0.2184 -0.954 0.0275 0.2548 -0.9565 0.0315 0.2506 -0.9601 0.0371 0.2445 -0.9654 0.0425 0.2384 -0.9709 0.0336 0.247
99.0 -1.0203 0.0296 0.2462 -0.9356 0.0532 0.2304 -0.9005 0.0635 0.2234 -0.9077 0.0698 0.2162 -0.9276 0.0678 0.2163 -0.9376 0.0646 0.2186 -0.954 0.0275 0.2548 -0.9566 0.0321 0.2499 -0.9594 0.0384 0.2432 -0.964 0.0445 0.2365 -0.9709 0.0344 0.2461
100.0 -1.0212 0.0295 0.2462 -0.9346 0.0522 0.2316 -0.9032 0.0637 0.2229 -0.9103 0.0695 0.2163 -0.9249 0.0675 0.2169 -0.9375 0.064 0.2192 -0.9555 0.0261 0.2561 -0.9582 0.0313 0.2506 -0.9619 0.0375 0.2439 -0.9665 0.0436 0.2372 -0.9727 0.0336 0.2468
101.0 -1.0238 0.0291 0.2463 -0.9374 0.053 0.2305 -0.903 0.0625 0.2241 -0.9099 0.0671 0.2188 -0.9206 0.0681 0.2167 -0.9357 0.0636 0.2198 -0.9563 0.0254 0.2568 -0.9597 0.0298 0.2519 -0.9634 0.036 0.2452 -0.9681 0.0427 0.2379 -0.9742 0.0326 0.2476
102.0 -1.0223 0.0305 0.245 -0.9372 0.0524 0.2311 -0.9046 0.0617 0.2248 -0.9109 0.0676 0.2182 -0.9215 0.068 0.2167 -0.9358 0.0642 0.2192 -0.9578 0.024 0.2581 -0.9604 0.0291 0.2526 -0.9644 0.0365 0.2446 -0.9691 0.0432 0.2373 -0.9748 0.0327 0.2475
103.0 -1.0205 0.0308 0.2449 -0.9391 0.0528 0.2305 -0.9045 0.0611 0.2254 -0.9117 0.0675 0.2182 -0.9253 0.0644 0.22 -0.9385 0.0596 0.2236 -0.9579 0.0246 0.2575 -0.9604 0.0291 0.2526 -0.9632 0.0349 0.2465 -0.9661 0.0412 0.2397 -0.9736 0.0321 0.2482
104.0 -1.0286 0.0315 0.2434 -0.9391 0.0528 0.2305 -0.907 0.0608 0.2255 -0.9111 0.0639 0.222 -0.9418 0.0585 0.2244 -0.9519 0.0559 0.226 -0.9631 0.0245 0.2571 -0.9665 0.0283 0.2528 -0.9702 0.0345 0.2461 -0.9756 0.0405 0.2394 -0.9808 0.0319 0.2478
105.0 -1.0304 0.0319 0.2428 -0.939 0.0522 0.2311 -0.9092 0.058 0.2281 -0.9128 0.0636 0.222 -0.9292 0.0614 0.2227 -0.9461 0.0579 0.2246 -0.9657 0.0241 0.2572 -0.9692 0.0292 0.2517 -0.973 0.0354 0.245 -0.9784 0.0414 0.2383 -0.9834 0.0324 0.247
106.0 -1.0332 0.0327 0.2417 -0.9381 0.0523 0.2311 -0.9084 0.0587 0.2275 -0.9267 0.0624 0.2219 -0.9558 0.0578 0.2237 -0.9626 0.0563 0.2246 -0.9648 0.0236 0.2578 -0.9689 0.0274 0.2535 -0.9736 0.0341 0.2462 -0.9782 0.0402 0.2395 -0.9837 0.0316 0.2477
107.0 -1.0358 0.0324 0.2418 -0.9407 0.0519 0.2312 -0.9099 0.0567 0.2294 -0.9178 0.0618 0.2235 -0.9404 0.0605 0.2225 -0.9558 0.0578 0.2237 -0.9682 0.0232 0.2579 -0.9726 0.0281 0.2524 -0.9773 0.0348 0.2451 -0.9828 0.0414 0.2378 -0.9873 0.032 0.247
108.0 -1.0365 0.0317 0.2424 -0.9405 0.0507 0.2325 -0.9106 0.056 0.2301 -0.9172 0.0588 0.2266 -0.9468 0.0566 0.2258 -0.9584 0.0526 0.2288 -0.9707 0.0222 0.2586 -0.9748 0.026 0.2544 -0.9794 0.0321 0.2477 -0.985 0.0386 0.2404 -0.9893 0.0301 0.2487
109.0 -1.0392 0.0319 0.2419 -0.9501 0.0507 0.2316 -0.9146 0.0536 0.2321 -0.9204 0.0565 0.2286 -0.9461 0.0579 0.2246 -0.9631 0.0593 0.2215 -0.9741 0.0218 0.2587 -0.9776 0.0268 0.2533 -0.9823 0.0335 0.2459 -0.9888 0.0406 0.2381 -0.9924 0.0309 0.2476
110.0 -1.0418 0.0316 0.242 -0.9499 0.0495 0.2328 -0.9156 0.0541 0.2315 -0.9248 0.0565 0.2281 -0.9449 0.0557 0.227 -0.9589 0.0556 0.2257 -0.9767 0.0214 0.2588 -0.9793 0.0266 0.2533 -0.9831 0.0328 0.2466 -0.9887 0.04 0.2387 -0.9939 0.0305 0.2479
111.0 -1.0463 0.0322 0.2409 -0.9527 0.0503 0.2317 -0.9171 0.0527 0.2328 -0.9263 0.0551 0.2294 -0.9518 0.0553 0.2267 -0.965 0.0554 0.2253 -0.9783 0.0206 0.2595 -0.9819 0.0262 0.2534 -0.9859 0.0336 0.2455 -0.9915 0.0408 0.2376 -0.9968 0.0307 0.2474
112.0 -1.0467 0.0297 0.2434 -0.9555 0.0512 0.2305 -0.9205 0.0522 0.2329 -0.9271 0.055 0.2294 -0.9573 0.0564 0.225 -0.9725 0.058 0.2218 -0.9793 0.0211 0.2589 -0.9835 0.0254 0.2541 -0.9881 0.0315 0.2474 -0.9946 0.0385 0.2396 -0.9985 0.0292 0.2487
113.0 -1.0531 0.0307 0.2418 -0.9576 0.0533 0.2281 -0.9246 0.0504 0.2343 -0.9333 0.0548 0.2291 -0.9766 0.0563 0.2232 -0.9854 0.0563 0.2223 -0.9852 0.0197 0.2598 -0.9878 0.0248 0.2543 -0.9925 0.0315 0.247 -0.9982 0.0387 0.2391 -1.0034 0.0291 0.2484
114.0 -1.0521 0.0302 0.2424 -0.9639 0.0537 0.2271 -0.9273 0.0507 0.2338 -0.9368 0.0549 0.2286 -0.9904 0.0544 0.2238 -0.9949 0.055 0.2227 -0.9875 0.0181 0.2611 -0.9902 0.0233 0.2556 -0.9932 0.0302 0.2482 -0.9979 0.0369 0.2409 -1.0042 0.0277 0.2497
115.0 -1.059 0.0293 0.2427 -0.9659 0.0553 0.2253 -0.9283 0.0518 0.2326 -0.9377 0.0548 0.2286 -0.9821 0.0573 0.2216 -0.99 0.0575 0.2206 -0.9911 0.0183 0.2606 -0.9936 0.0228 0.2558 -0.9983 0.0295 0.2484 -1.003 0.0362 0.2411 -1.009 0.0272 0.2497
116.0 -1.0623 0.0282 0.2434 -0.9685 0.0549 0.2254 -0.9319 0.0519 0.2321 -0.9394 0.0546 0.2287 -0.9913 0.0549 0.2232 -0.9965 0.0542 0.2234 -0.9944 0.0172 0.2614 -0.9969 0.0211 0.2571 -1.0015 0.0272 0.2504 -1.0061 0.0339 0.2431 -1.0122 0.0255 0.2511
117.0 -1.0632 0.0281 0.2435 -0.9746 0.0547 0.225 -0.9379 0.0511 0.2324 -0.9454 0.0537 0.2289 -1.0026 0.054 0.223 -1.0061 0.0535 0.2231 -0.9996 0.0165 0.2616 -1.0012 0.0206 0.2573 -1.0049 0.0268 0.2506 -1.0097 0.0341 0.2426 -1.0157 0.0252 0.2511
118.0 -1.0781 0.0279 0.2422 -0.9837 0.0516 0.2273 -0.9449 0.0459 0.237 -0.9528 0.0509 0.2311 -0.9842 0.054 0.2248 -0.9935 0.0521 0.2258 -1.0107 0.015 0.262 -1.0133 0.0195 0.2571 -1.0162 0.0259 0.2504 -1.02 0.0327 0.243 -1.0277 0.0242 0.2509
119.0 -1.0946 0.0318 0.2366 -1.0064 0.0504 0.2263 -0.9657 0.0443 0.2366 -0.9695 0.0505 0.2298 -0.9823 0.0536 0.2253 -1.0044 0.0543 0.2224 -1.0312 0.0165 0.2585 -1.0307 0.0233 0.2516 -1.033 0.0315 0.2429 -1.0378 0.0388 0.235 -1.0455 0.0284 0.2449
120.0 -1.0979 0.0307 0.2373 -1.0109 0.051 0.2252 -0.9702 0.0449 0.2355 -0.9741 0.0517 0.2281 -0.9932 0.0552 0.2226 -1.0148 0.0584 0.2172 -1.0355 0.0159 0.2586 -1.036 0.0238 0.2505 -1.0402 0.0324 0.2413 -1.046 0.0408 0.2322 -1.0512 0.0287 0.244
121.0 -1.1023 0.0307 0.2369 -1.0162 0.0509 0.2248 -0.9727 0.044 0.2362 -0.9768 0.052 0.2276 -0.9985 0.0557 0.2216 -1.0196 0.0602 0.2149 -1.0401 0.0171 0.2569 -1.0414 0.0243 0.2495 -1.0447 0.033 0.2402 -1.0515 0.0419 0.2305 -1.056 0.0294 0.2428
122.0 -1.1114 0.032 0.2347 -1.0199 0.0522 0.223 -0.9761 0.0435 0.2363 -0.9792 0.051 0.2283 -0.9976 0.0553 0.2222 -1.0219 0.0587 0.2163 -1.0454 0.017 0.2565 -1.0476 0.0247 0.2485 -1.0509 0.0334 0.2392 -1.0578 0.0428 0.2289 -1.0626 0.03 0.2416
123.0 -1.117 0.0342 0.2318 -1.0207 0.0515 0.2237 -0.9786 0.0425 0.2371 -0.9835 0.0504 0.2285 -1.0216 0.0569 0.2181 -1.0337 0.0608 0.213 -1.0499 0.0177 0.2554 -1.0514 0.026 0.2467 -1.0556 0.0352 0.2369 -1.0616 0.0442 0.2272 -1.0671 0.0315 0.2396
124.0 -1.1196 0.0339 0.2319 -1.0241 0.0511 0.2238 -0.9822 0.0427 0.2366 -0.9864 0.0519 0.2267 -1.0181 0.0568 0.2186 -1.0338 0.0614 0.2123 -1.0535 0.0178 0.2549 -1.0549 0.0261 0.2463 -1.0592 0.0353 0.2364 -1.0652 0.0449 0.2261 -1.0705 0.0316 0.2391
125.0 -1.1198 0.0351 0.2307 -1.0292 0.0498 0.2247 -0.9873 0.042 0.2368 -0.991 0.0531 0.225 -1.02 0.0577 0.2174 -1.035 0.063 0.2105 -1.058 0.0184 0.2539 -1.0587 0.0275 0.2445 -1.0622 0.0374 0.2341 -1.0681 0.0463 0.2243 -1.0734 0.0329 0.2375
126.0 -1.127 0.036 0.2291 -1.0292 0.0498 0.2247 -0.989 0.0417 0.2368 -0.9945 0.0526 0.2252 -1.027 0.0574 0.2171 -1.0404 0.0635 0.2095 -1.0598 0.0188 0.2533 -1.0607 0.029 0.2427 -1.065 0.0382 0.2329 -1.071 0.0478 0.2225 -1.0767 0.0339 0.2361
127.0 -1.1286 0.0351 0.2298 -1.0343 0.0491 0.2249 -0.9918 0.0426 0.2357 -0.9962 0.0524 0.2252 -1.0385 0.0577 0.2156 -1.0465 0.0633 0.2091 -1.0642 0.0188 0.2529 -1.065 0.0284 0.2429 -1.0684 0.0378 0.233 -1.0745 0.0473 0.2227 -1.0801 0.0335 0.2362
128.0 -1.1283 0.0333 0.2316 -1.038 0.0498 0.2237 -0.9959 0.0408 0.2371 -1.0006 0.0524 0.2248 -1.0331 0.0572 0.2167 -1.0465 0.0633 0.2091 -1.0667 0.0178 0.2536 -1.0674 0.0269 0.2442 -1.0716 0.0361 0.2344 -1.0777 0.0457 0.224 -1.0823 0.032 0.2376
129.0 -1.1372 0.034 0.2301 -1.0432 0.0497 0.2233 -1.001 0.0395 0.2379 -1.005 0.0524 0.2243 -1.0278 0.0573 0.2171 -1.0465 0.0633 0.2091 -1.0702 0.018 0.2531 -1.071 0.0276 0.2431 -1.0754 0.0374 0.2327 -1.0823 0.0469 0.2223 -1.0872 0.0328 0.2363
130.0 -1.1415 0.0334 0.2303 -1.0453 0.0464 0.2265 -1.0053 0.0389 0.2381 -1.0065 0.051 0.2256 -1.025 0.0564 0.2182 -1.0492 0.0636 0.2086 -1.0754 0.0173 0.2533 -1.0761 0.0263 0.244 -1.0804 0.0361 0.2335 -1.0874 0.0456 0.2232 -1.0921 0.0317 0.2368
131.0 -1.1477 0.0338 0.2292 -1.0488 0.0465 0.226 -1.0088 0.0391 0.2376 -1.01 0.0511 0.2252 -1.0258 0.0557 0.2189 -1.0534 0.0624 0.2094 -1.0797 0.0167 0.2535 -1.0805 0.0264 0.2435 -1.084 0.0363 0.233 -1.0909 0.0457 0.2227 -1.0965 0.0318 0.2364
132.0 -1.1557 0.0339 0.2283 -1.0531 0.0459 0.2262 -1.0142 0.0396 0.2366 -1.0159 0.0497 0.226 -1.0275 0.0555 0.219 -1.0559 0.062 0.2095 -1.0847 0.0154 0.2543 -1.0855 0.0251 0.2443 -1.0891 0.0356 0.2332 -1.0962 0.0456 0.2223 -1.1022 0.0311 0.2365
133.0 -1.1898 0.033 0.2259 -1.0915 0.0389 0.2296 -1.057 0.0332 0.2388 -1.0632 0.0482 0.2228 -1.0761 0.0569 0.2127 -1.0979 0.0606 0.2067 -1.124 0.0138 0.2521 -1.1259 0.0245 0.2409 -1.1304 0.0349 0.2298 -1.1382 0.0448 0.2189 -1.1417 0.0302 0.2335
134.0 -1.195 0.0323 0.2261 -1.0967 0.0388 0.2291 -1.0604 0.0321 0.2396 -1.0683 0.0475 0.223 -1.0814 0.0568 0.2123 -1.1031 0.0599 0.2069 -1.1283 0.0132 0.2522 -1.1301 0.0233 0.2417 -1.1355 0.0342 0.23 -1.1434 0.0441 0.2191 -1.1465 0.0294 0.2338
135.0 -1.1976 0.0319 0.2262 -1.1036 0.0379 0.2294 -1.0646 0.0309 0.2404 -1.0736 0.0474 0.2226 -1.0866 0.0561 0.2125 -1.1068 0.0613 0.2052 -1.132 0.0139 0.2511 -1.1338 0.0246 0.2399 -1.1383 0.035 0.2289 -1.1469 0.0443 0.2186 -1.1497 0.03 0.2329
136.0 -1.1994 0.0323 0.2256 -1.108 0.0379 0.229 -1.0708 0.0313 0.2394 -1.0772 0.0476 0.2221 -1.0912 0.0573 0.2108 -1.113 0.0617 0.2042 -1.1355 0.014 0.2506 -1.1374 0.0248 0.2395 -1.1428 0.0357 0.2278 -1.1515 0.0449 0.2175 -1.1533 0.0303 0.2322
137.0 -1.2048 0.0328 0.2246 -1.1133 0.0378 0.2285 -1.0753 0.0319 0.2383 -1.0852 0.0483 0.2206 -1.0976 0.0589 0.2086 -1.1168 0.063 0.2024 -1.1401 0.0152 0.2489 -1.1427 0.0253 0.2384 -1.1482 0.0361 0.2268 -1.1568 0.0454 0.2165 -1.1585 0.031 0.231
138.0 -1.2109 0.0326 0.2242 -1.1187 0.0389 0.2269 -1.0798 0.0326 0.2372 -1.0906 0.0488 0.2195 -1.1036 0.058 0.2088 -1.1221 0.0629 0.202 -1.1446 0.0159 0.2479 -1.1474 0.0265 0.2367 -1.1518 0.0369 0.2257 -1.1605 0.0461 0.2154 -1.163 0.0316 0.23
139.0 -1.2171 0.033 0.2232 -1.1252 0.0405 0.2246 -1.0875 0.0315 0.2375 -1.0959 0.0493 0.2185 -1.1097 0.0578 0.2084 -1.1282 0.0627 0.2016 -1.1523 0.0148 0.2482 -1.1534 0.0257 0.237 -1.1587 0.036 0.2259 -1.1657 0.046 0.215 -1.1694 0.0311 0.2298
140.0 -1.2201 0.035 0.2208 -1.1319 0.039 0.2255 -1.0939 0.0325 0.2359 -1.1063 0.0485 0.2183 -1.1188 0.0591 0.2063 -1.1354 0.0635 0.2 -1.1596 0.0163 0.2459 -1.1596 0.0261 0.236 -1.1631 0.036 0.2255 -1.17 0.0454 0.2151 -1.1745 0.0317 0.2287
141.0 -1.2307 0.0354 0.2193 -1.1399 0.0391 0.2246 -1.1002 0.0335 0.2343 -1.1112 0.0509 0.2153 -1.1242 0.0601 0.2046 -1.1423 0.0632 0.1997 -1.1641 0.0169 0.2449 -1.1659 0.027 0.2343 -1.1711 0.0367 0.2239 -1.1789 0.046 0.2136 -1.1822 0.0324 0.2272
142.0 -1.236 0.0353 0.2189 -1.1472 0.0406 0.2224 -1.1073 0.0337 0.2333 -1.1155 0.0503 0.2155 -1.1302 0.0593 0.2048 -1.1496 0.0647 0.1975 -1.1713 0.0178 0.2433 -1.1723 0.028 0.2327 -1.1776 0.0383 0.2217 -1.1844 0.0471 0.2119 -1.1883 0.0333 0.2257
143.0 -1.2459 0.0364 0.2168 -1.1551 0.0407 0.2214 -1.1136 0.0347 0.2317 -1.1252 0.0509 0.214 -1.1384 0.0607 0.2027 -1.1561 0.0662 0.1952 -1.1785 0.0186 0.2417 -1.1803 0.0288 0.2311 -1.1867 0.0401 0.2189 -1.1953 0.0493 0.2086 -1.1973 0.0346 0.2234
144.0 -1.2561 0.0399 0.2122 -1.1683 0.0456 0.2151 -1.1275 0.0389 0.226 -1.1368 0.0566 0.207 -1.1501 0.067 0.195 -1.1681 0.0695 0.1907 -1.1888 0.0221 0.2371 -1.1899 0.0336 0.2253 -1.1953 0.0438 0.2142 -1.2032 0.0538 0.2033 -1.2067 0.0386 0.2184
145.0 -1.2556 0.0418 0.2103 -1.1736 0.0455 0.2146 -1.1332 0.0412 0.2231 -1.1416 0.059 0.204 -1.1547 0.0683 0.1933 -1.173 0.0725 0.1871 -1.1929 0.0252 0.2335 -1.1939 0.0361 0.2223 -1.1985 0.0471 0.2106 -1.2071 0.0563 0.2003 -1.2096 0.0413 0.2154
146.0 -1.264 0.0443 0.2069 -1.1792 0.0478 0.2117 -1.1395 0.0422 0.2214 -1.1477 0.0588 0.2036 -1.1593 0.0695 0.1916 -1.177 0.075 0.1842 -1.2002 0.0267 0.2313 -1.2012 0.0375 0.2201 -1.2058 0.0485 0.2084 -1.2137 0.0585 0.1975 -1.2169 0.0431 0.2128
147.0 -1.2783 0.0461 0.2037 -1.1954 0.0499 0.208 -1.1572 0.0478 0.214 -1.1637 0.0646 0.1961 -1.1742 0.0742 0.1853 -1.196 0.078 0.1793 -1.2184 0.0303 0.2257 -1.2208 0.0392 0.2165 -1.2253 0.0496 0.2054 -1.2331 0.0589 0.1951 -1.2352 0.0448 0.2093
148.0 -1.281 0.0463 0.2032 -1.1989 0.0495 0.2081 -1.1599 0.048 0.2135 -1.1679 0.0634 0.1969 -1.1778 0.0749 0.1842 -1.1997 0.0793 0.1776 -1.2219 0.0305 0.2253 -1.2228 0.0401 0.2153 -1.2271 0.0499 0.2048 -1.2342 0.06 0.1939 -1.2374 0.0454 0.2085
149.0 -1.2871 0.0461 0.2028 -1.2041 0.0494 0.2077 -1.1644 0.0486 0.2124 -1.1732 0.0633 0.1965 -1.1837 0.0735 0.1851 -1.2036 0.0763 0.1802 -1.2253 0.0294 0.226 -1.2261 0.0391 0.216 -1.2314 0.0493 0.205 -1.2392 0.0587 0.1947 -1.2418 0.0445 0.2089
150.0 -1.2914 0.0455 0.203 -1.2093 0.0487 0.2079 -1.1696 0.0479 0.2126 -1.1757 0.063 0.1966 -1.1856 0.0739 0.1845 -1.2088 0.0762 0.1798 -1.2306 0.0299 0.225 -1.2322 0.0389 0.2157 -1.2374 0.0485 0.2052 -1.2461 0.0577 0.195 -1.2476 0.0441 0.2088
151.0 -1.2969 0.0466 0.2013 -1.2152 0.0473 0.2088 -1.1755 0.0465 0.2135 -1.1838 0.0637 0.195 -1.1934 0.0734 0.1842 -1.2142 0.0767 0.1787 -1.235 0.0299 0.2245 -1.2367 0.0395 0.2146 -1.242 0.0497 0.2035 -1.2491 0.0598 0.1926 -1.252 0.0451 0.2073
152.0 -1.3022 0.0465 0.2009 -1.2214 0.0476 0.2077 -1.1817 0.0469 0.2125 -1.189 0.0636 0.1946 -1.2002 0.0719 0.1851 -1.2212 0.0764 0.1784 -1.2421 0.0302 0.2235 -1.2437 0.0391 0.2142 -1.2489 0.0488 0.2038 -1.2568 0.0587 0.1929 -1.2587 0.0447 0.2071
153.0 -1.3066 0.0465 0.2004 -1.2287 0.0491 0.2055 -1.1887 0.0466 0.2121 -1.1971 0.0644 0.1931 -1.2076 0.0739 0.1822 -1.2258 0.0776 0.1767 -1.2458 0.0309 0.2224 -1.2465 0.04 0.2131 -1.2508 0.0498 0.2026 -1.2595 0.059 0.1924 -1.2618 0.0452 0.2062
154.0 -1.3111 0.0471 0.1994 -1.2343 0.0508 0.2032 -1.197 0.0485 0.2093 -1.2034 0.0653 0.1914 -1.2166 0.0752 0.1801 -1.2354 0.0769 0.1764 -1.2502 0.0309 0.222 -1.2518 0.0405 0.212 -1.2571 0.0502 0.2016 -1.2666 0.0593 0.1914 -1.2673 0.0456 0.2053
155.0 -1.3174 0.0481 0.1977 -1.2397 0.0513 0.2022 -1.2031 0.0483 0.2089 -1.2076 0.0642 0.1922 -1.2236 0.0748 0.1797 -1.2426 0.0778 0.1748 -1.2574 0.0318 0.2204 -1.259 0.0413 0.2105 -1.2643 0.051 0.2 -1.2729 0.0602 0.1898 -1.2742 0.0465 0.2037
156.0 -1.323 0.0498 0.1954 -1.2458 0.0511 0.2018 -1.2088 0.0506 0.206 -1.2141 0.0657 0.19 -1.2273 0.0762 0.178 -1.2472 0.079 0.1731 -1.2628 0.0329 0.2187 -1.2636 0.0425 0.2088 -1.2688 0.0516 0.199 -1.2774 0.0608 0.1887 -1.2791 0.0475 0.2021
157.0 -1.3278 0.0522 0.1925 -1.2509 0.0553 0.197 -1.2166 0.0501 0.2057 -1.222 0.0659 0.189 -1.2372 0.0773 0.1759 -1.2525 0.0795 0.1721 -1.2684 0.0346 0.2164 -1.2693 0.0448 0.2059 -1.2728 0.0547 0.1954 -1.2805 0.0635 0.1857 -1.2838 0.05 0.1992
158.0 -1.3383 0.052 0.1917 -1.2573 0.0562 0.1954 -1.2224 0.053 0.2022 -1.2287 0.0693 0.1849 -1.2429 0.0796 0.173 -1.2581 0.0812 0.1698 -1.2756 0.0354 0.2148 -1.2772 0.0444 0.2055 -1.2823 0.0535 0.1957 -1.2901 0.0628 0.1854 -1.2927 0.0496 0.1986
159.0 -1.3448 0.0536 0.1894 -1.2605 0.0595 0.1918 -1.2257 0.0568 0.1979 -1.231 0.072 0.1819 -1.2458 0.081 0.1712 -1.2636 0.0823 0.1682 -1.2777 0.0376 0.2124 -1.2793 0.0465 0.2031 -1.2844 0.0556 0.1933 -1.2931 0.0648 0.183 -1.2959 0.0516 0.1963
160.0 -1.3485 0.0549 0.1877 -1.2657 0.0594 0.1914 -1.2294 0.0582 0.1962 -1.2355 0.0726 0.1808 -1.2512 0.0821 0.1696 -1.269 0.0834 0.1665 -1.2831 0.0381 0.2114 -1.2846 0.0464 0.2027 -1.2889 0.0562 0.1923 -1.2967 0.0656 0.1819 -1.3004 0.0523 0.1952
161.0 -1.3522 0.0556 0.1866 -1.2693 0.0595 0.1909 -1.2347 0.0581 0.1958 -1.24 0.0732 0.1797 -1.2558 0.0833 0.1679 -1.2719 0.0848 0.1647 -1.2876 0.0387 0.2103 -1.2884 0.0484 0.2004 -1.2928 0.0582 0.1899 -1.2987 0.0671 0.1801 -1.3039 0.0536 0.1935
162.0 -1.3558 0.0564 0.1855 -1.2718 0.0592 0.191 -1.2368 0.0602 0.1934 -1.2444 0.0732 0.1793 -1.261 0.0826 0.1681 -1.2782 0.0852 0.1637 -1.291 0.0382 0.2104 -1.2919 0.0479 0.2005 -1.2962 0.0577 0.19 -1.3023 0.0673 0.1797 -1.3074 0.0535 0.1932
163.0 -1.3567 0.0563 0.1855 -1.2745 0.0594 0.1904 -1.2403 0.0598 0.1935 -1.2481 0.0746 0.1776 -1.2646 0.0833 0.167 -1.2798 0.0844 0.1644 -1.2929 0.0386 0.2099 -1.2946 0.0487 0.1993 -1.2981 0.0587 0.1889 -1.3041 0.0676 0.1791 -1.3093 0.054 0.1925
164.0 -1.3559 0.057 0.1849 -1.278 0.0589 0.1906 -1.2423 0.0613 0.1917 -1.2516 0.0741 0.1777 -1.2664 0.0831 0.167 -1.2808 0.0854 0.1632 -1.2948 0.0396 0.2087 -1.2955 0.0486 0.1994 -1.299 0.0585 0.1889 -1.3059 0.068 0.1785 -1.3102 0.0543 0.1921
165.0 -1.3585 0.0566 0.185 -1.2791 0.0606 0.1887 -1.2449 0.061 0.1918 -1.2533 0.0739 0.1778 -1.2682 0.0835 0.1665 -1.2833 0.0845 0.1639 -1.2965 0.0393 0.2088 -1.2982 0.0489 0.1989 -1.3017 0.0588 0.1884 -1.3086 0.0682 0.178 -1.3127 0.0544 0.1918
166.0 -1.3593 0.0565 0.185 -1.2809 0.0604 0.1888 -1.2461 0.0626 0.19 -1.2562 0.0753 0.176 -1.2718 0.0842 0.1654 -1.2871 0.0858 0.1622 -1.2975 0.0398 0.2082 -1.2983 0.0495 0.1982 -1.3026 0.0593 0.1878 -1.3087 0.0688 0.1774 -1.3133 0.0548 0.1913
167.0 -1.3593 0.0565 0.185 -1.2809 0.0604 0.1888 -1.2468 0.0619 0.1906 -1.256 0.0741 0.1772 -1.2717 0.0836 0.166 -1.2872 0.0864 0.1616 -1.2992 0.0396 0.2083 -1.2999 0.0486 0.1989 -1.3043 0.0584 0.1885 -1.3112 0.0679 0.1781 -1.3148 0.0542 0.1918
168.0 -1.3593 0.0565 0.185 -1.2809 0.0604 0.1888 -1.2477 0.0618 0.1907 -1.2568 0.074 0.1773 -1.2735 0.084 0.1654 -1.288 0.0863 0.1616 -1.2983 0.0397 0.2082 -1.2992 0.0494 0.1983 -1.3035 0.0592 0.1878 -1.3096 0.0687 0.1774 -1.314 0.0547 0.1913
169.0 -1.3594 0.0571 0.1844 -1.2801 0.0611 0.1882 -1.2471 0.0637 0.1888 -1.2572 0.0758 0.1754 -1.2743 0.0833 0.1661 -1.2878 0.0851 0.1629 -1.2975 0.0398 0.2082 -1.2983 0.0495 0.1982 -1.3018 0.0594 0.1878 -1.3078 0.0684 0.178 -1.313 0.0548 0.1913
170.0 -1.3585 0.0566 0.185 -1.2809 0.0604 0.1888 -1.2472 0.0643 0.1881 -1.2572 0.0758 0.1754 -1.2735 0.084 0.1654 -1.2879 0.0857 0.1622 -1.2966 0.0399 0.2082 -1.2974 0.0496 0.1982 -1.3018 0.0594 0.1878 -1.3087 0.0688 0.1774 -1.3126 0.0549 0.1913
