1.0 -1.3491 0.0481 0.1946 -1.3033 0.0329 0.2147 -1.2508 0.0498 0.2026 -1.2434 0.0624 0.1905 -1.2487 0.0727 0.1795 -1.2617 0.0764 0.1743 -1.3016 0.0332 0.2146 -1.2982 0.044 0.2039 -1.2989 0.0531 0.1945 -1.3031 0.0617 0.1853 -1.3102 0.048 0.1986
2.0 -1.354 0.0511 0.191 -1.3022 0.0318 0.2159 -1.2494 0.0518 0.2007 -1.2437 0.0642 0.1886 -1.2487 0.0727 0.1795 -1.2618 0.077 0.1737 -1.2999 0.0334 0.2145 -1.2948 0.0445 0.2037 -1.2954 0.0529 0.195 -1.2996 0.0621 0.1852 -1.3087 0.0488 0.1979
3.0 -1.3521 0.0502 0.1922 -1.3031 0.0317 0.2159 -1.2501 0.0505 0.202 -1.2436 0.0636 0.1892 -1.2487 0.0727 0.1795 -1.2625 0.0763 0.1744 -1.3015 0.0326 0.2152 -1.2972 0.0435 0.2044 -1.2972 0.0533 0.1944 -1.3013 0.0619 0.1852 -1.3099 0.0483 0.1983
4.0 -1.3529 0.05 0.1922 -1.303 0.0311 0.2165 -1.2494 0.0518 0.2007 -1.2428 0.0643 0.1886 -1.2478 0.0728 0.1794 -1.2617 0.0764 0.1743 -1.3016 0.0332 0.2146 -1.2972 0.0435 0.2044 -1.2972 0.0533 0.1944 -1.3013 0.0619 0.1852 -1.3101 0.0484 0.1982
5.0 -1.3483 0.0488 0.1939 -1.3014 0.032 0.2158 -1.2494 0.0518 0.2007 -1.2427 0.0637 0.1892 -1.2469 0.0723 0.18 -1.2609 0.0771 0.1737 -1.2999 0.0334 0.2145 -1.2965 0.0442 0.2038 -1.2972 0.0533 0.1944 -1.3005 0.062 0.1852 -1.3085 0.0483 0.1984
6.0 -1.353 0.0506 0.1916 -1.3021 0.0312 0.2165 -1.2501 0.0505 0.202 -1.2426 0.0631 0.1898 -1.2477 0.0722 0.18 -1.2609 0.0771 0.1737 -1.3024 0.033 0.2146 -1.2974 0.0441 0.2038 -1.2972 0.0533 0.1944 -1.3005 0.062 0.1852 -1.3101 0.0486 0.1979
7.0 -1.3505 0.051 0.1915 -1.3031 0.0317 0.2159 -1.2494 0.0518 0.2007 -1.2428 0.0643 0.1886 -1.248 0.074 0.1782 -1.2601 0.0772 0.1736 -1.3007 0.0333 0.2146 -1.2956 0.0443 0.2038 -1.2955 0.0535 0.1944 -1.2988 0.0622 0.1851 -1.3082 0.0489 0.1979
8.0 -1.3556 0.0503 0.1917 -1.303 0.0311 0.2165 -1.2485 0.0513 0.2013 -1.2428 0.0643 0.1886 -1.2488 0.0733 0.1788 -1.2608 0.0765 0.1743 -1.3015 0.0326 0.2152 -1.2964 0.0436 0.2044 -1.2972 0.0533 0.1944 -1.3015 0.0625 0.1846 -1.3104 0.0485 0.1981
9.0 -1.3532 0.0518 0.1904 -1.3037 0.0304 0.2172 -1.2493 0.0512 0.2013 -1.2428 0.0643 0.1886 -1.2479 0.0734 0.1788 -1.2601 0.0772 0.1736 -1.3007 0.0333 0.2146 -1.2956 0.0443 0.2038 -1.2955 0.0535 0.1944 -1.2997 0.0627 0.1846 -1.309 0.0491 0.1975
10.0 -1.3523 0.0514 0.191 -1.3031 0.0317 0.2159 -1.2476 0.0514 0.2013 -1.2421 0.065 0.1879 -1.2471 0.0735 0.1788 -1.2601 0.0772 0.1736 -1.2999 0.0334 0.2145 -1.2948 0.0445 0.2037 -1.2946 0.0536 0.1943 -1.2989 0.0628 0.1845 -1.3081 0.0491 0.1976
11.0 -1.3507 0.0522 0.1903 -1.3033 0.0329 0.2147 -1.2469 0.0521 0.2006 -1.2413 0.0657 0.1873 -1.2472 0.0741 0.1781 -1.2602 0.0778 0.173 -1.3 0.034 0.2139 -1.2949 0.0451 0.2031 -1.2948 0.0548 0.1931 -1.299 0.0634 0.1839 -1.3079 0.0499 0.1969
12.0 -1.3523 0.0514 0.191 -1.3005 0.0321 0.2158 -1.2476 0.0514 0.2013 -1.2412 0.0651 0.1879 -1.2471 0.0735 0.1788 -1.2593 0.078 0.173 -1.2991 0.0341 0.2139 -1.2949 0.0451 0.2031 -1.2947 0.0542 0.1937 -1.299 0.0634 0.1839 -1.308 0.0496 0.1971
13.0 -1.3514 0.0515 0.1909 -1.3021 0.0312 0.2165 -1.2487 0.0525 0.2001 -1.2422 0.0656 0.1873 -1.2472 0.0741 0.1781 -1.2602 0.0778 0.173 -1.2999 0.0334 0.2145 -1.2956 0.0443 0.2038 -1.2956 0.0541 0.1938 -1.2989 0.0628 0.1845 -1.3083 0.0492 0.1975
14.0 -1.3541 0.0517 0.1904 -1.3013 0.0314 0.2165 -1.2476 0.0514 0.2013 -1.2421 0.065 0.1879 -1.248 0.074 0.1782 -1.261 0.0777 0.1731 -1.299 0.0335 0.2145 -1.2949 0.0451 0.2031 -1.2956 0.0541 0.1938 -1.2998 0.0633 0.1839 -1.3087 0.0495 0.1971
15.0 -1.3495 0.0505 0.1921 -1.3032 0.0323 0.2153 -1.2466 0.051 0.2019 -1.2411 0.0645 0.1885 -1.2478 0.0728 0.1794 -1.2599 0.0766 0.1743 -1.299 0.0335 0.2145 -1.2948 0.0445 0.2037 -1.2946 0.0536 0.1943 -1.2989 0.0628 0.1845 -1.3074 0.049 0.1978
16.0 -1.3524 0.0519 0.1903 -1.3022 0.0318 0.2159 -1.2466 0.051 0.2019 -1.2421 0.065 0.1879 -1.2479 0.0734 0.1788 -1.2601 0.0772 0.1736 -1.2999 0.0334 0.2145 -1.2956 0.0443 0.2038 -1.2956 0.0541 0.1938 -1.2989 0.0628 0.1845 -1.3085 0.0493 0.1974
17.0 -1.346 0.0504 0.1926 -1.3023 0.0324 0.2153 -1.2466 0.051 0.2019 -1.2411 0.0645 0.1885 -1.2462 0.0736 0.1787 -1.2592 0.0774 0.1736 -1.2983 0.0342 0.2138 -1.2939 0.0446 0.2037 -1.2938 0.0538 0.1943 -1.2979 0.0624 0.1851 -1.306 0.0491 0.1979
18.0 -1.338 0.0502 0.1935 -1.3032 0.0323 0.2153 -1.2474 0.0502 0.2025 -1.241 0.0639 0.1891 -1.2469 0.0723 0.18 -1.2591 0.0768 0.1742 -1.2955 0.0334 0.215 -1.2912 0.0443 0.2042 -1.2919 0.0534 0.1949 -1.2961 0.062 0.1857 -1.3025 0.0487 0.1987
19.0 -1.3396 0.0494 0.1942 -1.3023 0.0324 0.2153 -1.2466 0.051 0.2019 -1.241 0.0639 0.1891 -1.247 0.0729 0.1794 -1.2591 0.0768 0.1742 -1.2963 0.0333 0.215 -1.2928 0.0435 0.2049 -1.2927 0.0527 0.1955 -1.2968 0.0613 0.1863 -1.3037 0.048 0.1992
20.0 -1.3441 0.05 0.1931 -1.3023 0.0324 0.2153 -1.2475 0.0508 0.2019 -1.242 0.0644 0.1886 -1.2487 0.0727 0.1795 -1.2598 0.076 0.1749 -1.2979 0.0324 0.2157 -1.2937 0.0434 0.2049 -1.2944 0.0524 0.1956 -1.2986 0.061 0.1864 -1.3058 0.0479 0.1991
21.0 -1.3491 0.0481 0.1946 -1.2996 0.0316 0.2164 -1.2485 0.0513 0.2013 -1.2429 0.0649 0.188 -1.2488 0.0733 0.1788 -1.2599 0.0766 0.1743 -1.2989 0.0329 0.2151 -1.2955 0.0437 0.2044 -1.2954 0.0529 0.195 -1.2996 0.0621 0.1852 -1.3077 0.048 0.1988
22.0 -1.3458 0.0498 0.1932 -1.304 0.0316 0.2159 -1.2493 0.0512 0.2013 -1.242 0.0644 0.1886 -1.2471 0.0735 0.1788 -1.2599 0.0766 0.1743 -1.2998 0.0328 0.2152 -1.2964 0.0436 0.2044 -1.2962 0.0528 0.195 -1.3004 0.0614 0.1858 -1.3077 0.0481 0.1987
23.0 -1.3465 0.0485 0.1945 -1.3048 0.0315 0.216 -1.2486 0.0519 0.2007 -1.2412 0.0651 0.1879 -1.2471 0.0735 0.1788 -1.2602 0.0778 0.173 -1.2998 0.0328 0.2152 -1.2955 0.0437 0.2044 -1.2954 0.0529 0.195 -1.2995 0.0615 0.1858 -1.3073 0.0479 0.199
24.0 -1.3468 0.0503 0.1926 -1.3057 0.0314 0.216 -1.2502 0.0511 0.2014 -1.2428 0.0643 0.1886 -1.2479 0.0734 0.1788 -1.2608 0.0765 0.1743 -1.2999 0.0334 0.2145 -1.2955 0.0437 0.2044 -1.2955 0.0535 0.1944 -1.2996 0.0621 0.1852 -1.3075 0.0486 0.1982
25.0 -1.3485 0.05 0.1927 -1.3033 0.0329 0.2147 -1.2501 0.0505 0.202 -1.2427 0.0637 0.1892 -1.2479 0.0734 0.1788 -1.2609 0.0771 0.1737 -1.3008 0.0339 0.2139 -1.2966 0.0448 0.2032 -1.2973 0.0539 0.1938 -1.3006 0.0626 0.1846 -1.3088 0.049 0.1976
26.0 -1.3395 0.0488 0.1948 -1.3059 0.0326 0.2148 -1.2486 0.0519 0.2007 -1.2421 0.065 0.1879 -1.2479 0.0734 0.1788 -1.2601 0.0772 0.1736 -1.2963 0.0333 0.215 -1.2929 0.0441 0.2043 -1.2937 0.0532 0.1949 -1.2978 0.0618 0.1857 -1.3041 0.0482 0.199
27.0 -1.351 0.0491 0.1934 -1.3021 0.0312 0.2165 -1.2494 0.0518 0.2007 -1.2437 0.0642 0.1886 -1.2487 0.0727 0.1795 -1.2619 0.0776 0.1731 -1.2998 0.0328 0.2152 -1.2964 0.0436 0.2044 -1.2972 0.0533 0.1944 -1.3013 0.0619 0.1852 -1.3091 0.0481 0.1985
28.0 -1.3484 0.0494 0.1933 -1.3049 0.0321 0.2154 -1.2494 0.0518 0.2007 -1.243 0.0655 0.1874 -1.2489 0.0739 0.1782 -1.2618 0.077 0.1737 -1.3 0.034 0.2139 -1.2966 0.0448 0.2032 -1.2973 0.0539 0.1938 -1.3015 0.0625 0.1846 -1.3088 0.0489 0.1978
29.0 -1.3549 0.051 0.1911 -1.3032 0.0323 0.2153 -1.2494 0.0518 0.2007 -1.2437 0.0642 0.1886 -1.2487 0.0727 0.1795 -1.2609 0.0771 0.1737 -1.3002 0.0352 0.2127 -1.2959 0.0461 0.2019 -1.2966 0.0546 0.1932 -1.3007 0.0632 0.184 -1.3096 0.05 0.1966
30.0 -1.3477 0.0501 0.1927 -1.3027 0.0342 0.2134 -1.2488 0.0531 0.1994 -1.2431 0.0661 0.1867 -1.2499 0.0743 0.1776 -1.2619 0.0776 0.1731 -1.2992 0.0347 0.2133 -1.295 0.0456 0.2025 -1.2957 0.0547 0.1931 -1.2998 0.0633 0.1839 -1.3075 0.0497 0.1971
31.0 -1.3506 0.0516 0.1909 -1.3026 0.0336 0.214 -1.2487 0.0525 0.2001 -1.2431 0.0661 0.1867 -1.249 0.0745 0.1776 -1.2611 0.0783 0.1724 -1.2992 0.0347 0.2133 -1.295 0.0456 0.2025 -1.2957 0.0547 0.1931 -1.2998 0.0633 0.1839 -1.3081 0.05 0.1967
32.0 -1.3553 0.0534 0.1886 -1.3051 0.0333 0.2141 -1.2479 0.0532 0.1994 -1.2424 0.0668 0.1861 -1.249 0.0745 0.1776 -1.2621 0.0788 0.1719 -1.3004 0.0364 0.2114 -1.2952 0.0468 0.2012 -1.2959 0.0559 0.1919 -1.3 0.0645 0.1827 -1.3094 0.0514 0.1952
33.0 -1.3377 0.0533 0.1904 -1.2967 0.0356 0.2125 -1.2422 0.0558 0.1973 -1.2367 0.0694 0.184 -1.2415 0.0767 0.176 -1.257 0.0801 0.171 -1.2927 0.0374 0.2111 -1.2883 0.0478 0.201 -1.289 0.0568 0.1916 -1.2932 0.0654 0.1824 -1.3002 0.0522 0.1953
33.0 -1.3377 0.0533 0.1904 -1.2967 0.0356 0.2125 -1.2422 0.0558 0.1973 -1.2367 0.0694 0.184 -1.2415 0.0767 0.176 -1.257 0.0801 0.171 -1.2927 0.0374 0.2111 -1.2883 0.0478 0.201 -1.289 0.0568 0.1916 -1.2932 0.0654 0.1824 -1.3002 0.0522 0.1953
33.0 -1.3377 0.0533 0.1904 -1.2967 0.0356 0.2125 -1.2422 0.0558 0.1973 -1.2367 0.0694 0.184 -1.2415 0.0767 0.176 -1.257 0.0801 0.171 -1.2927 0.0374 0.2111 -1.2883 0.0478 0.201 -1.289 0.0568 0.1916 -1.2932 0.0654 0.1824 -1.3002 0.0522 0.1953
33.0 -1.3377 0.0533 0.1904 -1.2967 0.0356 0.2125 -1.2422 0.0558 0.1973 -1.2367 0.0694 0.184 -1.2415 0.0767 0.176 -1.257 0.0801 0.171 -1.2927 0.0374 0.2111 -1.2883 0.0478 0.201 -1.289 0.0568 0.1916 -1.2932 0.0654 0.1824 -1.3002 0.0522 0.1953
33.0 -1.3377 0.0533 0.1904 -1.2967 0.0356 0.2125 -1.2422 0.0558 0.1973 -1.2367 0.0694 0.184 -1.2415 0.0767 0.176 -1.257 0.0801 0.171 -1.2927 0.0374 0.2111 -1.2883 0.0478 0.201 -1.289 0.0568 0.1916 -1.2932 0.0654 0.1824 -1.3002 0.0522 0.1953
33.0 -1.3377 0.0533 0.1904 -1.2967 0.0356 0.2125 -1.2422 0.0558 0.1973 -1.2367 0.0694 0.184 -1.2415 0.0767 0.176 -1.257 0.0801 0.171 -1.2927 0.0374 0.2111 -1.2883 0.0478 0.201 -1.289 0.0568 0.1916 -1.2932 0.0654 0.1824 -1.3002 0.0522 0.1953
33.0 -1.3377 0.0533 0.1904 -1.2967 0.0356 0.2125 -1.2422 0.0558 0.1973 -1.2367 0.0694 0.184 -1.2415 0.0767 0.176 -1.257 0.0801 0.171 -1.2927 0.0374 0.2111 -1.2883 0.0478 0.201 -1.289 0.0568 0.1916 -1.2932 0.0654 0.1824 -1.3002 0.0522 0.1953
33.0 -1.3377 0.0533 0.1904 -1.2967 0.0356 0.2125 -1.2422 0.0558 0.1973 -1.2367 0.0694 0.184 -1.2415 0.0767 0.176 -1.257 0.0801 0.171 -1.2927 0.0374 0.2111 -1.2883 0.0478 0.201 -1.289 0.0568 0.1916 -1.2932 0.0654 0.1824 -1.3002 0.0522 0.1953
41.0 -1.261 0.0374 0.2143 -1.1783 0.0327 0.2273 -1.1444 0.0397 0.2235 -1.1391 0.0447 0.2189 -1.1426 0.0448 0.2184 -1.1575 0.0441 0.2178 -1.1998 0.0298 0.2281 -1.1994 0.0323 0.2256 -1.2014 0.0338 0.2238 -1.206 0.0351 0.2221 -1.2135 0.0337 0.2228
41.0 -1.261 0.0374 0.2143 -1.1783 0.0327 0.2273 -1.1444 0.0397 0.2235 -1.1391 0.0447 0.2189 -1.1426 0.0448 0.2184 -1.1575 0.0441 0.2178 -1.1998 0.0298 0.2281 -1.1994 0.0323 0.2256 -1.2014 0.0338 0.2238 -1.206 0.0351 0.2221 -1.2135 0.0337 0.2228
43.0 -1.2062 0.0259 0.2315 -1.1128 0.0153 0.2516 -1.0892 0.0258 0.2432 -1.0878 0.0333 0.2357 -1.0943 0.0398 0.2284 -1.1092 0.0445 0.2221 -1.1406 0.0133 0.2508 -1.1438 0.0215 0.2422 -1.1488 0.03 0.233 -1.1563 0.0375 0.2246 -1.1592 0.0256 0.2364
44.0 -1.1781 0.0211 0.2392 -1.0971 0.0107 0.2579 -1.0645 0.0255 0.246 -1.0642 0.034 0.2373 -1.0743 0.0412 0.2289 -1.0934 0.0448 0.2234 -1.1174 0.011 0.2555 -1.1216 0.0202 0.2457 -1.1275 0.0286 0.2366 -1.135 0.0361 0.2281 -1.1359 0.0234 0.241
45.0 -1.1415 0.023 0.2409 -1.068 0.0103 0.2611 -1.058 0.0239 0.2483 -1.0588 0.0329 0.2389 -1.0677 0.0391 0.2318 -1.0788 0.0418 0.2278 -1.075 0.0204 0.2502 -1.0786 0.0309 0.2391 -1.086 0.0378 0.2312 -1.0965 0.0425 0.2254 -1.0955 0.0309 0.2373
46.0 -1.1333 0.0217 0.2431 -1.0421 0.0132 0.2608 -1.0357 0.0269 0.2474 -1.0344 0.0344 0.2398 -1.0407 0.0403 0.2332 -1.0495 0.0403 0.2323 -1.061 0.0155 0.2565 -1.0636 0.0256 0.246 -1.0696 0.0345 0.2362 -1.0776 0.0402 0.2297 -1.081 0.0275 0.2423
47.0 -1.1151 0.018 0.2486 -1.0155 0.007 0.2697 -1.0062 0.0291 0.2481 -1.0116 0.0399 0.2365 -1.0201 0.0485 0.2268 -1.034 0.0522 0.2217 -1.0517 0.0125 0.2605 -1.0571 0.0234 0.2488 -1.0649 0.0327 0.2385 -1.0724 0.0403 0.2301 -1.0722 0.0254 0.2453
48.0 -1.0987 0.0147 0.2536 -0.9897 0.0105 0.2687 -0.992 0.0334 0.2451 -0.9987 0.0466 0.231 -1.0106 0.0541 0.2221 -1.0304 0.0569 0.2172 -1.0337 0.0107 0.2642 -1.0416 0.0206 0.2532 -1.0513 0.0303 0.2424 -1.0614 0.0381 0.2334 -1.0573 0.0229 0.2494
49.0 -1.0811 0.0147 0.2554 -0.973 0.0103 0.2706 -0.971 0.0393 0.2411 -0.9781 0.0493 0.2302 -0.9925 0.0565 0.2214 -1.014 0.0585 0.2172 -1.0103 0.0175 0.2595 -1.0201 0.0284 0.2474 -1.0313 0.0367 0.2378 -1.0428 0.0424 0.2308 -1.0371 0.0279 0.2462
50.0 -1.0685 0.0133 0.258 -0.9563 0.0107 0.2718 -0.9653 0.0419 0.239 -0.9731 0.0512 0.2287 -0.9853 0.0606 0.218 -1.0087 0.0635 0.2126 -1.0018 0.0144 0.2636 -1.0115 0.0241 0.2527 -1.0235 0.0328 0.2425 -1.0363 0.0403 0.2337 -1.0283 0.025 0.2501
51.0 -1.0611 0.0113 0.2609 -0.9417 0.0127 0.2712 -0.9573 0.0412 0.2406 -0.9659 0.0504 0.2303 -0.9755 0.0601 0.2195 -1.0015 0.0676 0.2092 -0.9902 0.0184 0.2606 -1.0015 0.0272 0.2504 -1.0151 0.0346 0.2416 -1.0293 0.0406 0.234 -1.0194 0.0264 0.2495
52.0 -1.0466 0.0089 0.2647 -0.9315 0.0147 0.2702 -0.9533 0.0386 0.2436 -0.9573 0.0515 0.23 -0.9705 0.0662 0.2136 -0.9983 0.0692 0.2078 -0.979 0.0248 0.2552 -0.9927 0.0327 0.2457 -1.0077 0.038 0.2388 -1.0243 0.0419 0.2332 -1.0101 0.0293 0.2475
53.0 -1.0406 0.0097 0.2644 -0.9235 0.0194 0.2661 -0.9464 0.0542 0.2283 -0.9557 0.0676 0.2137 -0.9716 0.0728 0.2068 -0.9986 0.071 0.206 -0.9722 0.0312 0.2493 -0.9859 0.0391 0.2398 -1.0016 0.0431 0.2342 -1.0195 0.045 0.2305 -1.004 0.0336 0.2437
54.0 -1.0227 0.0128 0.2631 -0.9112 0.0443 0.2419 -0.9423 0.0664 0.2163 -0.9621 0.0686 0.2121 -0.9838 0.0669 0.2117 -0.9999 0.0684 0.2085 -0.9563 0.0407 0.2412 -0.9716 0.0478 0.2324 -0.989 0.0515 0.2268 -1.0062 0.0541 0.2225 -0.9891 0.0414 0.2372
55.0 -1.0181 0.0116 0.2648 -0.9117 0.0473 0.2388 -0.9468 0.067 0.2152 -0.9671 0.0673 0.2129 -0.9885 0.0638 0.2143 -1.0027 0.0643 0.2124 -0.9577 0.0435 0.2381 -0.9744 0.0486 0.2313 -0.9924 0.0511 0.227 -1.0094 0.0524 0.2239 -0.9904 0.0414 0.237
56.0 -1.0188 0.0109 0.2655 -0.9116 0.0467 0.2395 -0.948 0.0638 0.2184 -0.9691 0.0634 0.2167 -0.9873 0.0621 0.2162 -1.0001 0.0647 0.2123 -0.956 0.0438 0.2381 -0.9719 0.0496 0.2306 -0.99 0.052 0.2263 -1.0078 0.0533 0.2232 -0.9889 0.0419 0.2367
57.0 -1.0203 0.0094 0.2668 -0.9111 0.0486 0.2376 -0.9456 0.0598 0.2227 -0.9642 0.0604 0.2203 -0.9852 0.06 0.2186 -1.0005 0.0622 0.2148 -0.9553 0.0402 0.2418 -0.9713 0.046 0.2343 -0.9894 0.049 0.2294 -1.0082 0.0508 0.2257 -0.9889 0.0391 0.2396
58.0 -1.0181 0.0116 0.2648 -0.9128 0.0484 0.2376 -0.952 0.0565 0.2254 -0.9742 0.0572 0.2225 -0.9912 0.0592 0.2188 -1.003 0.0612 0.2155 -0.9528 0.0405 0.2417 -0.9697 0.0468 0.2336 -0.9879 0.0505 0.2281 -1.005 0.0524 0.2243 -0.9867 0.0404 0.2385
59.0 -1.0156 0.0125 0.2641 -0.9127 0.0478 0.2382 -0.9474 0.0553 0.2271 -0.967 0.0563 0.2241 -0.9837 0.0565 0.2223 -1.0035 0.0587 0.218 -0.9535 0.0398 0.2423 -0.9696 0.0462 0.2342 -0.9877 0.0493 0.2293 -1.0065 0.051 0.2256 -0.9866 0.0398 0.2391
60.0 -1.0191 0.0175 0.2586 -0.9289 0.0401 0.2445 -0.9436 0.0534 0.2295 -0.9637 0.058 0.2227 -0.9755 0.0601 0.2195 -0.9852 0.0649 0.2136 -0.9577 0.0338 0.2481 -0.9696 0.0413 0.2392 -0.9818 0.0458 0.2334 -0.9928 0.048 0.2301 -0.9842 0.0373 0.2419
61.0 -1.0192 0.0181 0.258 -0.9297 0.0443 0.2402 -0.9533 0.0539 0.228 -0.9732 0.0567 0.2231 -0.9799 0.0601 0.219 -0.9786 0.0627 0.2164 -0.9608 0.0364 0.2451 -0.9688 0.0414 0.2392 -0.977 0.0434 0.2364 -0.9813 0.0428 0.2365 -0.9814 0.0364 0.243
62.0 -1.0165 0.0228 0.2535 -0.9264 0.0459 0.2388 -0.9467 0.0462 0.2364 -0.9714 0.0466 0.2337 -0.9852 0.0502 0.2286 -0.9964 0.0536 0.224 -0.9521 0.037 0.2454 -0.9677 0.0452 0.2354 -0.9827 0.0505 0.2285 -0.9974 0.0541 0.2234 -0.9833 0.0419 0.2372
63.0 -1.0141 0.0243 0.2522 -0.9292 0.0419 0.2426 -0.9434 0.0473 0.2357 -0.9731 0.0463 0.2337 -0.9866 0.0482 0.2305 -0.998 0.0528 0.2247 -0.9524 0.0387 0.2435 -0.9664 0.0479 0.2328 -0.9822 0.0531 0.226 -0.9985 0.0557 0.2216 -0.9827 0.0439 0.2352
64.0 -1.0187 0.0255 0.2505 -0.9353 0.0411 0.2429 -0.9461 0.0475 0.2352 -0.9726 0.0482 0.2318 -0.982 0.0519 0.2272 -0.9868 0.0592 0.2193 -0.9562 0.0352 0.2468 -0.9667 0.0448 0.236 -0.9774 0.0506 0.2289 -0.9876 0.0535 0.2249 -0.9813 0.0419 0.2374
65.0 -1.0127 0.0263 0.2502 -0.9249 0.0425 0.2425 -0.9369 0.0506 0.2329 -0.9698 0.0474 0.233 -0.9852 0.0502 0.2286 -0.9963 0.053 0.2246 -0.9521 0.037 0.2454 -0.9668 0.0454 0.2354 -0.9819 0.0513 0.2278 -0.9957 0.0549 0.2227 -0.9819 0.043 0.2363
66.0 -1.0125 0.0251 0.2515 -0.9259 0.0429 0.2419 -0.9417 0.0475 0.2356 -0.9733 0.0475 0.2325 -0.9853 0.0508 0.228 -0.9951 0.0562 0.2215 -0.9527 0.0351 0.2473 -0.9668 0.0454 0.2354 -0.9819 0.0513 0.2278 -0.9956 0.0543 0.2234 -0.9819 0.0422 0.2371
67.0 -1.0149 0.0236 0.2528 -0.9282 0.0457 0.2388 -0.9413 0.0451 0.2381 -0.9695 0.0456 0.2348 -0.9843 0.0497 0.2292 -0.9971 0.0529 0.2247 -0.9524 0.0387 0.2435 -0.967 0.0466 0.2341 -0.9829 0.0517 0.2272 -0.9983 0.0545 0.2228 -0.9831 0.043 0.2361
68.0 -1.0167 0.024 0.2523 -0.9274 0.0415 0.2432 -0.9526 0.0448 0.2373 -0.9769 0.0477 0.232 -0.9889 0.0509 0.2275 -0.9971 0.0578 0.2197 -0.954 0.0373 0.2448 -0.968 0.047 0.2335 -0.9831 0.0529 0.226 -0.9968 0.056 0.2215 -0.9837 0.0434 0.2356
69.0 -1.0133 0.0244 0.2521 -0.9242 0.0432 0.2418 -0.9466 0.0456 0.2371 -0.9756 0.0454 0.2344 -0.9878 0.0499 0.2287 -0.9993 0.055 0.2222 -0.9523 0.0382 0.2442 -0.9671 0.0472 0.2335 -0.9831 0.0529 0.226 -0.9984 0.0551 0.2222 -0.9828 0.0436 0.2356
70.0 -1.0167 0.024 0.2523 -0.9262 0.0447 0.24 -0.946 0.047 0.2358 -0.9758 0.0466 0.2332 -0.9895 0.0496 0.2287 -0.9999 0.0537 0.2235 -0.9523 0.0382 0.2442 -0.9671 0.0472 0.2335 -0.983 0.0523 0.2266 -0.9984 0.0551 0.2222 -0.9835 0.0433 0.2357
71.0 -1.015 0.0242 0.2522 -0.9243 0.0438 0.2412 -0.9408 0.0476 0.2356 -0.9732 0.0469 0.2331 -0.9871 0.0506 0.228 -0.9993 0.055 0.2222 -0.9522 0.0376 0.2448 -0.9688 0.0469 0.2336 -0.9846 0.0515 0.2273 -0.9992 0.0544 0.2229 -0.984 0.0429 0.2361
72.0 -1.0126 0.0257 0.2509 -0.9277 0.0433 0.2413 -0.9374 0.0481 0.2355 -0.9683 0.0488 0.2317 -0.9802 0.0515 0.2278 -0.9909 0.0574 0.2207 -0.9553 0.0347 0.2474 -0.9682 0.0433 0.2373 -0.9807 0.0496 0.2296 -0.9927 0.0529 0.2251 -0.9819 0.0412 0.2381
73.0 -1.0142 0.0249 0.2516 -0.9241 0.0426 0.2424 -0.9392 0.0485 0.2349 -0.9725 0.0476 0.2324 -0.9863 0.0513 0.2274 -0.9984 0.0551 0.2222 -0.952 0.0364 0.246 -0.9677 0.0452 0.2354 -0.9828 0.0511 0.2279 -0.9982 0.0539 0.2235 -0.983 0.0423 0.2369
74.0 -1.0159 0.0241 0.2522 -0.9229 0.0409 0.2443 -0.9491 0.0447 0.2378 -0.9785 0.0468 0.2327 -0.9906 0.0507 0.2275 -0.9995 0.0562 0.221 -0.9504 0.0372 0.2453 -0.9654 0.0474 0.2334 -0.9822 0.0531 0.226 -0.9986 0.0563 0.221 -0.9825 0.0436 0.2356
75.0 -1.0169 0.0252 0.251 -0.9257 0.0417 0.2431 -0.9467 0.0462 0.2364 -0.977 0.0483 0.2314 -0.99 0.052 0.2263 -0.998 0.0576 0.2197 -0.951 0.0353 0.2472 -0.9659 0.0455 0.2353 -0.9813 0.0526 0.2265 -0.995 0.0556 0.2221 -0.982 0.0428 0.2364
76.0 -1.0143 0.0255 0.2509 -0.9234 0.0439 0.2412 -0.9424 0.0468 0.2363 -0.9741 0.0468 0.2331 -0.9873 0.0518 0.2268 -0.9967 0.0554 0.2221 -0.9529 0.0362 0.2461 -0.9677 0.0452 0.2354 -0.9829 0.0517 0.2272 -0.9967 0.0554 0.2221 -0.9829 0.0428 0.2363
77.0 -1.0125 0.0251 0.2515 -0.9234 0.0439 0.2412 -0.937 0.0512 0.2323 -0.9735 0.0487 0.2312 -0.9862 0.0507 0.228 -0.9971 0.0529 0.2247 -0.9509 0.0347 0.2478 -0.9657 0.0443 0.2366 -0.9801 0.0509 0.2284 -0.9956 0.0543 0.2234 -0.981 0.0419 0.2375
78.0 -1.0162 0.0259 0.2504 -0.9296 0.0388 0.2458 -0.9433 0.0467 0.2363 -0.9699 0.048 0.2323 -0.977 0.0532 0.2264 -0.9816 0.0593 0.2197 -0.9565 0.0315 0.2506 -0.9668 0.0405 0.2403 -0.9767 0.0465 0.2332 -0.985 0.049 0.2298 -0.9802 0.0387 0.2409
79.0 -1.0141 0.0243 0.2522 -0.9236 0.0451 0.2399 -0.9427 0.0486 0.2344 -0.975 0.0467 0.2332 -0.9871 0.0506 0.228 -0.9974 0.0541 0.2234 -0.9532 0.038 0.2442 -0.9679 0.0464 0.2341 -0.9837 0.0516 0.2273 -0.9983 0.0545 0.2228 -0.9835 0.043 0.2361
80.0 -1.0142 0.0249 0.2516 -0.9252 0.0437 0.2412 -0.9425 0.0474 0.2357 -0.9725 0.0476 0.2324 -0.9846 0.0515 0.2273 -0.9958 0.0555 0.2221 -0.9512 0.0365 0.246 -0.9659 0.0455 0.2353 -0.9818 0.0507 0.2284 -0.9965 0.0542 0.2234 -0.9819 0.0423 0.2369
81.0 -1.0126 0.0257 0.2509 -0.9297 0.0394 0.2452 -0.9385 0.0498 0.2336 -0.9685 0.05 0.2304 -0.9813 0.0526 0.2265 -0.9952 0.0568 0.2208 -0.955 0.0335 0.2486 -0.9681 0.0427 0.2379 -0.9824 0.0488 0.2303 -0.9952 0.0519 0.2258 -0.9827 0.0405 0.2387
82.0 -1.0161 0.0253 0.251 -0.9242 0.0432 0.2418 -0.9427 0.0486 0.2344 -0.9776 0.047 0.2326 -0.9903 0.0489 0.2294 -0.9998 0.0531 0.2241 -0.9518 0.0352 0.2473 -0.9659 0.0455 0.2353 -0.982 0.0519 0.2272 -0.9966 0.0548 0.2228 -0.9825 0.0425 0.2367
83.0 -1.0135 0.0256 0.2509 -0.9272 0.0452 0.2394 -0.935 0.0497 0.2341 -0.9701 0.0492 0.2311 -0.9852 0.0502 0.2286 -0.9967 0.0554 0.2221 -0.9517 0.0346 0.2479 -0.9657 0.0443 0.2366 -0.9809 0.0508 0.2284 -0.9956 0.0543 0.2234 -0.9815 0.0419 0.2374
84.0 -1.0119 0.0265 0.2502 -0.9257 0.0417 0.2431 -0.9401 0.0484 0.2349 -0.9752 0.0479 0.2319 -0.9887 0.0497 0.2287 -0.9974 0.0541 0.2234 -0.9527 0.0351 0.2473 -0.9667 0.0448 0.236 -0.9809 0.0508 0.2284 -0.9938 0.0539 0.2239 -0.9812 0.0422 0.2372
85.0 -1.0152 0.0254 0.251 -0.9308 0.0405 0.2439 -0.9554 0.0457 0.2362 -0.9786 0.0474 0.2321 -0.9863 0.0513 0.2274 -0.9894 0.0588 0.2194 -0.9546 0.036 0.2461 -0.9651 0.0456 0.2353 -0.9765 0.0508 0.2289 -0.9865 0.0525 0.2261 -0.9796 0.042 0.2375
86.0 -1.0161 0.0253 0.251 -0.9232 0.0427 0.2424 -0.9395 0.0503 0.233 -0.9751 0.0473 0.2325 -0.9894 0.049 0.2294 -1.0005 0.0518 0.2254 -0.9528 0.0356 0.2467 -0.9684 0.0445 0.236 -0.9836 0.051 0.2279 -0.9982 0.0539 0.2235 -0.9838 0.0421 0.237
87.0 -1.0124 0.0245 0.2521 -0.9254 0.04 0.245 -0.9419 0.0487 0.2344 -0.9735 0.0487 0.2312 -0.9861 0.0501 0.2286 -0.995 0.0556 0.2221 -0.9509 0.0347 0.2478 -0.9649 0.0444 0.2365 -0.9791 0.0504 0.229 -0.9937 0.0533 0.2245 -0.9802 0.0415 0.238
88.0 -1.0117 0.0253 0.2515 -0.9253 0.0442 0.2406 -0.9392 0.0485 0.2349 -0.9733 0.0475 0.2325 -0.9877 0.0493 0.2293 -0.9973 0.0535 0.224 -0.9492 0.0355 0.2472 -0.9642 0.0457 0.2353 -0.9793 0.0516 0.2277 -0.994 0.0551 0.2227 -0.9797 0.0426 0.2368
89.0 -1.0188 0.0261 0.2499 -0.9451 0.0422 0.2408 -0.9545 0.0507 0.2311 -0.9747 0.0504 0.2294 -0.9781 0.0548 0.2245 -0.9764 0.0599 0.2195 -0.9629 0.038 0.2433 -0.9675 0.0441 0.2366 -0.9723 0.0465 0.2337 -0.9765 0.0453 0.2345 -0.9796 0.04 0.2396
90.0 -1.0127 0.0263 0.2502 -0.9267 0.0422 0.2425 -0.9395 0.0503 0.233 -0.9735 0.0487 0.2312 -0.9871 0.0506 0.228 -0.9982 0.0539 0.2235 -0.9554 0.0353 0.2468 -0.9694 0.045 0.2355 -0.9836 0.051 0.2279 -0.9975 0.0547 0.2228 -0.9837 0.0425 0.2366
91.0 -1.0136 0.0262 0.2503 -0.9289 0.0401 0.2445 -0.9484 0.046 0.2365 -0.976 0.0478 0.232 -0.9855 0.0514 0.2273 -0.9917 0.0567 0.2213 -0.9544 0.0348 0.2474 -0.9676 0.0446 0.236 -0.98 0.0503 0.229 -0.991 0.0531 0.225 -0.9813 0.0418 0.2375
92.0 -1.0134 0.025 0.2515 -0.9246 0.0407 0.2443 -0.9445 0.0484 0.2345 -0.9754 0.0491 0.2307 -0.9873 0.0518 0.2268 -0.9967 0.0554 0.2221 -0.9525 0.0339 0.2485 -0.9673 0.0435 0.2372 -0.9817 0.0501 0.2291 -0.9955 0.0537 0.224 -0.9821 0.0412 0.2381
93.0 -1.0142 0.0249 0.2516 -0.9228 0.0403 0.2449 -0.9435 0.0479 0.2351 -0.9768 0.0471 0.2326 -0.9896 0.0502 0.2281 -0.9984 0.0551 0.2222 -0.9532 0.038 0.2442 -0.968 0.047 0.2335 -0.9831 0.0529 0.226 -0.9985 0.0557 0.2216 -0.9834 0.0437 0.2354
94.0 -1.0107 0.0248 0.252 -0.9257 0.0417 0.2431 -0.9435 0.0479 0.2351 -0.9742 0.0474 0.2325 -0.9862 0.0507 0.228 -0.9939 0.0545 0.2233 -0.9504 0.0372 0.2453 -0.9643 0.0463 0.2346 -0.9793 0.0516 0.2277 -0.993 0.054 0.2239 -0.9795 0.0428 0.2367
95.0 -1.0146 0.0267 0.2497 -0.9496 0.0477 0.2347 -0.962 0.0533 0.2277 -0.9759 0.0521 0.2276 -0.9763 0.0545 0.2251 -0.9641 0.0549 0.2259 -0.9648 0.0389 0.2421 -0.9642 0.0408 0.2402 -0.9641 0.0402 0.2409 -0.9634 0.036 0.2452 -0.9742 0.0365 0.2436
96.0 -1.0133 0.0244 0.2521 -0.9237 0.0402 0.2449 -0.939 0.0473 0.2361 -0.9716 0.0478 0.2324 -0.9846 0.0515 0.2273 -0.9944 0.0575 0.2202 -0.9518 0.0352 0.2473 -0.9658 0.0449 0.2359 -0.9801 0.0509 0.2284 -0.9938 0.0539 0.2239 -0.981 0.0419 0.2375
97.0 -1.0121 0.0276 0.249 -0.9375 0.0389 0.2448 -0.9507 0.0488 0.2335 -0.9746 0.0498 0.23 -0.9796 0.0534 0.2259 -0.978 0.0591 0.2202 -0.9586 0.0336 0.2481 -0.9653 0.0419 0.239 -0.9714 0.0466 0.2337 -0.976 0.0478 0.232 -0.9767 0.0395 0.2404
98.0 -1.0119 0.0265 0.2502 -0.9282 0.0408 0.2438 -0.935 0.0497 0.2341 -0.971 0.0491 0.2311 -0.9829 0.0517 0.2272 -0.9925 0.0565 0.2214 -0.9515 0.0334 0.2491 -0.9647 0.0432 0.2378 -0.9782 0.0499 0.2295 -0.9911 0.0537 0.2244 -0.9795 0.0413 0.2382
99.0 -1.0141 0.0243 0.2522 -0.9249 0.0425 0.2425 -0.9418 0.0481 0.235 -0.9733 0.0475 0.2325 -0.9853 0.0508 0.228 -0.9949 0.055 0.2227 -0.9519 0.0358 0.2466 -0.9658 0.0449 0.2359 -0.98 0.0503 0.229 -0.9937 0.0533 0.2245 -0.9811 0.0417 0.2377
100.0 -1.0143 0.0255 0.2509 -0.9237 0.0402 0.2449 -0.9406 0.0465 0.2368 -0.9717 0.0484 0.2318 -0.984 0.0534 0.2254 -0.9929 0.0589 0.2189 -0.9532 0.0331 0.2492 -0.9675 0.0441 0.2366 -0.9818 0.0507 0.2284 -0.9949 0.055 0.2227 -0.9823 0.0417 0.2376
101.0 -1.0139 0.028 0.2484 -0.9597 0.0549 0.2263 -0.9591 0.0568 0.2244 -0.9684 0.0543 0.226 -0.9604 0.0542 0.227 -0.9433 0.0516 0.2313 -0.9723 0.0416 0.2387 -0.9666 0.0393 0.2416 -0.9589 0.0354 0.2463 -0.9506 0.028 0.2547 -0.9725 0.0345 0.2459
102.0 -1.0159 0.0296 0.2466 -0.9486 0.0472 0.2353 -0.96 0.0518 0.2295 -0.9749 0.0516 0.2282 -0.9725 0.0525 0.2275 -0.9597 0.0549 0.2263 -0.9641 0.0402 0.2409 -0.9627 0.0422 0.2389 -0.9625 0.0411 0.2402 -0.9607 0.0358 0.2457 -0.9732 0.0378 0.2425
103.0 -1.0166 0.0283 0.2479 -0.9436 0.0436 0.2394 -0.9523 0.0528 0.2292 -0.9726 0.0531 0.2268 -0.9746 0.0547 0.225 -0.9654 0.0572 0.2234 -0.9634 0.036 0.2452 -0.965 0.0401 0.2409 -0.9662 0.0418 0.2391 -0.9666 0.0393 0.2416 -0.9756 0.0371 0.2429
104.0 -1.0191 0.0273 0.2486 -0.9868 0.064 0.2143 -0.979 0.0596 0.2196 -0.9765 0.0557 0.2239 -0.9587 0.0544 0.2269 -0.938 0.0468 0.2367 -0.9785 0.0468 0.2327 -0.967 0.0417 0.2391 -0.9561 0.0346 0.2474 -0.9445 0.0233 0.2601 -0.973 0.0347 0.2456
105.0 -1.0139 0.028 0.2484 -0.9742 0.0627 0.2169 -0.9702 0.0596 0.2205 -0.9731 0.0561 0.2237 -0.957 0.0546 0.2269 -0.9383 0.0486 0.2349 -0.9761 0.0435 0.2363 -0.9657 0.0388 0.2422 -0.9548 0.0323 0.2499 -0.9435 0.0229 0.2607 -0.9708 0.0331 0.2475
106.0 -1.0146 0.0267 0.2497 -0.9716 0.0624 0.2174 -0.9606 0.0602 0.2207 -0.9661 0.0564 0.2241 -0.9555 0.0561 0.2255 -0.9385 0.0498 0.2336 -0.9741 0.0419 0.2381 -0.9645 0.0371 0.244 -0.9547 0.0317 0.2505 -0.9444 0.0227 0.2607 -0.9704 0.032 0.2486
107.0 -1.017 0.0258 0.2504 -0.9859 0.0642 0.2142 -0.9695 0.0609 0.2192 -0.9682 0.0586 0.2217 -0.9504 0.0573 0.2247 -0.9336 0.0468 0.2372 -0.9763 0.0441 0.2357 -0.9658 0.0394 0.2416 -0.9557 0.0322 0.2499 -0.946 0.0219 0.2614 -0.9721 0.0327 0.2478
108.0 -1.0122 0.0234 0.2533 -0.9181 0.0434 0.2422 -0.9495 0.052 0.2303 -0.9729 0.0549 0.225 -0.9901 0.0581 0.22 -1.0028 0.06 0.2168 -0.9513 0.0371 0.2454 -0.9678 0.0458 0.2348 -0.9845 0.0509 0.2279 -1.0 0.0543 0.2229 -0.9832 0.0423 0.2369
109.0 -1.0191 0.0224 0.2536 -0.9196 0.0469 0.2385 -0.9447 0.0551 0.2276 -0.9672 0.0575 0.2229 -0.9879 0.0602 0.2181 -1.0022 0.0614 0.2155 -0.955 0.0384 0.2436 -0.9703 0.0455 0.2349 -0.9853 0.0508 0.228 -1.0001 0.0549 0.2223 -0.986 0.0424 0.2365
110.0 -1.0189 0.0212 0.2549 -0.9178 0.0471 0.2384 -0.9421 0.0548 0.2281 -0.9648 0.0591 0.2215 -0.9863 0.0611 0.2174 -1.0023 0.062 0.2149 -0.9557 0.0371 0.2449 -0.9711 0.0448 0.2355 -0.987 0.05 0.2286 -1.0017 0.0535 0.2236 -0.9869 0.0413 0.2375
111.0 -1.019 0.0218 0.2542 -0.9182 0.044 0.2416 -0.9403 0.055 0.2281 -0.9676 0.0599 0.2204 -0.9908 0.0617 0.2163 -1.0058 0.0621 0.2144 -0.9506 0.0384 0.2441 -0.9653 0.0468 0.234 -0.982 0.0519 0.2272 -0.9984 0.0551 0.2222 -0.9831 0.0428 0.2364
112.0 -1.0249 0.0204 0.2551 -0.9156 0.0443 0.2415 -0.9416 0.0573 0.2256 -0.967 0.0618 0.2185 -0.9876 0.0639 0.2143 -1.0007 0.0634 0.2136 -0.9537 0.0361 0.2461 -0.9699 0.0431 0.2373 -0.9868 0.0488 0.2299 -0.9997 0.0525 0.2248 -0.987 0.0402 0.2386
113.0 -1.018 0.0213 0.2548 -0.9195 0.0414 0.2441 -0.9395 0.0552 0.228 -0.9567 0.0632 0.2181 -0.9814 0.0635 0.2153 -1.0 0.0641 0.2129 -0.9548 0.0372 0.2449 -0.9686 0.0457 0.2348 -0.9862 0.0507 0.228 -1.0025 0.0534 0.2236 -0.986 0.0417 0.2372
114.0 -1.0231 0.0201 0.2556 -0.9169 0.0417 0.244 -0.944 0.0607 0.222 -0.9597 0.0653 0.2157 -0.9776 0.0671 0.212 -0.9976 0.0656 0.2116 -0.9583 0.0367 0.245 -0.9736 0.0438 0.2362 -0.9903 0.0489 0.2294 -1.0058 0.0523 0.2244 -0.9902 0.0404 0.2381
115.0 -1.023 0.0195 0.2563 -0.9135 0.0422 0.2439 -0.9427 0.0633 0.2194 -0.9607 0.0657 0.2151 -0.9759 0.0673 0.212 -0.9942 0.0661 0.2114 -0.9576 0.0381 0.2437 -0.9745 0.0443 0.2357 -0.991 0.0482 0.23 -1.0056 0.0511 0.2256 -0.9904 0.0402 0.2383
116.0 -1.0238 0.0193 0.2563 -0.9141 0.036 0.2502 -0.9393 0.0643 0.2187 -0.9576 0.068 0.2131 -0.9728 0.0696 0.21 -0.9928 0.0681 0.2095 -0.957 0.0394 0.2425 -0.973 0.0457 0.2343 -0.9896 0.0502 0.2281 -1.0051 0.053 0.2237 -0.9897 0.0415 0.237
117.0 -1.0255 0.0191 0.2564 -0.9127 0.038 0.2482 -0.9403 0.0648 0.2181 -0.9569 0.0693 0.2119 -0.9698 0.0724 0.2074 -0.9899 0.0716 0.2063 -0.9577 0.0386 0.2431 -0.9737 0.0444 0.2356 -0.9912 0.0488 0.2294 -1.0065 0.051 0.2256 -0.9909 0.0404 0.238
118.0 -1.0291 0.0192 0.2559 -0.9113 0.0351 0.2513 -0.9394 0.0649 0.2181 -0.9534 0.0692 0.2123 -0.9666 0.0741 0.206 -0.9857 0.0727 0.2055 -0.9565 0.0419 0.2399 -0.9733 0.0475 0.2325 -0.9907 0.0513 0.2269 -1.006 0.0529 0.2238 -0.9911 0.0426 0.2358
119.0 -1.0276 0.0207 0.2546 -0.912 0.0338 0.2526 -0.9345 0.0668 0.2166 -0.9505 0.0726 0.2091 -0.9644 0.0768 0.2034 -0.985 0.0741 0.2042 -0.9551 0.039 0.243 -0.973 0.0457 0.2343 -0.9914 0.05 0.2282 -1.0076 0.0521 0.2244 -0.9909 0.0415 0.2369
120.0 -1.0298 0.0185 0.2565 -0.911 0.0333 0.2532 -0.9345 0.0668 0.2166 -0.9481 0.0742 0.2078 -0.9639 0.0787 0.2015 -0.9837 0.0767 0.2017 -0.9562 0.0401 0.2418 -0.9731 0.0463 0.2337 -0.9915 0.0506 0.2276 -1.0077 0.0527 0.2238 -0.9917 0.0416 0.2367
121.0 -1.0274 0.0195 0.2558 -0.9101 0.0329 0.2538 -0.9312 0.0679 0.2159 -0.9467 0.0762 0.2058 -0.9641 0.0799 0.2003 -0.9849 0.0783 0.1998 -0.958 0.0404 0.2413 -0.9741 0.0468 0.2331 -0.9924 0.0511 0.227 -1.0087 0.0537 0.2226 -0.9921 0.0423 0.236
122.0 -1.0284 0.0206 0.2546 -0.9131 0.0251 0.2614 -0.9287 0.0639 0.2201 -0.9436 0.0784 0.2038 -0.9629 0.0832 0.1971 -0.986 0.0794 0.1986 -0.964 0.0396 0.2415 -0.9794 0.0467 0.2327 -0.9968 0.0511 0.2265 -1.0123 0.0539 0.2221 -0.9962 0.0424 0.2355
123.0 -1.0261 0.0221 0.2533 -0.9146 0.0237 0.2627 -0.9276 0.0629 0.2213 -0.9425 0.0773 0.2051 -0.9619 0.0827 0.1977 -0.9862 0.0806 0.1974 -0.9623 0.0399 0.2414 -0.9769 0.0477 0.232 -0.9937 0.0533 0.2245 -1.0093 0.0567 0.2195 -0.9936 0.0439 0.2341
124.0 -1.0259 0.0209 0.2545 -0.9142 0.0262 0.2602 -0.9293 0.062 0.222 -0.9414 0.0763 0.2063 -0.96 0.0817 0.1989 -0.9853 0.0807 0.1973 -0.9652 0.0364 0.2447 -0.9798 0.0442 0.2352 -0.9965 0.0493 0.2284 -1.0129 0.0526 0.2234 -0.9961 0.0407 0.2372
125.0 -1.0271 0.0232 0.2521 -0.9163 0.0235 0.2627 -0.9278 0.0586 0.2257 -0.9405 0.0758 0.2069 -0.959 0.0812 0.1995 -0.9845 0.0808 0.1973 -0.9685 0.0348 0.246 -0.9823 0.0433 0.236 -0.9975 0.0498 0.2278 -1.0114 0.054 0.2221 -0.9974 0.041 0.2368
126.0 -1.027 0.0226 0.2527 -0.9157 0.0248 0.2615 -0.9308 0.0606 0.2233 -0.9411 0.0745 0.2081 -0.958 0.0807 0.2 -0.9845 0.0808 0.1973 -0.9675 0.0343 0.2466 -0.9813 0.0428 0.2365 -0.9965 0.0493 0.2284 -1.0113 0.0534 0.2227 -0.9967 0.0405 0.2374
127.0 -1.0324 0.0231 0.2516 -0.918 0.0226 0.2634 -0.9329 0.0579 0.2259 -0.944 0.071 0.2114 -0.9603 0.0786 0.202 -0.9845 0.0808 0.1973 -0.9691 0.0334 0.2473 -0.9822 0.0427 0.2366 -0.9974 0.0492 0.2284 -1.0106 0.0541 0.2221 -0.9983 0.0405 0.2372
128.0 -1.035 0.0227 0.2517 -0.9158 0.0205 0.2658 -0.9318 0.0513 0.2327 -0.9439 0.0655 0.217 -0.9589 0.0757 0.2051 -0.9849 0.0783 0.1998 -0.9675 0.0294 0.2516 -0.981 0.041 0.2384 -0.9949 0.0501 0.2277 -1.0091 0.0555 0.2208 -0.9975 0.0398 0.238
129.0 -1.0348 0.0215 0.253 -0.9188 0.0176 0.2685 -0.9314 0.0489 0.2352 -0.945 0.0617 0.2208 -0.9585 0.0734 0.2076 -0.9857 0.0776 0.2005 -0.9692 0.0292 0.2517 -0.9817 0.0403 0.2391 -0.9955 0.0482 0.2296 -1.0095 0.053 0.2233 -0.9981 0.0384 0.2393
130.0 -1.0392 0.0215 0.2525 -0.9201 0.0199 0.266 -0.9349 0.0442 0.2397 -0.9428 0.059 0.2238 -0.9512 0.0719 0.2098 -0.9759 0.0771 0.202 -0.9699 0.0278 0.253 -0.9814 0.0385 0.2409 -0.9942 0.0459 0.232 -1.0064 0.0504 0.2263 -0.9982 0.0368 0.2409
131.0 -1.0382 0.0211 0.2531 -0.9224 0.0178 0.268 -0.936 0.0501 0.2335 -0.9427 0.0633 0.2194 -0.9551 0.0738 0.2074 -0.982 0.0769 0.2016 -0.969 0.028 0.2529 -0.9814 0.0385 0.2409 -0.995 0.0458 0.2321 -1.009 0.0501 0.2264 -0.9985 0.0367 0.2411
132.0 -1.038 0.0199 0.2543 -0.923 0.0165 0.2693 -0.9333 0.0499 0.2341 -0.9416 0.0622 0.2206 -0.9558 0.0731 0.2081 -0.9843 0.0748 0.2036 -0.9689 0.0274 0.2535 -0.9812 0.0373 0.2422 -0.9957 0.0445 0.2333 -1.0105 0.0486 0.2277 -0.9989 0.0355 0.2422
133.0 -1.0426 0.0211 0.2527 -0.9264 0.0154 0.27 -0.9364 0.0476 0.236 -0.9418 0.0585 0.2244 -0.9551 0.0689 0.2124 -0.978 0.0744 0.2046 -0.9717 0.0282 0.2524 -0.9839 0.0376 0.2416 -0.9965 0.0444 0.2334 -1.0095 0.0481 0.2283 -1.0009 0.0359 0.2417
134.0 -1.0438 0.0228 0.2508 -0.9273 0.0159 0.2694 -0.9368 0.0451 0.2386 -0.9437 0.054 0.2288 -0.9533 0.0637 0.218 -0.9804 0.0728 0.2059 -0.9706 0.0271 0.2536 -0.982 0.0366 0.2428 -0.9956 0.0439 0.234 -1.0087 0.0483 0.2282 -1.0001 0.0357 0.2419
135.0 -1.0448 0.0238 0.2496 -0.9273 0.0159 0.2694 -0.9385 0.0443 0.2392 -0.9463 0.0536 0.2289 -0.9565 0.062 0.2193 -0.9798 0.0693 0.2096 -0.9695 0.0255 0.2554 -0.9818 0.0354 0.244 -0.9946 0.0434 0.2346 -1.0068 0.0479 0.2288 -0.9995 0.0352 0.2425
136.0 -1.0498 0.0219 0.2511 -0.9293 0.0168 0.2682 -0.9497 0.033 0.2497 -0.9555 0.0463 0.2355 -0.9546 0.0611 0.2205 -0.984 0.073 0.2054 -0.9774 0.0207 0.2595 -0.988 0.0309 0.248 -1.0001 0.0396 0.2379 -1.0126 0.0459 0.2303 -1.0056 0.0318 0.2453
137.0 -1.0459 0.0249 0.2484 -0.9324 0.0146 0.2702 -0.9519 0.0254 0.2573 -0.9691 0.0334 0.2473 -0.9678 0.0458 0.2348 -0.9823 0.0683 0.2103 -0.973 0.0256 0.255 -0.9853 0.0355 0.2436 -0.9972 0.0431 0.2347 -1.0096 0.0487 0.2276 -1.0022 0.0356 0.2418
138.0 -1.0492 0.0238 0.2492 -0.9344 0.0161 0.2684 -0.9589 0.0257 0.2563 -0.9736 0.0341 0.2462 -0.9666 0.0491 0.2316 -0.9876 0.0688 0.2093 -0.9754 0.024 0.2563 -0.9876 0.0334 0.2455 -0.9996 0.0415 0.236 -1.0104 0.048 0.2283 -1.0044 0.0342 0.2431
139.0 -1.0698 0.026 0.245 -0.9619 0.0173 0.2645 -0.9634 0.0409 0.2402 -0.968 0.047 0.2335 -0.9749 0.0614 0.2182 -1.0037 0.0703 0.2062 -1.0019 0.0247 0.2529 -1.0097 0.0341 0.2426 -1.02 0.0425 0.233 -1.0317 0.0494 0.2248 -1.0266 0.0353 0.2397
140.0 -1.0745 0.0272 0.2433 -0.9661 0.0161 0.2653 -0.9648 0.0438 0.2371 -0.97 0.0535 0.2267 -0.9824 0.064 0.2147 -1.0099 0.0707 0.2052 -1.0047 0.0256 0.2518 -1.0134 0.0354 0.2409 -1.0247 0.0443 0.2307 -1.0364 0.0512 0.2224 -1.0307 0.0367 0.2378
141.0 -1.0832 0.0266 0.243 -0.9744 0.0187 0.2619 -0.9672 0.0429 0.2379 -0.9758 0.0564 0.2232 -0.988 0.0657 0.2124 -1.019 0.0719 0.203 -1.0151 0.0248 0.2516 -1.0229 0.0341 0.2413 -1.0332 0.0425 0.2317 -1.0458 0.0494 0.2234 -1.04 0.0355 0.2382
142.0 -1.0894 0.027 0.242 -0.9816 0.0195 0.2603 -0.9739 0.0456 0.2344 -0.9822 0.0579 0.221 -0.9955 0.0684 0.209 -1.0237 0.0737 0.2007 -1.0211 0.024 0.2518 -1.0288 0.0327 0.2421 -1.0399 0.041 0.2326 -1.0527 0.0484 0.2237 -1.0464 0.0346 0.2384
143.0 -1.0958 0.0286 0.2397 -0.9897 0.0203 0.2587 -0.9896 0.0447 0.2337 -0.9919 0.0579 0.2201 -1.0005 0.0671 0.2098 -1.0245 0.0736 0.2007 -1.0286 0.0266 0.2484 -1.0346 0.0356 0.2386 -1.0431 0.0442 0.2289 -1.0541 0.0513 0.2206 -1.0512 0.0373 0.2353
144.0 -1.1014 0.0302 0.2374 -1.0012 0.0206 0.2573 -0.9945 0.0428 0.2352 -1.0001 0.0598 0.2173 -1.0123 0.0691 0.2065 -1.0386 0.0735 0.1994 -1.0398 0.0251 0.2488 -1.0459 0.0347 0.2384 -1.0554 0.0438 0.2282 -1.0674 0.0519 0.2186 -1.062 0.0372 0.2343
145.0 -1.107 0.0319 0.2352 -1.0086 0.0226 0.2545 -1.0019 0.0449 0.2323 -1.0088 0.0592 0.217 -1.0202 0.0687 0.2062 -1.0449 0.0745 0.1978 -1.0463 0.0273 0.2459 -1.0533 0.0367 0.2356 -1.0636 0.0457 0.2254 -1.0746 0.0528 0.217 -1.0689 0.0389 0.2318
146.0 -1.1183 0.0316 0.2344 -1.0252 0.0222 0.2532 -1.0117 0.0454 0.2308 -1.017 0.0606 0.2148 -1.0281 0.0688 0.2053 -1.0557 0.0755 0.1957 -1.0572 0.0289 0.2432 -1.064 0.0377 0.2335 -1.0733 0.0456 0.2245 -1.0859 0.0525 0.2162 -1.0797 0.0393 0.2304
147.0 -1.132 0.0341 0.2305 -1.0358 0.0226 0.2518 -1.022 0.044 0.2312 -1.0247 0.0595 0.2151 -1.0353 0.0697 0.2037 -1.0646 0.0761 0.1942 -1.0684 0.028 0.243 -1.0737 0.0377 0.2326 -1.0822 0.0463 0.223 -1.0931 0.0534 0.2146 -1.0899 0.0399 0.2288
148.0 -1.1432 0.038 0.2253 -1.0493 0.0244 0.2485 -1.0323 0.0475 0.2266 -1.035 0.063 0.2105 -1.0497 0.0714 0.2005 -1.0726 0.0769 0.1926 -1.0777 0.0304 0.2396 -1.0829 0.0401 0.2292 -1.0923 0.0486 0.2196 -1.1032 0.0557 0.2113 -1.0998 0.0425 0.225
149.0 -1.1538 0.0384 0.2239 -1.0617 0.0246 0.2471 -1.0456 0.0482 0.2247 -1.0484 0.0643 0.2079 -1.0649 0.073 0.1973 -1.0887 0.0784 0.1895 -1.0912 0.0322 0.2364 -1.0965 0.0425 0.2254 -1.106 0.0516 0.2151 -1.1171 0.0599 0.2056 -1.1129 0.0449 0.2213
150.0 -1.1737 0.0413 0.219 -1.0758 0.0245 0.2458 -1.0554 0.0487 0.2232 -1.0571 0.0637 0.2076 -1.0693 0.0731 0.1969 -1.0925 0.0797 0.1878 -1.1089 0.0329 0.234 -1.1142 0.0432 0.223 -1.122 0.0525 0.2126 -1.1304 0.0605 0.2036 -1.1298 0.0461 0.2184
151.0 -1.1873 0.0437 0.2152 -1.0946 0.0269 0.2416 -1.0722 0.0495 0.2207 -1.0697 0.0651 0.205 -1.08 0.0741 0.1948 -1.1066 0.0802 0.1858 -1.1217 0.0355 0.2301 -1.125 0.0448 0.2202 -1.1319 0.0536 0.2105 -1.143 0.0619 0.201 -1.1418 0.0479 0.2154
152.0 -1.2114 0.0508 0.2055 -1.1286 0.04 0.2248 -1.1028 0.0636 0.2032 -1.0993 0.0733 0.1936 -1.1094 0.0707 0.1953 -1.1279 0.0609 0.2035 -1.1522 0.049 0.2132 -1.1538 0.0531 0.2089 -1.1595 0.0554 0.206 -1.1665 0.0557 0.205 -1.1687 0.0528 0.2077
153.0 -1.2334 0.0509 0.2032 -1.1476 0.0332 0.2299 -1.1165 0.0563 0.2093 -1.1121 0.0716 0.1941 -1.1207 0.0802 0.1845 -1.1463 0.0859 0.1761 -1.1669 0.0428 0.2181 -1.1685 0.0517 0.2088 -1.1761 0.0599 0.1997 -1.1862 0.0677 0.1908 -1.1862 0.0546 0.2041
154.0 -1.2994 0.0609 0.1864 -1.2303 0.0532 0.2012 -1.1927 0.0643 0.1935 -1.189 0.0783 0.1796 -1.1967 0.087 0.1699 -1.2134 0.0921 0.1631 -1.2547 0.0468 0.2053 -1.254 0.0579 0.194 -1.2558 0.068 0.1835 -1.2591 0.0768 0.1742 -1.2646 0.0621 0.1887
155.0 -1.3199 0.0624 0.1828 -1.2484 0.0507 0.2019 -1.2076 0.0642 0.1922 -1.2022 0.0783 0.1783 -1.2072 0.0868 0.1691 -1.2265 0.0915 0.1624 -1.2666 0.0495 0.2014 -1.265 0.0601 0.1907 -1.2665 0.069 0.1814 -1.2714 0.0769 0.1728 -1.2779 0.0636 0.1858
156.0 -1.3274 0.0651 0.1794 -1.2609 0.0521 0.1993 -1.2186 0.0663 0.1889 -1.2131 0.0805 0.175 -1.2196 0.0876 0.1671 -1.2374 0.0937 0.159 -1.2776 0.0517 0.1981 -1.2759 0.0623 0.1874 -1.2774 0.0706 0.1787 -1.2814 0.0786 0.1701 -1.2879 0.0657 0.1827
157.0 -1.3468 0.0655 0.177 -1.2767 0.0518 0.198 -1.2304 0.0684 0.1856 -1.224 0.0821 0.1722 -1.2298 0.0905 0.1631 -1.2492 0.0958 0.1557 -1.2885 0.0539 0.1947 -1.2859 0.064 0.1846 -1.2873 0.0723 0.176 -1.293 0.0795 0.1681 -1.3003 0.067 0.1801
158.0 -1.3457 0.0687 0.1738 -1.2911 0.0535 0.1948 -1.2414 0.0712 0.1817 -1.2367 0.0847 0.1684 -1.2425 0.0924 0.1599 -1.259 0.0963 0.1542 -1.2967 0.0552 0.1926 -1.2933 0.066 0.1818 -1.2939 0.0745 0.1731 -1.2987 0.0818 0.1652 -1.3056 0.0693 0.1773
159.0 -1.3555 0.0698 0.1717 -1.3003 0.0559 0.1914 -1.2514 0.0729 0.1789 -1.2449 0.086 0.1662 -1.2505 0.0932 0.1583 -1.2672 0.0977 0.1521 -1.3066 0.0569 0.1898 -1.3041 0.0676 0.1791 -1.3039 0.0762 0.1703 -1.3077 0.083 0.163 -1.3156 0.0707 0.1748
160.0 -1.3423 0.0698 0.1731 -1.3087 0.0585 0.188 -1.2589 0.0756 0.1755 -1.2531 0.0879 0.1634 -1.2598 0.0956 0.1549 -1.2753 0.099 0.1499 -1.3037 0.0604 0.1866 -1.3027 0.0696 0.1772 -1.3049 0.0773 0.1691 -1.3095 0.0834 0.1624 -1.3126 0.0721 0.1737
160.0 -1.3423 0.0698 0.1731 -1.3087 0.0585 0.188 -1.2589 0.0756 0.1755 -1.2531 0.0879 0.1634 -1.2598 0.0956 0.1549 -1.2753 0.099 0.1499 -1.3037 0.0604 0.1866 -1.3027 0.0696 0.1772 -1.3049 0.0773 0.1691 -1.3095 0.0834 0.1624 -1.3126 0.0721 0.1737
162.0 -1.374 0.0747 0.1649 -1.3268 0.0615 0.1831 -1.2776 0.0767 0.1725 -1.273 0.0908 0.1585 -1.2767 0.097 0.1518 -1.2934 0.1021 0.145 -1.3279 0.0626 0.1819 -1.3251 0.0721 0.1724 -1.3265 0.0799 0.1644 -1.3312 0.0866 0.157 -1.3369 0.0752 0.1681
162.0 -1.326 0.0769 0.1675 -1.3275 0.0608 0.1838 -1.2787 0.0784 0.1706 -1.2707 0.0929 0.1566 -1.2737 0.0998 0.1492 -1.2882 0.1022 0.1454 -1.2983 0.0696 0.1776 -1.2981 0.0782 0.1689 -1.3011 0.0857 0.1609 -1.3065 0.0911 0.1548 -1.306 0.0803 0.1659
163.0 -1.3195 0.0802 0.1647 -1.3298 0.0636 0.1807 -1.2878 0.0802 0.1679 -1.2789 0.0942 0.1544 -1.2801 0.1014 0.1469 -1.2937 0.1038 0.1431 -1.2948 0.075 0.1725 -1.2955 0.0835 0.1638 -1.3001 0.0902 0.1565 -1.3063 0.0954 0.1505 -1.3033 0.0848 0.1616
163.0 -1.3729 0.0736 0.1662 -1.3333 0.0637 0.1802 -1.2834 0.0802 0.1683 -1.2787 0.0931 0.1556 -1.2823 0.0987 0.1495 -1.2978 0.1021 0.1445 -1.3299 0.0641 0.1801 -1.3279 0.073 0.1713 -1.3293 0.0807 0.1632 -1.3339 0.0868 0.1565 -1.3388 0.0757 0.1675
164.0 -1.38 0.0739 0.1652 -1.3372 0.0656 0.1779 -1.2917 0.0821 0.1655 -1.2861 0.0951 0.1528 -1.2897 0.1007 0.1467 -1.3033 0.1032 0.1428 -1.3359 0.0633 0.1803 -1.334 0.0727 0.1709 -1.3354 0.0805 0.1628 -1.3401 0.0872 0.1555 -1.3451 0.0755 0.1669
164.0 -1.326 0.0769 0.1675 -1.3422 0.0588 0.1843 -1.2946 0.0836 0.1637 -1.2847 0.0971 0.1509 -1.2867 0.1036 0.1441 -1.2994 0.1061 0.1402 -1.3081 0.0701 0.1761 -1.3095 0.0785 0.1674 -1.3125 0.0854 0.1601 -1.318 0.0914 0.1534 -1.3148 0.0805 0.1649
165.0 -1.3257 0.0806 0.1637 -1.3243 0.0673 0.1774 -1.293 0.0893 0.1581 -1.2903 0.0994 0.148 -1.294 0.105 0.1419 -1.3065 0.1064 0.1392 -1.3067 0.0777 0.1686 -1.3089 0.0847 0.1612 -1.3126 0.0909 0.1544 -1.3169 0.0952 0.1496 -1.3142 0.0858 0.1595
166.0 -1.3233 0.0815 0.163 -1.3266 0.0652 0.1793 -1.2962 0.0876 0.1594 -1.292 0.0992 0.148 -1.2964 0.1041 0.1426 -1.3097 0.1047 0.1406 -1.3074 0.0763 0.1699 -1.3096 0.084 0.1618 -1.3133 0.0902 0.1551 -1.3177 0.0951 0.1497 -1.3143 0.0854 0.1599
167.0 -1.3525 0.0678 0.1741 -1.3419 0.0625 0.1806 -1.2962 0.0827 0.1644 -1.2925 0.0967 0.1505 -1.2978 0.1021 0.1445 -1.3102 0.1022 0.1431 -1.3264 0.064 0.1806 -1.3253 0.0733 0.1712 -1.3266 0.0805 0.1637 -1.331 0.0854 0.1583 -1.3324 0.0742 0.1696
168.0 -1.3245 0.0783 0.1662 -1.3227 0.0633 0.1817 -1.2986 0.0861 0.1608 -1.297 0.0973 0.1495 -1.3011 0.1004 0.1459 -1.3132 0.0994 0.1457 -1.3055 0.0754 0.171 -1.3095 0.0834 0.1624 -1.314 0.0889 0.1564 -1.319 0.0925 0.1522 -1.3145 0.0837 0.1616
