




















































54.0 -1.4226 0.0663 0.1687 -1.3274 0.1054 0.1382 -1.298 0.1033 0.1433 -1.3035 0.1044 0.1416 -1.3235 0.1029 0.1411 -1.3509 0.1035 0.1378 -1.3552 0.0778 0.1636 -1.3643 0.0797 0.1608 -1.3746 0.0832 0.1562 -1.3852 0.0884 0.1498 -1.3804 0.0791 0.1598
55.0 -1.3798 0.0776 0.1614 -1.3179 0.1012 0.1434 -1.2881 0.1016 0.146 -1.2888 0.1057 0.1417 -1.2975 0.1052 0.1414 -1.316 0.1051 0.1396 -1.3282 0.0845 0.1594 -1.331 0.0903 0.1533 -1.3353 0.0952 0.1478 -1.343 0.099 0.1431 -1.3435 0.0893 0.153
56.0 -1.3825 0.0729 0.1659 -1.2922 0.0998 0.1474 -1.2714 0.0971 0.1522 -1.2768 0.0976 0.1512 -1.2886 0.0948 0.1529 -1.3061 0.0887 0.1573 -1.3151 0.0802 0.1652 -1.32 0.0777 0.1672 -1.3277 0.0767 0.1675 -1.3365 0.0767 0.1666 -1.3363 0.0768 0.1665
57.0 -1.3382 0.0716 0.1717 -1.256 0.0741 0.1772 -1.2111 0.079 0.1767 -1.2105 0.0809 0.1749 -1.2168 0.0813 0.1738 -1.2279 0.0797 0.1743 -1.2738 0.0601 0.1898 -1.2717 0.0635 0.1866 -1.2716 0.0677 0.1822 -1.2733 0.0724 0.1773 -1.2857 0.0671 0.1815
58.0 -1.3352 0.0695 0.1741 -1.244 0.0709 0.1818 -1.1976 0.0722 0.185 -1.1966 0.0766 0.1806 -1.2011 0.0773 0.1795 -1.2144 0.0779 0.1775 -1.2704 0.0557 0.1947 -1.2675 0.0597 0.1908 -1.2658 0.0649 0.1857 -1.266 0.0709 0.1795 -1.281 0.0642 0.1849
59.0 -1.3066 0.0667 0.1798 -1.2236 0.0699 0.1847 -1.1809 0.0672 0.1918 -1.1786 0.0693 0.1899 -1.1826 0.0718 0.1869 -1.1912 0.0707 0.1872 -1.2492 0.0506 0.202 -1.2461 0.0529 0.2 -1.2442 0.0568 0.1961 -1.2433 0.0618 0.1911 -1.2579 0.0577 0.1938
60.0 -1.2899 0.0616 0.1867 -1.2088 0.0658 0.1904 -1.1669 0.0629 0.1975 -1.1662 0.0636 0.1969 -1.1718 0.0653 0.1946 -1.1839 0.0643 0.1944 -1.236 0.0457 0.2083 -1.2337 0.0472 0.207 -1.2326 0.051 0.2032 -1.2316 0.0554 0.1988 -1.2448 0.0522 0.2008
61.0 -1.2713 0.0562 0.1941 -1.1922 0.0614 0.1966 -1.1491 0.0568 0.2056 -1.1474 0.057 0.2055 -1.153 0.0587 0.2032 -1.1667 0.0569 0.2038 -1.2205 0.0423 0.2133 -1.2171 0.0427 0.2132 -1.215 0.0461 0.21 -1.2132 0.0506 0.2056 -1.2274 0.0476 0.2072
62.0 -1.2493 0.0512 0.2013 -1.1705 0.0582 0.202 -1.1323 0.0511 0.213 -1.1299 0.0527 0.2117 -1.1422 0.0522 0.2109 -1.1508 0.0511 0.2113 -1.204 0.0384 0.2189 -1.1996 0.0384 0.2194 -1.1966 0.0412 0.2168 -1.1936 0.0447 0.2135 -1.2086 0.0428 0.214
63.0 -1.237 0.0413 0.2127 -1.1543 0.0561 0.2058 -1.1133 0.0433 0.2229 -1.1088 0.0427 0.224 -1.1151 0.0431 0.223 -1.128 0.0413 0.2235 -1.1893 0.0349 0.224 -1.1852 0.0318 0.2276 -1.1818 0.0322 0.2274 -1.1787 0.0345 0.2254 -1.1944 0.0349 0.2234
64.0 -1.2166 0.0349 0.2213 -1.1341 0.0515 0.2125 -1.094 0.0386 0.2297 -1.0894 0.0374 0.2314 -1.0964 0.037 0.231 -1.1067 0.0356 0.2314 -1.1726 0.0298 0.2308 -1.1674 0.0256 0.2356 -1.1638 0.0249 0.2367 -1.1607 0.0271 0.2347 -1.1762 0.0285 0.2318
65.0 -1.1954 0.0347 0.2236 -1.1123 0.0471 0.2191 -1.0675 0.0324 0.2386 -1.062 0.0313 0.2403 -1.0655 0.0314 0.2398 -1.075 0.0301 0.2402 -1.1447 0.0262 0.2372 -1.1405 0.0225 0.2415 -1.1377 0.0217 0.2426 -1.1353 0.0232 0.2413 -1.1507 0.0257 0.2372
66.0 -1.1826 0.0321 0.2275 -1.085 0.0422 0.2268 -1.0466 0.0291 0.2441 -1.0464 0.0279 0.2453 -1.0531 0.0258 0.2468 -1.0623 0.0233 0.2484 -1.1229 0.0225 0.2433 -1.122 0.0171 0.2489 -1.1208 0.0154 0.2507 -1.121 0.0166 0.2494 -1.1339 0.0207 0.2439
67.0 -1.1572 0.0276 0.2346 -1.0598 0.0389 0.2327 -1.0281 0.0236 0.2515 -1.0285 0.0211 0.254 -1.0342 0.0185 0.2561 -1.0419 0.0169 0.257 -1.0987 0.0202 0.248 -1.0984 0.0129 0.2554 -1.0978 0.01 0.2585 -1.0977 0.0094 0.2592 -1.11 0.016 0.2511
68.0 -1.1362 0.0231 0.2413 -1.0375 0.037 0.2368 -1.0004 0.0213 0.2566 -0.9992 0.0196 0.2585 -1.0058 0.0169 0.2606 -1.0143 0.0151 0.2615 -1.0701 0.0174 0.2537 -1.0706 0.01 0.2612 -1.0718 0.0068 0.2644 -1.0726 0.0066 0.2644 -1.0842 0.0128 0.257
69.0 -1.1208 0.0203 0.2457 -1.0165 0.038 0.2379 -0.9843 0.0198 0.2598 -0.9845 0.0161 0.2635 -0.9901 0.0129 0.2662 -0.9985 0.0105 0.2678 -1.0554 0.0139 0.2588 -1.0558 0.0059 0.2669 -1.057 0.0027 0.2701 -1.0579 0.0031 0.2695 -1.0694 0.0092 0.2622
70.0 -1.073 0.0139 0.257 -0.9642 0.0353 0.2459 -0.9308 0.0154 0.2696 -0.9374 0.0133 0.2711 -0.9491 0.0099 0.2734 -0.9591 0.0067 0.2756 -1.0021 0.0107 0.2673 -1.0038 0.0007 0.2774 -1.0065 -0.004 0.2819 -1.0101 -0.0038 0.2814 -1.0191 0.0035 0.273
71.0 -1.02 0.0125 0.2636 -0.9143 0.0421 0.2439 -0.8871 0.0225 0.2666 -0.8975 0.0211 0.267 -0.9097 0.0158 0.2712 -0.9196 0.012 0.2741 -0.9494 0.0214 0.2615 -0.9505 0.0079 0.2753 -0.9546 0.0006 0.2823 -0.9594 -0.0019 0.2844 -0.9668 0.0081 0.2734
72.0 -1.0158 0.0137 0.2629 -0.9083 0.0429 0.2437 -0.8849 0.0247 0.2647 -0.8941 0.0222 0.2663 -0.9038 0.0172 0.2704 -0.9128 0.0136 0.2732 -0.944 0.0209 0.2626 -0.9453 0.008 0.2757 -0.9494 0.0013 0.2821 -0.9543 -0.0006 0.2836 -0.9618 0.0087 0.2734
73.0 -1.0121 0.013 0.264 -0.9024 0.0443 0.2428 -0.8824 0.0256 0.2639 -0.8924 0.0224 0.2662 -0.9013 0.0182 0.2697 -0.9101 0.0127 0.2744 -0.9398 0.0215 0.2624 -0.942 0.009 0.275 -0.947 0.0028 0.2808 -0.9528 0.0008 0.2823 -0.9587 0.0094 0.2729
74.0 -1.0081 0.0147 0.2626 -0.8998 0.0446 0.2427 -0.8816 0.0263 0.2633 -0.8924 0.0224 0.2662 -0.9022 0.018 0.2697 -0.9109 0.0126 0.2744 -0.9374 0.0231 0.2611 -0.9404 0.0104 0.2737 -0.9463 0.0035 0.2801 -0.952 0.0009 0.2822 -0.9568 0.0105 0.2719
75.0 -1.0038 0.0153 0.2624 -0.8947 0.0453 0.2425 -0.881 0.0276 0.262 -0.891 0.0244 0.2643 -0.9018 0.0205 0.2672 -0.9104 0.0145 0.2725 -0.9343 0.0253 0.2591 -0.9382 0.0126 0.2717 -0.944 0.0057 0.2782 -0.9505 0.0024 0.2809 -0.9541 0.0123 0.2705
76.0 -0.9994 0.0153 0.2628 -0.8965 0.0457 0.242 -0.8827 0.0274 0.2621 -0.8929 0.0254 0.2631 -0.9025 0.0198 0.2678 -0.9092 0.0128 0.2743 -0.9326 0.0262 0.2584 -0.9367 0.014 0.2704 -0.9425 0.0071 0.2769 -0.948 0.0033 0.2802 -0.9518 0.0132 0.2697
77.0 -0.9959 0.0158 0.2627 -0.8943 0.0484 0.2394 -0.887 0.0317 0.2572 -0.8968 0.0273 0.2607 -0.9056 0.0225 0.2648 -0.9122 0.0149 0.272 -0.9289 0.0248 0.2601 -0.933 0.0133 0.2715 -0.9389 0.0064 0.278 -0.9462 0.0029 0.2808 -0.9486 0.0126 0.2706
78.0 -0.9952 0.0165 0.2621 -0.8963 0.0494 0.2382 -0.8918 0.0341 0.2543 -0.905 0.0293 0.2579 -0.9155 0.0236 0.2627 -0.9214 0.0173 0.2686 -0.9316 0.03 0.2546 -0.9362 0.0165 0.2679 -0.9417 0.0078 0.2762 -0.9478 0.0021 0.2815 -0.9505 0.0146 0.2684
79.0 -0.9926 0.0168 0.262 -0.8939 0.0509 0.2369 -0.9028 0.0363 0.251 -0.912 0.0289 0.2576 -0.9214 0.0222 0.2636 -0.9257 0.0167 0.2687 -0.9269 0.0288 0.2563 -0.9326 0.0158 0.269 -0.94 0.0081 0.2762 -0.9487 0.0026 0.2809 -0.9482 0.0144 0.2689
80.0 -0.9945 0.0178 0.2608 -0.8933 0.0473 0.2406 -0.9169 0.0319 0.254 -0.9204 0.0315 0.2542 -0.9281 0.0304 0.2545 -0.935 0.0295 0.2547 -0.92 0.0291 0.2566 -0.9296 0.029 0.2558 -0.9403 0.0294 0.2543 -0.9507 0.0286 0.2541 -0.947 0.0268 0.2563
81.0 -0.9886 0.0192 0.2599 -0.8914 0.0519 0.2362 -0.9097 0.0409 0.2456 -0.9169 0.0368 0.249 -0.9205 0.0321 0.2535 -0.9262 0.0246 0.2606 -0.9212 0.0314 0.2542 -0.9295 0.0235 0.2614 -0.9383 0.0181 0.2661 -0.947 0.0126 0.2708 -0.9449 0.0209 0.2625
82.0 -0.9884 0.018 0.2612 -0.889 0.0534 0.2348 -0.9129 0.0441 0.242 -0.9223 0.0373 0.248 -0.9281 0.0304 0.2545 -0.9346 0.0222 0.2622 -0.9178 0.0269 0.2591 -0.9255 0.0155 0.27 -0.9349 0.0087 0.276 -0.9437 0.0039 0.28 -0.9421 0.0146 0.2692
83.0 -0.9894 0.0185 0.2606 -0.8887 0.0565 0.2317 -0.9199 0.0389 0.2466 -0.9296 0.0339 0.2508 -0.9332 0.0291 0.2553 -0.9402 0.0239 0.2599 -0.9146 0.0335 0.2527 -0.9235 0.0243 0.2612 -0.9355 0.0172 0.2672 -0.9468 0.0114 0.272 -0.9419 0.021 0.2627
84.0 -0.989 0.0167 0.2624 -0.8898 0.0576 0.2305 -0.921 0.0448 0.2404 -0.9269 0.0385 0.2463 -0.9318 0.0312 0.2534 -0.9358 0.0239 0.2604 -0.9088 0.0306 0.2562 -0.9166 0.0198 0.2665 -0.9267 0.0123 0.2731 -0.9371 0.0066 0.2779 -0.9356 0.0172 0.2672
85.0 -0.9872 0.0163 0.263 -0.895 0.0575 0.2301 -0.9152 0.0419 0.244 -0.9219 0.0349 0.2505 -0.9272 0.0299 0.255 -0.9317 0.0208 0.264 -0.9137 0.0336 0.2527 -0.9232 0.0225 0.263 -0.9324 0.0146 0.2702 -0.9417 0.0078 0.2762 -0.9397 0.019 0.265
86.0 -0.9915 0.0158 0.2632 -0.9006 0.0543 0.2328 -0.9165 0.0442 0.2415 -0.924 0.0371 0.2481 -0.9299 0.0308 0.2539 -0.9347 0.0228 0.2616 -0.9147 0.0341 0.2521 -0.9225 0.0232 0.2624 -0.9315 0.0147 0.2702 -0.9408 0.0073 0.2768 -0.9402 0.019 0.2649
87.0 -0.9873 0.0169 0.2624 -0.8983 0.0558 0.2314 -0.9138 0.044 0.242 -0.9198 0.0383 0.2473 -0.931 0.0319 0.2527 -0.9367 0.0244 0.2598 -0.9086 0.0294 0.2575 -0.9183 0.0195 0.2666 -0.9295 0.0131 0.272 -0.941 0.0085 0.2756 -0.9369 0.0175 0.2668
88.0 -0.9881 0.0162 0.263 -0.9005 0.0537 0.2334 -0.913 0.0447 0.2414 -0.9192 0.0396 0.246 -0.9278 0.0335 0.2513 -0.9335 0.026 0.2584 -0.9118 0.0326 0.2538 -0.9208 0.0241 0.2617 -0.9303 0.0179 0.267 -0.9407 0.0116 0.2724 -0.9383 0.0205 0.2636
89.0 -0.9853 0.0154 0.2642 -0.8982 0.0552 0.2321 -0.9166 0.0448 0.2409 -0.9214 0.0374 0.248 -0.9282 0.031 0.2538 -0.9331 0.0236 0.2609 -0.9095 0.0299 0.2569 -0.9164 0.0186 0.2677 -0.9248 0.0113 0.2743 -0.9345 0.0064 0.2784 -0.9341 0.0163 0.2683
90.0 -0.9854 0.016 0.2636 -0.9007 0.0549 0.2322 -0.9157 0.0449 0.2409 -0.9207 0.0382 0.2473 -0.9292 0.0315 0.2533 -0.9349 0.024 0.2603 -0.9093 0.0287 0.2581 -0.9171 0.0179 0.2684 -0.9265 0.0111 0.2744 -0.9369 0.0054 0.2792 -0.9351 0.0158 0.2687
91.0 -0.9887 0.0198 0.2593 -0.902 0.0523 0.2347 -0.9151 0.0365 0.2496 -0.9248 0.0364 0.2487 -0.9326 0.0359 0.2484 -0.9386 0.0351 0.2486 -0.9141 0.036 0.2502 -0.9255 0.0357 0.2494 -0.9378 0.0352 0.2486 -0.9497 0.033 0.2497 -0.9432 0.0319 0.2514
92.0 -0.9897 0.0203 0.2587 -0.9027 0.0461 0.241 -0.9137 0.0336 0.2527 -0.9204 0.0364 0.2492 -0.9279 0.039 0.2457 -0.9341 0.0394 0.2447 -0.9151 0.0365 0.2496 -0.9249 0.0425 0.2425 -0.9368 0.0451 0.2386 -0.9476 0.0461 0.2365 -0.9428 0.0381 0.2452
93.0 -0.9887 0.0198 0.2593 -0.9011 0.0518 0.2353 -0.9149 0.0353 0.2508 -0.923 0.0366 0.2486 -0.9317 0.036 0.2484 -0.9379 0.0358 0.248 -0.9128 0.0331 0.2532 -0.9253 0.0345 0.2506 -0.9378 0.0352 0.2486 -0.9491 0.0349 0.2478 -0.9427 0.0315 0.2519
94.0 -0.984 0.018 0.2616 -0.9015 0.0542 0.2328 -0.9158 0.0455 0.2402 -0.9198 0.0383 0.2473 -0.9281 0.0304 0.2545 -0.9348 0.0234 0.261 -0.9099 0.0317 0.255 -0.9167 0.0204 0.2659 -0.9259 0.013 0.2725 -0.9354 0.0068 0.2779 -0.9344 0.018 0.2666
95.0 -0.9862 0.0207 0.2586 -0.9028 0.0516 0.2354 -0.9135 0.0373 0.2489 -0.9213 0.0368 0.2486 -0.9314 0.0343 0.2502 -0.9381 0.0321 0.2517 -0.9115 0.0357 0.2507 -0.9228 0.0354 0.2499 -0.9357 0.0337 0.2504 -0.9485 0.0313 0.2515 -0.941 0.0314 0.2522
96.0 -0.9865 0.0171 0.2623 -0.8989 0.0545 0.2327 -0.9147 0.0444 0.2415 -0.9196 0.0371 0.2485 -0.9291 0.0309 0.2539 -0.933 0.0231 0.2615 -0.9105 0.0304 0.2563 -0.9174 0.0197 0.2665 -0.9268 0.0129 0.2725 -0.9355 0.0074 0.2772 -0.9353 0.0175 0.267
97.0 -0.9858 0.0184 0.2611 -0.9005 0.0537 0.2334 -0.9137 0.0434 0.2427 -0.9198 0.0383 0.2473 -0.9276 0.0323 0.2526 -0.9334 0.0254 0.259 -0.9117 0.032 0.2544 -0.9197 0.0224 0.2635 -0.929 0.0156 0.2695 -0.9386 0.0101 0.2742 -0.937 0.0197 0.2645
98.0 -0.9852 0.0197 0.2598 -0.8982 0.0503 0.2371 -0.9117 0.0424 0.2438 -0.9173 0.0337 0.2522 -0.9218 0.0294 0.2561 -0.9282 0.0206 0.2645 -0.9196 0.0469 0.2385 -0.9265 0.0361 0.2488 -0.9326 0.0262 0.2584 -0.9387 0.0156 0.2686 -0.9405 0.0289 0.2548
99.0 -0.9857 0.0178 0.2617 -0.9006 0.0543 0.2328 -0.9166 0.0448 0.2409 -0.9197 0.0377 0.2479 -0.9291 0.0309 0.2539 -0.9332 0.0242 0.2603 -0.9101 0.0329 0.2538 -0.917 0.0222 0.264 -0.9263 0.0148 0.2706 -0.9349 0.0087 0.276 -0.9348 0.0193 0.2652
100.0 -0.9867 0.0231 0.2561 -0.9049 0.0384 0.2486 -0.9156 0.0291 0.2571 -0.9185 0.036 0.2497 -0.928 0.0396 0.2451 -0.9321 0.0433 0.2409 -0.9139 0.0348 0.2514 -0.9244 0.0444 0.2406 -0.9351 0.0503 0.2335 -0.9453 0.0532 0.2295 -0.9411 0.0411 0.2422
101.0 -0.9875 0.0181 0.2611 -0.9014 0.0536 0.2334 -0.9183 0.0446 0.241 -0.9216 0.0386 0.2467 -0.9285 0.0328 0.252 -0.9334 0.0254 0.259 -0.9104 0.0347 0.2519 -0.9164 0.0241 0.2621 -0.9257 0.0167 0.2687 -0.9351 0.0099 0.2747 -0.935 0.0207 0.2637
102.0 -0.99 0.0221 0.2569 -0.9029 0.0473 0.2397 -0.9072 0.0363 0.2505 -0.9183 0.0348 0.251 -0.9259 0.0326 0.2525 -0.933 0.0279 0.2565 -0.9178 0.0416 0.2441 -0.9305 0.0393 0.2452 -0.9415 0.0366 0.2469 -0.9512 0.0316 0.251 -0.9462 0.0342 0.2488
103.0 -0.9897 0.0203 0.2587 -0.8987 0.0484 0.239 -0.9137 0.0434 0.2427 -0.9188 0.0378 0.2479 -0.9251 0.0333 0.2518 -0.93 0.0259 0.2589 -0.9201 0.0449 0.2404 -0.9274 0.0366 0.2482 -0.9349 0.0289 0.2553 -0.9414 0.0207 0.2631 -0.9427 0.0303 0.2532
104.0 -0.9903 0.019 0.26 -0.902 0.0523 0.2347 -0.9151 0.0413 0.2446 -0.9224 0.0379 0.2474 -0.929 0.0352 0.2495 -0.9343 0.0308 0.2535 -0.9136 0.0379 0.2483 -0.9216 0.0331 0.2523 -0.9323 0.0293 0.2552 -0.9421 0.0249 0.2587 -0.94 0.0288 0.2549
105.0 -0.989 0.0167 0.2624 -0.9005 0.0537 0.2334 -0.9169 0.0466 0.239 -0.9219 0.0404 0.2449 -0.9298 0.0351 0.2495 -0.9338 0.0278 0.2566 -0.9137 0.0336 0.2527 -0.9216 0.0234 0.2623 -0.9291 0.0162 0.2689 -0.9369 0.0103 0.2742 -0.9381 0.02 0.2641
106.0 -0.9925 0.0162 0.2626 -0.8971 0.0542 0.2333 -0.9158 0.0455 0.2402 -0.9209 0.0393 0.2461 -0.9295 0.0333 0.2514 -0.9361 0.0257 0.2585 -0.9131 0.03 0.2564 -0.921 0.0198 0.266 -0.9312 0.0129 0.2721 -0.9409 0.0079 0.2762 -0.9397 0.0174 0.2667
107.0 -0.9907 0.0159 0.2631 -0.8962 0.0543 0.2332 -0.9162 0.043 0.2428 -0.923 0.0366 0.2486 -0.93 0.0314 0.2533 -0.9349 0.024 0.2603 -0.9137 0.0336 0.2527 -0.9225 0.0232 0.2624 -0.9326 0.0158 0.269 -0.9412 0.0097 0.2743 -0.9401 0.0196 0.2643
108.0 -0.9859 0.019 0.2604 -0.892 0.0555 0.2325 -0.9153 0.0425 0.2433 -0.9222 0.0367 0.2486 -0.9273 0.0305 0.2544 -0.933 0.0231 0.2615 -0.9101 0.0329 0.2538 -0.918 0.0226 0.2634 -0.9281 0.0152 0.2701 -0.9384 0.0089 0.2755 -0.9361 0.0197 0.2646
109.0 -0.9866 0.0176 0.2617 -0.8909 0.0538 0.2343 -0.9122 0.0448 0.2414 -0.9186 0.0366 0.2491 -0.926 0.0283 0.2569 -0.9317 0.0208 0.264 -0.9157 0.0297 0.2565 -0.9216 0.0185 0.2673 -0.9299 0.0106 0.2745 -0.9394 0.0045 0.2799 -0.9386 0.0162 0.268
110.0 -0.9839 0.0174 0.2622 -0.8918 0.0543 0.2337 -0.9113 0.0449 0.2413 -0.9179 0.0373 0.2484 -0.9248 0.0315 0.2537 -0.9305 0.024 0.2608 -0.9147 0.0292 0.2571 -0.9207 0.018 0.2679 -0.9292 0.0113 0.2739 -0.937 0.006 0.2785 -0.9371 0.0164 0.2679
111.0 -0.9863 0.0159 0.2636 -0.8901 0.0545 0.2336 -0.9103 0.0444 0.2419 -0.9163 0.0381 0.2478 -0.9231 0.0317 0.2536 -0.9279 0.0243 0.2607 -0.9166 0.0301 0.2559 -0.9226 0.019 0.2667 -0.9301 0.0118 0.2733 -0.938 0.0065 0.278 -0.9387 0.0167 0.2675
112.0 -0.9867 0.0182 0.2611 -0.8916 0.0531 0.2349 -0.9125 0.0417 0.2445 -0.9168 0.0362 0.2497 -0.923 0.0311 0.2543 -0.9296 0.0241 0.2608 -0.9161 0.0321 0.254 -0.9212 0.021 0.2648 -0.9295 0.0131 0.272 -0.9381 0.0071 0.2773 -0.9383 0.0183 0.2658
113.0 -0.9909 0.0171 0.2619 -0.8942 0.0527 0.235 -0.9072 0.0418 0.2449 -0.9142 0.0366 0.2496 -0.9206 0.0327 0.2529 -0.9257 0.0265 0.2587 -0.9185 0.0305 0.2553 -0.9238 0.0206 0.2649 -0.9322 0.0134 0.2715 -0.94 0.0081 0.2762 -0.9411 0.0179 0.266
114.0 -0.9926 0.0168 0.262 -0.8957 0.0513 0.2363 -0.9135 0.0373 0.2489 -0.9201 0.0352 0.2504 -0.9265 0.0313 0.2538 -0.9309 0.0264 0.2583 -0.9206 0.0327 0.2529 -0.9271 0.0245 0.2607 -0.9349 0.0191 0.2653 -0.9437 0.0137 0.2701 -0.9438 0.0214 0.2622
115.0 -0.9974 0.0192 0.259 -0.9059 0.034 0.253 -0.901 0.031 0.2565 -0.9064 0.0419 0.2449 -0.9217 0.0441 0.2411 -0.9342 0.0449 0.2391 -0.9301 0.032 0.2527 -0.9395 0.0454 0.238 -0.9496 0.0526 0.2297 -0.9573 0.0564 0.225 -0.9548 0.0411 0.2409
116.0 -0.9993 0.0147 0.2635 -0.9025 0.0498 0.2372 -0.91 0.0378 0.2488 -0.9166 0.035 0.2509 -0.9256 0.0314 0.2537 -0.9312 0.0282 0.2565 -0.9279 0.0292 0.2557 -0.9338 0.0229 0.2616 -0.9419 0.0188 0.265 -0.9502 0.0158 0.2672 -0.9506 0.0203 0.2626
117.0 -1.0087 0.0134 0.2638 -0.9101 0.0481 0.2381 -0.8957 0.036 0.252 -0.905 0.0342 0.2529 -0.9175 0.03 0.2559 -0.9248 0.0266 0.2587 -0.9475 0.0309 0.2521 -0.9508 0.0243 0.2585 -0.9553 0.02 0.2624 -0.9609 0.0168 0.2651 -0.9647 0.0211 0.2604
118.0 -1.0114 0.0137 0.2633 -0.9102 0.0487 0.2375 -0.8971 0.0389 0.2489 -0.9094 0.0342 0.2525 -0.9218 0.0294 0.2561 -0.9279 0.0243 0.2607 -0.9398 0.027 0.2568 -0.9432 0.0162 0.2675 -0.95 0.0098 0.2734 -0.9573 0.0063 0.2762 -0.9604 0.0146 0.2675
119.0 -1.0217 0.0123 0.2637 -0.9154 0.048 0.2377 -0.8999 0.0349 0.2527 -0.9089 0.0312 0.2556 -0.9206 0.0278 0.2579 -0.9293 0.0223 0.2626 -0.9489 0.0288 0.254 -0.9523 0.018 0.2648 -0.9591 0.0116 0.2707 -0.9662 0.007 0.2747 -0.9697 0.0155 0.2656
120.0 -1.026 0.0117 0.2639 -0.9199 0.0486 0.2367 -0.9063 0.0364 0.2505 -0.9133 0.0312 0.2551 -0.925 0.0278 0.2575 -0.9338 0.0229 0.2616 -0.9475 0.0254 0.2577 -0.9526 0.0143 0.2685 -0.9594 0.0079 0.2744 -0.9675 0.0043 0.2772 -0.9706 0.0127 0.2683
121.0 -1.0483 0.0087 0.2647 -0.9378 0.0456 0.238 -0.9191 0.0292 0.2566 -0.9208 0.0241 0.2617 -0.9277 0.0183 0.2669 -0.9382 0.0126 0.2717 -0.9716 0.0227 0.258 -0.9738 0.0102 0.2706 -0.9786 0.0022 0.2783 -0.9833 -0.0008 0.281 -0.9911 0.0086 0.2705
122.0 -1.0569 0.0075 0.2651 -0.9463 0.0439 0.2389 -0.9221 0.0263 0.2592 -0.9285 0.0224 0.2626 -0.9384 0.0187 0.2655 -0.9481 0.0137 0.2696 -0.9788 0.0187 0.2614 -0.981 0.0062 0.274 -0.986 -0.0006 0.2804 -0.9917 -0.0032 0.2825 -0.9989 0.0057 0.2727
123.0 -1.0849 0.0062 0.2637 -0.9639 0.039 0.2421 -0.9375 0.0237 0.2604 -0.9408 0.0177 0.2662 -0.9527 0.0149 0.2679 -0.9663 0.0124 0.2691 -0.9993 0.0147 0.2635 -1.0033 0.0026 0.2755 -1.0094 -0.0025 0.2801 -1.0172 -0.0036 0.2804 -1.0228 0.0035 0.2726
124.0 -1.0964 0.0071 0.2616 -0.9792 0.0406 0.239 -0.9463 0.0237 0.2595 -0.9479 0.018 0.2652 -0.9596 0.0146 0.2675 -0.9733 0.0121 0.2687 -1.0125 0.0148 0.2621 -1.0157 0.0033 0.2735 -1.021 -0.0017 0.278 -1.0269 -0.0031 0.2789 -1.0345 0.0041 0.2708
125.0 -1.1088 0.0073 0.2602 -0.9913 0.0396 0.2388 -0.957 0.0247 0.2575 -0.9584 0.0178 0.2644 -0.969 0.0127 0.2685 -0.9826 0.0102 0.2697 -1.0274 0.0146 0.2608 -1.0299 0.0039 0.2715 -1.0343 -0.001 0.2761 -1.0394 -0.0023 0.2769 -1.048 0.0045 0.2691
126.0 -1.1194 0.0077 0.2588 -1.0072 0.0399 0.2369 -0.9716 0.0227 0.258 -0.9715 0.0172 0.2636 -0.9812 0.0123 0.2678 -0.9921 0.009 0.2701 -1.0408 0.0158 0.2582 -1.0424 0.0046 0.2695 -1.045 -0.0006 0.2746 -1.0491 -0.0018 0.2754 -1.0593 0.0051 0.2673
127.0 -1.131 0.0085 0.2567 -1.0222 0.0403 0.235 -0.9858 0.0233 0.2561 -0.9883 0.0174 0.2618 -0.9964 0.0133 0.2652 -1.0082 0.0105 0.2669 -1.0559 0.0168 0.2557 -1.0565 0.0052 0.2676 -1.0591 -8.426e-05 0.2727 -1.0625 -0.0011 0.2734 -1.073 0.0059 0.2652
128.0 -1.1462 0.0101 0.2535 -1.0385 0.0381 0.2356 -1.003 0.0258 0.2517 -1.0023 0.0222 0.2555 -1.0129 0.0172 0.2596 -1.023 0.0146 0.2613 -1.0762 0.0172 0.2533 -1.0744 0.007 0.2639 -1.0745 0.0021 0.2689 -1.0768 0.0006 0.2702 -1.0896 0.0074 0.262
129.0 -1.1571 0.0117 0.2508 -1.0537 0.0391 0.2331 -1.0201 0.0284 0.2474 -1.0192 0.023 0.253 -1.0253 0.0179 0.2576 -1.0361 0.014 0.2605 -1.0882 0.0204 0.2488 -1.0872 0.0096 0.26 -1.0879 0.0034 0.2663 -1.0901 0.0012 0.2682 -1.1021 0.0093 0.2588
130.0 -1.1715 0.0135 0.2477 -1.0706 0.0405 0.23 -1.0366 0.0323 0.2418 -1.0347 0.0264 0.248 -1.0408 0.0207 0.2532 -1.0507 0.0169 0.2561 -1.1068 0.021 0.2464 -1.105 0.0108 0.2569 -1.1041 0.0055 0.2625 -1.1057 0.0046 0.2632 -1.1186 0.0111 0.2553
131.0 -1.1955 0.02 0.2386 -1.0941 0.0441 0.224 -1.0547 0.0347 0.2375 -1.0533 0.0319 0.2406 -1.0598 0.0291 0.2427 -1.0681 0.0262 0.2449 -1.1341 0.021 0.2437 -1.1316 0.0121 0.253 -1.131 0.0085 0.2567 -1.131 0.0085 0.2567 -1.1446 0.014 0.2497
132.0 -1.213 0.0243 0.2324 -1.1129 0.0458 0.2204 -1.0752 0.0362 0.2339 -1.0723 0.0348 0.2357 -1.0782 0.0334 0.2365 -1.088 0.029 0.24 -1.1505 0.0242 0.2387 -1.1491 0.0165 0.2468 -1.1485 0.0129 0.2505 -1.1495 0.0134 0.2499 -1.1621 0.0183 0.2437
133.0 -1.2261 0.0293 0.226 -1.1314 0.0506 0.2136 -1.0974 0.0424 0.2254 -1.0952 0.0402 0.2278 -1.1003 0.0389 0.2287 -1.1084 0.0354 0.2315 -1.1681 0.0292 0.2319 -1.1668 0.022 0.2394 -1.1655 0.0198 0.2418 -1.1648 0.0205 0.2411 -1.1783 0.0241 0.2361
134.0 -1.2461 0.0327 0.2206 -1.1534 0.0562 0.2057 -1.1173 0.0507 0.215 -1.1171 0.0495 0.2162 -1.1237 0.0474 0.2177 -1.1327 0.0431 0.2212 -1.1873 0.0333 0.2258 -1.1853 0.0275 0.232 -1.1841 0.0252 0.2344 -1.1851 0.0263 0.2332 -1.1976 0.029 0.2292
135.0 -1.2583 0.0372 0.2148 -1.1727 0.0609 0.199 -1.14 0.055 0.2083 -1.1382 0.0546 0.2089 -1.1441 0.0532 0.2097 -1.1533 0.0501 0.212 -1.2038 0.0372 0.2202 -1.202 0.0319 0.2257 -1.2017 0.0302 0.2276 -1.2019 0.0313 0.2263 -1.2135 0.0336 0.2229
136.0 -1.2776 0.0419 0.2081 -1.1921 0.0662 0.1916 -1.1584 0.0647 0.1966 -1.1589 0.0622 0.1991 -1.1657 0.0607 0.2 -1.1722 0.0579 0.2021 -1.2187 0.0419 0.2139 -1.2175 0.0353 0.2207 -1.2172 0.0335 0.2226 -1.2167 0.0355 0.2207 -1.2295 0.0376 0.2172
137.0 -1.2907 0.0462 0.2023 -1.209 0.0719 0.1842 -1.1764 0.072 0.1873 -1.1761 0.0702 0.1891 -1.1814 0.0701 0.1887 -1.1889 0.0679 0.1902 -1.2347 0.0483 0.2058 -1.2332 0.0442 0.2101 -1.233 0.0436 0.2107 -1.2325 0.0455 0.2088 -1.2448 0.0456 0.2075
138.0 -1.3091 0.0511 0.1955 -1.2296 0.074 0.18 -1.1958 0.0822 0.1749 -1.197 0.079 0.1781 -1.2099 0.0773 0.1786 -1.2164 0.074 0.1813 -1.2492 0.0555 0.197 -1.2485 0.0513 0.2013 -1.2492 0.0506 0.202 -1.2504 0.0523 0.2001 -1.2613 0.0522 0.1992
139.0 -1.3237 0.054 0.1911 -1.2446 0.0793 0.173 -1.2125 0.0867 0.1687 -1.2129 0.0842 0.1712 -1.2205 0.0826 0.1721 -1.2303 0.0782 0.1756 -1.2652 0.0613 0.1895 -1.2644 0.0571 0.1938 -1.2659 0.0557 0.1951 -1.267 0.0568 0.1939 -1.2773 0.057 0.1927
140.0 -1.3402 0.0579 0.1855 -1.2583 0.0824 0.1686 -1.2322 0.0938 0.1595 -1.2336 0.0918 0.1614 -1.2412 0.0902 0.1623 -1.2493 0.086 0.1657 -1.28 0.0654 0.1838 -1.2793 0.0618 0.1875 -1.2801 0.0611 0.1882 -1.282 0.0621 0.187 -1.2923 0.0616 0.1864
141.0 -1.3519 0.0642 0.1778 -1.2731 0.0865 0.1629 -1.2489 0.0989 0.1526 -1.2485 0.0965 0.1551 -1.2543 0.0945 0.1566 -1.2606 0.0906 0.1599 -1.293 0.0697 0.178 -1.2916 0.0663 0.1817 -1.2923 0.0656 0.1824 -1.2925 0.0667 0.1811 -1.3043 0.0665 0.1802
141.0 -1.3519 0.0642 0.1778 -1.2731 0.0865 0.1629 -1.2489 0.0989 0.1526 -1.2485 0.0965 0.1551 -1.2543 0.0945 0.1566 -1.2606 0.0906 0.1599 -1.293 0.0697 0.178 -1.2916 0.0663 0.1817 -1.2923 0.0656 0.1824 -1.2925 0.0667 0.1811 -1.3043 0.0665 0.1802
143.0 -1.3642 0.0693 0.1714 -1.3035 0.094 0.1522 -1.2834 0.1101 0.1377 -1.2861 0.1055 0.1422 -1.2966 0.0998 0.147 -1.2971 0.0979 0.1489 -1.3193 0.079 0.166 -1.316 0.0752 0.1702 -1.314 0.0736 0.172 -1.3131 0.0737 0.172 -1.3253 0.0742 0.1703
143.0 -1.3642 0.0693 0.1714 -1.3035 0.094 0.1522 -1.2834 0.1101 0.1377 -1.2861 0.1055 0.1422 -1.2966 0.0998 0.147 -1.2971 0.0979 0.1489 -1.3193 0.079 0.166 -1.316 0.0752 0.1702 -1.314 0.0736 0.172 -1.3131 0.0737 0.172 -1.3253 0.0742 0.1703
143.0 -1.3642 0.0693 0.1714 -1.3035 0.094 0.1522 -1.2834 0.1101 0.1377 -1.2861 0.1055 0.1422 -1.2966 0.0998 0.147 -1.2971 0.0979 0.1489 -1.3193 0.079 0.166 -1.316 0.0752 0.1702 -1.314 0.0736 0.172 -1.3131 0.0737 0.172 -1.3253 0.0742 0.1703
143.0 -1.3642 0.0693 0.1714 -1.3035 0.094 0.1522 -1.2834 0.1101 0.1377 -1.2861 0.1055 0.1422 -1.2966 0.0998 0.147 -1.2971 0.0979 0.1489 -1.3193 0.079 0.166 -1.316 0.0752 0.1702 -1.314 0.0736 0.172 -1.3131 0.0737 0.172 -1.3253 0.0742 0.1703
143.0 -1.3642 0.0693 0.1714 -1.3035 0.094 0.1522 -1.2834 0.1101 0.1377 -1.2861 0.1055 0.1422 -1.2966 0.0998 0.147 -1.2971 0.0979 0.1489 -1.3193 0.079 0.166 -1.316 0.0752 0.1702 -1.314 0.0736 0.172 -1.3131 0.0737 0.172 -1.3253 0.0742 0.1703
143.0 -1.3642 0.0693 0.1714 -1.3035 0.094 0.1522 -1.2834 0.1101 0.1377 -1.2861 0.1055 0.1422 -1.2966 0.0998 0.147 -1.2971 0.0979 0.1489 -1.3193 0.079 0.166 -1.316 0.0752 0.1702 -1.314 0.0736 0.172 -1.3131 0.0737 0.172 -1.3253 0.0742 0.1703
143.0 -1.3642 0.0693 0.1714 -1.3035 0.094 0.1522 -1.2834 0.1101 0.1377 -1.2861 0.1055 0.1422 -1.2966 0.0998 0.147 -1.2971 0.0979 0.1489 -1.3193 0.079 0.166 -1.316 0.0752 0.1702 -1.314 0.0736 0.172 -1.3131 0.0737 0.172 -1.3253 0.0742 0.1703
143.0 -1.3642 0.0693 0.1714 -1.3035 0.094 0.1522 -1.2834 0.1101 0.1377 -1.2861 0.1055 0.1422 -1.2966 0.0998 0.147 -1.2971 0.0979 0.1489 -1.3193 0.079 0.166 -1.316 0.0752 0.1702 -1.314 0.0736 0.172 -1.3131 0.0737 0.172 -1.3253 0.0742 0.1703
143.0 -1.3642 0.0693 0.1714 -1.3035 0.094 0.1522 -1.2834 0.1101 0.1377 -1.2861 0.1055 0.1422 -1.2966 0.0998 0.147 -1.2971 0.0979 0.1489 -1.3193 0.079 0.166 -1.316 0.0752 0.1702 -1.314 0.0736 0.172 -1.3131 0.0737 0.172 -1.3253 0.0742 0.1703
143.0 -1.3642 0.0693 0.1714 -1.3035 0.094 0.1522 -1.2834 0.1101 0.1377 -1.2861 0.1055 0.1422 -1.2966 0.0998 0.147 -1.2971 0.0979 0.1489 -1.3193 0.079 0.166 -1.316 0.0752 0.1702 -1.314 0.0736 0.172 -1.3131 0.0737 0.172 -1.3253 0.0742 0.1703
143.0 -1.3642 0.0693 0.1714 -1.3035 0.094 0.1522 -1.2834 0.1101 0.1377 -1.2861 0.1055 0.1422 -1.2966 0.0998 0.147 -1.2971 0.0979 0.1489 -1.3193 0.079 0.166 -1.316 0.0752 0.1702 -1.314 0.0736 0.172 -1.3131 0.0737 0.172 -1.3253 0.0742 0.1703
143.0 -1.3642 0.0693 0.1714 -1.3035 0.094 0.1522 -1.2834 0.1101 0.1377 -1.2861 0.1055 0.1422 -1.2966 0.0998 0.147 -1.2971 0.0979 0.1489 -1.3193 0.079 0.166 -1.316 0.0752 0.1702 -1.314 0.0736 0.172 -1.3131 0.0737 0.172 -1.3253 0.0742 0.1703
143.0 -1.3642 0.0693 0.1714 -1.3035 0.094 0.1522 -1.2834 0.1101 0.1377 -1.2861 0.1055 0.1422 -1.2966 0.0998 0.147 -1.2971 0.0979 0.1489 -1.3193 0.079 0.166 -1.316 0.0752 0.1702 -1.314 0.0736 0.172 -1.3131 0.0737 0.172 -1.3253 0.0742 0.1703
143.0 -1.3642 0.0693 0.1714 -1.3035 0.094 0.1522 -1.2834 0.1101 0.1377 -1.2861 0.1055 0.1422 -1.2966 0.0998 0.147 -1.2971 0.0979 0.1489 -1.3193 0.079 0.166 -1.316 0.0752 0.1702 -1.314 0.0736 0.172 -1.3131 0.0737 0.172 -1.3253 0.0742 0.1703
143.0 -1.3642 0.0693 0.1714 -1.3035 0.094 0.1522 -1.2834 0.1101 0.1377 -1.2861 0.1055 0.1422 -1.2966 0.0998 0.147 -1.2971 0.0979 0.1489 -1.3193 0.079 0.166 -1.316 0.0752 0.1702 -1.314 0.0736 0.172 -1.3131 0.0737 0.172 -1.3253 0.0742 0.1703
143.0 -1.3642 0.0693 0.1714 -1.3035 0.094 0.1522 -1.2834 0.1101 0.1377 -1.2861 0.1055 0.1422 -1.2966 0.0998 0.147 -1.2971 0.0979 0.1489 -1.3193 0.079 0.166 -1.316 0.0752 0.1702 -1.314 0.0736 0.172 -1.3131 0.0737 0.172 -1.3253 0.0742 0.1703
143.0 -1.3642 0.0693 0.1714 -1.3035 0.094 0.1522 -1.2834 0.1101 0.1377 -1.2861 0.1055 0.1422 -1.2966 0.0998 0.147 -1.2971 0.0979 0.1489 -1.3193 0.079 0.166 -1.316 0.0752 0.1702 -1.314 0.0736 0.172 -1.3131 0.0737 0.172 -1.3253 0.0742 0.1703
143.0 -1.3642 0.0693 0.1714 -1.3035 0.094 0.1522 -1.2834 0.1101 0.1377 -1.2861 0.1055 0.1422 -1.2966 0.0998 0.147 -1.2971 0.0979 0.1489 -1.3193 0.079 0.166 -1.316 0.0752 0.1702 -1.314 0.0736 0.172 -1.3131 0.0737 0.172 -1.3253 0.0742 0.1703
143.0 -1.3642 0.0693 0.1714 -1.3035 0.094 0.1522 -1.2834 0.1101 0.1377 -1.2861 0.1055 0.1422 -1.2966 0.0998 0.147 -1.2971 0.0979 0.1489 -1.3193 0.079 0.166 -1.316 0.0752 0.1702 -1.314 0.0736 0.172 -1.3131 0.0737 0.172 -1.3253 0.0742 0.1703
143.0 -1.3642 0.0693 0.1714 -1.3035 0.094 0.1522 -1.2834 0.1101 0.1377 -1.2861 0.1055 0.1422 -1.2966 0.0998 0.147 -1.2971 0.0979 0.1489 -1.3193 0.079 0.166 -1.316 0.0752 0.1702 -1.314 0.0736 0.172 -1.3131 0.0737 0.172 -1.3253 0.0742 0.1703
143.0 -1.3642 0.0693 0.1714 -1.3035 0.094 0.1522 -1.2834 0.1101 0.1377 -1.2861 0.1055 0.1422 -1.2966 0.0998 0.147 -1.2971 0.0979 0.1489 -1.3193 0.079 0.166 -1.316 0.0752 0.1702 -1.314 0.0736 0.172 -1.3131 0.0737 0.172 -1.3253 0.0742 0.1703
143.0 -1.3642 0.0693 0.1714 -1.3035 0.094 0.1522 -1.2834 0.1101 0.1377 -1.2861 0.1055 0.1422 -1.2966 0.0998 0.147 -1.2971 0.0979 0.1489 -1.3193 0.079 0.166 -1.316 0.0752 0.1702 -1.314 0.0736 0.172 -1.3131 0.0737 0.172 -1.3253 0.0742 0.1703
143.0 -1.3642 0.0693 0.1714 -1.3035 0.094 0.1522 -1.2834 0.1101 0.1377 -1.2861 0.1055 0.1422 -1.2966 0.0998 0.147 -1.2971 0.0979 0.1489 -1.3193 0.079 0.166 -1.316 0.0752 0.1702 -1.314 0.0736 0.172 -1.3131 0.0737 0.172 -1.3253 0.0742 0.1703
143.0 -1.3642 0.0693 0.1714 -1.3035 0.094 0.1522 -1.2834 0.1101 0.1377 -1.2861 0.1055 0.1422 -1.2966 0.0998 0.147 -1.2971 0.0979 0.1489 -1.3193 0.079 0.166 -1.316 0.0752 0.1702 -1.314 0.0736 0.172 -1.3131 0.0737 0.172 -1.3253 0.0742 0.1703
143.0 -1.3642 0.0693 0.1714 -1.3035 0.094 0.1522 -1.2834 0.1101 0.1377 -1.2861 0.1055 0.1422 -1.2966 0.0998 0.147 -1.2971 0.0979 0.1489 -1.3193 0.079 0.166 -1.316 0.0752 0.1702 -1.314 0.0736 0.172 -1.3131 0.0737 0.172 -1.3253 0.0742 0.1703
143.0 -1.3642 0.0693 0.1714 -1.3035 0.094 0.1522 -1.2834 0.1101 0.1377 -1.2861 0.1055 0.1422 -1.2966 0.0998 0.147 -1.2971 0.0979 0.1489 -1.3193 0.079 0.166 -1.316 0.0752 0.1702 -1.314 0.0736 0.172 -1.3131 0.0737 0.172 -1.3253 0.0742 0.1703
143.0 -1.3642 0.0693 0.1714 -1.3035 0.094 0.1522 -1.2834 0.1101 0.1377 -1.2861 0.1055 0.1422 -1.2966 0.0998 0.147 -1.2971 0.0979 0.1489 -1.3193 0.079 0.166 -1.316 0.0752 0.1702 -1.314 0.0736 0.172 -1.3131 0.0737 0.172 -1.3253 0.0742 0.1703
143.0 -1.3642 0.0693 0.1714 -1.3035 0.094 0.1522 -1.2834 0.1101 0.1377 -1.2861 0.1055 0.1422 -1.2966 0.0998 0.147 -1.2971 0.0979 0.1489 -1.3193 0.079 0.166 -1.316 0.0752 0.1702 -1.314 0.0736 0.172 -1.3131 0.0737 0.172 -1.3253 0.0742 0.1703
143.0 -1.3642 0.0693 0.1714 -1.3035 0.094 0.1522 -1.2834 0.1101 0.1377 -1.2861 0.1055 0.1422 -1.2966 0.0998 0.147 -1.2971 0.0979 0.1489 -1.3193 0.079 0.166 -1.316 0.0752 0.1702 -1.314 0.0736 0.172 -1.3131 0.0737 0.172 -1.3253 0.0742 0.1703
143.0 -1.3642 0.0693 0.1714 -1.3035 0.094 0.1522 -1.2834 0.1101 0.1377 -1.2861 0.1055 0.1422 -1.2966 0.0998 0.147 -1.2971 0.0979 0.1489 -1.3193 0.079 0.166 -1.316 0.0752 0.1702 -1.314 0.0736 0.172 -1.3131 0.0737 0.172 -1.3253 0.0742 0.1703
143.0 -1.3642 0.0693 0.1714 -1.3035 0.094 0.1522 -1.2834 0.1101 0.1377 -1.2861 0.1055 0.1422 -1.2966 0.0998 0.147 -1.2971 0.0979 0.1489 -1.3193 0.079 0.166 -1.316 0.0752 0.1702 -1.314 0.0736 0.172 -1.3131 0.0737 0.172 -1.3253 0.0742 0.1703
143.0 -1.3642 0.0693 0.1714 -1.3035 0.094 0.1522 -1.2834 0.1101 0.1377 -1.2861 0.1055 0.1422 -1.2966 0.0998 0.147 -1.2971 0.0979 0.1489 -1.3193 0.079 0.166 -1.316 0.0752 0.1702 -1.314 0.0736 0.172 -1.3131 0.0737 0.172 -1.3253 0.0742 0.1703
143.0 -1.3642 0.0693 0.1714 -1.3035 0.094 0.1522 -1.2834 0.1101 0.1377 -1.2861 0.1055 0.1422 -1.2966 0.0998 0.147 -1.2971 0.0979 0.1489 -1.3193 0.079 0.166 -1.316 0.0752 0.1702 -1.314 0.0736 0.172 -1.3131 0.0737 0.172 -1.3253 0.0742 0.1703
143.0 -1.3642 0.0693 0.1714 -1.3035 0.094 0.1522 -1.2834 0.1101 0.1377 -1.2861 0.1055 0.1422 -1.2966 0.0998 0.147 -1.2971 0.0979 0.1489 -1.3193 0.079 0.166 -1.316 0.0752 0.1702 -1.314 0.0736 0.172 -1.3131 0.0737 0.172 -1.3253 0.0742 0.1703
143.0 -1.3642 0.0693 0.1714 -1.3035 0.094 0.1522 -1.2834 0.1101 0.1377 -1.2861 0.1055 0.1422 -1.2966 0.0998 0.147 -1.2971 0.0979 0.1489 -1.3193 0.079 0.166 -1.316 0.0752 0.1702 -1.314 0.0736 0.172 -1.3131 0.0737 0.172 -1.3253 0.0742 0.1703
143.0 -1.3642 0.0693 0.1714 -1.3035 0.094 0.1522 -1.2834 0.1101 0.1377 -1.2861 0.1055 0.1422 -1.2966 0.0998 0.147 -1.2971 0.0979 0.1489 -1.3193 0.079 0.166 -1.316 0.0752 0.1702 -1.314 0.0736 0.172 -1.3131 0.0737 0.172 -1.3253 0.0742 0.1703
143.0 -1.3642 0.0693 0.1714 -1.3035 0.094 0.1522 -1.2834 0.1101 0.1377 -1.2861 0.1055 0.1422 -1.2966 0.0998 0.147 -1.2971 0.0979 0.1489 -1.3193 0.079 0.166 -1.316 0.0752 0.1702 -1.314 0.0736 0.172 -1.3131 0.0737 0.172 -1.3253 0.0742 0.1703
143.0 -1.3642 0.0693 0.1714 -1.3035 0.094 0.1522 -1.2834 0.1101 0.1377 -1.2861 0.1055 0.1422 -1.2966 0.0998 0.147 -1.2971 0.0979 0.1489 -1.3193 0.079 0.166 -1.316 0.0752 0.1702 -1.314 0.0736 0.172 -1.3131 0.0737 0.172 -1.3253 0.0742 0.1703
143.0 -1.3642 0.0693 0.1714 -1.3035 0.094 0.1522 -1.2834 0.1101 0.1377 -1.2861 0.1055 0.1422 -1.2966 0.0998 0.147 -1.2971 0.0979 0.1489 -1.3193 0.079 0.166 -1.316 0.0752 0.1702 -1.314 0.0736 0.172 -1.3131 0.0737 0.172 -1.3253 0.0742 0.1703
143.0 -1.3642 0.0693 0.1714 -1.3035 0.094 0.1522 -1.2834 0.1101 0.1377 -1.2861 0.1055 0.1422 -1.2966 0.0998 0.147 -1.2971 0.0979 0.1489 -1.3193 0.079 0.166 -1.316 0.0752 0.1702 -1.314 0.0736 0.172 -1.3131 0.0737 0.172 -1.3253 0.0742 0.1703
143.0 -1.3642 0.0693 0.1714 -1.3035 0.094 0.1522 -1.2834 0.1101 0.1377 -1.2861 0.1055 0.1422 -1.2966 0.0998 0.147 -1.2971 0.0979 0.1489 -1.3193 0.079 0.166 -1.316 0.0752 0.1702 -1.314 0.0736 0.172 -1.3131 0.0737 0.172 -1.3253 0.0742 0.1703
143.0 -1.3642 0.0693 0.1714 -1.3035 0.094 0.1522 -1.2834 0.1101 0.1377 -1.2861 0.1055 0.1422 -1.2966 0.0998 0.147 -1.2971 0.0979 0.1489 -1.3193 0.079 0.166 -1.316 0.0752 0.1702 -1.314 0.0736 0.172 -1.3131 0.0737 0.172 -1.3253 0.0742 0.1703
143.0 -1.3642 0.0693 0.1714 -1.3035 0.094 0.1522 -1.2834 0.1101 0.1377 -1.2861 0.1055 0.1422 -1.2966 0.0998 0.147 -1.2971 0.0979 0.1489 -1.3193 0.079 0.166 -1.316 0.0752 0.1702 -1.314 0.0736 0.172 -1.3131 0.0737 0.172 -1.3253 0.0742 0.1703
143.0 -1.3642 0.0693 0.1714 -1.3035 0.094 0.1522 -1.2834 0.1101 0.1377 -1.2861 0.1055 0.1422 -1.2966 0.0998 0.147 -1.2971 0.0979 0.1489 -1.3193 0.079 0.166 -1.316 0.0752 0.1702 -1.314 0.0736 0.172 -1.3131 0.0737 0.172 -1.3253 0.0742 0.1703
143.0 -1.3642 0.0693 0.1714 -1.3035 0.094 0.1522 -1.2834 0.1101 0.1377 -1.2861 0.1055 0.1422 -1.2966 0.0998 0.147 -1.2971 0.0979 0.1489 -1.3193 0.079 0.166 -1.316 0.0752 0.1702 -1.314 0.0736 0.172 -1.3131 0.0737 0.172 -1.3253 0.0742 0.1703
143.0 -1.3642 0.0693 0.1714 -1.3035 0.094 0.1522 -1.2834 0.1101 0.1377 -1.2861 0.1055 0.1422 -1.2966 0.0998 0.147 -1.2971 0.0979 0.1489 -1.3193 0.079 0.166 -1.316 0.0752 0.1702 -1.314 0.0736 0.172 -1.3131 0.0737 0.172 -1.3253 0.0742 0.1703
143.0 -1.3642 0.0693 0.1714 -1.3035 0.094 0.1522 -1.2834 0.1101 0.1377 -1.2861 0.1055 0.1422 -1.2966 0.0998 0.147 -1.2971 0.0979 0.1489 -1.3193 0.079 0.166 -1.316 0.0752 0.1702 -1.314 0.0736 0.172 -1.3131 0.0737 0.172 -1.3253 0.0742 0.1703
143.0 -1.3642 0.0693 0.1714 -1.3035 0.094 0.1522 -1.2834 0.1101 0.1377 -1.2861 0.1055 0.1422 -1.2966 0.0998 0.147 -1.2971 0.0979 0.1489 -1.3193 0.079 0.166 -1.316 0.0752 0.1702 -1.314 0.0736 0.172 -1.3131 0.0737 0.172 -1.3253 0.0742 0.1703
143.0 -1.3642 0.0693 0.1714 -1.3035 0.094 0.1522 -1.2834 0.1101 0.1377 -1.2861 0.1055 0.1422 -1.2966 0.0998 0.147 -1.2971 0.0979 0.1489 -1.3193 0.079 0.166 -1.316 0.0752 0.1702 -1.314 0.0736 0.172 -1.3131 0.0737 0.172 -1.3253 0.0742 0.1703
143.0 -1.3642 0.0693 0.1714 -1.3035 0.094 0.1522 -1.2834 0.1101 0.1377 -1.2861 0.1055 0.1422 -1.2966 0.0998 0.147 -1.2971 0.0979 0.1489 -1.3193 0.079 0.166 -1.316 0.0752 0.1702 -1.314 0.0736 0.172 -1.3131 0.0737 0.172 -1.3253 0.0742 0.1703
143.0 -1.3642 0.0693 0.1714 -1.3035 0.094 0.1522 -1.2834 0.1101 0.1377 -1.2861 0.1055 0.1422 -1.2966 0.0998 0.147 -1.2971 0.0979 0.1489 -1.3193 0.079 0.166 -1.316 0.0752 0.1702 -1.314 0.0736 0.172 -1.3131 0.0737 0.172 -1.3253 0.0742 0.1703
143.0 -1.3642 0.0693 0.1714 -1.3035 0.094 0.1522 -1.2834 0.1101 0.1377 -1.2861 0.1055 0.1422 -1.2966 0.0998 0.147 -1.2971 0.0979 0.1489 -1.3193 0.079 0.166 -1.316 0.0752 0.1702 -1.314 0.0736 0.172 -1.3131 0.0737 0.172 -1.3253 0.0742 0.1703
143.0 -1.3642 0.0693 0.1714 -1.3035 0.094 0.1522 -1.2834 0.1101 0.1377 -1.2861 0.1055 0.1422 -1.2966 0.0998 0.147 -1.2971 0.0979 0.1489 -1.3193 0.079 0.166 -1.316 0.0752 0.1702 -1.314 0.0736 0.172 -1.3131 0.0737 0.172 -1.3253 0.0742 0.1703
143.0 -1.3642 0.0693 0.1714 -1.3035 0.094 0.1522 -1.2834 0.1101 0.1377 -1.2861 0.1055 0.1422 -1.2966 0.0998 0.147 -1.2971 0.0979 0.1489 -1.3193 0.079 0.166 -1.316 0.0752 0.1702 -1.314 0.0736 0.172 -1.3131 0.0737 0.172 -1.3253 0.0742 0.1703
143.0 -1.3642 0.0693 0.1714 -1.3035 0.094 0.1522 -1.2834 0.1101 0.1377 -1.2861 0.1055 0.1422 -1.2966 0.0998 0.147 -1.2971 0.0979 0.1489 -1.3193 0.079 0.166 -1.316 0.0752 0.1702 -1.314 0.0736 0.172 -1.3131 0.0737 0.172 -1.3253 0.0742 0.1703
143.0 -1.3642 0.0693 0.1714 -1.3035 0.094 0.1522 -1.2834 0.1101 0.1377 -1.2861 0.1055 0.1422 -1.2966 0.0998 0.147 -1.2971 0.0979 0.1489 -1.3193 0.079 0.166 -1.316 0.0752 0.1702 -1.314 0.0736 0.172 -1.3131 0.0737 0.172 -1.3253 0.0742 0.1703
143.0 -1.3642 0.0693 0.1714 -1.3035 0.094 0.1522 -1.2834 0.1101 0.1377 -1.2861 0.1055 0.1422 -1.2966 0.0998 0.147 -1.2971 0.0979 0.1489 -1.3193 0.079 0.166 -1.316 0.0752 0.1702 -1.314 0.0736 0.172 -1.3131 0.0737 0.172 -1.3253 0.0742 0.1703
143.0 -1.3642 0.0693 0.1714 -1.3035 0.094 0.1522 -1.2834 0.1101 0.1377 -1.2861 0.1055 0.1422 -1.2966 0.0998 0.147 -1.2971 0.0979 0.1489 -1.3193 0.079 0.166 -1.316 0.0752 0.1702 -1.314 0.0736 0.172 -1.3131 0.0737 0.172 -1.3253 0.0742 0.1703
143.0 -1.3642 0.0693 0.1714 -1.3035 0.094 0.1522 -1.2834 0.1101 0.1377 -1.2861 0.1055 0.1422 -1.2966 0.0998 0.147 -1.2971 0.0979 0.1489 -1.3193 0.079 0.166 -1.316 0.0752 0.1702 -1.314 0.0736 0.172 -1.3131 0.0737 0.172 -1.3253 0.0742 0.1703
143.0 -1.3642 0.0693 0.1714 -1.3035 0.094 0.1522 -1.2834 0.1101 0.1377 -1.2861 0.1055 0.1422 -1.2966 0.0998 0.147 -1.2971 0.0979 0.1489 -1.3193 0.079 0.166 -1.316 0.0752 0.1702 -1.314 0.0736 0.172 -1.3131 0.0737 0.172 -1.3253 0.0742 0.1703
143.0 -1.3642 0.0693 0.1714 -1.3035 0.094 0.1522 -1.2834 0.1101 0.1377 -1.2861 0.1055 0.1422 -1.2966 0.0998 0.147 -1.2971 0.0979 0.1489 -1.3193 0.079 0.166 -1.316 0.0752 0.1702 -1.314 0.0736 0.172 -1.3131 0.0737 0.172 -1.3253 0.0742 0.1703
143.0 -1.3642 0.0693 0.1714 -1.3035 0.094 0.1522 -1.2834 0.1101 0.1377 -1.2861 0.1055 0.1422 -1.2966 0.0998 0.147 -1.2971 0.0979 0.1489 -1.3193 0.079 0.166 -1.316 0.0752 0.1702 -1.314 0.0736 0.172 -1.3131 0.0737 0.172 -1.3253 0.0742 0.1703
143.0 -1.3642 0.0693 0.1714 -1.3035 0.094 0.1522 -1.2834 0.1101 0.1377 -1.2861 0.1055 0.1422 -1.2966 0.0998 0.147 -1.2971 0.0979 0.1489 -1.3193 0.079 0.166 -1.316 0.0752 0.1702 -1.314 0.0736 0.172 -1.3131 0.0737 0.172 -1.3253 0.0742 0.1703
143.0 -1.3642 0.0693 0.1714 -1.3035 0.094 0.1522 -1.2834 0.1101 0.1377 -1.2861 0.1055 0.1422 -1.2966 0.0998 0.147 -1.2971 0.0979 0.1489 -1.3193 0.079 0.166 -1.316 0.0752 0.1702 -1.314 0.0736 0.172 -1.3131 0.0737 0.172 -1.3253 0.0742 0.1703
143.0 -1.3642 0.0693 0.1714 -1.3035 0.094 0.1522 -1.2834 0.1101 0.1377 -1.2861 0.1055 0.1422 -1.2966 0.0998 0.147 -1.2971 0.0979 0.1489 -1.3193 0.079 0.166 -1.316 0.0752 0.1702 -1.314 0.0736 0.172 -1.3131 0.0737 0.172 -1.3253 0.0742 0.1703
143.0 -1.3642 0.0693 0.1714 -1.3035 0.094 0.1522 -1.2834 0.1101 0.1377 -1.2861 0.1055 0.1422 -1.2966 0.0998 0.147 -1.2971 0.0979 0.1489 -1.3193 0.079 0.166 -1.316 0.0752 0.1702 -1.314 0.0736 0.172 -1.3131 0.0737 0.172 -1.3253 0.0742 0.1703
143.0 -1.3642 0.0693 0.1714 -1.3035 0.094 0.1522 -1.2834 0.1101 0.1377 -1.2861 0.1055 0.1422 -1.2966 0.0998 0.147 -1.2971 0.0979 0.1489 -1.3193 0.079 0.166 -1.316 0.0752 0.1702 -1.314 0.0736 0.172 -1.3131 0.0737 0.172 -1.3253 0.0742 0.1703
143.0 -1.3642 0.0693 0.1714 -1.3035 0.094 0.1522 -1.2834 0.1101 0.1377 -1.2861 0.1055 0.1422 -1.2966 0.0998 0.147 -1.2971 0.0979 0.1489 -1.3193 0.079 0.166 -1.316 0.0752 0.1702 -1.314 0.0736 0.172 -1.3131 0.0737 0.172 -1.3253 0.0742 0.1703
143.0 -1.3642 0.0693 0.1714 -1.3035 0.094 0.1522 -1.2834 0.1101 0.1377 -1.2861 0.1055 0.1422 -1.2966 0.0998 0.147 -1.2971 0.0979 0.1489 -1.3193 0.079 0.166 -1.316 0.0752 0.1702 -1.314 0.0736 0.172 -1.3131 0.0737 0.172 -1.3253 0.0742 0.1703
143.0 -1.3642 0.0693 0.1714 -1.3035 0.094 0.1522 -1.2834 0.1101 0.1377 -1.2861 0.1055 0.1422 -1.2966 0.0998 0.147 -1.2971 0.0979 0.1489 -1.3193 0.079 0.166 -1.316 0.0752 0.1702 -1.314 0.0736 0.172 -1.3131 0.0737 0.172 -1.3253 0.0742 0.1703
143.0 -1.3642 0.0693 0.1714 -1.3035 0.094 0.1522 -1.2834 0.1101 0.1377 -1.2861 0.1055 0.1422 -1.2966 0.0998 0.147 -1.2971 0.0979 0.1489 -1.3193 0.079 0.166 -1.316 0.0752 0.1702 -1.314 0.0736 0.172 -1.3131 0.0737 0.172 -1.3253 0.0742 0.1703
143.0 -1.3642 0.0693 0.1714 -1.3035 0.094 0.1522 -1.2834 0.1101 0.1377 -1.2861 0.1055 0.1422 -1.2966 0.0998 0.147 -1.2971 0.0979 0.1489 -1.3193 0.079 0.166 -1.316 0.0752 0.1702 -1.314 0.0736 0.172 -1.3131 0.0737 0.172 -1.3253 0.0742 0.1703
143.0 -1.3642 0.0693 0.1714 -1.3035 0.094 0.1522 -1.2834 0.1101 0.1377 -1.2861 0.1055 0.1422 -1.2966 0.0998 0.147 -1.2971 0.0979 0.1489 -1.3193 0.079 0.166 -1.316 0.0752 0.1702 -1.314 0.0736 0.172 -1.3131 0.0737 0.172 -1.3253 0.0742 0.1703
143.0 -1.3642 0.0693 0.1714 -1.3035 0.094 0.1522 -1.2834 0.1101 0.1377 -1.2861 0.1055 0.1422 -1.2966 0.0998 0.147 -1.2971 0.0979 0.1489 -1.3193 0.079 0.166 -1.316 0.0752 0.1702 -1.314 0.0736 0.172 -1.3131 0.0737 0.172 -1.3253 0.0742 0.1703
143.0 -1.3642 0.0693 0.1714 -1.3035 0.094 0.1522 -1.2834 0.1101 0.1377 -1.2861 0.1055 0.1422 -1.2966 0.0998 0.147 -1.2971 0.0979 0.1489 -1.3193 0.079 0.166 -1.316 0.0752 0.1702 -1.314 0.0736 0.172 -1.3131 0.0737 0.172 -1.3253 0.0742 0.1703
143.0 -1.3642 0.0693 0.1714 -1.3035 0.094 0.1522 -1.2834 0.1101 0.1377 -1.2861 0.1055 0.1422 -1.2966 0.0998 0.147 -1.2971 0.0979 0.1489 -1.3193 0.079 0.166 -1.316 0.0752 0.1702 -1.314 0.0736 0.172 -1.3131 0.0737 0.172 -1.3253 0.0742 0.1703
143.0 -1.3642 0.0693 0.1714 -1.3035 0.094 0.1522 -1.2834 0.1101 0.1377 -1.2861 0.1055 0.1422 -1.2966 0.0998 0.147 -1.2971 0.0979 0.1489 -1.3193 0.079 0.166 -1.316 0.0752 0.1702 -1.314 0.0736 0.172 -1.3131 0.0737 0.172 -1.3253 0.0742 0.1703
143.0 -1.3642 0.0693 0.1714 -1.3035 0.094 0.1522 -1.2834 0.1101 0.1377 -1.2861 0.1055 0.1422 -1.2966 0.0998 0.147 -1.2971 0.0979 0.1489 -1.3193 0.079 0.166 -1.316 0.0752 0.1702 -1.314 0.0736 0.172 -1.3131 0.0737 0.172 -1.3253 0.0742 0.1703
143.0 -1.3642 0.0693 0.1714 -1.3035 0.094 0.1522 -1.2834 0.1101 0.1377 -1.2861 0.1055 0.1422 -1.2966 0.0998 0.147 -1.2971 0.0979 0.1489 -1.3193 0.079 0.166 -1.316 0.0752 0.1702 -1.314 0.0736 0.172 -1.3131 0.0737 0.172 -1.3253 0.0742 0.1703
143.0 -1.3642 0.0693 0.1714 -1.3035 0.094 0.1522 -1.2834 0.1101 0.1377 -1.2861 0.1055 0.1422 -1.2966 0.0998 0.147 -1.2971 0.0979 0.1489 -1.3193 0.079 0.166 -1.316 0.0752 0.1702 -1.314 0.0736 0.172 -1.3131 0.0737 0.172 -1.3253 0.0742 0.1703
143.0 -1.3642 0.0693 0.1714 -1.3035 0.094 0.1522 -1.2834 0.1101 0.1377 -1.2861 0.1055 0.1422 -1.2966 0.0998 0.147 -1.2971 0.0979 0.1489 -1.3193 0.079 0.166 -1.316 0.0752 0.1702 -1.314 0.0736 0.172 -1.3131 0.0737 0.172 -1.3253 0.0742 0.1703
143.0 -1.3642 0.0693 0.1714 -1.3035 0.094 0.1522 -1.2834 0.1101 0.1377 -1.2861 0.1055 0.1422 -1.2966 0.0998 0.147 -1.2971 0.0979 0.1489 -1.3193 0.079 0.166 -1.316 0.0752 0.1702 -1.314 0.0736 0.172 -1.3131 0.0737 0.172 -1.3253 0.0742 0.1703
