1.0 -1.2721 0.0353 0.2153 -1.195 0.0323 0.2261 -1.1587 0.0463 0.2153 -1.1573 0.0581 0.2034 -1.1691 0.0651 0.1951 -1.1929 0.0704 0.1873 -1.2167 0.0306 0.2257 -1.2193 0.0406 0.2152 -1.2259 0.0483 0.2067 -1.236 0.0554 0.1983 -1.234 0.042 0.2122
2.0 -1.268 0.0371 0.2139 -1.1949 0.0317 0.2267 -1.1586 0.0457 0.2159 -1.1563 0.0576 0.204 -1.1675 0.0659 0.1944 -1.1919 0.0699 0.1879 -1.2149 0.0302 0.2262 -1.2166 0.0403 0.2157 -1.2225 0.0487 0.2065 -1.2325 0.0553 0.1988 -1.2309 0.0423 0.2122
3.0 -1.2741 0.0369 0.2135 -1.195 0.0323 0.2261 -1.1586 0.0457 0.2159 -1.1573 0.0581 0.2034 -1.1691 0.0651 0.1951 -1.1919 0.0699 0.1879 -1.2193 0.0302 0.2258 -1.2209 0.0398 0.2158 -1.2268 0.0481 0.2067 -1.2352 0.0562 0.1977 -1.2353 0.0422 0.2119
4.0 -1.2776 0.037 0.213 -1.1922 0.0314 0.2272 -1.1584 0.0445 0.2172 -1.1561 0.0565 0.2052 -1.1689 0.0639 0.1963 -1.1917 0.0688 0.1891 -1.2192 0.0296 0.2264 -1.22 0.0393 0.2164 -1.2257 0.0471 0.2079 -1.2342 0.0551 0.1989 -1.2353 0.0416 0.2125
5.0 -1.2874 0.0375 0.2116 -1.1956 0.031 0.2274 -1.1583 0.0439 0.2178 -1.1571 0.0569 0.2046 -1.1707 0.0643 0.1958 -1.1928 0.0698 0.1879 -1.2232 0.0278 0.2278 -1.2241 0.0375 0.2178 -1.2292 0.0466 0.208 -1.2385 0.0545 0.199 -1.2405 0.0408 0.2129
6.0 -1.273 0.0358 0.2147 -1.1917 0.0333 0.2253 -1.1584 0.0445 0.2172 -1.1561 0.0565 0.2052 -1.1672 0.0647 0.1957 -1.1919 0.0699 0.1879 -1.2165 0.0294 0.2269 -1.219 0.0388 0.217 -1.225 0.0478 0.2073 -1.235 0.055 0.1989 -1.2337 0.0413 0.213
7.0 -1.2801 0.0361 0.2138 -1.1948 0.0311 0.2273 -1.1584 0.0445 0.2172 -1.1572 0.0575 0.204 -1.169 0.0645 0.1957 -1.1912 0.0707 0.1872 -1.2199 0.0289 0.227 -1.2208 0.0392 0.2165 -1.2258 0.0477 0.2073 -1.236 0.0554 0.1983 -1.2365 0.0414 0.2126
8.0 -1.2792 0.0362 0.2137 -1.1916 0.0327 0.2259 -1.1594 0.045 0.2166 -1.1563 0.0576 0.204 -1.1681 0.0646 0.1957 -1.191 0.0695 0.1885 -1.22 0.0295 0.2264 -1.2217 0.0391 0.2165 -1.2267 0.0475 0.2073 -1.235 0.055 0.1989 -1.2365 0.0414 0.2126
9.0 -1.2757 0.036 0.2142 -1.1926 0.0338 0.2247 -1.1594 0.045 0.2166 -1.1562 0.0571 0.2046 -1.169 0.0645 0.1957 -1.191 0.0695 0.1885 -1.2198 0.0283 0.2277 -1.2224 0.0383 0.2172 -1.2275 0.0468 0.208 -1.2359 0.0548 0.1989 -1.2363 0.0409 0.2132
10.0 -1.2784 0.0363 0.2137 -1.1931 0.0313 0.2273 -1.1584 0.0445 0.2172 -1.1572 0.0575 0.204 -1.169 0.0645 0.1957 -1.1901 0.0696 0.1884 -1.2183 0.0297 0.2264 -1.22 0.0393 0.2164 -1.2249 0.0472 0.2079 -1.2342 0.0551 0.1989 -1.2351 0.0415 0.2126
11.0 -1.2802 0.0366 0.2131 -1.1923 0.032 0.2266 -1.1584 0.0445 0.2172 -1.1561 0.0565 0.2052 -1.168 0.064 0.1963 -1.1908 0.0689 0.1891 -1.2201 0.0301 0.2258 -1.2209 0.0398 0.2158 -1.2268 0.0481 0.2067 -1.236 0.0554 0.1983 -1.2368 0.042 0.212
12.0 -1.2776 0.037 0.213 -1.1913 0.0315 0.2272 -1.1577 0.0452 0.2165 -1.1562 0.0571 0.2046 -1.1689 0.0639 0.1963 -1.1908 0.0689 0.1891 -1.2199 0.0289 0.227 -1.2216 0.0385 0.2171 -1.2266 0.0469 0.2079 -1.235 0.055 0.1989 -1.2362 0.0413 0.2128
13.0 -1.2803 0.0372 0.2125 -1.1916 0.0327 0.2259 -1.1584 0.0445 0.2172 -1.1561 0.0565 0.2052 -1.1681 0.0646 0.1957 -1.1891 0.0691 0.189 -1.2223 0.0274 0.2284 -1.2231 0.037 0.2184 -1.2282 0.0461 0.2086 -1.2376 0.0546 0.199 -1.2383 0.0405 0.2134
14.0 -1.2768 0.0371 0.213 -1.1913 0.0315 0.2272 -1.1576 0.0447 0.2171 -1.1554 0.0572 0.2046 -1.1672 0.0647 0.1957 -1.19 0.069 0.189 -1.2182 0.0291 0.227 -1.2207 0.0386 0.2171 -1.2257 0.0471 0.2079 -1.2359 0.0548 0.1989 -1.2355 0.0413 0.2128
15.0 -1.2775 0.0364 0.2137 -1.1897 0.0324 0.2265 -1.1576 0.0447 0.2171 -1.1554 0.0572 0.2046 -1.1671 0.0641 0.1963 -1.19 0.069 0.189 -1.2174 0.0299 0.2263 -1.219 0.0388 0.217 -1.2249 0.0472 0.2079 -1.2351 0.0556 0.1983 -1.2348 0.0416 0.2126
16.0 -1.2786 0.0375 0.2125 -1.1923 0.032 0.2266 -1.1585 0.0451 0.2166 -1.1562 0.0571 0.2046 -1.1691 0.0651 0.1951 -1.1901 0.0696 0.1884 -1.2191 0.029 0.227 -1.2207 0.0386 0.2171 -1.2266 0.0469 0.2079 -1.2359 0.0548 0.1989 -1.2362 0.0414 0.2127
17.0 -1.2776 0.037 0.213 -1.1906 0.0323 0.2265 -1.1586 0.0457 0.2159 -1.1572 0.0575 0.204 -1.1682 0.0652 0.1951 -1.1902 0.0702 0.1878 -1.2175 0.0304 0.2257 -1.2192 0.04 0.2158 -1.225 0.0478 0.2073 -1.2343 0.0557 0.1983 -1.2347 0.0422 0.212
18.0 -1.2739 0.0357 0.2148 -1.1906 0.0323 0.2265 -1.1579 0.0464 0.2153 -1.1563 0.0576 0.204 -1.1682 0.0652 0.1951 -1.1912 0.0707 0.1872 -1.2191 0.029 0.227 -1.2208 0.0392 0.2165 -1.2268 0.0481 0.2067 -1.2351 0.0556 0.1983 -1.2351 0.0415 0.2126
19.0 -1.2751 0.0373 0.2129 -1.1918 0.0339 0.2247 -1.1587 0.0463 0.2153 -1.1555 0.0578 0.2039 -1.1674 0.0653 0.195 -1.1902 0.0702 0.1878 -1.2196 0.032 0.2239 -1.2211 0.041 0.2146 -1.2269 0.0487 0.2061 -1.2361 0.056 0.1977 -1.2358 0.043 0.2111
20.0 -1.2751 0.0373 0.2129 -1.1907 0.0329 0.2259 -1.1578 0.0458 0.2159 -1.1563 0.0576 0.204 -1.1682 0.0652 0.1951 -1.1903 0.0708 0.1872 -1.2158 0.0307 0.2256 -1.2184 0.0401 0.2157 -1.2252 0.049 0.206 -1.2344 0.0563 0.1976 -1.2338 0.0427 0.2116
21.0 -1.2753 0.0385 0.2117 -1.1933 0.0325 0.226 -1.1586 0.0457 0.2159 -1.1555 0.0578 0.2039 -1.1682 0.0652 0.1951 -1.1903 0.0708 0.1872 -1.2194 0.0308 0.2252 -1.221 0.0404 0.2152 -1.2269 0.0487 0.2061 -1.2362 0.0566 0.1971 -1.2358 0.043 0.2111
22.0 -1.2715 0.0372 0.2134 -1.1901 0.0348 0.224 -1.1585 0.0451 0.2166 -1.1564 0.0582 0.2034 -1.1676 0.0665 0.1938 -1.1928 0.0698 0.1879 -1.217 0.0324 0.2238 -1.2195 0.0418 0.2139 -1.2253 0.0496 0.2054 -1.2344 0.0563 0.1976 -1.2335 0.0434 0.2108
23.0 -1.2743 0.0381 0.2123 -1.1891 0.0337 0.2252 -1.1579 0.0464 0.2153 -1.1557 0.059 0.2027 -1.1668 0.0672 0.1931 -1.1912 0.0707 0.1872 -1.2194 0.0308 0.2252 -1.2219 0.0402 0.2153 -1.2269 0.0487 0.2061 -1.2361 0.056 0.1977 -1.2357 0.0428 0.2113
24.0 -1.2759 0.0372 0.213 -1.1909 0.034 0.2247 -1.1586 0.0457 0.2159 -1.1555 0.0578 0.2039 -1.1683 0.0658 0.1944 -1.1911 0.0701 0.1878 -1.2176 0.031 0.2251 -1.2202 0.0405 0.2152 -1.2259 0.0483 0.2067 -1.2352 0.0562 0.1977 -1.235 0.0426 0.2115
25.0 -1.2742 0.0375 0.2129 -1.1909 0.034 0.2247 -1.1577 0.0452 0.2165 -1.1554 0.0572 0.2046 -1.1675 0.0659 0.1944 -1.1911 0.0701 0.1878 -1.2176 0.031 0.2251 -1.2193 0.0406 0.2152 -1.2252 0.049 0.206 -1.2352 0.0562 0.1977 -1.2343 0.0428 0.2114
26.0 -1.2797 0.0386 0.2113 -1.1933 0.0325 0.226 -1.1578 0.0458 0.2159 -1.1563 0.0576 0.204 -1.1683 0.0658 0.1944 -1.1903 0.0708 0.1872 -1.2194 0.0308 0.2252 -1.221 0.0404 0.2152 -1.2252 0.049 0.206 -1.2345 0.0569 0.197 -1.2359 0.0431 0.2109
27.0 -1.2804 0.0378 0.2119 -1.1916 0.0327 0.2259 -1.1577 0.0452 0.2165 -1.1563 0.0576 0.204 -1.1692 0.0657 0.1945 -1.1911 0.0701 0.1878 -1.2194 0.0308 0.2252 -1.2202 0.0405 0.2152 -1.2251 0.0484 0.2066 -1.2352 0.0562 0.1977 -1.2361 0.0427 0.2113
28.0 -1.2751 0.0373 0.2129 -1.1908 0.0334 0.2253 -1.1578 0.0458 0.2159 -1.1555 0.0578 0.2039 -1.1676 0.0665 0.1938 -1.1902 0.0702 0.1878 -1.2186 0.0315 0.2245 -1.2203 0.0411 0.2146 -1.2262 0.0494 0.2054 -1.2352 0.0562 0.1977 -1.2351 0.0431 0.211
29.0 -1.2742 0.0375 0.2129 -1.1918 0.0339 0.2247 -1.1586 0.0457 0.2159 -1.1555 0.0578 0.2039 -1.1678 0.0677 0.1926 -1.1913 0.0713 0.1866 -1.2185 0.0309 0.2251 -1.221 0.0404 0.2152 -1.226 0.0488 0.2061 -1.2352 0.0562 0.1977 -1.235 0.0428 0.2114
30.0 -1.2715 0.0372 0.2134 -1.1886 0.0362 0.2227 -1.1586 0.0457 0.2159 -1.1562 0.0571 0.2046 -1.1684 0.0664 0.1938 -1.1903 0.0708 0.1872 -1.2166 0.03 0.2263 -1.2192 0.04 0.2158 -1.2251 0.0484 0.2066 -1.2352 0.0562 0.1977 -1.2335 0.0423 0.212
31.0 -1.2705 0.0367 0.214 -1.1893 0.0349 0.224 -1.1585 0.0451 0.2166 -1.1562 0.0571 0.2046 -1.1685 0.067 0.1932 -1.1912 0.0707 0.1872 -1.2166 0.03 0.2263 -1.22 0.0393 0.2164 -1.2259 0.0483 0.2067 -1.2351 0.0556 0.1983 -1.2336 0.042 0.2123
32.0 -1.2705 0.0367 0.214 -1.1899 0.0336 0.2253 -1.1577 0.0452 0.2165 -1.1554 0.0572 0.2046 -1.1695 0.0675 0.1926 -1.1912 0.0707 0.1872 -1.2165 0.0294 0.2269 -1.219 0.0388 0.217 -1.2249 0.0472 0.2079 -1.2342 0.0551 0.1989 -1.233 0.0414 0.2129
33.0 -1.2734 0.0382 0.2123 -1.1909 0.034 0.2247 -1.1585 0.0451 0.2166 -1.1564 0.0582 0.2034 -1.1694 0.0669 0.1932 -1.192 0.0705 0.1872 -1.2186 0.0315 0.2245 -1.221 0.0404 0.2152 -1.2269 0.0487 0.2061 -1.2351 0.0556 0.1983 -1.235 0.0429 0.2113
34.0 -1.2707 0.0373 0.2134 -1.191 0.0346 0.2241 -1.1587 0.0463 0.2153 -1.1563 0.0576 0.204 -1.1694 0.0669 0.1932 -1.1912 0.0707 0.1872 -1.2175 0.0304 0.2257 -1.2201 0.0399 0.2158 -1.2259 0.0483 0.2067 -1.2351 0.0556 0.1983 -1.2339 0.0423 0.212
35.0 -1.2671 0.0372 0.2139 -1.1876 0.0351 0.2239 -1.1569 0.046 0.2159 -1.1556 0.0584 0.2033 -1.1678 0.0677 0.1926 -1.1903 0.0708 0.1872 -1.215 0.0308 0.2256 -1.2174 0.0396 0.2163 -1.2234 0.0486 0.2066 -1.2317 0.056 0.1982 -1.2309 0.0424 0.2121
36.0 -1.277 0.0383 0.2118 -1.1899 0.0336 0.2253 -1.157 0.0466 0.2152 -1.1545 0.0573 0.2045 -1.1675 0.0659 0.1944 -1.1886 0.071 0.1871 -1.2183 0.0297 0.2264 -1.2201 0.0399 0.2158 -1.2242 0.0485 0.2066 -1.2335 0.0564 0.1976 -1.2346 0.0426 0.2116
37.0 -1.2771 0.0389 0.2112 -1.1892 0.0343 0.2246 -1.1552 0.0462 0.2158 -1.1529 0.0581 0.2038 -1.1657 0.0661 0.1943 -1.1867 0.07 0.1883 -1.2182 0.0291 0.227 -1.219 0.0388 0.217 -1.2241 0.0479 0.2072 -1.2326 0.0559 0.1982 -1.2342 0.0421 0.2121
38.0 -1.2639 0.0389 0.2125 -1.1809 0.0372 0.2224 -1.1534 0.0458 0.2164 -1.15 0.0567 0.2056 -1.1614 0.0667 0.1942 -1.1816 0.0713 0.1875 -1.2129 0.0292 0.2274 -1.2146 0.0388 0.2175 -1.219 0.0486 0.207 -1.2264 0.0561 0.1986 -1.2274 0.0423 0.2126
39.0 -1.2617 0.0367 0.2149 -1.1675 0.0409 0.22 -1.1484 0.0477 0.2149 -1.1469 0.0589 0.2036 -1.1605 0.0662 0.1948 -1.1812 0.069 0.19 -1.2036 0.0311 0.2264 -1.2069 0.0398 0.2172 -1.2127 0.0482 0.208 -1.2228 0.0554 0.1997 -1.2215 0.0422 0.2132
40.0 -1.255 0.0382 0.214 -1.1715 0.0385 0.222 -1.1437 0.0459 0.2172 -1.1424 0.0583 0.2047 -1.1569 0.0661 0.1953 -1.1776 0.0688 0.1904 -1.1991 0.0305 0.2275 -1.2015 0.0393 0.2182 -1.2074 0.0477 0.2091 -1.2158 0.0557 0.2 -1.2157 0.0423 0.2138
41.0 -1.2507 0.0388 0.2139 -1.1636 0.039 0.2224 -1.1412 0.0469 0.2165 -1.1389 0.0588 0.2046 -1.1525 0.0661 0.1957 -1.1723 0.0683 0.1915 -1.1949 0.0317 0.2267 -1.1965 0.0406 0.2174 -1.2022 0.0484 0.2089 -1.2104 0.0552 0.2011 -1.2109 0.0429 0.2136
42.0 -1.2332 0.0344 0.2201 -1.1472 0.0454 0.2174 -1.1353 0.0483 0.2157 -1.1339 0.0601 0.2037 -1.1471 0.065 0.1974 -1.1687 0.0682 0.192 -1.1826 0.0321 0.2275 -1.1883 0.0393 0.2196 -1.1957 0.0462 0.2117 -1.2048 0.0529 0.204 -1.2009 0.041 0.2166
43.0 -1.2346 0.0373 0.217 -1.1492 0.0421 0.2206 -1.1291 0.0479 0.2167 -1.1284 0.059 0.2054 -1.1418 0.0651 0.1978 -1.1634 0.0677 0.193 -1.1817 0.0316 0.2281 -1.1849 0.0397 0.2194 -1.1906 0.0475 0.2109 -1.1989 0.0543 0.2031 -1.1981 0.0421 0.2157
44.0 -1.2278 0.0388 0.2161 -1.1489 0.0403 0.2224 -1.1229 0.0475 0.2177 -1.1213 0.0587 0.2064 -1.1356 0.0647 0.1988 -1.1573 0.0679 0.1934 -1.1747 0.032 0.2284 -1.1763 0.0409 0.2191 -1.1813 0.0494 0.2099 -1.1888 0.0569 0.2015 -1.1898 0.0436 0.215
45.0 -1.2251 0.0386 0.2166 -1.139 0.0441 0.2195 -1.1194 0.048 0.2175 -1.1179 0.0592 0.2062 -1.1313 0.0653 0.1986 -1.1514 0.0699 0.1919 -1.1796 0.0301 0.2299 -1.1813 0.0396 0.2199 -1.1846 0.0483 0.2107 -1.1904 0.0561 0.2022 -1.1922 0.0425 0.2159
46.0 -1.2204 0.0368 0.2189 -1.1368 0.0414 0.2226 -1.1115 0.0478 0.2185 -1.1097 0.0578 0.2084 -1.1226 0.0659 0.1989 -1.1468 0.0687 0.1936 -1.1711 0.0312 0.2295 -1.1735 0.0401 0.2203 -1.1784 0.048 0.2117 -1.1867 0.0554 0.2033 -1.186 0.0423 0.2167
47.0 -1.2136 0.0383 0.2181 -1.1307 0.0422 0.2223 -1.1045 0.0481 0.2188 -1.103 0.0594 0.2075 -1.1137 0.0652 0.2004 -1.139 0.0691 0.1939 -1.1632 0.0317 0.2298 -1.1656 0.0405 0.2206 -1.1697 0.0485 0.212 -1.178 0.0559 0.2036 -1.178 0.043 0.2168
48.0 -1.2014 0.0387 0.2188 -1.1198 0.0449 0.2207 -1.0958 0.0487 0.2191 -1.0953 0.061 0.2066 -1.107 0.0674 0.1989 -1.1318 0.0683 0.1955 -1.1536 0.0318 0.2307 -1.1561 0.0412 0.2208 -1.161 0.0491 0.2123 -1.1674 0.0555 0.205 -1.1679 0.0433 0.2175
49.0 -1.1917 0.0388 0.2197 -1.1086 0.0464 0.2202 -1.0898 0.0495 0.2189 -1.088 0.0595 0.2088 -1.1025 0.0667 0.2 -1.1247 0.068 0.1965 -1.145 0.0329 0.2304 -1.1474 0.0418 0.2211 -1.1523 0.0496 0.2126 -1.1587 0.0561 0.2053 -1.159 0.0438 0.2178
50.0 -1.1829 0.0388 0.2206 -1.0965 0.0474 0.2204 -1.0812 0.0507 0.2186 -1.0788 0.062 0.2072 -1.0951 0.0647 0.2029 -1.1166 0.0667 0.1987 -1.1363 0.0335 0.2307 -1.1387 0.0423 0.2214 -1.1426 0.0497 0.2134 -1.1489 0.0556 0.2068 -1.1499 0.044 0.2186
51.0 -1.1834 0.0363 0.2231 -1.0978 0.0448 0.2229 -1.0746 0.0479 0.222 -1.0753 0.0619 0.2077 -1.0877 0.0675 0.2007 -1.1099 0.0688 0.1972 -1.1334 0.032 0.2324 -1.1366 0.0402 0.2238 -1.1415 0.048 0.2153 -1.1487 0.0544 0.2081 -1.1487 0.0422 0.2205
52.0 -1.1766 0.0378 0.2222 -1.0875 0.0462 0.2225 -1.0692 0.0474 0.2231 -1.0662 0.0606 0.2099 -1.0821 0.0658 0.203 -1.1037 0.0684 0.1982 -1.1237 0.0321 0.2333 -1.1261 0.041 0.224 -1.1311 0.0494 0.2149 -1.1386 0.057 0.2064 -1.1392 0.0435 0.2202
53.0 -1.174 0.0382 0.2221 -1.0887 0.043 0.2257 -1.0606 0.0486 0.2227 -1.0581 0.0593 0.212 -1.0729 0.0634 0.2064 -1.0926 0.0656 0.2021 -1.1284 0.0339 0.231 -1.129 0.0424 0.2223 -1.132 0.0493 0.2149 -1.1357 0.0555 0.2082 -1.1398 0.0439 0.2197
54.0 -1.1077 0.041 0.2258 -1.0467 0.0492 0.2235 -1.0446 0.0526 0.2203 -1.051 0.059 0.213 -1.0651 0.0639 0.2067 -1.084 0.0668 0.2018 -1.062 0.0417 0.2297 -1.0693 0.048 0.2225 -1.0791 0.0534 0.216 -1.0905 0.0586 0.2095 -1.0817 0.0485 0.2207
55.0 -1.1231 0.0334 0.232 -1.0425 0.0455 0.2277 -1.0336 0.0498 0.2242 -1.0336 0.0602 0.2136 -1.0486 0.0655 0.2067 -1.071 0.0679 0.2019 -1.0706 0.035 0.2356 -1.0778 0.0414 0.2284 -1.0868 0.0475 0.2213 -1.0991 0.0525 0.2149 -1.0915 0.042 0.2264
56.0 -1.1544 0.0365 0.2258 -1.063 0.0421 0.2291 -1.0293 0.0504 0.224 -1.0231 0.0555 0.2194 -1.0338 0.0565 0.2173 -1.0572 0.0539 0.2176 -1.0978 0.0301 0.2379 -1.0993 0.0336 0.2342 -1.1027 0.038 0.2294 -1.1097 0.0426 0.224 -1.1128 0.0362 0.2303
57.0 -1.1442 0.0385 0.2247 -1.056 0.0571 0.2144 -1.0203 0.0546 0.2206 -1.0118 0.0564 0.2196 -1.0224 0.0513 0.2238 -1.0455 0.0427 0.2303 -1.0893 0.0313 0.2376 -1.0911 0.0316 0.237 -1.0948 0.033 0.2353 -1.1017 0.0369 0.2306 -1.1042 0.0343 0.2331
58.0 -1.0947 0.0373 0.2309 -1.0053 0.0542 0.2225 -0.9895 0.0496 0.2287 -0.9902 0.0587 0.2194 -1.0046 0.0653 0.2112 -1.0287 0.0675 0.2065 -1.0415 0.0347 0.2389 -1.0468 0.0401 0.2328 -1.0542 0.047 0.225 -1.0641 0.0536 0.2173 -1.0603 0.0425 0.229
59.0 -1.0951 0.0396 0.2285 -1.0075 0.0368 0.2401 -0.9841 0.0485 0.2304 -0.984 0.0583 0.2204 -0.996 0.0665 0.2109 -1.0222 0.0703 0.2044 -1.0366 0.0372 0.2368 -1.0394 0.0429 0.2307 -1.0467 0.0492 0.2235 -1.0574 0.0551 0.2164 -1.055 0.0448 0.2272
60.0 -1.0915 0.0389 0.2296 -1.0011 0.0352 0.2423 -0.9788 0.0486 0.2308 -0.9805 0.0582 0.2209 -0.9934 0.0668 0.2108 -1.0151 0.07 0.2054 -1.0331 0.037 0.2373 -1.0368 0.0432 0.2306 -1.0424 0.0498 0.2233 -1.0512 0.0553 0.2168 -1.051 0.0449 0.2275
61.0 -1.0836 0.0394 0.2299 -0.9948 0.0343 0.2439 -0.9769 0.0526 0.227 -0.9738 0.0603 0.2194 -0.9855 0.0667 0.2117 -1.0089 0.0696 0.2064 -1.0238 0.0395 0.2357 -1.0274 0.0445 0.2302 -1.0335 0.0492 0.2248 -1.0421 0.0535 0.2195 -1.0421 0.0452 0.228
62.0 -1.0792 0.0393 0.2303 -0.9979 0.0473 0.2303 -0.9739 0.056 0.2238 -0.9671 0.0569 0.2235 -0.9771 0.0537 0.2258 -0.9941 0.0405 0.2377 -1.0244 0.048 0.227 -1.0241 0.0462 0.2288 -1.0271 0.0433 0.2314 -1.0323 0.0377 0.2366 -1.0375 0.0429 0.2308
63.0 -1.0741 0.04 0.2301 -0.9837 0.0315 0.2479 -0.9676 0.0501 0.2304 -0.9673 0.063 0.2173 -0.9798 0.0693 0.2096 -1.0022 0.0717 0.2049 -1.0157 0.0382 0.2379 -1.0202 0.0437 0.2318 -1.0264 0.0489 0.2258 -1.0351 0.0538 0.2199 -1.0343 0.0449 0.2291
64.0 -1.0741 0.04 0.2301 -0.9815 0.0336 0.2459 -0.957 0.0497 0.2318 -0.96 0.0616 0.2195 -0.9726 0.0684 0.2112 -0.9957 0.0696 0.2077 -1.0166 0.0386 0.2373 -1.0203 0.0443 0.2312 -1.0255 0.049 0.2258 -1.0333 0.0535 0.2204 -1.034 0.0451 0.229
65.0 -1.0533 0.0422 0.23 -0.9723 0.0318 0.2487 -0.9529 0.0515 0.2304 -0.9554 0.0603 0.2212 -0.9662 0.0668 0.2135 -0.9878 0.07 0.2081 -0.9933 0.0412 0.237 -0.9979 0.0473 0.2303 -1.0041 0.0525 0.2243 -1.0145 0.0566 0.2191 -1.0127 0.048 0.2281
66.0 -1.0533 0.0422 0.23 -0.9719 0.0343 0.2462 -0.9506 0.0531 0.2291 -0.9495 0.0623 0.2197 -0.9591 0.0666 0.2144 -0.9872 0.0664 0.2118 -0.9937 0.043 0.2351 -0.9964 0.0487 0.229 -1.0034 0.0533 0.2237 -1.0136 0.0562 0.2197 -1.0121 0.0487 0.2275
67.0 -1.0452 0.0458 0.2271 -0.9673 0.0331 0.2479 -0.9451 0.052 0.2308 -0.9425 0.0572 0.2257 -0.9491 0.0649 0.2172 -0.9726 0.0684 0.2112 -0.9878 0.045 0.2337 -0.989 0.0515 0.2268 -0.9936 0.0576 0.2202 -1.0004 0.0616 0.2154 -1.0032 0.0523 0.2246
68.0 -1.0385 0.0479 0.2256 -0.9838 0.0669 0.2117 -0.9412 0.0647 0.2181 -0.9356 0.0581 0.2254 -0.9422 0.0505 0.2325 -0.9558 0.0328 0.2493 -0.9857 0.063 0.2155 -0.9829 0.0566 0.2222 -0.9841 0.0485 0.2304 -0.9885 0.0388 0.2399 -0.9959 0.051 0.2267
69.0 -1.0392 0.0466 0.2269 -0.9775 0.061 0.2183 -0.9414 0.061 0.2219 -0.9319 0.0568 0.2271 -0.9431 0.0504 0.2326 -0.9525 0.0339 0.2485 -0.9889 0.0613 0.2168 -0.9863 0.0562 0.2224 -0.9859 0.0489 0.2298 -0.9879 0.0401 0.2387 -0.9976 0.0506 0.2269
70.0 -1.0406 0.0446 0.2288 -0.9562 0.0352 0.2468 -0.9346 0.0522 0.2316 -0.9323 0.0641 0.2196 -0.9407 0.0721 0.2106 -0.972 0.0752 0.2043 -0.9812 0.0471 0.2322 -0.984 0.0534 0.2254 -0.9901 0.0581 0.22 -0.9985 0.0606 0.2166 -0.9989 0.0528 0.2246
71.0 -1.0363 0.0451 0.2287 -0.9427 0.0333 0.25 -0.9276 0.0629 0.2213 -0.9274 0.0666 0.2176 -0.9379 0.0713 0.2117 -0.9641 0.0702 0.2103 -0.9769 0.0526 0.227 -0.9813 0.0581 0.2209 -0.988 0.0608 0.2174 -0.996 0.0616 0.2159 -0.9957 0.0556 0.222
72.0 -1.0358 0.0428 0.2312 -0.9393 0.0338 0.2499 -0.9248 0.0614 0.2231 -0.9241 0.0676 0.2168 -0.9367 0.0745 0.2086 -0.9682 0.0782 0.2017 -0.9752 0.0479 0.2319 -0.9799 0.0546 0.2246 -0.9877 0.059 0.2193 -0.9979 0.0619 0.2153 -0.9953 0.0532 0.2245
73.0 -1.0337 0.0455 0.2286 -0.9328 0.0322 0.2521 -0.9307 0.0502 0.234 -0.9282 0.061 0.2232 -0.9432 0.0663 0.2163 -0.9662 0.0772 0.2029 -0.9735 0.0487 0.2312 -0.9789 0.0541 0.2252 -0.9866 0.058 0.2205 -0.994 0.06 0.2177 -0.9933 0.0533 0.2246
74.0 -1.027 0.0476 0.2271 -0.9274 0.0311 0.2538 -0.9271 0.0495 0.2351 -0.927 0.0593 0.2251 -0.9482 0.0595 0.2228 -0.9651 0.0657 0.2147 -0.967 0.0514 0.2291 -0.9733 0.0573 0.2225 -0.98 0.0607 0.2184 -0.9872 0.0615 0.2168 -0.9869 0.0557 0.2228
75.0 -1.0251 0.0467 0.2282 -0.9231 0.0317 0.2536 -0.9367 0.0445 0.2392 -0.9428 0.0492 0.2338 -0.9508 0.0542 0.2279 -0.9648 0.064 0.2165 -0.9667 0.0497 0.231 -0.9752 0.0534 0.2263 -0.9819 0.0562 0.2228 -0.9889 0.0558 0.2225 -0.9876 0.0523 0.2262
76.0 -1.0259 0.0465 0.2283 -0.9213 0.032 0.2536 -0.9231 0.0519 0.233 -0.9203 0.0614 0.2236 -0.9349 0.0588 0.2247 -0.9546 0.0611 0.2205 -0.9632 0.0501 0.2308 -0.9692 0.0542 0.2261 -0.9758 0.0564 0.2232 -0.9829 0.0566 0.2222 -0.9834 0.0528 0.2261
77.0 -1.0174 0.0477 0.2279 -0.916 0.0315 0.2546 -0.9264 0.0508 0.2338 -0.9368 0.0549 0.2286 -0.9504 0.0573 0.2247 -0.9632 0.0648 0.2158 -0.9532 0.0478 0.2342 -0.9637 0.0525 0.2284 -0.9722 0.0562 0.2237 -0.9805 0.0582 0.2209 -0.9774 0.0525 0.227
78.0 -1.0208 0.0472 0.2281 -0.9117 0.032 0.2544 -0.9224 0.0532 0.2318 -0.9374 0.053 0.2305 -0.9519 0.0559 0.226 -0.9641 0.0653 0.2153 -0.9541 0.0483 0.2336 -0.9638 0.0531 0.2277 -0.9732 0.0567 0.2231 -0.9814 0.0587 0.2203 -0.9787 0.0528 0.2266
79.0 -1.0152 0.0455 0.2304 -0.911 0.0333 0.2532 -0.9087 0.0654 0.2206 -0.9156 0.0743 0.2109 -0.9304 0.0784 0.2052 -0.9564 0.0761 0.205 -0.9477 0.0467 0.2359 -0.9575 0.0527 0.2287 -0.9671 0.0569 0.2235 -0.9771 0.0592 0.2201 -0.9729 0.0522 0.2277
80.0 -1.0046 0.0451 0.2318 -0.9074 0.0326 0.2543 -0.9081 0.0667 0.2193 -0.919 0.0738 0.211 -0.9367 0.0745 0.2086 -0.9592 0.072 0.2088 -0.9404 0.0502 0.2331 -0.951 0.0554 0.2266 -0.9622 0.0594 0.2214 -0.9738 0.0603 0.2194 -0.9664 0.0541 0.2265
81.0 -1.0132 0.0489 0.2272 -0.9225 0.0587 0.2261 -0.9259 0.0631 0.2213 -0.9335 0.0712 0.2122 -0.9302 0.0674 0.2164 -0.9311 0.0477 0.2365 -0.9512 0.0469 0.2354 -0.9549 0.0476 0.2343 -0.9583 0.0471 0.2344 -0.9633 0.0452 0.2358 -0.9682 0.0471 0.2334
82.0 -1.0136 0.0464 0.2297 -0.9133 0.0465 0.2395 -0.9148 0.0499 0.2358 -0.9447 0.0697 0.2126 -0.9537 0.071 0.2105 -0.9638 0.0684 0.2121 -0.9494 0.0416 0.2409 -0.9556 0.0469 0.2349 -0.9635 0.0519 0.229 -0.972 0.055 0.2249 -0.9708 0.0484 0.2319
83.0 -1.0167 0.049 0.2267 -0.9442 0.0619 0.2207 -0.9451 0.0721 0.2102 -0.9425 0.0725 0.2101 -0.9282 0.0658 0.2182 -0.9084 0.0386 0.2481 -0.9626 0.0514 0.2296 -0.9584 0.0477 0.2338 -0.9559 0.0432 0.2387 -0.9548 0.0372 0.2449 -0.9697 0.0457 0.2347
84.0 -1.0174 0.0477 0.2279 -0.9451 0.0672 0.2152 -0.9458 0.0659 0.2164 -0.9428 0.0639 0.2188 -0.9212 0.0564 0.2286 -0.9125 0.0368 0.2495 -0.9651 0.0505 0.2303 -0.9617 0.0467 0.2345 -0.9592 0.0421 0.2394 -0.9566 0.0376 0.2443 -0.972 0.0449 0.2353
85.0 -1.0118 0.046 0.2302 -0.9099 0.0372 0.2494 -0.9274 0.0513 0.2332 -0.9462 0.0634 0.2189 -0.9608 0.0663 0.2145 -0.9729 0.0702 0.2094 -0.9451 0.0422 0.2408 -0.9546 0.0513 0.2305 -0.9656 0.0584 0.2222 -0.9761 0.063 0.2163 -0.9706 0.0522 0.228
86.0 -1.0119 0.0466 0.2296 -0.909 0.0367 0.25 -0.9188 0.0525 0.2329 -0.947 0.0682 0.214 -0.9624 0.0704 0.2102 -0.9729 0.0702 0.2094 -0.948 0.0436 0.239 -0.9581 0.0508 0.2306 -0.9679 0.0568 0.2235 -0.9771 0.0592 0.2201 -0.9726 0.0514 0.2286
87.0 -1.012 0.0472 0.229 -0.9106 0.0358 0.2507 -0.9315 0.0599 0.224 -0.9561 0.0645 0.2168 -0.9643 0.0665 0.214 -0.9735 0.0683 0.2113 -0.9468 0.0468 0.2358 -0.956 0.0541 0.2274 -0.9667 0.06 0.2204 -0.9769 0.0629 0.2164 -0.9717 0.0542 0.2258
88.0 -1.017 0.0459 0.2298 -0.9169 0.0417 0.244 -0.9178 0.0471 0.2384 -0.9421 0.0652 0.2175 -0.955 0.0683 0.213 -0.9569 0.0644 0.2169 -0.9523 0.043 0.2392 -0.9593 0.0476 0.2338 -0.9654 0.0523 0.2284 -0.972 0.055 0.2249 -0.9732 0.0488 0.2312
89.0 -1.0118 0.046 0.2302 -0.909 0.0367 0.25 -0.9268 0.0532 0.2313 -0.9459 0.0616 0.2208 -0.9554 0.0658 0.2156 -0.9675 0.0697 0.2104 -0.9502 0.0458 0.2366 -0.9596 0.0543 0.227 -0.9694 0.0603 0.2198 -0.9787 0.0633 0.2158 -0.9739 0.0539 0.2259
90.0 -1.0135 0.0458 0.2303 -0.9096 0.0354 0.2512 -0.9311 0.0624 0.2215 -0.9504 0.0671 0.2147 -0.9598 0.0707 0.2101 -0.968 0.0721 0.2079 -0.9503 0.0464 0.236 -0.9586 0.0538 0.2275 -0.9674 0.0587 0.2216 -0.9749 0.0614 0.2182 -0.9729 0.0532 0.2267
91.0 -1.0147 0.0475 0.2285 -0.9097 0.036 0.2506 -0.9264 0.0606 0.2238 -0.9421 0.0652 0.2175 -0.9517 0.0694 0.2123 -0.9637 0.0727 0.2078 -0.9521 0.0467 0.2354 -0.9613 0.054 0.227 -0.9702 0.0596 0.2205 -0.9786 0.0627 0.2164 -0.9754 0.0541 0.2256
92.0 -1.0144 0.0457 0.2303 -0.9115 0.0357 0.2507 -0.9251 0.0534 0.2312 -0.9536 0.0655 0.2161 -0.9665 0.0686 0.2116 -0.9721 0.0703 0.2093 -0.9508 0.0445 0.2379 -0.9591 0.0519 0.2294 -0.9673 0.0581 0.2223 -0.9749 0.0614 0.2182 -0.9733 0.0523 0.2276
93.0 -1.0178 0.0452 0.2305 -0.9132 0.0355 0.2508 -0.9284 0.0573 0.227 -0.9444 0.0679 0.2145 -0.9566 0.0724 0.2087 -0.9717 0.0734 0.2062 -0.9542 0.044 0.238 -0.9645 0.0524 0.2284 -0.9744 0.0584 0.2213 -0.9836 0.0608 0.2179 -0.9789 0.0522 0.2272
94.0 -1.0206 0.046 0.2293 -0.9165 0.0344 0.2515 -0.929 0.0505 0.2339 -0.9519 0.0608 0.221 -0.9646 0.0677 0.2128 -0.9742 0.0725 0.2069 -0.9575 0.0423 0.2394 -0.9669 0.0508 0.2297 -0.976 0.0576 0.222 -0.9847 0.0619 0.2167 -0.9811 0.0517 0.2274
95.0 -1.0177 0.0446 0.2311 -0.9172 0.0331 0.2528 -0.9271 0.0495 0.2351 -0.9455 0.0641 0.2183 -0.9598 0.0707 0.2101 -0.975 0.0723 0.2069 -0.9558 0.0426 0.2393 -0.9644 0.0518 0.229 -0.9744 0.0584 0.2213 -0.9849 0.0631 0.2154 -0.9794 0.0521 0.2272
96.0 -1.0221 0.0446 0.2306 -0.9208 0.0339 0.2517 -0.927 0.0489 0.2357 -0.9415 0.0616 0.2213 -0.9566 0.0675 0.2137 -0.9714 0.0716 0.2081 -0.9611 0.0431 0.2383 -0.9687 0.0512 0.2292 -0.9777 0.0573 0.222 -0.9872 0.0615 0.2168 -0.9834 0.0516 0.2274
97.0 -1.0275 0.0451 0.2296 -0.9201 0.0352 0.2504 -0.9249 0.0473 0.2375 -0.9372 0.0622 0.2211 -0.9515 0.0682 0.2135 -0.9688 0.072 0.208 -0.964 0.0396 0.2415 -0.9716 0.0478 0.2324 -0.9799 0.0546 0.2246 -0.9886 0.0595 0.2187 -0.9863 0.0493 0.2294
98.0 -1.029 0.0437 0.2309 -0.9242 0.0334 0.2518 -0.9275 0.0421 0.2426 -0.9412 0.0549 0.2281 -0.9544 0.0648 0.2168 -0.9709 0.0735 0.2062 -0.9676 0.0398 0.241 -0.9751 0.0473 0.2325 -0.9833 0.0541 0.2247 -0.993 0.0595 0.2183 -0.9896 0.0489 0.2295
99.0 -1.0354 0.0453 0.2286 -0.9511 0.0609 0.221 -0.9304 0.0484 0.2358 -0.9322 0.0537 0.2303 -0.9442 0.057 0.2257 -0.9605 0.0596 0.2214 -0.9738 0.045 0.235 -0.9774 0.0458 0.2339 -0.983 0.0474 0.2316 -0.9903 0.0489 0.2294 -0.992 0.0465 0.2317
100.0 -1.0327 0.045 0.2292 -0.9424 0.0468 0.2363 -0.931 0.0416 0.2427 -0.9366 0.0537 0.2298 -0.9484 0.0607 0.2215 -0.9677 0.0703 0.2098 -0.9741 0.0419 0.2381 -0.9786 0.0474 0.2321 -0.9856 0.052 0.2267 -0.9942 0.0563 0.2214 -0.993 0.0485 0.2295
101.0 -1.0359 0.0434 0.2305 -0.9558 0.0578 0.2237 -0.9299 0.0357 0.2489 -0.9369 0.0506 0.2329 -0.9498 0.0587 0.2234 -0.97 0.0687 0.2111 -0.9764 0.0398 0.2401 -0.9788 0.0437 0.2358 -0.9849 0.0484 0.2304 -0.9929 0.0535 0.2245 -0.9938 0.0457 0.2323
102.0 -1.0392 0.0466 0.2269 -0.9688 0.072 0.208 -0.9372 0.0573 0.2261 -0.9319 0.0519 0.2321 -0.9317 0.0409 0.2434 -0.9363 0.0318 0.2523 -0.9792 0.051 0.2283 -0.9785 0.0468 0.2327 -0.9803 0.0423 0.2371 -0.983 0.0377 0.2416 -0.9921 0.0449 0.2333
103.0 -1.0383 0.0418 0.2319 -0.9389 0.0369 0.2468 -0.9318 0.0464 0.2377 -0.9412 0.0549 0.2281 -0.9539 0.0624 0.2192 -0.9755 0.0698 0.2095 -0.9784 0.0414 0.2383 -0.9838 0.0467 0.2323 -0.9916 0.0512 0.2269 -1.0002 0.0555 0.2217 -0.9985 0.0473 0.2302
104.0 -1.0462 0.0414 0.2316 -0.9544 0.055 0.2268 -0.9361 0.041 0.2429 -0.9402 0.049 0.2343 -0.9585 0.0581 0.2232 -0.9795 0.0626 0.2165 -0.9851 0.0392 0.2398 -0.9899 0.0416 0.2369 -0.9965 0.0444 0.2334 -1.0052 0.0487 0.2281 -1.0046 0.0431 0.2339
105.0 -1.0513 0.0407 0.2318 -0.9616 0.0607 0.2202 -0.9402 0.0392 0.2443 -0.9444 0.0429 0.2401 -0.9579 0.0496 0.2319 -0.9817 0.055 0.2241 -0.9885 0.0388 0.2399 -0.9928 0.0382 0.2401 -1.0 0.039 0.2385 -1.0086 0.0428 0.2338 -1.0082 0.0399 0.2368
106.0 -1.05 0.0384 0.2342 -0.9491 0.0398 0.2428 -0.9381 0.0474 0.2361 -0.9421 0.0548 0.2281 -0.9616 0.0607 0.2202 -0.9873 0.0621 0.2162 -0.9876 0.0383 0.2405 -0.9925 0.0413 0.237 -1.0008 0.0438 0.2335 -1.0111 0.0473 0.2289 -1.0084 0.0418 0.2348
107.0 -1.0513 0.0358 0.2368 -0.9499 0.0342 0.2484 -0.9387 0.0504 0.233 -0.9433 0.0571 0.2257 -0.9601 0.0622 0.2189 -0.9842 0.0644 0.2142 -0.9894 0.0386 0.24 -0.9947 0.044 0.2339 -1.0016 0.048 0.2292 -1.0109 0.051 0.2252 -1.0096 0.0435 0.233
107.0 -1.0513 0.0358 0.2368 -0.9499 0.0342 0.2484 -0.9387 0.0504 0.233 -0.9433 0.0571 0.2257 -0.9601 0.0622 0.2189 -0.9842 0.0644 0.2142 -0.9894 0.0386 0.24 -0.9947 0.044 0.2339 -1.0016 0.048 0.2292 -1.0109 0.051 0.2252 -1.0096 0.0435 0.233
109.0 -1.0492 0.0336 0.2392 -0.9566 0.0321 0.2499 -0.9496 0.0428 0.2397 -0.9527 0.0552 0.2267 -0.971 0.0643 0.2155 -0.9943 0.0667 0.2108 -0.9938 0.0338 0.2445 -1.0004 0.0414 0.236 -1.0078 0.0484 0.2282 -1.0166 0.0533 0.2223 -1.0136 0.0421 0.234
110.0 -1.0483 0.0337 0.2391 -0.9542 0.0336 0.2486 -0.9538 0.0465 0.2355 -0.963 0.0587 0.2221 -0.9762 0.0636 0.2157 -0.9976 0.0656 0.2116 -0.992 0.0334 0.2451 -0.9987 0.0417 0.236 -1.0069 0.0485 0.2282 -1.0175 0.0538 0.2217 -1.0127 0.0422 0.234
111.0 -1.0523 0.0314 0.2412 -0.9573 0.0314 0.2506 -0.9511 0.0463 0.236 -0.9564 0.0565 0.225 -0.978 0.064 0.2152 -1.0075 0.0667 0.2094 -0.9952 0.0318 0.2464 -1.0017 0.0388 0.2386 -1.0118 0.046 0.2302 -1.0259 0.0514 0.2233 -1.0174 0.0399 0.2359
112.0 -1.0677 0.0287 0.2424 -0.9772 0.0293 0.2507 -0.9667 0.0448 0.236 -0.9742 0.0523 0.2275 -0.9962 0.0628 0.2146 -1.0223 0.066 0.2088 -1.0129 0.0275 0.249 -1.0197 0.0358 0.2399 -1.029 0.0437 0.2309 -1.0407 0.0507 0.2226 -1.034 0.0373 0.237
113.0 -1.0748 0.029 0.2414 -0.9814 0.0281 0.2515 -0.9721 0.0453 0.2349 -0.98 0.0552 0.224 -1.0016 0.0633 0.2136 -1.0267 0.066 0.2083 -1.0173 0.0275 0.2486 -1.0241 0.0358 0.2394 -1.0334 0.0437 0.2304 -1.0468 0.0498 0.2228 -1.0393 0.0372 0.2365
114.0 -1.077 0.0317 0.2384 -0.9838 0.0272 0.2522 -0.975 0.0467 0.2332 -0.98 0.0552 0.224 -0.9997 0.0623 0.2148 -1.0256 0.0649 0.2095 -1.018 0.0262 0.2498 -1.0239 0.0346 0.2407 -1.0332 0.0425 0.2317 -1.0458 0.0494 0.2234 -1.0396 0.0369 0.2368
115.0 -1.079 0.0278 0.2422 -0.9864 0.0268 0.2523 -0.9789 0.0443 0.2352 -0.9827 0.056 0.2229 -1.0025 0.0631 0.2136 -1.0289 0.0632 0.2109 -1.0214 0.0258 0.25 -1.0282 0.034 0.2409 -1.0382 0.0412 0.2325 -1.0507 0.0475 0.2249 -1.0435 0.0353 0.2381
116.0 -1.0782 0.0285 0.2415 -0.9917 0.0267 0.2519 -0.9814 0.0434 0.2359 -0.9834 0.0547 0.2241 -1.0049 0.0622 0.2143 -1.0322 0.0622 0.2117 -1.0215 0.0264 0.2493 -1.028 0.0334 0.2415 -1.0389 0.0399 0.2338 -1.0521 0.0454 0.2268 -1.0438 0.0347 0.2386
117.0 -1.0807 0.0275 0.2423 -0.9958 0.025 0.2533 -0.9831 0.0432 0.236 -0.987 0.0555 0.223 -1.0107 0.0602 0.2158 -1.0366 0.0622 0.2112 -1.0251 0.0265 0.2489 -1.0324 0.0334 0.241 -1.0433 0.0399 0.2333 -1.0565 0.0455 0.2263 -1.0476 0.0346 0.2384
118.0 -1.0844 0.0289 0.2405 -0.9981 0.0234 0.2547 -0.985 0.0435 0.2354 -0.9907 0.0562 0.2219 -1.0117 0.0607 0.2152 -1.0366 0.0622 0.2112 -1.0274 0.025 0.2502 -1.0342 0.0332 0.2411 -1.0443 0.041 0.2321 -1.0569 0.0473 0.2245 -1.0494 0.0351 0.2377
119.0 -1.0878 0.0278 0.2413 -1.0018 0.0241 0.2536 -0.9884 0.0431 0.2356 -0.9937 0.0533 0.2245 -1.0143 0.0603 0.2153 -1.0425 0.0608 0.2121 -1.0311 0.0257 0.2491 -1.0385 0.0326 0.2413 -1.0483 0.0386 0.2341 -1.0606 0.0437 0.2277 -1.0533 0.0337 0.2387
120.0 -1.0848 0.0258 0.2437 -1.0035 0.0239 0.2536 -0.9925 0.0413 0.237 -0.9976 0.0553 0.2222 -1.0186 0.0597 0.2155 -1.0462 0.0615 0.2109 -1.0335 0.0241 0.2504 -1.0409 0.0317 0.242 -1.0509 0.0383 0.2342 -1.0632 0.0433 0.2278 -1.0547 0.0326 0.2396
121.0 -1.0868 0.0273 0.2419 -1.0047 0.0305 0.2468 -0.996 0.0414 0.2365 -1.0039 0.0562 0.2206 -1.0221 0.0599 0.215 -1.0513 0.0608 0.2111 -1.0346 0.0258 0.2486 -1.043 0.0332 0.2402 -1.0538 0.0397 0.2325 -1.0662 0.0454 0.2255 -1.0569 0.0343 0.2377
122.0 -1.0877 0.0272 0.2419 -1.0101 0.0365 0.2402 -1.0004 0.0414 0.236 -1.0079 0.0539 0.2226 -1.0267 0.0611 0.2133 -1.0559 0.062 0.2095 -1.038 0.0248 0.2493 -1.0468 0.0303 0.2428 -1.0594 0.0365 0.2352 -1.072 0.0434 0.2269 -1.0608 0.0324 0.2392
123.0 -1.1023 0.0252 0.2425 -1.0154 0.0315 0.2447 -1.005 0.0426 0.2343 -1.0133 0.055 0.2209 -1.0326 0.0597 0.2142 -1.0593 0.061 0.2102 -1.0492 0.0238 0.2492 -1.0567 0.0314 0.2407 -1.0675 0.0379 0.233 -1.0801 0.0441 0.2254 -1.0712 0.0325 0.2381
124.0 -1.075 0.0301 0.2402 -1.0168 0.0343 0.2417 -1.0095 0.0433 0.2333 -1.0201 0.0534 0.2218 -1.0404 0.0586 0.2145 -1.0616 0.0594 0.2115 -1.0349 0.0276 0.2467 -1.0438 0.0331 0.2402 -1.0554 0.0389 0.2332 -1.0669 0.0441 0.2267 -1.0552 0.0348 0.2374
125.0 -1.1082 0.0238 0.2433 -1.0304 0.0215 0.2534 -1.0127 0.041 0.2353 -1.0193 0.0536 0.2218 -1.0378 0.059 0.2144 -1.0651 0.059 0.2117 -1.0544 0.0232 0.2494 -1.0609 0.0302 0.2415 -1.0709 0.0368 0.2338 -1.0832 0.0419 0.2274 -1.0755 0.0312 0.2391
126.0 -1.1099 0.0236 0.2434 -1.0288 0.0278 0.2471 -1.0162 0.0411 0.2348 -1.0244 0.0529 0.222 -1.0428 0.0571 0.2158 -1.0693 0.0578 0.2125 -1.0561 0.0229 0.2494 -1.0625 0.0294 0.2422 -1.0732 0.0353 0.2351 -1.0865 0.0408 0.2281 -1.0777 0.0304 0.2396
127.0 -1.1068 0.0259 0.2414 -1.0379 0.0193 0.255 -1.0214 0.0404 0.235 -1.0306 0.0532 0.221 -1.0471 0.0565 0.216 -1.0735 0.0566 0.2133 -1.0579 0.0233 0.2489 -1.0647 0.0315 0.2398 -1.0738 0.0383 0.232 -1.0853 0.044 0.225 -1.0777 0.0326 0.2374
128.0 -1.1162 0.0246 0.2418 -1.0404 0.0183 0.2557 -1.0253 0.0381 0.237 -1.0311 0.0507 0.2235 -1.0478 0.0558 0.2166 -1.0749 0.0546 0.2152 -1.0646 0.0212 0.2504 -1.0712 0.0288 0.2419 -1.0812 0.0354 0.2342 -1.0936 0.0411 0.2271 -1.0854 0.0302 0.2391
129.0 -1.1109 0.0241 0.2428 -1.0454 0.017 0.2565 -1.0263 0.0386 0.2364 -1.0339 0.0516 0.2223 -1.0515 0.0565 0.2155 -1.0794 0.0552 0.2141 -1.0619 0.0209 0.2509 -1.0679 0.0299 0.2411 -1.0778 0.0365 0.2334 -1.0903 0.0421 0.2264 -1.0818 0.0307 0.2389
130.0 -1.1242 0.0247 0.2408 -1.0446 0.0226 0.2509 -1.0311 0.0361 0.2385 -1.0358 0.0476 0.2262 -1.0519 0.054 0.218 -1.0809 0.0538 0.2154 -1.0713 0.019 0.2519 -1.0768 0.0256 0.2446 -1.0859 0.0323 0.2368 -1.0976 0.0387 0.2292 -1.0912 0.0281 0.2407
131.0 -1.124 0.0235 0.2421 -1.0484 0.024 0.2491 -1.0336 0.0351 0.2392 -1.0412 0.0481 0.2251 -1.0596 0.053 0.2183 -1.0843 0.0533 0.2155 -1.071 0.0173 0.2538 -1.0776 0.0249 0.2453 -1.0876 0.0321 0.2369 -1.0993 0.0385 0.2292 -1.0919 0.0273 0.2414
132.0 -1.1282 0.0224 0.2429 -1.0513 0.0205 0.2524 -1.0377 0.0333 0.2406 -1.0432 0.0448 0.2283 -1.062 0.0514 0.2197 -1.0868 0.0524 0.2163 -1.0771 0.017 0.2534 -1.0836 0.0241 0.2455 -1.0927 0.0308 0.2377 -1.1044 0.0372 0.2301 -1.0972 0.0263 0.2419
133.0 -1.1313 0.0201 0.2448 -1.0472 0.0223 0.251 -1.0424 0.0352 0.2383 -1.0474 0.0485 0.2241 -1.0631 0.0525 0.2185 -1.0887 0.0533 0.2151 -1.0796 0.0161 0.2541 -1.087 0.0236 0.2456 -1.0962 0.0309 0.2372 -1.107 0.0374 0.2295 -1.1002 0.0256 0.2423
134.0 -1.1228 0.0219 0.2439 -1.0488 0.0264 0.2466 -1.0439 0.0337 0.2396 -1.0516 0.0474 0.2249 -1.0666 0.0527 0.218 -1.0938 0.052 0.2159 -1.077 0.0164 0.254 -1.0845 0.024 0.2455 -1.0945 0.0312 0.2372 -1.1062 0.0375 0.2295 -1.097 0.0262 0.242
135.0 -1.1467 0.018 0.2454 -1.0585 0.0214 0.2508 -1.049 0.0324 0.2404 -1.0525 0.0472 0.2249 -1.0709 0.0521 0.2182 -1.0963 0.0517 0.216 -1.0914 0.0133 0.2558 -1.0987 0.0202 0.248 -1.1073 0.0288 0.2383 -1.1174 0.036 0.2299 -1.1123 0.0233 0.2435
136.0 -1.165 0.0168 0.2449 -1.0863 0.0097 0.26 -1.0671 0.0306 0.2405 -1.0733 0.0456 0.2245 -1.0908 0.05 0.2183 -1.1172 0.0501 0.2156 -1.1106 0.0125 0.2547 -1.1173 0.0208 0.2456 -1.1273 0.0274 0.2378 -1.1381 0.0338 0.2301 -1.1317 0.0223 0.2426
137.0 -1.1655 0.0149 0.2468 -1.0889 0.0093 0.2601 -1.0733 0.0304 0.2401 -1.0793 0.0448 0.2247 -1.0969 0.0498 0.2179 -1.1243 0.0504 0.2146 -1.1148 0.0113 0.2554 -1.1224 0.0195 0.2464 -1.1316 0.0268 0.238 -1.1425 0.0339 0.2297 -1.1354 0.0213 0.2433
138.0 -1.1727 0.0157 0.2452 -1.0958 0.0084 0.2603 -1.0786 0.0309 0.2391 -1.0838 0.0454 0.2236 -1.1015 0.051 0.2162 -1.1298 0.0521 0.2123 -1.1193 0.012 0.2544 -1.127 0.0207 0.2447 -1.1362 0.028 0.2363 -1.1479 0.0344 0.2286 -1.1406 0.0221 0.2418
139.0 -1.1738 0.0168 0.244 -1.0994 0.0091 0.2592 -1.0856 0.0305 0.2387 -1.0906 0.0439 0.2245 -1.1068 0.0509 0.2158 -1.1333 0.0516 0.2124 -1.1239 0.0132 0.2527 -1.1314 0.0207 0.2442 -1.1414 0.0279 0.2359 -1.1523 0.0344 0.2282 -1.1446 0.0226 0.241
140.0 -1.1841 0.0154 0.2444 -1.1063 0.0082 0.2595 -1.0891 0.0307 0.2382 -1.0952 0.0451 0.2228 -1.1111 0.0503 0.216 -1.1384 0.0509 0.2126 -1.1306 0.011 0.2542 -1.1383 0.0198 0.2445 -1.1483 0.027 0.2361 -1.1592 0.034 0.2278 -1.1521 0.0214 0.2414
141.0 -1.1835 0.0167 0.2431 -1.1108 0.0088 0.2584 -1.0943 0.03 0.2384 -1.0994 0.044 0.2236 -1.1154 0.0497 0.2161 -1.1429 0.0515 0.2116 -1.1325 0.012 0.253 -1.14 0.0195 0.2446 -1.15 0.0267 0.2362 -1.161 0.0338 0.2279 -1.1534 0.0218 0.241
142.0 -1.1902 0.0152 0.244 -1.1159 0.0075 0.2592 -1.0977 0.0295 0.2386 -1.1048 0.0445 0.2226 -1.1207 0.0502 0.2151 -1.1465 0.0516 0.2111 -1.1385 0.0112 0.2532 -1.1459 0.0181 0.2454 -1.1559 0.0253 0.2371 -1.1668 0.0318 0.2294 -1.1595 0.0203 0.2418
143.0 -1.1981 0.0148 0.2437 -1.1205 0.0087 0.2575 -1.1039 0.0293 0.2382 -1.1089 0.0433 0.2234 -1.1241 0.0492 0.2158 -1.1496 0.0494 0.2131 -1.1439 0.0117 0.2522 -1.1505 0.0193 0.2437 -1.1596 0.0261 0.236 -1.1695 0.0327 0.2282 -1.1643 0.0209 0.2408
144.0 -1.1961 0.0138 0.2449 -1.1237 0.0071 0.2589 -1.1071 0.0276 0.2395 -1.1113 0.0417 0.2247 -1.1281 0.0474 0.2172 -1.1541 0.05 0.212 -1.1429 0.0112 0.2528 -1.1495 0.0189 0.2443 -1.1595 0.0255 0.2366 -1.1711 0.0312 0.2295 -1.1638 0.0201 0.2416
145.0 -1.1915 0.0126 0.2466 -1.1244 0.0113 0.2546 -1.1088 0.0274 0.2396 -1.1149 0.0419 0.2242 -1.1308 0.0477 0.2167 -1.1592 0.0487 0.2128 -1.146 0.009 0.2548 -1.1544 0.0164 0.2464 -1.1644 0.0236 0.238 -1.1754 0.0306 0.2297 -1.1663 0.0184 0.2431
146.0 -1.2074 0.0129 0.2447 -1.1322 0.0053 0.2599 -1.1147 0.026 0.2405 -1.1183 0.0414 0.2244 -1.135 0.0465 0.2175 -1.161 0.0491 0.2123 -1.1548 0.009 0.2539 -1.1615 0.0166 0.2454 -1.1708 0.0245 0.2364 -1.1807 0.0311 0.2287 -1.175 0.0188 0.2418
147.0 -1.2143 0.012 0.2449 -1.1382 0.0045 0.2601 -1.12 0.0259 0.24 -1.1226 0.0408 0.2245 -1.1367 0.0462 0.2176 -1.1652 0.0479 0.2131 -1.1616 0.0075 0.2548 -1.1675 0.0158 0.2456 -1.1758 0.0233 0.2372 -1.1849 0.03 0.2294 -1.1808 0.0177 0.2424
148.0 -1.2231 0.012 0.244 -1.1416 0.0034 0.2609 -1.1251 0.0252 0.2402 -1.1268 0.0396 0.2253 -1.1411 0.0463 0.2171 -1.1696 0.0479 0.2126 -1.1678 0.0078 0.2538 -1.1728 0.0163 0.2446 -1.1812 0.0238 0.2362 -1.1919 0.0296 0.2291 -1.1874 0.0179 0.2415
149.0 -1.2345 0.0117 0.2432 -1.1451 0.0036 0.2604 -1.1293 0.024 0.241 -1.1338 0.0393 0.225 -1.1463 0.0456 0.2173 -1.1723 0.0482 0.2121 -1.1765 0.0073 0.2535 -1.1824 0.0156 0.2443 -1.19 0.0238 0.2353 -1.1998 0.0298 0.2281 -1.1966 0.0176 0.2409
150.0 -1.2308 0.0109 0.2443 -1.1495 0.0036 0.2599 -1.1332 0.026 0.2387 -1.1384 0.0405 0.2233 -1.1499 0.0463 0.2162 -1.1768 0.0488 0.211 -1.1774 0.0072 0.2535 -1.1832 0.0149 0.245 -1.1924 0.0222 0.2366 -1.2014 0.029 0.2288 -1.197 0.0168 0.2416
151.0 -1.2332 0.0143 0.2407 -1.1557 0.004 0.2589 -1.1375 0.0254 0.2388 -1.1418 0.0401 0.2234 -1.1561 0.0461 0.2158 -1.1822 0.0499 0.2094 -1.1795 0.0093 0.2511 -1.1837 0.0179 0.2419 -1.192 0.0253 0.2335 -1.202 0.0319 0.2257 -1.1981 0.0198 0.2386
152.0 -1.2382 0.013 0.2415 -1.1585 0.0048 0.2578 -1.1419 0.0254 0.2384 -1.1461 0.0395 0.2236 -1.1596 0.0462 0.2153 -1.1857 0.0494 0.2095 -1.1856 0.0091 0.2507 -1.1897 0.0171 0.2421 -1.198 0.0245 0.2337 -1.2088 0.031 0.226 -1.2041 0.0189 0.2388
153.0 -1.2436 0.0135 0.2405 -1.1623 0.0061 0.256 -1.1446 0.0256 0.2379 -1.1506 0.0401 0.2225 -1.1639 0.0456 0.2155 -1.1875 0.0498 0.2089 -1.1899 0.0085 0.2509 -1.1948 0.0164 0.2423 -1.204 0.0237 0.2339 -1.214 0.0303 0.2262 -1.2093 0.0185 0.2388
154.0 -1.2509 0.015 0.2382 -1.1641 0.0065 0.2555 -1.1466 0.0272 0.2361 -1.1525 0.0411 0.2213 -1.1668 0.0471 0.2137 -1.1902 0.05 0.2084 -1.1934 0.0081 0.251 -1.1992 0.0164 0.2419 -1.2067 0.024 0.2334 -1.2168 0.0312 0.2251 -1.2134 0.0189 0.2379
155.0 -1.2456 0.0151 0.2387 -1.166 0.0075 0.2543 -1.1466 0.0272 0.2361 -1.1534 0.0409 0.2213 -1.1686 0.0474 0.2132 -1.1927 0.0491 0.2091 -1.1918 0.0089 0.2503 -1.1968 0.0174 0.2411 -1.2051 0.0248 0.2327 -1.2159 0.0313 0.225 -1.211 0.0195 0.2376
156.0 -1.2457 0.0156 0.238 -1.166 0.0075 0.2543 -1.1484 0.0276 0.2355 -1.1543 0.0408 0.2214 -1.1694 0.0467 0.2138 -1.1928 0.0497 0.2085 -1.1919 0.0095 0.2497 -1.1969 0.018 0.2405 -1.2051 0.0248 0.2327 -1.2151 0.0314 0.225 -1.2109 0.0199 0.2372
157.0 -1.2466 0.0155 0.2381 -1.166 0.0075 0.2543 -1.1483 0.027 0.2361 -1.1543 0.0408 0.2214 -1.1685 0.0468 0.2138 -1.1919 0.0498 0.2085 -1.1919 0.0095 0.2497 -1.1968 0.0174 0.2411 -1.205 0.0242 0.2333 -1.2158 0.0307 0.2256 -1.2112 0.0195 0.2376
158.0 -1.2445 0.0134 0.2405 -1.1659 0.0069 0.2549 -1.1475 0.0271 0.2361 -1.1533 0.0403 0.222 -1.1677 0.047 0.2138 -1.1919 0.0498 0.2085 -1.1909 0.009 0.2503 -1.1958 0.0169 0.2417 -1.2042 0.0243 0.2333 -1.2158 0.0307 0.2256 -1.2102 0.0189 0.2383
159.0 -1.2411 0.0144 0.2397 -1.1638 0.0047 0.2573 -1.1474 0.0265 0.2367 -1.1534 0.0409 0.2213 -1.1675 0.0464 0.2144 -1.1917 0.0486 0.2097 -1.189 0.008 0.2515 -1.1948 0.0164 0.2423 -1.2023 0.024 0.2339 -1.2123 0.0305 0.2261 -1.2079 0.0187 0.2387
160.0 -1.2409 0.0132 0.241 -1.1622 0.0056 0.2567 -1.1454 0.0255 0.2379 -1.1522 0.0393 0.2232 -1.1656 0.0454 0.2156 -1.1908 0.0487 0.2097 -1.1898 0.0079 0.2515 -1.1956 0.0157 0.243 -1.2031 0.0232 0.2345 -1.213 0.0298 0.2268 -1.2085 0.018 0.2393
161.0 -1.241 0.0138 0.2404 -1.1628 0.0042 0.2579 -1.1445 0.025 0.2385 -1.1503 0.0383 0.2244 -1.1646 0.0443 0.2168 -1.1898 0.0476 0.2109 -1.1889 0.0074 0.2521 -1.1938 0.0153 0.2435 -1.2013 0.0229 0.2351 -1.2112 0.0295 0.2273 -1.2072 0.0178 0.2397
162.0 -1.2345 0.0117 0.2432 -1.161 0.0039 0.2585 -1.1425 0.0241 0.2397 -1.1486 0.0385 0.2243 -1.1628 0.0446 0.2167 -1.1891 0.0489 0.2096 -1.1851 0.0061 0.2538 -1.1909 0.0139 0.2453 -1.1992 0.0213 0.2369 -1.21 0.0278 0.2292 -1.204 0.0162 0.2417
163.0 -1.2339 0.0136 0.2413 -1.161 0.0039 0.2585 -1.1416 0.0236 0.2402 -1.1485 0.0379 0.2249 -1.1636 0.0438 0.2174 -1.188 0.0479 0.2108 -1.1844 0.0068 0.2531 -1.1884 0.0148 0.2446 -1.1968 0.0223 0.2361 -1.2067 0.0289 0.2284 -1.202 0.0173 0.2407
164.0 -1.2319 0.012 0.2431 -1.16 0.0034 0.2591 -1.1407 0.0237 0.2402 -1.1468 0.0382 0.2248 -1.161 0.0442 0.2173 -1.1871 0.0474 0.2114 -1.1834 0.0063 0.2537 -1.1884 0.0148 0.2446 -1.1968 0.0223 0.2361 -1.2066 0.0283 0.229 -1.2014 0.0167 0.2413
165.0 -1.2321 0.0132 0.2419 -1.1573 0.0031 0.2596 -1.1398 0.0238 0.2402 -1.145 0.0384 0.2248 -1.1593 0.0444 0.2172 -1.1854 0.0476 0.2113 -1.1817 0.0066 0.2537 -1.1876 0.015 0.2445 -1.1966 0.0217 0.2368 -1.2066 0.0283 0.229 -1.2009 0.0169 0.2412
166.0 -1.1991 0.0103 0.2481 -1.1402 0.0256 0.2383 -1.1392 0.0251 0.2389 -1.1494 0.0384 0.2243 -1.1609 0.0436 0.2179 -1.187 0.0468 0.212 -1.1674 0.0103 0.2512 -1.1778 0.0144 0.246 -1.1901 0.0195 0.2396 -1.2018 0.0259 0.232 -1.1872 0.0161 0.2434
167.0 -1.2 0.0108 0.2475 -1.1462 0.0199 0.2436 -1.1387 0.027 0.237 -1.1468 0.0382 0.2248 -1.1584 0.0445 0.2172 -1.1853 0.047 0.212 -1.1659 0.0118 0.2499 -1.1756 0.0172 0.2434 -1.1871 0.0223 0.237 -1.1987 0.0281 0.23 -1.1855 0.018 0.2416
168.0 -1.2358 0.0139 0.2408 -1.1548 0.0035 0.2595 -1.1376 0.026 0.2382 -1.1425 0.0388 0.2247 -1.1577 0.0452 0.2165 -1.1847 0.0489 0.2101 -1.1818 0.0072 0.253 -1.1869 0.0163 0.2433 -1.1944 0.0238 0.2348 -1.2053 0.0309 0.2265 -1.2008 0.0184 0.2397
169.0 -1.2334 0.0155 0.2394 -1.1556 0.0034 0.2595 -1.1368 0.0267 0.2376 -1.1428 0.0405 0.2228 -1.1571 0.0472 0.2146 -1.1837 0.0484 0.2107 -1.1794 0.0087 0.2517 -1.1844 0.0172 0.2425 -1.1919 0.0247 0.2341 -1.2019 0.0313 0.2263 -1.1982 0.0195 0.2388
170.0 -1.2403 0.0146 0.2397 -1.1567 0.0045 0.2583 -1.1375 0.0254 0.2388 -1.1436 0.0404 0.2228 -1.1587 0.0463 0.2153 -1.1848 0.0495 0.2095 -1.1836 0.0075 0.2525 -1.1879 0.0167 0.2427 -1.1953 0.0243 0.2342 -1.2053 0.0309 0.2265 -1.2025 0.0188 0.2391
171.0 -1.2367 0.0144 0.2402 -1.1576 0.0049 0.2577 -1.1387 0.027 0.237 -1.1445 0.0403 0.2229 -1.159 0.0475 0.2141 -1.1846 0.0483 0.2107 -1.182 0.0084 0.2518 -1.1863 0.0176 0.242 -1.1937 0.0251 0.2335 -1.2045 0.0316 0.2258 -1.2007 0.0194 0.2387
172.0 -1.2392 0.0135 0.2409 -1.1578 0.0055 0.2571 -1.1404 0.0268 0.2371 -1.1464 0.0413 0.2217 -1.1608 0.0479 0.2135 -1.1857 0.0494 0.2095 -1.1847 0.0086 0.2513 -1.1897 0.0171 0.2421 -1.198 0.0245 0.2337 -1.2088 0.031 0.226 -1.2041 0.0189 0.2388
173.0 -1.2426 0.013 0.241 -1.1587 0.006 0.2565 -1.1422 0.0272 0.2365 -1.1481 0.041 0.2218 -1.1625 0.0477 0.2136 -1.1858 0.05 0.2089 -1.1864 0.0084 0.2514 -1.1914 0.0169 0.2422 -1.1989 0.0244 0.2337 -1.2088 0.031 0.226 -1.2056 0.0187 0.2389
174.0 -1.2395 0.0153 0.239 -1.1588 0.0066 0.2559 -1.1406 0.028 0.2358 -1.1484 0.0422 0.2205 -1.1643 0.048 0.213 -1.1867 0.0505 0.2083 -1.1839 0.0093 0.2506 -1.1899 0.0183 0.2409 -1.1974 0.0258 0.2324 -1.2064 0.032 0.2253 -1.2034 0.0201 0.2377
175.0 -1.236 0.0151 0.2395 -1.161 0.0088 0.2535 -1.1415 0.0285 0.2353 -1.1493 0.0427 0.2199 -1.1645 0.0492 0.2118 -1.1878 0.0516 0.2071 -1.1858 0.0097 0.2501 -1.1915 0.0175 0.2416 -1.199 0.025 0.2331 -1.2089 0.0316 0.2254 -1.2042 0.0198 0.2379
176.0 -1.2412 0.015 0.2391 -1.1617 0.0081 0.2541 -1.1436 0.03 0.2335 -1.1503 0.0432 0.2194 -1.1655 0.0497 0.2112 -1.1904 0.0512 0.2072 -1.1868 0.0108 0.2489 -1.1927 0.0191 0.2397 -1.2002 0.0267 0.2313 -1.211 0.0332 0.2236 -1.2064 0.021 0.2365
177.0 -1.2405 0.0157 0.2385 -1.1618 0.0087 0.2535 -1.1436 0.03 0.2335 -1.1495 0.0439 0.2187 -1.1656 0.0503 0.2106 -1.1913 0.0511 0.2072 -1.1868 0.0108 0.2489 -1.1918 0.0193 0.2397 -1.2002 0.0267 0.2313 -1.211 0.0332 0.2236 -1.2061 0.0211 0.2364
178.0 -1.2404 0.0152 0.2391 -1.1627 0.0085 0.2536 -1.1438 0.0312 0.2322 -1.1497 0.0451 0.2175 -1.1657 0.0509 0.21 -1.1913 0.0511 0.2072 -1.1869 0.0114 0.2483 -1.1928 0.0197 0.2391 -1.202 0.0271 0.2307 -1.2119 0.0336 0.223 -1.2068 0.0214 0.236
179.0 -1.2418 0.0131 0.241 -1.1627 0.0085 0.2536 -1.1446 0.0311 0.2323 -1.1488 0.0446 0.218 -1.164 0.0511 0.2099 -1.1904 0.0512 0.2072 -1.1878 0.0113 0.2483 -1.1937 0.0196 0.2391 -1.202 0.0271 0.2307 -1.2137 0.0334 0.2231 -1.2078 0.0209 0.2364
180.0 -1.242 0.0143 0.2398 -1.1628 0.0091 0.2529 -1.1437 0.0306 0.2328 -1.1506 0.045 0.2175 -1.1648 0.051 0.2099 -1.1904 0.0512 0.2072 -1.1876 0.0101 0.2495 -1.1944 0.0189 0.2398 -1.2027 0.0263 0.2314 -1.2126 0.0323 0.2243 -1.2079 0.0204 0.2369
181.0 -1.2423 0.0161 0.2379 -1.1609 0.0082 0.2541 -1.1437 0.0306 0.2328 -1.1487 0.044 0.2187 -1.1648 0.051 0.2099 -1.1905 0.0518 0.2065 -1.186 0.0109 0.2488 -1.1928 0.0197 0.2391 -1.2011 0.0272 0.2307 -1.211 0.0332 0.2236 -1.2066 0.0214 0.236
182.0 -1.2463 0.0137 0.2399 -1.161 0.0088 0.2535 -1.1445 0.0305 0.2329 -1.1494 0.0433 0.2193 -1.1647 0.0504 0.2105 -1.1889 0.0526 0.2059 -1.1886 0.0111 0.2483 -1.1945 0.0195 0.2392 -1.202 0.0271 0.2307 -1.2128 0.0335 0.223 -1.2088 0.021 0.2362
