1.0 -1.0479 0.0314 0.2416 -0.9688 0.0268 0.2542 -0.9496 0.0477 0.2347 -0.9531 0.0625 0.2192 -0.9691 0.0683 0.2117 -0.9957 0.0696 0.2077 -0.9879 0.0303 0.2487 -0.9947 0.0391 0.2389 -1.0049 0.0469 0.23 -1.0166 0.0533 0.2223 -1.0104 0.0402 0.2363
2.0 -1.047 0.0309 0.2422 -0.9669 0.0258 0.2553 -0.9495 0.0471 0.2353 -0.953 0.0619 0.2198 -0.9696 0.0664 0.2136 -0.9963 0.0683 0.209 -0.9904 0.0294 0.2494 -0.9989 0.038 0.2397 -1.009 0.0452 0.2314 -1.0215 0.0514 0.2237 -1.0134 0.039 0.2373
3.0 -1.0478 0.0308 0.2422 -0.9661 0.0265 0.2547 -0.9511 0.0463 0.236 -0.9529 0.0613 0.2204 -0.9695 0.0658 0.2142 -0.9946 0.0685 0.2089 -0.992 0.0285 0.2501 -1.0004 0.0365 0.241 -1.0106 0.0443 0.2321 -1.0214 0.0508 0.2244 -1.0145 0.0382 0.2379
4.0 -1.0488 0.0312 0.2416 -0.9678 0.0257 0.2554 -0.9492 0.0453 0.2372 -0.9537 0.0612 0.2205 -0.9703 0.0651 0.2149 -0.9953 0.0672 0.2102 -0.9903 0.0288 0.25 -0.9971 0.0376 0.2403 -1.0073 0.0454 0.2313 -1.0188 0.0512 0.2243 -1.0125 0.0388 0.2375
5.0 -1.0449 0.0293 0.244 -0.9676 0.0251 0.256 -0.951 0.0457 0.2366 -0.9536 0.0606 0.2211 -0.9721 0.0654 0.2143 -0.9961 0.0671 0.2103 -0.9894 0.0289 0.25 -0.9971 0.0376 0.2403 -1.008 0.0447 0.232 -1.0205 0.0503 0.2249 -1.012 0.0382 0.2382
6.0 -1.0459 0.0298 0.2434 -0.9684 0.0244 0.2566 -0.9501 0.0452 0.2372 -0.9527 0.0601 0.2217 -0.9704 0.0656 0.2143 -0.9962 0.0677 0.2096 -0.9894 0.0289 0.25 -0.9963 0.0377 0.2402 -1.0072 0.0448 0.2319 -1.0197 0.051 0.2243 -1.0117 0.0384 0.238
7.0 -1.0468 0.0303 0.2428 -0.9694 0.0249 0.2561 -0.9501 0.0452 0.2372 -0.9545 0.0605 0.2211 -0.9729 0.0653 0.2144 -0.9954 0.0678 0.2096 -0.9887 0.0296 0.2493 -0.9955 0.0384 0.2396 -1.0064 0.0455 0.2313 -1.018 0.0513 0.2242 -1.0111 0.039 0.2374
8.0 -1.0467 0.0297 0.2434 -0.9685 0.025 0.256 -0.9502 0.0458 0.2366 -0.9536 0.0606 0.2211 -0.9696 0.0664 0.2136 -0.9963 0.0683 0.209 -0.991 0.028 0.2507 -0.9979 0.0369 0.2409 -1.0079 0.0441 0.2326 -1.0205 0.0503 0.2249 -1.0128 0.0378 0.2385
9.0 -1.0488 0.0312 0.2416 -0.9694 0.0249 0.2561 -0.9526 0.0448 0.2373 -0.9562 0.0602 0.2212 -0.973 0.0659 0.2137 -0.9954 0.0678 0.2096 -0.9872 0.031 0.248 -0.9941 0.0405 0.2377 -1.0041 0.0476 0.2293 -1.0166 0.0533 0.2223 -1.0102 0.0407 0.2358
10.0 -1.0486 0.03 0.2429 -0.9694 0.0249 0.2561 -0.9526 0.0448 0.2373 -0.9544 0.0599 0.2218 -0.9711 0.0649 0.2149 -0.9972 0.0681 0.209 -0.992 0.0285 0.2501 -0.9988 0.0374 0.2403 -1.0089 0.0446 0.232 -1.0214 0.0508 0.2244 -1.0139 0.0383 0.2379
11.0 -1.0493 0.0293 0.2435 -0.9695 0.0255 0.2554 -0.9536 0.0453 0.2367 -0.9544 0.0599 0.2218 -0.972 0.0648 0.2149 -0.9979 0.0674 0.2097 -0.9936 0.0277 0.2508 -1.0012 0.0358 0.2417 -1.0121 0.0429 0.2334 -1.0239 0.0499 0.2251 -1.016 0.0371 0.2389
12.0 -1.0505 0.031 0.2417 -0.9695 0.0255 0.2554 -0.9525 0.0442 0.2379 -0.9544 0.0599 0.2218 -0.9712 0.0655 0.2143 -0.9978 0.0668 0.2103 -0.9937 0.0283 0.2501 -1.0004 0.0365 0.241 -1.0106 0.0443 0.2321 -1.0223 0.0507 0.2244 -1.0155 0.0382 0.2379
13.0 -1.0521 0.0302 0.2424 -0.9703 0.0253 0.2555 -0.9542 0.044 0.238 -0.9552 0.0597 0.2218 -0.9729 0.0653 0.2144 -0.998 0.068 0.2091 -0.9962 0.0273 0.2509 -1.0038 0.0355 0.2418 -1.0131 0.0434 0.2328 -1.0248 0.0498 0.2251 -1.018 0.0372 0.2386
14.0 -1.0485 0.0295 0.2435 -0.9701 0.0241 0.2567 -0.9545 0.0452 0.2367 -0.9551 0.0592 0.2224 -0.9711 0.0649 0.2149 -0.9988 0.0673 0.2097 -0.992 0.0285 0.2501 -0.9988 0.0374 0.2403 -1.0097 0.0445 0.232 -1.023 0.05 0.225 -1.0144 0.038 0.2382
15.0 -1.0511 0.0297 0.243 -0.9703 0.0253 0.2555 -0.9535 0.0447 0.2373 -0.9552 0.0597 0.2218 -0.9711 0.0649 0.2149 -0.998 0.068 0.2091 -0.9954 0.0281 0.2502 -1.0022 0.0363 0.2411 -1.0114 0.0436 0.2327 -1.023 0.05 0.225 -1.0166 0.0375 0.2384
16.0 -1.0494 0.0299 0.2429 -0.9703 0.0253 0.2555 -0.9545 0.0452 0.2367 -0.9561 0.0596 0.2218 -0.9728 0.0647 0.215 -0.9997 0.0672 0.2098 -0.9912 0.0292 0.2494 -0.9981 0.0381 0.2397 -1.009 0.0452 0.2314 -1.0214 0.0508 0.2244 -1.0138 0.0386 0.2375
17.0 -1.0488 0.0312 0.2416 -0.9694 0.0249 0.2561 -0.9553 0.0451 0.2368 -0.9552 0.0597 0.2218 -0.9721 0.0654 0.2143 -0.997 0.0669 0.2103 -0.9903 0.0288 0.25 -0.998 0.0375 0.2403 -1.0081 0.0453 0.2313 -1.0198 0.0516 0.2237 -1.013 0.0389 0.2374
18.0 -1.0479 0.0314 0.2416 -0.9694 0.0249 0.2561 -0.9534 0.0441 0.238 -0.9554 0.0603 0.2212 -0.972 0.0648 0.2149 -0.996 0.0665 0.2109 -0.9904 0.0294 0.2494 -0.9973 0.0388 0.239 -1.0065 0.0461 0.2306 -1.0189 0.0518 0.2236 -1.0122 0.0395 0.2369
19.0 -1.0477 0.0302 0.2429 -0.9686 0.0256 0.2554 -0.9526 0.0448 0.2373 -0.9536 0.0606 0.2211 -0.972 0.0648 0.2149 -0.996 0.0665 0.2109 -0.9887 0.0296 0.2493 -0.9964 0.0383 0.2396 -1.0064 0.0455 0.2313 -1.0188 0.0512 0.2243 -1.0116 0.0389 0.2375
20.0 -1.0476 0.0296 0.2435 -0.9685 0.025 0.256 -0.952 0.0461 0.236 -0.9536 0.0606 0.2211 -0.9684 0.0647 0.2154 -0.9935 0.0674 0.2102 -0.9903 0.0288 0.25 -0.9987 0.0368 0.241 -1.0088 0.044 0.2326 -1.0222 0.0501 0.225 -1.0135 0.0378 0.2384
21.0 -1.0484 0.0289 0.2441 -0.9679 0.0263 0.2548 -0.9503 0.0464 0.236 -0.9536 0.0606 0.2211 -0.9693 0.0646 0.2155 -0.9925 0.0663 0.2114 -0.991 0.028 0.2507 -0.9986 0.0362 0.2416 -1.0095 0.0433 0.2333 -1.0212 0.0496 0.2256 -1.0138 0.0372 0.239
22.0 -1.0468 0.0303 0.2428 -0.9678 0.0257 0.2554 -0.9494 0.0465 0.2359 -0.9529 0.0613 0.2204 -0.9677 0.0654 0.2148 -0.9917 0.067 0.2107 -0.9895 0.0295 0.2493 -0.9972 0.0382 0.2397 -1.0072 0.0448 0.2319 -1.0188 0.0512 0.2243 -1.0119 0.0388 0.2376
23.0 -1.0477 0.0302 0.2429 -0.967 0.0264 0.2547 -0.9495 0.0471 0.2353 -0.953 0.0619 0.2198 -0.9695 0.0658 0.2142 -0.9927 0.0675 0.2101 -0.9902 0.0282 0.2506 -0.9979 0.0369 0.2409 -1.0071 0.0442 0.2325 -1.0187 0.0506 0.2249 -1.0123 0.038 0.2384
24.0 -1.0478 0.0308 0.2422 -0.9671 0.027 0.2541 -0.9494 0.0465 0.2359 -0.953 0.0619 0.2198 -0.9695 0.0658 0.2142 -0.9928 0.0681 0.2095 -0.9911 0.0286 0.25 -0.9987 0.0368 0.241 -1.0096 0.0439 0.2326 -1.0214 0.0508 0.2244 -1.0137 0.0382 0.238
25.0 -1.0471 0.0315 0.2416 -0.9671 0.027 0.2541 -0.9495 0.0471 0.2353 -0.9521 0.062 0.2198 -0.9696 0.0664 0.2136 -0.9936 0.068 0.2095 -0.9896 0.0301 0.2487 -0.9964 0.0383 0.2396 -1.0064 0.0455 0.2313 -1.0181 0.0519 0.2236 -1.0115 0.0394 0.237
26.0 -1.0498 0.0323 0.2404 -0.9671 0.027 0.2541 -0.9496 0.0477 0.2347 -0.953 0.0619 0.2198 -0.9688 0.0671 0.2129 -0.9937 0.0686 0.2089 -0.9912 0.0292 0.2494 -0.9981 0.0381 0.2397 -1.0073 0.0454 0.2313 -1.0189 0.0518 0.2236 -1.0131 0.0394 0.2369
27.0 -1.0482 0.0331 0.2398 -0.968 0.0269 0.2541 -0.9495 0.0471 0.2353 -0.953 0.0619 0.2198 -0.9698 0.0676 0.2124 -0.9939 0.0692 0.2083 -0.9897 0.0307 0.2481 -0.9966 0.0395 0.2384 -1.0058 0.0468 0.23 -1.0183 0.0531 0.2224 -1.0117 0.0406 0.2357
28.0 -1.048 0.032 0.241 -0.9672 0.0276 0.2535 -0.9496 0.0477 0.2347 -0.9549 0.0628 0.2187 -0.9707 0.0674 0.2124 -0.9956 0.069 0.2084 -0.9906 0.0305 0.2481 -0.9983 0.0393 0.2384 -1.0082 0.0459 0.2307 -1.0208 0.0521 0.2231 -1.0132 0.04 0.2363
29.0 -1.0481 0.0326 0.2404 -0.9657 0.029 0.2522 -0.9499 0.0495 0.2328 -0.9541 0.063 0.2186 -0.9681 0.0678 0.2123 -0.994 0.0698 0.2077 -0.9915 0.0304 0.2482 -0.999 0.0386 0.2391 -1.0091 0.0458 0.2307 -1.0209 0.0527 0.2225 -1.0137 0.04 0.2362
30.0 -1.0481 0.0326 0.2404 -0.9675 0.0294 0.2516 -0.9499 0.0495 0.2328 -0.9542 0.0636 0.218 -0.9699 0.0682 0.2117 -0.9959 0.0708 0.2065 -0.9907 0.0311 0.2475 -0.9974 0.0394 0.2384 -1.0083 0.0465 0.2301 -1.02 0.0528 0.2224 -1.0129 0.0405 0.2358
31.0 -1.0438 0.0331 0.2402 -0.9651 0.0309 0.2503 -0.9491 0.0496 0.2328 -0.9543 0.0642 0.2174 -0.9693 0.0695 0.2105 -0.9932 0.0705 0.207 -0.9874 0.0322 0.2468 -0.9941 0.0405 0.2377 -1.0051 0.0481 0.2287 -1.0175 0.0538 0.2217 -1.0096 0.0415 0.235
32.0 -1.043 0.0332 0.2402 -0.9625 0.0307 0.2508 -0.9475 0.0504 0.2321 -0.9534 0.0643 0.2173 -0.9682 0.0684 0.2117 -0.9915 0.0707 0.207 -0.9866 0.0329 0.2461 -0.9951 0.0409 0.2371 -1.0051 0.0481 0.2287 -1.0175 0.0538 0.2217 -1.0095 0.0418 0.2348
33.0 -1.0413 0.0335 0.2401 -0.9616 0.0308 0.2508 -0.9458 0.0512 0.2314 -0.95 0.0647 0.2172 -0.965 0.07 0.2103 -0.9897 0.0704 0.2075 -0.9858 0.033 0.2461 -0.9942 0.0411 0.237 -1.0041 0.0476 0.2293 -1.0166 0.0533 0.2223 -1.0084 0.0417 0.235
34.0 -1.0327 0.0346 0.2398 -0.9582 0.0313 0.2506 -0.9443 0.0527 0.2301 -0.9493 0.066 0.2159 -0.9639 0.069 0.2115 -0.9869 0.0695 0.2086 -0.9782 0.0353 0.2445 -0.9867 0.0433 0.2355 -0.9967 0.0505 0.2271 -1.0084 0.0568 0.2195 -1.0005 0.0441 0.2333
35.0 -1.0363 0.0354 0.2387 -0.955 0.0335 0.2486 -0.9414 0.0512 0.2319 -0.9457 0.0653 0.217 -0.9613 0.0693 0.2114 -0.9834 0.07 0.2085 -0.9815 0.0336 0.2459 -0.9892 0.0429 0.2356 -0.9986 0.0508 0.2266 -1.0101 0.0566 0.2195 -1.0031 0.0439 0.2333
36.0 -1.027 0.0372 0.2377 -0.949 0.0343 0.2484 -0.9364 0.0525 0.231 -0.9412 0.0647 0.2181 -0.9553 0.0701 0.2112 -0.9791 0.0706 0.2084 -0.9733 0.0372 0.2431 -0.9801 0.046 0.2334 -0.9892 0.0527 0.2256 -1.0015 0.0578 0.2192 -0.9942 0.0462 0.2318
37.0 -1.0206 0.0363 0.2393 -0.944 0.0356 0.2476 -0.9295 0.0534 0.2308 -0.9354 0.0667 0.2166 -0.9519 0.0706 0.211 -0.9749 0.0717 0.2076 -0.9697 0.037 0.2436 -0.9755 0.0448 0.2351 -0.9855 0.0514 0.2273 -0.9977 0.0559 0.2216 -0.9898 0.0451 0.2334
38.0 -1.0148 0.0383 0.2378 -0.9354 0.0368 0.2472 -0.9229 0.0562 0.2287 -0.9289 0.07 0.2139 -0.9452 0.0727 0.2095 -0.9671 0.0722 0.2079 -0.9605 0.0395 0.242 -0.9672 0.0477 0.2329 -0.9772 0.0543 0.2251 -0.9885 0.0589 0.2193 -0.9816 0.0478 0.2314
39.0 -1.0002 0.0402 0.2373 -0.926 0.0386 0.2463 -0.9162 0.0577 0.2278 -0.9219 0.0704 0.2143 -0.9399 0.0728 0.21 -0.961 0.0724 0.2083 -0.9461 0.0427 0.2402 -0.953 0.0521 0.2298 -0.9631 0.0593 0.2215 -0.9755 0.065 0.2145 -0.9676 0.0519 0.2286
40.0 -0.9875 0.0432 0.2355 -0.9158 0.0406 0.2452 -0.9067 0.059 0.2274 -0.9129 0.0691 0.2164 -0.9308 0.071 0.2127 -0.9485 0.0716 0.2103 -0.9291 0.0462 0.2383 -0.9354 0.0569 0.2266 -0.9456 0.0647 0.2177 -0.9571 0.0705 0.2106 -0.9509 0.0563 0.2257
41.0 -0.9745 0.0443 0.2357 -0.9048 0.0427 0.2442 -0.9043 0.055 0.2317 -0.9112 0.0645 0.2213 -0.9249 0.0675 0.2169 -0.9385 0.0693 0.2136 -0.9121 0.0497 0.2364 -0.92 0.0596 0.2254 -0.9319 0.0672 0.2165 -0.9443 0.0728 0.2095 -0.9366 0.0587 0.2247
42.0 -0.9609 0.0468 0.2345 -0.8889 0.0473 0.2411 -0.8935 0.054 0.2338 -0.9006 0.0641 0.2228 -0.9119 0.0686 0.217 -0.9255 0.0705 0.2138 -0.8957 0.0513 0.2363 -0.9038 0.0624 0.2242 -0.9149 0.0707 0.2146 -0.9264 0.0759 0.2082 -0.9203 0.0614 0.2236
43.0 -0.9448 0.0453 0.2376 -0.8731 0.0476 0.2423 -0.873 0.0574 0.2323 -0.8833 0.0658 0.2227 -0.8965 0.0707 0.2164 -0.9126 0.0722 0.2133 -0.8836 0.0523 0.2365 -0.8916 0.0628 0.2249 -0.9035 0.0704 0.216 -0.9177 0.0764 0.2085 -0.9082 0.0615 0.2247
44.0 -0.9357 0.0483 0.2354 -0.8633 0.052 0.2388 -0.8657 0.056 0.2346 -0.8711 0.0662 0.2235 -0.8826 0.072 0.2165 -0.8955 0.0751 0.212 -0.865 0.0518 0.2389 -0.8725 0.0642 0.2254 -0.8838 0.0737 0.2146 -0.8955 0.08 0.207 -0.8905 0.0636 0.2243
45.0 -0.9377 0.0499 0.2336 -0.8529 0.0479 0.2441 -0.857 0.0565 0.2348 -0.8573 0.0681 0.223 -0.8664 0.0748 0.2152 -0.8787 0.0799 0.2088 -0.8602 0.0494 0.2418 -0.8641 0.0617 0.2289 -0.872 0.0716 0.2179 -0.8831 0.0799 0.2084 -0.8834 0.0625 0.2261
46.0 -0.9402 0.049 0.2343 -0.8433 0.0486 0.2443 -0.8251 0.0602 0.2342 -0.8288 0.0713 0.2225 -0.84 0.0796 0.2129 -0.8524 0.0852 0.2059 -0.8684 0.0458 0.2447 -0.8709 0.0553 0.2348 -0.877 0.0648 0.2244 -0.8844 0.0724 0.2159 -0.8882 0.0574 0.2308
47.0 -0.9043 0.055 0.2317 -0.8215 0.0644 0.2303 -0.822 0.0625 0.2322 -0.8284 0.0689 0.225 -0.8374 0.075 0.2178 -0.8488 0.0796 0.212 -0.8265 0.0527 0.2418 -0.8303 0.0644 0.2294 -0.8383 0.0749 0.2179 -0.8485 0.0833 0.2083 -0.8496 0.0661 0.2258
47.0 -0.9043 0.055 0.2317 -0.8215 0.0644 0.2303 -0.822 0.0625 0.2322 -0.8284 0.0689 0.225 -0.8374 0.075 0.2178 -0.8488 0.0796 0.212 -0.8265 0.0527 0.2418 -0.8303 0.0644 0.2294 -0.8383 0.0749 0.2179 -0.8485 0.0833 0.2083 -0.8496 0.0661 0.2258
47.0 -0.9043 0.055 0.2317 -0.8215 0.0644 0.2303 -0.822 0.0625 0.2322 -0.8284 0.0689 0.225 -0.8374 0.075 0.2178 -0.8488 0.0796 0.212 -0.8265 0.0527 0.2418 -0.8303 0.0644 0.2294 -0.8383 0.0749 0.2179 -0.8485 0.0833 0.2083 -0.8496 0.0661 0.2258
47.0 -0.9043 0.055 0.2317 -0.8215 0.0644 0.2303 -0.822 0.0625 0.2322 -0.8284 0.0689 0.225 -0.8374 0.075 0.2178 -0.8488 0.0796 0.212 -0.8265 0.0527 0.2418 -0.8303 0.0644 0.2294 -0.8383 0.0749 0.2179 -0.8485 0.0833 0.2083 -0.8496 0.0661 0.2258
47.0 -0.9043 0.055 0.2317 -0.8215 0.0644 0.2303 -0.822 0.0625 0.2322 -0.8284 0.0689 0.225 -0.8374 0.075 0.2178 -0.8488 0.0796 0.212 -0.8265 0.0527 0.2418 -0.8303 0.0644 0.2294 -0.8383 0.0749 0.2179 -0.8485 0.0833 0.2083 -0.8496 0.0661 0.2258
47.0 -0.9043 0.055 0.2317 -0.8215 0.0644 0.2303 -0.822 0.0625 0.2322 -0.8284 0.0689 0.225 -0.8374 0.075 0.2178 -0.8488 0.0796 0.212 -0.8265 0.0527 0.2418 -0.8303 0.0644 0.2294 -0.8383 0.0749 0.2179 -0.8485 0.0833 0.2083 -0.8496 0.0661 0.2258
47.0 -0.9043 0.055 0.2317 -0.8215 0.0644 0.2303 -0.822 0.0625 0.2322 -0.8284 0.0689 0.225 -0.8374 0.075 0.2178 -0.8488 0.0796 0.212 -0.8265 0.0527 0.2418 -0.8303 0.0644 0.2294 -0.8383 0.0749 0.2179 -0.8485 0.0833 0.2083 -0.8496 0.0661 0.2258
47.0 -0.9043 0.055 0.2317 -0.8215 0.0644 0.2303 -0.822 0.0625 0.2322 -0.8284 0.0689 0.225 -0.8374 0.075 0.2178 -0.8488 0.0796 0.212 -0.8265 0.0527 0.2418 -0.8303 0.0644 0.2294 -0.8383 0.0749 0.2179 -0.8485 0.0833 0.2083 -0.8496 0.0661 0.2258
47.0 -0.9043 0.055 0.2317 -0.8215 0.0644 0.2303 -0.822 0.0625 0.2322 -0.8284 0.0689 0.225 -0.8374 0.075 0.2178 -0.8488 0.0796 0.212 -0.8265 0.0527 0.2418 -0.8303 0.0644 0.2294 -0.8383 0.0749 0.2179 -0.8485 0.0833 0.2083 -0.8496 0.0661 0.2258
47.0 -0.9043 0.055 0.2317 -0.8215 0.0644 0.2303 -0.822 0.0625 0.2322 -0.8284 0.0689 0.225 -0.8374 0.075 0.2178 -0.8488 0.0796 0.212 -0.8265 0.0527 0.2418 -0.8303 0.0644 0.2294 -0.8383 0.0749 0.2179 -0.8485 0.0833 0.2083 -0.8496 0.0661 0.2258
47.0 -0.9043 0.055 0.2317 -0.8215 0.0644 0.2303 -0.822 0.0625 0.2322 -0.8284 0.0689 0.225 -0.8374 0.075 0.2178 -0.8488 0.0796 0.212 -0.8265 0.0527 0.2418 -0.8303 0.0644 0.2294 -0.8383 0.0749 0.2179 -0.8485 0.0833 0.2083 -0.8496 0.0661 0.2258
47.0 -0.9043 0.055 0.2317 -0.8215 0.0644 0.2303 -0.822 0.0625 0.2322 -0.8284 0.0689 0.225 -0.8374 0.075 0.2178 -0.8488 0.0796 0.212 -0.8265 0.0527 0.2418 -0.8303 0.0644 0.2294 -0.8383 0.0749 0.2179 -0.8485 0.0833 0.2083 -0.8496 0.0661 0.2258
47.0 -0.9043 0.055 0.2317 -0.8215 0.0644 0.2303 -0.822 0.0625 0.2322 -0.8284 0.0689 0.225 -0.8374 0.075 0.2178 -0.8488 0.0796 0.212 -0.8265 0.0527 0.2418 -0.8303 0.0644 0.2294 -0.8383 0.0749 0.2179 -0.8485 0.0833 0.2083 -0.8496 0.0661 0.2258
47.0 -0.9043 0.055 0.2317 -0.8215 0.0644 0.2303 -0.822 0.0625 0.2322 -0.8284 0.0689 0.225 -0.8374 0.075 0.2178 -0.8488 0.0796 0.212 -0.8265 0.0527 0.2418 -0.8303 0.0644 0.2294 -0.8383 0.0749 0.2179 -0.8485 0.0833 0.2083 -0.8496 0.0661 0.2258
47.0 -0.9043 0.055 0.2317 -0.8215 0.0644 0.2303 -0.822 0.0625 0.2322 -0.8284 0.0689 0.225 -0.8374 0.075 0.2178 -0.8488 0.0796 0.212 -0.8265 0.0527 0.2418 -0.8303 0.0644 0.2294 -0.8383 0.0749 0.2179 -0.8485 0.0833 0.2083 -0.8496 0.0661 0.2258
47.0 -0.9043 0.055 0.2317 -0.8215 0.0644 0.2303 -0.822 0.0625 0.2322 -0.8284 0.0689 0.225 -0.8374 0.075 0.2178 -0.8488 0.0796 0.212 -0.8265 0.0527 0.2418 -0.8303 0.0644 0.2294 -0.8383 0.0749 0.2179 -0.8485 0.0833 0.2083 -0.8496 0.0661 0.2258
47.0 -0.9043 0.055 0.2317 -0.8215 0.0644 0.2303 -0.822 0.0625 0.2322 -0.8284 0.0689 0.225 -0.8374 0.075 0.2178 -0.8488 0.0796 0.212 -0.8265 0.0527 0.2418 -0.8303 0.0644 0.2294 -0.8383 0.0749 0.2179 -0.8485 0.0833 0.2083 -0.8496 0.0661 0.2258
47.0 -0.9043 0.055 0.2317 -0.8215 0.0644 0.2303 -0.822 0.0625 0.2322 -0.8284 0.0689 0.225 -0.8374 0.075 0.2178 -0.8488 0.0796 0.212 -0.8265 0.0527 0.2418 -0.8303 0.0644 0.2294 -0.8383 0.0749 0.2179 -0.8485 0.0833 0.2083 -0.8496 0.0661 0.2258
47.0 -0.9043 0.055 0.2317 -0.8215 0.0644 0.2303 -0.822 0.0625 0.2322 -0.8284 0.0689 0.225 -0.8374 0.075 0.2178 -0.8488 0.0796 0.212 -0.8265 0.0527 0.2418 -0.8303 0.0644 0.2294 -0.8383 0.0749 0.2179 -0.8485 0.0833 0.2083 -0.8496 0.0661 0.2258
47.0 -0.9043 0.055 0.2317 -0.8215 0.0644 0.2303 -0.822 0.0625 0.2322 -0.8284 0.0689 0.225 -0.8374 0.075 0.2178 -0.8488 0.0796 0.212 -0.8265 0.0527 0.2418 -0.8303 0.0644 0.2294 -0.8383 0.0749 0.2179 -0.8485 0.0833 0.2083 -0.8496 0.0661 0.2258
47.0 -0.9043 0.055 0.2317 -0.8215 0.0644 0.2303 -0.822 0.0625 0.2322 -0.8284 0.0689 0.225 -0.8374 0.075 0.2178 -0.8488 0.0796 0.212 -0.8265 0.0527 0.2418 -0.8303 0.0644 0.2294 -0.8383 0.0749 0.2179 -0.8485 0.0833 0.2083 -0.8496 0.0661 0.2258
47.0 -0.9043 0.055 0.2317 -0.8215 0.0644 0.2303 -0.822 0.0625 0.2322 -0.8284 0.0689 0.225 -0.8374 0.075 0.2178 -0.8488 0.0796 0.212 -0.8265 0.0527 0.2418 -0.8303 0.0644 0.2294 -0.8383 0.0749 0.2179 -0.8485 0.0833 0.2083 -0.8496 0.0661 0.2258
47.0 -0.9043 0.055 0.2317 -0.8215 0.0644 0.2303 -0.822 0.0625 0.2322 -0.8284 0.0689 0.225 -0.8374 0.075 0.2178 -0.8488 0.0796 0.212 -0.8265 0.0527 0.2418 -0.8303 0.0644 0.2294 -0.8383 0.0749 0.2179 -0.8485 0.0833 0.2083 -0.8496 0.0661 0.2258
47.0 -0.9043 0.055 0.2317 -0.8215 0.0644 0.2303 -0.822 0.0625 0.2322 -0.8284 0.0689 0.225 -0.8374 0.075 0.2178 -0.8488 0.0796 0.212 -0.8265 0.0527 0.2418 -0.8303 0.0644 0.2294 -0.8383 0.0749 0.2179 -0.8485 0.0833 0.2083 -0.8496 0.0661 0.2258
47.0 -0.9043 0.055 0.2317 -0.8215 0.0644 0.2303 -0.822 0.0625 0.2322 -0.8284 0.0689 0.225 -0.8374 0.075 0.2178 -0.8488 0.0796 0.212 -0.8265 0.0527 0.2418 -0.8303 0.0644 0.2294 -0.8383 0.0749 0.2179 -0.8485 0.0833 0.2083 -0.8496 0.0661 0.2258
47.0 -0.9043 0.055 0.2317 -0.8215 0.0644 0.2303 -0.822 0.0625 0.2322 -0.8284 0.0689 0.225 -0.8374 0.075 0.2178 -0.8488 0.0796 0.212 -0.8265 0.0527 0.2418 -0.8303 0.0644 0.2294 -0.8383 0.0749 0.2179 -0.8485 0.0833 0.2083 -0.8496 0.0661 0.2258
47.0 -0.9043 0.055 0.2317 -0.8215 0.0644 0.2303 -0.822 0.0625 0.2322 -0.8284 0.0689 0.225 -0.8374 0.075 0.2178 -0.8488 0.0796 0.212 -0.8265 0.0527 0.2418 -0.8303 0.0644 0.2294 -0.8383 0.0749 0.2179 -0.8485 0.0833 0.2083 -0.8496 0.0661 0.2258
47.0 -0.9043 0.055 0.2317 -0.8215 0.0644 0.2303 -0.822 0.0625 0.2322 -0.8284 0.0689 0.225 -0.8374 0.075 0.2178 -0.8488 0.0796 0.212 -0.8265 0.0527 0.2418 -0.8303 0.0644 0.2294 -0.8383 0.0749 0.2179 -0.8485 0.0833 0.2083 -0.8496 0.0661 0.2258
47.0 -0.9043 0.055 0.2317 -0.8215 0.0644 0.2303 -0.822 0.0625 0.2322 -0.8284 0.0689 0.225 -0.8374 0.075 0.2178 -0.8488 0.0796 0.212 -0.8265 0.0527 0.2418 -0.8303 0.0644 0.2294 -0.8383 0.0749 0.2179 -0.8485 0.0833 0.2083 -0.8496 0.0661 0.2258
47.0 -0.9043 0.055 0.2317 -0.8215 0.0644 0.2303 -0.822 0.0625 0.2322 -0.8284 0.0689 0.225 -0.8374 0.075 0.2178 -0.8488 0.0796 0.212 -0.8265 0.0527 0.2418 -0.8303 0.0644 0.2294 -0.8383 0.0749 0.2179 -0.8485 0.0833 0.2083 -0.8496 0.0661 0.2258
47.0 -0.9043 0.055 0.2317 -0.8215 0.0644 0.2303 -0.822 0.0625 0.2322 -0.8284 0.0689 0.225 -0.8374 0.075 0.2178 -0.8488 0.0796 0.212 -0.8265 0.0527 0.2418 -0.8303 0.0644 0.2294 -0.8383 0.0749 0.2179 -0.8485 0.0833 0.2083 -0.8496 0.0661 0.2258
47.0 -0.9043 0.055 0.2317 -0.8215 0.0644 0.2303 -0.822 0.0625 0.2322 -0.8284 0.0689 0.225 -0.8374 0.075 0.2178 -0.8488 0.0796 0.212 -0.8265 0.0527 0.2418 -0.8303 0.0644 0.2294 -0.8383 0.0749 0.2179 -0.8485 0.0833 0.2083 -0.8496 0.0661 0.2258
47.0 -0.9043 0.055 0.2317 -0.8215 0.0644 0.2303 -0.822 0.0625 0.2322 -0.8284 0.0689 0.225 -0.8374 0.075 0.2178 -0.8488 0.0796 0.212 -0.8265 0.0527 0.2418 -0.8303 0.0644 0.2294 -0.8383 0.0749 0.2179 -0.8485 0.0833 0.2083 -0.8496 0.0661 0.2258
47.0 -0.9043 0.055 0.2317 -0.8215 0.0644 0.2303 -0.822 0.0625 0.2322 -0.8284 0.0689 0.225 -0.8374 0.075 0.2178 -0.8488 0.0796 0.212 -0.8265 0.0527 0.2418 -0.8303 0.0644 0.2294 -0.8383 0.0749 0.2179 -0.8485 0.0833 0.2083 -0.8496 0.0661 0.2258
47.0 -0.9043 0.055 0.2317 -0.8215 0.0644 0.2303 -0.822 0.0625 0.2322 -0.8284 0.0689 0.225 -0.8374 0.075 0.2178 -0.8488 0.0796 0.212 -0.8265 0.0527 0.2418 -0.8303 0.0644 0.2294 -0.8383 0.0749 0.2179 -0.8485 0.0833 0.2083 -0.8496 0.0661 0.2258
47.0 -0.9043 0.055 0.2317 -0.8215 0.0644 0.2303 -0.822 0.0625 0.2322 -0.8284 0.0689 0.225 -0.8374 0.075 0.2178 -0.8488 0.0796 0.212 -0.8265 0.0527 0.2418 -0.8303 0.0644 0.2294 -0.8383 0.0749 0.2179 -0.8485 0.0833 0.2083 -0.8496 0.0661 0.2258
47.0 -0.9043 0.055 0.2317 -0.8215 0.0644 0.2303 -0.822 0.0625 0.2322 -0.8284 0.0689 0.225 -0.8374 0.075 0.2178 -0.8488 0.0796 0.212 -0.8265 0.0527 0.2418 -0.8303 0.0644 0.2294 -0.8383 0.0749 0.2179 -0.8485 0.0833 0.2083 -0.8496 0.0661 0.2258
47.0 -0.9043 0.055 0.2317 -0.8215 0.0644 0.2303 -0.822 0.0625 0.2322 -0.8284 0.0689 0.225 -0.8374 0.075 0.2178 -0.8488 0.0796 0.212 -0.8265 0.0527 0.2418 -0.8303 0.0644 0.2294 -0.8383 0.0749 0.2179 -0.8485 0.0833 0.2083 -0.8496 0.0661 0.2258
47.0 -0.9043 0.055 0.2317 -0.8215 0.0644 0.2303 -0.822 0.0625 0.2322 -0.8284 0.0689 0.225 -0.8374 0.075 0.2178 -0.8488 0.0796 0.212 -0.8265 0.0527 0.2418 -0.8303 0.0644 0.2294 -0.8383 0.0749 0.2179 -0.8485 0.0833 0.2083 -0.8496 0.0661 0.2258
47.0 -0.9043 0.055 0.2317 -0.8215 0.0644 0.2303 -0.822 0.0625 0.2322 -0.8284 0.0689 0.225 -0.8374 0.075 0.2178 -0.8488 0.0796 0.212 -0.8265 0.0527 0.2418 -0.8303 0.0644 0.2294 -0.8383 0.0749 0.2179 -0.8485 0.0833 0.2083 -0.8496 0.0661 0.2258
47.0 -0.9043 0.055 0.2317 -0.8215 0.0644 0.2303 -0.822 0.0625 0.2322 -0.8284 0.0689 0.225 -0.8374 0.075 0.2178 -0.8488 0.0796 0.212 -0.8265 0.0527 0.2418 -0.8303 0.0644 0.2294 -0.8383 0.0749 0.2179 -0.8485 0.0833 0.2083 -0.8496 0.0661 0.2258
47.0 -0.9043 0.055 0.2317 -0.8215 0.0644 0.2303 -0.822 0.0625 0.2322 -0.8284 0.0689 0.225 -0.8374 0.075 0.2178 -0.8488 0.0796 0.212 -0.8265 0.0527 0.2418 -0.8303 0.0644 0.2294 -0.8383 0.0749 0.2179 -0.8485 0.0833 0.2083 -0.8496 0.0661 0.2258
47.0 -0.9043 0.055 0.2317 -0.8215 0.0644 0.2303 -0.822 0.0625 0.2322 -0.8284 0.0689 0.225 -0.8374 0.075 0.2178 -0.8488 0.0796 0.212 -0.8265 0.0527 0.2418 -0.8303 0.0644 0.2294 -0.8383 0.0749 0.2179 -0.8485 0.0833 0.2083 -0.8496 0.0661 0.2258
47.0 -0.9043 0.055 0.2317 -0.8215 0.0644 0.2303 -0.822 0.0625 0.2322 -0.8284 0.0689 0.225 -0.8374 0.075 0.2178 -0.8488 0.0796 0.212 -0.8265 0.0527 0.2418 -0.8303 0.0644 0.2294 -0.8383 0.0749 0.2179 -0.8485 0.0833 0.2083 -0.8496 0.0661 0.2258
47.0 -0.9043 0.055 0.2317 -0.8215 0.0644 0.2303 -0.822 0.0625 0.2322 -0.8284 0.0689 0.225 -0.8374 0.075 0.2178 -0.8488 0.0796 0.212 -0.8265 0.0527 0.2418 -0.8303 0.0644 0.2294 -0.8383 0.0749 0.2179 -0.8485 0.0833 0.2083 -0.8496 0.0661 0.2258
47.0 -0.9043 0.055 0.2317 -0.8215 0.0644 0.2303 -0.822 0.0625 0.2322 -0.8284 0.0689 0.225 -0.8374 0.075 0.2178 -0.8488 0.0796 0.212 -0.8265 0.0527 0.2418 -0.8303 0.0644 0.2294 -0.8383 0.0749 0.2179 -0.8485 0.0833 0.2083 -0.8496 0.0661 0.2258
47.0 -0.9043 0.055 0.2317 -0.8215 0.0644 0.2303 -0.822 0.0625 0.2322 -0.8284 0.0689 0.225 -0.8374 0.075 0.2178 -0.8488 0.0796 0.212 -0.8265 0.0527 0.2418 -0.8303 0.0644 0.2294 -0.8383 0.0749 0.2179 -0.8485 0.0833 0.2083 -0.8496 0.0661 0.2258
47.0 -0.9043 0.055 0.2317 -0.8215 0.0644 0.2303 -0.822 0.0625 0.2322 -0.8284 0.0689 0.225 -0.8374 0.075 0.2178 -0.8488 0.0796 0.212 -0.8265 0.0527 0.2418 -0.8303 0.0644 0.2294 -0.8383 0.0749 0.2179 -0.8485 0.0833 0.2083 -0.8496 0.0661 0.2258
47.0 -0.9043 0.055 0.2317 -0.8215 0.0644 0.2303 -0.822 0.0625 0.2322 -0.8284 0.0689 0.225 -0.8374 0.075 0.2178 -0.8488 0.0796 0.212 -0.8265 0.0527 0.2418 -0.8303 0.0644 0.2294 -0.8383 0.0749 0.2179 -0.8485 0.0833 0.2083 -0.8496 0.0661 0.2258
47.0 -0.9043 0.055 0.2317 -0.8215 0.0644 0.2303 -0.822 0.0625 0.2322 -0.8284 0.0689 0.225 -0.8374 0.075 0.2178 -0.8488 0.0796 0.212 -0.8265 0.0527 0.2418 -0.8303 0.0644 0.2294 -0.8383 0.0749 0.2179 -0.8485 0.0833 0.2083 -0.8496 0.0661 0.2258
47.0 -0.9043 0.055 0.2317 -0.8215 0.0644 0.2303 -0.822 0.0625 0.2322 -0.8284 0.0689 0.225 -0.8374 0.075 0.2178 -0.8488 0.0796 0.212 -0.8265 0.0527 0.2418 -0.8303 0.0644 0.2294 -0.8383 0.0749 0.2179 -0.8485 0.0833 0.2083 -0.8496 0.0661 0.2258
47.0 -0.9043 0.055 0.2317 -0.8215 0.0644 0.2303 -0.822 0.0625 0.2322 -0.8284 0.0689 0.225 -0.8374 0.075 0.2178 -0.8488 0.0796 0.212 -0.8265 0.0527 0.2418 -0.8303 0.0644 0.2294 -0.8383 0.0749 0.2179 -0.8485 0.0833 0.2083 -0.8496 0.0661 0.2258
47.0 -0.9043 0.055 0.2317 -0.8215 0.0644 0.2303 -0.822 0.0625 0.2322 -0.8284 0.0689 0.225 -0.8374 0.075 0.2178 -0.8488 0.0796 0.212 -0.8265 0.0527 0.2418 -0.8303 0.0644 0.2294 -0.8383 0.0749 0.2179 -0.8485 0.0833 0.2083 -0.8496 0.0661 0.2258
47.0 -0.9043 0.055 0.2317 -0.8215 0.0644 0.2303 -0.822 0.0625 0.2322 -0.8284 0.0689 0.225 -0.8374 0.075 0.2178 -0.8488 0.0796 0.212 -0.8265 0.0527 0.2418 -0.8303 0.0644 0.2294 -0.8383 0.0749 0.2179 -0.8485 0.0833 0.2083 -0.8496 0.0661 0.2258
47.0 -0.9043 0.055 0.2317 -0.8215 0.0644 0.2303 -0.822 0.0625 0.2322 -0.8284 0.0689 0.225 -0.8374 0.075 0.2178 -0.8488 0.0796 0.212 -0.8265 0.0527 0.2418 -0.8303 0.0644 0.2294 -0.8383 0.0749 0.2179 -0.8485 0.0833 0.2083 -0.8496 0.0661 0.2258
47.0 -0.9043 0.055 0.2317 -0.8215 0.0644 0.2303 -0.822 0.0625 0.2322 -0.8284 0.0689 0.225 -0.8374 0.075 0.2178 -0.8488 0.0796 0.212 -0.8265 0.0527 0.2418 -0.8303 0.0644 0.2294 -0.8383 0.0749 0.2179 -0.8485 0.0833 0.2083 -0.8496 0.0661 0.2258
47.0 -0.9043 0.055 0.2317 -0.8215 0.0644 0.2303 -0.822 0.0625 0.2322 -0.8284 0.0689 0.225 -0.8374 0.075 0.2178 -0.8488 0.0796 0.212 -0.8265 0.0527 0.2418 -0.8303 0.0644 0.2294 -0.8383 0.0749 0.2179 -0.8485 0.0833 0.2083 -0.8496 0.0661 0.2258
47.0 -0.9043 0.055 0.2317 -0.8215 0.0644 0.2303 -0.822 0.0625 0.2322 -0.8284 0.0689 0.225 -0.8374 0.075 0.2178 -0.8488 0.0796 0.212 -0.8265 0.0527 0.2418 -0.8303 0.0644 0.2294 -0.8383 0.0749 0.2179 -0.8485 0.0833 0.2083 -0.8496 0.0661 0.2258
47.0 -0.9043 0.055 0.2317 -0.8215 0.0644 0.2303 -0.822 0.0625 0.2322 -0.8284 0.0689 0.225 -0.8374 0.075 0.2178 -0.8488 0.0796 0.212 -0.8265 0.0527 0.2418 -0.8303 0.0644 0.2294 -0.8383 0.0749 0.2179 -0.8485 0.0833 0.2083 -0.8496 0.0661 0.2258
47.0 -0.9043 0.055 0.2317 -0.8215 0.0644 0.2303 -0.822 0.0625 0.2322 -0.8284 0.0689 0.225 -0.8374 0.075 0.2178 -0.8488 0.0796 0.212 -0.8265 0.0527 0.2418 -0.8303 0.0644 0.2294 -0.8383 0.0749 0.2179 -0.8485 0.0833 0.2083 -0.8496 0.0661 0.2258
47.0 -0.9043 0.055 0.2317 -0.8215 0.0644 0.2303 -0.822 0.0625 0.2322 -0.8284 0.0689 0.225 -0.8374 0.075 0.2178 -0.8488 0.0796 0.212 -0.8265 0.0527 0.2418 -0.8303 0.0644 0.2294 -0.8383 0.0749 0.2179 -0.8485 0.0833 0.2083 -0.8496 0.0661 0.2258
47.0 -0.9043 0.055 0.2317 -0.8215 0.0644 0.2303 -0.822 0.0625 0.2322 -0.8284 0.0689 0.225 -0.8374 0.075 0.2178 -0.8488 0.0796 0.212 -0.8265 0.0527 0.2418 -0.8303 0.0644 0.2294 -0.8383 0.0749 0.2179 -0.8485 0.0833 0.2083 -0.8496 0.0661 0.2258
109.0 -0.8768 0.0386 0.2512 -0.8253 0.0663 0.228 -0.8079 0.0625 0.2336 -0.8066 0.0548 0.2416 -0.805 0.0458 0.2509 -0.8025 0.0315 0.2658 -0.8236 0.0616 0.2329 -0.8181 0.0551 0.2402 -0.8148 0.0463 0.2494 -0.8128 0.035 0.2612 -0.8292 0.0473 0.247
110.0 -0.8837 0.0382 0.2509 -0.8261 0.0607 0.2336 -0.8243 0.0554 0.2392 -0.8217 0.0509 0.2441 -0.817 0.0442 0.2514 -0.803 0.0345 0.2627 -0.8257 0.0632 0.2311 -0.821 0.0565 0.2384 -0.8169 0.0485 0.247 -0.8159 0.0376 0.2582 -0.8326 0.0488 0.2451
111.0 -0.9146 0.0335 0.2527 -0.8544 0.0666 0.2248 -0.8262 0.0613 0.233 -0.8164 0.0553 0.2401 -0.8098 0.0482 0.248 -0.802 0.0285 0.2689 -0.861 0.0541 0.2369 -0.8556 0.0482 0.2435 -0.8514 0.0396 0.2527 -0.8477 0.0285 0.2645 -0.8661 0.0408 0.2501
112.0 -0.9287 0.034 0.2507 -0.8648 0.061 0.2295 -0.8395 0.0619 0.231 -0.8287 0.0555 0.2387 -0.8229 0.0477 0.2473 -0.8152 0.0286 0.2676 -0.8701 0.056 0.2341 -0.8636 0.0489 0.242 -0.8593 0.0391 0.2524 -0.8581 0.0277 0.2642 -0.876 0.0411 0.2487
113.0 -0.9404 0.03 0.2537 -0.825 0.0291 0.2661 -0.8303 0.0442 0.25 -0.8346 0.054 0.2396 -0.8455 0.0611 0.2313 -0.8633 0.0624 0.2282 -0.8701 0.0309 0.2597 -0.877 0.0398 0.25 -0.8863 0.0477 0.241 -0.897 0.0536 0.2339 -0.8941 0.0404 0.2476
114.0 -0.9612 0.0284 0.2532 -0.8409 0.03 0.2636 -0.8381 0.0438 0.2497 -0.8401 0.0551 0.2379 -0.849 0.0607 0.2314 -0.8695 0.0622 0.2278 -0.8864 0.0281 0.261 -0.8921 0.0359 0.2524 -0.8996 0.0434 0.244 -0.9086 0.0496 0.2368 -0.9096 0.0371 0.2495
115.0 -0.9584 0.0324 0.2494 -0.9 0.0605 0.2265 -0.8627 0.0637 0.2269 -0.8493 0.0576 0.2345 -0.8434 0.0492 0.2437 -0.8434 0.029 0.2643 -0.9005 0.0537 0.2334 -0.894 0.0466 0.2413 -0.8906 0.0373 0.2511 -0.8902 0.0252 0.2636 -0.9068 0.0391 0.2478
116.0 -0.9657 0.0339 0.2472 -0.9019 0.0615 0.2253 -0.8716 0.0643 0.2254 -0.8575 0.0589 0.2324 -0.85 0.0514 0.2408 -0.8478 0.029 0.2638 -0.9075 0.0534 0.2331 -0.901 0.0463 0.2409 -0.8967 0.0371 0.2507 -0.8974 0.026 0.262 -0.9137 0.0393 0.2468
117.0 -0.9786 0.0273 0.2527 -0.8616 0.0272 0.2644 -0.8599 0.0476 0.2437 -0.8643 0.058 0.2326 -0.8761 0.0649 0.2243 -0.903 0.0625 0.2241 -0.9069 0.0296 0.2574 -0.9152 0.0371 0.249 -0.9243 0.0438 0.2412 -0.9364 0.0476 0.236 -0.9323 0.0371 0.2473
118.0 -0.9744 0.0285 0.2519 -0.8666 0.0259 0.2652 -0.863 0.0453 0.2457 -0.8712 0.057 0.2329 -0.8856 0.0637 0.2247 -0.9086 0.0648 0.2212 -0.9052 0.0305 0.2567 -0.9137 0.0385 0.2477 -0.9247 0.0462 0.2387 -0.9371 0.0518 0.2317 -0.931 0.0391 0.2453
119.0 -0.9745 0.0291 0.2513 -0.8727 0.0257 0.2648 -0.8704 0.0474 0.2429 -0.8792 0.0578 0.2313 -0.8943 0.0631 0.2244 -0.917 0.0625 0.2228 -0.9099 0.0317 0.255 -0.9192 0.0396 0.246 -0.9301 0.0467 0.2377 -0.9424 0.0517 0.2313 -0.9352 0.0397 0.2442
120.0 -0.9961 0.0267 0.2515 -0.8831 0.0243 0.2652 -0.8796 0.0449 0.2445 -0.8841 0.0553 0.2334 -0.8977 0.0626 0.2246 -0.9208 0.0638 0.2211 -0.925 0.0278 0.2575 -0.9326 0.0359 0.2484 -0.9428 0.0437 0.2394 -0.9535 0.0496 0.2323 -0.95 0.0368 0.2458
121.0 -0.9898 0.0313 0.2475 -0.89 0.024 0.2649 -0.8868 0.0458 0.2429 -0.8938 0.0552 0.2325 -0.9072 0.062 0.2243 -0.9285 0.0627 0.2214 -0.9205 0.0321 0.2535 -0.929 0.0407 0.2439 -0.9401 0.0484 0.2349 -0.9515 0.0535 0.2285 -0.9462 0.0412 0.2417
122.0 -1.0384 0.0223 0.2519 -0.9335 0.0163 0.2684 -0.926 0.0386 0.2463 -0.9302 0.0521 0.2321 -0.9443 0.0576 0.2251 -0.9675 0.0593 0.221 -0.9746 0.0199 0.2606 -0.9817 0.0299 0.2497 -0.991 0.0378 0.2407 -1.0019 0.0449 0.2323 -0.9975 0.031 0.247
123.0 -1.0427 0.0217 0.252 -0.9396 0.0154 0.2686 -0.9322 0.0384 0.2459 -0.9368 0.05 0.2336 -0.9503 0.0567 0.2253 -0.9746 0.0596 0.22 -0.9782 0.02 0.2601 -0.9851 0.0295 0.2498 -0.9953 0.0372 0.2408 -1.0071 0.0442 0.2325 -1.0017 0.0305 0.2471
124.0 -1.053 0.0203 0.2524 -0.9447 0.0147 0.2688 -0.94 0.038 0.2456 -0.9438 0.0497 0.2332 -0.9583 0.0569 0.2244 -0.9833 0.059 0.2198 -0.9869 0.0194 0.2599 -0.9946 0.0282 0.2502 -1.0039 0.0361 0.2412 -1.0156 0.0424 0.2335 -1.0108 0.0293 0.2474
125.0 -1.0614 0.0228 0.249 -0.9671 0.0172 0.2641 -0.9607 0.0407 0.2407 -0.966 0.051 0.2297 -0.9787 0.0578 0.2214 -1.0013 0.0615 0.2155 -1.0011 0.0255 0.2523 -1.0079 0.0337 0.2432 -1.0179 0.0409 0.2348 -1.0305 0.0472 0.2272 -1.0238 0.034 0.2413
126.0 -1.0683 0.0274 0.2437 -0.9746 0.0199 0.2606 -0.9692 0.0438 0.2367 -0.9735 0.0536 0.2262 -0.9864 0.0617 0.2167 -1.0073 0.0655 0.2107 -1.0051 0.028 0.2493 -1.0112 0.0375 0.2389 -1.0205 0.0454 0.2299 -1.0313 0.0519 0.2222 -1.0273 0.0381 0.2368
127.0 -1.0748 0.029 0.2414 -0.9811 0.0214 0.2584 -0.9784 0.0462 0.2333 -0.9854 0.0563 0.2223 -0.9972 0.0632 0.214 -1.0163 0.0668 0.2085 -1.0092 0.0311 0.2457 -1.0171 0.041 0.2348 -1.028 0.0481 0.2265 -1.0394 0.0533 0.2201 -1.0337 0.0405 0.2337
128.0 -1.0762 0.0318 0.2383 -0.9915 0.0255 0.2532 -0.9926 0.0468 0.2314 -0.996 0.0561 0.2215 -1.0068 0.0626 0.2138 -1.0268 0.0666 0.2077 -1.0184 0.0335 0.2423 -1.0244 0.0425 0.2326 -1.0327 0.0499 0.2242 -1.0443 0.0557 0.2171 -1.0392 0.0427 0.2309
129.0 -1.0886 0.0326 0.2363 -0.999 0.0282 0.2497 -1.0009 0.0493 0.2279 -1.007 0.0589 0.2175 -1.0188 0.0658 0.2093 -1.0359 0.0684 0.2049 -1.0252 0.0375 0.2376 -1.0339 0.0467 0.2273 -1.0431 0.054 0.2189 -1.0536 0.0587 0.2131 -1.0489 0.0459 0.2267
130.0 -1.0884 0.0363 0.2326 -1.0064 0.0302 0.2469 -1.0099 0.0505 0.2258 -1.0159 0.0595 0.216 -1.0265 0.0697 0.2046 -1.0464 0.0731 0.1991 -1.0353 0.0398 0.2343 -1.0439 0.0484 0.2246 -1.0538 0.055 0.2169 -1.0653 0.0602 0.2104 -1.0573 0.0479 0.2237
131.0 -1.0902 0.0366 0.232 -1.0108 0.0352 0.2414 -1.0206 0.0509 0.2243 -1.0273 0.0592 0.2152 -1.035 0.0679 0.2055 -1.0544 0.0732 0.1982 -1.0396 0.0441 0.2294 -1.047 0.051 0.2216 -1.0584 0.0562 0.2152 -1.0714 0.0599 0.2101 -1.0613 0.0496 0.2217
131.0 -1.0902 0.0366 0.232 -1.0108 0.0352 0.2414 -1.0206 0.0509 0.2243 -1.0273 0.0592 0.2152 -1.035 0.0679 0.2055 -1.0544 0.0732 0.1982 -1.0396 0.0441 0.2294 -1.047 0.051 0.2216 -1.0584 0.0562 0.2152 -1.0714 0.0599 0.2101 -1.0613 0.0496 0.2217
133.0 -1.1084 0.0403 0.2265 -1.0256 0.0393 0.2358 -1.0334 0.059 0.2148 -1.0411 0.0677 0.2051 -1.052 0.0748 0.1968 -1.0699 0.0766 0.1931 -1.0518 0.0485 0.2237 -1.0603 0.0566 0.2146 -1.0718 0.0623 0.2076 -1.0838 0.0656 0.203 -1.0752 0.0547 0.2151
134.0 -1.1139 0.0414 0.2248 -1.0303 0.0411 0.2334 -1.0383 0.062 0.2113 -1.0443 0.0709 0.2015 -1.0569 0.0778 0.1933 -1.0749 0.0796 0.1896 -1.0582 0.0501 0.2214 -1.0674 0.0574 0.213 -1.078 0.0627 0.2066 -1.0892 0.0661 0.202 -1.0814 0.0556 0.2136
135.0 -1.1214 0.044 0.2214 -1.0361 0.044 0.2299 -1.044 0.0643 0.2084 -1.0502 0.0744 0.1974 -1.065 0.0785 0.1917 -1.0803 0.0807 0.1879 -1.0673 0.0513 0.2193 -1.0757 0.0594 0.2102 -1.0857 0.066 0.2025 -1.097 0.0705 0.1967 -1.0894 0.0583 0.21
136.0 -1.1228 0.0469 0.2183 -1.0434 0.046 0.2271 -1.0547 0.0653 0.2063 -1.0658 0.0729 0.1973 -1.0789 0.0779 0.191 -1.0908 0.0805 0.1871 -1.0672 0.0562 0.2143 -1.0759 0.0655 0.204 -1.0867 0.0719 0.1963 -1.0972 0.0766 0.1904 -1.09 0.0634 0.2047
136.0 -1.1228 0.0469 0.2183 -1.0434 0.046 0.2271 -1.0547 0.0653 0.2063 -1.0658 0.0729 0.1973 -1.0789 0.0779 0.191 -1.0908 0.0805 0.1871 -1.0672 0.0562 0.2143 -1.0759 0.0655 0.204 -1.0867 0.0719 0.1963 -1.0972 0.0766 0.1904 -1.09 0.0634 0.2047
136.0 -1.1228 0.0469 0.2183 -1.0434 0.046 0.2271 -1.0547 0.0653 0.2063 -1.0658 0.0729 0.1973 -1.0789 0.0779 0.191 -1.0908 0.0805 0.1871 -1.0672 0.0562 0.2143 -1.0759 0.0655 0.204 -1.0867 0.0719 0.1963 -1.0972 0.0766 0.1904 -1.09 0.0634 0.2047
136.0 -1.1228 0.0469 0.2183 -1.0434 0.046 0.2271 -1.0547 0.0653 0.2063 -1.0658 0.0729 0.1973 -1.0789 0.0779 0.191 -1.0908 0.0805 0.1871 -1.0672 0.0562 0.2143 -1.0759 0.0655 0.204 -1.0867 0.0719 0.1963 -1.0972 0.0766 0.1904 -1.09 0.0634 0.2047
140.0 -1.1478 0.0643 0.198 -1.0994 0.0892 0.1774 -1.1117 0.0893 0.176 -1.1138 0.086 0.1792 -1.1131 0.0818 0.1836 -1.0897 0.074 0.1939 -1.1063 0.0833 0.1827 -1.105 0.0811 0.1851 -1.1069 0.0765 0.1896 -1.1086 0.0714 0.1946 -1.1149 0.0753 0.19
141.0 -1.1545 0.0622 0.1995 -1.1296 0.101 0.1623 -1.1342 0.0973 0.1656 -1.1293 0.0894 0.1742 -1.1211 0.0826 0.182 -1.0876 0.0718 0.1963 -1.129 0.0925 0.1711 -1.1208 0.0857 0.1789 -1.1159 0.0778 0.1874 -1.1114 0.0674 0.1985 -1.1263 0.0771 0.1871
142.0 -1.1587 0.0659 0.1953 -1.1012 0.0743 0.1925 -1.1345 0.0936 0.1694 -1.1446 0.0959 0.166 -1.1539 0.0989 0.162 -1.1603 0.1005 0.1598 -1.1241 0.0846 0.1796 -1.1355 0.0892 0.1738 -1.1465 0.092 0.1699 -1.1572 0.093 0.1678 -1.1444 0.0849 0.1773
142.0 -1.1587 0.0659 0.1953 -1.1012 0.0743 0.1925 -1.1345 0.0936 0.1694 -1.1446 0.0959 0.166 -1.1539 0.0989 0.162 -1.1603 0.1005 0.1598 -1.1241 0.0846 0.1796 -1.1355 0.0892 0.1738 -1.1465 0.092 0.1699 -1.1572 0.093 0.1678 -1.1444 0.0849 0.1773
142.0 -1.1587 0.0659 0.1953 -1.1012 0.0743 0.1925 -1.1345 0.0936 0.1694 -1.1446 0.0959 0.166 -1.1539 0.0989 0.162 -1.1603 0.1005 0.1598 -1.1241 0.0846 0.1796 -1.1355 0.0892 0.1738 -1.1465 0.092 0.1699 -1.1572 0.093 0.1678 -1.1444 0.0849 0.1773
142.0 -1.1587 0.0659 0.1953 -1.1012 0.0743 0.1925 -1.1345 0.0936 0.1694 -1.1446 0.0959 0.166 -1.1539 0.0989 0.162 -1.1603 0.1005 0.1598 -1.1241 0.0846 0.1796 -1.1355 0.0892 0.1738 -1.1465 0.092 0.1699 -1.1572 0.093 0.1678 -1.1444 0.0849 0.1773
142.0 -1.1587 0.0659 0.1953 -1.1012 0.0743 0.1925 -1.1345 0.0936 0.1694 -1.1446 0.0959 0.166 -1.1539 0.0989 0.162 -1.1603 0.1005 0.1598 -1.1241 0.0846 0.1796 -1.1355 0.0892 0.1738 -1.1465 0.092 0.1699 -1.1572 0.093 0.1678 -1.1444 0.0849 0.1773
142.0 -1.1587 0.0659 0.1953 -1.1012 0.0743 0.1925 -1.1345 0.0936 0.1694 -1.1446 0.0959 0.166 -1.1539 0.0989 0.162 -1.1603 0.1005 0.1598 -1.1241 0.0846 0.1796 -1.1355 0.0892 0.1738 -1.1465 0.092 0.1699 -1.1572 0.093 0.1678 -1.1444 0.0849 0.1773
142.0 -1.1587 0.0659 0.1953 -1.1012 0.0743 0.1925 -1.1345 0.0936 0.1694 -1.1446 0.0959 0.166 -1.1539 0.0989 0.162 -1.1603 0.1005 0.1598 -1.1241 0.0846 0.1796 -1.1355 0.0892 0.1738 -1.1465 0.092 0.1699 -1.1572 0.093 0.1678 -1.1444 0.0849 0.1773
142.0 -1.1587 0.0659 0.1953 -1.1012 0.0743 0.1925 -1.1345 0.0936 0.1694 -1.1446 0.0959 0.166 -1.1539 0.0989 0.162 -1.1603 0.1005 0.1598 -1.1241 0.0846 0.1796 -1.1355 0.0892 0.1738 -1.1465 0.092 0.1699 -1.1572 0.093 0.1678 -1.1444 0.0849 0.1773
142.0 -1.1587 0.0659 0.1953 -1.1012 0.0743 0.1925 -1.1345 0.0936 0.1694 -1.1446 0.0959 0.166 -1.1539 0.0989 0.162 -1.1603 0.1005 0.1598 -1.1241 0.0846 0.1796 -1.1355 0.0892 0.1738 -1.1465 0.092 0.1699 -1.1572 0.093 0.1678 -1.1444 0.0849 0.1773
142.0 -1.1587 0.0659 0.1953 -1.1012 0.0743 0.1925 -1.1345 0.0936 0.1694 -1.1446 0.0959 0.166 -1.1539 0.0989 0.162 -1.1603 0.1005 0.1598 -1.1241 0.0846 0.1796 -1.1355 0.0892 0.1738 -1.1465 0.092 0.1699 -1.1572 0.093 0.1678 -1.1444 0.0849 0.1773
142.0 -1.1587 0.0659 0.1953 -1.1012 0.0743 0.1925 -1.1345 0.0936 0.1694 -1.1446 0.0959 0.166 -1.1539 0.0989 0.162 -1.1603 0.1005 0.1598 -1.1241 0.0846 0.1796 -1.1355 0.0892 0.1738 -1.1465 0.092 0.1699 -1.1572 0.093 0.1678 -1.1444 0.0849 0.1773
142.0 -1.1587 0.0659 0.1953 -1.1012 0.0743 0.1925 -1.1345 0.0936 0.1694 -1.1446 0.0959 0.166 -1.1539 0.0989 0.162 -1.1603 0.1005 0.1598 -1.1241 0.0846 0.1796 -1.1355 0.0892 0.1738 -1.1465 0.092 0.1699 -1.1572 0.093 0.1678 -1.1444 0.0849 0.1773
