1.0 -1.0828 0.0999 0.168 -1.0671 0.1057 0.1637 -1.0194 0.1348 0.1387 -1.0151 0.1451 0.1286 -1.0236 0.1489 0.1239 -1.0392 0.1474 0.1239 -1.0555 0.1097 0.1607 -1.0545 0.119 0.1513 -1.0574 0.1254 0.1446 -1.0625 0.1296 0.1398 -1.0625 0.1167 0.1529
2.0 -1.0832 0.1023 0.1655 -1.0705 0.1053 0.1638 -1.0208 0.1327 0.1406 -1.0149 0.1439 0.1298 -1.0218 0.1485 0.1244 -1.0396 0.1497 0.1214 -1.056 0.1078 0.1626 -1.0551 0.1177 0.1526 -1.0581 0.1247 0.1452 -1.0625 0.1296 0.1398 -1.063 0.1164 0.1531
3.0 -1.086 0.1032 0.1644 -1.0631 0.1081 0.1616 -1.0201 0.1335 0.14 -1.014 0.144 0.1298 -1.021 0.1486 0.1244 -1.0361 0.1496 0.1219 -1.0556 0.1103 0.1601 -1.0555 0.1195 0.1507 -1.0583 0.1258 0.144 -1.0626 0.1302 0.1391 -1.0636 0.1178 0.1517
4.0 -1.0854 0.0996 0.1681 -1.0681 0.1062 0.1631 -1.0179 0.1362 0.1374 -1.0143 0.1458 0.1279 -1.0246 0.1493 0.1233 -1.0448 0.1491 0.1216 -1.0539 0.1106 0.16 -1.0545 0.119 0.1513 -1.0592 0.1257 0.144 -1.0669 0.1296 0.1393 -1.064 0.1169 0.1526
5.0 -1.0852 0.1033 0.1644 -1.0638 0.1068 0.1629 -1.0156 0.1383 0.1354 -1.0139 0.1483 0.1254 -1.0284 0.1507 0.1216 -1.0506 0.147 0.1231 -1.0524 0.112 0.1587 -1.0539 0.1209 0.1494 -1.0594 0.1269 0.1428 -1.0671 0.1308 0.1381 -1.0636 0.1188 0.1507
6.0 -1.0847 0.1009 0.1669 -1.0661 0.1052 0.1643 -1.0204 0.1352 0.1381 -1.0144 0.1464 0.1273 -1.0238 0.1495 0.1233 -1.0419 0.1476 0.1234 -1.0546 0.1099 0.1607 -1.0545 0.119 0.1513 -1.0583 0.1258 0.144 -1.0643 0.1299 0.1392 -1.0633 0.1171 0.1524
7.0 -1.0832 0.1023 0.1655 -1.0631 0.1081 0.1616 -1.0202 0.1341 0.1394 -1.0124 0.1449 0.1291 -1.0186 0.1501 0.1231 -1.0342 0.1487 0.1231 -1.0539 0.1106 0.16 -1.0528 0.1193 0.1513 -1.0557 0.1262 0.1439 -1.0609 0.1304 0.1391 -1.0613 0.1178 0.152
8.0 -1.0831 0.1017 0.1662 -1.0613 0.1077 0.1622 -1.0195 0.1354 0.1381 -1.0142 0.1452 0.1285 -1.0212 0.1498 0.1232 -1.0374 0.147 0.1244 -1.054 0.1112 0.1594 -1.0537 0.1197 0.1507 -1.0566 0.1261 0.1439 -1.0625 0.1296 0.1398 -1.062 0.1177 0.152
9.0 -1.0838 0.1004 0.1674 -1.0627 0.1057 0.1641 -1.0177 0.135 0.1387 -1.0135 0.146 0.1279 -1.0231 0.1508 0.122 -1.0421 0.1488 0.1221 -1.0555 0.1097 0.1607 -1.0555 0.1195 0.1507 -1.0601 0.1262 0.1434 -1.0653 0.1304 0.1386 -1.064 0.1173 0.1522
10.0 -1.0848 0.1015 0.1662 -1.0656 0.1072 0.1624 -1.0211 0.1345 0.1388 -1.0143 0.1458 0.1279 -1.0211 0.1492 0.1238 -1.0382 0.1463 0.1251 -1.0565 0.1102 0.1601 -1.0573 0.1199 0.1502 -1.0601 0.1262 0.1434 -1.0643 0.1299 0.1392 -1.0646 0.1175 0.1518
11.0 -1.0824 0.1024 0.1655 -1.0669 0.1045 0.1649 -1.019 0.1373 0.1362 -1.0144 0.1464 0.1273 -1.0256 0.1498 0.1227 -1.0447 0.1485 0.1222 -1.0539 0.1106 0.16 -1.0546 0.1196 0.1507 -1.0584 0.1264 0.1434 -1.0644 0.1305 0.1386 -1.0627 0.1179 0.1516
12.0 -1.0823 0.1018 0.1661 -1.0656 0.1072 0.1624 -1.0194 0.1348 0.1387 -1.0135 0.146 0.1279 -1.0221 0.1503 0.1226 -1.0385 0.1481 0.1232 -1.0564 0.1096 0.1608 -1.0555 0.1195 0.1507 -1.0575 0.126 0.1439 -1.0626 0.1302 0.1391 -1.0628 0.1174 0.1521
13.0 -1.0814 0.102 0.1661 -1.064 0.108 0.1617 -1.0193 0.1342 0.1393 -1.0151 0.1451 0.1286 -1.0212 0.1498 0.1232 -1.0364 0.1465 0.125 -1.0573 0.1101 0.1602 -1.0564 0.12 0.1501 -1.0584 0.1264 0.1434 -1.0625 0.1296 0.1398 -1.0632 0.1176 0.1519
14.0 -1.0807 0.1027 0.1654 -1.0648 0.1079 0.1617 -1.0204 0.1304 0.1431 -1.0131 0.1442 0.1297 -1.0203 0.1499 0.1231 -1.0393 0.148 0.1233 -1.0538 0.11 0.1607 -1.0537 0.1197 0.1507 -1.0566 0.1261 0.1439 -1.0626 0.1302 0.1391 -1.0615 0.1177 0.152
15.0 -1.0868 0.1025 0.1651 -1.0634 0.1044 0.1654 -1.0188 0.1361 0.1374 -1.0126 0.1461 0.1278 -1.0221 0.1503 0.1226 -1.039 0.1511 0.1201 -1.0557 0.1109 0.1595 -1.0557 0.1207 0.1495 -1.0594 0.1269 0.1428 -1.0637 0.1312 0.1379 -1.0642 0.1185 0.1509
16.0 -1.0851 0.1027 0.165 -1.0636 0.1056 0.1642 -1.0186 0.1349 0.1387 -1.0134 0.1454 0.1285 -1.022 0.1497 0.1232 -1.0423 0.15 0.1209 -1.053 0.1107 0.16 -1.0537 0.1197 0.1507 -1.0576 0.1266 0.1433 -1.0645 0.1311 0.138 -1.0628 0.1182 0.1514
17.0 -1.0896 0.0984 0.1689 -1.0626 0.1051 0.1647 -1.018 0.1368 0.1368 -1.0143 0.1458 0.1279 -1.0238 0.1495 0.1233 -1.0395 0.1492 0.122 -1.0557 0.1109 0.1595 -1.0573 0.1199 0.1502 -1.061 0.1261 0.1435 -1.067 0.1302 0.1387 -1.0661 0.1171 0.1521
18.0 -1.0855 0.1002 0.1675 -1.0651 0.1042 0.1655 -1.0178 0.1356 0.138 -1.0135 0.146 0.1279 -1.0221 0.1503 0.1226 -1.0422 0.1494 0.1215 -1.0555 0.1097 0.1607 -1.0563 0.1194 0.1508 -1.0601 0.1262 0.1434 -1.0662 0.1309 0.138 -1.0647 0.1173 0.1521
19.0 -1.0799 0.1034 0.1648 -1.0689 0.1061 0.1631 -1.0188 0.1361 0.1374 -1.0144 0.1464 0.1273 -1.0256 0.1498 0.1227 -1.0449 0.1496 0.121 -1.0522 0.1108 0.16 -1.053 0.1205 0.15 -1.0568 0.1273 0.1427 -1.0638 0.1318 0.1373 -1.0611 0.1188 0.1509
20.0 -1.0826 0.1036 0.1643 -1.0644 0.1055 0.1642 -1.0194 0.1348 0.1387 -1.0133 0.1448 0.1291 -1.0202 0.1493 0.1238 -1.0373 0.1513 0.12 -1.0548 0.111 0.1594 -1.0548 0.1208 0.1495 -1.0585 0.127 0.1427 -1.0629 0.1319 0.1373 -1.0627 0.1189 0.1506
21.0 -1.0838 0.1053 0.1624 -1.0629 0.102 0.1679 -1.0194 0.1348 0.1387 -1.0127 0.1467 0.1272 -1.0197 0.1512 0.1219 -1.0338 0.1518 0.1199 -1.0602 0.1115 0.1584 -1.0595 0.1226 0.1471 -1.0617 0.1303 0.1391 -1.0644 0.1354 0.1336 -1.0659 0.121 0.1481
22.0 -1.0817 0.1038 0.1642 -1.0629 0.1069 0.1629 -1.0186 0.1349 0.1387 -1.0136 0.1465 0.1272 -1.0221 0.1503 0.1226 -1.041 0.1477 0.1233 -1.0547 0.1105 0.1601 -1.0547 0.1202 0.1501 -1.0577 0.1272 0.1427 -1.0621 0.1321 0.1372 -1.0622 0.1187 0.1509
23.0 -1.1094 0.1061 0.1591 -1.0628 0.1112 0.1585 -1.0179 0.1362 0.1374 -1.0147 0.1482 0.1254 -1.025 0.1517 0.1208 -1.0421 0.1537 0.1171 -1.0738 0.1085 0.1602 -1.0711 0.1186 0.1501 -1.0726 0.127 0.1414 -1.0773 0.1337 0.1341 -1.0808 0.1188 0.149
24.0 -1.0818 0.1044 0.1636 -1.0638 0.1068 0.1629 -1.0187 0.1355 0.1381 -1.0126 0.1461 0.1278 -1.0221 0.1503 0.1226 -1.0409 0.152 0.1189 -1.0533 0.1125 0.1581 -1.0549 0.1214 0.1488 -1.0579 0.1284 0.1415 -1.063 0.1325 0.1367 -1.0622 0.1198 0.1497
25.0 -1.0921 0.103 0.164 -1.061 0.1059 0.1641 -1.0194 0.1348 0.1387 -1.0127 0.1467 0.1272 -1.0223 0.1515 0.1213 -1.0401 0.1521 0.1189 -1.0612 0.112 0.1578 -1.062 0.1217 0.1479 -1.065 0.1286 0.1405 -1.0711 0.1333 0.1351 -1.0703 0.1197 0.1491
26.0 -1.1102 0.1054 0.1597 -1.0604 0.1127 0.1572 -1.0163 0.137 0.1367 -1.0131 0.1491 0.1247 -1.0242 0.1518 0.1208 -1.0414 0.155 0.1158 -1.0704 0.1096 0.1594 -1.0687 0.1196 0.1494 -1.071 0.1278 0.1407 -1.0783 0.1342 0.1335 -1.0797 0.1193 0.1485
27.0 -1.1104 0.1066 0.1585 -1.0632 0.1087 0.161 -1.0181 0.1325 0.1412 -1.0136 0.1465 0.1272 -1.0227 0.1484 0.1245 -1.0389 0.1505 0.1207 -1.0746 0.1084 0.1602 -1.073 0.119 0.1495 -1.0744 0.1273 0.1408 -1.079 0.1334 0.1342 -1.0823 0.119 0.1486
28.0 -1.0826 0.1036 0.1643 -1.0627 0.1057 0.1641 -1.0192 0.1336 0.14 -1.0133 0.1448 0.1291 -1.0203 0.1499 0.1231 -1.0381 0.1512 0.1201 -1.0567 0.1114 0.1589 -1.0575 0.1211 0.1489 -1.0604 0.1274 0.1422 -1.0638 0.1318 0.1373 -1.0642 0.1191 0.1503
29.0 -1.0947 0.1075 0.1591 -1.0626 0.11 0.1597 -1.0195 0.1354 0.1381 -1.0161 0.1462 0.1273 -1.0257 0.1504 0.1221 -1.0425 0.1512 0.1196 -1.0625 0.1143 0.1554 -1.0633 0.124 0.1454 -1.0671 0.1308 0.1381 -1.0732 0.1354 0.1327 -1.0721 0.1224 0.1461
30.0 -1.0799 0.1034 0.1648 -1.0621 0.107 0.1629 -1.0176 0.1344 0.1393 -1.0127 0.1467 0.1272 -1.0205 0.1511 0.1219 -1.0369 0.1489 0.1225 -1.0548 0.111 0.1594 -1.0548 0.1208 0.1495 -1.0577 0.1272 0.1427 -1.0611 0.1316 0.1378 -1.0617 0.1188 0.1508
31.0 -1.0817 0.1038 0.1642 -1.0623 0.1033 0.1666 -1.0185 0.1343 0.1393 -1.0135 0.146 0.1279 -1.0213 0.1504 0.1226 -1.0393 0.148 0.1233 -1.0548 0.111 0.1594 -1.0548 0.1208 0.1495 -1.0578 0.1278 0.1421 -1.0621 0.1321 0.1372 -1.0622 0.1191 0.1505
32.0 -1.1048 0.1098 0.1558 -1.0608 0.1151 0.1547 -1.0154 0.1371 0.1367 -1.014 0.1489 0.1248 -1.0223 0.1515 0.1213 -1.0418 0.1519 0.119 -1.0691 0.1122 0.1569 -1.0682 0.1221 0.1469 -1.0703 0.1291 0.1394 -1.0767 0.1356 0.1322 -1.0778 0.1217 0.1462
33.0 -1.0808 0.1033 0.1648 -1.0623 0.1082 0.1616 -1.0176 0.1344 0.1393 -1.0133 0.1448 0.1291 -1.0212 0.1498 0.1232 -1.0371 0.1501 0.1213 -1.0541 0.1118 0.1588 -1.0539 0.1209 0.1494 -1.0577 0.1272 0.1427 -1.0618 0.1309 0.1385 -1.0617 0.1188 0.1508
34.0 -1.0842 0.1028 0.165 -1.0631 0.1081 0.1616 -1.0193 0.1342 0.1393 -1.0125 0.1455 0.1285 -1.0195 0.15 0.1231 -1.0356 0.1515 0.12 -1.0566 0.1108 0.1595 -1.0564 0.12 0.1501 -1.0594 0.1269 0.1428 -1.0628 0.1314 0.1379 -1.0639 0.1184 0.1511
35.0 -1.0891 0.1058 0.1614 -1.0638 0.1068 0.1629 -1.0195 0.1354 0.1381 -1.0135 0.146 0.1279 -1.023 0.1502 0.1226 -1.0391 0.1517 0.1195 -1.0604 0.1127 0.1572 -1.0595 0.1226 0.1471 -1.0625 0.1296 0.1398 -1.0676 0.1338 0.135 -1.0678 0.1209 0.1481
36.0 -1.0825 0.103 0.1649 -1.062 0.1064 0.1635 -1.0185 0.1343 0.1393 -1.0117 0.1462 0.1278 -1.0212 0.1498 0.1232 -1.0417 0.1464 0.1246 -1.0558 0.1115 0.1589 -1.0558 0.1213 0.1489 -1.0595 0.1275 0.1421 -1.0645 0.1311 0.138 -1.0636 0.1189 0.1505
37.0 -1.0833 0.1029 0.1649 -1.0626 0.1051 0.1647 -1.0192 0.1336 0.14 -1.0127 0.1467 0.1272 -1.0222 0.1509 0.122 -1.0415 0.1501 0.1208 -1.0557 0.1109 0.1595 -1.0557 0.1207 0.1495 -1.0594 0.1269 0.1428 -1.0645 0.1311 0.138 -1.0637 0.1185 0.1509
38.0 -1.0701 0.1029 0.1663 -1.0532 0.1119 0.1588 -1.0166 0.1388 0.1349 -1.0111 0.1475 0.1265 -1.0142 0.1501 0.1235 -1.019 0.1476 0.1256 -1.0476 0.1151 0.156 -1.0418 0.122 0.1496 -1.0398 0.1253 0.1464 -1.0401 0.1271 0.1445 -1.0479 0.1185 0.1526
38.0 -1.0701 0.1029 0.1663 -1.0532 0.1119 0.1588 -1.0166 0.1388 0.1349 -1.0111 0.1475 0.1265 -1.0142 0.1501 0.1235 -1.019 0.1476 0.1256 -1.0476 0.1151 0.156 -1.0418 0.122 0.1496 -1.0398 0.1253 0.1464 -1.0401 0.1271 0.1445 -1.0479 0.1185 0.1526
38.0 -1.0701 0.1029 0.1663 -1.0532 0.1119 0.1588 -1.0166 0.1388 0.1349 -1.0111 0.1475 0.1265 -1.0142 0.1501 0.1235 -1.019 0.1476 0.1256 -1.0476 0.1151 0.156 -1.0418 0.122 0.1496 -1.0398 0.1253 0.1464 -1.0401 0.1271 0.1445 -1.0479 0.1185 0.1526
38.0 -1.0701 0.1029 0.1663 -1.0532 0.1119 0.1588 -1.0166 0.1388 0.1349 -1.0111 0.1475 0.1265 -1.0142 0.1501 0.1235 -1.019 0.1476 0.1256 -1.0476 0.1151 0.156 -1.0418 0.122 0.1496 -1.0398 0.1253 0.1464 -1.0401 0.1271 0.1445 -1.0479 0.1185 0.1526
38.0 -1.0701 0.1029 0.1663 -1.0532 0.1119 0.1588 -1.0166 0.1388 0.1349 -1.0111 0.1475 0.1265 -1.0142 0.1501 0.1235 -1.019 0.1476 0.1256 -1.0476 0.1151 0.156 -1.0418 0.122 0.1496 -1.0398 0.1253 0.1464 -1.0401 0.1271 0.1445 -1.0479 0.1185 0.1526
38.0 -1.0701 0.1029 0.1663 -1.0532 0.1119 0.1588 -1.0166 0.1388 0.1349 -1.0111 0.1475 0.1265 -1.0142 0.1501 0.1235 -1.019 0.1476 0.1256 -1.0476 0.1151 0.156 -1.0418 0.122 0.1496 -1.0398 0.1253 0.1464 -1.0401 0.1271 0.1445 -1.0479 0.1185 0.1526
44.0 -1.0622 0.0777 0.1928 -0.9618 0.087 0.1933 -0.9233 0.0983 0.1856 -0.9208 0.0992 0.1849 -0.9317 0.0959 0.1872 -0.9595 0.0891 0.1914 -0.9911 0.0684 0.2094 -0.9958 0.0702 0.2071 -1.0036 0.0746 0.2018 -1.0135 0.0812 0.1941 -1.0132 0.0744 0.2011
44.0 -1.0622 0.0777 0.1928 -0.9618 0.087 0.1933 -0.9233 0.0983 0.1856 -0.9208 0.0992 0.1849 -0.9317 0.0959 0.1872 -0.9595 0.0891 0.1914 -0.9911 0.0684 0.2094 -0.9958 0.0702 0.2071 -1.0036 0.0746 0.2018 -1.0135 0.0812 0.1941 -1.0132 0.0744 0.2011
46.0 -1.0121 0.068 0.2078 -0.9216 0.0783 0.2061 -0.8742 0.0792 0.2099 -0.8745 0.081 0.208 -0.8807 0.0814 0.207 -0.8888 0.0773 0.2105 -0.9495 0.0569 0.2253 -0.9483 0.0552 0.2271 -0.9477 0.0571 0.2252 -0.9476 0.0614 0.2209 -0.961 0.0597 0.2213
47.0 -0.9968 0.0609 0.2165 -0.8968 0.0725 0.2145 -0.8491 0.0716 0.2202 -0.8493 0.0728 0.2189 -0.8557 0.0738 0.2173 -0.8666 0.0711 0.219 -0.9287 0.0487 0.2357 -0.9284 0.0469 0.2376 -0.9278 0.0488 0.2357 -0.9268 0.0532 0.2313 -0.9417 0.0517 0.2314
48.0 -0.9764 0.0551 0.2245 -0.8704 0.0675 0.2222 -0.829 0.067 0.2269 -0.8283 0.0683 0.2256 -0.8352 0.0674 0.2259 -0.846 0.0641 0.2282 -0.9073 0.0424 0.2443 -0.9069 0.04 0.2468 -0.9073 0.0424 0.2443 -0.9081 0.0466 0.2399 -0.9212 0.0453 0.24
49.0 -0.9526 0.0497 0.2323 -0.847 0.0646 0.2276 -0.8068 0.056 0.2404 -0.8071 0.0578 0.2385 -0.8075 0.0601 0.236 -0.8147 0.0561 0.2395 -0.882 0.0385 0.2508 -0.8816 0.0361 0.2533 -0.881 0.0374 0.252 -0.8798 0.0406 0.2488 -0.8954 0.0405 0.2474
50.0 -0.9345 0.0467 0.2372 -0.819 0.0604 0.2346 -0.8052 0.047 0.2497 -0.8059 0.0506 0.246 -0.8062 0.0524 0.2441 -0.806 0.0512 0.2454 -0.859 0.0324 0.2593 -0.8587 0.0306 0.2611 -0.859 0.0324 0.2593 -0.8588 0.0367 0.2549 -0.874 0.0358 0.2544
51.0 -0.9134 0.0416 0.2445 -0.8072 0.0584 0.2379 -0.8068 0.056 0.2404 -0.8061 0.0518 0.2447 -0.8057 0.05 0.2466 -0.8053 0.0476 0.2491 -0.8384 0.0303 0.2635 -0.8391 0.0247 0.2691 -0.8416 0.0238 0.2698 -0.842 0.0262 0.2674 -0.8549 0.0293 0.2629
52.0 -0.9 0.0409 0.2465 -0.8057 0.05 0.2466 -0.8065 0.0542 0.2423 -0.8061 0.0518 0.2447 -0.808 0.0528 0.2436 -0.8127 0.0546 0.2412 -0.8111 0.0255 0.2712 -0.8137 0.0251 0.2713 -0.8187 0.0287 0.2671 -0.8249 0.034 0.2611 -0.8337 0.0308 0.2634
53.0 -0.8759 0.0387 0.2512 -0.804 0.0399 0.2571 -0.8046 0.0434 0.2534 -0.8056 0.0494 0.2472 -0.8069 0.0566 0.2398 -0.8083 0.0643 0.2317 -0.8001 0.0178 0.2801 -0.8019 0.0279 0.2696 -0.804 0.0399 0.2571 -0.8063 0.053 0.2435 -0.8176 0.0354 0.2603
53.0 -0.8759 0.0387 0.2512 -0.804 0.0399 0.2571 -0.8046 0.0434 0.2534 -0.8056 0.0494 0.2472 -0.8069 0.0566 0.2398 -0.8083 0.0643 0.2317 -0.8001 0.0178 0.2801 -0.8019 0.0279 0.2696 -0.804 0.0399 0.2571 -0.8063 0.053 0.2435 -0.8176 0.0354 0.2603
53.0 -0.8759 0.0387 0.2512 -0.804 0.0399 0.2571 -0.8046 0.0434 0.2534 -0.8056 0.0494 0.2472 -0.8069 0.0566 0.2398 -0.8083 0.0643 0.2317 -0.8001 0.0178 0.2801 -0.8019 0.0279 0.2696 -0.804 0.0399 0.2571 -0.8063 0.053 0.2435 -0.8176 0.0354 0.2603
53.0 -0.8759 0.0387 0.2512 -0.804 0.0399 0.2571 -0.8046 0.0434 0.2534 -0.8056 0.0494 0.2472 -0.8069 0.0566 0.2398 -0.8083 0.0643 0.2317 -0.8001 0.0178 0.2801 -0.8019 0.0279 0.2696 -0.804 0.0399 0.2571 -0.8063 0.053 0.2435 -0.8176 0.0354 0.2603
53.0 -0.8759 0.0387 0.2512 -0.804 0.0399 0.2571 -0.8046 0.0434 0.2534 -0.8056 0.0494 0.2472 -0.8069 0.0566 0.2398 -0.8083 0.0643 0.2317 -0.8001 0.0178 0.2801 -0.8019 0.0279 0.2696 -0.804 0.0399 0.2571 -0.8063 0.053 0.2435 -0.8176 0.0354 0.2603
53.0 -0.8759 0.0387 0.2512 -0.804 0.0399 0.2571 -0.8046 0.0434 0.2534 -0.8056 0.0494 0.2472 -0.8069 0.0566 0.2398 -0.8083 0.0643 0.2317 -0.8001 0.0178 0.2801 -0.8019 0.0279 0.2696 -0.804 0.0399 0.2571 -0.8063 0.053 0.2435 -0.8176 0.0354 0.2603
53.0 -0.8759 0.0387 0.2512 -0.804 0.0399 0.2571 -0.8046 0.0434 0.2534 -0.8056 0.0494 0.2472 -0.8069 0.0566 0.2398 -0.8083 0.0643 0.2317 -0.8001 0.0178 0.2801 -0.8019 0.0279 0.2696 -0.804 0.0399 0.2571 -0.8063 0.053 0.2435 -0.8176 0.0354 0.2603
53.0 -0.8759 0.0387 0.2512 -0.804 0.0399 0.2571 -0.8046 0.0434 0.2534 -0.8056 0.0494 0.2472 -0.8069 0.0566 0.2398 -0.8083 0.0643 0.2317 -0.8001 0.0178 0.2801 -0.8019 0.0279 0.2696 -0.804 0.0399 0.2571 -0.8063 0.053 0.2435 -0.8176 0.0354 0.2603
53.0 -0.8759 0.0387 0.2512 -0.804 0.0399 0.2571 -0.8046 0.0434 0.2534 -0.8056 0.0494 0.2472 -0.8069 0.0566 0.2398 -0.8083 0.0643 0.2317 -0.8001 0.0178 0.2801 -0.8019 0.0279 0.2696 -0.804 0.0399 0.2571 -0.8063 0.053 0.2435 -0.8176 0.0354 0.2603
53.0 -0.8759 0.0387 0.2512 -0.804 0.0399 0.2571 -0.8046 0.0434 0.2534 -0.8056 0.0494 0.2472 -0.8069 0.0566 0.2398 -0.8083 0.0643 0.2317 -0.8001 0.0178 0.2801 -0.8019 0.0279 0.2696 -0.804 0.0399 0.2571 -0.8063 0.053 0.2435 -0.8176 0.0354 0.2603
53.0 -0.8759 0.0387 0.2512 -0.804 0.0399 0.2571 -0.8046 0.0434 0.2534 -0.8056 0.0494 0.2472 -0.8069 0.0566 0.2398 -0.8083 0.0643 0.2317 -0.8001 0.0178 0.2801 -0.8019 0.0279 0.2696 -0.804 0.0399 0.2571 -0.8063 0.053 0.2435 -0.8176 0.0354 0.2603
53.0 -0.8759 0.0387 0.2512 -0.804 0.0399 0.2571 -0.8046 0.0434 0.2534 -0.8056 0.0494 0.2472 -0.8069 0.0566 0.2398 -0.8083 0.0643 0.2317 -0.8001 0.0178 0.2801 -0.8019 0.0279 0.2696 -0.804 0.0399 0.2571 -0.8063 0.053 0.2435 -0.8176 0.0354 0.2603
53.0 -0.8759 0.0387 0.2512 -0.804 0.0399 0.2571 -0.8046 0.0434 0.2534 -0.8056 0.0494 0.2472 -0.8069 0.0566 0.2398 -0.8083 0.0643 0.2317 -0.8001 0.0178 0.2801 -0.8019 0.0279 0.2696 -0.804 0.0399 0.2571 -0.8063 0.053 0.2435 -0.8176 0.0354 0.2603
53.0 -0.8759 0.0387 0.2512 -0.804 0.0399 0.2571 -0.8046 0.0434 0.2534 -0.8056 0.0494 0.2472 -0.8069 0.0566 0.2398 -0.8083 0.0643 0.2317 -0.8001 0.0178 0.2801 -0.8019 0.0279 0.2696 -0.804 0.0399 0.2571 -0.8063 0.053 0.2435 -0.8176 0.0354 0.2603
53.0 -0.8759 0.0387 0.2512 -0.804 0.0399 0.2571 -0.8046 0.0434 0.2534 -0.8056 0.0494 0.2472 -0.8069 0.0566 0.2398 -0.8083 0.0643 0.2317 -0.8001 0.0178 0.2801 -0.8019 0.0279 0.2696 -0.804 0.0399 0.2571 -0.8063 0.053 0.2435 -0.8176 0.0354 0.2603
53.0 -0.8759 0.0387 0.2512 -0.804 0.0399 0.2571 -0.8046 0.0434 0.2534 -0.8056 0.0494 0.2472 -0.8069 0.0566 0.2398 -0.8083 0.0643 0.2317 -0.8001 0.0178 0.2801 -0.8019 0.0279 0.2696 -0.804 0.0399 0.2571 -0.8063 0.053 0.2435 -0.8176 0.0354 0.2603
53.0 -0.8759 0.0387 0.2512 -0.804 0.0399 0.2571 -0.8046 0.0434 0.2534 -0.8056 0.0494 0.2472 -0.8069 0.0566 0.2398 -0.8083 0.0643 0.2317 -0.8001 0.0178 0.2801 -0.8019 0.0279 0.2696 -0.804 0.0399 0.2571 -0.8063 0.053 0.2435 -0.8176 0.0354 0.2603
53.0 -0.8759 0.0387 0.2512 -0.804 0.0399 0.2571 -0.8046 0.0434 0.2534 -0.8056 0.0494 0.2472 -0.8069 0.0566 0.2398 -0.8083 0.0643 0.2317 -0.8001 0.0178 0.2801 -0.8019 0.0279 0.2696 -0.804 0.0399 0.2571 -0.8063 0.053 0.2435 -0.8176 0.0354 0.2603
53.0 -0.8759 0.0387 0.2512 -0.804 0.0399 0.2571 -0.8046 0.0434 0.2534 -0.8056 0.0494 0.2472 -0.8069 0.0566 0.2398 -0.8083 0.0643 0.2317 -0.8001 0.0178 0.2801 -0.8019 0.0279 0.2696 -0.804 0.0399 0.2571 -0.8063 0.053 0.2435 -0.8176 0.0354 0.2603
53.0 -0.8759 0.0387 0.2512 -0.804 0.0399 0.2571 -0.8046 0.0434 0.2534 -0.8056 0.0494 0.2472 -0.8069 0.0566 0.2398 -0.8083 0.0643 0.2317 -0.8001 0.0178 0.2801 -0.8019 0.0279 0.2696 -0.804 0.0399 0.2571 -0.8063 0.053 0.2435 -0.8176 0.0354 0.2603
53.0 -0.8759 0.0387 0.2512 -0.804 0.0399 0.2571 -0.8046 0.0434 0.2534 -0.8056 0.0494 0.2472 -0.8069 0.0566 0.2398 -0.8083 0.0643 0.2317 -0.8001 0.0178 0.2801 -0.8019 0.0279 0.2696 -0.804 0.0399 0.2571 -0.8063 0.053 0.2435 -0.8176 0.0354 0.2603
53.0 -0.8759 0.0387 0.2512 -0.804 0.0399 0.2571 -0.8046 0.0434 0.2534 -0.8056 0.0494 0.2472 -0.8069 0.0566 0.2398 -0.8083 0.0643 0.2317 -0.8001 0.0178 0.2801 -0.8019 0.0279 0.2696 -0.804 0.0399 0.2571 -0.8063 0.053 0.2435 -0.8176 0.0354 0.2603
53.0 -0.8759 0.0387 0.2512 -0.804 0.0399 0.2571 -0.8046 0.0434 0.2534 -0.8056 0.0494 0.2472 -0.8069 0.0566 0.2398 -0.8083 0.0643 0.2317 -0.8001 0.0178 0.2801 -0.8019 0.0279 0.2696 -0.804 0.0399 0.2571 -0.8063 0.053 0.2435 -0.8176 0.0354 0.2603
53.0 -0.8759 0.0387 0.2512 -0.804 0.0399 0.2571 -0.8046 0.0434 0.2534 -0.8056 0.0494 0.2472 -0.8069 0.0566 0.2398 -0.8083 0.0643 0.2317 -0.8001 0.0178 0.2801 -0.8019 0.0279 0.2696 -0.804 0.0399 0.2571 -0.8063 0.053 0.2435 -0.8176 0.0354 0.2603
53.0 -0.8759 0.0387 0.2512 -0.804 0.0399 0.2571 -0.8046 0.0434 0.2534 -0.8056 0.0494 0.2472 -0.8069 0.0566 0.2398 -0.8083 0.0643 0.2317 -0.8001 0.0178 0.2801 -0.8019 0.0279 0.2696 -0.804 0.0399 0.2571 -0.8063 0.053 0.2435 -0.8176 0.0354 0.2603
53.0 -0.8759 0.0387 0.2512 -0.804 0.0399 0.2571 -0.8046 0.0434 0.2534 -0.8056 0.0494 0.2472 -0.8069 0.0566 0.2398 -0.8083 0.0643 0.2317 -0.8001 0.0178 0.2801 -0.8019 0.0279 0.2696 -0.804 0.0399 0.2571 -0.8063 0.053 0.2435 -0.8176 0.0354 0.2603
53.0 -0.8759 0.0387 0.2512 -0.804 0.0399 0.2571 -0.8046 0.0434 0.2534 -0.8056 0.0494 0.2472 -0.8069 0.0566 0.2398 -0.8083 0.0643 0.2317 -0.8001 0.0178 0.2801 -0.8019 0.0279 0.2696 -0.804 0.0399 0.2571 -0.8063 0.053 0.2435 -0.8176 0.0354 0.2603
53.0 -0.8759 0.0387 0.2512 -0.804 0.0399 0.2571 -0.8046 0.0434 0.2534 -0.8056 0.0494 0.2472 -0.8069 0.0566 0.2398 -0.8083 0.0643 0.2317 -0.8001 0.0178 0.2801 -0.8019 0.0279 0.2696 -0.804 0.0399 0.2571 -0.8063 0.053 0.2435 -0.8176 0.0354 0.2603
53.0 -0.8759 0.0387 0.2512 -0.804 0.0399 0.2571 -0.8046 0.0434 0.2534 -0.8056 0.0494 0.2472 -0.8069 0.0566 0.2398 -0.8083 0.0643 0.2317 -0.8001 0.0178 0.2801 -0.8019 0.0279 0.2696 -0.804 0.0399 0.2571 -0.8063 0.053 0.2435 -0.8176 0.0354 0.2603
53.0 -0.8759 0.0387 0.2512 -0.804 0.0399 0.2571 -0.8046 0.0434 0.2534 -0.8056 0.0494 0.2472 -0.8069 0.0566 0.2398 -0.8083 0.0643 0.2317 -0.8001 0.0178 0.2801 -0.8019 0.0279 0.2696 -0.804 0.0399 0.2571 -0.8063 0.053 0.2435 -0.8176 0.0354 0.2603
53.0 -0.8759 0.0387 0.2512 -0.804 0.0399 0.2571 -0.8046 0.0434 0.2534 -0.8056 0.0494 0.2472 -0.8069 0.0566 0.2398 -0.8083 0.0643 0.2317 -0.8001 0.0178 0.2801 -0.8019 0.0279 0.2696 -0.804 0.0399 0.2571 -0.8063 0.053 0.2435 -0.8176 0.0354 0.2603
53.0 -0.8759 0.0387 0.2512 -0.804 0.0399 0.2571 -0.8046 0.0434 0.2534 -0.8056 0.0494 0.2472 -0.8069 0.0566 0.2398 -0.8083 0.0643 0.2317 -0.8001 0.0178 0.2801 -0.8019 0.0279 0.2696 -0.804 0.0399 0.2571 -0.8063 0.053 0.2435 -0.8176 0.0354 0.2603
53.0 -0.8759 0.0387 0.2512 -0.804 0.0399 0.2571 -0.8046 0.0434 0.2534 -0.8056 0.0494 0.2472 -0.8069 0.0566 0.2398 -0.8083 0.0643 0.2317 -0.8001 0.0178 0.2801 -0.8019 0.0279 0.2696 -0.804 0.0399 0.2571 -0.8063 0.053 0.2435 -0.8176 0.0354 0.2603
53.0 -0.8759 0.0387 0.2512 -0.804 0.0399 0.2571 -0.8046 0.0434 0.2534 -0.8056 0.0494 0.2472 -0.8069 0.0566 0.2398 -0.8083 0.0643 0.2317 -0.8001 0.0178 0.2801 -0.8019 0.0279 0.2696 -0.804 0.0399 0.2571 -0.8063 0.053 0.2435 -0.8176 0.0354 0.2603
53.0 -0.8759 0.0387 0.2512 -0.804 0.0399 0.2571 -0.8046 0.0434 0.2534 -0.8056 0.0494 0.2472 -0.8069 0.0566 0.2398 -0.8083 0.0643 0.2317 -0.8001 0.0178 0.2801 -0.8019 0.0279 0.2696 -0.804 0.0399 0.2571 -0.8063 0.053 0.2435 -0.8176 0.0354 0.2603
53.0 -0.8759 0.0387 0.2512 -0.804 0.0399 0.2571 -0.8046 0.0434 0.2534 -0.8056 0.0494 0.2472 -0.8069 0.0566 0.2398 -0.8083 0.0643 0.2317 -0.8001 0.0178 0.2801 -0.8019 0.0279 0.2696 -0.804 0.0399 0.2571 -0.8063 0.053 0.2435 -0.8176 0.0354 0.2603
53.0 -0.8759 0.0387 0.2512 -0.804 0.0399 0.2571 -0.8046 0.0434 0.2534 -0.8056 0.0494 0.2472 -0.8069 0.0566 0.2398 -0.8083 0.0643 0.2317 -0.8001 0.0178 0.2801 -0.8019 0.0279 0.2696 -0.804 0.0399 0.2571 -0.8063 0.053 0.2435 -0.8176 0.0354 0.2603
53.0 -0.8759 0.0387 0.2512 -0.804 0.0399 0.2571 -0.8046 0.0434 0.2534 -0.8056 0.0494 0.2472 -0.8069 0.0566 0.2398 -0.8083 0.0643 0.2317 -0.8001 0.0178 0.2801 -0.8019 0.0279 0.2696 -0.804 0.0399 0.2571 -0.8063 0.053 0.2435 -0.8176 0.0354 0.2603
53.0 -0.8759 0.0387 0.2512 -0.804 0.0399 0.2571 -0.8046 0.0434 0.2534 -0.8056 0.0494 0.2472 -0.8069 0.0566 0.2398 -0.8083 0.0643 0.2317 -0.8001 0.0178 0.2801 -0.8019 0.0279 0.2696 -0.804 0.0399 0.2571 -0.8063 0.053 0.2435 -0.8176 0.0354 0.2603
53.0 -0.8759 0.0387 0.2512 -0.804 0.0399 0.2571 -0.8046 0.0434 0.2534 -0.8056 0.0494 0.2472 -0.8069 0.0566 0.2398 -0.8083 0.0643 0.2317 -0.8001 0.0178 0.2801 -0.8019 0.0279 0.2696 -0.804 0.0399 0.2571 -0.8063 0.053 0.2435 -0.8176 0.0354 0.2603
53.0 -0.8759 0.0387 0.2512 -0.804 0.0399 0.2571 -0.8046 0.0434 0.2534 -0.8056 0.0494 0.2472 -0.8069 0.0566 0.2398 -0.8083 0.0643 0.2317 -0.8001 0.0178 0.2801 -0.8019 0.0279 0.2696 -0.804 0.0399 0.2571 -0.8063 0.053 0.2435 -0.8176 0.0354 0.2603
53.0 -0.8759 0.0387 0.2512 -0.804 0.0399 0.2571 -0.8046 0.0434 0.2534 -0.8056 0.0494 0.2472 -0.8069 0.0566 0.2398 -0.8083 0.0643 0.2317 -0.8001 0.0178 0.2801 -0.8019 0.0279 0.2696 -0.804 0.0399 0.2571 -0.8063 0.053 0.2435 -0.8176 0.0354 0.2603
53.0 -0.8759 0.0387 0.2512 -0.804 0.0399 0.2571 -0.8046 0.0434 0.2534 -0.8056 0.0494 0.2472 -0.8069 0.0566 0.2398 -0.8083 0.0643 0.2317 -0.8001 0.0178 0.2801 -0.8019 0.0279 0.2696 -0.804 0.0399 0.2571 -0.8063 0.053 0.2435 -0.8176 0.0354 0.2603
53.0 -0.8759 0.0387 0.2512 -0.804 0.0399 0.2571 -0.8046 0.0434 0.2534 -0.8056 0.0494 0.2472 -0.8069 0.0566 0.2398 -0.8083 0.0643 0.2317 -0.8001 0.0178 0.2801 -0.8019 0.0279 0.2696 -0.804 0.0399 0.2571 -0.8063 0.053 0.2435 -0.8176 0.0354 0.2603
53.0 -0.8759 0.0387 0.2512 -0.804 0.0399 0.2571 -0.8046 0.0434 0.2534 -0.8056 0.0494 0.2472 -0.8069 0.0566 0.2398 -0.8083 0.0643 0.2317 -0.8001 0.0178 0.2801 -0.8019 0.0279 0.2696 -0.804 0.0399 0.2571 -0.8063 0.053 0.2435 -0.8176 0.0354 0.2603
53.0 -0.8759 0.0387 0.2512 -0.804 0.0399 0.2571 -0.8046 0.0434 0.2534 -0.8056 0.0494 0.2472 -0.8069 0.0566 0.2398 -0.8083 0.0643 0.2317 -0.8001 0.0178 0.2801 -0.8019 0.0279 0.2696 -0.804 0.0399 0.2571 -0.8063 0.053 0.2435 -0.8176 0.0354 0.2603
53.0 -0.8759 0.0387 0.2512 -0.804 0.0399 0.2571 -0.8046 0.0434 0.2534 -0.8056 0.0494 0.2472 -0.8069 0.0566 0.2398 -0.8083 0.0643 0.2317 -0.8001 0.0178 0.2801 -0.8019 0.0279 0.2696 -0.804 0.0399 0.2571 -0.8063 0.053 0.2435 -0.8176 0.0354 0.2603
53.0 -0.8759 0.0387 0.2512 -0.804 0.0399 0.2571 -0.8046 0.0434 0.2534 -0.8056 0.0494 0.2472 -0.8069 0.0566 0.2398 -0.8083 0.0643 0.2317 -0.8001 0.0178 0.2801 -0.8019 0.0279 0.2696 -0.804 0.0399 0.2571 -0.8063 0.053 0.2435 -0.8176 0.0354 0.2603
53.0 -0.8759 0.0387 0.2512 -0.804 0.0399 0.2571 -0.8046 0.0434 0.2534 -0.8056 0.0494 0.2472 -0.8069 0.0566 0.2398 -0.8083 0.0643 0.2317 -0.8001 0.0178 0.2801 -0.8019 0.0279 0.2696 -0.804 0.0399 0.2571 -0.8063 0.053 0.2435 -0.8176 0.0354 0.2603
53.0 -0.8759 0.0387 0.2512 -0.804 0.0399 0.2571 -0.8046 0.0434 0.2534 -0.8056 0.0494 0.2472 -0.8069 0.0566 0.2398 -0.8083 0.0643 0.2317 -0.8001 0.0178 0.2801 -0.8019 0.0279 0.2696 -0.804 0.0399 0.2571 -0.8063 0.053 0.2435 -0.8176 0.0354 0.2603
53.0 -0.8759 0.0387 0.2512 -0.804 0.0399 0.2571 -0.8046 0.0434 0.2534 -0.8056 0.0494 0.2472 -0.8069 0.0566 0.2398 -0.8083 0.0643 0.2317 -0.8001 0.0178 0.2801 -0.8019 0.0279 0.2696 -0.804 0.0399 0.2571 -0.8063 0.053 0.2435 -0.8176 0.0354 0.2603
53.0 -0.8759 0.0387 0.2512 -0.804 0.0399 0.2571 -0.8046 0.0434 0.2534 -0.8056 0.0494 0.2472 -0.8069 0.0566 0.2398 -0.8083 0.0643 0.2317 -0.8001 0.0178 0.2801 -0.8019 0.0279 0.2696 -0.804 0.0399 0.2571 -0.8063 0.053 0.2435 -0.8176 0.0354 0.2603
53.0 -0.8759 0.0387 0.2512 -0.804 0.0399 0.2571 -0.8046 0.0434 0.2534 -0.8056 0.0494 0.2472 -0.8069 0.0566 0.2398 -0.8083 0.0643 0.2317 -0.8001 0.0178 0.2801 -0.8019 0.0279 0.2696 -0.804 0.0399 0.2571 -0.8063 0.053 0.2435 -0.8176 0.0354 0.2603
53.0 -0.8759 0.0387 0.2512 -0.804 0.0399 0.2571 -0.8046 0.0434 0.2534 -0.8056 0.0494 0.2472 -0.8069 0.0566 0.2398 -0.8083 0.0643 0.2317 -0.8001 0.0178 0.2801 -0.8019 0.0279 0.2696 -0.804 0.0399 0.2571 -0.8063 0.053 0.2435 -0.8176 0.0354 0.2603
53.0 -0.8759 0.0387 0.2512 -0.804 0.0399 0.2571 -0.8046 0.0434 0.2534 -0.8056 0.0494 0.2472 -0.8069 0.0566 0.2398 -0.8083 0.0643 0.2317 -0.8001 0.0178 0.2801 -0.8019 0.0279 0.2696 -0.804 0.0399 0.2571 -0.8063 0.053 0.2435 -0.8176 0.0354 0.2603
53.0 -0.8759 0.0387 0.2512 -0.804 0.0399 0.2571 -0.8046 0.0434 0.2534 -0.8056 0.0494 0.2472 -0.8069 0.0566 0.2398 -0.8083 0.0643 0.2317 -0.8001 0.0178 0.2801 -0.8019 0.0279 0.2696 -0.804 0.0399 0.2571 -0.8063 0.053 0.2435 -0.8176 0.0354 0.2603
53.0 -0.8759 0.0387 0.2512 -0.804 0.0399 0.2571 -0.8046 0.0434 0.2534 -0.8056 0.0494 0.2472 -0.8069 0.0566 0.2398 -0.8083 0.0643 0.2317 -0.8001 0.0178 0.2801 -0.8019 0.0279 0.2696 -0.804 0.0399 0.2571 -0.8063 0.053 0.2435 -0.8176 0.0354 0.2603
53.0 -0.8759 0.0387 0.2512 -0.804 0.0399 0.2571 -0.8046 0.0434 0.2534 -0.8056 0.0494 0.2472 -0.8069 0.0566 0.2398 -0.8083 0.0643 0.2317 -0.8001 0.0178 0.2801 -0.8019 0.0279 0.2696 -0.804 0.0399 0.2571 -0.8063 0.053 0.2435 -0.8176 0.0354 0.2603
53.0 -0.8759 0.0387 0.2512 -0.804 0.0399 0.2571 -0.8046 0.0434 0.2534 -0.8056 0.0494 0.2472 -0.8069 0.0566 0.2398 -0.8083 0.0643 0.2317 -0.8001 0.0178 0.2801 -0.8019 0.0279 0.2696 -0.804 0.0399 0.2571 -0.8063 0.053 0.2435 -0.8176 0.0354 0.2603
53.0 -0.8759 0.0387 0.2512 -0.804 0.0399 0.2571 -0.8046 0.0434 0.2534 -0.8056 0.0494 0.2472 -0.8069 0.0566 0.2398 -0.8083 0.0643 0.2317 -0.8001 0.0178 0.2801 -0.8019 0.0279 0.2696 -0.804 0.0399 0.2571 -0.8063 0.053 0.2435 -0.8176 0.0354 0.2603
53.0 -0.8759 0.0387 0.2512 -0.804 0.0399 0.2571 -0.8046 0.0434 0.2534 -0.8056 0.0494 0.2472 -0.8069 0.0566 0.2398 -0.8083 0.0643 0.2317 -0.8001 0.0178 0.2801 -0.8019 0.0279 0.2696 -0.804 0.0399 0.2571 -0.8063 0.053 0.2435 -0.8176 0.0354 0.2603
53.0 -0.8759 0.0387 0.2512 -0.804 0.0399 0.2571 -0.8046 0.0434 0.2534 -0.8056 0.0494 0.2472 -0.8069 0.0566 0.2398 -0.8083 0.0643 0.2317 -0.8001 0.0178 0.2801 -0.8019 0.0279 0.2696 -0.804 0.0399 0.2571 -0.8063 0.053 0.2435 -0.8176 0.0354 0.2603
53.0 -0.8759 0.0387 0.2512 -0.804 0.0399 0.2571 -0.8046 0.0434 0.2534 -0.8056 0.0494 0.2472 -0.8069 0.0566 0.2398 -0.8083 0.0643 0.2317 -0.8001 0.0178 0.2801 -0.8019 0.0279 0.2696 -0.804 0.0399 0.2571 -0.8063 0.053 0.2435 -0.8176 0.0354 0.2603
53.0 -0.8759 0.0387 0.2512 -0.804 0.0399 0.2571 -0.8046 0.0434 0.2534 -0.8056 0.0494 0.2472 -0.8069 0.0566 0.2398 -0.8083 0.0643 0.2317 -0.8001 0.0178 0.2801 -0.8019 0.0279 0.2696 -0.804 0.0399 0.2571 -0.8063 0.053 0.2435 -0.8176 0.0354 0.2603
53.0 -0.8759 0.0387 0.2512 -0.804 0.0399 0.2571 -0.8046 0.0434 0.2534 -0.8056 0.0494 0.2472 -0.8069 0.0566 0.2398 -0.8083 0.0643 0.2317 -0.8001 0.0178 0.2801 -0.8019 0.0279 0.2696 -0.804 0.0399 0.2571 -0.8063 0.053 0.2435 -0.8176 0.0354 0.2603
53.0 -0.8759 0.0387 0.2512 -0.804 0.0399 0.2571 -0.8046 0.0434 0.2534 -0.8056 0.0494 0.2472 -0.8069 0.0566 0.2398 -0.8083 0.0643 0.2317 -0.8001 0.0178 0.2801 -0.8019 0.0279 0.2696 -0.804 0.0399 0.2571 -0.8063 0.053 0.2435 -0.8176 0.0354 0.2603
53.0 -0.8759 0.0387 0.2512 -0.804 0.0399 0.2571 -0.8046 0.0434 0.2534 -0.8056 0.0494 0.2472 -0.8069 0.0566 0.2398 -0.8083 0.0643 0.2317 -0.8001 0.0178 0.2801 -0.8019 0.0279 0.2696 -0.804 0.0399 0.2571 -0.8063 0.053 0.2435 -0.8176 0.0354 0.2603
53.0 -0.8759 0.0387 0.2512 -0.804 0.0399 0.2571 -0.8046 0.0434 0.2534 -0.8056 0.0494 0.2472 -0.8069 0.0566 0.2398 -0.8083 0.0643 0.2317 -0.8001 0.0178 0.2801 -0.8019 0.0279 0.2696 -0.804 0.0399 0.2571 -0.8063 0.053 0.2435 -0.8176 0.0354 0.2603
53.0 -0.8759 0.0387 0.2512 -0.804 0.0399 0.2571 -0.8046 0.0434 0.2534 -0.8056 0.0494 0.2472 -0.8069 0.0566 0.2398 -0.8083 0.0643 0.2317 -0.8001 0.0178 0.2801 -0.8019 0.0279 0.2696 -0.804 0.0399 0.2571 -0.8063 0.053 0.2435 -0.8176 0.0354 0.2603
53.0 -0.8759 0.0387 0.2512 -0.804 0.0399 0.2571 -0.8046 0.0434 0.2534 -0.8056 0.0494 0.2472 -0.8069 0.0566 0.2398 -0.8083 0.0643 0.2317 -0.8001 0.0178 0.2801 -0.8019 0.0279 0.2696 -0.804 0.0399 0.2571 -0.8063 0.053 0.2435 -0.8176 0.0354 0.2603
53.0 -0.8759 0.0387 0.2512 -0.804 0.0399 0.2571 -0.8046 0.0434 0.2534 -0.8056 0.0494 0.2472 -0.8069 0.0566 0.2398 -0.8083 0.0643 0.2317 -0.8001 0.0178 0.2801 -0.8019 0.0279 0.2696 -0.804 0.0399 0.2571 -0.8063 0.053 0.2435 -0.8176 0.0354 0.2603
53.0 -0.8759 0.0387 0.2512 -0.804 0.0399 0.2571 -0.8046 0.0434 0.2534 -0.8056 0.0494 0.2472 -0.8069 0.0566 0.2398 -0.8083 0.0643 0.2317 -0.8001 0.0178 0.2801 -0.8019 0.0279 0.2696 -0.804 0.0399 0.2571 -0.8063 0.053 0.2435 -0.8176 0.0354 0.2603
53.0 -0.8759 0.0387 0.2512 -0.804 0.0399 0.2571 -0.8046 0.0434 0.2534 -0.8056 0.0494 0.2472 -0.8069 0.0566 0.2398 -0.8083 0.0643 0.2317 -0.8001 0.0178 0.2801 -0.8019 0.0279 0.2696 -0.804 0.0399 0.2571 -0.8063 0.053 0.2435 -0.8176 0.0354 0.2603
53.0 -0.8759 0.0387 0.2512 -0.804 0.0399 0.2571 -0.8046 0.0434 0.2534 -0.8056 0.0494 0.2472 -0.8069 0.0566 0.2398 -0.8083 0.0643 0.2317 -0.8001 0.0178 0.2801 -0.8019 0.0279 0.2696 -0.804 0.0399 0.2571 -0.8063 0.053 0.2435 -0.8176 0.0354 0.2603
53.0 -0.8759 0.0387 0.2512 -0.804 0.0399 0.2571 -0.8046 0.0434 0.2534 -0.8056 0.0494 0.2472 -0.8069 0.0566 0.2398 -0.8083 0.0643 0.2317 -0.8001 0.0178 0.2801 -0.8019 0.0279 0.2696 -0.804 0.0399 0.2571 -0.8063 0.053 0.2435 -0.8176 0.0354 0.2603
53.0 -0.8759 0.0387 0.2512 -0.804 0.0399 0.2571 -0.8046 0.0434 0.2534 -0.8056 0.0494 0.2472 -0.8069 0.0566 0.2398 -0.8083 0.0643 0.2317 -0.8001 0.0178 0.2801 -0.8019 0.0279 0.2696 -0.804 0.0399 0.2571 -0.8063 0.053 0.2435 -0.8176 0.0354 0.2603
53.0 -0.8759 0.0387 0.2512 -0.804 0.0399 0.2571 -0.8046 0.0434 0.2534 -0.8056 0.0494 0.2472 -0.8069 0.0566 0.2398 -0.8083 0.0643 0.2317 -0.8001 0.0178 0.2801 -0.8019 0.0279 0.2696 -0.804 0.0399 0.2571 -0.8063 0.053 0.2435 -0.8176 0.0354 0.2603
53.0 -0.8759 0.0387 0.2512 -0.804 0.0399 0.2571 -0.8046 0.0434 0.2534 -0.8056 0.0494 0.2472 -0.8069 0.0566 0.2398 -0.8083 0.0643 0.2317 -0.8001 0.0178 0.2801 -0.8019 0.0279 0.2696 -0.804 0.0399 0.2571 -0.8063 0.053 0.2435 -0.8176 0.0354 0.2603
53.0 -0.8759 0.0387 0.2512 -0.804 0.0399 0.2571 -0.8046 0.0434 0.2534 -0.8056 0.0494 0.2472 -0.8069 0.0566 0.2398 -0.8083 0.0643 0.2317 -0.8001 0.0178 0.2801 -0.8019 0.0279 0.2696 -0.804 0.0399 0.2571 -0.8063 0.053 0.2435 -0.8176 0.0354 0.2603
53.0 -0.8759 0.0387 0.2512 -0.804 0.0399 0.2571 -0.8046 0.0434 0.2534 -0.8056 0.0494 0.2472 -0.8069 0.0566 0.2398 -0.8083 0.0643 0.2317 -0.8001 0.0178 0.2801 -0.8019 0.0279 0.2696 -0.804 0.0399 0.2571 -0.8063 0.053 0.2435 -0.8176 0.0354 0.2603
53.0 -0.8759 0.0387 0.2512 -0.804 0.0399 0.2571 -0.8046 0.0434 0.2534 -0.8056 0.0494 0.2472 -0.8069 0.0566 0.2398 -0.8083 0.0643 0.2317 -0.8001 0.0178 0.2801 -0.8019 0.0279 0.2696 -0.804 0.0399 0.2571 -0.8063 0.053 0.2435 -0.8176 0.0354 0.2603
53.0 -0.8759 0.0387 0.2512 -0.804 0.0399 0.2571 -0.8046 0.0434 0.2534 -0.8056 0.0494 0.2472 -0.8069 0.0566 0.2398 -0.8083 0.0643 0.2317 -0.8001 0.0178 0.2801 -0.8019 0.0279 0.2696 -0.804 0.0399 0.2571 -0.8063 0.053 0.2435 -0.8176 0.0354 0.2603
53.0 -0.8759 0.0387 0.2512 -0.804 0.0399 0.2571 -0.8046 0.0434 0.2534 -0.8056 0.0494 0.2472 -0.8069 0.0566 0.2398 -0.8083 0.0643 0.2317 -0.8001 0.0178 0.2801 -0.8019 0.0279 0.2696 -0.804 0.0399 0.2571 -0.8063 0.053 0.2435 -0.8176 0.0354 0.2603
53.0 -0.8759 0.0387 0.2512 -0.804 0.0399 0.2571 -0.8046 0.0434 0.2534 -0.8056 0.0494 0.2472 -0.8069 0.0566 0.2398 -0.8083 0.0643 0.2317 -0.8001 0.0178 0.2801 -0.8019 0.0279 0.2696 -0.804 0.0399 0.2571 -0.8063 0.053 0.2435 -0.8176 0.0354 0.2603
53.0 -0.8759 0.0387 0.2512 -0.804 0.0399 0.2571 -0.8046 0.0434 0.2534 -0.8056 0.0494 0.2472 -0.8069 0.0566 0.2398 -0.8083 0.0643 0.2317 -0.8001 0.0178 0.2801 -0.8019 0.0279 0.2696 -0.804 0.0399 0.2571 -0.8063 0.053 0.2435 -0.8176 0.0354 0.2603
53.0 -0.8759 0.0387 0.2512 -0.804 0.0399 0.2571 -0.8046 0.0434 0.2534 -0.8056 0.0494 0.2472 -0.8069 0.0566 0.2398 -0.8083 0.0643 0.2317 -0.8001 0.0178 0.2801 -0.8019 0.0279 0.2696 -0.804 0.0399 0.2571 -0.8063 0.053 0.2435 -0.8176 0.0354 0.2603
53.0 -0.8759 0.0387 0.2512 -0.804 0.0399 0.2571 -0.8046 0.0434 0.2534 -0.8056 0.0494 0.2472 -0.8069 0.0566 0.2398 -0.8083 0.0643 0.2317 -0.8001 0.0178 0.2801 -0.8019 0.0279 0.2696 -0.804 0.0399 0.2571 -0.8063 0.053 0.2435 -0.8176 0.0354 0.2603
53.0 -0.8759 0.0387 0.2512 -0.804 0.0399 0.2571 -0.8046 0.0434 0.2534 -0.8056 0.0494 0.2472 -0.8069 0.0566 0.2398 -0.8083 0.0643 0.2317 -0.8001 0.0178 0.2801 -0.8019 0.0279 0.2696 -0.804 0.0399 0.2571 -0.8063 0.053 0.2435 -0.8176 0.0354 0.2603
53.0 -0.8759 0.0387 0.2512 -0.804 0.0399 0.2571 -0.8046 0.0434 0.2534 -0.8056 0.0494 0.2472 -0.8069 0.0566 0.2398 -0.8083 0.0643 0.2317 -0.8001 0.0178 0.2801 -0.8019 0.0279 0.2696 -0.804 0.0399 0.2571 -0.8063 0.053 0.2435 -0.8176 0.0354 0.2603
53.0 -0.8759 0.0387 0.2512 -0.804 0.0399 0.2571 -0.8046 0.0434 0.2534 -0.8056 0.0494 0.2472 -0.8069 0.0566 0.2398 -0.8083 0.0643 0.2317 -0.8001 0.0178 0.2801 -0.8019 0.0279 0.2696 -0.804 0.0399 0.2571 -0.8063 0.053 0.2435 -0.8176 0.0354 0.2603
53.0 -0.8759 0.0387 0.2512 -0.804 0.0399 0.2571 -0.8046 0.0434 0.2534 -0.8056 0.0494 0.2472 -0.8069 0.0566 0.2398 -0.8083 0.0643 0.2317 -0.8001 0.0178 0.2801 -0.8019 0.0279 0.2696 -0.804 0.0399 0.2571 -0.8063 0.053 0.2435 -0.8176 0.0354 0.2603
53.0 -0.8759 0.0387 0.2512 -0.804 0.0399 0.2571 -0.8046 0.0434 0.2534 -0.8056 0.0494 0.2472 -0.8069 0.0566 0.2398 -0.8083 0.0643 0.2317 -0.8001 0.0178 0.2801 -0.8019 0.0279 0.2696 -0.804 0.0399 0.2571 -0.8063 0.053 0.2435 -0.8176 0.0354 0.2603
53.0 -0.8759 0.0387 0.2512 -0.804 0.0399 0.2571 -0.8046 0.0434 0.2534 -0.8056 0.0494 0.2472 -0.8069 0.0566 0.2398 -0.8083 0.0643 0.2317 -0.8001 0.0178 0.2801 -0.8019 0.0279 0.2696 -0.804 0.0399 0.2571 -0.8063 0.053 0.2435 -0.8176 0.0354 0.2603
53.0 -0.8759 0.0387 0.2512 -0.804 0.0399 0.2571 -0.8046 0.0434 0.2534 -0.8056 0.0494 0.2472 -0.8069 0.0566 0.2398 -0.8083 0.0643 0.2317 -0.8001 0.0178 0.2801 -0.8019 0.0279 0.2696 -0.804 0.0399 0.2571 -0.8063 0.053 0.2435 -0.8176 0.0354 0.2603
53.0 -0.8759 0.0387 0.2512 -0.804 0.0399 0.2571 -0.8046 0.0434 0.2534 -0.8056 0.0494 0.2472 -0.8069 0.0566 0.2398 -0.8083 0.0643 0.2317 -0.8001 0.0178 0.2801 -0.8019 0.0279 0.2696 -0.804 0.0399 0.2571 -0.8063 0.053 0.2435 -0.8176 0.0354 0.2603
53.0 -0.8759 0.0387 0.2512 -0.804 0.0399 0.2571 -0.8046 0.0434 0.2534 -0.8056 0.0494 0.2472 -0.8069 0.0566 0.2398 -0.8083 0.0643 0.2317 -0.8001 0.0178 0.2801 -0.8019 0.0279 0.2696 -0.804 0.0399 0.2571 -0.8063 0.053 0.2435 -0.8176 0.0354 0.2603
53.0 -0.8759 0.0387 0.2512 -0.804 0.0399 0.2571 -0.8046 0.0434 0.2534 -0.8056 0.0494 0.2472 -0.8069 0.0566 0.2398 -0.8083 0.0643 0.2317 -0.8001 0.0178 0.2801 -0.8019 0.0279 0.2696 -0.804 0.0399 0.2571 -0.8063 0.053 0.2435 -0.8176 0.0354 0.2603
53.0 -0.8759 0.0387 0.2512 -0.804 0.0399 0.2571 -0.8046 0.0434 0.2534 -0.8056 0.0494 0.2472 -0.8069 0.0566 0.2398 -0.8083 0.0643 0.2317 -0.8001 0.0178 0.2801 -0.8019 0.0279 0.2696 -0.804 0.0399 0.2571 -0.8063 0.053 0.2435 -0.8176 0.0354 0.2603
53.0 -0.8759 0.0387 0.2512 -0.804 0.0399 0.2571 -0.8046 0.0434 0.2534 -0.8056 0.0494 0.2472 -0.8069 0.0566 0.2398 -0.8083 0.0643 0.2317 -0.8001 0.0178 0.2801 -0.8019 0.0279 0.2696 -0.804 0.0399 0.2571 -0.8063 0.053 0.2435 -0.8176 0.0354 0.2603
53.0 -0.8759 0.0387 0.2512 -0.804 0.0399 0.2571 -0.8046 0.0434 0.2534 -0.8056 0.0494 0.2472 -0.8069 0.0566 0.2398 -0.8083 0.0643 0.2317 -0.8001 0.0178 0.2801 -0.8019 0.0279 0.2696 -0.804 0.0399 0.2571 -0.8063 0.053 0.2435 -0.8176 0.0354 0.2603
53.0 -0.8759 0.0387 0.2512 -0.804 0.0399 0.2571 -0.8046 0.0434 0.2534 -0.8056 0.0494 0.2472 -0.8069 0.0566 0.2398 -0.8083 0.0643 0.2317 -0.8001 0.0178 0.2801 -0.8019 0.0279 0.2696 -0.804 0.0399 0.2571 -0.8063 0.053 0.2435 -0.8176 0.0354 0.2603
53.0 -0.8759 0.0387 0.2512 -0.804 0.0399 0.2571 -0.8046 0.0434 0.2534 -0.8056 0.0494 0.2472 -0.8069 0.0566 0.2398 -0.8083 0.0643 0.2317 -0.8001 0.0178 0.2801 -0.8019 0.0279 0.2696 -0.804 0.0399 0.2571 -0.8063 0.053 0.2435 -0.8176 0.0354 0.2603
53.0 -0.8759 0.0387 0.2512 -0.804 0.0399 0.2571 -0.8046 0.0434 0.2534 -0.8056 0.0494 0.2472 -0.8069 0.0566 0.2398 -0.8083 0.0643 0.2317 -0.8001 0.0178 0.2801 -0.8019 0.0279 0.2696 -0.804 0.0399 0.2571 -0.8063 0.053 0.2435 -0.8176 0.0354 0.2603
53.0 -0.8759 0.0387 0.2512 -0.804 0.0399 0.2571 -0.8046 0.0434 0.2534 -0.8056 0.0494 0.2472 -0.8069 0.0566 0.2398 -0.8083 0.0643 0.2317 -0.8001 0.0178 0.2801 -0.8019 0.0279 0.2696 -0.804 0.0399 0.2571 -0.8063 0.053 0.2435 -0.8176 0.0354 0.2603
53.0 -0.8759 0.0387 0.2512 -0.804 0.0399 0.2571 -0.8046 0.0434 0.2534 -0.8056 0.0494 0.2472 -0.8069 0.0566 0.2398 -0.8083 0.0643 0.2317 -0.8001 0.0178 0.2801 -0.8019 0.0279 0.2696 -0.804 0.0399 0.2571 -0.8063 0.053 0.2435 -0.8176 0.0354 0.2603
53.0 -0.8759 0.0387 0.2512 -0.804 0.0399 0.2571 -0.8046 0.0434 0.2534 -0.8056 0.0494 0.2472 -0.8069 0.0566 0.2398 -0.8083 0.0643 0.2317 -0.8001 0.0178 0.2801 -0.8019 0.0279 0.2696 -0.804 0.0399 0.2571 -0.8063 0.053 0.2435 -0.8176 0.0354 0.2603
53.0 -0.8759 0.0387 0.2512 -0.804 0.0399 0.2571 -0.8046 0.0434 0.2534 -0.8056 0.0494 0.2472 -0.8069 0.0566 0.2398 -0.8083 0.0643 0.2317 -0.8001 0.0178 0.2801 -0.8019 0.0279 0.2696 -0.804 0.0399 0.2571 -0.8063 0.053 0.2435 -0.8176 0.0354 0.2603
53.0 -0.8759 0.0387 0.2512 -0.804 0.0399 0.2571 -0.8046 0.0434 0.2534 -0.8056 0.0494 0.2472 -0.8069 0.0566 0.2398 -0.8083 0.0643 0.2317 -0.8001 0.0178 0.2801 -0.8019 0.0279 0.2696 -0.804 0.0399 0.2571 -0.8063 0.053 0.2435 -0.8176 0.0354 0.2603
53.0 -0.8759 0.0387 0.2512 -0.804 0.0399 0.2571 -0.8046 0.0434 0.2534 -0.8056 0.0494 0.2472 -0.8069 0.0566 0.2398 -0.8083 0.0643 0.2317 -0.8001 0.0178 0.2801 -0.8019 0.0279 0.2696 -0.804 0.0399 0.2571 -0.8063 0.053 0.2435 -0.8176 0.0354 0.2603
53.0 -0.8759 0.0387 0.2512 -0.804 0.0399 0.2571 -0.8046 0.0434 0.2534 -0.8056 0.0494 0.2472 -0.8069 0.0566 0.2398 -0.8083 0.0643 0.2317 -0.8001 0.0178 0.2801 -0.8019 0.0279 0.2696 -0.804 0.0399 0.2571 -0.8063 0.053 0.2435 -0.8176 0.0354 0.2603
53.0 -0.8759 0.0387 0.2512 -0.804 0.0399 0.2571 -0.8046 0.0434 0.2534 -0.8056 0.0494 0.2472 -0.8069 0.0566 0.2398 -0.8083 0.0643 0.2317 -0.8001 0.0178 0.2801 -0.8019 0.0279 0.2696 -0.804 0.0399 0.2571 -0.8063 0.053 0.2435 -0.8176 0.0354 0.2603
53.0 -0.8759 0.0387 0.2512 -0.804 0.0399 0.2571 -0.8046 0.0434 0.2534 -0.8056 0.0494 0.2472 -0.8069 0.0566 0.2398 -0.8083 0.0643 0.2317 -0.8001 0.0178 0.2801 -0.8019 0.0279 0.2696 -0.804 0.0399 0.2571 -0.8063 0.053 0.2435 -0.8176 0.0354 0.2603
53.0 -0.8759 0.0387 0.2512 -0.804 0.0399 0.2571 -0.8046 0.0434 0.2534 -0.8056 0.0494 0.2472 -0.8069 0.0566 0.2398 -0.8083 0.0643 0.2317 -0.8001 0.0178 0.2801 -0.8019 0.0279 0.2696 -0.804 0.0399 0.2571 -0.8063 0.053 0.2435 -0.8176 0.0354 0.2603
53.0 -0.8759 0.0387 0.2512 -0.804 0.0399 0.2571 -0.8046 0.0434 0.2534 -0.8056 0.0494 0.2472 -0.8069 0.0566 0.2398 -0.8083 0.0643 0.2317 -0.8001 0.0178 0.2801 -0.8019 0.0279 0.2696 -0.804 0.0399 0.2571 -0.8063 0.053 0.2435 -0.8176 0.0354 0.2603
53.0 -0.8759 0.0387 0.2512 -0.804 0.0399 0.2571 -0.8046 0.0434 0.2534 -0.8056 0.0494 0.2472 -0.8069 0.0566 0.2398 -0.8083 0.0643 0.2317 -0.8001 0.0178 0.2801 -0.8019 0.0279 0.2696 -0.804 0.0399 0.2571 -0.8063 0.053 0.2435 -0.8176 0.0354 0.2603
53.0 -0.8759 0.0387 0.2512 -0.804 0.0399 0.2571 -0.8046 0.0434 0.2534 -0.8056 0.0494 0.2472 -0.8069 0.0566 0.2398 -0.8083 0.0643 0.2317 -0.8001 0.0178 0.2801 -0.8019 0.0279 0.2696 -0.804 0.0399 0.2571 -0.8063 0.053 0.2435 -0.8176 0.0354 0.2603
53.0 -0.8759 0.0387 0.2512 -0.804 0.0399 0.2571 -0.8046 0.0434 0.2534 -0.8056 0.0494 0.2472 -0.8069 0.0566 0.2398 -0.8083 0.0643 0.2317 -0.8001 0.0178 0.2801 -0.8019 0.0279 0.2696 -0.804 0.0399 0.2571 -0.8063 0.053 0.2435 -0.8176 0.0354 0.2603
53.0 -0.8759 0.0387 0.2512 -0.804 0.0399 0.2571 -0.8046 0.0434 0.2534 -0.8056 0.0494 0.2472 -0.8069 0.0566 0.2398 -0.8083 0.0643 0.2317 -0.8001 0.0178 0.2801 -0.8019 0.0279 0.2696 -0.804 0.0399 0.2571 -0.8063 0.053 0.2435 -0.8176 0.0354 0.2603
53.0 -0.8759 0.0387 0.2512 -0.804 0.0399 0.2571 -0.8046 0.0434 0.2534 -0.8056 0.0494 0.2472 -0.8069 0.0566 0.2398 -0.8083 0.0643 0.2317 -0.8001 0.0178 0.2801 -0.8019 0.0279 0.2696 -0.804 0.0399 0.2571 -0.8063 0.053 0.2435 -0.8176 0.0354 0.2603
53.0 -0.8759 0.0387 0.2512 -0.804 0.0399 0.2571 -0.8046 0.0434 0.2534 -0.8056 0.0494 0.2472 -0.8069 0.0566 0.2398 -0.8083 0.0643 0.2317 -0.8001 0.0178 0.2801 -0.8019 0.0279 0.2696 -0.804 0.0399 0.2571 -0.8063 0.053 0.2435 -0.8176 0.0354 0.2603
53.0 -0.8759 0.0387 0.2512 -0.804 0.0399 0.2571 -0.8046 0.0434 0.2534 -0.8056 0.0494 0.2472 -0.8069 0.0566 0.2398 -0.8083 0.0643 0.2317 -0.8001 0.0178 0.2801 -0.8019 0.0279 0.2696 -0.804 0.0399 0.2571 -0.8063 0.053 0.2435 -0.8176 0.0354 0.2603
53.0 -0.8759 0.0387 0.2512 -0.804 0.0399 0.2571 -0.8046 0.0434 0.2534 -0.8056 0.0494 0.2472 -0.8069 0.0566 0.2398 -0.8083 0.0643 0.2317 -0.8001 0.0178 0.2801 -0.8019 0.0279 0.2696 -0.804 0.0399 0.2571 -0.8063 0.053 0.2435 -0.8176 0.0354 0.2603
53.0 -0.8759 0.0387 0.2512 -0.804 0.0399 0.2571 -0.8046 0.0434 0.2534 -0.8056 0.0494 0.2472 -0.8069 0.0566 0.2398 -0.8083 0.0643 0.2317 -0.8001 0.0178 0.2801 -0.8019 0.0279 0.2696 -0.804 0.0399 0.2571 -0.8063 0.053 0.2435 -0.8176 0.0354 0.2603
53.0 -0.8759 0.0387 0.2512 -0.804 0.0399 0.2571 -0.8046 0.0434 0.2534 -0.8056 0.0494 0.2472 -0.8069 0.0566 0.2398 -0.8083 0.0643 0.2317 -0.8001 0.0178 0.2801 -0.8019 0.0279 0.2696 -0.804 0.0399 0.2571 -0.8063 0.053 0.2435 -0.8176 0.0354 0.2603
53.0 -0.8759 0.0387 0.2512 -0.804 0.0399 0.2571 -0.8046 0.0434 0.2534 -0.8056 0.0494 0.2472 -0.8069 0.0566 0.2398 -0.8083 0.0643 0.2317 -0.8001 0.0178 0.2801 -0.8019 0.0279 0.2696 -0.804 0.0399 0.2571 -0.8063 0.053 0.2435 -0.8176 0.0354 0.2603
53.0 -0.8759 0.0387 0.2512 -0.804 0.0399 0.2571 -0.8046 0.0434 0.2534 -0.8056 0.0494 0.2472 -0.8069 0.0566 0.2398 -0.8083 0.0643 0.2317 -0.8001 0.0178 0.2801 -0.8019 0.0279 0.2696 -0.804 0.0399 0.2571 -0.8063 0.053 0.2435 -0.8176 0.0354 0.2603
53.0 -0.8759 0.0387 0.2512 -0.804 0.0399 0.2571 -0.8046 0.0434 0.2534 -0.8056 0.0494 0.2472 -0.8069 0.0566 0.2398 -0.8083 0.0643 0.2317 -0.8001 0.0178 0.2801 -0.8019 0.0279 0.2696 -0.804 0.0399 0.2571 -0.8063 0.053 0.2435 -0.8176 0.0354 0.2603
53.0 -0.8759 0.0387 0.2512 -0.804 0.0399 0.2571 -0.8046 0.0434 0.2534 -0.8056 0.0494 0.2472 -0.8069 0.0566 0.2398 -0.8083 0.0643 0.2317 -0.8001 0.0178 0.2801 -0.8019 0.0279 0.2696 -0.804 0.0399 0.2571 -0.8063 0.053 0.2435 -0.8176 0.0354 0.2603
53.0 -0.8759 0.0387 0.2512 -0.804 0.0399 0.2571 -0.8046 0.0434 0.2534 -0.8056 0.0494 0.2472 -0.8069 0.0566 0.2398 -0.8083 0.0643 0.2317 -0.8001 0.0178 0.2801 -0.8019 0.0279 0.2696 -0.804 0.0399 0.2571 -0.8063 0.053 0.2435 -0.8176 0.0354 0.2603
53.0 -0.8759 0.0387 0.2512 -0.804 0.0399 0.2571 -0.8046 0.0434 0.2534 -0.8056 0.0494 0.2472 -0.8069 0.0566 0.2398 -0.8083 0.0643 0.2317 -0.8001 0.0178 0.2801 -0.8019 0.0279 0.2696 -0.804 0.0399 0.2571 -0.8063 0.053 0.2435 -0.8176 0.0354 0.2603
53.0 -0.8759 0.0387 0.2512 -0.804 0.0399 0.2571 -0.8046 0.0434 0.2534 -0.8056 0.0494 0.2472 -0.8069 0.0566 0.2398 -0.8083 0.0643 0.2317 -0.8001 0.0178 0.2801 -0.8019 0.0279 0.2696 -0.804 0.0399 0.2571 -0.8063 0.053 0.2435 -0.8176 0.0354 0.2603
53.0 -0.8759 0.0387 0.2512 -0.804 0.0399 0.2571 -0.8046 0.0434 0.2534 -0.8056 0.0494 0.2472 -0.8069 0.0566 0.2398 -0.8083 0.0643 0.2317 -0.8001 0.0178 0.2801 -0.8019 0.0279 0.2696 -0.804 0.0399 0.2571 -0.8063 0.053 0.2435 -0.8176 0.0354 0.2603
53.0 -0.8759 0.0387 0.2512 -0.804 0.0399 0.2571 -0.8046 0.0434 0.2534 -0.8056 0.0494 0.2472 -0.8069 0.0566 0.2398 -0.8083 0.0643 0.2317 -0.8001 0.0178 0.2801 -0.8019 0.0279 0.2696 -0.804 0.0399 0.2571 -0.8063 0.053 0.2435 -0.8176 0.0354 0.2603
53.0 -0.8759 0.0387 0.2512 -0.804 0.0399 0.2571 -0.8046 0.0434 0.2534 -0.8056 0.0494 0.2472 -0.8069 0.0566 0.2398 -0.8083 0.0643 0.2317 -0.8001 0.0178 0.2801 -0.8019 0.0279 0.2696 -0.804 0.0399 0.2571 -0.8063 0.053 0.2435 -0.8176 0.0354 0.2603
53.0 -0.8759 0.0387 0.2512 -0.804 0.0399 0.2571 -0.8046 0.0434 0.2534 -0.8056 0.0494 0.2472 -0.8069 0.0566 0.2398 -0.8083 0.0643 0.2317 -0.8001 0.0178 0.2801 -0.8019 0.0279 0.2696 -0.804 0.0399 0.2571 -0.8063 0.053 0.2435 -0.8176 0.0354 0.2603
53.0 -0.8759 0.0387 0.2512 -0.804 0.0399 0.2571 -0.8046 0.0434 0.2534 -0.8056 0.0494 0.2472 -0.8069 0.0566 0.2398 -0.8083 0.0643 0.2317 -0.8001 0.0178 0.2801 -0.8019 0.0279 0.2696 -0.804 0.0399 0.2571 -0.8063 0.053 0.2435 -0.8176 0.0354 0.2603
53.0 -0.8759 0.0387 0.2512 -0.804 0.0399 0.2571 -0.8046 0.0434 0.2534 -0.8056 0.0494 0.2472 -0.8069 0.0566 0.2398 -0.8083 0.0643 0.2317 -0.8001 0.0178 0.2801 -0.8019 0.0279 0.2696 -0.804 0.0399 0.2571 -0.8063 0.053 0.2435 -0.8176 0.0354 0.2603
53.0 -0.8759 0.0387 0.2512 -0.804 0.0399 0.2571 -0.8046 0.0434 0.2534 -0.8056 0.0494 0.2472 -0.8069 0.0566 0.2398 -0.8083 0.0643 0.2317 -0.8001 0.0178 0.2801 -0.8019 0.0279 0.2696 -0.804 0.0399 0.2571 -0.8063 0.053 0.2435 -0.8176 0.0354 0.2603
53.0 -0.8759 0.0387 0.2512 -0.804 0.0399 0.2571 -0.8046 0.0434 0.2534 -0.8056 0.0494 0.2472 -0.8069 0.0566 0.2398 -0.8083 0.0643 0.2317 -0.8001 0.0178 0.2801 -0.8019 0.0279 0.2696 -0.804 0.0399 0.2571 -0.8063 0.053 0.2435 -0.8176 0.0354 0.2603
53.0 -0.8759 0.0387 0.2512 -0.804 0.0399 0.2571 -0.8046 0.0434 0.2534 -0.8056 0.0494 0.2472 -0.8069 0.0566 0.2398 -0.8083 0.0643 0.2317 -0.8001 0.0178 0.2801 -0.8019 0.0279 0.2696 -0.804 0.0399 0.2571 -0.8063 0.053 0.2435 -0.8176 0.0354 0.2603
53.0 -0.8759 0.0387 0.2512 -0.804 0.0399 0.2571 -0.8046 0.0434 0.2534 -0.8056 0.0494 0.2472 -0.8069 0.0566 0.2398 -0.8083 0.0643 0.2317 -0.8001 0.0178 0.2801 -0.8019 0.0279 0.2696 -0.804 0.0399 0.2571 -0.8063 0.053 0.2435 -0.8176 0.0354 0.2603
53.0 -0.8759 0.0387 0.2512 -0.804 0.0399 0.2571 -0.8046 0.0434 0.2534 -0.8056 0.0494 0.2472 -0.8069 0.0566 0.2398 -0.8083 0.0643 0.2317 -0.8001 0.0178 0.2801 -0.8019 0.0279 0.2696 -0.804 0.0399 0.2571 -0.8063 0.053 0.2435 -0.8176 0.0354 0.2603
53.0 -0.8759 0.0387 0.2512 -0.804 0.0399 0.2571 -0.8046 0.0434 0.2534 -0.8056 0.0494 0.2472 -0.8069 0.0566 0.2398 -0.8083 0.0643 0.2317 -0.8001 0.0178 0.2801 -0.8019 0.0279 0.2696 -0.804 0.0399 0.2571 -0.8063 0.053 0.2435 -0.8176 0.0354 0.2603
53.0 -0.8759 0.0387 0.2512 -0.804 0.0399 0.2571 -0.8046 0.0434 0.2534 -0.8056 0.0494 0.2472 -0.8069 0.0566 0.2398 -0.8083 0.0643 0.2317 -0.8001 0.0178 0.2801 -0.8019 0.0279 0.2696 -0.804 0.0399 0.2571 -0.8063 0.053 0.2435 -0.8176 0.0354 0.2603
53.0 -0.8759 0.0387 0.2512 -0.804 0.0399 0.2571 -0.8046 0.0434 0.2534 -0.8056 0.0494 0.2472 -0.8069 0.0566 0.2398 -0.8083 0.0643 0.2317 -0.8001 0.0178 0.2801 -0.8019 0.0279 0.2696 -0.804 0.0399 0.2571 -0.8063 0.053 0.2435 -0.8176 0.0354 0.2603
53.0 -0.8759 0.0387 0.2512 -0.804 0.0399 0.2571 -0.8046 0.0434 0.2534 -0.8056 0.0494 0.2472 -0.8069 0.0566 0.2398 -0.8083 0.0643 0.2317 -0.8001 0.0178 0.2801 -0.8019 0.0279 0.2696 -0.804 0.0399 0.2571 -0.8063 0.053 0.2435 -0.8176 0.0354 0.2603
53.0 -0.8759 0.0387 0.2512 -0.804 0.0399 0.2571 -0.8046 0.0434 0.2534 -0.8056 0.0494 0.2472 -0.8069 0.0566 0.2398 -0.8083 0.0643 0.2317 -0.8001 0.0178 0.2801 -0.8019 0.0279 0.2696 -0.804 0.0399 0.2571 -0.8063 0.053 0.2435 -0.8176 0.0354 0.2603
53.0 -0.8759 0.0387 0.2512 -0.804 0.0399 0.2571 -0.8046 0.0434 0.2534 -0.8056 0.0494 0.2472 -0.8069 0.0566 0.2398 -0.8083 0.0643 0.2317 -0.8001 0.0178 0.2801 -0.8019 0.0279 0.2696 -0.804 0.0399 0.2571 -0.8063 0.053 0.2435 -0.8176 0.0354 0.2603
53.0 -0.8759 0.0387 0.2512 -0.804 0.0399 0.2571 -0.8046 0.0434 0.2534 -0.8056 0.0494 0.2472 -0.8069 0.0566 0.2398 -0.8083 0.0643 0.2317 -0.8001 0.0178 0.2801 -0.8019 0.0279 0.2696 -0.804 0.0399 0.2571 -0.8063 0.053 0.2435 -0.8176 0.0354 0.2603
53.0 -0.8759 0.0387 0.2512 -0.804 0.0399 0.2571 -0.8046 0.0434 0.2534 -0.8056 0.0494 0.2472 -0.8069 0.0566 0.2398 -0.8083 0.0643 0.2317 -0.8001 0.0178 0.2801 -0.8019 0.0279 0.2696 -0.804 0.0399 0.2571 -0.8063 0.053 0.2435 -0.8176 0.0354 0.2603
53.0 -0.8759 0.0387 0.2512 -0.804 0.0399 0.2571 -0.8046 0.0434 0.2534 -0.8056 0.0494 0.2472 -0.8069 0.0566 0.2398 -0.8083 0.0643 0.2317 -0.8001 0.0178 0.2801 -0.8019 0.0279 0.2696 -0.804 0.0399 0.2571 -0.8063 0.053 0.2435 -0.8176 0.0354 0.2603
53.0 -0.8759 0.0387 0.2512 -0.804 0.0399 0.2571 -0.8046 0.0434 0.2534 -0.8056 0.0494 0.2472 -0.8069 0.0566 0.2398 -0.8083 0.0643 0.2317 -0.8001 0.0178 0.2801 -0.8019 0.0279 0.2696 -0.804 0.0399 0.2571 -0.8063 0.053 0.2435 -0.8176 0.0354 0.2603
53.0 -0.8759 0.0387 0.2512 -0.804 0.0399 0.2571 -0.8046 0.0434 0.2534 -0.8056 0.0494 0.2472 -0.8069 0.0566 0.2398 -0.8083 0.0643 0.2317 -0.8001 0.0178 0.2801 -0.8019 0.0279 0.2696 -0.804 0.0399 0.2571 -0.8063 0.053 0.2435 -0.8176 0.0354 0.2603
53.0 -0.8759 0.0387 0.2512 -0.804 0.0399 0.2571 -0.8046 0.0434 0.2534 -0.8056 0.0494 0.2472 -0.8069 0.0566 0.2398 -0.8083 0.0643 0.2317 -0.8001 0.0178 0.2801 -0.8019 0.0279 0.2696 -0.804 0.0399 0.2571 -0.8063 0.053 0.2435 -0.8176 0.0354 0.2603
53.0 -0.8759 0.0387 0.2512 -0.804 0.0399 0.2571 -0.8046 0.0434 0.2534 -0.8056 0.0494 0.2472 -0.8069 0.0566 0.2398 -0.8083 0.0643 0.2317 -0.8001 0.0178 0.2801 -0.8019 0.0279 0.2696 -0.804 0.0399 0.2571 -0.8063 0.053 0.2435 -0.8176 0.0354 0.2603
53.0 -0.8759 0.0387 0.2512 -0.804 0.0399 0.2571 -0.8046 0.0434 0.2534 -0.8056 0.0494 0.2472 -0.8069 0.0566 0.2398 -0.8083 0.0643 0.2317 -0.8001 0.0178 0.2801 -0.8019 0.0279 0.2696 -0.804 0.0399 0.2571 -0.8063 0.053 0.2435 -0.8176 0.0354 0.2603
209.0 -0.9007 0.0494 0.2378 -0.8061 0.0518 0.2447 -0.8068 0.056 0.2404 -0.8075 0.0601 0.236 -0.8089 0.0679 0.228 -0.8106 0.0774 0.2181 -0.8184 0.0318 0.2639 -0.8198 0.0396 0.2559 -0.8244 0.0511 0.2436 -0.8322 0.0654 0.2283 -0.8391 0.0475 0.2459
210.0 -0.9197 0.0529 0.2323 -0.8102 0.0757 0.2199 -0.8069 0.0566 0.2398 -0.8059 0.0506 0.246 -0.8051 0.0464 0.2503 -0.805 0.0458 0.2509 -0.8465 0.0518 0.2407 -0.8491 0.0411 0.2514 -0.8525 0.0357 0.2565 -0.855 0.0348 0.2572 -0.8646 0.0433 0.2476
211.0 -0.9537 0.0557 0.2261 -0.8342 0.0816 0.2115 -0.8068 0.056 0.2404 -0.8063 0.053 0.2435 -0.8061 0.0518 0.2447 -0.8061 0.0518 0.2447 -0.8721 0.052 0.2379 -0.8742 0.0438 0.2461 -0.8755 0.0412 0.2487 -0.8757 0.0424 0.2474 -0.8902 0.047 0.2413
212.0 -0.9803 0.0619 0.2171 -0.8605 0.0866 0.2038 -0.8148 0.0665 0.2288 -0.8134 0.0636 0.2319 -0.8218 0.0613 0.2335 -0.8337 0.059 0.2346 -0.8997 0.0593 0.2278 -0.9017 0.0505 0.2366 -0.9038 0.0472 0.2398 -0.9047 0.0476 0.2392 -0.918 0.0533 0.2321
213.0 -1.0024 0.068 0.2086 -0.8904 0.0911 0.1962 -0.8482 0.0711 0.2208 -0.8484 0.0675 0.2245 -0.8559 0.0652 0.2261 -0.8672 0.0643 0.2259 -0.9288 0.0645 0.2195 -0.9298 0.0552 0.2289 -0.9302 0.0521 0.2321 -0.931 0.052 0.2321 -0.9445 0.0584 0.2242
214.0 -1.0212 0.0747 0.2 -0.917 0.0973 0.1872 -0.8813 0.0795 0.2089 -0.8822 0.0745 0.214 -0.8888 0.0724 0.2155 -0.8983 0.0711 0.2158 -0.9555 0.0713 0.2099 -0.9559 0.0633 0.2181 -0.9571 0.0601 0.2212 -0.9579 0.06 0.2213 -0.9695 0.0659 0.2141
215.0 -1.045 0.08 0.1922 -0.944 0.101 0.1808 -0.9047 0.0873 0.1986 -0.9059 0.0841 0.2018 -0.9134 0.0819 0.2033 -0.9218 0.0795 0.2049 -0.9824 0.0744 0.2041 -0.9821 0.0671 0.2116 -0.9825 0.0646 0.2141 -0.9826 0.0652 0.2135 -0.9949 0.0703 0.2071
216.0 -1.1247 0.098 0.1659 -1.018 0.1069 0.1674 -0.9973 0.1042 0.1722 -1.0 0.1044 0.1717 -1.0122 0.1089 0.1659 -1.0303 0.1113 0.1616 -1.0689 0.0908 0.1787 -1.0735 0.0969 0.172 -1.0783 0.1042 0.1641 -1.0825 0.1134 0.1543 -1.0856 0.1007 0.167
216.0 -1.1247 0.098 0.1659 -1.018 0.1069 0.1674 -0.9973 0.1042 0.1722 -1.0 0.1044 0.1717 -1.0122 0.1089 0.1659 -1.0303 0.1113 0.1616 -1.0689 0.0908 0.1787 -1.0735 0.0969 0.172 -1.0783 0.1042 0.1641 -1.0825 0.1134 0.1543 -1.0856 0.1007 0.167
216.0 -1.1247 0.098 0.1659 -1.018 0.1069 0.1674 -0.9973 0.1042 0.1722 -1.0 0.1044 0.1717 -1.0122 0.1089 0.1659 -1.0303 0.1113 0.1616 -1.0689 0.0908 0.1787 -1.0735 0.0969 0.172 -1.0783 0.1042 0.1641 -1.0825 0.1134 0.1543 -1.0856 0.1007 0.167
216.0 -1.1247 0.098 0.1659 -1.018 0.1069 0.1674 -0.9973 0.1042 0.1722 -1.0 0.1044 0.1717 -1.0122 0.1089 0.1659 -1.0303 0.1113 0.1616 -1.0689 0.0908 0.1787 -1.0735 0.0969 0.172 -1.0783 0.1042 0.1641 -1.0825 0.1134 0.1543 -1.0856 0.1007 0.167
216.0 -1.1247 0.098 0.1659 -1.018 0.1069 0.1674 -0.9973 0.1042 0.1722 -1.0 0.1044 0.1717 -1.0122 0.1089 0.1659 -1.0303 0.1113 0.1616 -1.0689 0.0908 0.1787 -1.0735 0.0969 0.172 -1.0783 0.1042 0.1641 -1.0825 0.1134 0.1543 -1.0856 0.1007 0.167
216.0 -1.1247 0.098 0.1659 -1.018 0.1069 0.1674 -0.9973 0.1042 0.1722 -1.0 0.1044 0.1717 -1.0122 0.1089 0.1659 -1.0303 0.1113 0.1616 -1.0689 0.0908 0.1787 -1.0735 0.0969 0.172 -1.0783 0.1042 0.1641 -1.0825 0.1134 0.1543 -1.0856 0.1007 0.167
216.0 -1.1247 0.098 0.1659 -1.018 0.1069 0.1674 -0.9973 0.1042 0.1722 -1.0 0.1044 0.1717 -1.0122 0.1089 0.1659 -1.0303 0.1113 0.1616 -1.0689 0.0908 0.1787 -1.0735 0.0969 0.172 -1.0783 0.1042 0.1641 -1.0825 0.1134 0.1543 -1.0856 0.1007 0.167
216.0 -1.1247 0.098 0.1659 -1.018 0.1069 0.1674 -0.9973 0.1042 0.1722 -1.0 0.1044 0.1717 -1.0122 0.1089 0.1659 -1.0303 0.1113 0.1616 -1.0689 0.0908 0.1787 -1.0735 0.0969 0.172 -1.0783 0.1042 0.1641 -1.0825 0.1134 0.1543 -1.0856 0.1007 0.167
216.0 -1.1247 0.098 0.1659 -1.018 0.1069 0.1674 -0.9973 0.1042 0.1722 -1.0 0.1044 0.1717 -1.0122 0.1089 0.1659 -1.0303 0.1113 0.1616 -1.0689 0.0908 0.1787 -1.0735 0.0969 0.172 -1.0783 0.1042 0.1641 -1.0825 0.1134 0.1543 -1.0856 0.1007 0.167
216.0 -1.1247 0.098 0.1659 -1.018 0.1069 0.1674 -0.9973 0.1042 0.1722 -1.0 0.1044 0.1717 -1.0122 0.1089 0.1659 -1.0303 0.1113 0.1616 -1.0689 0.0908 0.1787 -1.0735 0.0969 0.172 -1.0783 0.1042 0.1641 -1.0825 0.1134 0.1543 -1.0856 0.1007 0.167
216.0 -1.1247 0.098 0.1659 -1.018 0.1069 0.1674 -0.9973 0.1042 0.1722 -1.0 0.1044 0.1717 -1.0122 0.1089 0.1659 -1.0303 0.1113 0.1616 -1.0689 0.0908 0.1787 -1.0735 0.0969 0.172 -1.0783 0.1042 0.1641 -1.0825 0.1134 0.1543 -1.0856 0.1007 0.167
216.0 -1.1247 0.098 0.1659 -1.018 0.1069 0.1674 -0.9973 0.1042 0.1722 -1.0 0.1044 0.1717 -1.0122 0.1089 0.1659 -1.0303 0.1113 0.1616 -1.0689 0.0908 0.1787 -1.0735 0.0969 0.172 -1.0783 0.1042 0.1641 -1.0825 0.1134 0.1543 -1.0856 0.1007 0.167
216.0 -1.1247 0.098 0.1659 -1.018 0.1069 0.1674 -0.9973 0.1042 0.1722 -1.0 0.1044 0.1717 -1.0122 0.1089 0.1659 -1.0303 0.1113 0.1616 -1.0689 0.0908 0.1787 -1.0735 0.0969 0.172 -1.0783 0.1042 0.1641 -1.0825 0.1134 0.1543 -1.0856 0.1007 0.167
216.0 -1.1247 0.098 0.1659 -1.018 0.1069 0.1674 -0.9973 0.1042 0.1722 -1.0 0.1044 0.1717 -1.0122 0.1089 0.1659 -1.0303 0.1113 0.1616 -1.0689 0.0908 0.1787 -1.0735 0.0969 0.172 -1.0783 0.1042 0.1641 -1.0825 0.1134 0.1543 -1.0856 0.1007 0.167
216.0 -1.1247 0.098 0.1659 -1.018 0.1069 0.1674 -0.9973 0.1042 0.1722 -1.0 0.1044 0.1717 -1.0122 0.1089 0.1659 -1.0303 0.1113 0.1616 -1.0689 0.0908 0.1787 -1.0735 0.0969 0.172 -1.0783 0.1042 0.1641 -1.0825 0.1134 0.1543 -1.0856 0.1007 0.167
216.0 -1.1247 0.098 0.1659 -1.018 0.1069 0.1674 -0.9973 0.1042 0.1722 -1.0 0.1044 0.1717 -1.0122 0.1089 0.1659 -1.0303 0.1113 0.1616 -1.0689 0.0908 0.1787 -1.0735 0.0969 0.172 -1.0783 0.1042 0.1641 -1.0825 0.1134 0.1543 -1.0856 0.1007 0.167
216.0 -1.1247 0.098 0.1659 -1.018 0.1069 0.1674 -0.9973 0.1042 0.1722 -1.0 0.1044 0.1717 -1.0122 0.1089 0.1659 -1.0303 0.1113 0.1616 -1.0689 0.0908 0.1787 -1.0735 0.0969 0.172 -1.0783 0.1042 0.1641 -1.0825 0.1134 0.1543 -1.0856 0.1007 0.167
216.0 -1.1247 0.098 0.1659 -1.018 0.1069 0.1674 -0.9973 0.1042 0.1722 -1.0 0.1044 0.1717 -1.0122 0.1089 0.1659 -1.0303 0.1113 0.1616 -1.0689 0.0908 0.1787 -1.0735 0.0969 0.172 -1.0783 0.1042 0.1641 -1.0825 0.1134 0.1543 -1.0856 0.1007 0.167
