1.0 -1.1715 -0.0464 0.3089 -1.1123 -0.058 0.3265 -1.0423 -0.0406 0.3157 -1.0431 -0.026 0.3008 -1.0576 -0.0188 0.292 -1.0899 -0.0103 0.2801 -1.1047 -0.0563 0.3256 -1.1039 -0.0458 0.315 -1.1099 -0.0369 0.3052 -1.1219 -0.0281 0.2951 -1.1224 -0.0427 0.31
2.0 -1.1723 -0.0471 0.3095 -1.1121 -0.0592 0.3278 -1.0441 -0.0408 0.3158 -1.0423 -0.0259 0.3007 -1.0587 -0.0177 0.2907 -1.0899 -0.0103 0.2801 -1.1048 -0.0557 0.325 -1.104 -0.0452 0.3144 -1.11 -0.0363 0.3046 -1.1219 -0.0281 0.2951 -1.1226 -0.0425 0.3097
3.0 -1.1723 -0.0471 0.3095 -1.1116 -0.0572 0.3259 -1.0432 -0.0407 0.3158 -1.0431 -0.026 0.3008 -1.0586 -0.0183 0.2914 -1.0906 -0.0111 0.2807 -1.1048 -0.0557 0.325 -1.104 -0.0452 0.3144 -1.1107 -0.037 0.3053 -1.1227 -0.0288 0.2957 -1.1229 -0.0428 0.31
4.0 -1.1723 -0.0471 0.3095 -1.1112 -0.059 0.3278 -1.0441 -0.0408 0.3158 -1.043 -0.0266 0.3014 -1.0594 -0.0184 0.2914 -1.0899 -0.0103 0.2801 -1.1048 -0.0557 0.325 -1.1048 -0.0453 0.3144 -1.1107 -0.037 0.3053 -1.1227 -0.0288 0.2957 -1.1231 -0.0428 0.31
5.0 -1.1723 -0.0471 0.3095 -1.1121 -0.0592 0.3278 -1.0441 -0.0408 0.3158 -1.0423 -0.0259 0.3007 -1.0594 -0.0184 0.2914 -1.0906 -0.0111 0.2807 -1.1056 -0.0558 0.325 -1.1048 -0.0453 0.3144 -1.1107 -0.037 0.3053 -1.1228 -0.0282 0.2951 -1.1233 -0.0427 0.3099
6.0 -1.1741 -0.0468 0.309 -1.1131 -0.0587 0.3272 -1.0441 -0.0408 0.3158 -1.043 -0.0266 0.3014 -1.0595 -0.0179 0.2908 -1.0906 -0.0111 0.2807 -1.1055 -0.0564 0.3257 -1.1057 -0.0455 0.3144 -1.1107 -0.037 0.3053 -1.1228 -0.0282 0.2951 -1.1238 -0.0428 0.3099
7.0 -1.173 -0.0478 0.3102 -1.1132 -0.0581 0.3266 -1.0441 -0.0408 0.3158 -1.0423 -0.0259 0.3007 -1.0594 -0.0184 0.2914 -1.0906 -0.0111 0.2807 -1.1048 -0.0557 0.325 -1.1047 -0.0459 0.315 -1.1107 -0.037 0.3053 -1.1236 -0.0289 0.2958 -1.1234 -0.0431 0.3102
8.0 -1.1741 -0.0468 0.309 -1.1131 -0.0587 0.3272 -1.0448 -0.0415 0.3164 -1.0438 -0.0273 0.302 -1.0594 -0.0184 0.2914 -1.0915 -0.0112 0.2808 -1.1063 -0.0571 0.3263 -1.1065 -0.0462 0.3151 -1.1115 -0.0377 0.3059 -1.1236 -0.0289 0.2958 -1.1244 -0.0433 0.3104
9.0 -1.174 -0.0474 0.3096 -1.114 -0.0582 0.3266 -1.0449 -0.0409 0.3158 -1.0439 -0.0267 0.3014 -1.0603 -0.0186 0.2914 -1.0906 -0.0111 0.2807 -1.1055 -0.0564 0.3257 -1.1047 -0.0459 0.315 -1.1115 -0.0377 0.3059 -1.1237 -0.0283 0.2951 -1.1239 -0.0432 0.3103
10.0 -1.175 -0.0469 0.309 -1.1132 -0.0581 0.3266 -1.0449 -0.0409 0.3158 -1.044 -0.0261 0.3008 -1.0585 -0.0189 0.292 -1.0915 -0.0112 0.2808 -1.1066 -0.0554 0.3245 -1.1066 -0.0456 0.3145 -1.1124 -0.0372 0.3053 -1.1236 -0.0289 0.2958 -1.1248 -0.0428 0.3098
11.0 -1.1741 -0.0468 0.309 -1.1141 -0.0576 0.326 -1.0449 -0.0409 0.3158 -1.0441 -0.0255 0.3002 -1.0603 -0.0186 0.2914 -1.0915 -0.0112 0.2808 -1.1066 -0.0554 0.3245 -1.1066 -0.0456 0.3145 -1.1117 -0.0365 0.3047 -1.1237 -0.0283 0.2951 -1.1245 -0.0425 0.3095
12.0 -1.175 -0.0469 0.309 -1.1149 -0.0583 0.3266 -1.0458 -0.041 0.3159 -1.0449 -0.0263 0.3008 -1.0611 -0.0187 0.2915 -1.0915 -0.0112 0.2808 -1.1065 -0.056 0.3251 -1.1065 -0.0462 0.3151 -1.1124 -0.0372 0.3053 -1.1245 -0.0285 0.2952 -1.125 -0.0429 0.3099
13.0 -1.175 -0.0469 0.309 -1.1132 -0.0581 0.3266 -1.0458 -0.041 0.3159 -1.044 -0.0261 0.3008 -1.0611 -0.0187 0.2915 -1.0915 -0.0112 0.2808 -1.1054 -0.057 0.3263 -1.1055 -0.0467 0.3157 -1.1116 -0.0371 0.3053 -1.1237 -0.0283 0.2951 -1.1242 -0.0432 0.3103
14.0 -1.175 -0.0469 0.309 -1.1112 -0.059 0.3278 -1.045 -0.0403 0.3152 -1.0448 -0.0269 0.3014 -1.061 -0.0193 0.2921 -1.0925 -0.0107 0.2802 -1.1046 -0.0569 0.3262 -1.1046 -0.0465 0.3156 -1.1107 -0.037 0.3053 -1.1228 -0.0282 0.2951 -1.1235 -0.0431 0.3102
15.0 -1.1758 -0.047 0.309 -1.114 -0.0582 0.3266 -1.0458 -0.041 0.3159 -1.0449 -0.0263 0.3008 -1.062 -0.0188 0.2915 -1.0932 -0.0114 0.2808 -1.1063 -0.0571 0.3263 -1.1064 -0.0468 0.3157 -1.1123 -0.0378 0.3059 -1.1244 -0.0291 0.2958 -1.125 -0.0436 0.3106
16.0 -1.1758 -0.047 0.309 -1.1151 -0.0571 0.3254 -1.0458 -0.041 0.3159 -1.0457 -0.0264 0.3009 -1.0629 -0.0189 0.2915 -1.0923 -0.0113 0.2808 -1.1072 -0.0573 0.3263 -1.1072 -0.0469 0.3157 -1.1132 -0.0379 0.306 -1.1254 -0.0286 0.2952 -1.1258 -0.0435 0.3105
17.0 -1.1766 -0.0477 0.3097 -1.1141 -0.0576 0.326 -1.0465 -0.0418 0.3165 -1.0464 -0.0277 0.3021 -1.062 -0.0188 0.2915 -1.0923 -0.0113 0.2808 -1.1079 -0.058 0.327 -1.1081 -0.047 0.3158 -1.1132 -0.0379 0.306 -1.1244 -0.0291 0.2958 -1.126 -0.0439 0.3108
18.0 -1.1739 -0.0479 0.3102 -1.1159 -0.0578 0.3261 -1.0458 -0.041 0.3159 -1.044 -0.0261 0.3008 -1.0611 -0.0187 0.2915 -1.0925 -0.0107 0.2802 -1.1064 -0.0566 0.3257 -1.1066 -0.0456 0.3145 -1.1124 -0.0372 0.3053 -1.1245 -0.0285 0.2952 -1.1248 -0.0432 0.3102
19.0 -1.1766 -0.0477 0.3097 -1.114 -0.0582 0.3266 -1.0466 -0.0412 0.3159 -1.0456 -0.027 0.3015 -1.061 -0.0193 0.2921 -1.0923 -0.0113 0.2808 -1.1073 -0.0567 0.3257 -1.1073 -0.0463 0.3151 -1.1133 -0.0373 0.3054 -1.1245 -0.0285 0.2952 -1.1258 -0.0433 0.3102
20.0 -1.1768 -0.0465 0.3084 -1.1159 -0.0578 0.3261 -1.0475 -0.0413 0.3159 -1.0472 -0.0278 0.3022 -1.0619 -0.0194 0.2921 -1.0931 -0.012 0.2815 -1.1089 -0.0575 0.3264 -1.1081 -0.047 0.3158 -1.114 -0.038 0.306 -1.1253 -0.0292 0.2958 -1.1266 -0.0436 0.3105
21.0 -1.1765 -0.0483 0.3103 -1.1156 -0.059 0.3273 -1.0475 -0.0413 0.3159 -1.0464 -0.0277 0.3021 -1.0628 -0.0195 0.2922 -1.0923 -0.0113 0.2808 -1.1071 -0.0579 0.327 -1.1072 -0.0469 0.3157 -1.1132 -0.0379 0.306 -1.1245 -0.0285 0.2952 -1.1257 -0.0439 0.3108
22.0 -1.1766 -0.0477 0.3097 -1.1158 -0.0584 0.3267 -1.0484 -0.0414 0.316 -1.0457 -0.0264 0.3009 -1.0619 -0.0194 0.2921 -1.0925 -0.0107 0.2802 -1.1097 -0.0576 0.3264 -1.1089 -0.0471 0.3158 -1.114 -0.038 0.306 -1.1253 -0.0292 0.2958 -1.1269 -0.0439 0.3108
23.0 -1.1757 -0.0476 0.3096 -1.1167 -0.0579 0.3261 -1.0475 -0.0413 0.3159 -1.0466 -0.0265 0.3009 -1.0611 -0.0187 0.2915 -1.0933 -0.0108 0.2802 -1.1089 -0.0575 0.3264 -1.1082 -0.0464 0.3151 -1.1142 -0.0374 0.3054 -1.1253 -0.0292 0.2958 -1.1264 -0.0436 0.3105
24.0 -1.1756 -0.0482 0.3103 -1.1158 -0.0584 0.3267 -1.0476 -0.0407 0.3153 -1.0466 -0.0265 0.3009 -1.0612 -0.0181 0.2908 -1.0925 -0.0107 0.2802 -1.1071 -0.0579 0.327 -1.1073 -0.0463 0.3151 -1.1133 -0.0373 0.3054 -1.1245 -0.0285 0.2952 -1.1256 -0.0436 0.3106
25.0 -1.1766 -0.0477 0.3097 -1.1175 -0.0587 0.3267 -1.0475 -0.0413 0.3159 -1.0474 -0.0266 0.3009 -1.062 -0.0188 0.2915 -1.0932 -0.0114 0.2808 -1.108 -0.0574 0.3264 -1.1082 -0.0464 0.3151 -1.1142 -0.0374 0.3054 -1.1254 -0.0286 0.2952 -1.1265 -0.0435 0.3104
26.0 -1.1757 -0.0476 0.3096 -1.1175 -0.0587 0.3267 -1.0476 -0.0407 0.3153 -1.0466 -0.0265 0.3009 -1.062 -0.0188 0.2915 -1.0926 -0.0101 0.2796 -1.1081 -0.0568 0.3258 -1.1082 -0.0464 0.3151 -1.1133 -0.0373 0.3054 -1.1245 -0.0285 0.2952 -1.126 -0.0433 0.3102
27.0 -1.175 -0.0469 0.309 -1.1151 -0.0571 0.3254 -1.0475 -0.0413 0.3159 -1.0465 -0.0271 0.3015 -1.061 -0.0193 0.2921 -1.0925 -0.0107 0.2802 -1.1081 -0.0568 0.3258 -1.1081 -0.047 0.3158 -1.1132 -0.0379 0.306 -1.1244 -0.0291 0.2958 -1.1258 -0.0435 0.3105
28.0 -1.1751 -0.0463 0.3084 -1.1156 -0.059 0.3273 -1.0466 -0.0412 0.3159 -1.0455 -0.0276 0.3021 -1.0612 -0.0181 0.2908 -1.0923 -0.0113 0.2808 -1.108 -0.0574 0.3264 -1.1073 -0.0463 0.3151 -1.1124 -0.0372 0.3053 -1.1237 -0.0283 0.2951 -1.1253 -0.0431 0.3101
29.0 -1.173 -0.0478 0.3102 -1.1115 -0.0578 0.3265 -1.0448 -0.0415 0.3164 -1.0429 -0.0272 0.302 -1.0605 -0.0174 0.2902 -1.0907 -0.0105 0.2801 -1.1045 -0.0575 0.3269 -1.1045 -0.0471 0.3163 -1.1106 -0.0376 0.3059 -1.1227 -0.0288 0.2957 -1.1231 -0.0438 0.311
30.0 -1.1703 -0.0481 0.3107 -1.1086 -0.0593 0.3283 -1.0419 -0.043 0.3182 -1.0412 -0.027 0.3019 -1.0577 -0.0182 0.2913 -1.089 -0.0102 0.2801 -1.1035 -0.058 0.3275 -1.1037 -0.047 0.3162 -1.1096 -0.0381 0.3065 -1.1209 -0.0292 0.2963 -1.1216 -0.0441 0.3114
31.0 -1.1694 -0.0486 0.3113 -1.1074 -0.061 0.3301 -1.04 -0.0439 0.3194 -1.0391 -0.0291 0.3043 -1.0559 -0.0186 0.2919 -1.0862 -0.0111 0.2812 -1.1018 -0.0578 0.3274 -1.102 -0.0468 0.3162 -1.1078 -0.0384 0.307 -1.1199 -0.0297 0.2969 -1.1202 -0.0442 0.3117
32.0 -1.1651 -0.048 0.3111 -1.1047 -0.0612 0.3306 -1.0372 -0.0448 0.3205 -1.0373 -0.0295 0.3049 -1.054 -0.0195 0.2931 -1.0852 -0.0121 0.2824 -1.0981 -0.0585 0.3285 -1.0982 -0.0481 0.3179 -1.1042 -0.0391 0.3081 -1.1171 -0.0305 0.298 -1.1165 -0.0449 0.3127
33.0 -1.1641 -0.0485 0.3117 -1.1002 -0.0569 0.3267 -1.0364 -0.0447 0.3205 -1.0351 -0.0317 0.3073 -1.0522 -0.0193 0.293 -1.0825 -0.0124 0.2829 -1.0978 -0.0603 0.3304 -1.097 -0.0498 0.3197 -1.104 -0.0403 0.3094 -1.1162 -0.031 0.2986 -1.1158 -0.046 0.3139
34.0 -1.1588 -0.049 0.3127 -1.0932 -0.0615 0.3321 -1.0325 -0.0466 0.3228 -1.0317 -0.0312 0.3072 -1.0479 -0.0187 0.2928 -1.0788 -0.0131 0.284 -1.0949 -0.0617 0.3321 -1.0951 -0.0508 0.3209 -1.1012 -0.0412 0.3105 -1.1135 -0.0312 0.2991 -1.1127 -0.0468 0.3151
35.0 -1.1535 -0.0489 0.3132 -1.0904 -0.0623 0.3332 -1.029 -0.0467 0.3233 -1.0253 -0.0322 0.3088 -1.0425 -0.0198 0.2945 -1.0743 -0.0137 0.2851 -1.0915 -0.0613 0.332 -1.0908 -0.0502 0.3207 -1.0968 -0.0412 0.311 -1.1081 -0.0317 0.3002 -1.1081 -0.0466 0.3154
36.0 -1.1516 -0.0498 0.3143 -1.086 -0.0624 0.3336 -1.0245 -0.0473 0.3244 -1.0207 -0.0334 0.3105 -1.0387 -0.0212 0.2962 -1.0698 -0.0144 0.2862 -1.087 -0.0619 0.3331 -1.0871 -0.0515 0.3224 -1.0931 -0.0419 0.3121 -1.1053 -0.0326 0.3013 -1.1048 -0.0475 0.3166
37.0 -1.1487 -0.0513 0.3161 -1.0806 -0.0634 0.3353 -1.0181 -0.0483 0.326 -1.0153 -0.0345 0.3122 -1.0343 -0.0212 0.2967 -1.0636 -0.0147 0.2872 -1.0832 -0.0632 0.3348 -1.0833 -0.0528 0.3242 -1.0902 -0.0434 0.3138 -1.1024 -0.034 0.3031 -1.1016 -0.0489 0.3184
38.0 -1.1441 -0.0525 0.3178 -1.0723 -0.0605 0.3331 -1.0128 -0.0488 0.3271 -1.0116 -0.0352 0.3133 -1.0295 -0.0236 0.2996 -1.0597 -0.0167 0.2895 -1.078 -0.0631 0.3352 -1.0787 -0.054 0.3259 -1.0855 -0.0452 0.3161 -1.0977 -0.0358 0.3054 -1.0968 -0.0501 0.3201
39.0 -1.1374 -0.0552 0.3213 -1.0522 -0.0547 0.3292 -1.0055 -0.0503 0.3293 -1.0051 -0.0374 0.3161 -1.0232 -0.0245 0.3012 -1.0527 -0.0169 0.2905 -1.0705 -0.0658 0.3387 -1.0723 -0.0556 0.3281 -1.0801 -0.0463 0.3178 -1.0925 -0.0357 0.3058 -1.0905 -0.0517 0.3223
40.0 -1.1318 -0.0569 0.3236 -1.0367 -0.0526 0.3286 -0.9983 -0.0511 0.3309 -0.9989 -0.0378 0.3172 -1.0152 -0.0247 0.3022 -1.0465 -0.0167 0.2909 -1.0657 -0.0682 0.3416 -1.0691 -0.0588 0.3317 -1.0761 -0.0488 0.3208 -1.0858 -0.0385 0.3093 -1.0857 -0.0542 0.3254
41.0 -1.1236 -0.0589 0.3264 -1.031 -0.0549 0.3315 -0.9902 -0.0519 0.3324 -0.9881 -0.0388 0.3192 -1.009 -0.0251 0.3032 -1.04 -0.0189 0.2938 -1.0583 -0.0702 0.3444 -1.0618 -0.0603 0.334 -1.0699 -0.0492 0.3218 -1.0814 -0.0385 0.3097 -1.079 -0.0554 0.3273
42.0 -1.1121 -0.0592 0.3278 -1.0207 -0.0486 0.3261 -0.9814 -0.0519 0.3333 -0.98 -0.0401 0.3214 -1.0009 -0.0258 0.3047 -1.032 -0.019 0.2947 -1.0478 -0.0694 0.3447 -1.0512 -0.0601 0.3348 -1.0592 -0.0496 0.3232 -1.0707 -0.0395 0.3118 -1.0682 -0.0556 0.3285
43.0 -1.0961 -0.0601 0.3303 -1.0075 -0.0536 0.3325 -0.9717 -0.0524 0.3348 -0.9713 -0.0395 0.3217 -0.993 -0.026 0.3057 -1.0206 -0.0193 0.2961 -1.0354 -0.0702 0.3467 -1.0398 -0.0604 0.3362 -1.0478 -0.0499 0.3247 -1.0583 -0.0397 0.3132 -1.0555 -0.056 0.3302
44.0 -1.089 -0.0603 0.3313 -0.9991 -0.0512 0.3309 -0.9611 -0.0522 0.3357 -0.9615 -0.04 0.3232 -0.9817 -0.0251 0.3059 -1.014 -0.0215 0.299 -1.0265 -0.0708 0.3482 -1.0307 -0.0616 0.3384 -1.0396 -0.0512 0.3269 -1.051 -0.0411 0.3154 -1.0474 -0.057 0.332
45.0 -1.0784 -0.0607 0.3327 -0.9839 -0.0528 0.3341 -0.9498 -0.0519 0.3365 -0.9527 -0.0401 0.3241 -0.9737 -0.0258 0.3074 -1.0046 -0.0202 0.2986 -1.0159 -0.0712 0.3497 -1.0209 -0.0627 0.3405 -1.0296 -0.0529 0.3296 -1.0419 -0.043 0.3182 -1.0373 -0.0581 0.3341
46.0 -1.0685 -0.0618 0.3348 -0.9754 -0.056 0.3381 -0.9391 -0.0523 0.3379 -0.9412 -0.0404 0.3255 -0.9623 -0.0255 0.3082 -0.9945 -0.0225 0.302 -1.007 -0.0718 0.3512 -1.0121 -0.0628 0.3414 -1.0209 -0.0523 0.3299 -1.0332 -0.0424 0.3185 -1.0283 -0.0582 0.3352
47.0 -1.0563 -0.0614 0.3356 -0.9639 -0.0514 0.3345 -0.9261 -0.0512 0.3381 -0.9282 -0.0392 0.3257 -0.9518 -0.0253 0.3091 -0.9823 -0.0221 0.3028 -0.992 -0.0717 0.3525 -0.9981 -0.0621 0.3421 -1.0069 -0.0523 0.3312 -1.02 -0.0424 0.3198 -1.0147 -0.058 0.3363
48.0 -1.0466 -0.0613 0.3365 -0.9499 -0.0513 0.3359 -0.9129 -0.0512 0.3394 -0.9133 -0.039 0.327 -0.937 -0.0245 0.3098 -0.968 -0.0232 0.3053 -0.9831 -0.0723 0.354 -0.9877 -0.0613 0.3423 -0.9957 -0.0508 0.3308 -1.007 -0.0413 0.32 -1.004 -0.0574 0.3367
49.0 -1.0365 -0.0636 0.3398 -0.9341 -0.051 0.3371 -0.8988 -0.0517 0.3414 -0.9017 -0.0399 0.329 -0.924 -0.0234 0.3099 -0.9556 -0.0234 0.3067 -0.9722 -0.0745 0.3573 -0.9792 -0.0644 0.3464 -0.9881 -0.054 0.3348 -0.9995 -0.044 0.3234 -0.9951 -0.0601 0.3404
50.0 -1.0196 -0.065 0.3429 -0.922 -0.0549 0.3423 -0.8872 -0.0526 0.3434 -0.8876 -0.0399 0.3303 -0.9116 -0.0235 0.3113 -0.9415 -0.0239 0.3087 -0.9564 -0.0742 0.3586 -0.9625 -0.0646 0.3482 -0.9721 -0.0549 0.3374 -0.9834 -0.0455 0.3265 -0.9788 -0.0608 0.3427
51.0 -1.0124 -0.0659 0.3445 -0.9116 -0.0535 0.3419 -0.8708 -0.0504 0.3428 -0.8738 -0.0386 0.3304 -0.8984 -0.0236 0.3126 -0.9264 -0.0243 0.3106 -0.9433 -0.0736 0.3593 -0.9503 -0.0636 0.3484 -0.9591 -0.0538 0.3375 -0.9712 -0.045 0.3273 -0.9673 -0.0604 0.3434
52.0 -0.9206 -0.0675 0.3553 -0.807 -0.0681 0.3672 -0.7888 -0.0467 0.3471 -0.7911 -0.0335 0.3335 -0.8113 -0.0186 0.3161 -0.8393 -0.0193 0.3141 -0.8465 -0.074 0.3693 -0.8549 -0.066 0.3603 -0.8661 -0.0571 0.3501 -0.8809 -0.0481 0.3394 -0.8738 -0.0625 0.3549
53.0 -0.9091 -0.0678 0.3568 -0.7947 -0.0682 0.3686 -0.7864 -0.0604 0.3614 -0.7901 -0.0395 0.3397 -0.7966 -0.0172 0.3162 -0.8288 -0.0191 0.3149 -0.8393 -0.0749 0.3709 -0.8451 -0.0665 0.3618 -0.8556 -0.0569 0.3509 -0.8696 -0.0472 0.3396 -0.8638 -0.0626 0.356
54.0 -0.8945 -0.0658 0.3562 -0.7961 -0.0605 0.3605 -0.7858 -0.064 0.3651 -0.7895 -0.0425 0.3428 -0.794 -0.0168 0.3161 -0.8187 -0.0165 0.3133 -0.8297 -0.0742 0.3712 -0.8367 -0.0647 0.3608 -0.8465 -0.0538 0.3487 -0.8596 -0.044 0.3374 -0.8534 -0.0605 0.3549
55.0 -0.8833 -0.0649 0.3564 -0.7906 -0.0616 0.3622 -0.7866 -0.0592 0.3601 -0.7901 -0.0395 0.3397 -0.7938 -0.018 0.3173 -0.814 -0.0134 0.3106 -0.8165 -0.0693 0.3675 -0.8228 -0.0586 0.3559 -0.8341 -0.0491 0.3451 -0.8479 -0.0406 0.335 -0.8409 -0.0565 0.352
56.0 -0.8717 -0.0603 0.3528 -0.8041 -0.0145 0.3127 -0.7929 -0.0234 0.3229 -0.7912 -0.0329 0.3328 -0.7892 -0.0443 0.3446 -0.7867 -0.0586 0.3595 -0.816 -0.0418 0.3394 -0.8102 -0.0502 0.3486 -0.8078 -0.059 0.3578 -0.8079 -0.0682 0.3672 -0.8227 -0.0559 0.3532
57.0 -0.8632 -0.064 0.3575 -0.7866 -0.0592 0.3601 -0.7899 -0.0407 0.3409 -0.7923 -0.027 0.3266 -0.7949 -0.0121 0.3111 -0.7966 -0.0019 0.3006 -0.7933 -0.0613 0.3616 -0.802 -0.0515 0.3507 -0.8152 -0.0417 0.3394 -0.8299 -0.0333 0.3293 -0.8207 -0.0504 0.3477
57.0 -0.8632 -0.064 0.3575 -0.7866 -0.0592 0.3601 -0.7899 -0.0407 0.3409 -0.7923 -0.027 0.3266 -0.7949 -0.0121 0.3111 -0.7966 -0.0019 0.3006 -0.7933 -0.0613 0.3616 -0.802 -0.0515 0.3507 -0.8152 -0.0417 0.3394 -0.8299 -0.0333 0.3293 -0.8207 -0.0504 0.3477
57.0 -0.8632 -0.064 0.3575 -0.7866 -0.0592 0.3601 -0.7899 -0.0407 0.3409 -0.7923 -0.027 0.3266 -0.7949 -0.0121 0.3111 -0.7966 -0.0019 0.3006 -0.7933 -0.0613 0.3616 -0.802 -0.0515 0.3507 -0.8152 -0.0417 0.3394 -0.8299 -0.0333 0.3293 -0.8207 -0.0504 0.3477
57.0 -0.8632 -0.064 0.3575 -0.7866 -0.0592 0.3601 -0.7899 -0.0407 0.3409 -0.7923 -0.027 0.3266 -0.7949 -0.0121 0.3111 -0.7966 -0.0019 0.3006 -0.7933 -0.0613 0.3616 -0.802 -0.0515 0.3507 -0.8152 -0.0417 0.3394 -0.8299 -0.0333 0.3293 -0.8207 -0.0504 0.3477
57.0 -0.8632 -0.064 0.3575 -0.7866 -0.0592 0.3601 -0.7899 -0.0407 0.3409 -0.7923 -0.027 0.3266 -0.7949 -0.0121 0.3111 -0.7966 -0.0019 0.3006 -0.7933 -0.0613 0.3616 -0.802 -0.0515 0.3507 -0.8152 -0.0417 0.3394 -0.8299 -0.0333 0.3293 -0.8207 -0.0504 0.3477
57.0 -0.8632 -0.064 0.3575 -0.7866 -0.0592 0.3601 -0.7899 -0.0407 0.3409 -0.7923 -0.027 0.3266 -0.7949 -0.0121 0.3111 -0.7966 -0.0019 0.3006 -0.7933 -0.0613 0.3616 -0.802 -0.0515 0.3507 -0.8152 -0.0417 0.3394 -0.8299 -0.0333 0.3293 -0.8207 -0.0504 0.3477
57.0 -0.8632 -0.064 0.3575 -0.7866 -0.0592 0.3601 -0.7899 -0.0407 0.3409 -0.7923 -0.027 0.3266 -0.7949 -0.0121 0.3111 -0.7966 -0.0019 0.3006 -0.7933 -0.0613 0.3616 -0.802 -0.0515 0.3507 -0.8152 -0.0417 0.3394 -0.8299 -0.0333 0.3293 -0.8207 -0.0504 0.3477
57.0 -0.8632 -0.064 0.3575 -0.7866 -0.0592 0.3601 -0.7899 -0.0407 0.3409 -0.7923 -0.027 0.3266 -0.7949 -0.0121 0.3111 -0.7966 -0.0019 0.3006 -0.7933 -0.0613 0.3616 -0.802 -0.0515 0.3507 -0.8152 -0.0417 0.3394 -0.8299 -0.0333 0.3293 -0.8207 -0.0504 0.3477
57.0 -0.8632 -0.064 0.3575 -0.7866 -0.0592 0.3601 -0.7899 -0.0407 0.3409 -0.7923 -0.027 0.3266 -0.7949 -0.0121 0.3111 -0.7966 -0.0019 0.3006 -0.7933 -0.0613 0.3616 -0.802 -0.0515 0.3507 -0.8152 -0.0417 0.3394 -0.8299 -0.0333 0.3293 -0.8207 -0.0504 0.3477
57.0 -0.8632 -0.064 0.3575 -0.7866 -0.0592 0.3601 -0.7899 -0.0407 0.3409 -0.7923 -0.027 0.3266 -0.7949 -0.0121 0.3111 -0.7966 -0.0019 0.3006 -0.7933 -0.0613 0.3616 -0.802 -0.0515 0.3507 -0.8152 -0.0417 0.3394 -0.8299 -0.0333 0.3293 -0.8207 -0.0504 0.3477
57.0 -0.8632 -0.064 0.3575 -0.7866 -0.0592 0.3601 -0.7899 -0.0407 0.3409 -0.7923 -0.027 0.3266 -0.7949 -0.0121 0.3111 -0.7966 -0.0019 0.3006 -0.7933 -0.0613 0.3616 -0.802 -0.0515 0.3507 -0.8152 -0.0417 0.3394 -0.8299 -0.0333 0.3293 -0.8207 -0.0504 0.3477
57.0 -0.8632 -0.064 0.3575 -0.7866 -0.0592 0.3601 -0.7899 -0.0407 0.3409 -0.7923 -0.027 0.3266 -0.7949 -0.0121 0.3111 -0.7966 -0.0019 0.3006 -0.7933 -0.0613 0.3616 -0.802 -0.0515 0.3507 -0.8152 -0.0417 0.3394 -0.8299 -0.0333 0.3293 -0.8207 -0.0504 0.3477
57.0 -0.8632 -0.064 0.3575 -0.7866 -0.0592 0.3601 -0.7899 -0.0407 0.3409 -0.7923 -0.027 0.3266 -0.7949 -0.0121 0.3111 -0.7966 -0.0019 0.3006 -0.7933 -0.0613 0.3616 -0.802 -0.0515 0.3507 -0.8152 -0.0417 0.3394 -0.8299 -0.0333 0.3293 -0.8207 -0.0504 0.3477
57.0 -0.8632 -0.064 0.3575 -0.7866 -0.0592 0.3601 -0.7899 -0.0407 0.3409 -0.7923 -0.027 0.3266 -0.7949 -0.0121 0.3111 -0.7966 -0.0019 0.3006 -0.7933 -0.0613 0.3616 -0.802 -0.0515 0.3507 -0.8152 -0.0417 0.3394 -0.8299 -0.0333 0.3293 -0.8207 -0.0504 0.3477
57.0 -0.8632 -0.064 0.3575 -0.7866 -0.0592 0.3601 -0.7899 -0.0407 0.3409 -0.7923 -0.027 0.3266 -0.7949 -0.0121 0.3111 -0.7966 -0.0019 0.3006 -0.7933 -0.0613 0.3616 -0.802 -0.0515 0.3507 -0.8152 -0.0417 0.3394 -0.8299 -0.0333 0.3293 -0.8207 -0.0504 0.3477
57.0 -0.8632 -0.064 0.3575 -0.7866 -0.0592 0.3601 -0.7899 -0.0407 0.3409 -0.7923 -0.027 0.3266 -0.7949 -0.0121 0.3111 -0.7966 -0.0019 0.3006 -0.7933 -0.0613 0.3616 -0.802 -0.0515 0.3507 -0.8152 -0.0417 0.3394 -0.8299 -0.0333 0.3293 -0.8207 -0.0504 0.3477
57.0 -0.8632 -0.064 0.3575 -0.7866 -0.0592 0.3601 -0.7899 -0.0407 0.3409 -0.7923 -0.027 0.3266 -0.7949 -0.0121 0.3111 -0.7966 -0.0019 0.3006 -0.7933 -0.0613 0.3616 -0.802 -0.0515 0.3507 -0.8152 -0.0417 0.3394 -0.8299 -0.0333 0.3293 -0.8207 -0.0504 0.3477
57.0 -0.8632 -0.064 0.3575 -0.7866 -0.0592 0.3601 -0.7899 -0.0407 0.3409 -0.7923 -0.027 0.3266 -0.7949 -0.0121 0.3111 -0.7966 -0.0019 0.3006 -0.7933 -0.0613 0.3616 -0.802 -0.0515 0.3507 -0.8152 -0.0417 0.3394 -0.8299 -0.0333 0.3293 -0.8207 -0.0504 0.3477
57.0 -0.8632 -0.064 0.3575 -0.7866 -0.0592 0.3601 -0.7899 -0.0407 0.3409 -0.7923 -0.027 0.3266 -0.7949 -0.0121 0.3111 -0.7966 -0.0019 0.3006 -0.7933 -0.0613 0.3616 -0.802 -0.0515 0.3507 -0.8152 -0.0417 0.3394 -0.8299 -0.0333 0.3293 -0.8207 -0.0504 0.3477
57.0 -0.8632 -0.064 0.3575 -0.7866 -0.0592 0.3601 -0.7899 -0.0407 0.3409 -0.7923 -0.027 0.3266 -0.7949 -0.0121 0.3111 -0.7966 -0.0019 0.3006 -0.7933 -0.0613 0.3616 -0.802 -0.0515 0.3507 -0.8152 -0.0417 0.3394 -0.8299 -0.0333 0.3293 -0.8207 -0.0504 0.3477
57.0 -0.8632 -0.064 0.3575 -0.7866 -0.0592 0.3601 -0.7899 -0.0407 0.3409 -0.7923 -0.027 0.3266 -0.7949 -0.0121 0.3111 -0.7966 -0.0019 0.3006 -0.7933 -0.0613 0.3616 -0.802 -0.0515 0.3507 -0.8152 -0.0417 0.3394 -0.8299 -0.0333 0.3293 -0.8207 -0.0504 0.3477
57.0 -0.8632 -0.064 0.3575 -0.7866 -0.0592 0.3601 -0.7899 -0.0407 0.3409 -0.7923 -0.027 0.3266 -0.7949 -0.0121 0.3111 -0.7966 -0.0019 0.3006 -0.7933 -0.0613 0.3616 -0.802 -0.0515 0.3507 -0.8152 -0.0417 0.3394 -0.8299 -0.0333 0.3293 -0.8207 -0.0504 0.3477
57.0 -0.8632 -0.064 0.3575 -0.7866 -0.0592 0.3601 -0.7899 -0.0407 0.3409 -0.7923 -0.027 0.3266 -0.7949 -0.0121 0.3111 -0.7966 -0.0019 0.3006 -0.7933 -0.0613 0.3616 -0.802 -0.0515 0.3507 -0.8152 -0.0417 0.3394 -0.8299 -0.0333 0.3293 -0.8207 -0.0504 0.3477
57.0 -0.8632 -0.064 0.3575 -0.7866 -0.0592 0.3601 -0.7899 -0.0407 0.3409 -0.7923 -0.027 0.3266 -0.7949 -0.0121 0.3111 -0.7966 -0.0019 0.3006 -0.7933 -0.0613 0.3616 -0.802 -0.0515 0.3507 -0.8152 -0.0417 0.3394 -0.8299 -0.0333 0.3293 -0.8207 -0.0504 0.3477
57.0 -0.8632 -0.064 0.3575 -0.7866 -0.0592 0.3601 -0.7899 -0.0407 0.3409 -0.7923 -0.027 0.3266 -0.7949 -0.0121 0.3111 -0.7966 -0.0019 0.3006 -0.7933 -0.0613 0.3616 -0.802 -0.0515 0.3507 -0.8152 -0.0417 0.3394 -0.8299 -0.0333 0.3293 -0.8207 -0.0504 0.3477
57.0 -0.8632 -0.064 0.3575 -0.7866 -0.0592 0.3601 -0.7899 -0.0407 0.3409 -0.7923 -0.027 0.3266 -0.7949 -0.0121 0.3111 -0.7966 -0.0019 0.3006 -0.7933 -0.0613 0.3616 -0.802 -0.0515 0.3507 -0.8152 -0.0417 0.3394 -0.8299 -0.0333 0.3293 -0.8207 -0.0504 0.3477
57.0 -0.8632 -0.064 0.3575 -0.7866 -0.0592 0.3601 -0.7899 -0.0407 0.3409 -0.7923 -0.027 0.3266 -0.7949 -0.0121 0.3111 -0.7966 -0.0019 0.3006 -0.7933 -0.0613 0.3616 -0.802 -0.0515 0.3507 -0.8152 -0.0417 0.3394 -0.8299 -0.0333 0.3293 -0.8207 -0.0504 0.3477
57.0 -0.8632 -0.064 0.3575 -0.7866 -0.0592 0.3601 -0.7899 -0.0407 0.3409 -0.7923 -0.027 0.3266 -0.7949 -0.0121 0.3111 -0.7966 -0.0019 0.3006 -0.7933 -0.0613 0.3616 -0.802 -0.0515 0.3507 -0.8152 -0.0417 0.3394 -0.8299 -0.0333 0.3293 -0.8207 -0.0504 0.3477
57.0 -0.8632 -0.064 0.3575 -0.7866 -0.0592 0.3601 -0.7899 -0.0407 0.3409 -0.7923 -0.027 0.3266 -0.7949 -0.0121 0.3111 -0.7966 -0.0019 0.3006 -0.7933 -0.0613 0.3616 -0.802 -0.0515 0.3507 -0.8152 -0.0417 0.3394 -0.8299 -0.0333 0.3293 -0.8207 -0.0504 0.3477
57.0 -0.8632 -0.064 0.3575 -0.7866 -0.0592 0.3601 -0.7899 -0.0407 0.3409 -0.7923 -0.027 0.3266 -0.7949 -0.0121 0.3111 -0.7966 -0.0019 0.3006 -0.7933 -0.0613 0.3616 -0.802 -0.0515 0.3507 -0.8152 -0.0417 0.3394 -0.8299 -0.0333 0.3293 -0.8207 -0.0504 0.3477
57.0 -0.8632 -0.064 0.3575 -0.7866 -0.0592 0.3601 -0.7899 -0.0407 0.3409 -0.7923 -0.027 0.3266 -0.7949 -0.0121 0.3111 -0.7966 -0.0019 0.3006 -0.7933 -0.0613 0.3616 -0.802 -0.0515 0.3507 -0.8152 -0.0417 0.3394 -0.8299 -0.0333 0.3293 -0.8207 -0.0504 0.3477
57.0 -0.8632 -0.064 0.3575 -0.7866 -0.0592 0.3601 -0.7899 -0.0407 0.3409 -0.7923 -0.027 0.3266 -0.7949 -0.0121 0.3111 -0.7966 -0.0019 0.3006 -0.7933 -0.0613 0.3616 -0.802 -0.0515 0.3507 -0.8152 -0.0417 0.3394 -0.8299 -0.0333 0.3293 -0.8207 -0.0504 0.3477
57.0 -0.8632 -0.064 0.3575 -0.7866 -0.0592 0.3601 -0.7899 -0.0407 0.3409 -0.7923 -0.027 0.3266 -0.7949 -0.0121 0.3111 -0.7966 -0.0019 0.3006 -0.7933 -0.0613 0.3616 -0.802 -0.0515 0.3507 -0.8152 -0.0417 0.3394 -0.8299 -0.0333 0.3293 -0.8207 -0.0504 0.3477
57.0 -0.8632 -0.064 0.3575 -0.7866 -0.0592 0.3601 -0.7899 -0.0407 0.3409 -0.7923 -0.027 0.3266 -0.7949 -0.0121 0.3111 -0.7966 -0.0019 0.3006 -0.7933 -0.0613 0.3616 -0.802 -0.0515 0.3507 -0.8152 -0.0417 0.3394 -0.8299 -0.0333 0.3293 -0.8207 -0.0504 0.3477
57.0 -0.8632 -0.064 0.3575 -0.7866 -0.0592 0.3601 -0.7899 -0.0407 0.3409 -0.7923 -0.027 0.3266 -0.7949 -0.0121 0.3111 -0.7966 -0.0019 0.3006 -0.7933 -0.0613 0.3616 -0.802 -0.0515 0.3507 -0.8152 -0.0417 0.3394 -0.8299 -0.0333 0.3293 -0.8207 -0.0504 0.3477
57.0 -0.8632 -0.064 0.3575 -0.7866 -0.0592 0.3601 -0.7899 -0.0407 0.3409 -0.7923 -0.027 0.3266 -0.7949 -0.0121 0.3111 -0.7966 -0.0019 0.3006 -0.7933 -0.0613 0.3616 -0.802 -0.0515 0.3507 -0.8152 -0.0417 0.3394 -0.8299 -0.0333 0.3293 -0.8207 -0.0504 0.3477
57.0 -0.8632 -0.064 0.3575 -0.7866 -0.0592 0.3601 -0.7899 -0.0407 0.3409 -0.7923 -0.027 0.3266 -0.7949 -0.0121 0.3111 -0.7966 -0.0019 0.3006 -0.7933 -0.0613 0.3616 -0.802 -0.0515 0.3507 -0.8152 -0.0417 0.3394 -0.8299 -0.0333 0.3293 -0.8207 -0.0504 0.3477
57.0 -0.8632 -0.064 0.3575 -0.7866 -0.0592 0.3601 -0.7899 -0.0407 0.3409 -0.7923 -0.027 0.3266 -0.7949 -0.0121 0.3111 -0.7966 -0.0019 0.3006 -0.7933 -0.0613 0.3616 -0.802 -0.0515 0.3507 -0.8152 -0.0417 0.3394 -0.8299 -0.0333 0.3293 -0.8207 -0.0504 0.3477
57.0 -0.8632 -0.064 0.3575 -0.7866 -0.0592 0.3601 -0.7899 -0.0407 0.3409 -0.7923 -0.027 0.3266 -0.7949 -0.0121 0.3111 -0.7966 -0.0019 0.3006 -0.7933 -0.0613 0.3616 -0.802 -0.0515 0.3507 -0.8152 -0.0417 0.3394 -0.8299 -0.0333 0.3293 -0.8207 -0.0504 0.3477
57.0 -0.8632 -0.064 0.3575 -0.7866 -0.0592 0.3601 -0.7899 -0.0407 0.3409 -0.7923 -0.027 0.3266 -0.7949 -0.0121 0.3111 -0.7966 -0.0019 0.3006 -0.7933 -0.0613 0.3616 -0.802 -0.0515 0.3507 -0.8152 -0.0417 0.3394 -0.8299 -0.0333 0.3293 -0.8207 -0.0504 0.3477
57.0 -0.8632 -0.064 0.3575 -0.7866 -0.0592 0.3601 -0.7899 -0.0407 0.3409 -0.7923 -0.027 0.3266 -0.7949 -0.0121 0.3111 -0.7966 -0.0019 0.3006 -0.7933 -0.0613 0.3616 -0.802 -0.0515 0.3507 -0.8152 -0.0417 0.3394 -0.8299 -0.0333 0.3293 -0.8207 -0.0504 0.3477
57.0 -0.8632 -0.064 0.3575 -0.7866 -0.0592 0.3601 -0.7899 -0.0407 0.3409 -0.7923 -0.027 0.3266 -0.7949 -0.0121 0.3111 -0.7966 -0.0019 0.3006 -0.7933 -0.0613 0.3616 -0.802 -0.0515 0.3507 -0.8152 -0.0417 0.3394 -0.8299 -0.0333 0.3293 -0.8207 -0.0504 0.3477
57.0 -0.8632 -0.064 0.3575 -0.7866 -0.0592 0.3601 -0.7899 -0.0407 0.3409 -0.7923 -0.027 0.3266 -0.7949 -0.0121 0.3111 -0.7966 -0.0019 0.3006 -0.7933 -0.0613 0.3616 -0.802 -0.0515 0.3507 -0.8152 -0.0417 0.3394 -0.8299 -0.0333 0.3293 -0.8207 -0.0504 0.3477
57.0 -0.8632 -0.064 0.3575 -0.7866 -0.0592 0.3601 -0.7899 -0.0407 0.3409 -0.7923 -0.027 0.3266 -0.7949 -0.0121 0.3111 -0.7966 -0.0019 0.3006 -0.7933 -0.0613 0.3616 -0.802 -0.0515 0.3507 -0.8152 -0.0417 0.3394 -0.8299 -0.0333 0.3293 -0.8207 -0.0504 0.3477
57.0 -0.8632 -0.064 0.3575 -0.7866 -0.0592 0.3601 -0.7899 -0.0407 0.3409 -0.7923 -0.027 0.3266 -0.7949 -0.0121 0.3111 -0.7966 -0.0019 0.3006 -0.7933 -0.0613 0.3616 -0.802 -0.0515 0.3507 -0.8152 -0.0417 0.3394 -0.8299 -0.0333 0.3293 -0.8207 -0.0504 0.3477
57.0 -0.8632 -0.064 0.3575 -0.7866 -0.0592 0.3601 -0.7899 -0.0407 0.3409 -0.7923 -0.027 0.3266 -0.7949 -0.0121 0.3111 -0.7966 -0.0019 0.3006 -0.7933 -0.0613 0.3616 -0.802 -0.0515 0.3507 -0.8152 -0.0417 0.3394 -0.8299 -0.0333 0.3293 -0.8207 -0.0504 0.3477
57.0 -0.8632 -0.064 0.3575 -0.7866 -0.0592 0.3601 -0.7899 -0.0407 0.3409 -0.7923 -0.027 0.3266 -0.7949 -0.0121 0.3111 -0.7966 -0.0019 0.3006 -0.7933 -0.0613 0.3616 -0.802 -0.0515 0.3507 -0.8152 -0.0417 0.3394 -0.8299 -0.0333 0.3293 -0.8207 -0.0504 0.3477
57.0 -0.8632 -0.064 0.3575 -0.7866 -0.0592 0.3601 -0.7899 -0.0407 0.3409 -0.7923 -0.027 0.3266 -0.7949 -0.0121 0.3111 -0.7966 -0.0019 0.3006 -0.7933 -0.0613 0.3616 -0.802 -0.0515 0.3507 -0.8152 -0.0417 0.3394 -0.8299 -0.0333 0.3293 -0.8207 -0.0504 0.3477
57.0 -0.8632 -0.064 0.3575 -0.7866 -0.0592 0.3601 -0.7899 -0.0407 0.3409 -0.7923 -0.027 0.3266 -0.7949 -0.0121 0.3111 -0.7966 -0.0019 0.3006 -0.7933 -0.0613 0.3616 -0.802 -0.0515 0.3507 -0.8152 -0.0417 0.3394 -0.8299 -0.0333 0.3293 -0.8207 -0.0504 0.3477
57.0 -0.8632 -0.064 0.3575 -0.7866 -0.0592 0.3601 -0.7899 -0.0407 0.3409 -0.7923 -0.027 0.3266 -0.7949 -0.0121 0.3111 -0.7966 -0.0019 0.3006 -0.7933 -0.0613 0.3616 -0.802 -0.0515 0.3507 -0.8152 -0.0417 0.3394 -0.8299 -0.0333 0.3293 -0.8207 -0.0504 0.3477
57.0 -0.8632 -0.064 0.3575 -0.7866 -0.0592 0.3601 -0.7899 -0.0407 0.3409 -0.7923 -0.027 0.3266 -0.7949 -0.0121 0.3111 -0.7966 -0.0019 0.3006 -0.7933 -0.0613 0.3616 -0.802 -0.0515 0.3507 -0.8152 -0.0417 0.3394 -0.8299 -0.0333 0.3293 -0.8207 -0.0504 0.3477
57.0 -0.8632 -0.064 0.3575 -0.7866 -0.0592 0.3601 -0.7899 -0.0407 0.3409 -0.7923 -0.027 0.3266 -0.7949 -0.0121 0.3111 -0.7966 -0.0019 0.3006 -0.7933 -0.0613 0.3616 -0.802 -0.0515 0.3507 -0.8152 -0.0417 0.3394 -0.8299 -0.0333 0.3293 -0.8207 -0.0504 0.3477
57.0 -0.8632 -0.064 0.3575 -0.7866 -0.0592 0.3601 -0.7899 -0.0407 0.3409 -0.7923 -0.027 0.3266 -0.7949 -0.0121 0.3111 -0.7966 -0.0019 0.3006 -0.7933 -0.0613 0.3616 -0.802 -0.0515 0.3507 -0.8152 -0.0417 0.3394 -0.8299 -0.0333 0.3293 -0.8207 -0.0504 0.3477
57.0 -0.8632 -0.064 0.3575 -0.7866 -0.0592 0.3601 -0.7899 -0.0407 0.3409 -0.7923 -0.027 0.3266 -0.7949 -0.0121 0.3111 -0.7966 -0.0019 0.3006 -0.7933 -0.0613 0.3616 -0.802 -0.0515 0.3507 -0.8152 -0.0417 0.3394 -0.8299 -0.0333 0.3293 -0.8207 -0.0504 0.3477
57.0 -0.8632 -0.064 0.3575 -0.7866 -0.0592 0.3601 -0.7899 -0.0407 0.3409 -0.7923 -0.027 0.3266 -0.7949 -0.0121 0.3111 -0.7966 -0.0019 0.3006 -0.7933 -0.0613 0.3616 -0.802 -0.0515 0.3507 -0.8152 -0.0417 0.3394 -0.8299 -0.0333 0.3293 -0.8207 -0.0504 0.3477
57.0 -0.8632 -0.064 0.3575 -0.7866 -0.0592 0.3601 -0.7899 -0.0407 0.3409 -0.7923 -0.027 0.3266 -0.7949 -0.0121 0.3111 -0.7966 -0.0019 0.3006 -0.7933 -0.0613 0.3616 -0.802 -0.0515 0.3507 -0.8152 -0.0417 0.3394 -0.8299 -0.0333 0.3293 -0.8207 -0.0504 0.3477
57.0 -0.8632 -0.064 0.3575 -0.7866 -0.0592 0.3601 -0.7899 -0.0407 0.3409 -0.7923 -0.027 0.3266 -0.7949 -0.0121 0.3111 -0.7966 -0.0019 0.3006 -0.7933 -0.0613 0.3616 -0.802 -0.0515 0.3507 -0.8152 -0.0417 0.3394 -0.8299 -0.0333 0.3293 -0.8207 -0.0504 0.3477
57.0 -0.8632 -0.064 0.3575 -0.7866 -0.0592 0.3601 -0.7899 -0.0407 0.3409 -0.7923 -0.027 0.3266 -0.7949 -0.0121 0.3111 -0.7966 -0.0019 0.3006 -0.7933 -0.0613 0.3616 -0.802 -0.0515 0.3507 -0.8152 -0.0417 0.3394 -0.8299 -0.0333 0.3293 -0.8207 -0.0504 0.3477
57.0 -0.8632 -0.064 0.3575 -0.7866 -0.0592 0.3601 -0.7899 -0.0407 0.3409 -0.7923 -0.027 0.3266 -0.7949 -0.0121 0.3111 -0.7966 -0.0019 0.3006 -0.7933 -0.0613 0.3616 -0.802 -0.0515 0.3507 -0.8152 -0.0417 0.3394 -0.8299 -0.0333 0.3293 -0.8207 -0.0504 0.3477
57.0 -0.8632 -0.064 0.3575 -0.7866 -0.0592 0.3601 -0.7899 -0.0407 0.3409 -0.7923 -0.027 0.3266 -0.7949 -0.0121 0.3111 -0.7966 -0.0019 0.3006 -0.7933 -0.0613 0.3616 -0.802 -0.0515 0.3507 -0.8152 -0.0417 0.3394 -0.8299 -0.0333 0.3293 -0.8207 -0.0504 0.3477
57.0 -0.8632 -0.064 0.3575 -0.7866 -0.0592 0.3601 -0.7899 -0.0407 0.3409 -0.7923 -0.027 0.3266 -0.7949 -0.0121 0.3111 -0.7966 -0.0019 0.3006 -0.7933 -0.0613 0.3616 -0.802 -0.0515 0.3507 -0.8152 -0.0417 0.3394 -0.8299 -0.0333 0.3293 -0.8207 -0.0504 0.3477
57.0 -0.8632 -0.064 0.3575 -0.7866 -0.0592 0.3601 -0.7899 -0.0407 0.3409 -0.7923 -0.027 0.3266 -0.7949 -0.0121 0.3111 -0.7966 -0.0019 0.3006 -0.7933 -0.0613 0.3616 -0.802 -0.0515 0.3507 -0.8152 -0.0417 0.3394 -0.8299 -0.0333 0.3293 -0.8207 -0.0504 0.3477
57.0 -0.8632 -0.064 0.3575 -0.7866 -0.0592 0.3601 -0.7899 -0.0407 0.3409 -0.7923 -0.027 0.3266 -0.7949 -0.0121 0.3111 -0.7966 -0.0019 0.3006 -0.7933 -0.0613 0.3616 -0.802 -0.0515 0.3507 -0.8152 -0.0417 0.3394 -0.8299 -0.0333 0.3293 -0.8207 -0.0504 0.3477
57.0 -0.8632 -0.064 0.3575 -0.7866 -0.0592 0.3601 -0.7899 -0.0407 0.3409 -0.7923 -0.027 0.3266 -0.7949 -0.0121 0.3111 -0.7966 -0.0019 0.3006 -0.7933 -0.0613 0.3616 -0.802 -0.0515 0.3507 -0.8152 -0.0417 0.3394 -0.8299 -0.0333 0.3293 -0.8207 -0.0504 0.3477
57.0 -0.8632 -0.064 0.3575 -0.7866 -0.0592 0.3601 -0.7899 -0.0407 0.3409 -0.7923 -0.027 0.3266 -0.7949 -0.0121 0.3111 -0.7966 -0.0019 0.3006 -0.7933 -0.0613 0.3616 -0.802 -0.0515 0.3507 -0.8152 -0.0417 0.3394 -0.8299 -0.0333 0.3293 -0.8207 -0.0504 0.3477
57.0 -0.8632 -0.064 0.3575 -0.7866 -0.0592 0.3601 -0.7899 -0.0407 0.3409 -0.7923 -0.027 0.3266 -0.7949 -0.0121 0.3111 -0.7966 -0.0019 0.3006 -0.7933 -0.0613 0.3616 -0.802 -0.0515 0.3507 -0.8152 -0.0417 0.3394 -0.8299 -0.0333 0.3293 -0.8207 -0.0504 0.3477
57.0 -0.8632 -0.064 0.3575 -0.7866 -0.0592 0.3601 -0.7899 -0.0407 0.3409 -0.7923 -0.027 0.3266 -0.7949 -0.0121 0.3111 -0.7966 -0.0019 0.3006 -0.7933 -0.0613 0.3616 -0.802 -0.0515 0.3507 -0.8152 -0.0417 0.3394 -0.8299 -0.0333 0.3293 -0.8207 -0.0504 0.3477
57.0 -0.8632 -0.064 0.3575 -0.7866 -0.0592 0.3601 -0.7899 -0.0407 0.3409 -0.7923 -0.027 0.3266 -0.7949 -0.0121 0.3111 -0.7966 -0.0019 0.3006 -0.7933 -0.0613 0.3616 -0.802 -0.0515 0.3507 -0.8152 -0.0417 0.3394 -0.8299 -0.0333 0.3293 -0.8207 -0.0504 0.3477
57.0 -0.8632 -0.064 0.3575 -0.7866 -0.0592 0.3601 -0.7899 -0.0407 0.3409 -0.7923 -0.027 0.3266 -0.7949 -0.0121 0.3111 -0.7966 -0.0019 0.3006 -0.7933 -0.0613 0.3616 -0.802 -0.0515 0.3507 -0.8152 -0.0417 0.3394 -0.8299 -0.0333 0.3293 -0.8207 -0.0504 0.3477
57.0 -0.8632 -0.064 0.3575 -0.7866 -0.0592 0.3601 -0.7899 -0.0407 0.3409 -0.7923 -0.027 0.3266 -0.7949 -0.0121 0.3111 -0.7966 -0.0019 0.3006 -0.7933 -0.0613 0.3616 -0.802 -0.0515 0.3507 -0.8152 -0.0417 0.3394 -0.8299 -0.0333 0.3293 -0.8207 -0.0504 0.3477
57.0 -0.8632 -0.064 0.3575 -0.7866 -0.0592 0.3601 -0.7899 -0.0407 0.3409 -0.7923 -0.027 0.3266 -0.7949 -0.0121 0.3111 -0.7966 -0.0019 0.3006 -0.7933 -0.0613 0.3616 -0.802 -0.0515 0.3507 -0.8152 -0.0417 0.3394 -0.8299 -0.0333 0.3293 -0.8207 -0.0504 0.3477
57.0 -0.8632 -0.064 0.3575 -0.7866 -0.0592 0.3601 -0.7899 -0.0407 0.3409 -0.7923 -0.027 0.3266 -0.7949 -0.0121 0.3111 -0.7966 -0.0019 0.3006 -0.7933 -0.0613 0.3616 -0.802 -0.0515 0.3507 -0.8152 -0.0417 0.3394 -0.8299 -0.0333 0.3293 -0.8207 -0.0504 0.3477
57.0 -0.8632 -0.064 0.3575 -0.7866 -0.0592 0.3601 -0.7899 -0.0407 0.3409 -0.7923 -0.027 0.3266 -0.7949 -0.0121 0.3111 -0.7966 -0.0019 0.3006 -0.7933 -0.0613 0.3616 -0.802 -0.0515 0.3507 -0.8152 -0.0417 0.3394 -0.8299 -0.0333 0.3293 -0.8207 -0.0504 0.3477
57.0 -0.8632 -0.064 0.3575 -0.7866 -0.0592 0.3601 -0.7899 -0.0407 0.3409 -0.7923 -0.027 0.3266 -0.7949 -0.0121 0.3111 -0.7966 -0.0019 0.3006 -0.7933 -0.0613 0.3616 -0.802 -0.0515 0.3507 -0.8152 -0.0417 0.3394 -0.8299 -0.0333 0.3293 -0.8207 -0.0504 0.3477
57.0 -0.8632 -0.064 0.3575 -0.7866 -0.0592 0.3601 -0.7899 -0.0407 0.3409 -0.7923 -0.027 0.3266 -0.7949 -0.0121 0.3111 -0.7966 -0.0019 0.3006 -0.7933 -0.0613 0.3616 -0.802 -0.0515 0.3507 -0.8152 -0.0417 0.3394 -0.8299 -0.0333 0.3293 -0.8207 -0.0504 0.3477
132.0 -0.8417 -0.0562 0.3517 -0.7959 -0.0061 0.3049 -0.7959 -0.0061 0.3049 -0.7938 -0.018 0.3173 -0.7917 -0.03 0.3297 -0.7892 -0.0443 0.3446 -0.7932 -0.0216 0.3211 -0.7913 -0.0323 0.3322 -0.7894 -0.0431 0.3434 -0.7875 -0.0538 0.3546 -0.8006 -0.0414 0.3406
132.0 -0.8417 -0.0562 0.3517 -0.7959 -0.0061 0.3049 -0.7959 -0.0061 0.3049 -0.7938 -0.018 0.3173 -0.7917 -0.03 0.3297 -0.7892 -0.0443 0.3446 -0.7932 -0.0216 0.3211 -0.7913 -0.0323 0.3322 -0.7894 -0.0431 0.3434 -0.7875 -0.0538 0.3546 -0.8006 -0.0414 0.3406
134.0 -0.8603 -0.0551 0.3486 -0.7964 -0.0031 0.3018 -0.7941 -0.0162 0.3155 -0.7922 -0.0276 0.3273 -0.7895 -0.0425 0.3428 -0.7865 -0.0598 0.3608 -0.7966 -0.0276 0.3268 -0.7902 -0.0389 0.339 -0.788 -0.0514 0.3521 -0.7856 -0.0652 0.3663 -0.8041 -0.0476 0.3466
135.0 -0.8709 -0.0602 0.3528 -0.792 -0.0282 0.3279 -0.792 -0.0282 0.3279 -0.7924 -0.0264 0.326 -0.7928 -0.024 0.3235 -0.7933 -0.021 0.3204 -0.7948 -0.0426 0.3423 -0.7994 -0.0414 0.3407 -0.8075 -0.0406 0.3391 -0.8182 -0.0396 0.337 -0.8181 -0.0449 0.3424
136.0 -0.8876 -0.0655 0.3566 -0.7872 -0.0556 0.3564 -0.7894 -0.0431 0.3434 -0.7913 -0.0323 0.3322 -0.7935 -0.0198 0.3192 -0.8051 -0.0092 0.3071 -0.8025 -0.0589 0.3583 -0.8117 -0.0467 0.3449 -0.8257 -0.037 0.3336 -0.8429 -0.0289 0.3236 -0.8341 -0.0474 0.3434
137.0 -0.8987 -0.067 0.357 -0.7932 -0.0619 0.3623 -0.7886 -0.0479 0.3484 -0.791 -0.0341 0.3341 -0.7936 -0.0192 0.3186 -0.8152 -0.0117 0.3088 -0.8206 -0.0607 0.3583 -0.828 -0.0489 0.3455 -0.8411 -0.0397 0.3348 -0.8583 -0.0316 0.3248 -0.8493 -0.0496 0.3441
138.0 -0.9161 -0.0681 0.3564 -0.8098 -0.0672 0.366 -0.7887 -0.0473 0.3477 -0.7918 -0.0294 0.3291 -0.7973 -0.0185 0.3175 -0.8305 -0.0144 0.31 -0.8384 -0.065 0.3609 -0.8456 -0.0537 0.3487 -0.8579 -0.0438 0.3373 -0.8751 -0.0363 0.328 -0.8666 -0.0534 0.3463
139.0 -0.9277 -0.0672 0.3544 -0.8294 -0.0662 0.363 -0.7889 -0.0461 0.3465 -0.7922 -0.0276 0.3273 -0.8111 -0.0197 0.3174 -0.8416 -0.0165 0.3111 -0.8505 -0.066 0.3607 -0.8588 -0.0537 0.3473 -0.8719 -0.0444 0.3366 -0.8891 -0.0364 0.3266 -0.8796 -0.0535 0.3451
140.0 -0.9452 -0.0678 0.3532 -0.8444 -0.0707 0.3661 -0.7905 -0.0469 0.3472 -0.8041 -0.0298 0.3283 -0.8238 -0.0227 0.3191 -0.8571 -0.0186 0.3117 -0.8653 -0.0668 0.3601 -0.8735 -0.055 0.3473 -0.8875 -0.0459 0.3366 -0.9055 -0.0386 0.3273 -0.8954 -0.0548 0.3449
141.0 -0.9623 -0.0658 0.3495 -0.8676 -0.0738 0.367 -0.8136 -0.0506 0.3487 -0.8204 -0.032 0.329 -0.8385 -0.0241 0.3191 -0.8698 -0.021 0.3128 -0.8844 -0.0681 0.3596 -0.891 -0.0556 0.3461 -0.9024 -0.0461 0.3353 -0.9179 -0.0378 0.3253 -0.9116 -0.0547 0.3431
142.0 -0.975 -0.0633 0.3456 -0.8868 -0.0746 0.3659 -0.8298 -0.0534 0.3499 -0.8348 -0.0352 0.3308 -0.8528 -0.0278 0.3215 -0.8836 -0.0228 0.3133 -0.901 -0.0691 0.359 -0.9066 -0.0571 0.3461 -0.9172 -0.0469 0.3346 -0.9319 -0.0385 0.3246 -0.9263 -0.055 0.3419
143.0 -0.9872 -0.0643 0.3454 -0.9023 -0.0718 0.3615 -0.8467 -0.0575 0.3525 -0.8491 -0.0389 0.3332 -0.8672 -0.031 0.3233 -0.8999 -0.025 0.3139 -0.9165 -0.0712 0.3596 -0.9204 -0.0589 0.3466 -0.9301 -0.0486 0.3351 -0.944 -0.0395 0.3244 -0.9396 -0.0565 0.3422
144.0 -1.0038 -0.0647 0.3442 -0.9195 -0.0692 0.3572 -0.8611 -0.0607 0.3543 -0.8629 -0.0408 0.3337 -0.88 -0.0333 0.3244 -0.9112 -0.0259 0.3138 -0.9337 -0.0729 0.3596 -0.9377 -0.0607 0.3466 -0.9466 -0.0496 0.3345 -0.9606 -0.0399 0.3232 -0.9565 -0.0576 0.3416
145.0 -1.0208 -0.0633 0.3411 -0.9351 -0.0701 0.3565 -0.8758 -0.0621 0.3542 -0.8782 -0.0435 0.335 -0.8945 -0.0359 0.3256 -0.9258 -0.0279 0.3143 -0.9495 -0.0732 0.3583 -0.9534 -0.0609 0.3454 -0.9614 -0.0504 0.3338 -0.9746 -0.0406 0.3225 -0.972 -0.0577 0.3402
146.0 -1.0346 -0.0646 0.341 -0.9417 -0.0679 0.3537 -0.892 -0.0655 0.3561 -0.8937 -0.0456 0.3356 -0.9081 -0.0383 0.3268 -0.9387 -0.0296 0.3148 -0.9684 -0.0758 0.3591 -0.9724 -0.0635 0.3461 -0.9787 -0.0521 0.3339 -0.9893 -0.042 0.3224 -0.9887 -0.0596 0.3405
147.0 -1.0504 -0.0649 0.3398 -0.9557 -0.068 0.3523 -0.9062 -0.0692 0.3585 -0.908 -0.0493 0.338 -0.9225 -0.0415 0.3286 -0.9514 -0.0326 0.3166 -0.9838 -0.0785 0.3603 -0.9876 -0.0668 0.3479 -0.995 -0.0549 0.3351 -1.0031 -0.0438 0.3229 -1.004 -0.0618 0.3412
148.0 -1.0662 -0.0652 0.3385 -0.9747 -0.0699 0.3524 -0.9275 -0.0733 0.3606 -0.9245 -0.0552 0.3424 -0.9385 -0.0461 0.3317 -0.965 -0.035 0.3177 -1.0027 -0.081 0.361 -1.0039 -0.069 0.3486 -1.0095 -0.0575 0.3363 -1.0176 -0.0464 0.3241 -1.02 -0.0638 0.3417
149.0 -1.0784 -0.0656 0.3377 -0.9869 -0.071 0.3523 -0.9418 -0.0771 0.363 -0.9388 -0.059 0.3448 -0.9502 -0.0495 0.334 -0.9776 -0.0386 0.3201 -1.0165 -0.0829 0.3616 -1.0176 -0.0714 0.3497 -1.0224 -0.0593 0.3368 -1.0296 -0.048 0.3246 -1.0329 -0.0654 0.3421
150.0 -1.0916 -0.0656 0.3364 -1.0066 -0.0736 0.3531 -0.9605 -0.0808 0.365 -0.955 -0.0624 0.3467 -0.9645 -0.0533 0.3364 -0.9905 -0.0403 0.3206 -1.0328 -0.0851 0.3622 -1.0314 -0.0727 0.3496 -1.0344 -0.0609 0.3373 -1.0416 -0.0496 0.3251 -1.0464 -0.0668 0.3421
151.0 -1.1047 -0.0661 0.3356 -1.0249 -0.0749 0.3525 -0.9761 -0.0823 0.365 -0.9679 -0.0635 0.3466 -0.9766 -0.0543 0.3363 -1.0035 -0.0414 0.3205 -1.0466 -0.0864 0.3621 -1.0437 -0.0731 0.3489 -1.0466 -0.0613 0.3365 -1.0539 -0.0501 0.3243 -1.0591 -0.0674 0.3415
152.0 -1.1156 -0.0645 0.3329 -1.0397 -0.0756 0.3518 -0.9907 -0.0843 0.3656 -0.9844 -0.0651 0.3466 -0.9913 -0.0557 0.3362 -1.0165 -0.0426 0.3203 -1.0601 -0.0851 0.3595 -1.0577 -0.0732 0.3475 -1.0598 -0.0613 0.3351 -1.0662 -0.0499 0.3229 -1.0719 -0.0668 0.3396
153.0 -1.1263 -0.0635 0.3308 -1.0589 -0.0764 0.3507 -1.004 -0.0837 0.3636 -0.9957 -0.066 0.3464 -1.0035 -0.0567 0.3361 -1.0261 -0.0427 0.3195 -1.0707 -0.0847 0.358 -1.0684 -0.0728 0.3461 -1.0705 -0.0609 0.3337 -1.076 -0.0494 0.3214 -1.0824 -0.0663 0.338
154.0 -1.1372 -0.0613 0.3275 -1.0768 -0.0751 0.3477 -1.0188 -0.0844 0.3629 -1.0097 -0.0661 0.3451 -1.0167 -0.0567 0.3347 -1.0385 -0.0425 0.3181 -1.0832 -0.0834 0.3554 -1.0791 -0.0718 0.344 -1.0811 -0.0605 0.3322 -1.0875 -0.0491 0.32 -1.0936 -0.0652 0.3358
155.0 -1.1464 -0.0595 0.3247 -1.0948 -0.0776 0.3484 -1.0293 -0.0846 0.3621 -1.0221 -0.0659 0.3437 -1.0281 -0.0564 0.3333 -1.0509 -0.0417 0.3161 -1.0931 -0.0822 0.3533 -1.0898 -0.0708 0.3419 -1.0917 -0.0601 0.3307 -1.099 -0.0488 0.3185 -1.104 -0.0643 0.3338
156.0 -1.1623 -0.0586 0.3222 -1.1031 -0.0756 0.3455 -1.0393 -0.0829 0.3593 -1.0312 -0.0641 0.3409 -1.0379 -0.0559 0.3318 -1.06 -0.0405 0.3139 -1.1033 -0.0793 0.3493 -1.0991 -0.0684 0.3385 -1.1017 -0.0584 0.328 -1.1089 -0.0471 0.3158 -1.1151 -0.0624 0.3308
157.0 -1.1742 -0.0559 0.3183 -1.1165 -0.0744 0.3429 -1.0491 -0.0824 0.3578 -1.0381 -0.065 0.3412 -1.0468 -0.0552 0.3303 -1.0689 -0.0399 0.3124 -1.1131 -0.0788 0.3478 -1.1088 -0.0679 0.337 -1.1107 -0.0571 0.3259 -1.1178 -0.0465 0.3143 -1.1249 -0.0613 0.3287
158.0 -1.1805 -0.0556 0.3173 -1.1227 -0.074 0.3419 -1.0562 -0.0821 0.3568 -1.0469 -0.065 0.3402 -1.0557 -0.0546 0.3287 -1.0769 -0.0391 0.3108 -1.1218 -0.0794 0.3475 -1.1167 -0.0683 0.3367 -1.1185 -0.0576 0.3255 -1.1248 -0.0468 0.3139 -1.1325 -0.0615 0.3282
159.0 -1.1901 -0.0556 0.3164 -1.1324 -0.0741 0.3411 -1.0634 -0.0813 0.3553 -1.0539 -0.0647 0.3393 -1.0611 -0.0541 0.3277 -1.0831 -0.0388 0.3098 -1.1298 -0.0786 0.346 -1.1247 -0.0676 0.3351 -1.1265 -0.0574 0.3246 -1.1328 -0.0467 0.313 -1.1408 -0.0612 0.327
160.0 -1.2013 -0.0571 0.3169 -1.1451 -0.0764 0.3422 -1.078 -0.0833 0.3558 -1.0685 -0.0673 0.3405 -1.0748 -0.056 0.3282 -1.096 -0.0405 0.3103 -1.1427 -0.0804 0.3465 -1.1375 -0.0699 0.3363 -1.1393 -0.0598 0.3257 -1.1463 -0.0497 0.3148 -1.1534 -0.0634 0.328
161.0 -1.202 -0.0585 0.3182 -1.1488 -0.0757 0.3411 -1.0822 -0.0844 0.3566 -1.0718 -0.0684 0.3412 -1.0772 -0.0575 0.3296 -1.0995 -0.041 0.3104 -1.1453 -0.0807 0.3466 -1.1401 -0.0703 0.3364 -1.1417 -0.0607 0.3264 -1.148 -0.05 0.3148 -1.1554 -0.064 0.3285
162.0 -1.2057 -0.0571 0.3164 -1.1497 -0.0758 0.3411 -1.0815 -0.0831 0.3553 -1.0701 -0.0681 0.3411 -1.0772 -0.0575 0.3296 -1.0987 -0.0402 0.3098 -1.1452 -0.0813 0.3472 -1.1401 -0.0703 0.3364 -1.1409 -0.0606 0.3264 -1.148 -0.05 0.3148 -1.156 -0.0639 0.3282
163.0 -1.2045 -0.0588 0.3183 -1.1495 -0.0764 0.3417 -1.0823 -0.0838 0.356 -1.0727 -0.0679 0.3406 -1.0781 -0.0576 0.3296 -1.0995 -0.041 0.3104 -1.1452 -0.0813 0.3472 -1.1409 -0.0704 0.3364 -1.1417 -0.0607 0.3264 -1.1489 -0.0501 0.3149 -1.1563 -0.0643 0.3286
164.0 -1.2039 -0.0575 0.317 -1.1497 -0.0758 0.3411 -1.0824 -0.0832 0.3554 -1.071 -0.0677 0.3406 -1.0782 -0.057 0.329 -1.0987 -0.0402 0.3098 -1.1461 -0.0809 0.3466 -1.141 -0.0698 0.3358 -1.1418 -0.0601 0.3258 -1.149 -0.0495 0.3142 -1.1564 -0.0635 0.3279
165.0 -1.203 -0.0574 0.3169 -1.1485 -0.0775 0.3429 -1.0815 -0.0831 0.3553 -1.071 -0.0677 0.3406 -1.0773 -0.0569 0.3289 -1.0996 -0.0404 0.3098 -1.1453 -0.0807 0.3466 -1.1402 -0.0697 0.3357 -1.141 -0.06 0.3258 -1.1481 -0.0494 0.3142 -1.1555 -0.0634 0.3278
166.0 -1.2049 -0.057 0.3164 -1.1494 -0.077 0.3424 -1.0798 -0.0829 0.3553 -1.071 -0.0677 0.3406 -1.0783 -0.0564 0.3284 -1.0988 -0.0396 0.3092 -1.1454 -0.0801 0.3459 -1.1402 -0.0697 0.3357 -1.142 -0.0595 0.3252 -1.1482 -0.0488 0.3136 -1.1561 -0.063 0.3274
167.0 -1.205 -0.0564 0.3158 -1.1485 -0.0775 0.3429 -1.0808 -0.0824 0.3547 -1.071 -0.0677 0.3406 -1.0783 -0.0564 0.3284 -1.0981 -0.0389 0.3085 -1.1455 -0.0795 0.3453 -1.1403 -0.0691 0.3351 -1.142 -0.0595 0.3252 -1.1481 -0.0494 0.3142 -1.1562 -0.0628 0.3271
168.0 -1.2056 -0.0577 0.317 -1.1495 -0.0764 0.3417 -1.0808 -0.0824 0.3547 -1.071 -0.0677 0.3406 -1.0783 -0.0564 0.3284 -1.0997 -0.0398 0.3092 -1.1454 -0.0801 0.3459 -1.141 -0.0698 0.3358 -1.1428 -0.0596 0.3252 -1.1491 -0.0489 0.3136 -1.1568 -0.0632 0.3275
169.0 -1.204 -0.0569 0.3164 -1.1493 -0.0776 0.343 -1.0808 -0.0824 0.3547 -1.0702 -0.0675 0.3405 -1.0782 -0.057 0.329 -1.0988 -0.0396 0.3092 -1.1454 -0.0801 0.3459 -1.1411 -0.0692 0.3352 -1.142 -0.0595 0.3252 -1.1481 -0.0494 0.3142 -1.1561 -0.063 0.3274
170.0 -1.2046 -0.0582 0.3176 -1.1484 -0.0781 0.3436 -1.0808 -0.0824 0.3547 -1.0701 -0.0681 0.3411 -1.0782 -0.057 0.329 -1.0988 -0.0396 0.3092 -1.1445 -0.08 0.3459 -1.1403 -0.0691 0.3351 -1.142 -0.0595 0.3252 -1.1481 -0.0494 0.3142 -1.1559 -0.0632 0.3276
171.0 -1.2038 -0.0581 0.3176 -1.1494 -0.077 0.3424 -1.0807 -0.083 0.3553 -1.071 -0.0677 0.3406 -1.0783 -0.0564 0.3284 -1.0987 -0.0402 0.3098 -1.1445 -0.08 0.3459 -1.1402 -0.0697 0.3357 -1.1418 -0.0601 0.3258 -1.1481 -0.0494 0.3142 -1.1557 -0.0635 0.3279
172.0 -1.2036 -0.0593 0.3188 -1.1484 -0.0781 0.3436 -1.0799 -0.0823 0.3546 -1.0702 -0.0675 0.3405 -1.0773 -0.0569 0.3289 -1.098 -0.0395 0.3091 -1.1437 -0.0799 0.3459 -1.1393 -0.0695 0.3357 -1.1418 -0.0601 0.3258 -1.1481 -0.0494 0.3142 -1.1553 -0.0636 0.3281
173.0 -1.2038 -0.0581 0.3176 -1.1495 -0.0764 0.3417 -1.0807 -0.083 0.3553 -1.0702 -0.0675 0.3405 -1.0774 -0.0563 0.3283 -1.0988 -0.0396 0.3092 -1.1453 -0.0807 0.3466 -1.1401 -0.0703 0.3364 -1.1418 -0.0601 0.3258 -1.148 -0.05 0.3148 -1.1558 -0.0638 0.3282
174.0 -1.2037 -0.0587 0.3182 -1.1493 -0.0776 0.343 -1.0808 -0.0824 0.3547 -1.0703 -0.0669 0.3399 -1.0774 -0.0563 0.3283 -1.0989 -0.0391 0.3085 -1.1437 -0.0799 0.3459 -1.1393 -0.0695 0.3357 -1.141 -0.06 0.3258 -1.1481 -0.0494 0.3142 -1.1552 -0.0635 0.328
175.0 -1.2047 -0.0576 0.317 -1.1493 -0.0776 0.343 -1.0809 -0.0818 0.3541 -1.072 -0.0672 0.34 -1.0791 -0.0565 0.3284 -1.0989 -0.0391 0.3085 -1.1445 -0.08 0.3459 -1.1402 -0.0697 0.3357 -1.1418 -0.0601 0.3258 -1.1481 -0.0494 0.3142 -1.1559 -0.0634 0.3277
176.0 -1.2045 -0.0588 0.3183 -1.1484 -0.0781 0.3436 -1.08 -0.0817 0.354 -1.0721 -0.0666 0.3394 -1.0791 -0.0565 0.3284 -1.0988 -0.0396 0.3092 -1.1445 -0.08 0.3459 -1.1402 -0.0697 0.3357 -1.142 -0.0595 0.3252 -1.149 -0.0495 0.3142 -1.156 -0.0635 0.3279
177.0 -1.2064 -0.0584 0.3177 -1.1503 -0.0771 0.3424 -1.0808 -0.0824 0.3547 -1.0721 -0.0666 0.3394 -1.0784 -0.0558 0.3277 -1.1005 -0.0399 0.3092 -1.1454 -0.0801 0.3459 -1.1403 -0.0691 0.3351 -1.142 -0.0595 0.3252 -1.1481 -0.0494 0.3142 -1.1564 -0.0633 0.3276
178.0 -1.2073 -0.058 0.3171 -1.1485 -0.0775 0.3429 -1.0809 -0.0818 0.3541 -1.0722 -0.066 0.3387 -1.0784 -0.0558 0.3277 -1.0988 -0.0396 0.3092 -1.1445 -0.08 0.3459 -1.1402 -0.0697 0.3357 -1.142 -0.0595 0.3252 -1.149 -0.0495 0.3142 -1.1566 -0.0633 0.3276
179.0 -1.2074 -0.0574 0.3165 -1.1488 -0.0757 0.3411 -1.08 -0.0817 0.354 -1.0722 -0.066 0.3387 -1.0784 -0.0558 0.3277 -1.0989 -0.0391 0.3085 -1.1455 -0.0795 0.3453 -1.1403 -0.0691 0.3351 -1.142 -0.0595 0.3252 -1.1492 -0.0483 0.313 -1.1569 -0.0628 0.327
180.0 -1.2073 -0.058 0.3171 -1.1485 -0.0775 0.3429 -1.08 -0.0817 0.354 -1.0713 -0.0659 0.3387 -1.0785 -0.0552 0.3271 -1.0988 -0.0396 0.3092 -1.1437 -0.0799 0.3459 -1.1394 -0.0689 0.3351 -1.1411 -0.0594 0.3252 -1.1482 -0.0488 0.3136 -1.1559 -0.063 0.3274
181.0 -1.2066 -0.0572 0.3165 -1.1487 -0.0763 0.3417 -1.0801 -0.0811 0.3534 -1.0714 -0.0653 0.3381 -1.0785 -0.0552 0.3271 -1.0989 -0.0391 0.3085 -1.1438 -0.0793 0.3453 -1.1394 -0.0689 0.3351 -1.1412 -0.0588 0.3245 -1.1491 -0.0489 0.3136 -1.156 -0.0626 0.327
182.0 -1.2066 -0.0572 0.3165 -1.1485 -0.0775 0.3429 -1.0792 -0.081 0.3534 -1.0716 -0.0647 0.3375 -1.0785 -0.0552 0.3271 -1.0989 -0.0391 0.3085 -1.1428 -0.0798 0.3458 -1.1386 -0.0688 0.3351 -1.1412 -0.0588 0.3245 -1.1482 -0.0488 0.3136 -1.1555 -0.0627 0.3271
183.0 -1.2047 -0.0576 0.317 -1.1478 -0.0762 0.3417 -1.0792 -0.081 0.3534 -1.0706 -0.0652 0.338 -1.0785 -0.0552 0.3271 -1.0982 -0.0383 0.3079 -1.1437 -0.0799 0.3459 -1.1386 -0.0688 0.3351 -1.1411 -0.0594 0.3252 -1.1482 -0.0488 0.3136 -1.1553 -0.0629 0.3273
184.0 -1.2057 -0.0571 0.3164 -1.1478 -0.0762 0.3417 -1.0791 -0.0816 0.354 -1.0706 -0.0652 0.338 -1.0793 -0.0553 0.3271 -1.0989 -0.0391 0.3085 -1.1429 -0.0792 0.3452 -1.1386 -0.0688 0.3351 -1.1412 -0.0588 0.3245 -1.1482 -0.0488 0.3136 -1.1553 -0.0625 0.327
185.0 -1.2058 -0.0565 0.3158 -1.1478 -0.0762 0.3417 -1.0792 -0.081 0.3534 -1.0706 -0.0652 0.338 -1.0775 -0.0557 0.3277 -1.0982 -0.0383 0.3079 -1.1438 -0.0793 0.3453 -1.1386 -0.0688 0.3351 -1.1412 -0.0588 0.3245 -1.1483 -0.0482 0.313 -1.1555 -0.0623 0.3267
186.0 -1.2058 -0.0565 0.3158 -1.1479 -0.0756 0.341 -1.0792 -0.081 0.3534 -1.0706 -0.0652 0.338 -1.0795 -0.0547 0.3265 -1.0973 -0.0382 0.3079 -1.1429 -0.0792 0.3452 -1.1386 -0.0688 0.3351 -1.1412 -0.0588 0.3245 -1.1475 -0.048 0.3129 -1.1552 -0.0623 0.3267
187.0 -1.2047 -0.0576 0.317 -1.1478 -0.0762 0.3417 -1.0791 -0.0816 0.354 -1.0706 -0.0652 0.338 -1.0785 -0.0552 0.3271 -1.0972 -0.0388 0.3085 -1.1429 -0.0792 0.3452 -1.1386 -0.0688 0.3351 -1.1411 -0.0594 0.3252 -1.1482 -0.0488 0.3136 -1.1551 -0.0628 0.3272
188.0 -1.2058 -0.0565 0.3158 -1.1478 -0.0762 0.3417 -1.0792 -0.081 0.3534 -1.0706 -0.0652 0.338 -1.0785 -0.0552 0.3271 -1.0981 -0.0389 0.3085 -1.1429 -0.0792 0.3452 -1.1387 -0.0682 0.3344 -1.1412 -0.0588 0.3245 -1.1483 -0.0482 0.313 -1.1554 -0.0622 0.3266
189.0 -1.2049 -0.057 0.3164 -1.1477 -0.0768 0.3423 -1.0784 -0.0809 0.3533 -1.0698 -0.0644 0.3374 -1.0777 -0.0545 0.3265 -1.0973 -0.0382 0.3079 -1.1429 -0.0792 0.3452 -1.1377 -0.0687 0.335 -1.1395 -0.0586 0.3245 -1.1466 -0.0479 0.3129 -1.1543 -0.0623 0.3268
190.0 -1.2057 -0.0571 0.3164 -1.1468 -0.0773 0.3429 -1.0775 -0.0808 0.3533 -1.0698 -0.0644 0.3374 -1.0769 -0.0544 0.3264 -1.0972 -0.0388 0.3085 -1.1429 -0.0792 0.3452 -1.1386 -0.0688 0.3351 -1.1403 -0.0587 0.3245 -1.1475 -0.048 0.3129 -1.155 -0.0624 0.3268
191.0 -1.204 -0.0569 0.3164 -1.1468 -0.0773 0.3429 -1.0775 -0.0808 0.3533 -1.069 -0.0643 0.3374 -1.0768 -0.055 0.327 -1.0972 -0.0388 0.3085 -1.1419 -0.0797 0.3458 -1.1377 -0.0687 0.335 -1.1402 -0.0593 0.3251 -1.1474 -0.0486 0.3135 -1.1542 -0.0626 0.3272
192.0 -1.205 -0.0564 0.3158 -1.1473 -0.0792 0.3448 -1.0784 -0.0809 0.3533 -1.0689 -0.0649 0.338 -1.0768 -0.055 0.327 -1.0964 -0.0381 0.3078 -1.1428 -0.0798 0.3458 -1.1377 -0.0687 0.335 -1.1394 -0.0592 0.3251 -1.1465 -0.0485 0.3135 -1.1543 -0.0625 0.327
193.0 -1.2049 -0.057 0.3164 -1.1468 -0.0773 0.3429 -1.0774 -0.0813 0.3539 -1.0689 -0.0649 0.338 -1.0759 -0.0549 0.327 -1.0972 -0.0388 0.3085 -1.1429 -0.0792 0.3452 -1.1377 -0.0687 0.335 -1.1395 -0.0586 0.3245 -1.1465 -0.0485 0.3135 -1.1543 -0.0624 0.3269
194.0 -1.2049 -0.057 0.3164 -1.1451 -0.0764 0.3422 -1.0765 -0.0818 0.3545 -1.0697 -0.065 0.338 -1.0769 -0.0544 0.3264 -1.0973 -0.0382 0.3079 -1.1419 -0.0797 0.3458 -1.1377 -0.0687 0.335 -1.1395 -0.0586 0.3245 -1.1466 -0.0479 0.3129 -1.1541 -0.0624 0.3269
195.0 -1.2049 -0.057 0.3164 -1.145 -0.077 0.3428 -1.0766 -0.0812 0.3539 -1.0679 -0.0654 0.3386 -1.0749 -0.0554 0.3276 -1.0972 -0.0388 0.3085 -1.142 -0.0791 0.3452 -1.1368 -0.0686 0.335 -1.1395 -0.0586 0.3245 -1.1466 -0.0479 0.3129 -1.154 -0.0622 0.3268
196.0 -1.2057 -0.0571 0.3164 -1.1444 -0.0757 0.3415 -1.0766 -0.0812 0.3539 -1.0697 -0.065 0.338 -1.0769 -0.0544 0.3264 -1.0973 -0.0382 0.3079 -1.1419 -0.0797 0.3458 -1.1377 -0.0687 0.335 -1.1403 -0.0587 0.3245 -1.1475 -0.048 0.3129 -1.1546 -0.0625 0.3269
197.0 -1.2057 -0.0571 0.3164 -1.1434 -0.0762 0.3421 -1.0766 -0.0812 0.3539 -1.0697 -0.065 0.338 -1.0777 -0.0545 0.3265 -1.0964 -0.0381 0.3078 -1.142 -0.0791 0.3452 -1.1378 -0.0681 0.3344 -1.1404 -0.0581 0.3239 -1.1475 -0.048 0.3129 -1.1547 -0.0621 0.3266
198.0 -1.2056 -0.0577 0.317 -1.1442 -0.0769 0.3428 -1.0767 -0.0806 0.3533 -1.0689 -0.0649 0.338 -1.075 -0.0548 0.327 -1.0963 -0.0387 0.3084 -1.1412 -0.079 0.3452 -1.1369 -0.068 0.3344 -1.1396 -0.058 0.3239 -1.1467 -0.0473 0.3123 -1.154 -0.062 0.3265
199.0 -1.2049 -0.057 0.3164 -1.1444 -0.0757 0.3415 -1.0757 -0.0811 0.3539 -1.0697 -0.065 0.338 -1.0769 -0.0544 0.3264 -1.0972 -0.0388 0.3085 -1.1411 -0.0796 0.3458 -1.1368 -0.0686 0.335 -1.1395 -0.0586 0.3245 -1.1466 -0.0479 0.3129 -1.1538 -0.0623 0.3269
200.0 -1.2057 -0.0571 0.3164 -1.1441 -0.0775 0.3434 -1.0758 -0.0805 0.3532 -1.0681 -0.0642 0.3373 -1.076 -0.0543 0.3264 -1.0972 -0.0388 0.3085 -1.1412 -0.079 0.3452 -1.1368 -0.0686 0.335 -1.1395 -0.0586 0.3245 -1.1466 -0.0479 0.3129 -1.154 -0.0622 0.3268
201.0 -1.2046 -0.0582 0.3176 -1.1433 -0.0768 0.3427 -1.0757 -0.0811 0.3539 -1.0689 -0.0649 0.338 -1.076 -0.0543 0.3264 -1.0973 -0.0382 0.3079 -1.1419 -0.0797 0.3458 -1.1377 -0.0687 0.335 -1.1395 -0.0586 0.3245 -1.1475 -0.048 0.3129 -1.1542 -0.0626 0.3272
202.0 -1.2045 -0.0588 0.3183 -1.1433 -0.0768 0.3427 -1.0757 -0.0811 0.3539 -1.068 -0.0648 0.3379 -1.076 -0.0543 0.3264 -1.0972 -0.0388 0.3085 -1.1411 -0.0796 0.3458 -1.1367 -0.0692 0.3356 -1.1394 -0.0592 0.3251 -1.1465 -0.0485 0.3135 -1.1536 -0.0631 0.3276
203.0 -1.2045 -0.0588 0.3183 -1.1433 -0.0768 0.3427 -1.0756 -0.0817 0.3545 -1.0688 -0.0655 0.3386 -1.0759 -0.0549 0.327 -1.0973 -0.0382 0.3079 -1.1411 -0.0796 0.3458 -1.1368 -0.0686 0.335 -1.1394 -0.0592 0.3251 -1.1474 -0.0486 0.3135 -1.1538 -0.063 0.3275
204.0 -1.2036 -0.0593 0.3188 -1.1433 -0.0768 0.3427 -1.0747 -0.0816 0.3544 -1.0687 -0.0661 0.3392 -1.0768 -0.055 0.327 -1.0982 -0.0383 0.3079 -1.1401 -0.08 0.3464 -1.1367 -0.0692 0.3356 -1.1394 -0.0592 0.3251 -1.1474 -0.0486 0.3135 -1.1534 -0.0633 0.3279
205.0 -1.2028 -0.0586 0.3182 -1.1425 -0.0767 0.3427 -1.0756 -0.0817 0.3545 -1.0679 -0.0654 0.3386 -1.0742 -0.0546 0.3269 -1.0955 -0.0386 0.3084 -1.1393 -0.0799 0.3463 -1.1359 -0.0691 0.3356 -1.1385 -0.0591 0.3251 -1.1457 -0.0484 0.3135 -1.1524 -0.063 0.3277
206.0 -1.2027 -0.0592 0.3188 -1.1426 -0.0761 0.3421 -1.0747 -0.0816 0.3544 -1.0688 -0.0655 0.3386 -1.075 -0.0548 0.327 -1.0964 -0.0381 0.3078 -1.1393 -0.0799 0.3463 -1.1359 -0.0691 0.3356 -1.1385 -0.0591 0.3251 -1.1457 -0.0484 0.3135 -1.1524 -0.0631 0.3279
207.0 -1.2036 -0.0593 0.3188 -1.1425 -0.0767 0.3427 -1.0739 -0.0815 0.3544 -1.0679 -0.0654 0.3386 -1.075 -0.0548 0.327 -1.0973 -0.0382 0.3079 -1.1401 -0.08 0.3464 -1.1367 -0.0692 0.3356 -1.1394 -0.0592 0.3251 -1.1464 -0.0491 0.3141 -1.1532 -0.0634 0.328
208.0 -1.2036 -0.0593 0.3188 -1.1424 -0.0773 0.3433 -1.0747 -0.0816 0.3544 -1.0679 -0.0654 0.3386 -1.0749 -0.0554 0.3276 -1.0972 -0.0388 0.3085 -1.1395 -0.0787 0.3451 -1.136 -0.0685 0.335 -1.1385 -0.0591 0.3251 -1.1464 -0.0491 0.3141 -1.1528 -0.0629 0.3276
209.0 -1.2037 -0.0587 0.3182 -1.1432 -0.0774 0.3434 -1.074 -0.0809 0.3538 -1.067 -0.0653 0.3385 -1.0742 -0.0546 0.3269 -1.0955 -0.0386 0.3084 -1.1394 -0.0793 0.3457 -1.1359 -0.0691 0.3356 -1.1385 -0.0591 0.3251 -1.1456 -0.049 0.3141 -1.1526 -0.063 0.3277
210.0 -1.2046 -0.0582 0.3176 -1.1431 -0.078 0.344 -1.0738 -0.0821 0.355 -1.0661 -0.0658 0.3391 -1.0741 -0.0552 0.3276 -1.0954 -0.0392 0.309 -1.1402 -0.0794 0.3457 -1.1359 -0.0691 0.3356 -1.1385 -0.0591 0.3251 -1.1456 -0.049 0.3141 -1.153 -0.063 0.3276
211.0 -1.2026 -0.0598 0.3194 -1.1418 -0.0803 0.3464 -1.0728 -0.0826 0.3556 -1.0658 -0.0676 0.341 -1.073 -0.0563 0.3288 -1.0943 -0.0403 0.3102 -1.1373 -0.0809 0.3475 -1.1331 -0.0699 0.3367 -1.1357 -0.0599 0.3262 -1.1437 -0.0494 0.3147 -1.1505 -0.064 0.3289
212.0 -1.2009 -0.0595 0.3194 -1.1418 -0.0803 0.3464 -1.0737 -0.0827 0.3557 -1.0659 -0.067 0.3404 -1.0739 -0.0564 0.3288 -1.0934 -0.0401 0.3102 -1.1373 -0.0809 0.3475 -1.1339 -0.07 0.3368 -1.1357 -0.0599 0.3262 -1.1429 -0.0493 0.3146 -1.1502 -0.0639 0.3289
213.0 -1.2016 -0.0602 0.32 -1.141 -0.0802 0.3464 -1.0727 -0.0832 0.3562 -1.0667 -0.0671 0.3404 -1.074 -0.0558 0.3282 -1.0943 -0.0403 0.3102 -1.1381 -0.0816 0.3482 -1.1338 -0.0706 0.3374 -1.1356 -0.0605 0.3268 -1.1429 -0.0493 0.3146 -1.1504 -0.0644 0.3294
214.0 -1.2019 -0.0591 0.3188 -1.1418 -0.0803 0.3464 -1.072 -0.0824 0.3556 -1.0659 -0.067 0.3404 -1.0731 -0.0557 0.3282 -1.0943 -0.0403 0.3102 -1.1374 -0.0803 0.3469 -1.1332 -0.0693 0.3361 -1.1357 -0.0599 0.3262 -1.1438 -0.0488 0.314 -1.1504 -0.0635 0.3284
215.0 -1.2027 -0.0592 0.3188 -1.1433 -0.0817 0.3477 -1.0719 -0.083 0.3562 -1.0658 -0.0676 0.341 -1.073 -0.0563 0.3288 -1.0943 -0.0403 0.3102 -1.1383 -0.0804 0.3469 -1.1332 -0.0693 0.3361 -1.1358 -0.0593 0.3256 -1.143 -0.0487 0.314 -1.1506 -0.0634 0.3283
216.0 -1.2009 -0.0595 0.3194 -1.1418 -0.0803 0.3464 -1.0719 -0.083 0.3562 -1.0649 -0.0674 0.3409 -1.0731 -0.0557 0.3282 -1.0934 -0.0401 0.3102 -1.1373 -0.0809 0.3475 -1.1331 -0.0699 0.3367 -1.1357 -0.0599 0.3262 -1.1429 -0.0493 0.3146 -1.15 -0.0639 0.3289
217.0 -1.2009 -0.0595 0.3194 -1.1417 -0.0809 0.347 -1.0727 -0.0832 0.3562 -1.0658 -0.0676 0.341 -1.073 -0.0563 0.3288 -1.0933 -0.0407 0.3108 -1.1366 -0.0802 0.3468 -1.1323 -0.0692 0.3361 -1.1349 -0.0598 0.3262 -1.1429 -0.0493 0.3146 -1.1495 -0.0636 0.3286
218.0 -1.2017 -0.0597 0.3194 -1.1418 -0.0803 0.3464 -1.0719 -0.083 0.3562 -1.0658 -0.0676 0.341 -1.073 -0.0563 0.3288 -1.0933 -0.0407 0.3108 -1.1373 -0.0809 0.3475 -1.1331 -0.0699 0.3367 -1.1357 -0.0599 0.3262 -1.1429 -0.0493 0.3146 -1.1502 -0.0639 0.3289
219.0 -1.2025 -0.0604 0.3201 -1.1411 -0.0796 0.3458 -1.0727 -0.0832 0.3562 -1.0659 -0.067 0.3404 -1.0731 -0.0557 0.3282 -1.0934 -0.0401 0.3102 -1.1383 -0.0804 0.3469 -1.1348 -0.0702 0.3368 -1.1374 -0.0601 0.3263 -1.1446 -0.0495 0.3147 -1.1515 -0.0641 0.3289
220.0 -1.2008 -0.0601 0.32 -1.141 -0.0802 0.3464 -1.072 -0.0824 0.3556 -1.0649 -0.0674 0.3409 -1.073 -0.0563 0.3288 -1.0942 -0.0409 0.3109 -1.1365 -0.0808 0.3475 -1.1331 -0.0699 0.3367 -1.1356 -0.0605 0.3268 -1.1428 -0.0499 0.3152 -1.1497 -0.0642 0.3292
221.0 -1.2017 -0.0597 0.3194 -1.1419 -0.0797 0.3458 -1.0719 -0.083 0.3562 -1.0649 -0.0674 0.3409 -1.0722 -0.0562 0.3287 -1.0934 -0.0401 0.3102 -1.1382 -0.081 0.3475 -1.1339 -0.07 0.3368 -1.1357 -0.0599 0.3262 -1.1429 -0.0493 0.3146 -1.1505 -0.064 0.3289
222.0 -1.2008 -0.0601 0.32 -1.1418 -0.0803 0.3464 -1.0728 -0.0826 0.3556 -1.0649 -0.0674 0.3409 -1.073 -0.0563 0.3288 -1.0934 -0.0401 0.3102 -1.1366 -0.0802 0.3468 -1.1331 -0.0699 0.3367 -1.1357 -0.0599 0.3262 -1.1428 -0.0499 0.3152 -1.1498 -0.064 0.329
223.0 -1.2 -0.0594 0.3193 -1.1411 -0.0796 0.3458 -1.072 -0.0824 0.3556 -1.065 -0.0668 0.3403 -1.0723 -0.0556 0.3281 -1.0925 -0.0406 0.3108 -1.1373 -0.0809 0.3475 -1.1339 -0.07 0.3368 -1.1357 -0.0599 0.3262 -1.1429 -0.0493 0.3146 -1.15 -0.0639 0.3289
224.0 -1.2001 -0.0588 0.3187 -1.1429 -0.0792 0.3452 -1.073 -0.0814 0.3544 -1.065 -0.0668 0.3403 -1.0731 -0.0557 0.3282 -1.0944 -0.0397 0.3096 -1.1374 -0.0803 0.3469 -1.1332 -0.0693 0.3361 -1.1357 -0.0599 0.3262 -1.1429 -0.0493 0.3146 -1.1499 -0.0635 0.3285
225.0 -1.201 -0.0589 0.3187 -1.1411 -0.0796 0.3458 -1.0729 -0.082 0.355 -1.066 -0.0664 0.3397 -1.0731 -0.0557 0.3282 -1.0943 -0.0403 0.3102 -1.1375 -0.0797 0.3463 -1.1342 -0.0689 0.3355 -1.1358 -0.0593 0.3256 -1.1429 -0.0493 0.3146 -1.1503 -0.0632 0.3281
226.0 -1.2008 -0.0601 0.32 -1.1429 -0.0792 0.3452 -1.0721 -0.0818 0.355 -1.0642 -0.0667 0.3403 -1.0723 -0.0556 0.3281 -1.0934 -0.0401 0.3102 -1.1374 -0.0803 0.3469 -1.1332 -0.0693 0.3361 -1.1357 -0.0599 0.3262 -1.1429 -0.0493 0.3146 -1.15 -0.0638 0.3288
227.0 -1.2008 -0.0601 0.32 -1.1427 -0.0804 0.3465 -1.0729 -0.082 0.355 -1.0651 -0.0662 0.3397 -1.0731 -0.0557 0.3282 -1.0933 -0.0407 0.3108 -1.1383 -0.0804 0.3469 -1.1341 -0.0694 0.3361 -1.1357 -0.0599 0.3262 -1.1429 -0.0493 0.3146 -1.1503 -0.0638 0.3288
