1.0 -1.2246 -0.0395 0.2966 -1.1884 -0.0658 0.327 -1.1166 -0.0634 0.3317 -1.1152 -0.0467 0.3148 -1.1243 -0.0345 0.3014 -1.1441 -0.0274 0.2922 -1.1752 -0.0658 0.3284 -1.1698 -0.056 0.3188 -1.1707 -0.0463 0.3088 -1.176 -0.036 0.2978 -1.1833 -0.0487 0.3101
2.0 -1.2271 -0.0405 0.2973 -1.1851 -0.0641 0.3256 -1.1165 -0.064 0.3323 -1.1145 -0.0454 0.3135 -1.1251 -0.0353 0.3021 -1.1422 -0.0278 0.2927 -1.1733 -0.0662 0.3289 -1.1698 -0.056 0.3188 -1.1715 -0.0464 0.3089 -1.1777 -0.0362 0.2979 -1.1839 -0.0491 0.3103
3.0 -1.2252 -0.0414 0.2984 -1.1874 -0.0663 0.3276 -1.1166 -0.0634 0.3317 -1.1144 -0.046 0.3141 -1.1243 -0.0345 0.3014 -1.1434 -0.0261 0.2909 -1.1743 -0.0657 0.3283 -1.1698 -0.056 0.3188 -1.1707 -0.0463 0.3088 -1.1767 -0.0367 0.2984 -1.1833 -0.0492 0.3106
4.0 -1.2253 -0.0408 0.2978 -1.1851 -0.0641 0.3256 -1.1165 -0.064 0.3323 -1.1137 -0.0453 0.3135 -1.1262 -0.0342 0.3009 -1.1432 -0.0273 0.2921 -1.1733 -0.0662 0.3289 -1.1689 -0.0564 0.3194 -1.1707 -0.0463 0.3088 -1.1768 -0.0361 0.2978 -1.183 -0.0492 0.3106
5.0 -1.2245 -0.0401 0.2972 -1.1892 -0.0659 0.327 -1.1167 -0.0628 0.3311 -1.1153 -0.0461 0.3142 -1.1253 -0.0341 0.3008 -1.1459 -0.0271 0.2916 -1.1743 -0.0657 0.3283 -1.1698 -0.056 0.3188 -1.1715 -0.0464 0.3089 -1.1759 -0.0366 0.2984 -1.1832 -0.049 0.3103
6.0 -1.2246 -0.0395 0.2966 -1.1884 -0.0658 0.327 -1.1166 -0.0634 0.3317 -1.1154 -0.0455 0.3136 -1.1253 -0.0341 0.3008 -1.145 -0.0269 0.2916 -1.1752 -0.0658 0.3284 -1.1698 -0.056 0.3188 -1.1715 -0.0464 0.3089 -1.1759 -0.0366 0.2984 -1.1834 -0.0489 0.3102
7.0 -1.2261 -0.041 0.2979 -1.1868 -0.0644 0.3257 -1.1182 -0.0643 0.3324 -1.1145 -0.0454 0.3135 -1.1261 -0.0348 0.3015 -1.1433 -0.0267 0.2915 -1.1742 -0.0663 0.3289 -1.1698 -0.056 0.3188 -1.1715 -0.0464 0.3089 -1.1777 -0.0362 0.2979 -1.1839 -0.0492 0.3105
8.0 -1.2262 -0.0404 0.2972 -1.1866 -0.0656 0.3269 -1.1175 -0.0635 0.3317 -1.1144 -0.046 0.3141 -1.1251 -0.0353 0.3021 -1.1442 -0.0268 0.2916 -1.1734 -0.0656 0.3283 -1.169 -0.0558 0.3188 -1.1708 -0.0457 0.3082 -1.1768 -0.0361 0.2978 -1.1833 -0.0487 0.3101
9.0 -1.227 -0.0411 0.2979 -1.185 -0.0647 0.3262 -1.1165 -0.064 0.3323 -1.1144 -0.046 0.3141 -1.1251 -0.0353 0.3021 -1.1422 -0.0278 0.2927 -1.1733 -0.0662 0.3289 -1.1697 -0.0566 0.3194 -1.1715 -0.0464 0.3089 -1.1768 -0.0361 0.2978 -1.1837 -0.0493 0.3106
10.0 -1.2275 -0.043 0.2998 -1.185 -0.0647 0.3262 -1.1165 -0.064 0.3323 -1.1144 -0.046 0.3141 -1.1241 -0.0357 0.3026 -1.1431 -0.0279 0.2928 -1.1733 -0.0662 0.3289 -1.1697 -0.0566 0.3194 -1.1714 -0.047 0.3095 -1.1775 -0.0374 0.2991 -1.1839 -0.05 0.3113
11.0 -1.2278 -0.0418 0.2985 -1.1866 -0.0656 0.3269 -1.1165 -0.064 0.3323 -1.1144 -0.046 0.3141 -1.125 -0.0359 0.3027 -1.1438 -0.0286 0.2934 -1.1742 -0.0663 0.3289 -1.1706 -0.0567 0.3194 -1.1723 -0.0471 0.3095 -1.1776 -0.0368 0.2985 -1.1845 -0.0497 0.311
12.0 -1.2261 -0.041 0.2979 -1.1858 -0.0654 0.3269 -1.1164 -0.0646 0.333 -1.1135 -0.0459 0.3141 -1.1242 -0.0351 0.302 -1.1422 -0.0278 0.2927 -1.1742 -0.0663 0.3289 -1.1696 -0.0571 0.32 -1.1714 -0.047 0.3095 -1.1775 -0.0374 0.2991 -1.1838 -0.0498 0.3111
13.0 -1.2259 -0.0421 0.2991 -1.1858 -0.0654 0.3269 -1.1164 -0.0646 0.333 -1.1144 -0.046 0.3141 -1.125 -0.0359 0.3027 -1.144 -0.028 0.2928 -1.1733 -0.0662 0.3289 -1.1697 -0.0566 0.3194 -1.1714 -0.047 0.3095 -1.1775 -0.0374 0.2991 -1.1836 -0.0499 0.3112
14.0 -1.2261 -0.041 0.2979 -1.186 -0.0642 0.3257 -1.1165 -0.064 0.3323 -1.1146 -0.0448 0.3129 -1.1243 -0.0345 0.3014 -1.1431 -0.0279 0.2928 -1.1733 -0.0662 0.3289 -1.1697 -0.0566 0.3194 -1.1715 -0.0464 0.3089 -1.1776 -0.0368 0.2985 -1.1837 -0.0494 0.3107
15.0 -1.2259 -0.0421 0.2991 -1.1859 -0.0648 0.3263 -1.1164 -0.0646 0.333 -1.1144 -0.046 0.3141 -1.1242 -0.0351 0.302 -1.1422 -0.0278 0.2927 -1.1733 -0.0662 0.3289 -1.1689 -0.0564 0.3194 -1.1706 -0.0469 0.3094 -1.1767 -0.0367 0.2984 -1.1831 -0.0497 0.3111
16.0 -1.226 -0.0416 0.2985 -1.1867 -0.065 0.3263 -1.1165 -0.064 0.3323 -1.1143 -0.0466 0.3148 -1.1242 -0.0351 0.302 -1.144 -0.028 0.2928 -1.1733 -0.0662 0.3289 -1.1697 -0.0566 0.3194 -1.1714 -0.047 0.3095 -1.1766 -0.0373 0.2991 -1.1834 -0.0497 0.3111
17.0 -1.2269 -0.0417 0.2985 -1.1843 -0.064 0.3256 -1.1172 -0.0653 0.3336 -1.1135 -0.0459 0.3141 -1.1242 -0.0351 0.302 -1.1422 -0.0278 0.2927 -1.1732 -0.0668 0.3295 -1.1689 -0.0564 0.3194 -1.1706 -0.0469 0.3094 -1.1767 -0.0367 0.2984 -1.1833 -0.0497 0.3111
18.0 -1.2269 -0.0417 0.2985 -1.1851 -0.0641 0.3256 -1.1164 -0.0646 0.333 -1.1135 -0.0459 0.3141 -1.1233 -0.0356 0.3026 -1.1422 -0.0278 0.2927 -1.1732 -0.0668 0.3295 -1.1697 -0.0566 0.3194 -1.1714 -0.047 0.3095 -1.1767 -0.0367 0.2984 -1.1836 -0.0497 0.3111
19.0 -1.2259 -0.0421 0.2991 -1.185 -0.0647 0.3262 -1.1165 -0.064 0.3323 -1.1126 -0.0464 0.3147 -1.1224 -0.0355 0.3026 -1.1431 -0.0279 0.2928 -1.1733 -0.0662 0.3289 -1.1689 -0.0564 0.3194 -1.1706 -0.0469 0.3094 -1.1758 -0.0372 0.299 -1.1829 -0.0498 0.3112
20.0 -1.2259 -0.0421 0.2991 -1.1849 -0.0653 0.3269 -1.1165 -0.064 0.3323 -1.1144 -0.046 0.3141 -1.1251 -0.0353 0.3021 -1.1422 -0.0278 0.2927 -1.1733 -0.0662 0.3289 -1.1697 -0.0566 0.3194 -1.1707 -0.0463 0.3088 -1.1767 -0.0367 0.2984 -1.1833 -0.0496 0.3109
21.0 -1.2268 -0.0423 0.2991 -1.1849 -0.0653 0.3269 -1.1165 -0.064 0.3323 -1.1144 -0.046 0.3141 -1.1252 -0.0347 0.3014 -1.1431 -0.0279 0.2928 -1.1733 -0.0662 0.3289 -1.1698 -0.056 0.3188 -1.1707 -0.0463 0.3088 -1.1768 -0.0361 0.2978 -1.1835 -0.0494 0.3107
22.0 -1.2261 -0.041 0.2979 -1.1866 -0.0656 0.3269 -1.1174 -0.0641 0.3324 -1.1144 -0.046 0.3141 -1.1243 -0.0345 0.3014 -1.1441 -0.0274 0.2922 -1.175 -0.0664 0.329 -1.1698 -0.056 0.3188 -1.1715 -0.0464 0.3089 -1.1767 -0.0367 0.2984 -1.1839 -0.0493 0.3106
23.0 -1.2252 -0.0414 0.2984 -1.1859 -0.0648 0.3263 -1.1174 -0.0641 0.3324 -1.1144 -0.046 0.3141 -1.1252 -0.0347 0.3014 -1.144 -0.028 0.2928 -1.1742 -0.0663 0.3289 -1.1697 -0.0566 0.3194 -1.1715 -0.0464 0.3089 -1.1767 -0.0367 0.2984 -1.1835 -0.0495 0.3108
24.0 -1.2268 -0.0423 0.2991 -1.185 -0.0647 0.3262 -1.1174 -0.0641 0.3324 -1.1154 -0.0455 0.3136 -1.1251 -0.0353 0.3021 -1.1431 -0.0279 0.2928 -1.1724 -0.0667 0.3295 -1.1697 -0.0566 0.3194 -1.1714 -0.047 0.3095 -1.1776 -0.0368 0.2985 -1.1836 -0.0499 0.3112
25.0 -1.227 -0.0411 0.2979 -1.1875 -0.0657 0.327 -1.1174 -0.0641 0.3324 -1.1153 -0.0461 0.3142 -1.1261 -0.0348 0.3015 -1.1431 -0.0279 0.2928 -1.175 -0.0664 0.329 -1.1715 -0.0568 0.3195 -1.1723 -0.0471 0.3095 -1.1776 -0.0368 0.2985 -1.1847 -0.0496 0.3109
26.0 -1.226 -0.0416 0.2985 -1.186 -0.0642 0.3257 -1.1174 -0.0641 0.3324 -1.1155 -0.045 0.3129 -1.1268 -0.0355 0.3021 -1.1423 -0.0272 0.2921 -1.1732 -0.0668 0.3295 -1.1697 -0.0566 0.3194 -1.1714 -0.047 0.3095 -1.1776 -0.0368 0.2985 -1.1836 -0.0497 0.3111
27.0 -1.2275 -0.043 0.2998 -1.1851 -0.0641 0.3256 -1.1173 -0.0647 0.333 -1.1154 -0.0455 0.3136 -1.126 -0.0354 0.3021 -1.143 -0.0285 0.2934 -1.1731 -0.0674 0.3302 -1.1696 -0.0571 0.32 -1.1714 -0.047 0.3095 -1.1776 -0.0368 0.2985 -1.1839 -0.0503 0.3116
28.0 -1.2269 -0.0417 0.2985 -1.1859 -0.0648 0.3263 -1.1174 -0.0641 0.3324 -1.1153 -0.0461 0.3142 -1.1258 -0.036 0.3027 -1.1423 -0.0272 0.2921 -1.1741 -0.0669 0.3296 -1.1706 -0.0567 0.3194 -1.1723 -0.0471 0.3095 -1.1785 -0.037 0.2985 -1.1845 -0.0499 0.3111
29.0 -1.2259 -0.0421 0.2991 -1.186 -0.0642 0.3257 -1.1182 -0.0643 0.3324 -1.1152 -0.0467 0.3148 -1.1268 -0.0355 0.3021 -1.1441 -0.0274 0.2922 -1.1732 -0.0668 0.3295 -1.1689 -0.0564 0.3194 -1.1715 -0.0464 0.3089 -1.1777 -0.0362 0.2979 -1.1835 -0.0496 0.3109
30.0 -1.2271 -0.0405 0.2973 -1.1849 -0.0653 0.3269 -1.1173 -0.0647 0.333 -1.1153 -0.0461 0.3142 -1.1258 -0.036 0.3027 -1.1421 -0.0284 0.2934 -1.1741 -0.0669 0.3296 -1.1705 -0.0573 0.3201 -1.1723 -0.0471 0.3095 -1.1776 -0.0368 0.2985 -1.1843 -0.0497 0.311
31.0 -1.2269 -0.0417 0.2985 -1.1858 -0.0654 0.3269 -1.1174 -0.0641 0.3324 -1.1153 -0.0461 0.3142 -1.125 -0.0359 0.3027 -1.1431 -0.0279 0.2928 -1.1741 -0.0669 0.3296 -1.1696 -0.0571 0.32 -1.1714 -0.047 0.3095 -1.1776 -0.0368 0.2985 -1.1839 -0.0499 0.3112
32.0 -1.227 -0.0411 0.2979 -1.184 -0.0658 0.3275 -1.1164 -0.0646 0.333 -1.1152 -0.0467 0.3148 -1.1249 -0.0364 0.3033 -1.1413 -0.0283 0.2933 -1.1749 -0.067 0.3296 -1.1705 -0.0573 0.3201 -1.1723 -0.0471 0.3095 -1.1775 -0.0374 0.2991 -1.1844 -0.05 0.3112
33.0 -1.2278 -0.0418 0.2985 -1.1842 -0.0646 0.3262 -1.1165 -0.064 0.3323 -1.1143 -0.0466 0.3148 -1.124 -0.0363 0.3033 -1.1429 -0.0291 0.294 -1.1741 -0.0669 0.3296 -1.1705 -0.0573 0.3201 -1.1723 -0.0471 0.3095 -1.1776 -0.0368 0.2985 -1.1844 -0.05 0.3112
34.0 -1.2251 -0.042 0.2991 -1.1813 -0.066 0.328 -1.1154 -0.0657 0.3342 -1.113 -0.0489 0.3172 -1.123 -0.0374 0.3045 -1.142 -0.029 0.294 -1.1732 -0.0668 0.3295 -1.1695 -0.0577 0.3206 -1.1703 -0.0481 0.3107 -1.1765 -0.0379 0.2997 -1.1829 -0.0505 0.3119
35.0 -1.2231 -0.043 0.3002 -1.1778 -0.0656 0.3278 -1.1135 -0.0661 0.3347 -1.1123 -0.0482 0.3166 -1.1229 -0.038 0.3051 -1.1411 -0.0295 0.2946 -1.1713 -0.0678 0.3307 -1.1676 -0.0587 0.3218 -1.1693 -0.0492 0.3119 -1.1746 -0.0389 0.3009 -1.1812 -0.0515 0.3131
36.0 -1.2075 -0.047 0.3059 -1.1598 -0.068 0.3321 -1.0936 -0.0695 0.3402 -1.0929 -0.0535 0.3239 -1.109 -0.0367 0.3052 -1.1262 -0.0287 0.2952 -1.1533 -0.0702 0.335 -1.1497 -0.0606 0.3255 -1.1522 -0.0511 0.3156 -1.1584 -0.041 0.3046 -1.1642 -0.054 0.3173
37.0 -1.2087 -0.0398 0.2984 -1.2058 -0.0816 0.3414 -1.0906 -0.0715 0.3426 -1.087 -0.057 0.3281 -1.1022 -0.0401 0.3093 -1.1199 -0.0297 0.2969 -1.1627 -0.0715 0.3354 -1.1557 -0.0614 0.3257 -1.1548 -0.0515 0.3157 -1.1575 -0.0409 0.3046 -1.1679 -0.053 0.316
38.0 -1.1287 -0.0699 0.3372 -1.0569 -0.0682 0.3425 -1.0115 -0.081 0.3601 -1.0094 -0.0679 0.3469 -1.0278 -0.0533 0.3301 -1.0505 -0.0441 0.3185 -1.0761 -0.0891 0.362 -1.0748 -0.081 0.3538 -1.0764 -0.0721 0.3445 -1.0816 -0.0624 0.3341 -1.0875 -0.0749 0.3463
39.0 -1.1172 -0.0751 0.3436 -1.0362 -0.0605 0.3367 -0.9968 -0.0796 0.3602 -0.999 -0.0671 0.3471 -1.0156 -0.0528 0.3309 -1.042 -0.0479 0.3232 -1.0672 -0.0897 0.3635 -1.0699 -0.084 0.3574 -1.0757 -0.0762 0.3489 -1.0827 -0.0662 0.3379 -1.0825 -0.0783 0.3502
40.0 -1.1075 -0.0756 0.3451 -1.0312 -0.069 0.3459 -0.9849 -0.0774 0.3591 -0.9857 -0.0677 0.3491 -1.0049 -0.0532 0.3324 -1.0308 -0.0463 0.3228 -1.052 -0.0907 0.3661 -1.0523 -0.0841 0.3592 -1.0572 -0.0762 0.3506 -1.0651 -0.0662 0.3397 -1.0668 -0.0786 0.3521
41.0 -1.0963 -0.0741 0.3447 -1.0239 -0.0705 0.3481 -0.9703 -0.0754 0.3585 -0.971 -0.0664 0.3492 -0.9907 -0.0544 0.3349 -1.0155 -0.048 0.3259 -1.038 -0.0907 0.3674 -1.0373 -0.0845 0.3611 -1.0396 -0.0762 0.3525 -1.0447 -0.0672 0.3427 -1.0512 -0.0785 0.3537
42.0 -1.0873 -0.0753 0.3468 -1.0064 -0.0699 0.3493 -0.9566 -0.073 0.3574 -0.958 -0.0652 0.3493 -0.9777 -0.0532 0.3351 -1.0004 -0.049 0.3285 -1.0248 -0.0907 0.3687 -1.0242 -0.0839 0.3619 -1.0266 -0.0751 0.3526 -1.0325 -0.0667 0.3434 -1.0391 -0.0784 0.3547
43.0 -1.0747 -0.0767 0.3494 -0.9923 -0.0699 0.3506 -0.9444 -0.0726 0.3581 -0.9457 -0.0648 0.3501 -0.9643 -0.0545 0.3377 -0.9887 -0.0504 0.3311 -1.0114 -0.0914 0.3707 -1.0116 -0.0853 0.3645 -1.0157 -0.0773 0.3559 -1.0216 -0.0683 0.3461 -1.027 -0.0798 0.3573
44.0 -1.0624 -0.0769 0.3508 -0.9764 -0.0708 0.3531 -0.9313 -0.072 0.3589 -0.9335 -0.0644 0.3508 -0.9503 -0.0538 0.3384 -0.9756 -0.0499 0.3319 -0.999 -0.0921 0.3727 -1.0 -0.0862 0.3665 -1.0032 -0.0781 0.3579 -1.0092 -0.0691 0.3482 -1.0148 -0.0805 0.3592
45.0 -1.0451 -0.08 0.3558 -0.9602 -0.0674 0.3513 -0.917 -0.0731 0.3614 -0.9182 -0.0666 0.3546 -0.932 -0.058 0.3445 -0.9581 -0.0543 0.3381 -0.9818 -0.0947 0.3771 -0.9828 -0.0893 0.3715 -0.9859 -0.0818 0.3635 -0.9917 -0.0734 0.3543 -0.9975 -0.0839 0.3644
46.0 -1.0343 -0.0816 0.3585 -0.9424 -0.0686 0.3543 -0.9004 -0.0727 0.3627 -0.9079 -0.0646 0.3536 -0.9456 -0.0556 0.3407 -0.9571 -0.0553 0.3393 -0.9677 -0.0952 0.379 -0.9695 -0.09 0.3735 -0.9734 -0.0826 0.3655 -0.9792 -0.0748 0.357 -0.9848 -0.0848 0.3667
47.0 -1.0173 -0.083 0.3616 -0.9283 -0.0692 0.3563 -0.887 -0.0734 0.3647 -0.8897 -0.0682 0.3591 -0.9012 -0.0631 0.3527 -0.9246 -0.0601 0.3474 -0.9507 -0.0966 0.3821 -0.9514 -0.0924 0.3778 -0.9553 -0.0856 0.3704 -0.9602 -0.0777 0.3619 -0.967 -0.0871 0.3708
48.0 -1.002 -0.0852 0.3654 -0.9108 -0.0735 0.3625 -0.8756 -0.0736 0.3661 -0.8761 -0.0707 0.363 -0.8806 -0.07 0.3619 -0.9 -0.0696 0.3595 -0.9398 -0.0988 0.3854 -0.941 -0.0965 0.383 -0.9447 -0.0909 0.3769 -0.9496 -0.083 0.3683 -0.9554 -0.0909 0.3758
49.0 -0.9885 -0.0871 0.3686 -0.8942 -0.0725 0.3631 -0.8637 -0.0763 0.37 -0.8631 -0.0744 0.3681 -0.8694 -0.0734 0.3665 -0.8864 -0.0721 0.3634 -0.929 -0.0998 0.3875 -0.9302 -0.0981 0.3857 -0.9329 -0.093 0.3802 -0.9369 -0.085 0.3716 -0.9435 -0.0926 0.3787
50.0 -0.9609 -0.0888 0.3731 -0.862 -0.0755 0.3693 -0.8343 -0.073 0.3695 -0.841 -0.0702 0.366 -0.8463 -0.0697 0.365 -0.8614 -0.0693 0.363 -0.8944 -0.1018 0.393 -0.8959 -0.0984 0.3894 -0.8995 -0.0928 0.3832 -0.9023 -0.087 0.3771 -0.9106 -0.0938 0.3832
51.0 -0.9406 -0.0891 0.3755 -0.8454 -0.0751 0.3705 -0.8201 -0.0741 0.3721 -0.8262 -0.0694 0.3667 -0.8332 -0.0692 0.3657 -0.8472 -0.0698 0.365 -0.8774 -0.1032 0.3961 -0.8789 -0.0998 0.3924 -0.8817 -0.094 0.3863 -0.8854 -0.0878 0.3796 -0.8928 -0.0948 0.386
52.0 -0.9279 -0.0911 0.3787 -0.8331 -0.0752 0.3719 -0.8057 -0.0758 0.3752 -0.8132 -0.0732 0.3718 -0.8231 -0.0721 0.3697 -0.8356 -0.0707 0.367 -0.865 -0.104 0.3981 -0.8654 -0.1016 0.3957 -0.8672 -0.0963 0.3901 -0.8707 -0.0913 0.3846 -0.8792 -0.0969 0.3895
53.0 -0.9072 -0.0938 0.3835 -0.8052 -0.0733 0.3727 -0.784 -0.0741 0.3757 -0.7938 -0.0681 0.3685 -0.8158 -0.068 0.3663 -0.8299 -0.0681 0.3649 -0.8334 -0.1034 0.4007 -0.8383 -0.1004 0.3971 -0.8455 -0.0946 0.3905 -0.8519 -0.0882 0.3833 -0.8553 -0.0961 0.391
54.0 -0.8941 -0.0933 0.3843 -0.7947 -0.0731 0.3736 -0.7835 -0.0771 0.3788 -0.7847 -0.0699 0.3713 -0.8146 -0.0703 0.3687 -0.8268 -0.0707 0.3679 -0.8238 -0.1027 0.4009 -0.8291 -0.0979 0.3955 -0.8354 -0.092 0.3889 -0.8428 -0.0851 0.3811 -0.845 -0.0942 0.3901
55.0 -0.8818 -0.0934 0.3857 -0.787 -0.0721 0.3733 -0.7837 -0.0759 0.3775 -0.7854 -0.0664 0.3676 -0.8086 -0.0695 0.3685 -0.8146 -0.0703 0.3687 -0.8151 -0.1021 0.4012 -0.8208 -0.0999 0.3983 -0.8269 -0.0952 0.3929 -0.8331 -0.0899 0.3869 -0.8356 -0.0961 0.393
56.0 -0.874 -0.0924 0.3854 -0.7846 -0.0705 0.3719 -0.7849 -0.0687 0.3701 -0.7863 -0.061 0.362 -0.8053 -0.0629 0.3621 -0.8145 -0.0654 0.3637 -0.8043 -0.0988 0.3989 -0.812 -0.095 0.3942 -0.82 -0.0894 0.3877 -0.8272 -0.0836 0.3811 -0.8275 -0.0918 0.3895
57.0 -0.8647 -0.0905 0.3844 -0.7847 -0.0699 0.3713 -0.7887 -0.0625 0.3633 -0.8093 -0.0653 0.3641 -0.8177 -0.0677 0.3657 -0.8201 -0.0686 0.3664 -0.7946 -0.0988 0.3998 -0.8021 -0.0961 0.3963 -0.8092 -0.091 0.3904 -0.8163 -0.0858 0.3844 -0.8174 -0.0924 0.3911
58.0 -0.8618 -0.0919 0.3862 -0.7871 -0.0562 0.357 -0.7871 -0.0562 0.357 -0.8038 -0.0566 0.3558 -0.8123 -0.0584 0.3568 -0.8201 -0.0637 0.3614 -0.7885 -0.0937 0.3952 -0.7975 -0.0924 0.393 -0.8088 -0.0884 0.3879 -0.8174 -0.0841 0.3826 -0.8148 -0.0901 0.389
59.0 -0.855 -0.0904 0.3853 -0.7864 -0.0604 0.3614 -0.7879 -0.052 0.3527 -0.8133 -0.0573 0.3556 -0.8211 -0.0583 0.3559 -0.8218 -0.0591 0.3565 -0.7855 -0.0908 0.3926 -0.793 -0.0882 0.3891 -0.8009 -0.0831 0.3832 -0.8062 -0.0777 0.3771 -0.8081 -0.086 0.3855
59.0 -0.855 -0.0904 0.3853 -0.7864 -0.0604 0.3614 -0.7879 -0.052 0.3527 -0.8133 -0.0573 0.3556 -0.8211 -0.0583 0.3559 -0.8218 -0.0591 0.3565 -0.7855 -0.0908 0.3926 -0.793 -0.0882 0.3891 -0.8009 -0.0831 0.3832 -0.8062 -0.0777 0.3771 -0.8081 -0.086 0.3855
59.0 -0.855 -0.0904 0.3853 -0.7864 -0.0604 0.3614 -0.7879 -0.052 0.3527 -0.8133 -0.0573 0.3556 -0.8211 -0.0583 0.3559 -0.8218 -0.0591 0.3565 -0.7855 -0.0908 0.3926 -0.793 -0.0882 0.3891 -0.8009 -0.0831 0.3832 -0.8062 -0.0777 0.3771 -0.8081 -0.086 0.3855
59.0 -0.855 -0.0904 0.3853 -0.7864 -0.0604 0.3614 -0.7879 -0.052 0.3527 -0.8133 -0.0573 0.3556 -0.8211 -0.0583 0.3559 -0.8218 -0.0591 0.3565 -0.7855 -0.0908 0.3926 -0.793 -0.0882 0.3891 -0.8009 -0.0831 0.3832 -0.8062 -0.0777 0.3771 -0.8081 -0.086 0.3855
59.0 -0.855 -0.0904 0.3853 -0.7864 -0.0604 0.3614 -0.7879 -0.052 0.3527 -0.8133 -0.0573 0.3556 -0.8211 -0.0583 0.3559 -0.8218 -0.0591 0.3565 -0.7855 -0.0908 0.3926 -0.793 -0.0882 0.3891 -0.8009 -0.0831 0.3832 -0.8062 -0.0777 0.3771 -0.8081 -0.086 0.3855
59.0 -0.855 -0.0904 0.3853 -0.7864 -0.0604 0.3614 -0.7879 -0.052 0.3527 -0.8133 -0.0573 0.3556 -0.8211 -0.0583 0.3559 -0.8218 -0.0591 0.3565 -0.7855 -0.0908 0.3926 -0.793 -0.0882 0.3891 -0.8009 -0.0831 0.3832 -0.8062 -0.0777 0.3771 -0.8081 -0.086 0.3855
59.0 -0.855 -0.0904 0.3853 -0.7864 -0.0604 0.3614 -0.7879 -0.052 0.3527 -0.8133 -0.0573 0.3556 -0.8211 -0.0583 0.3559 -0.8218 -0.0591 0.3565 -0.7855 -0.0908 0.3926 -0.793 -0.0882 0.3891 -0.8009 -0.0831 0.3832 -0.8062 -0.0777 0.3771 -0.8081 -0.086 0.3855
59.0 -0.855 -0.0904 0.3853 -0.7864 -0.0604 0.3614 -0.7879 -0.052 0.3527 -0.8133 -0.0573 0.3556 -0.8211 -0.0583 0.3559 -0.8218 -0.0591 0.3565 -0.7855 -0.0908 0.3926 -0.793 -0.0882 0.3891 -0.8009 -0.0831 0.3832 -0.8062 -0.0777 0.3771 -0.8081 -0.086 0.3855
59.0 -0.855 -0.0904 0.3853 -0.7864 -0.0604 0.3614 -0.7879 -0.052 0.3527 -0.8133 -0.0573 0.3556 -0.8211 -0.0583 0.3559 -0.8218 -0.0591 0.3565 -0.7855 -0.0908 0.3926 -0.793 -0.0882 0.3891 -0.8009 -0.0831 0.3832 -0.8062 -0.0777 0.3771 -0.8081 -0.086 0.3855
59.0 -0.855 -0.0904 0.3853 -0.7864 -0.0604 0.3614 -0.7879 -0.052 0.3527 -0.8133 -0.0573 0.3556 -0.8211 -0.0583 0.3559 -0.8218 -0.0591 0.3565 -0.7855 -0.0908 0.3926 -0.793 -0.0882 0.3891 -0.8009 -0.0831 0.3832 -0.8062 -0.0777 0.3771 -0.8081 -0.086 0.3855
69.0 -0.8306 -0.0743 0.3712 -0.7913 -0.0323 0.3322 -0.7951 -0.0255 0.3249 -0.8082 -0.0261 0.3241 -0.8233 -0.0306 0.3272 -0.8389 -0.0369 0.3322 -0.7907 -0.0512 0.3516 -0.8048 -0.0555 0.3546 -0.8211 -0.0583 0.3559 -0.8375 -0.06 0.3559 -0.8169 -0.0599 0.3578
69.0 -0.8306 -0.0743 0.3712 -0.7913 -0.0323 0.3322 -0.7951 -0.0255 0.3249 -0.8082 -0.0261 0.3241 -0.8233 -0.0306 0.3272 -0.8389 -0.0369 0.3322 -0.7907 -0.0512 0.3516 -0.8048 -0.0555 0.3546 -0.8211 -0.0583 0.3559 -0.8375 -0.06 0.3559 -0.8169 -0.0599 0.3578
69.0 -0.8306 -0.0743 0.3712 -0.7913 -0.0323 0.3322 -0.7951 -0.0255 0.3249 -0.8082 -0.0261 0.3241 -0.8233 -0.0306 0.3272 -0.8389 -0.0369 0.3322 -0.7907 -0.0512 0.3516 -0.8048 -0.0555 0.3546 -0.8211 -0.0583 0.3559 -0.8375 -0.06 0.3559 -0.8169 -0.0599 0.3578
69.0 -0.8306 -0.0743 0.3712 -0.7913 -0.0323 0.3322 -0.7951 -0.0255 0.3249 -0.8082 -0.0261 0.3241 -0.8233 -0.0306 0.3272 -0.8389 -0.0369 0.3322 -0.7907 -0.0512 0.3516 -0.8048 -0.0555 0.3546 -0.8211 -0.0583 0.3559 -0.8375 -0.06 0.3559 -0.8169 -0.0599 0.3578
69.0 -0.8306 -0.0743 0.3712 -0.7913 -0.0323 0.3322 -0.7951 -0.0255 0.3249 -0.8082 -0.0261 0.3241 -0.8233 -0.0306 0.3272 -0.8389 -0.0369 0.3322 -0.7907 -0.0512 0.3516 -0.8048 -0.0555 0.3546 -0.8211 -0.0583 0.3559 -0.8375 -0.06 0.3559 -0.8169 -0.0599 0.3578
69.0 -0.8306 -0.0743 0.3712 -0.7913 -0.0323 0.3322 -0.7951 -0.0255 0.3249 -0.8082 -0.0261 0.3241 -0.8233 -0.0306 0.3272 -0.8389 -0.0369 0.3322 -0.7907 -0.0512 0.3516 -0.8048 -0.0555 0.3546 -0.8211 -0.0583 0.3559 -0.8375 -0.06 0.3559 -0.8169 -0.0599 0.3578
69.0 -0.8306 -0.0743 0.3712 -0.7913 -0.0323 0.3322 -0.7951 -0.0255 0.3249 -0.8082 -0.0261 0.3241 -0.8233 -0.0306 0.3272 -0.8389 -0.0369 0.3322 -0.7907 -0.0512 0.3516 -0.8048 -0.0555 0.3546 -0.8211 -0.0583 0.3559 -0.8375 -0.06 0.3559 -0.8169 -0.0599 0.3578
69.0 -0.8306 -0.0743 0.3712 -0.7913 -0.0323 0.3322 -0.7951 -0.0255 0.3249 -0.8082 -0.0261 0.3241 -0.8233 -0.0306 0.3272 -0.8389 -0.0369 0.3322 -0.7907 -0.0512 0.3516 -0.8048 -0.0555 0.3546 -0.8211 -0.0583 0.3559 -0.8375 -0.06 0.3559 -0.8169 -0.0599 0.3578
69.0 -0.8306 -0.0743 0.3712 -0.7913 -0.0323 0.3322 -0.7951 -0.0255 0.3249 -0.8082 -0.0261 0.3241 -0.8233 -0.0306 0.3272 -0.8389 -0.0369 0.3322 -0.7907 -0.0512 0.3516 -0.8048 -0.0555 0.3546 -0.8211 -0.0583 0.3559 -0.8375 -0.06 0.3559 -0.8169 -0.0599 0.3578
69.0 -0.8306 -0.0743 0.3712 -0.7913 -0.0323 0.3322 -0.7951 -0.0255 0.3249 -0.8082 -0.0261 0.3241 -0.8233 -0.0306 0.3272 -0.8389 -0.0369 0.3322 -0.7907 -0.0512 0.3516 -0.8048 -0.0555 0.3546 -0.8211 -0.0583 0.3559 -0.8375 -0.06 0.3559 -0.8169 -0.0599 0.3578
69.0 -0.8306 -0.0743 0.3712 -0.7913 -0.0323 0.3322 -0.7951 -0.0255 0.3249 -0.8082 -0.0261 0.3241 -0.8233 -0.0306 0.3272 -0.8389 -0.0369 0.3322 -0.7907 -0.0512 0.3516 -0.8048 -0.0555 0.3546 -0.8211 -0.0583 0.3559 -0.8375 -0.06 0.3559 -0.8169 -0.0599 0.3578
69.0 -0.8306 -0.0743 0.3712 -0.7913 -0.0323 0.3322 -0.7951 -0.0255 0.3249 -0.8082 -0.0261 0.3241 -0.8233 -0.0306 0.3272 -0.8389 -0.0369 0.3322 -0.7907 -0.0512 0.3516 -0.8048 -0.0555 0.3546 -0.8211 -0.0583 0.3559 -0.8375 -0.06 0.3559 -0.8169 -0.0599 0.3578
69.0 -0.8306 -0.0743 0.3712 -0.7913 -0.0323 0.3322 -0.7951 -0.0255 0.3249 -0.8082 -0.0261 0.3241 -0.8233 -0.0306 0.3272 -0.8389 -0.0369 0.3322 -0.7907 -0.0512 0.3516 -0.8048 -0.0555 0.3546 -0.8211 -0.0583 0.3559 -0.8375 -0.06 0.3559 -0.8169 -0.0599 0.3578
69.0 -0.8306 -0.0743 0.3712 -0.7913 -0.0323 0.3322 -0.7951 -0.0255 0.3249 -0.8082 -0.0261 0.3241 -0.8233 -0.0306 0.3272 -0.8389 -0.0369 0.3322 -0.7907 -0.0512 0.3516 -0.8048 -0.0555 0.3546 -0.8211 -0.0583 0.3559 -0.8375 -0.06 0.3559 -0.8169 -0.0599 0.3578
69.0 -0.8306 -0.0743 0.3712 -0.7913 -0.0323 0.3322 -0.7951 -0.0255 0.3249 -0.8082 -0.0261 0.3241 -0.8233 -0.0306 0.3272 -0.8389 -0.0369 0.3322 -0.7907 -0.0512 0.3516 -0.8048 -0.0555 0.3546 -0.8211 -0.0583 0.3559 -0.8375 -0.06 0.3559 -0.8169 -0.0599 0.3578
69.0 -0.8306 -0.0743 0.3712 -0.7913 -0.0323 0.3322 -0.7951 -0.0255 0.3249 -0.8082 -0.0261 0.3241 -0.8233 -0.0306 0.3272 -0.8389 -0.0369 0.3322 -0.7907 -0.0512 0.3516 -0.8048 -0.0555 0.3546 -0.8211 -0.0583 0.3559 -0.8375 -0.06 0.3559 -0.8169 -0.0599 0.3578
69.0 -0.8306 -0.0743 0.3712 -0.7913 -0.0323 0.3322 -0.7951 -0.0255 0.3249 -0.8082 -0.0261 0.3241 -0.8233 -0.0306 0.3272 -0.8389 -0.0369 0.3322 -0.7907 -0.0512 0.3516 -0.8048 -0.0555 0.3546 -0.8211 -0.0583 0.3559 -0.8375 -0.06 0.3559 -0.8169 -0.0599 0.3578
69.0 -0.8306 -0.0743 0.3712 -0.7913 -0.0323 0.3322 -0.7951 -0.0255 0.3249 -0.8082 -0.0261 0.3241 -0.8233 -0.0306 0.3272 -0.8389 -0.0369 0.3322 -0.7907 -0.0512 0.3516 -0.8048 -0.0555 0.3546 -0.8211 -0.0583 0.3559 -0.8375 -0.06 0.3559 -0.8169 -0.0599 0.3578
69.0 -0.8306 -0.0743 0.3712 -0.7913 -0.0323 0.3322 -0.7951 -0.0255 0.3249 -0.8082 -0.0261 0.3241 -0.8233 -0.0306 0.3272 -0.8389 -0.0369 0.3322 -0.7907 -0.0512 0.3516 -0.8048 -0.0555 0.3546 -0.8211 -0.0583 0.3559 -0.8375 -0.06 0.3559 -0.8169 -0.0599 0.3578
69.0 -0.8306 -0.0743 0.3712 -0.7913 -0.0323 0.3322 -0.7951 -0.0255 0.3249 -0.8082 -0.0261 0.3241 -0.8233 -0.0306 0.3272 -0.8389 -0.0369 0.3322 -0.7907 -0.0512 0.3516 -0.8048 -0.0555 0.3546 -0.8211 -0.0583 0.3559 -0.8375 -0.06 0.3559 -0.8169 -0.0599 0.3578
69.0 -0.8306 -0.0743 0.3712 -0.7913 -0.0323 0.3322 -0.7951 -0.0255 0.3249 -0.8082 -0.0261 0.3241 -0.8233 -0.0306 0.3272 -0.8389 -0.0369 0.3322 -0.7907 -0.0512 0.3516 -0.8048 -0.0555 0.3546 -0.8211 -0.0583 0.3559 -0.8375 -0.06 0.3559 -0.8169 -0.0599 0.3578
69.0 -0.8306 -0.0743 0.3712 -0.7913 -0.0323 0.3322 -0.7951 -0.0255 0.3249 -0.8082 -0.0261 0.3241 -0.8233 -0.0306 0.3272 -0.8389 -0.0369 0.3322 -0.7907 -0.0512 0.3516 -0.8048 -0.0555 0.3546 -0.8211 -0.0583 0.3559 -0.8375 -0.06 0.3559 -0.8169 -0.0599 0.3578
69.0 -0.8306 -0.0743 0.3712 -0.7913 -0.0323 0.3322 -0.7951 -0.0255 0.3249 -0.8082 -0.0261 0.3241 -0.8233 -0.0306 0.3272 -0.8389 -0.0369 0.3322 -0.7907 -0.0512 0.3516 -0.8048 -0.0555 0.3546 -0.8211 -0.0583 0.3559 -0.8375 -0.06 0.3559 -0.8169 -0.0599 0.3578
69.0 -0.8306 -0.0743 0.3712 -0.7913 -0.0323 0.3322 -0.7951 -0.0255 0.3249 -0.8082 -0.0261 0.3241 -0.8233 -0.0306 0.3272 -0.8389 -0.0369 0.3322 -0.7907 -0.0512 0.3516 -0.8048 -0.0555 0.3546 -0.8211 -0.0583 0.3559 -0.8375 -0.06 0.3559 -0.8169 -0.0599 0.3578
69.0 -0.8306 -0.0743 0.3712 -0.7913 -0.0323 0.3322 -0.7951 -0.0255 0.3249 -0.8082 -0.0261 0.3241 -0.8233 -0.0306 0.3272 -0.8389 -0.0369 0.3322 -0.7907 -0.0512 0.3516 -0.8048 -0.0555 0.3546 -0.8211 -0.0583 0.3559 -0.8375 -0.06 0.3559 -0.8169 -0.0599 0.3578
69.0 -0.8306 -0.0743 0.3712 -0.7913 -0.0323 0.3322 -0.7951 -0.0255 0.3249 -0.8082 -0.0261 0.3241 -0.8233 -0.0306 0.3272 -0.8389 -0.0369 0.3322 -0.7907 -0.0512 0.3516 -0.8048 -0.0555 0.3546 -0.8211 -0.0583 0.3559 -0.8375 -0.06 0.3559 -0.8169 -0.0599 0.3578
69.0 -0.8306 -0.0743 0.3712 -0.7913 -0.0323 0.3322 -0.7951 -0.0255 0.3249 -0.8082 -0.0261 0.3241 -0.8233 -0.0306 0.3272 -0.8389 -0.0369 0.3322 -0.7907 -0.0512 0.3516 -0.8048 -0.0555 0.3546 -0.8211 -0.0583 0.3559 -0.8375 -0.06 0.3559 -0.8169 -0.0599 0.3578
69.0 -0.8306 -0.0743 0.3712 -0.7913 -0.0323 0.3322 -0.7951 -0.0255 0.3249 -0.8082 -0.0261 0.3241 -0.8233 -0.0306 0.3272 -0.8389 -0.0369 0.3322 -0.7907 -0.0512 0.3516 -0.8048 -0.0555 0.3546 -0.8211 -0.0583 0.3559 -0.8375 -0.06 0.3559 -0.8169 -0.0599 0.3578
69.0 -0.8306 -0.0743 0.3712 -0.7913 -0.0323 0.3322 -0.7951 -0.0255 0.3249 -0.8082 -0.0261 0.3241 -0.8233 -0.0306 0.3272 -0.8389 -0.0369 0.3322 -0.7907 -0.0512 0.3516 -0.8048 -0.0555 0.3546 -0.8211 -0.0583 0.3559 -0.8375 -0.06 0.3559 -0.8169 -0.0599 0.3578
69.0 -0.8306 -0.0743 0.3712 -0.7913 -0.0323 0.3322 -0.7951 -0.0255 0.3249 -0.8082 -0.0261 0.3241 -0.8233 -0.0306 0.3272 -0.8389 -0.0369 0.3322 -0.7907 -0.0512 0.3516 -0.8048 -0.0555 0.3546 -0.8211 -0.0583 0.3559 -0.8375 -0.06 0.3559 -0.8169 -0.0599 0.3578
69.0 -0.8306 -0.0743 0.3712 -0.7913 -0.0323 0.3322 -0.7951 -0.0255 0.3249 -0.8082 -0.0261 0.3241 -0.8233 -0.0306 0.3272 -0.8389 -0.0369 0.3322 -0.7907 -0.0512 0.3516 -0.8048 -0.0555 0.3546 -0.8211 -0.0583 0.3559 -0.8375 -0.06 0.3559 -0.8169 -0.0599 0.3578
69.0 -0.8306 -0.0743 0.3712 -0.7913 -0.0323 0.3322 -0.7951 -0.0255 0.3249 -0.8082 -0.0261 0.3241 -0.8233 -0.0306 0.3272 -0.8389 -0.0369 0.3322 -0.7907 -0.0512 0.3516 -0.8048 -0.0555 0.3546 -0.8211 -0.0583 0.3559 -0.8375 -0.06 0.3559 -0.8169 -0.0599 0.3578
69.0 -0.8306 -0.0743 0.3712 -0.7913 -0.0323 0.3322 -0.7951 -0.0255 0.3249 -0.8082 -0.0261 0.3241 -0.8233 -0.0306 0.3272 -0.8389 -0.0369 0.3322 -0.7907 -0.0512 0.3516 -0.8048 -0.0555 0.3546 -0.8211 -0.0583 0.3559 -0.8375 -0.06 0.3559 -0.8169 -0.0599 0.3578
69.0 -0.8306 -0.0743 0.3712 -0.7913 -0.0323 0.3322 -0.7951 -0.0255 0.3249 -0.8082 -0.0261 0.3241 -0.8233 -0.0306 0.3272 -0.8389 -0.0369 0.3322 -0.7907 -0.0512 0.3516 -0.8048 -0.0555 0.3546 -0.8211 -0.0583 0.3559 -0.8375 -0.06 0.3559 -0.8169 -0.0599 0.3578
69.0 -0.8306 -0.0743 0.3712 -0.7913 -0.0323 0.3322 -0.7951 -0.0255 0.3249 -0.8082 -0.0261 0.3241 -0.8233 -0.0306 0.3272 -0.8389 -0.0369 0.3322 -0.7907 -0.0512 0.3516 -0.8048 -0.0555 0.3546 -0.8211 -0.0583 0.3559 -0.8375 -0.06 0.3559 -0.8169 -0.0599 0.3578
69.0 -0.8306 -0.0743 0.3712 -0.7913 -0.0323 0.3322 -0.7951 -0.0255 0.3249 -0.8082 -0.0261 0.3241 -0.8233 -0.0306 0.3272 -0.8389 -0.0369 0.3322 -0.7907 -0.0512 0.3516 -0.8048 -0.0555 0.3546 -0.8211 -0.0583 0.3559 -0.8375 -0.06 0.3559 -0.8169 -0.0599 0.3578
69.0 -0.8306 -0.0743 0.3712 -0.7913 -0.0323 0.3322 -0.7951 -0.0255 0.3249 -0.8082 -0.0261 0.3241 -0.8233 -0.0306 0.3272 -0.8389 -0.0369 0.3322 -0.7907 -0.0512 0.3516 -0.8048 -0.0555 0.3546 -0.8211 -0.0583 0.3559 -0.8375 -0.06 0.3559 -0.8169 -0.0599 0.3578
69.0 -0.8306 -0.0743 0.3712 -0.7913 -0.0323 0.3322 -0.7951 -0.0255 0.3249 -0.8082 -0.0261 0.3241 -0.8233 -0.0306 0.3272 -0.8389 -0.0369 0.3322 -0.7907 -0.0512 0.3516 -0.8048 -0.0555 0.3546 -0.8211 -0.0583 0.3559 -0.8375 -0.06 0.3559 -0.8169 -0.0599 0.3578
69.0 -0.8306 -0.0743 0.3712 -0.7913 -0.0323 0.3322 -0.7951 -0.0255 0.3249 -0.8082 -0.0261 0.3241 -0.8233 -0.0306 0.3272 -0.8389 -0.0369 0.3322 -0.7907 -0.0512 0.3516 -0.8048 -0.0555 0.3546 -0.8211 -0.0583 0.3559 -0.8375 -0.06 0.3559 -0.8169 -0.0599 0.3578
69.0 -0.8306 -0.0743 0.3712 -0.7913 -0.0323 0.3322 -0.7951 -0.0255 0.3249 -0.8082 -0.0261 0.3241 -0.8233 -0.0306 0.3272 -0.8389 -0.0369 0.3322 -0.7907 -0.0512 0.3516 -0.8048 -0.0555 0.3546 -0.8211 -0.0583 0.3559 -0.8375 -0.06 0.3559 -0.8169 -0.0599 0.3578
69.0 -0.8306 -0.0743 0.3712 -0.7913 -0.0323 0.3322 -0.7951 -0.0255 0.3249 -0.8082 -0.0261 0.3241 -0.8233 -0.0306 0.3272 -0.8389 -0.0369 0.3322 -0.7907 -0.0512 0.3516 -0.8048 -0.0555 0.3546 -0.8211 -0.0583 0.3559 -0.8375 -0.06 0.3559 -0.8169 -0.0599 0.3578
110.0 -0.8702 -0.0943 0.3877 -0.7866 -0.0592 0.3601 -0.7882 -0.0502 0.3508 -0.7883 -0.0496 0.3502 -0.8021 -0.0509 0.3501 -0.8171 -0.0511 0.3488 -0.7979 -0.0852 0.3856 -0.8085 -0.0848 0.3841 -0.8214 -0.0816 0.3796 -0.8327 -0.077 0.3738 -0.8261 -0.0846 0.3822
111.0 -0.8691 -0.0954 0.3889 -0.7986 -0.051 0.3506 -0.7885 -0.0485 0.349 -0.788 -0.0514 0.3521 -0.7921 -0.0532 0.3535 -0.8019 -0.057 0.3564 -0.8039 -0.086 0.3858 -0.8066 -0.0906 0.3903 -0.811 -0.0906 0.3898 -0.8167 -0.0883 0.3869 -0.8215 -0.0902 0.3883
112.0 -0.8679 -0.097 0.3908 -0.8372 -0.0569 0.3527 -0.7874 -0.0544 0.3552 -0.7864 -0.0604 0.3614 -0.786 -0.0628 0.3639 -0.7871 -0.0666 0.3677 -0.8121 -0.0846 0.3836 -0.8083 -0.0908 0.3903 -0.8079 -0.0932 0.3928 -0.8097 -0.0929 0.3923 -0.8212 -0.0917 0.39
113.0 -0.8785 -0.0972 0.3899 -0.8034 -0.0639 0.3633 -0.7865 -0.0598 0.3608 -0.786 -0.0628 0.3639 -0.7912 -0.0629 0.3634 -0.8049 -0.0653 0.3646 -0.8155 -0.09 0.3887 -0.8178 -0.0921 0.3907 -0.8232 -0.0916 0.3897 -0.8288 -0.0893 0.3868 -0.8328 -0.0921 0.3892
114.0 -0.8858 -0.0958 0.3877 -0.7924 -0.0661 0.3666 -0.785 -0.0681 0.3694 -0.7896 -0.062 0.3628 -0.8098 -0.0623 0.361 -0.8279 -0.0648 0.3617 -0.8155 -0.0949 0.3937 -0.8234 -0.0904 0.3884 -0.8325 -0.0837 0.3807 -0.8414 -0.0776 0.3735 -0.8397 -0.0885 0.3848
115.0 -0.8944 -0.0969 0.388 -0.7968 -0.0661 0.3662 -0.7844 -0.0717 0.3732 -0.7893 -0.0638 0.3646 -0.8256 -0.0675 0.3648 -0.8402 -0.0695 0.3653 -0.822 -0.0982 0.3965 -0.8291 -0.093 0.3905 -0.8382 -0.0863 0.3827 -0.8473 -0.0796 0.375 -0.8462 -0.0908 0.3866
116.0 -0.908 -0.0994 0.3892 -0.8048 -0.0708 0.3702 -0.7839 -0.0747 0.3763 -0.7848 -0.0693 0.3707 -0.8141 -0.0678 0.3662 -0.835 -0.0694 0.3658 -0.8309 -0.1024 0.4 -0.8382 -0.0961 0.3927 -0.8474 -0.0888 0.3844 -0.8574 -0.0822 0.3766 -0.8564 -0.0938 0.3886
117.0 -0.9147 -0.1015 0.3907 -0.8104 -0.074 0.3729 -0.7835 -0.0771 0.3788 -0.7905 -0.0719 0.3728 -0.8281 -0.0733 0.3705 -0.8481 -0.0748 0.37 -0.8386 -0.1041 0.4009 -0.8458 -0.0977 0.3937 -0.8543 -0.0897 0.3846 -0.8642 -0.0831 0.3769 -0.8635 -0.0952 0.3893
118.0 -0.9367 -0.1063 0.3934 -0.847 -0.0759 0.3712 -0.796 -0.0861 0.3867 -0.7932 -0.0821 0.3829 -0.808 -0.078 0.3772 -0.832 -0.0763 0.3731 -0.8646 -0.1113 0.4056 -0.8678 -0.108 0.402 -0.8724 -0.1019 0.3953 -0.8793 -0.0925 0.385 -0.8841 -0.104 0.3963
119.0 -0.946 -0.1082 0.3944 -0.8632 -0.0787 0.3725 -0.8054 -0.0874 0.3871 -0.8052 -0.0837 0.3833 -0.8366 -0.08 0.3764 -0.8595 -0.08 0.3742 -0.8747 -0.1138 0.4073 -0.8792 -0.1083 0.4012 -0.8858 -0.1007 0.3927 -0.8928 -0.0906 0.3817 -0.8957 -0.1043 0.3955
120.0 -0.9641 -0.1106 0.3951 -0.8755 -0.0791 0.3717 -0.8163 -0.0907 0.3894 -0.8164 -0.0852 0.3838 -0.8754 -0.0846 0.3773 -0.8811 -0.0823 0.3744 -0.89 -0.1165 0.4085 -0.8945 -0.111 0.4024 -0.9002 -0.1038 0.3945 -0.9072 -0.0938 0.3835 -0.9112 -0.1072 0.3968
121.0 -0.9791 -0.1102 0.3932 -0.8845 -0.0828 0.3746 -0.8322 -0.0953 0.3925 -0.8285 -0.0911 0.3886 -0.8464 -0.0844 0.3799 -0.8842 -0.0748 0.3664 -0.9109 -0.1181 0.408 -0.9127 -0.1129 0.4025 -0.9175 -0.1056 0.3946 -0.9253 -0.0962 0.3842 -0.9291 -0.1086 0.3965
122.0 -0.9903 -0.1068 0.3886 -0.8897 -0.0933 0.3847 -0.845 -0.0976 0.3936 -0.8472 -0.09 0.3856 -0.8607 -0.0832 0.3774 -0.892 -0.0753 0.3661 -0.9216 -0.1171 0.406 -0.9238 -0.1095 0.3979 -0.9281 -0.1003 0.3881 -0.935 -0.0908 0.3778 -0.9398 -0.1049 0.3917
123.0 -1.0744 -0.0938 0.3669 -0.984 -0.0974 0.3797 -0.944 -0.1 0.3862 -0.9469 -0.0833 0.3688 -0.9552 -0.0758 0.3604 -0.9826 -0.0655 0.3471 -1.0127 -0.1093 0.3889 -1.0138 -0.0978 0.3771 -1.0184 -0.0868 0.3654 -1.0263 -0.0769 0.3544 -1.0291 -0.0929 0.3705
124.0 -1.0914 -0.0918 0.3632 -0.9971 -0.1029 0.3839 -0.9606 -0.1004 0.385 -0.9637 -0.0825 0.3664 -0.9711 -0.0755 0.3585 -0.996 -0.0642 0.3445 -1.0297 -0.1079 0.3858 -1.0298 -0.0969 0.3746 -1.0344 -0.0859 0.3629 -1.0424 -0.0754 0.3513 -1.0455 -0.0916 0.3676
125.0 -1.1068 -0.0896 0.3594 -1.0202 -0.0968 0.3754 -0.9763 -0.1013 0.3844 -0.9787 -0.0827 0.3651 -0.987 -0.0753 0.3567 -1.0113 -0.062 0.3407 -1.0466 -0.1065 0.3827 -1.0469 -0.0949 0.3709 -1.0507 -0.0832 0.3585 -1.0571 -0.0719 0.3463 -1.0616 -0.0892 0.3636
126.0 -1.1279 -0.0845 0.3521 -1.0463 -0.093 0.369 -1.0056 -0.0997 0.3799 -1.0036 -0.0812 0.3611 -1.0112 -0.073 0.352 -1.0355 -0.0598 0.3361 -1.0735 -0.104 0.3775 -1.0729 -0.0923 0.3656 -1.0758 -0.0805 0.3532 -1.0821 -0.0698 0.3416 -1.0864 -0.0862 0.358
127.0 -1.1371 -0.0821 0.3487 -1.0614 -0.0926 0.367 -1.0213 -0.1006 0.3792 -1.0175 -0.0818 0.3603 -1.0233 -0.074 0.3518 -1.0451 -0.0599 0.3352 -1.086 -0.1027 0.3749 -1.0853 -0.0916 0.3636 -1.0874 -0.0796 0.3512 -1.0928 -0.0688 0.3395 -1.0977 -0.0849 0.3556
128.0 -1.1482 -0.0793 0.3448 -1.0704 -0.0914 0.3649 -1.0371 -0.1003 0.3773 -1.0307 -0.0818 0.359 -1.0339 -0.0736 0.3504 -1.0548 -0.06 0.3343 -1.0994 -0.1014 0.3723 -1.0969 -0.0907 0.3615 -1.0981 -0.0786 0.3491 -1.1028 -0.0671 0.3368 -1.1091 -0.0834 0.3529
129.0 -1.1585 -0.0758 0.3402 -1.0915 -0.0912 0.3626 -1.0469 -0.0998 0.3758 -1.0431 -0.0816 0.3576 -1.0471 -0.0736 0.349 -1.0664 -0.0591 0.3323 -1.1095 -0.0991 0.3689 -1.1062 -0.0877 0.3575 -1.1072 -0.0768 0.3463 -1.1118 -0.0658 0.3346 -1.1186 -0.081 0.3495
130.0 -1.173 -0.0729 0.3358 -1.1135 -0.0911 0.3603 -1.0562 -0.0968 0.3718 -1.0512 -0.0803 0.3554 -1.0573 -0.0707 0.345 -1.0781 -0.0576 0.3296 -1.1198 -0.0956 0.3643 -1.1164 -0.0848 0.3536 -1.1182 -0.0746 0.343 -1.1247 -0.0627 0.3301 -1.1304 -0.0781 0.3454
131.0 -1.1832 -0.07 0.3318 -1.1244 -0.0895 0.3576 -1.0722 -0.0959 0.3693 -1.0614 -0.0774 0.3514 -1.0666 -0.0677 0.341 -1.0865 -0.0545 0.3255 -1.1285 -0.0913 0.359 -1.1249 -0.0816 0.3495 -1.1267 -0.0715 0.339 -1.133 -0.0601 0.3267 -1.1393 -0.0749 0.3412
132.0 -1.1894 -0.0696 0.3308 -1.1329 -0.0913 0.3586 -1.075 -0.0902 0.3632 -1.0674 -0.0733 0.3467 -1.0742 -0.0644 0.3369 -1.0959 -0.0515 0.3215 -1.1335 -0.0877 0.3548 -1.13 -0.0775 0.3447 -1.1334 -0.0681 0.3349 -1.1414 -0.0576 0.3233 -1.1456 -0.0721 0.3377
133.0 -1.1985 -0.0684 0.3286 -1.1461 -0.0912 0.3572 -1.0787 -0.0889 0.3615 -1.0721 -0.0715 0.3443 -1.0818 -0.0612 0.3329 -1.1023 -0.0499 0.3193 -1.1401 -0.0849 0.3514 -1.1375 -0.0748 0.3413 -1.1409 -0.0655 0.3314 -1.1487 -0.0562 0.3211 -1.1531 -0.0699 0.3347
134.0 -1.209 -0.0637 0.3228 -1.1522 -0.0914 0.3568 -1.087 -0.0869 0.3587 -1.0787 -0.0693 0.3415 -1.0885 -0.0584 0.3294 -1.1098 -0.0472 0.3158 -1.1484 -0.083 0.3486 -1.1449 -0.0727 0.3384 -1.1475 -0.0627 0.3279 -1.1554 -0.0528 0.317 -1.1611 -0.067 0.3309
135.0 -1.2159 -0.0591 0.3174 -1.1559 -0.0852 0.3501 -1.0926 -0.0852 0.3564 -1.0862 -0.0666 0.338 -1.095 -0.0562 0.3265 -1.1155 -0.045 0.3129 -1.1542 -0.0801 0.345 -1.1516 -0.07 0.3349 -1.1541 -0.0605 0.325 -1.1619 -0.0512 0.3147 -1.1675 -0.0642 0.3274
136.0 -1.2242 -0.0572 0.3146 -1.1603 -0.0803 0.3446 -1.1012 -0.0815 0.3517 -1.0958 -0.0618 0.3322 -1.1045 -0.0526 0.3219 -1.1248 -0.0419 0.3089 -1.1606 -0.0785 0.3428 -1.1581 -0.0678 0.3321 -1.1625 -0.058 0.3216 -1.1702 -0.0487 0.3113 -1.1751 -0.062 0.3245
137.0 -1.2297 -0.0555 0.3124 -1.1637 -0.0808 0.3448 -1.1094 -0.0747 0.3439 -1.1057 -0.0607 0.33 -1.1129 -0.0495 0.3178 -1.1357 -0.0397 0.3056 -1.1672 -0.0764 0.3399 -1.1655 -0.0658 0.3292 -1.1698 -0.056 0.3188 -1.1796 -0.0457 0.3073 -1.1824 -0.0598 0.3215
138.0 -1.238 -0.0536 0.3096 -1.1682 -0.0753 0.3387 -1.1139 -0.0692 0.3378 -1.1103 -0.0546 0.3233 -1.1191 -0.0442 0.3118 -1.1418 -0.0351 0.3002 -1.1724 -0.0716 0.3345 -1.1716 -0.0611 0.3238 -1.1759 -0.0513 0.3134 -1.1846 -0.0421 0.3031 -1.1885 -0.0559 0.3169
139.0 -1.2407 -0.0533 0.309 -1.1726 -0.0753 0.3383 -1.1165 -0.064 0.3323 -1.113 -0.0489 0.3172 -1.1225 -0.0398 0.307 -1.1441 -0.0323 0.2972 -1.1752 -0.0707 0.3334 -1.1745 -0.0596 0.3221 -1.1789 -0.0492 0.311 -1.1868 -0.0393 0.3001 -1.1912 -0.0544 0.3151
140.0 -1.239 -0.0531 0.309 -1.1757 -0.0726 0.3352 -1.1184 -0.0637 0.3318 -1.1159 -0.0475 0.3154 -1.1254 -0.0384 0.3052 -1.1469 -0.0315 0.296 -1.177 -0.0704 0.3328 -1.1764 -0.0587 0.3209 -1.1809 -0.0483 0.3098 -1.1888 -0.0384 0.2989 -1.1924 -0.0537 0.3143
141.0 -1.2398 -0.0532 0.309 -1.1777 -0.0717 0.3341 -1.1199 -0.0651 0.3331 -1.1174 -0.0489 0.3168 -1.1262 -0.0391 0.3059 -1.147 -0.0309 0.2954 -1.178 -0.0699 0.3322 -1.1774 -0.0582 0.3203 -1.1818 -0.0478 0.3093 -1.1897 -0.0379 0.2983 -1.1933 -0.0534 0.3138
142.0 -1.2445 -0.0514 0.3067 -1.1792 -0.0731 0.3354 -1.1197 -0.0663 0.3343 -1.1171 -0.0507 0.3186 -1.1266 -0.0416 0.3084 -1.1475 -0.0328 0.2973 -1.1787 -0.0706 0.3329 -1.178 -0.0595 0.3216 -1.1825 -0.0491 0.3105 -1.1895 -0.0391 0.2996 -1.1947 -0.0539 0.3143
143.0 -1.2429 -0.0505 0.306 -1.1788 -0.0749 0.3372 -1.1194 -0.0675 0.3356 -1.1158 -0.0529 0.3211 -1.1256 -0.0426 0.3096 -1.1464 -0.0339 0.2985 -1.1785 -0.0718 0.3341 -1.1778 -0.0607 0.3228 -1.1814 -0.0502 0.3117 -1.1885 -0.0401 0.3008 -1.1938 -0.0547 0.3151
144.0 -1.2389 -0.0537 0.3096 -1.1772 -0.0741 0.3366 -1.1183 -0.0691 0.3374 -1.1151 -0.0522 0.3204 -1.1247 -0.0425 0.3095 -1.1447 -0.0336 0.2985 -1.1766 -0.0727 0.3353 -1.1759 -0.0617 0.324 -1.1803 -0.0513 0.3129 -1.1874 -0.0412 0.302 -1.1918 -0.0561 0.3168
145.0 -1.2389 -0.0537 0.3096 -1.176 -0.0763 0.339 -1.1162 -0.0707 0.3392 -1.113 -0.0538 0.3222 -1.1227 -0.0441 0.3113 -1.1443 -0.036 0.3009 -1.1755 -0.0738 0.3365 -1.1748 -0.0627 0.3252 -1.1793 -0.0523 0.3142 -1.1872 -0.0424 0.3032 -1.1911 -0.057 0.3177
146.0 -1.2386 -0.0555 0.3115 -1.176 -0.0763 0.339 -1.1161 -0.0713 0.3398 -1.1121 -0.0543 0.3228 -1.1207 -0.045 0.3125 -1.1432 -0.0371 0.3021 -1.1755 -0.0738 0.3365 -1.1747 -0.0633 0.3258 -1.1782 -0.0534 0.3154 -1.187 -0.0436 0.3045 -1.1908 -0.0579 0.3187
147.0 -1.2369 -0.0546 0.3108 -1.175 -0.0768 0.3396 -1.1159 -0.0725 0.3411 -1.111 -0.0553 0.324 -1.1215 -0.0458 0.3132 -1.1432 -0.0371 0.3021 -1.1754 -0.0744 0.3371 -1.1737 -0.0638 0.3264 -1.1774 -0.0533 0.3153 -1.1861 -0.0435 0.3044 -1.1899 -0.0579 0.3188
