1.0 -1.0697 0.0553 0.215 -0.9973 0.0638 0.2134 -0.9731 0.0812 0.1981 -0.9779 0.0933 0.1852 -0.993 0.0992 0.1777 -1.0199 0.0974 0.1768 -1.0116 0.0601 0.2159 -1.0176 0.069 0.2061 -1.0283 0.0749 0.199 -1.0424 0.0804 0.1921 -1.0339 0.0679 0.2056
2.0 -1.077 0.0568 0.2128 -0.9948 0.0648 0.2127 -0.9729 0.08 0.1994 -0.9789 0.0944 0.184 -0.9938 0.0991 0.1777 -1.0183 0.0983 0.1761 -1.0178 0.0605 0.2148 -1.0237 0.0688 0.2057 -1.0337 0.0754 0.198 -1.046 0.0805 0.1916 -1.0396 0.0684 0.2046
3.0 -1.0599 0.0597 0.2115 -0.9913 0.0695 0.2082 -0.9724 0.0825 0.1968 -0.9775 0.0964 0.1821 -0.9939 0.0997 0.1771 -1.0204 0.1004 0.1737 -1.0109 0.0608 0.2152 -1.0177 0.0696 0.2055 -1.0277 0.0768 0.1971 -1.0403 0.0831 0.1895 -1.0313 0.07 0.2038
4.0 -1.0592 0.0604 0.2108 -0.9899 0.0716 0.2063 -0.9717 0.0832 0.1962 -0.9776 0.097 0.1814 -0.9942 0.1015 0.1752 -1.0205 0.101 0.1731 -1.0092 0.0616 0.2145 -1.0169 0.0704 0.2048 -1.027 0.0776 0.1965 -1.0394 0.0832 0.1895 -1.0303 0.0706 0.2032
5.0 -1.0444 0.0618 0.2109 -0.9771 0.0788 0.2002 -0.9737 0.0847 0.1944 -0.9821 0.0977 0.1804 -0.996 0.1013 0.1753 -1.0212 0.0997 0.1744 -1.0035 0.0642 0.2124 -1.0137 0.072 0.2034 -1.0245 0.0785 0.1957 -1.0362 0.0849 0.1881 -1.0245 0.0723 0.2021
6.0 -1.0515 0.062 0.2099 -0.9819 0.0763 0.2022 -0.9737 0.0847 0.1944 -0.9802 0.0967 0.1815 -0.996 0.1013 0.1753 -1.0221 0.0996 0.1744 -1.0084 0.0617 0.2145 -1.0159 0.0693 0.206 -1.0268 0.0764 0.1977 -1.0393 0.0826 0.1901 -1.0284 0.0704 0.2036
7.0 -1.0456 0.0634 0.2091 -0.9813 0.0776 0.2009 -0.9727 0.0843 0.195 -0.9794 0.0974 0.1809 -0.9941 0.1009 0.1758 -1.0204 0.1004 0.1737 -1.0053 0.064 0.2125 -1.0145 0.0713 0.2041 -1.0253 0.0778 0.1964 -1.0369 0.0841 0.1887 -1.0255 0.0721 0.2022
8.0 -1.0505 0.0609 0.2111 -0.9778 0.0781 0.2008 -0.9729 0.0855 0.1937 -0.9795 0.098 0.1803 -0.9944 0.1027 0.174 -1.0213 0.1003 0.1738 -1.0051 0.0634 0.2131 -1.0153 0.0712 0.2041 -1.027 0.0776 0.1965 -1.0394 0.0832 0.1895 -1.0275 0.0713 0.2029
9.0 -1.0469 0.0608 0.2116 -0.9714 0.0814 0.1981 -0.974 0.0865 0.1925 -0.9814 0.0984 0.1797 -0.9951 0.1014 0.1752 -1.0211 0.0991 0.175 -1.0046 0.0653 0.2112 -1.0146 0.0719 0.2035 -1.0261 0.0777 0.1964 -1.0393 0.0826 0.1901 -1.0263 0.0717 0.2026
10.0 -1.0514 0.0614 0.2105 -0.9777 0.0775 0.2014 -0.9729 0.0855 0.1937 -0.9812 0.0972 0.181 -0.996 0.1013 0.1753 -1.0196 0.1005 0.1737 -1.0053 0.064 0.2125 -1.0128 0.0721 0.2034 -1.0237 0.0786 0.1957 -1.0353 0.085 0.188 -1.0257 0.0722 0.202
11.0 -1.0522 0.0607 0.2112 -0.9778 0.0781 0.2008 -0.9729 0.0855 0.1937 -0.9805 0.0985 0.1797 -0.9952 0.102 0.1746 -1.0213 0.1003 0.1738 -1.007 0.0638 0.2126 -1.0152 0.0706 0.2048 -1.0268 0.0764 0.1977 -1.0393 0.0826 0.1901 -1.0281 0.0708 0.2033
12.0 -1.0573 0.06 0.2114 -0.9881 0.0718 0.2062 -0.972 0.085 0.1943 -0.9787 0.0981 0.1802 -0.9943 0.1021 0.1746 -1.0204 0.1004 0.1737 -1.0059 0.0627 0.2138 -1.0143 0.0707 0.2047 -1.0253 0.0778 0.1964 -1.0377 0.0834 0.1894 -1.0281 0.0709 0.2031
13.0 -1.0453 0.0616 0.2109 -0.973 0.0806 0.1987 -0.9731 0.0861 0.1931 -0.9812 0.0972 0.181 -0.9961 0.1019 0.1747 -1.0221 0.0996 0.1744 -1.0028 0.0649 0.2118 -1.0119 0.0716 0.204 -1.0235 0.078 0.1963 -1.036 0.0837 0.1893 -1.0239 0.072 0.2025
14.0 -1.0633 0.0586 0.2122 -0.9912 0.0689 0.2088 -0.9709 0.0839 0.1955 -0.9769 0.0978 0.1808 -0.9925 0.1017 0.1751 -1.0197 0.1011 0.1731 -1.0153 0.0608 0.2147 -1.0235 0.0676 0.2069 -1.0334 0.0742 0.1992 -1.046 0.0805 0.1916 -1.0363 0.0684 0.2049
15.0 -1.0633 0.0586 0.2122 -0.9934 0.0668 0.2108 -0.9708 0.0833 0.1962 -0.9768 0.0972 0.1814 -0.9917 0.1019 0.1751 -1.0204 0.1004 0.1737 -1.0111 0.062 0.214 -1.0185 0.0695 0.2055 -1.0294 0.076 0.1978 -1.0425 0.0809 0.1914 -1.0329 0.0694 0.2042
16.0 -1.0565 0.0601 0.2113 -0.9777 0.0775 0.2014 -0.972 0.085 0.1943 -0.9793 0.0968 0.1815 -0.9959 0.1007 0.1759 -1.0204 0.1004 0.1737 -1.0085 0.0623 0.2139 -1.0168 0.0698 0.2054 -1.0276 0.0762 0.1977 -1.0401 0.0819 0.1907 -1.0299 0.0701 0.2038
17.0 -1.055 0.0616 0.21 -0.9848 0.0729 0.2054 -0.9726 0.0837 0.1956 -0.9784 0.0963 0.1821 -0.9941 0.1009 0.1758 -1.0196 0.1005 0.1737 -1.0093 0.0622 0.2139 -1.016 0.0699 0.2054 -1.0252 0.0772 0.197 -1.0368 0.0836 0.1894 -1.0285 0.0709 0.2031
18.0 -1.0687 0.0597 0.2106 -0.9918 0.0676 0.2101 -0.9724 0.0825 0.1968 -0.9777 0.0976 0.1808 -0.9941 0.1009 0.1758 -1.0204 0.1004 0.1737 -1.0142 0.0597 0.216 -1.021 0.0686 0.2062 -1.0302 0.0759 0.1978 -1.0418 0.0817 0.1908 -1.0352 0.0691 0.2043
19.0 -1.0709 0.057 0.2132 -0.991 0.0678 0.2101 -0.9716 0.0826 0.1968 -0.9784 0.0963 0.1821 -0.9934 0.1016 0.1752 -1.0195 0.0999 0.1743 -1.0169 0.06 0.2154 -1.0237 0.0688 0.2057 -1.0329 0.0761 0.1973 -1.0445 0.0819 0.1903 -1.0378 0.0688 0.2044
20.0 -1.0688 0.0554 0.2149 -0.9918 0.0676 0.2101 -0.9717 0.0832 0.1962 -0.9784 0.0963 0.1821 -0.9934 0.1016 0.1752 -1.0203 0.0998 0.1743 -1.015 0.0596 0.216 -1.0226 0.0678 0.2069 -1.0335 0.0748 0.1986 -1.0468 0.0804 0.1916 -1.0374 0.0676 0.2056
21.0 -1.0804 0.0563 0.2129 -0.994 0.0649 0.2127 -0.973 0.0806 0.1987 -0.9774 0.0958 0.1827 -0.9932 0.1004 0.1764 -1.0195 0.0999 0.1743 -1.0202 0.0589 0.2162 -1.0261 0.0673 0.207 -1.0353 0.0746 0.1987 -1.0477 0.0803 0.1916 -1.0419 0.0675 0.2053
22.0 -1.0724 0.0555 0.2145 -0.9925 0.0663 0.2114 -0.9723 0.0819 0.1975 -0.9783 0.0957 0.1827 -0.9941 0.1009 0.1758 -1.0196 0.1005 0.1737 -1.0175 0.0587 0.2167 -1.0234 0.067 0.2076 -1.0334 0.0742 0.1992 -1.0459 0.0799 0.1922 -1.0385 0.0671 0.206
23.0 -1.0656 0.0571 0.2136 -0.9886 0.0693 0.2087 -0.9734 0.083 0.1963 -0.9783 0.0957 0.1827 -0.9932 0.1004 0.1764 -1.0195 0.0999 0.1743 -1.0125 0.06 0.2159 -1.0192 0.0682 0.2068 -1.0291 0.0748 0.199 -1.0425 0.0809 0.1914 -1.0338 0.0682 0.2053
24.0 -1.0669 0.0593 0.2111 -0.9948 0.0648 0.2127 -0.9705 0.0815 0.198 -0.9756 0.0955 0.1832 -0.9923 0.1006 0.1764 -1.0202 0.0992 0.175 -1.0101 0.0615 0.2145 -1.0168 0.0698 0.2054 -1.0276 0.0762 0.1977 -1.0417 0.0811 0.1914 -1.0326 0.0696 0.2041
25.0 -1.0523 0.0613 0.2106 -0.994 0.0649 0.2127 -0.9697 0.0822 0.1974 -0.9756 0.0955 0.1832 -0.9907 0.1014 0.1757 -1.021 0.0985 0.1756 -1.0032 0.0624 0.2143 -1.0109 0.0712 0.2046 -1.0218 0.0782 0.1963 -1.0351 0.0838 0.1893 -1.0247 0.0714 0.203
26.0 -1.0642 0.0591 0.2116 -0.9947 0.0642 0.2133 -0.9705 0.0815 0.198 -0.9755 0.0949 0.1839 -0.9913 0.1001 0.177 -1.0193 0.0987 0.1756 -1.009 0.0604 0.2158 -1.0151 0.07 0.2054 -1.0259 0.0765 0.1977 -1.0392 0.082 0.1907 -1.0307 0.0696 0.2042
27.0 -1.0606 0.0584 0.2128 -0.9947 0.0642 0.2133 -0.9705 0.0815 0.198 -0.9755 0.0949 0.1839 -0.9922 0.1 0.177 -1.0202 0.0992 0.175 -1.009 0.0604 0.2158 -1.0167 0.0692 0.2061 -1.0267 0.0758 0.1983 -1.0401 0.0819 0.1907 -1.0306 0.0691 0.2047
28.0 -1.0569 0.0576 0.2139 -0.9869 0.0695 0.2086 -0.9703 0.0803 0.1993 -0.9762 0.0942 0.1845 -0.9911 0.0989 0.1782 -1.0199 0.0974 0.1768 -1.0105 0.059 0.2171 -1.0174 0.0679 0.2073 -1.0267 0.0758 0.1983 -1.0384 0.0827 0.19 -1.03 0.0686 0.2053
29.0 -1.0649 0.0578 0.2129 -0.9945 0.063 0.2146 -0.9694 0.0804 0.1992 -0.9754 0.0943 0.1845 -0.9904 0.0996 0.1776 -1.0183 0.0983 0.1761 -1.0073 0.0607 0.2157 -1.0133 0.0696 0.2059 -1.0241 0.0761 0.1982 -1.0373 0.081 0.1919 -1.0294 0.069 0.2049
30.0 -1.0559 0.0566 0.2151 -0.9939 0.0643 0.2133 -0.9695 0.081 0.1986 -0.9745 0.0944 0.1844 -0.9903 0.099 0.1782 -1.0191 0.0976 0.1768 -1.0047 0.061 0.2156 -1.0124 0.0697 0.2059 -1.0232 0.0762 0.1982 -1.0373 0.081 0.1919 -1.0267 0.0689 0.2053
31.0 -1.0601 0.056 0.2152 -0.993 0.0644 0.2133 -0.9688 0.0817 0.198 -0.9738 0.0951 0.1838 -0.9895 0.0997 0.1775 -1.0175 0.099 0.1755 -1.0072 0.0601 0.2163 -1.0139 0.0683 0.2072 -1.0247 0.0748 0.1995 -1.0388 0.0796 0.1932 -1.029 0.0678 0.2063
32.0 -1.0577 0.0569 0.2145 -0.9914 0.0653 0.2126 -0.9671 0.082 0.1979 -0.9737 0.0945 0.1844 -0.9889 0.101 0.1763 -1.0174 0.0984 0.1761 -1.0029 0.0606 0.2161 -1.0098 0.0701 0.2058 -1.0207 0.0766 0.1981 -1.0348 0.082 0.1911 -1.0252 0.0692 0.2051
33.0 -1.0417 0.0609 0.212 -0.9748 0.076 0.2032 -0.9682 0.0836 0.1961 -0.9757 0.0961 0.1826 -0.9889 0.101 0.1763 -1.0134 0.1002 0.1747 -0.998 0.0625 0.2147 -1.0073 0.0704 0.2057 -1.0182 0.0775 0.1974 -1.0315 0.0831 0.1904 -1.0193 0.0709 0.204
34.0 -1.0494 0.0599 0.2123 -0.9857 0.0679 0.2105 -0.9629 0.0832 0.1971 -0.9696 0.0963 0.183 -0.9848 0.1028 0.1748 -1.0116 0.1004 0.1746 -0.9971 0.0626 0.2147 -1.004 0.0721 0.2043 -1.015 0.0792 0.196 -1.0283 0.0853 0.1884 -1.0188 0.0718 0.2031
35.0 -1.0431 0.0589 0.214 -0.9675 0.0746 0.2054 -0.9518 0.0853 0.196 -0.9599 0.0964 0.1839 -0.9762 0.0991 0.1795 -0.9996 0.0971 0.1792 -0.981 0.066 0.2128 -0.9907 0.0763 0.2013 -1.0017 0.084 0.1924 -1.0151 0.0901 0.1848 -1.0063 0.0751 0.201
36.0 -1.0203 0.0546 0.2206 -0.9263 0.0655 0.2188 -0.9039 0.0832 0.2029 -0.9105 0.0957 0.1895 -0.9247 0.1011 0.1825 -0.9488 0.0985 0.1828 -0.9616 0.0607 0.2202 -0.9678 0.0709 0.2092 -0.977 0.0782 0.2008 -0.9868 0.0842 0.1937 -0.9827 0.0697 0.2089
37.0 -1.0158 0.054 0.2216 -0.9108 0.067 0.2188 -0.8905 0.0819 0.2055 -0.8957 0.0965 0.1901 -0.9098 0.1013 0.1838 -0.9383 0.0987 0.1837 -0.9558 0.0578 0.2237 -0.9618 0.0668 0.2139 -0.9695 0.0755 0.2042 -0.9793 0.0815 0.1971 -0.9764 0.0672 0.2121
38.0 -0.9984 0.0551 0.2222 -0.8957 0.0666 0.2207 -0.875 0.084 0.2049 -0.8809 0.0973 0.1908 -0.8991 0.1009 0.1853 -0.9212 0.1016 0.1824 -0.9327 0.0616 0.2222 -0.9388 0.0711 0.2118 -0.9473 0.0798 0.2021 -0.9581 0.0862 0.1944 -0.9551 0.0708 0.2105
39.0 -0.9925 0.0517 0.2264 -0.8791 0.067 0.222 -0.8619 0.0846 0.2057 -0.8677 0.0972 0.1922 -0.886 0.1015 0.186 -0.9093 0.1038 0.1813 -0.9177 0.0612 0.2241 -0.9245 0.07 0.2144 -0.9348 0.0784 0.2048 -0.9463 0.0842 0.1977 -0.9432 0.0691 0.2135
40.0 -0.9839 0.0528 0.226 -0.8652 0.0682 0.222 -0.8506 0.0849 0.2065 -0.8582 0.0985 0.1918 -0.8784 0.1031 0.1851 -0.9044 0.1057 0.1798 -0.9072 0.062 0.2243 -0.9158 0.0706 0.2146 -0.9277 0.0781 0.2057 -0.941 0.0837 0.1988 -0.9351 0.0694 0.2139
41.0 -0.9724 0.0519 0.2281 -0.853 0.0687 0.2228 -0.8373 0.0842 0.2085 -0.8421 0.097 0.1949 -0.8591 0.1033 0.1868 -0.8815 0.1057 0.1821 -0.8965 0.061 0.2264 -0.9041 0.0691 0.2173 -0.9134 0.077 0.2083 -0.9251 0.0834 0.2006 -0.9223 0.0685 0.2161
42.0 -0.925 0.0626 0.2219 -0.8378 0.0725 0.2204 -0.8255 0.0876 0.2061 -0.8424 0.0933 0.1987 -0.8607 0.0976 0.1925 -0.8753 0.1005 0.1881 -0.8462 0.0751 0.2169 -0.856 0.086 0.2048 -0.8689 0.094 0.1953 -0.8839 0.0993 0.1884 -0.876 0.0834 0.2055
43.0 -0.9195 0.0615 0.2235 -0.8286 0.075 0.2188 -0.8153 0.0896 0.2051 -0.8313 0.0954 0.1976 -0.8519 0.0975 0.1934 -0.8674 0.1003 0.189 -0.8463 0.0708 0.2213 -0.8543 0.0813 0.2098 -0.868 0.0892 0.2003 -0.8841 0.0956 0.1922 -0.8745 0.0797 0.2094
43.0 -0.9195 0.0615 0.2235 -0.8286 0.075 0.2188 -0.8153 0.0896 0.2051 -0.8313 0.0954 0.1976 -0.8519 0.0975 0.1934 -0.8674 0.1003 0.189 -0.8463 0.0708 0.2213 -0.8543 0.0813 0.2098 -0.868 0.0892 0.2003 -0.8841 0.0956 0.1922 -0.8745 0.0797 0.2094
43.0 -0.9195 0.0615 0.2235 -0.8286 0.075 0.2188 -0.8153 0.0896 0.2051 -0.8313 0.0954 0.1976 -0.8519 0.0975 0.1934 -0.8674 0.1003 0.189 -0.8463 0.0708 0.2213 -0.8543 0.0813 0.2098 -0.868 0.0892 0.2003 -0.8841 0.0956 0.1922 -0.8745 0.0797 0.2094
43.0 -0.9195 0.0615 0.2235 -0.8286 0.075 0.2188 -0.8153 0.0896 0.2051 -0.8313 0.0954 0.1976 -0.8519 0.0975 0.1934 -0.8674 0.1003 0.189 -0.8463 0.0708 0.2213 -0.8543 0.0813 0.2098 -0.868 0.0892 0.2003 -0.8841 0.0956 0.1922 -0.8745 0.0797 0.2094
43.0 -0.9195 0.0615 0.2235 -0.8286 0.075 0.2188 -0.8153 0.0896 0.2051 -0.8313 0.0954 0.1976 -0.8519 0.0975 0.1934 -0.8674 0.1003 0.189 -0.8463 0.0708 0.2213 -0.8543 0.0813 0.2098 -0.868 0.0892 0.2003 -0.8841 0.0956 0.1922 -0.8745 0.0797 0.2094
43.0 -0.9195 0.0615 0.2235 -0.8286 0.075 0.2188 -0.8153 0.0896 0.2051 -0.8313 0.0954 0.1976 -0.8519 0.0975 0.1934 -0.8674 0.1003 0.189 -0.8463 0.0708 0.2213 -0.8543 0.0813 0.2098 -0.868 0.0892 0.2003 -0.8841 0.0956 0.1922 -0.8745 0.0797 0.2094
43.0 -0.9195 0.0615 0.2235 -0.8286 0.075 0.2188 -0.8153 0.0896 0.2051 -0.8313 0.0954 0.1976 -0.8519 0.0975 0.1934 -0.8674 0.1003 0.189 -0.8463 0.0708 0.2213 -0.8543 0.0813 0.2098 -0.868 0.0892 0.2003 -0.8841 0.0956 0.1922 -0.8745 0.0797 0.2094
43.0 -0.9195 0.0615 0.2235 -0.8286 0.075 0.2188 -0.8153 0.0896 0.2051 -0.8313 0.0954 0.1976 -0.8519 0.0975 0.1934 -0.8674 0.1003 0.189 -0.8463 0.0708 0.2213 -0.8543 0.0813 0.2098 -0.868 0.0892 0.2003 -0.8841 0.0956 0.1922 -0.8745 0.0797 0.2094
43.0 -0.9195 0.0615 0.2235 -0.8286 0.075 0.2188 -0.8153 0.0896 0.2051 -0.8313 0.0954 0.1976 -0.8519 0.0975 0.1934 -0.8674 0.1003 0.189 -0.8463 0.0708 0.2213 -0.8543 0.0813 0.2098 -0.868 0.0892 0.2003 -0.8841 0.0956 0.1922 -0.8745 0.0797 0.2094
43.0 -0.9195 0.0615 0.2235 -0.8286 0.075 0.2188 -0.8153 0.0896 0.2051 -0.8313 0.0954 0.1976 -0.8519 0.0975 0.1934 -0.8674 0.1003 0.189 -0.8463 0.0708 0.2213 -0.8543 0.0813 0.2098 -0.868 0.0892 0.2003 -0.8841 0.0956 0.1922 -0.8745 0.0797 0.2094
43.0 -0.9195 0.0615 0.2235 -0.8286 0.075 0.2188 -0.8153 0.0896 0.2051 -0.8313 0.0954 0.1976 -0.8519 0.0975 0.1934 -0.8674 0.1003 0.189 -0.8463 0.0708 0.2213 -0.8543 0.0813 0.2098 -0.868 0.0892 0.2003 -0.8841 0.0956 0.1922 -0.8745 0.0797 0.2094
43.0 -0.9195 0.0615 0.2235 -0.8286 0.075 0.2188 -0.8153 0.0896 0.2051 -0.8313 0.0954 0.1976 -0.8519 0.0975 0.1934 -0.8674 0.1003 0.189 -0.8463 0.0708 0.2213 -0.8543 0.0813 0.2098 -0.868 0.0892 0.2003 -0.8841 0.0956 0.1922 -0.8745 0.0797 0.2094
43.0 -0.9195 0.0615 0.2235 -0.8286 0.075 0.2188 -0.8153 0.0896 0.2051 -0.8313 0.0954 0.1976 -0.8519 0.0975 0.1934 -0.8674 0.1003 0.189 -0.8463 0.0708 0.2213 -0.8543 0.0813 0.2098 -0.868 0.0892 0.2003 -0.8841 0.0956 0.1922 -0.8745 0.0797 0.2094
43.0 -0.9195 0.0615 0.2235 -0.8286 0.075 0.2188 -0.8153 0.0896 0.2051 -0.8313 0.0954 0.1976 -0.8519 0.0975 0.1934 -0.8674 0.1003 0.189 -0.8463 0.0708 0.2213 -0.8543 0.0813 0.2098 -0.868 0.0892 0.2003 -0.8841 0.0956 0.1922 -0.8745 0.0797 0.2094
43.0 -0.9195 0.0615 0.2235 -0.8286 0.075 0.2188 -0.8153 0.0896 0.2051 -0.8313 0.0954 0.1976 -0.8519 0.0975 0.1934 -0.8674 0.1003 0.189 -0.8463 0.0708 0.2213 -0.8543 0.0813 0.2098 -0.868 0.0892 0.2003 -0.8841 0.0956 0.1922 -0.8745 0.0797 0.2094
43.0 -0.9195 0.0615 0.2235 -0.8286 0.075 0.2188 -0.8153 0.0896 0.2051 -0.8313 0.0954 0.1976 -0.8519 0.0975 0.1934 -0.8674 0.1003 0.189 -0.8463 0.0708 0.2213 -0.8543 0.0813 0.2098 -0.868 0.0892 0.2003 -0.8841 0.0956 0.1922 -0.8745 0.0797 0.2094
43.0 -0.9195 0.0615 0.2235 -0.8286 0.075 0.2188 -0.8153 0.0896 0.2051 -0.8313 0.0954 0.1976 -0.8519 0.0975 0.1934 -0.8674 0.1003 0.189 -0.8463 0.0708 0.2213 -0.8543 0.0813 0.2098 -0.868 0.0892 0.2003 -0.8841 0.0956 0.1922 -0.8745 0.0797 0.2094
43.0 -0.9195 0.0615 0.2235 -0.8286 0.075 0.2188 -0.8153 0.0896 0.2051 -0.8313 0.0954 0.1976 -0.8519 0.0975 0.1934 -0.8674 0.1003 0.189 -0.8463 0.0708 0.2213 -0.8543 0.0813 0.2098 -0.868 0.0892 0.2003 -0.8841 0.0956 0.1922 -0.8745 0.0797 0.2094
43.0 -0.9195 0.0615 0.2235 -0.8286 0.075 0.2188 -0.8153 0.0896 0.2051 -0.8313 0.0954 0.1976 -0.8519 0.0975 0.1934 -0.8674 0.1003 0.189 -0.8463 0.0708 0.2213 -0.8543 0.0813 0.2098 -0.868 0.0892 0.2003 -0.8841 0.0956 0.1922 -0.8745 0.0797 0.2094
43.0 -0.9195 0.0615 0.2235 -0.8286 0.075 0.2188 -0.8153 0.0896 0.2051 -0.8313 0.0954 0.1976 -0.8519 0.0975 0.1934 -0.8674 0.1003 0.189 -0.8463 0.0708 0.2213 -0.8543 0.0813 0.2098 -0.868 0.0892 0.2003 -0.8841 0.0956 0.1922 -0.8745 0.0797 0.2094
43.0 -0.9195 0.0615 0.2235 -0.8286 0.075 0.2188 -0.8153 0.0896 0.2051 -0.8313 0.0954 0.1976 -0.8519 0.0975 0.1934 -0.8674 0.1003 0.189 -0.8463 0.0708 0.2213 -0.8543 0.0813 0.2098 -0.868 0.0892 0.2003 -0.8841 0.0956 0.1922 -0.8745 0.0797 0.2094
43.0 -0.9195 0.0615 0.2235 -0.8286 0.075 0.2188 -0.8153 0.0896 0.2051 -0.8313 0.0954 0.1976 -0.8519 0.0975 0.1934 -0.8674 0.1003 0.189 -0.8463 0.0708 0.2213 -0.8543 0.0813 0.2098 -0.868 0.0892 0.2003 -0.8841 0.0956 0.1922 -0.8745 0.0797 0.2094
43.0 -0.9195 0.0615 0.2235 -0.8286 0.075 0.2188 -0.8153 0.0896 0.2051 -0.8313 0.0954 0.1976 -0.8519 0.0975 0.1934 -0.8674 0.1003 0.189 -0.8463 0.0708 0.2213 -0.8543 0.0813 0.2098 -0.868 0.0892 0.2003 -0.8841 0.0956 0.1922 -0.8745 0.0797 0.2094
43.0 -0.9195 0.0615 0.2235 -0.8286 0.075 0.2188 -0.8153 0.0896 0.2051 -0.8313 0.0954 0.1976 -0.8519 0.0975 0.1934 -0.8674 0.1003 0.189 -0.8463 0.0708 0.2213 -0.8543 0.0813 0.2098 -0.868 0.0892 0.2003 -0.8841 0.0956 0.1922 -0.8745 0.0797 0.2094
43.0 -0.9195 0.0615 0.2235 -0.8286 0.075 0.2188 -0.8153 0.0896 0.2051 -0.8313 0.0954 0.1976 -0.8519 0.0975 0.1934 -0.8674 0.1003 0.189 -0.8463 0.0708 0.2213 -0.8543 0.0813 0.2098 -0.868 0.0892 0.2003 -0.8841 0.0956 0.1922 -0.8745 0.0797 0.2094
43.0 -0.9195 0.0615 0.2235 -0.8286 0.075 0.2188 -0.8153 0.0896 0.2051 -0.8313 0.0954 0.1976 -0.8519 0.0975 0.1934 -0.8674 0.1003 0.189 -0.8463 0.0708 0.2213 -0.8543 0.0813 0.2098 -0.868 0.0892 0.2003 -0.8841 0.0956 0.1922 -0.8745 0.0797 0.2094
43.0 -0.9195 0.0615 0.2235 -0.8286 0.075 0.2188 -0.8153 0.0896 0.2051 -0.8313 0.0954 0.1976 -0.8519 0.0975 0.1934 -0.8674 0.1003 0.189 -0.8463 0.0708 0.2213 -0.8543 0.0813 0.2098 -0.868 0.0892 0.2003 -0.8841 0.0956 0.1922 -0.8745 0.0797 0.2094
43.0 -0.9195 0.0615 0.2235 -0.8286 0.075 0.2188 -0.8153 0.0896 0.2051 -0.8313 0.0954 0.1976 -0.8519 0.0975 0.1934 -0.8674 0.1003 0.189 -0.8463 0.0708 0.2213 -0.8543 0.0813 0.2098 -0.868 0.0892 0.2003 -0.8841 0.0956 0.1922 -0.8745 0.0797 0.2094
43.0 -0.9195 0.0615 0.2235 -0.8286 0.075 0.2188 -0.8153 0.0896 0.2051 -0.8313 0.0954 0.1976 -0.8519 0.0975 0.1934 -0.8674 0.1003 0.189 -0.8463 0.0708 0.2213 -0.8543 0.0813 0.2098 -0.868 0.0892 0.2003 -0.8841 0.0956 0.1922 -0.8745 0.0797 0.2094
43.0 -0.9195 0.0615 0.2235 -0.8286 0.075 0.2188 -0.8153 0.0896 0.2051 -0.8313 0.0954 0.1976 -0.8519 0.0975 0.1934 -0.8674 0.1003 0.189 -0.8463 0.0708 0.2213 -0.8543 0.0813 0.2098 -0.868 0.0892 0.2003 -0.8841 0.0956 0.1922 -0.8745 0.0797 0.2094
43.0 -0.9195 0.0615 0.2235 -0.8286 0.075 0.2188 -0.8153 0.0896 0.2051 -0.8313 0.0954 0.1976 -0.8519 0.0975 0.1934 -0.8674 0.1003 0.189 -0.8463 0.0708 0.2213 -0.8543 0.0813 0.2098 -0.868 0.0892 0.2003 -0.8841 0.0956 0.1922 -0.8745 0.0797 0.2094
43.0 -0.9195 0.0615 0.2235 -0.8286 0.075 0.2188 -0.8153 0.0896 0.2051 -0.8313 0.0954 0.1976 -0.8519 0.0975 0.1934 -0.8674 0.1003 0.189 -0.8463 0.0708 0.2213 -0.8543 0.0813 0.2098 -0.868 0.0892 0.2003 -0.8841 0.0956 0.1922 -0.8745 0.0797 0.2094
43.0 -0.9195 0.0615 0.2235 -0.8286 0.075 0.2188 -0.8153 0.0896 0.2051 -0.8313 0.0954 0.1976 -0.8519 0.0975 0.1934 -0.8674 0.1003 0.189 -0.8463 0.0708 0.2213 -0.8543 0.0813 0.2098 -0.868 0.0892 0.2003 -0.8841 0.0956 0.1922 -0.8745 0.0797 0.2094
43.0 -0.9195 0.0615 0.2235 -0.8286 0.075 0.2188 -0.8153 0.0896 0.2051 -0.8313 0.0954 0.1976 -0.8519 0.0975 0.1934 -0.8674 0.1003 0.189 -0.8463 0.0708 0.2213 -0.8543 0.0813 0.2098 -0.868 0.0892 0.2003 -0.8841 0.0956 0.1922 -0.8745 0.0797 0.2094
43.0 -0.9195 0.0615 0.2235 -0.8286 0.075 0.2188 -0.8153 0.0896 0.2051 -0.8313 0.0954 0.1976 -0.8519 0.0975 0.1934 -0.8674 0.1003 0.189 -0.8463 0.0708 0.2213 -0.8543 0.0813 0.2098 -0.868 0.0892 0.2003 -0.8841 0.0956 0.1922 -0.8745 0.0797 0.2094
43.0 -0.9195 0.0615 0.2235 -0.8286 0.075 0.2188 -0.8153 0.0896 0.2051 -0.8313 0.0954 0.1976 -0.8519 0.0975 0.1934 -0.8674 0.1003 0.189 -0.8463 0.0708 0.2213 -0.8543 0.0813 0.2098 -0.868 0.0892 0.2003 -0.8841 0.0956 0.1922 -0.8745 0.0797 0.2094
43.0 -0.9195 0.0615 0.2235 -0.8286 0.075 0.2188 -0.8153 0.0896 0.2051 -0.8313 0.0954 0.1976 -0.8519 0.0975 0.1934 -0.8674 0.1003 0.189 -0.8463 0.0708 0.2213 -0.8543 0.0813 0.2098 -0.868 0.0892 0.2003 -0.8841 0.0956 0.1922 -0.8745 0.0797 0.2094
43.0 -0.9195 0.0615 0.2235 -0.8286 0.075 0.2188 -0.8153 0.0896 0.2051 -0.8313 0.0954 0.1976 -0.8519 0.0975 0.1934 -0.8674 0.1003 0.189 -0.8463 0.0708 0.2213 -0.8543 0.0813 0.2098 -0.868 0.0892 0.2003 -0.8841 0.0956 0.1922 -0.8745 0.0797 0.2094
43.0 -0.9195 0.0615 0.2235 -0.8286 0.075 0.2188 -0.8153 0.0896 0.2051 -0.8313 0.0954 0.1976 -0.8519 0.0975 0.1934 -0.8674 0.1003 0.189 -0.8463 0.0708 0.2213 -0.8543 0.0813 0.2098 -0.868 0.0892 0.2003 -0.8841 0.0956 0.1922 -0.8745 0.0797 0.2094
43.0 -0.9195 0.0615 0.2235 -0.8286 0.075 0.2188 -0.8153 0.0896 0.2051 -0.8313 0.0954 0.1976 -0.8519 0.0975 0.1934 -0.8674 0.1003 0.189 -0.8463 0.0708 0.2213 -0.8543 0.0813 0.2098 -0.868 0.0892 0.2003 -0.8841 0.0956 0.1922 -0.8745 0.0797 0.2094
43.0 -0.9195 0.0615 0.2235 -0.8286 0.075 0.2188 -0.8153 0.0896 0.2051 -0.8313 0.0954 0.1976 -0.8519 0.0975 0.1934 -0.8674 0.1003 0.189 -0.8463 0.0708 0.2213 -0.8543 0.0813 0.2098 -0.868 0.0892 0.2003 -0.8841 0.0956 0.1922 -0.8745 0.0797 0.2094
43.0 -0.9195 0.0615 0.2235 -0.8286 0.075 0.2188 -0.8153 0.0896 0.2051 -0.8313 0.0954 0.1976 -0.8519 0.0975 0.1934 -0.8674 0.1003 0.189 -0.8463 0.0708 0.2213 -0.8543 0.0813 0.2098 -0.868 0.0892 0.2003 -0.8841 0.0956 0.1922 -0.8745 0.0797 0.2094
43.0 -0.9195 0.0615 0.2235 -0.8286 0.075 0.2188 -0.8153 0.0896 0.2051 -0.8313 0.0954 0.1976 -0.8519 0.0975 0.1934 -0.8674 0.1003 0.189 -0.8463 0.0708 0.2213 -0.8543 0.0813 0.2098 -0.868 0.0892 0.2003 -0.8841 0.0956 0.1922 -0.8745 0.0797 0.2094
43.0 -0.9195 0.0615 0.2235 -0.8286 0.075 0.2188 -0.8153 0.0896 0.2051 -0.8313 0.0954 0.1976 -0.8519 0.0975 0.1934 -0.8674 0.1003 0.189 -0.8463 0.0708 0.2213 -0.8543 0.0813 0.2098 -0.868 0.0892 0.2003 -0.8841 0.0956 0.1922 -0.8745 0.0797 0.2094
43.0 -0.9195 0.0615 0.2235 -0.8286 0.075 0.2188 -0.8153 0.0896 0.2051 -0.8313 0.0954 0.1976 -0.8519 0.0975 0.1934 -0.8674 0.1003 0.189 -0.8463 0.0708 0.2213 -0.8543 0.0813 0.2098 -0.868 0.0892 0.2003 -0.8841 0.0956 0.1922 -0.8745 0.0797 0.2094
43.0 -0.9195 0.0615 0.2235 -0.8286 0.075 0.2188 -0.8153 0.0896 0.2051 -0.8313 0.0954 0.1976 -0.8519 0.0975 0.1934 -0.8674 0.1003 0.189 -0.8463 0.0708 0.2213 -0.8543 0.0813 0.2098 -0.868 0.0892 0.2003 -0.8841 0.0956 0.1922 -0.8745 0.0797 0.2094
43.0 -0.9195 0.0615 0.2235 -0.8286 0.075 0.2188 -0.8153 0.0896 0.2051 -0.8313 0.0954 0.1976 -0.8519 0.0975 0.1934 -0.8674 0.1003 0.189 -0.8463 0.0708 0.2213 -0.8543 0.0813 0.2098 -0.868 0.0892 0.2003 -0.8841 0.0956 0.1922 -0.8745 0.0797 0.2094
43.0 -0.9195 0.0615 0.2235 -0.8286 0.075 0.2188 -0.8153 0.0896 0.2051 -0.8313 0.0954 0.1976 -0.8519 0.0975 0.1934 -0.8674 0.1003 0.189 -0.8463 0.0708 0.2213 -0.8543 0.0813 0.2098 -0.868 0.0892 0.2003 -0.8841 0.0956 0.1922 -0.8745 0.0797 0.2094
43.0 -0.9195 0.0615 0.2235 -0.8286 0.075 0.2188 -0.8153 0.0896 0.2051 -0.8313 0.0954 0.1976 -0.8519 0.0975 0.1934 -0.8674 0.1003 0.189 -0.8463 0.0708 0.2213 -0.8543 0.0813 0.2098 -0.868 0.0892 0.2003 -0.8841 0.0956 0.1922 -0.8745 0.0797 0.2094
92.0 -0.9289 0.0499 0.2345 -0.8469 0.0939 0.1976 -0.8123 0.0876 0.2075 -0.8121 0.0864 0.2087 -0.8113 0.0816 0.2137 -0.8095 0.0715 0.2243 -0.8599 0.058 0.2331 -0.8581 0.0527 0.2386 -0.8578 0.0509 0.2405 -0.8606 0.0518 0.2394 -0.8731 0.0526 0.2372
93.0 -0.936 0.0452 0.2385 -0.821 0.0767 0.2178 -0.8116 0.0834 0.2119 -0.8131 0.0918 0.2032 -0.8336 0.0933 0.1996 -0.859 0.0929 0.1975 -0.8567 0.0498 0.2417 -0.8661 0.0529 0.2377 -0.8776 0.0586 0.2306 -0.8911 0.0653 0.2224 -0.8855 0.0544 0.2342
94.0 -0.9463 0.0439 0.2389 -0.8473 0.081 0.2107 -0.8112 0.081 0.2143 -0.8122 0.087 0.2081 -0.8285 0.0897 0.2038 -0.8528 0.0876 0.2035 -0.867 0.0533 0.2371 -0.8713 0.0528 0.2373 -0.8796 0.0547 0.2345 -0.8899 0.0582 0.2299 -0.8908 0.0526 0.2355
95.0 -0.9476 0.0461 0.2365 -0.8217 0.0607 0.2341 -0.8116 0.0736 0.2218 -0.8178 0.0838 0.2108 -0.838 0.0884 0.2041 -0.8606 0.0921 0.1981 -0.8627 0.0539 0.2369 -0.8711 0.0613 0.2285 -0.8829 0.0683 0.2202 -0.8952 0.0734 0.2138 -0.8919 0.0606 0.2272
96.0 -0.9604 0.0438 0.2376 -0.8262 0.0564 0.238 -0.8227 0.0715 0.2229 -0.8293 0.0841 0.2094 -0.847 0.0896 0.202 -0.8738 0.0921 0.1968 -0.8774 0.0471 0.2425 -0.8866 0.0544 0.2341 -0.8983 0.0613 0.2258 -0.9116 0.0669 0.2188 -0.9069 0.0547 0.2318
97.0 -0.9642 0.0408 0.2402 -0.8372 0.0537 0.2397 -0.8264 0.0674 0.2268 -0.8322 0.0806 0.2126 -0.8539 0.0887 0.2022 -0.882 0.0886 0.1996 -0.886 0.0459 0.2428 -0.8933 0.0528 0.235 -0.9043 0.0599 0.2267 -0.9174 0.0649 0.2203 -0.913 0.0529 0.233
98.0 -0.9781 0.0396 0.2402 -0.8419 0.0506 0.2424 -0.8342 0.0669 0.2265 -0.8408 0.0795 0.213 -0.8613 0.0859 0.2044 -0.8888 0.087 0.2005 -0.8912 0.0458 0.2424 -0.9002 0.0519 0.2353 -0.9109 0.0578 0.2282 -0.9249 0.062 0.2225 -0.9211 0.0514 0.2337
99.0 -0.9839 0.0376 0.2416 -0.8458 0.0476 0.245 -0.8409 0.0648 0.228 -0.8456 0.0764 0.2157 -0.8653 0.0835 0.2064 -0.8928 0.0847 0.2025 -0.8993 0.0416 0.2458 -0.9074 0.0479 0.2387 -0.9192 0.0548 0.2304 -0.9326 0.061 0.2228 -0.9285 0.0486 0.2359
100.0 -0.9706 0.0418 0.2386 -0.8747 0.0468 0.243 -0.8652 0.0627 0.2277 -0.8724 0.074 0.2155 -0.8898 0.0826 0.2049 -0.9176 0.0856 0.1991 -0.9014 0.0487 0.2384 -0.9093 0.0586 0.2275 -0.9213 0.0668 0.218 -0.9374 0.0732 0.2099 -0.928 0.0578 0.2265
101.0 -1.0173 0.0526 0.2229 -0.9312 0.0581 0.2259 -0.9406 0.0764 0.2062 -0.9513 0.0823 0.1992 -0.9682 0.0836 0.1961 -0.9835 0.0853 0.1929 -0.9478 0.0675 0.2146 -0.9582 0.0765 0.2044 -0.9707 0.0827 0.1968 -0.9864 0.0867 0.1911 -0.9761 0.0732 0.206
102.0 -1.0254 0.0582 0.2164 -0.9468 0.067 0.2152 -0.9606 0.0804 0.2001 -0.9729 0.0855 0.1937 -0.987 0.0854 0.1924 -1.0005 0.0872 0.1892 -0.9621 0.079 0.2014 -0.9729 0.0855 0.1937 -0.9869 0.0897 0.188 -1.0014 0.092 0.1842 -0.9897 0.0809 0.1968
103.0 -1.0383 0.062 0.2113 -0.9669 0.0759 0.2041 -0.9822 0.0879 0.1904 -0.9977 0.0913 0.1853 -1.0108 0.0907 0.1846 -1.0202 0.1041 0.17 -0.9825 0.0799 0.1985 -0.9954 0.0879 0.189 -1.0095 0.0933 0.182 -1.025 0.0961 0.1777 -1.0101 0.0839 0.1917
103.0 -1.0383 0.062 0.2113 -0.9669 0.0759 0.2041 -0.9822 0.0879 0.1904 -0.9977 0.0913 0.1853 -1.0108 0.0907 0.1846 -1.0202 0.1041 0.17 -0.9825 0.0799 0.1985 -0.9954 0.0879 0.189 -1.0095 0.0933 0.182 -1.025 0.0961 0.1777 -1.0101 0.0839 0.1917
105.0 -1.0798 0.0778 0.191 -1.0324 0.1086 0.1642 -1.0235 0.1031 0.1707 -1.0165 0.0979 0.1767 -1.0089 0.0898 0.1858 -0.9993 0.0801 0.1966 -1.0429 0.1084 0.1634 -1.0349 0.1027 0.1699 -1.0293 0.0956 0.1778 -1.0242 0.0865 0.1876 -1.0422 0.0942 0.1779
106.0 -1.0938 0.0771 0.1903 -1.0796 0.112 0.156 -1.0573 0.1052 0.1652 -1.048 0.1022 0.1692 -1.0348 0.0973 0.1755 -1.0199 0.0871 0.1874 -1.07 0.1072 0.1619 -1.0588 0.1032 0.1671 -1.049 0.0978 0.1736 -1.0397 0.0899 0.1826 -1.0622 0.095 0.1751
106.0 -1.0938 0.0771 0.1903 -1.0796 0.112 0.156 -1.0573 0.1052 0.1652 -1.048 0.1022 0.1692 -1.0348 0.0973 0.1755 -1.0199 0.0871 0.1874 -1.07 0.1072 0.1619 -1.0588 0.1032 0.1671 -1.049 0.0978 0.1736 -1.0397 0.0899 0.1826 -1.0622 0.095 0.1751
106.0 -1.0938 0.0771 0.1903 -1.0796 0.112 0.156 -1.0573 0.1052 0.1652 -1.048 0.1022 0.1692 -1.0348 0.0973 0.1755 -1.0199 0.0871 0.1874 -1.07 0.1072 0.1619 -1.0588 0.1032 0.1671 -1.049 0.0978 0.1736 -1.0397 0.0899 0.1826 -1.0622 0.095 0.1751
109.0 -1.1358 0.091 0.172 -1.1117 0.1144 0.1504 -1.1067 0.1157 0.1496 -1.1011 0.114 0.1519 -1.0938 0.1125 0.1541 -1.0792 0.1047 0.1635 -1.1193 0.1121 0.152 -1.1129 0.1111 0.1536 -1.1064 0.109 0.1565 -1.0987 0.1051 0.1611 -1.1146 0.1057 0.159
109.0 -1.1358 0.091 0.172 -1.1117 0.1144 0.1504 -1.1067 0.1157 0.1496 -1.1011 0.114 0.1519 -1.0938 0.1125 0.1541 -1.0792 0.1047 0.1635 -1.1193 0.1121 0.152 -1.1129 0.1111 0.1536 -1.1064 0.109 0.1565 -1.0987 0.1051 0.1611 -1.1146 0.1057 0.159
109.0 -1.1358 0.091 0.172 -1.1117 0.1144 0.1504 -1.1067 0.1157 0.1496 -1.1011 0.114 0.1519 -1.0938 0.1125 0.1541 -1.0792 0.1047 0.1635 -1.1193 0.1121 0.152 -1.1129 0.1111 0.1536 -1.1064 0.109 0.1565 -1.0987 0.1051 0.1611 -1.1146 0.1057 0.159
109.0 -1.1358 0.091 0.172 -1.1117 0.1144 0.1504 -1.1067 0.1157 0.1496 -1.1011 0.114 0.1519 -1.0938 0.1125 0.1541 -1.0792 0.1047 0.1635 -1.1193 0.1121 0.152 -1.1129 0.1111 0.1536 -1.1064 0.109 0.1565 -1.0987 0.1051 0.1611 -1.1146 0.1057 0.159
109.0 -1.1358 0.091 0.172 -1.1117 0.1144 0.1504 -1.1067 0.1157 0.1496 -1.1011 0.114 0.1519 -1.0938 0.1125 0.1541 -1.0792 0.1047 0.1635 -1.1193 0.1121 0.152 -1.1129 0.1111 0.1536 -1.1064 0.109 0.1565 -1.0987 0.1051 0.1611 -1.1146 0.1057 0.159
109.0 -1.1358 0.091 0.172 -1.1117 0.1144 0.1504 -1.1067 0.1157 0.1496 -1.1011 0.114 0.1519 -1.0938 0.1125 0.1541 -1.0792 0.1047 0.1635 -1.1193 0.1121 0.152 -1.1129 0.1111 0.1536 -1.1064 0.109 0.1565 -1.0987 0.1051 0.1611 -1.1146 0.1057 0.159
109.0 -1.1358 0.091 0.172 -1.1117 0.1144 0.1504 -1.1067 0.1157 0.1496 -1.1011 0.114 0.1519 -1.0938 0.1125 0.1541 -1.0792 0.1047 0.1635 -1.1193 0.1121 0.152 -1.1129 0.1111 0.1536 -1.1064 0.109 0.1565 -1.0987 0.1051 0.1611 -1.1146 0.1057 0.159
109.0 -1.1358 0.091 0.172 -1.1117 0.1144 0.1504 -1.1067 0.1157 0.1496 -1.1011 0.114 0.1519 -1.0938 0.1125 0.1541 -1.0792 0.1047 0.1635 -1.1193 0.1121 0.152 -1.1129 0.1111 0.1536 -1.1064 0.109 0.1565 -1.0987 0.1051 0.1611 -1.1146 0.1057 0.159
109.0 -1.1358 0.091 0.172 -1.1117 0.1144 0.1504 -1.1067 0.1157 0.1496 -1.1011 0.114 0.1519 -1.0938 0.1125 0.1541 -1.0792 0.1047 0.1635 -1.1193 0.1121 0.152 -1.1129 0.1111 0.1536 -1.1064 0.109 0.1565 -1.0987 0.1051 0.1611 -1.1146 0.1057 0.159
109.0 -1.1358 0.091 0.172 -1.1117 0.1144 0.1504 -1.1067 0.1157 0.1496 -1.1011 0.114 0.1519 -1.0938 0.1125 0.1541 -1.0792 0.1047 0.1635 -1.1193 0.1121 0.152 -1.1129 0.1111 0.1536 -1.1064 0.109 0.1565 -1.0987 0.1051 0.1611 -1.1146 0.1057 0.159
109.0 -1.1358 0.091 0.172 -1.1117 0.1144 0.1504 -1.1067 0.1157 0.1496 -1.1011 0.114 0.1519 -1.0938 0.1125 0.1541 -1.0792 0.1047 0.1635 -1.1193 0.1121 0.152 -1.1129 0.1111 0.1536 -1.1064 0.109 0.1565 -1.0987 0.1051 0.1611 -1.1146 0.1057 0.159
109.0 -1.1358 0.091 0.172 -1.1117 0.1144 0.1504 -1.1067 0.1157 0.1496 -1.1011 0.114 0.1519 -1.0938 0.1125 0.1541 -1.0792 0.1047 0.1635 -1.1193 0.1121 0.152 -1.1129 0.1111 0.1536 -1.1064 0.109 0.1565 -1.0987 0.1051 0.1611 -1.1146 0.1057 0.159
109.0 -1.1358 0.091 0.172 -1.1117 0.1144 0.1504 -1.1067 0.1157 0.1496 -1.1011 0.114 0.1519 -1.0938 0.1125 0.1541 -1.0792 0.1047 0.1635 -1.1193 0.1121 0.152 -1.1129 0.1111 0.1536 -1.1064 0.109 0.1565 -1.0987 0.1051 0.1611 -1.1146 0.1057 0.159
109.0 -1.1358 0.091 0.172 -1.1117 0.1144 0.1504 -1.1067 0.1157 0.1496 -1.1011 0.114 0.1519 -1.0938 0.1125 0.1541 -1.0792 0.1047 0.1635 -1.1193 0.1121 0.152 -1.1129 0.1111 0.1536 -1.1064 0.109 0.1565 -1.0987 0.1051 0.1611 -1.1146 0.1057 0.159
109.0 -1.1358 0.091 0.172 -1.1117 0.1144 0.1504 -1.1067 0.1157 0.1496 -1.1011 0.114 0.1519 -1.0938 0.1125 0.1541 -1.0792 0.1047 0.1635 -1.1193 0.1121 0.152 -1.1129 0.1111 0.1536 -1.1064 0.109 0.1565 -1.0987 0.1051 0.1611 -1.1146 0.1057 0.159
109.0 -1.1358 0.091 0.172 -1.1117 0.1144 0.1504 -1.1067 0.1157 0.1496 -1.1011 0.114 0.1519 -1.0938 0.1125 0.1541 -1.0792 0.1047 0.1635 -1.1193 0.1121 0.152 -1.1129 0.1111 0.1536 -1.1064 0.109 0.1565 -1.0987 0.1051 0.1611 -1.1146 0.1057 0.159
109.0 -1.1358 0.091 0.172 -1.1117 0.1144 0.1504 -1.1067 0.1157 0.1496 -1.1011 0.114 0.1519 -1.0938 0.1125 0.1541 -1.0792 0.1047 0.1635 -1.1193 0.1121 0.152 -1.1129 0.1111 0.1536 -1.1064 0.109 0.1565 -1.0987 0.1051 0.1611 -1.1146 0.1057 0.159
109.0 -1.1358 0.091 0.172 -1.1117 0.1144 0.1504 -1.1067 0.1157 0.1496 -1.1011 0.114 0.1519 -1.0938 0.1125 0.1541 -1.0792 0.1047 0.1635 -1.1193 0.1121 0.152 -1.1129 0.1111 0.1536 -1.1064 0.109 0.1565 -1.0987 0.1051 0.1611 -1.1146 0.1057 0.159
109.0 -1.1358 0.091 0.172 -1.1117 0.1144 0.1504 -1.1067 0.1157 0.1496 -1.1011 0.114 0.1519 -1.0938 0.1125 0.1541 -1.0792 0.1047 0.1635 -1.1193 0.1121 0.152 -1.1129 0.1111 0.1536 -1.1064 0.109 0.1565 -1.0987 0.1051 0.1611 -1.1146 0.1057 0.159
109.0 -1.1358 0.091 0.172 -1.1117 0.1144 0.1504 -1.1067 0.1157 0.1496 -1.1011 0.114 0.1519 -1.0938 0.1125 0.1541 -1.0792 0.1047 0.1635 -1.1193 0.1121 0.152 -1.1129 0.1111 0.1536 -1.1064 0.109 0.1565 -1.0987 0.1051 0.1611 -1.1146 0.1057 0.159
109.0 -1.1358 0.091 0.172 -1.1117 0.1144 0.1504 -1.1067 0.1157 0.1496 -1.1011 0.114 0.1519 -1.0938 0.1125 0.1541 -1.0792 0.1047 0.1635 -1.1193 0.1121 0.152 -1.1129 0.1111 0.1536 -1.1064 0.109 0.1565 -1.0987 0.1051 0.1611 -1.1146 0.1057 0.159
130.0 -1.2032 0.0892 0.1671 -1.1959 0.1427 0.1131 -1.2148 0.145 0.1088 -1.2116 0.1418 0.1124 -1.208 0.1368 0.1179 -1.2051 0.1299 0.1253 -1.2058 0.1243 0.131 -1.2046 0.122 0.1334 -1.2032 0.1191 0.1365 -1.2016 0.1151 0.1408 -1.2037 0.1139 0.1417
130.0 -1.2032 0.0892 0.1671 -1.1959 0.1427 0.1131 -1.2148 0.145 0.1088 -1.2116 0.1418 0.1124 -1.208 0.1368 0.1179 -1.2051 0.1299 0.1253 -1.2058 0.1243 0.131 -1.2046 0.122 0.1334 -1.2032 0.1191 0.1365 -1.2016 0.1151 0.1408 -1.2037 0.1139 0.1417
130.0 -1.2032 0.0892 0.1671 -1.1959 0.1427 0.1131 -1.2148 0.145 0.1088 -1.2116 0.1418 0.1124 -1.208 0.1368 0.1179 -1.2051 0.1299 0.1253 -1.2058 0.1243 0.131 -1.2046 0.122 0.1334 -1.2032 0.1191 0.1365 -1.2016 0.1151 0.1408 -1.2037 0.1139 0.1417
130.0 -1.2032 0.0892 0.1671 -1.1959 0.1427 0.1131 -1.2148 0.145 0.1088 -1.2116 0.1418 0.1124 -1.208 0.1368 0.1179 -1.2051 0.1299 0.1253 -1.2058 0.1243 0.131 -1.2046 0.122 0.1334 -1.2032 0.1191 0.1365 -1.2016 0.1151 0.1408 -1.2037 0.1139 0.1417
130.0 -1.2032 0.0892 0.1671 -1.1959 0.1427 0.1131 -1.2148 0.145 0.1088 -1.2116 0.1418 0.1124 -1.208 0.1368 0.1179 -1.2051 0.1299 0.1253 -1.2058 0.1243 0.131 -1.2046 0.122 0.1334 -1.2032 0.1191 0.1365 -1.2016 0.1151 0.1408 -1.2037 0.1139 0.1417
130.0 -1.2032 0.0892 0.1671 -1.1959 0.1427 0.1131 -1.2148 0.145 0.1088 -1.2116 0.1418 0.1124 -1.208 0.1368 0.1179 -1.2051 0.1299 0.1253 -1.2058 0.1243 0.131 -1.2046 0.122 0.1334 -1.2032 0.1191 0.1365 -1.2016 0.1151 0.1408 -1.2037 0.1139 0.1417
130.0 -1.2032 0.0892 0.1671 -1.1959 0.1427 0.1131 -1.2148 0.145 0.1088 -1.2116 0.1418 0.1124 -1.208 0.1368 0.1179 -1.2051 0.1299 0.1253 -1.2058 0.1243 0.131 -1.2046 0.122 0.1334 -1.2032 0.1191 0.1365 -1.2016 0.1151 0.1408 -1.2037 0.1139 0.1417
130.0 -1.2032 0.0892 0.1671 -1.1959 0.1427 0.1131 -1.2148 0.145 0.1088 -1.2116 0.1418 0.1124 -1.208 0.1368 0.1179 -1.2051 0.1299 0.1253 -1.2058 0.1243 0.131 -1.2046 0.122 0.1334 -1.2032 0.1191 0.1365 -1.2016 0.1151 0.1408 -1.2037 0.1139 0.1417
130.0 -1.2032 0.0892 0.1671 -1.1959 0.1427 0.1131 -1.2148 0.145 0.1088 -1.2116 0.1418 0.1124 -1.208 0.1368 0.1179 -1.2051 0.1299 0.1253 -1.2058 0.1243 0.131 -1.2046 0.122 0.1334 -1.2032 0.1191 0.1365 -1.2016 0.1151 0.1408 -1.2037 0.1139 0.1417
130.0 -1.2032 0.0892 0.1671 -1.1959 0.1427 0.1131 -1.2148 0.145 0.1088 -1.2116 0.1418 0.1124 -1.208 0.1368 0.1179 -1.2051 0.1299 0.1253 -1.2058 0.1243 0.131 -1.2046 0.122 0.1334 -1.2032 0.1191 0.1365 -1.2016 0.1151 0.1408 -1.2037 0.1139 0.1417
130.0 -1.2032 0.0892 0.1671 -1.1959 0.1427 0.1131 -1.2148 0.145 0.1088 -1.2116 0.1418 0.1124 -1.208 0.1368 0.1179 -1.2051 0.1299 0.1253 -1.2058 0.1243 0.131 -1.2046 0.122 0.1334 -1.2032 0.1191 0.1365 -1.2016 0.1151 0.1408 -1.2037 0.1139 0.1417
130.0 -1.2032 0.0892 0.1671 -1.1959 0.1427 0.1131 -1.2148 0.145 0.1088 -1.2116 0.1418 0.1124 -1.208 0.1368 0.1179 -1.2051 0.1299 0.1253 -1.2058 0.1243 0.131 -1.2046 0.122 0.1334 -1.2032 0.1191 0.1365 -1.2016 0.1151 0.1408 -1.2037 0.1139 0.1417
130.0 -1.2032 0.0892 0.1671 -1.1959 0.1427 0.1131 -1.2148 0.145 0.1088 -1.2116 0.1418 0.1124 -1.208 0.1368 0.1179 -1.2051 0.1299 0.1253 -1.2058 0.1243 0.131 -1.2046 0.122 0.1334 -1.2032 0.1191 0.1365 -1.2016 0.1151 0.1408 -1.2037 0.1139 0.1417
