1.0 -1.0949 0.1136 0.1529 -1.1041 0.091 0.1751 -1.0723 0.1252 0.1433 -1.0789 0.1328 0.1348 -1.0879 0.139 0.1276 -1.099 0.1423 0.1231 -1.0848 0.1113 0.1562 -1.0865 0.1208 0.1463 -1.0904 0.1282 0.1383 -1.0956 0.133 0.1329 -1.0904 0.1214 0.1453
2.0 -1.0969 0.1103 0.1561 -1.1055 0.0938 0.172 -1.0751 0.126 0.1421 -1.0807 0.1332 0.1342 -1.0895 0.1381 0.1283 -1.0989 0.1417 0.1237 -1.0831 0.1115 0.1562 -1.0846 0.1205 0.1469 -1.0893 0.1272 0.1396 -1.0954 0.1318 0.1342 -1.0899 0.1202 0.1466
3.0 -1.0937 0.1119 0.1547 -1.1052 0.092 0.1739 -1.0742 0.1261 0.1421 -1.0822 0.1318 0.1355 -1.0895 0.1381 0.1283 -1.0989 0.1417 0.1237 -1.0832 0.1121 0.1556 -1.0855 0.1203 0.1469 -1.0893 0.1272 0.1396 -1.0953 0.1312 0.1348 -1.0894 0.1206 0.1463
4.0 -1.0946 0.1118 0.1547 -1.107 0.0924 0.1733 -1.0731 0.1251 0.1433 -1.0762 0.1326 0.1353 -1.0837 0.1401 0.1268 -1.0959 0.1446 0.1211 -1.0853 0.1094 0.1581 -1.087 0.1189 0.1482 -1.091 0.1263 0.1402 -1.0953 0.1312 0.1348 -1.0906 0.1195 0.1472
5.0 -1.0945 0.1112 0.1554 -1.1093 0.0903 0.1753 -1.073 0.1245 0.1439 -1.0771 0.1325 0.1353 -1.0837 0.1401 0.1268 -1.0969 0.1451 0.1205 -1.0862 0.1093 0.1582 -1.087 0.1189 0.1482 -1.091 0.1263 0.1402 -1.0953 0.1312 0.1348 -1.0908 0.1194 0.1474
6.0 -1.0941 0.1094 0.1572 -1.1098 0.0932 0.1722 -1.0735 0.1269 0.1414 -1.0808 0.1338 0.1336 -1.0889 0.1394 0.127 -1.0993 0.1435 0.1218 -1.0821 0.111 0.1568 -1.0845 0.1199 0.1475 -1.0892 0.1266 0.1402 -1.0961 0.1305 0.1354 -1.0892 0.1195 0.1474
7.0 -1.0937 0.1119 0.1547 -1.1078 0.0917 0.174 -1.0738 0.1238 0.1446 -1.0769 0.1313 0.1366 -1.0854 0.1399 0.1269 -1.0975 0.1438 0.1218 -1.0846 0.1101 0.1575 -1.0862 0.119 0.1482 -1.09 0.1258 0.1408 -1.096 0.1299 0.1361 -1.0901 0.1194 0.1475
8.0 -1.0952 0.1105 0.156 -1.1096 0.0921 0.1734 -1.0732 0.1257 0.1427 -1.0799 0.1333 0.1342 -1.088 0.1396 0.127 -1.0983 0.1431 0.1224 -1.0837 0.1102 0.1574 -1.0854 0.1198 0.1475 -1.0901 0.1264 0.1402 -1.0962 0.1311 0.1348 -1.0901 0.1196 0.1472
9.0 -1.0935 0.1107 0.156 -1.1067 0.0906 0.1752 -1.0725 0.1264 0.142 -1.0781 0.1336 0.1341 -1.0863 0.1398 0.1269 -1.0985 0.1442 0.1212 -1.0838 0.1108 0.1568 -1.0854 0.1198 0.1475 -1.0891 0.126 0.1408 -1.0951 0.13 0.136 -1.0894 0.1195 0.1474
10.0 -1.096 0.1098 0.1567 -1.1093 0.0958 0.1697 -1.0752 0.1217 0.1465 -1.0796 0.1315 0.1361 -1.0861 0.1386 0.1282 -1.0948 0.1435 0.1223 -1.0851 0.1082 0.1594 -1.0868 0.1177 0.1494 -1.0907 0.1251 0.1415 -1.0951 0.13 0.136 -1.0908 0.1182 0.1486
11.0 -1.0955 0.1123 0.1542 -1.105 0.0908 0.1751 -1.0736 0.1226 0.1458 -1.0785 0.1305 0.1373 -1.0859 0.1374 0.1294 -1.0972 0.142 0.1236 -1.0863 0.1099 0.1575 -1.087 0.1189 0.1482 -1.0901 0.1264 0.1402 -1.0945 0.1314 0.1348 -1.0907 0.1198 0.147
12.0 -1.0922 0.1133 0.1534 -1.1078 0.0917 0.174 -1.073 0.1245 0.1439 -1.0787 0.1317 0.136 -1.0868 0.1379 0.1288 -1.0966 0.1433 0.1223 -1.084 0.112 0.1556 -1.0855 0.1203 0.1469 -1.0902 0.127 0.1396 -1.0945 0.1314 0.1348 -1.0893 0.1208 0.146
13.0 -1.0927 0.1163 0.1503 -1.1053 0.0926 0.1733 -1.075 0.1205 0.1477 -1.0783 0.1293 0.1385 -1.0873 0.1354 0.1314 -1.0986 0.14 0.1255 -1.0841 0.1126 0.155 -1.0857 0.1215 0.1457 -1.0897 0.1289 0.1377 -1.0958 0.1336 0.1323 -1.0896 0.1226 0.1442
14.0 -1.093 0.1126 0.1541 -1.105 0.0908 0.1751 -1.0721 0.124 0.1445 -1.077 0.1319 0.136 -1.0845 0.1394 0.1275 -1.0968 0.1445 0.1211 -1.0854 0.11 0.1575 -1.0862 0.119 0.1482 -1.09 0.1258 0.1408 -1.0951 0.13 0.136 -1.0899 0.1195 0.1473
15.0 -1.0947 0.1124 0.1541 -1.1078 0.0917 0.174 -1.0741 0.1207 0.1477 -1.0774 0.1294 0.1385 -1.0841 0.1376 0.1294 -1.0964 0.1421 0.1236 -1.0839 0.1114 0.1562 -1.0846 0.1205 0.1469 -1.0894 0.1278 0.1389 -1.0946 0.1319 0.1341 -1.0895 0.1208 0.1461
16.0 -1.0946 0.1118 0.1547 -1.1068 0.0912 0.1746 -1.0722 0.1246 0.1439 -1.0745 0.1328 0.1352 -1.0845 0.1394 0.1275 -1.0983 0.1431 0.1224 -1.0846 0.1101 0.1575 -1.0853 0.1192 0.1481 -1.09 0.1258 0.1408 -1.0952 0.1306 0.1354 -1.0899 0.1195 0.1473
17.0 -1.0928 0.112 0.1547 -1.1026 0.0924 0.1738 -1.0725 0.1264 0.142 -1.0798 0.1327 0.1348 -1.0894 0.1375 0.1289 -1.099 0.1423 0.1231 -1.0806 0.1125 0.1555 -1.0829 0.1207 0.1468 -1.0875 0.1268 0.1401 -1.0944 0.1308 0.1354 -1.0877 0.1205 0.1465
18.0 -1.0925 0.1151 0.1515 -1.1073 0.0893 0.1765 -1.0721 0.124 0.1445 -1.0796 0.1315 0.1361 -1.0909 0.1361 0.1302 -1.1014 0.1408 0.1244 -1.0832 0.1121 0.1556 -1.084 0.1218 0.1456 -1.0887 0.1285 0.1383 -1.0948 0.1331 0.1329 -1.0886 0.1221 0.1448
19.0 -1.0937 0.1119 0.1547 -1.1052 0.092 0.1739 -1.0713 0.1247 0.1439 -1.0796 0.1315 0.1361 -1.0891 0.1357 0.1308 -1.0996 0.1404 0.125 -1.0817 0.1135 0.1542 -1.0831 0.1219 0.1456 -1.0877 0.128 0.1389 -1.0936 0.1315 0.1347 -1.088 0.1214 0.1456
20.0 -1.0947 0.1124 0.1541 -1.1014 0.0907 0.1756 -1.0723 0.1252 0.1433 -1.0796 0.1315 0.1361 -1.0876 0.1372 0.1295 -1.0989 0.1417 0.1237 -1.0823 0.1122 0.1555 -1.0839 0.1212 0.1462 -1.0885 0.1273 0.1395 -1.0945 0.1314 0.1348 -1.0888 0.1209 0.146
21.0 -1.0921 0.1127 0.154 -1.1077 0.0911 0.1746 -1.0735 0.122 0.1464 -1.0777 0.1312 0.1366 -1.0862 0.1392 0.1276 -1.0984 0.1437 0.1218 -1.0822 0.1116 0.1561 -1.0846 0.1205 0.1469 -1.0892 0.1266 0.1402 -1.0951 0.13 0.136 -1.0887 0.1203 0.1466
22.0 -1.0938 0.1125 0.1541 -1.105 0.0908 0.1751 -1.0724 0.1258 0.1426 -1.0788 0.1322 0.1354 -1.0885 0.1377 0.1289 -1.0999 0.1422 0.1231 -1.084 0.112 0.1556 -1.0848 0.1211 0.1462 -1.0893 0.1272 0.1396 -1.0953 0.1312 0.1348 -1.0895 0.1208 0.1461
23.0 -1.0937 0.1119 0.1547 -1.1037 0.0935 0.1726 -1.0723 0.1252 0.1433 -1.0778 0.1318 0.136 -1.0861 0.1386 0.1282 -1.0965 0.1427 0.123 -1.0854 0.11 0.1575 -1.0863 0.1196 0.1476 -1.09 0.1258 0.1408 -1.0952 0.1306 0.1354 -1.0901 0.1196 0.1472
24.0 -1.0918 0.1158 0.1509 -1.1042 0.0916 0.1745 -1.0793 0.1151 0.1529 -1.078 0.1275 0.1404 -1.0875 0.1366 0.1301 -1.099 0.1423 0.1231 -1.0824 0.1128 0.1549 -1.0849 0.1217 0.1456 -1.0894 0.1278 0.1389 -1.0946 0.1319 0.1341 -1.0886 0.122 0.1449
25.0 -1.0941 0.1143 0.1522 -1.1025 0.0918 0.1744 -1.0718 0.1222 0.1464 -1.0747 0.1291 0.139 -1.0842 0.1382 0.1287 -1.0982 0.1425 0.123 -1.0866 0.1116 0.1557 -1.0882 0.1206 0.1464 -1.0919 0.1268 0.1397 -1.0963 0.1317 0.1342 -1.0914 0.121 0.1456
26.0 -1.0913 0.1183 0.1484 -1.1059 0.0913 0.1745 -1.0828 0.1097 0.158 -1.0786 0.1262 0.1416 -1.0862 0.1343 0.1326 -1.0977 0.1395 0.1261 -1.0817 0.1135 0.1542 -1.0841 0.1224 0.145 -1.0897 0.1289 0.1377 -1.0958 0.1336 0.1323 -1.0885 0.1234 0.1435
27.0 -1.0957 0.1135 0.1529 -1.1045 0.0933 0.1726 -1.0761 0.1167 0.1515 -1.0806 0.1277 0.1398 -1.0897 0.1344 0.1321 -1.1001 0.1385 0.1269 -1.0808 0.1137 0.1542 -1.0832 0.1225 0.1449 -1.0888 0.1291 0.1377 -1.0956 0.133 0.1329 -1.0888 0.1223 0.1445
28.0 -1.0952 0.1154 0.151 -1.1045 0.0933 0.1726 -1.0767 0.1203 0.1478 -1.0767 0.1301 0.1378 -1.0866 0.1367 0.1301 -1.101 0.1433 0.1219 -1.0818 0.1141 0.1536 -1.085 0.1223 0.145 -1.0904 0.1282 0.1383 -1.0981 0.1321 0.1336 -1.0901 0.1224 0.1443
29.0 -1.0956 0.1129 0.1535 -1.1028 0.0936 0.1725 -1.0718 0.1222 0.1464 -1.0776 0.1306 0.1372 -1.0875 0.1366 0.1301 -1.0989 0.1417 0.1237 -1.081 0.1148 0.153 -1.0842 0.123 0.1443 -1.0905 0.1288 0.1377 -1.0972 0.1316 0.1342 -1.0897 0.1222 0.1446
30.0 -1.0965 0.1128 0.1536 -1.1023 0.0955 0.1707 -1.0754 0.1229 0.1453 -1.0841 0.1273 0.14 -1.0935 0.1309 0.1353 -1.0998 0.1367 0.1287 -1.078 0.1177 0.1504 -1.082 0.1257 0.1418 -1.0891 0.1309 0.1358 -1.0976 0.134 0.1318 -1.0886 0.1242 0.1426
31.0 -1.0963 0.1116 0.1548 -1.1047 0.0945 0.1714 -1.0721 0.124 0.1445 -1.0792 0.1297 0.1379 -1.0898 0.135 0.1315 -1.0994 0.1392 0.1262 -1.0825 0.1134 0.1543 -1.085 0.1223 0.145 -1.0913 0.1281 0.1384 -1.0981 0.1321 0.1336 -1.0906 0.1215 0.1452
32.0 -1.0929 0.1175 0.1491 -1.1021 0.0943 0.1719 -1.0831 0.1115 0.1562 -1.0762 0.1277 0.1403 -1.0864 0.1355 0.1313 -1.099 0.1423 0.1231 -1.0819 0.1147 0.153 -1.0851 0.1228 0.1444 -1.0906 0.1294 0.1371 -1.0975 0.1334 0.1324 -1.0896 0.1236 0.1432
33.0 -1.0936 0.1162 0.1503 -1.1055 0.0938 0.172 -1.0726 0.1221 0.1464 -1.0767 0.1301 0.1378 -1.0876 0.1372 0.1295 -1.098 0.1413 0.1243 -1.0833 0.1127 0.1549 -1.085 0.1223 0.145 -1.0905 0.1288 0.1377 -1.0966 0.1335 0.1323 -1.0898 0.1227 0.1441
34.0 -1.0926 0.1157 0.1509 -1.1062 0.0931 0.1727 -1.0714 0.1253 0.1432 -1.0762 0.1326 0.1353 -1.0877 0.1378 0.1289 -1.0987 0.1406 0.1249 -1.0809 0.1142 0.1536 -1.0835 0.1237 0.1437 -1.0881 0.1304 0.1364 -1.0951 0.1349 0.131 -1.088 0.1238 0.1431
35.0 -1.0923 0.1139 0.1528 -1.1029 0.0991 0.1669 -1.0734 0.1214 0.1471 -1.0786 0.1311 0.1366 -1.0881 0.1353 0.1314 -1.0963 0.1366 0.1292 -1.0824 0.1128 0.1549 -1.0849 0.1217 0.1456 -1.0896 0.1284 0.1383 -1.0949 0.1337 0.1323 -1.0888 0.1221 0.1448
36.0 -1.0806 0.1277 0.1398 -1.1085 0.091 0.1746 -1.0835 0.1041 0.1637 -1.0791 0.1139 0.1541 -1.0731 0.1348 0.1333 -1.0823 0.1422 0.1249 -1.0844 0.104 0.1637 -1.0878 0.1133 0.1539 -1.0913 0.1232 0.1434 -1.0931 0.1334 0.1328 -1.0874 0.1203 0.1467
37.0 -1.0874 0.1158 0.1513 -1.1103 0.0859 0.1797 -1.0624 0.1192 0.1504 -1.0621 0.1321 0.1372 -1.0661 0.1401 0.1287 -1.0711 0.1437 0.1245 -1.0841 0.1022 0.1656 -1.0861 0.1136 0.1538 -1.0887 0.1236 0.1433 -1.0901 0.1313 0.1352 -1.0873 0.1173 0.1498
38.0 -1.1031 0.0905 0.1757 -1.0493 0.1246 0.1461 -1.055 0.1373 0.1326 -1.0647 0.1372 0.1317 -1.0746 0.1334 0.1346 -1.0831 0.1317 0.1356 -1.0643 0.1196 0.1498 -1.0745 0.123 0.1452 -1.0844 0.1242 0.1431 -1.0947 0.1228 0.1435 -1.0842 0.116 0.1515
39.0 -1.1062 0.0876 0.1783 -1.0387 0.1193 0.1526 -1.04 0.132 0.1395 -1.0438 0.1382 0.1328 -1.0493 0.1399 0.1305 -1.0588 0.1386 0.1309 -1.0632 0.1087 0.161 -1.0715 0.1155 0.1532 -1.0792 0.1194 0.1485 -1.0884 0.1218 0.1451 -1.0817 0.1106 0.1572
39.0 -1.1062 0.0876 0.1783 -1.0387 0.1193 0.1526 -1.04 0.132 0.1395 -1.0438 0.1382 0.1328 -1.0493 0.1399 0.1305 -1.0588 0.1386 0.1309 -1.0632 0.1087 0.161 -1.0715 0.1155 0.1532 -1.0792 0.1194 0.1485 -1.0884 0.1218 0.1451 -1.0817 0.1106 0.1572
41.0 -1.1147 0.0962 0.1686 -1.0395 0.0936 0.1788 -1.0126 0.1106 0.1641 -1.0102 0.1226 0.1521 -1.0148 0.1287 0.1454 -1.0251 0.1322 0.1408 -1.0542 0.0922 0.1788 -1.0537 0.1045 0.1663 -1.057 0.1132 0.157 -1.0633 0.1191 0.1504 -1.0686 0.105 0.1642
42.0 -1.1135 0.0946 0.1705 -1.0232 0.0909 0.1832 -0.991 0.1081 0.1688 -0.9896 0.1205 0.1563 -0.9927 0.128 0.1483 -1.0052 0.1287 0.1463 -1.0407 0.0855 0.187 -1.0393 0.0979 0.1745 -1.0418 0.1067 0.1652 -1.0484 0.1144 0.1567 -1.0567 0.0998 0.1708
43.0 -1.1003 0.0945 0.1718 -0.9981 0.1034 0.1729 -0.9711 0.115 0.1637 -0.9677 0.1155 0.1636 -0.9722 0.1112 0.1675 -0.9872 0.1013 0.1762 -1.0283 0.1 0.1734 -1.0295 0.0968 0.1766 -1.0321 0.0915 0.1817 -1.0378 0.084 0.1888 -1.0456 0.0934 0.1785
44.0 -1.0816 0.0928 0.1755 -0.9855 0.0819 0.1961 -0.9479 0.098 0.1834 -0.9456 0.1099 0.1715 -0.949 0.1192 0.1616 -0.9628 0.1229 0.1565 -1.0096 0.0787 0.197 -1.0081 0.0905 0.1851 -1.0108 0.1005 0.1746 -1.0158 0.109 0.1654 -1.0252 0.0943 0.1795
45.0 -1.0602 0.0914 0.179 -0.9694 0.0804 0.1992 -0.9312 0.0929 0.1903 -0.9264 0.1058 0.1776 -0.927 0.1143 0.1689 -0.9424 0.1171 0.1645 -0.9928 0.0785 0.1989 -0.9912 0.0891 0.1882 -0.9918 0.0976 0.1795 -0.9955 0.1038 0.1728 -1.0063 0.0921 0.1837
46.0 -1.0345 0.0906 0.1824 -0.9338 0.0981 0.1847 -0.9049 0.0989 0.1867 -0.9011 0.1019 0.1841 -0.9056 0.1025 0.183 -0.9195 0.0969 0.1873 -0.9638 0.0885 0.1915 -0.9651 0.0859 0.1941 -0.9689 0.0823 0.1973 -0.9751 0.0778 0.2013 -0.9815 0.085 0.1933
47.0 -1.0208 0.0875 0.1869 -0.9308 0.071 0.2127 -0.8889 0.0828 0.2049 -0.884 0.095 0.1928 -0.8867 0.105 0.1823 -0.9039 0.1082 0.1773 -0.9559 0.0682 0.2131 -0.9528 0.0808 0.2005 -0.9528 0.0912 0.1898 -0.9571 0.1004 0.18 -0.9679 0.0857 0.194
48.0 -0.999 0.0838 0.1929 -0.9082 0.0673 0.2187 -0.8694 0.0768 0.2128 -0.8659 0.092 0.1977 -0.8712 0.1022 0.1867 -0.8923 0.1073 0.1794 -0.9374 0.0634 0.2198 -0.9352 0.0759 0.2073 -0.9362 0.0867 0.1961 -0.9407 0.0971 0.185 -0.9497 0.0814 0.2002
49.0 -0.9537 0.0758 0.2055 -0.8329 0.0647 0.2289 -0.8093 0.0703 0.2255 -0.8116 0.0834 0.2119 -0.8128 0.09 0.205 -0.8384 0.0957 0.1967 -0.8712 0.057 0.2329 -0.8745 0.0658 0.2237 -0.8804 0.0741 0.2145 -0.8897 0.082 0.2055 -0.8939 0.071 0.2164
50.0 -0.9131 0.0752 0.2102 -0.8281 0.047 0.2475 -0.8066 0.0548 0.2416 -0.8082 0.0637 0.2323 -0.8097 0.0727 0.223 -0.8121 0.0864 0.2087 -0.8544 0.0514 0.2404 -0.8527 0.062 0.2297 -0.8528 0.0724 0.2191 -0.8536 0.082 0.2091 -0.8653 0.0686 0.2217
51.0 -0.8834 0.0713 0.2171 -0.8121 0.0461 0.25 -0.805 0.0458 0.2509 -0.8062 0.0524 0.2441 -0.8075 0.0601 0.236 -0.8094 0.0709 0.2249 -0.8321 0.0446 0.2495 -0.8286 0.0549 0.2394 -0.8261 0.0656 0.2286 -0.8243 0.0756 0.2186 -0.8389 0.0624 0.2306
51.0 -0.8834 0.0713 0.2171 -0.8121 0.0461 0.25 -0.805 0.0458 0.2509 -0.8062 0.0524 0.2441 -0.8075 0.0601 0.236 -0.8094 0.0709 0.2249 -0.8321 0.0446 0.2495 -0.8286 0.0549 0.2394 -0.8261 0.0656 0.2286 -0.8243 0.0756 0.2186 -0.8389 0.0624 0.2306
51.0 -0.8834 0.0713 0.2171 -0.8121 0.0461 0.25 -0.805 0.0458 0.2509 -0.8062 0.0524 0.2441 -0.8075 0.0601 0.236 -0.8094 0.0709 0.2249 -0.8321 0.0446 0.2495 -0.8286 0.0549 0.2394 -0.8261 0.0656 0.2286 -0.8243 0.0756 0.2186 -0.8389 0.0624 0.2306
51.0 -0.8834 0.0713 0.2171 -0.8121 0.0461 0.25 -0.805 0.0458 0.2509 -0.8062 0.0524 0.2441 -0.8075 0.0601 0.236 -0.8094 0.0709 0.2249 -0.8321 0.0446 0.2495 -0.8286 0.0549 0.2394 -0.8261 0.0656 0.2286 -0.8243 0.0756 0.2186 -0.8389 0.0624 0.2306
51.0 -0.8834 0.0713 0.2171 -0.8121 0.0461 0.25 -0.805 0.0458 0.2509 -0.8062 0.0524 0.2441 -0.8075 0.0601 0.236 -0.8094 0.0709 0.2249 -0.8321 0.0446 0.2495 -0.8286 0.0549 0.2394 -0.8261 0.0656 0.2286 -0.8243 0.0756 0.2186 -0.8389 0.0624 0.2306
51.0 -0.8834 0.0713 0.2171 -0.8121 0.0461 0.25 -0.805 0.0458 0.2509 -0.8062 0.0524 0.2441 -0.8075 0.0601 0.236 -0.8094 0.0709 0.2249 -0.8321 0.0446 0.2495 -0.8286 0.0549 0.2394 -0.8261 0.0656 0.2286 -0.8243 0.0756 0.2186 -0.8389 0.0624 0.2306
51.0 -0.8834 0.0713 0.2171 -0.8121 0.0461 0.25 -0.805 0.0458 0.2509 -0.8062 0.0524 0.2441 -0.8075 0.0601 0.236 -0.8094 0.0709 0.2249 -0.8321 0.0446 0.2495 -0.8286 0.0549 0.2394 -0.8261 0.0656 0.2286 -0.8243 0.0756 0.2186 -0.8389 0.0624 0.2306
51.0 -0.8834 0.0713 0.2171 -0.8121 0.0461 0.25 -0.805 0.0458 0.2509 -0.8062 0.0524 0.2441 -0.8075 0.0601 0.236 -0.8094 0.0709 0.2249 -0.8321 0.0446 0.2495 -0.8286 0.0549 0.2394 -0.8261 0.0656 0.2286 -0.8243 0.0756 0.2186 -0.8389 0.0624 0.2306
51.0 -0.8834 0.0713 0.2171 -0.8121 0.0461 0.25 -0.805 0.0458 0.2509 -0.8062 0.0524 0.2441 -0.8075 0.0601 0.236 -0.8094 0.0709 0.2249 -0.8321 0.0446 0.2495 -0.8286 0.0549 0.2394 -0.8261 0.0656 0.2286 -0.8243 0.0756 0.2186 -0.8389 0.0624 0.2306
51.0 -0.8834 0.0713 0.2171 -0.8121 0.0461 0.25 -0.805 0.0458 0.2509 -0.8062 0.0524 0.2441 -0.8075 0.0601 0.236 -0.8094 0.0709 0.2249 -0.8321 0.0446 0.2495 -0.8286 0.0549 0.2394 -0.8261 0.0656 0.2286 -0.8243 0.0756 0.2186 -0.8389 0.0624 0.2306
51.0 -0.8834 0.0713 0.2171 -0.8121 0.0461 0.25 -0.805 0.0458 0.2509 -0.8062 0.0524 0.2441 -0.8075 0.0601 0.236 -0.8094 0.0709 0.2249 -0.8321 0.0446 0.2495 -0.8286 0.0549 0.2394 -0.8261 0.0656 0.2286 -0.8243 0.0756 0.2186 -0.8389 0.0624 0.2306
51.0 -0.8834 0.0713 0.2171 -0.8121 0.0461 0.25 -0.805 0.0458 0.2509 -0.8062 0.0524 0.2441 -0.8075 0.0601 0.236 -0.8094 0.0709 0.2249 -0.8321 0.0446 0.2495 -0.8286 0.0549 0.2394 -0.8261 0.0656 0.2286 -0.8243 0.0756 0.2186 -0.8389 0.0624 0.2306
51.0 -0.8834 0.0713 0.2171 -0.8121 0.0461 0.25 -0.805 0.0458 0.2509 -0.8062 0.0524 0.2441 -0.8075 0.0601 0.236 -0.8094 0.0709 0.2249 -0.8321 0.0446 0.2495 -0.8286 0.0549 0.2394 -0.8261 0.0656 0.2286 -0.8243 0.0756 0.2186 -0.8389 0.0624 0.2306
51.0 -0.8834 0.0713 0.2171 -0.8121 0.0461 0.25 -0.805 0.0458 0.2509 -0.8062 0.0524 0.2441 -0.8075 0.0601 0.236 -0.8094 0.0709 0.2249 -0.8321 0.0446 0.2495 -0.8286 0.0549 0.2394 -0.8261 0.0656 0.2286 -0.8243 0.0756 0.2186 -0.8389 0.0624 0.2306
51.0 -0.8834 0.0713 0.2171 -0.8121 0.0461 0.25 -0.805 0.0458 0.2509 -0.8062 0.0524 0.2441 -0.8075 0.0601 0.236 -0.8094 0.0709 0.2249 -0.8321 0.0446 0.2495 -0.8286 0.0549 0.2394 -0.8261 0.0656 0.2286 -0.8243 0.0756 0.2186 -0.8389 0.0624 0.2306
51.0 -0.8834 0.0713 0.2171 -0.8121 0.0461 0.25 -0.805 0.0458 0.2509 -0.8062 0.0524 0.2441 -0.8075 0.0601 0.236 -0.8094 0.0709 0.2249 -0.8321 0.0446 0.2495 -0.8286 0.0549 0.2394 -0.8261 0.0656 0.2286 -0.8243 0.0756 0.2186 -0.8389 0.0624 0.2306
51.0 -0.8834 0.0713 0.2171 -0.8121 0.0461 0.25 -0.805 0.0458 0.2509 -0.8062 0.0524 0.2441 -0.8075 0.0601 0.236 -0.8094 0.0709 0.2249 -0.8321 0.0446 0.2495 -0.8286 0.0549 0.2394 -0.8261 0.0656 0.2286 -0.8243 0.0756 0.2186 -0.8389 0.0624 0.2306
51.0 -0.8834 0.0713 0.2171 -0.8121 0.0461 0.25 -0.805 0.0458 0.2509 -0.8062 0.0524 0.2441 -0.8075 0.0601 0.236 -0.8094 0.0709 0.2249 -0.8321 0.0446 0.2495 -0.8286 0.0549 0.2394 -0.8261 0.0656 0.2286 -0.8243 0.0756 0.2186 -0.8389 0.0624 0.2306
51.0 -0.8834 0.0713 0.2171 -0.8121 0.0461 0.25 -0.805 0.0458 0.2509 -0.8062 0.0524 0.2441 -0.8075 0.0601 0.236 -0.8094 0.0709 0.2249 -0.8321 0.0446 0.2495 -0.8286 0.0549 0.2394 -0.8261 0.0656 0.2286 -0.8243 0.0756 0.2186 -0.8389 0.0624 0.2306
51.0 -0.8834 0.0713 0.2171 -0.8121 0.0461 0.25 -0.805 0.0458 0.2509 -0.8062 0.0524 0.2441 -0.8075 0.0601 0.236 -0.8094 0.0709 0.2249 -0.8321 0.0446 0.2495 -0.8286 0.0549 0.2394 -0.8261 0.0656 0.2286 -0.8243 0.0756 0.2186 -0.8389 0.0624 0.2306
51.0 -0.8834 0.0713 0.2171 -0.8121 0.0461 0.25 -0.805 0.0458 0.2509 -0.8062 0.0524 0.2441 -0.8075 0.0601 0.236 -0.8094 0.0709 0.2249 -0.8321 0.0446 0.2495 -0.8286 0.0549 0.2394 -0.8261 0.0656 0.2286 -0.8243 0.0756 0.2186 -0.8389 0.0624 0.2306
51.0 -0.8834 0.0713 0.2171 -0.8121 0.0461 0.25 -0.805 0.0458 0.2509 -0.8062 0.0524 0.2441 -0.8075 0.0601 0.236 -0.8094 0.0709 0.2249 -0.8321 0.0446 0.2495 -0.8286 0.0549 0.2394 -0.8261 0.0656 0.2286 -0.8243 0.0756 0.2186 -0.8389 0.0624 0.2306
51.0 -0.8834 0.0713 0.2171 -0.8121 0.0461 0.25 -0.805 0.0458 0.2509 -0.8062 0.0524 0.2441 -0.8075 0.0601 0.236 -0.8094 0.0709 0.2249 -0.8321 0.0446 0.2495 -0.8286 0.0549 0.2394 -0.8261 0.0656 0.2286 -0.8243 0.0756 0.2186 -0.8389 0.0624 0.2306
51.0 -0.8834 0.0713 0.2171 -0.8121 0.0461 0.25 -0.805 0.0458 0.2509 -0.8062 0.0524 0.2441 -0.8075 0.0601 0.236 -0.8094 0.0709 0.2249 -0.8321 0.0446 0.2495 -0.8286 0.0549 0.2394 -0.8261 0.0656 0.2286 -0.8243 0.0756 0.2186 -0.8389 0.0624 0.2306
51.0 -0.8834 0.0713 0.2171 -0.8121 0.0461 0.25 -0.805 0.0458 0.2509 -0.8062 0.0524 0.2441 -0.8075 0.0601 0.236 -0.8094 0.0709 0.2249 -0.8321 0.0446 0.2495 -0.8286 0.0549 0.2394 -0.8261 0.0656 0.2286 -0.8243 0.0756 0.2186 -0.8389 0.0624 0.2306
51.0 -0.8834 0.0713 0.2171 -0.8121 0.0461 0.25 -0.805 0.0458 0.2509 -0.8062 0.0524 0.2441 -0.8075 0.0601 0.236 -0.8094 0.0709 0.2249 -0.8321 0.0446 0.2495 -0.8286 0.0549 0.2394 -0.8261 0.0656 0.2286 -0.8243 0.0756 0.2186 -0.8389 0.0624 0.2306
51.0 -0.8834 0.0713 0.2171 -0.8121 0.0461 0.25 -0.805 0.0458 0.2509 -0.8062 0.0524 0.2441 -0.8075 0.0601 0.236 -0.8094 0.0709 0.2249 -0.8321 0.0446 0.2495 -0.8286 0.0549 0.2394 -0.8261 0.0656 0.2286 -0.8243 0.0756 0.2186 -0.8389 0.0624 0.2306
51.0 -0.8834 0.0713 0.2171 -0.8121 0.0461 0.25 -0.805 0.0458 0.2509 -0.8062 0.0524 0.2441 -0.8075 0.0601 0.236 -0.8094 0.0709 0.2249 -0.8321 0.0446 0.2495 -0.8286 0.0549 0.2394 -0.8261 0.0656 0.2286 -0.8243 0.0756 0.2186 -0.8389 0.0624 0.2306
51.0 -0.8834 0.0713 0.2171 -0.8121 0.0461 0.25 -0.805 0.0458 0.2509 -0.8062 0.0524 0.2441 -0.8075 0.0601 0.236 -0.8094 0.0709 0.2249 -0.8321 0.0446 0.2495 -0.8286 0.0549 0.2394 -0.8261 0.0656 0.2286 -0.8243 0.0756 0.2186 -0.8389 0.0624 0.2306
51.0 -0.8834 0.0713 0.2171 -0.8121 0.0461 0.25 -0.805 0.0458 0.2509 -0.8062 0.0524 0.2441 -0.8075 0.0601 0.236 -0.8094 0.0709 0.2249 -0.8321 0.0446 0.2495 -0.8286 0.0549 0.2394 -0.8261 0.0656 0.2286 -0.8243 0.0756 0.2186 -0.8389 0.0624 0.2306
51.0 -0.8834 0.0713 0.2171 -0.8121 0.0461 0.25 -0.805 0.0458 0.2509 -0.8062 0.0524 0.2441 -0.8075 0.0601 0.236 -0.8094 0.0709 0.2249 -0.8321 0.0446 0.2495 -0.8286 0.0549 0.2394 -0.8261 0.0656 0.2286 -0.8243 0.0756 0.2186 -0.8389 0.0624 0.2306
51.0 -0.8834 0.0713 0.2171 -0.8121 0.0461 0.25 -0.805 0.0458 0.2509 -0.8062 0.0524 0.2441 -0.8075 0.0601 0.236 -0.8094 0.0709 0.2249 -0.8321 0.0446 0.2495 -0.8286 0.0549 0.2394 -0.8261 0.0656 0.2286 -0.8243 0.0756 0.2186 -0.8389 0.0624 0.2306
51.0 -0.8834 0.0713 0.2171 -0.8121 0.0461 0.25 -0.805 0.0458 0.2509 -0.8062 0.0524 0.2441 -0.8075 0.0601 0.236 -0.8094 0.0709 0.2249 -0.8321 0.0446 0.2495 -0.8286 0.0549 0.2394 -0.8261 0.0656 0.2286 -0.8243 0.0756 0.2186 -0.8389 0.0624 0.2306
51.0 -0.8834 0.0713 0.2171 -0.8121 0.0461 0.25 -0.805 0.0458 0.2509 -0.8062 0.0524 0.2441 -0.8075 0.0601 0.236 -0.8094 0.0709 0.2249 -0.8321 0.0446 0.2495 -0.8286 0.0549 0.2394 -0.8261 0.0656 0.2286 -0.8243 0.0756 0.2186 -0.8389 0.0624 0.2306
51.0 -0.8834 0.0713 0.2171 -0.8121 0.0461 0.25 -0.805 0.0458 0.2509 -0.8062 0.0524 0.2441 -0.8075 0.0601 0.236 -0.8094 0.0709 0.2249 -0.8321 0.0446 0.2495 -0.8286 0.0549 0.2394 -0.8261 0.0656 0.2286 -0.8243 0.0756 0.2186 -0.8389 0.0624 0.2306
51.0 -0.8834 0.0713 0.2171 -0.8121 0.0461 0.25 -0.805 0.0458 0.2509 -0.8062 0.0524 0.2441 -0.8075 0.0601 0.236 -0.8094 0.0709 0.2249 -0.8321 0.0446 0.2495 -0.8286 0.0549 0.2394 -0.8261 0.0656 0.2286 -0.8243 0.0756 0.2186 -0.8389 0.0624 0.2306
51.0 -0.8834 0.0713 0.2171 -0.8121 0.0461 0.25 -0.805 0.0458 0.2509 -0.8062 0.0524 0.2441 -0.8075 0.0601 0.236 -0.8094 0.0709 0.2249 -0.8321 0.0446 0.2495 -0.8286 0.0549 0.2394 -0.8261 0.0656 0.2286 -0.8243 0.0756 0.2186 -0.8389 0.0624 0.2306
51.0 -0.8834 0.0713 0.2171 -0.8121 0.0461 0.25 -0.805 0.0458 0.2509 -0.8062 0.0524 0.2441 -0.8075 0.0601 0.236 -0.8094 0.0709 0.2249 -0.8321 0.0446 0.2495 -0.8286 0.0549 0.2394 -0.8261 0.0656 0.2286 -0.8243 0.0756 0.2186 -0.8389 0.0624 0.2306
51.0 -0.8834 0.0713 0.2171 -0.8121 0.0461 0.25 -0.805 0.0458 0.2509 -0.8062 0.0524 0.2441 -0.8075 0.0601 0.236 -0.8094 0.0709 0.2249 -0.8321 0.0446 0.2495 -0.8286 0.0549 0.2394 -0.8261 0.0656 0.2286 -0.8243 0.0756 0.2186 -0.8389 0.0624 0.2306
51.0 -0.8834 0.0713 0.2171 -0.8121 0.0461 0.25 -0.805 0.0458 0.2509 -0.8062 0.0524 0.2441 -0.8075 0.0601 0.236 -0.8094 0.0709 0.2249 -0.8321 0.0446 0.2495 -0.8286 0.0549 0.2394 -0.8261 0.0656 0.2286 -0.8243 0.0756 0.2186 -0.8389 0.0624 0.2306
51.0 -0.8834 0.0713 0.2171 -0.8121 0.0461 0.25 -0.805 0.0458 0.2509 -0.8062 0.0524 0.2441 -0.8075 0.0601 0.236 -0.8094 0.0709 0.2249 -0.8321 0.0446 0.2495 -0.8286 0.0549 0.2394 -0.8261 0.0656 0.2286 -0.8243 0.0756 0.2186 -0.8389 0.0624 0.2306
51.0 -0.8834 0.0713 0.2171 -0.8121 0.0461 0.25 -0.805 0.0458 0.2509 -0.8062 0.0524 0.2441 -0.8075 0.0601 0.236 -0.8094 0.0709 0.2249 -0.8321 0.0446 0.2495 -0.8286 0.0549 0.2394 -0.8261 0.0656 0.2286 -0.8243 0.0756 0.2186 -0.8389 0.0624 0.2306
51.0 -0.8834 0.0713 0.2171 -0.8121 0.0461 0.25 -0.805 0.0458 0.2509 -0.8062 0.0524 0.2441 -0.8075 0.0601 0.236 -0.8094 0.0709 0.2249 -0.8321 0.0446 0.2495 -0.8286 0.0549 0.2394 -0.8261 0.0656 0.2286 -0.8243 0.0756 0.2186 -0.8389 0.0624 0.2306
51.0 -0.8834 0.0713 0.2171 -0.8121 0.0461 0.25 -0.805 0.0458 0.2509 -0.8062 0.0524 0.2441 -0.8075 0.0601 0.236 -0.8094 0.0709 0.2249 -0.8321 0.0446 0.2495 -0.8286 0.0549 0.2394 -0.8261 0.0656 0.2286 -0.8243 0.0756 0.2186 -0.8389 0.0624 0.2306
51.0 -0.8834 0.0713 0.2171 -0.8121 0.0461 0.25 -0.805 0.0458 0.2509 -0.8062 0.0524 0.2441 -0.8075 0.0601 0.236 -0.8094 0.0709 0.2249 -0.8321 0.0446 0.2495 -0.8286 0.0549 0.2394 -0.8261 0.0656 0.2286 -0.8243 0.0756 0.2186 -0.8389 0.0624 0.2306
51.0 -0.8834 0.0713 0.2171 -0.8121 0.0461 0.25 -0.805 0.0458 0.2509 -0.8062 0.0524 0.2441 -0.8075 0.0601 0.236 -0.8094 0.0709 0.2249 -0.8321 0.0446 0.2495 -0.8286 0.0549 0.2394 -0.8261 0.0656 0.2286 -0.8243 0.0756 0.2186 -0.8389 0.0624 0.2306
51.0 -0.8834 0.0713 0.2171 -0.8121 0.0461 0.25 -0.805 0.0458 0.2509 -0.8062 0.0524 0.2441 -0.8075 0.0601 0.236 -0.8094 0.0709 0.2249 -0.8321 0.0446 0.2495 -0.8286 0.0549 0.2394 -0.8261 0.0656 0.2286 -0.8243 0.0756 0.2186 -0.8389 0.0624 0.2306
51.0 -0.8834 0.0713 0.2171 -0.8121 0.0461 0.25 -0.805 0.0458 0.2509 -0.8062 0.0524 0.2441 -0.8075 0.0601 0.236 -0.8094 0.0709 0.2249 -0.8321 0.0446 0.2495 -0.8286 0.0549 0.2394 -0.8261 0.0656 0.2286 -0.8243 0.0756 0.2186 -0.8389 0.0624 0.2306
51.0 -0.8834 0.0713 0.2171 -0.8121 0.0461 0.25 -0.805 0.0458 0.2509 -0.8062 0.0524 0.2441 -0.8075 0.0601 0.236 -0.8094 0.0709 0.2249 -0.8321 0.0446 0.2495 -0.8286 0.0549 0.2394 -0.8261 0.0656 0.2286 -0.8243 0.0756 0.2186 -0.8389 0.0624 0.2306
51.0 -0.8834 0.0713 0.2171 -0.8121 0.0461 0.25 -0.805 0.0458 0.2509 -0.8062 0.0524 0.2441 -0.8075 0.0601 0.236 -0.8094 0.0709 0.2249 -0.8321 0.0446 0.2495 -0.8286 0.0549 0.2394 -0.8261 0.0656 0.2286 -0.8243 0.0756 0.2186 -0.8389 0.0624 0.2306
51.0 -0.8834 0.0713 0.2171 -0.8121 0.0461 0.25 -0.805 0.0458 0.2509 -0.8062 0.0524 0.2441 -0.8075 0.0601 0.236 -0.8094 0.0709 0.2249 -0.8321 0.0446 0.2495 -0.8286 0.0549 0.2394 -0.8261 0.0656 0.2286 -0.8243 0.0756 0.2186 -0.8389 0.0624 0.2306
51.0 -0.8834 0.0713 0.2171 -0.8121 0.0461 0.25 -0.805 0.0458 0.2509 -0.8062 0.0524 0.2441 -0.8075 0.0601 0.236 -0.8094 0.0709 0.2249 -0.8321 0.0446 0.2495 -0.8286 0.0549 0.2394 -0.8261 0.0656 0.2286 -0.8243 0.0756 0.2186 -0.8389 0.0624 0.2306
51.0 -0.8834 0.0713 0.2171 -0.8121 0.0461 0.25 -0.805 0.0458 0.2509 -0.8062 0.0524 0.2441 -0.8075 0.0601 0.236 -0.8094 0.0709 0.2249 -0.8321 0.0446 0.2495 -0.8286 0.0549 0.2394 -0.8261 0.0656 0.2286 -0.8243 0.0756 0.2186 -0.8389 0.0624 0.2306
51.0 -0.8834 0.0713 0.2171 -0.8121 0.0461 0.25 -0.805 0.0458 0.2509 -0.8062 0.0524 0.2441 -0.8075 0.0601 0.236 -0.8094 0.0709 0.2249 -0.8321 0.0446 0.2495 -0.8286 0.0549 0.2394 -0.8261 0.0656 0.2286 -0.8243 0.0756 0.2186 -0.8389 0.0624 0.2306
51.0 -0.8834 0.0713 0.2171 -0.8121 0.0461 0.25 -0.805 0.0458 0.2509 -0.8062 0.0524 0.2441 -0.8075 0.0601 0.236 -0.8094 0.0709 0.2249 -0.8321 0.0446 0.2495 -0.8286 0.0549 0.2394 -0.8261 0.0656 0.2286 -0.8243 0.0756 0.2186 -0.8389 0.0624 0.2306
51.0 -0.8834 0.0713 0.2171 -0.8121 0.0461 0.25 -0.805 0.0458 0.2509 -0.8062 0.0524 0.2441 -0.8075 0.0601 0.236 -0.8094 0.0709 0.2249 -0.8321 0.0446 0.2495 -0.8286 0.0549 0.2394 -0.8261 0.0656 0.2286 -0.8243 0.0756 0.2186 -0.8389 0.0624 0.2306
51.0 -0.8834 0.0713 0.2171 -0.8121 0.0461 0.25 -0.805 0.0458 0.2509 -0.8062 0.0524 0.2441 -0.8075 0.0601 0.236 -0.8094 0.0709 0.2249 -0.8321 0.0446 0.2495 -0.8286 0.0549 0.2394 -0.8261 0.0656 0.2286 -0.8243 0.0756 0.2186 -0.8389 0.0624 0.2306
51.0 -0.8834 0.0713 0.2171 -0.8121 0.0461 0.25 -0.805 0.0458 0.2509 -0.8062 0.0524 0.2441 -0.8075 0.0601 0.236 -0.8094 0.0709 0.2249 -0.8321 0.0446 0.2495 -0.8286 0.0549 0.2394 -0.8261 0.0656 0.2286 -0.8243 0.0756 0.2186 -0.8389 0.0624 0.2306
51.0 -0.8834 0.0713 0.2171 -0.8121 0.0461 0.25 -0.805 0.0458 0.2509 -0.8062 0.0524 0.2441 -0.8075 0.0601 0.236 -0.8094 0.0709 0.2249 -0.8321 0.0446 0.2495 -0.8286 0.0549 0.2394 -0.8261 0.0656 0.2286 -0.8243 0.0756 0.2186 -0.8389 0.0624 0.2306
51.0 -0.8834 0.0713 0.2171 -0.8121 0.0461 0.25 -0.805 0.0458 0.2509 -0.8062 0.0524 0.2441 -0.8075 0.0601 0.236 -0.8094 0.0709 0.2249 -0.8321 0.0446 0.2495 -0.8286 0.0549 0.2394 -0.8261 0.0656 0.2286 -0.8243 0.0756 0.2186 -0.8389 0.0624 0.2306
51.0 -0.8834 0.0713 0.2171 -0.8121 0.0461 0.25 -0.805 0.0458 0.2509 -0.8062 0.0524 0.2441 -0.8075 0.0601 0.236 -0.8094 0.0709 0.2249 -0.8321 0.0446 0.2495 -0.8286 0.0549 0.2394 -0.8261 0.0656 0.2286 -0.8243 0.0756 0.2186 -0.8389 0.0624 0.2306
51.0 -0.8834 0.0713 0.2171 -0.8121 0.0461 0.25 -0.805 0.0458 0.2509 -0.8062 0.0524 0.2441 -0.8075 0.0601 0.236 -0.8094 0.0709 0.2249 -0.8321 0.0446 0.2495 -0.8286 0.0549 0.2394 -0.8261 0.0656 0.2286 -0.8243 0.0756 0.2186 -0.8389 0.0624 0.2306
51.0 -0.8834 0.0713 0.2171 -0.8121 0.0461 0.25 -0.805 0.0458 0.2509 -0.8062 0.0524 0.2441 -0.8075 0.0601 0.236 -0.8094 0.0709 0.2249 -0.8321 0.0446 0.2495 -0.8286 0.0549 0.2394 -0.8261 0.0656 0.2286 -0.8243 0.0756 0.2186 -0.8389 0.0624 0.2306
51.0 -0.8834 0.0713 0.2171 -0.8121 0.0461 0.25 -0.805 0.0458 0.2509 -0.8062 0.0524 0.2441 -0.8075 0.0601 0.236 -0.8094 0.0709 0.2249 -0.8321 0.0446 0.2495 -0.8286 0.0549 0.2394 -0.8261 0.0656 0.2286 -0.8243 0.0756 0.2186 -0.8389 0.0624 0.2306
51.0 -0.8834 0.0713 0.2171 -0.8121 0.0461 0.25 -0.805 0.0458 0.2509 -0.8062 0.0524 0.2441 -0.8075 0.0601 0.236 -0.8094 0.0709 0.2249 -0.8321 0.0446 0.2495 -0.8286 0.0549 0.2394 -0.8261 0.0656 0.2286 -0.8243 0.0756 0.2186 -0.8389 0.0624 0.2306
51.0 -0.8834 0.0713 0.2171 -0.8121 0.0461 0.25 -0.805 0.0458 0.2509 -0.8062 0.0524 0.2441 -0.8075 0.0601 0.236 -0.8094 0.0709 0.2249 -0.8321 0.0446 0.2495 -0.8286 0.0549 0.2394 -0.8261 0.0656 0.2286 -0.8243 0.0756 0.2186 -0.8389 0.0624 0.2306
51.0 -0.8834 0.0713 0.2171 -0.8121 0.0461 0.25 -0.805 0.0458 0.2509 -0.8062 0.0524 0.2441 -0.8075 0.0601 0.236 -0.8094 0.0709 0.2249 -0.8321 0.0446 0.2495 -0.8286 0.0549 0.2394 -0.8261 0.0656 0.2286 -0.8243 0.0756 0.2186 -0.8389 0.0624 0.2306
51.0 -0.8834 0.0713 0.2171 -0.8121 0.0461 0.25 -0.805 0.0458 0.2509 -0.8062 0.0524 0.2441 -0.8075 0.0601 0.236 -0.8094 0.0709 0.2249 -0.8321 0.0446 0.2495 -0.8286 0.0549 0.2394 -0.8261 0.0656 0.2286 -0.8243 0.0756 0.2186 -0.8389 0.0624 0.2306
51.0 -0.8834 0.0713 0.2171 -0.8121 0.0461 0.25 -0.805 0.0458 0.2509 -0.8062 0.0524 0.2441 -0.8075 0.0601 0.236 -0.8094 0.0709 0.2249 -0.8321 0.0446 0.2495 -0.8286 0.0549 0.2394 -0.8261 0.0656 0.2286 -0.8243 0.0756 0.2186 -0.8389 0.0624 0.2306
51.0 -0.8834 0.0713 0.2171 -0.8121 0.0461 0.25 -0.805 0.0458 0.2509 -0.8062 0.0524 0.2441 -0.8075 0.0601 0.236 -0.8094 0.0709 0.2249 -0.8321 0.0446 0.2495 -0.8286 0.0549 0.2394 -0.8261 0.0656 0.2286 -0.8243 0.0756 0.2186 -0.8389 0.0624 0.2306
51.0 -0.8834 0.0713 0.2171 -0.8121 0.0461 0.25 -0.805 0.0458 0.2509 -0.8062 0.0524 0.2441 -0.8075 0.0601 0.236 -0.8094 0.0709 0.2249 -0.8321 0.0446 0.2495 -0.8286 0.0549 0.2394 -0.8261 0.0656 0.2286 -0.8243 0.0756 0.2186 -0.8389 0.0624 0.2306
51.0 -0.8834 0.0713 0.2171 -0.8121 0.0461 0.25 -0.805 0.0458 0.2509 -0.8062 0.0524 0.2441 -0.8075 0.0601 0.236 -0.8094 0.0709 0.2249 -0.8321 0.0446 0.2495 -0.8286 0.0549 0.2394 -0.8261 0.0656 0.2286 -0.8243 0.0756 0.2186 -0.8389 0.0624 0.2306
51.0 -0.8834 0.0713 0.2171 -0.8121 0.0461 0.25 -0.805 0.0458 0.2509 -0.8062 0.0524 0.2441 -0.8075 0.0601 0.236 -0.8094 0.0709 0.2249 -0.8321 0.0446 0.2495 -0.8286 0.0549 0.2394 -0.8261 0.0656 0.2286 -0.8243 0.0756 0.2186 -0.8389 0.0624 0.2306
51.0 -0.8834 0.0713 0.2171 -0.8121 0.0461 0.25 -0.805 0.0458 0.2509 -0.8062 0.0524 0.2441 -0.8075 0.0601 0.236 -0.8094 0.0709 0.2249 -0.8321 0.0446 0.2495 -0.8286 0.0549 0.2394 -0.8261 0.0656 0.2286 -0.8243 0.0756 0.2186 -0.8389 0.0624 0.2306
51.0 -0.8834 0.0713 0.2171 -0.8121 0.0461 0.25 -0.805 0.0458 0.2509 -0.8062 0.0524 0.2441 -0.8075 0.0601 0.236 -0.8094 0.0709 0.2249 -0.8321 0.0446 0.2495 -0.8286 0.0549 0.2394 -0.8261 0.0656 0.2286 -0.8243 0.0756 0.2186 -0.8389 0.0624 0.2306
51.0 -0.8834 0.0713 0.2171 -0.8121 0.0461 0.25 -0.805 0.0458 0.2509 -0.8062 0.0524 0.2441 -0.8075 0.0601 0.236 -0.8094 0.0709 0.2249 -0.8321 0.0446 0.2495 -0.8286 0.0549 0.2394 -0.8261 0.0656 0.2286 -0.8243 0.0756 0.2186 -0.8389 0.0624 0.2306
51.0 -0.8834 0.0713 0.2171 -0.8121 0.0461 0.25 -0.805 0.0458 0.2509 -0.8062 0.0524 0.2441 -0.8075 0.0601 0.236 -0.8094 0.0709 0.2249 -0.8321 0.0446 0.2495 -0.8286 0.0549 0.2394 -0.8261 0.0656 0.2286 -0.8243 0.0756 0.2186 -0.8389 0.0624 0.2306
51.0 -0.8834 0.0713 0.2171 -0.8121 0.0461 0.25 -0.805 0.0458 0.2509 -0.8062 0.0524 0.2441 -0.8075 0.0601 0.236 -0.8094 0.0709 0.2249 -0.8321 0.0446 0.2495 -0.8286 0.0549 0.2394 -0.8261 0.0656 0.2286 -0.8243 0.0756 0.2186 -0.8389 0.0624 0.2306
51.0 -0.8834 0.0713 0.2171 -0.8121 0.0461 0.25 -0.805 0.0458 0.2509 -0.8062 0.0524 0.2441 -0.8075 0.0601 0.236 -0.8094 0.0709 0.2249 -0.8321 0.0446 0.2495 -0.8286 0.0549 0.2394 -0.8261 0.0656 0.2286 -0.8243 0.0756 0.2186 -0.8389 0.0624 0.2306
51.0 -0.8834 0.0713 0.2171 -0.8121 0.0461 0.25 -0.805 0.0458 0.2509 -0.8062 0.0524 0.2441 -0.8075 0.0601 0.236 -0.8094 0.0709 0.2249 -0.8321 0.0446 0.2495 -0.8286 0.0549 0.2394 -0.8261 0.0656 0.2286 -0.8243 0.0756 0.2186 -0.8389 0.0624 0.2306
51.0 -0.8834 0.0713 0.2171 -0.8121 0.0461 0.25 -0.805 0.0458 0.2509 -0.8062 0.0524 0.2441 -0.8075 0.0601 0.236 -0.8094 0.0709 0.2249 -0.8321 0.0446 0.2495 -0.8286 0.0549 0.2394 -0.8261 0.0656 0.2286 -0.8243 0.0756 0.2186 -0.8389 0.0624 0.2306
51.0 -0.8834 0.0713 0.2171 -0.8121 0.0461 0.25 -0.805 0.0458 0.2509 -0.8062 0.0524 0.2441 -0.8075 0.0601 0.236 -0.8094 0.0709 0.2249 -0.8321 0.0446 0.2495 -0.8286 0.0549 0.2394 -0.8261 0.0656 0.2286 -0.8243 0.0756 0.2186 -0.8389 0.0624 0.2306
51.0 -0.8834 0.0713 0.2171 -0.8121 0.0461 0.25 -0.805 0.0458 0.2509 -0.8062 0.0524 0.2441 -0.8075 0.0601 0.236 -0.8094 0.0709 0.2249 -0.8321 0.0446 0.2495 -0.8286 0.0549 0.2394 -0.8261 0.0656 0.2286 -0.8243 0.0756 0.2186 -0.8389 0.0624 0.2306
51.0 -0.8834 0.0713 0.2171 -0.8121 0.0461 0.25 -0.805 0.0458 0.2509 -0.8062 0.0524 0.2441 -0.8075 0.0601 0.236 -0.8094 0.0709 0.2249 -0.8321 0.0446 0.2495 -0.8286 0.0549 0.2394 -0.8261 0.0656 0.2286 -0.8243 0.0756 0.2186 -0.8389 0.0624 0.2306
51.0 -0.8834 0.0713 0.2171 -0.8121 0.0461 0.25 -0.805 0.0458 0.2509 -0.8062 0.0524 0.2441 -0.8075 0.0601 0.236 -0.8094 0.0709 0.2249 -0.8321 0.0446 0.2495 -0.8286 0.0549 0.2394 -0.8261 0.0656 0.2286 -0.8243 0.0756 0.2186 -0.8389 0.0624 0.2306
51.0 -0.8834 0.0713 0.2171 -0.8121 0.0461 0.25 -0.805 0.0458 0.2509 -0.8062 0.0524 0.2441 -0.8075 0.0601 0.236 -0.8094 0.0709 0.2249 -0.8321 0.0446 0.2495 -0.8286 0.0549 0.2394 -0.8261 0.0656 0.2286 -0.8243 0.0756 0.2186 -0.8389 0.0624 0.2306
51.0 -0.8834 0.0713 0.2171 -0.8121 0.0461 0.25 -0.805 0.0458 0.2509 -0.8062 0.0524 0.2441 -0.8075 0.0601 0.236 -0.8094 0.0709 0.2249 -0.8321 0.0446 0.2495 -0.8286 0.0549 0.2394 -0.8261 0.0656 0.2286 -0.8243 0.0756 0.2186 -0.8389 0.0624 0.2306
51.0 -0.8834 0.0713 0.2171 -0.8121 0.0461 0.25 -0.805 0.0458 0.2509 -0.8062 0.0524 0.2441 -0.8075 0.0601 0.236 -0.8094 0.0709 0.2249 -0.8321 0.0446 0.2495 -0.8286 0.0549 0.2394 -0.8261 0.0656 0.2286 -0.8243 0.0756 0.2186 -0.8389 0.0624 0.2306
51.0 -0.8834 0.0713 0.2171 -0.8121 0.0461 0.25 -0.805 0.0458 0.2509 -0.8062 0.0524 0.2441 -0.8075 0.0601 0.236 -0.8094 0.0709 0.2249 -0.8321 0.0446 0.2495 -0.8286 0.0549 0.2394 -0.8261 0.0656 0.2286 -0.8243 0.0756 0.2186 -0.8389 0.0624 0.2306
51.0 -0.8834 0.0713 0.2171 -0.8121 0.0461 0.25 -0.805 0.0458 0.2509 -0.8062 0.0524 0.2441 -0.8075 0.0601 0.236 -0.8094 0.0709 0.2249 -0.8321 0.0446 0.2495 -0.8286 0.0549 0.2394 -0.8261 0.0656 0.2286 -0.8243 0.0756 0.2186 -0.8389 0.0624 0.2306
51.0 -0.8834 0.0713 0.2171 -0.8121 0.0461 0.25 -0.805 0.0458 0.2509 -0.8062 0.0524 0.2441 -0.8075 0.0601 0.236 -0.8094 0.0709 0.2249 -0.8321 0.0446 0.2495 -0.8286 0.0549 0.2394 -0.8261 0.0656 0.2286 -0.8243 0.0756 0.2186 -0.8389 0.0624 0.2306
51.0 -0.8834 0.0713 0.2171 -0.8121 0.0461 0.25 -0.805 0.0458 0.2509 -0.8062 0.0524 0.2441 -0.8075 0.0601 0.236 -0.8094 0.0709 0.2249 -0.8321 0.0446 0.2495 -0.8286 0.0549 0.2394 -0.8261 0.0656 0.2286 -0.8243 0.0756 0.2186 -0.8389 0.0624 0.2306
51.0 -0.8834 0.0713 0.2171 -0.8121 0.0461 0.25 -0.805 0.0458 0.2509 -0.8062 0.0524 0.2441 -0.8075 0.0601 0.236 -0.8094 0.0709 0.2249 -0.8321 0.0446 0.2495 -0.8286 0.0549 0.2394 -0.8261 0.0656 0.2286 -0.8243 0.0756 0.2186 -0.8389 0.0624 0.2306
51.0 -0.8834 0.0713 0.2171 -0.8121 0.0461 0.25 -0.805 0.0458 0.2509 -0.8062 0.0524 0.2441 -0.8075 0.0601 0.236 -0.8094 0.0709 0.2249 -0.8321 0.0446 0.2495 -0.8286 0.0549 0.2394 -0.8261 0.0656 0.2286 -0.8243 0.0756 0.2186 -0.8389 0.0624 0.2306
51.0 -0.8834 0.0713 0.2171 -0.8121 0.0461 0.25 -0.805 0.0458 0.2509 -0.8062 0.0524 0.2441 -0.8075 0.0601 0.236 -0.8094 0.0709 0.2249 -0.8321 0.0446 0.2495 -0.8286 0.0549 0.2394 -0.8261 0.0656 0.2286 -0.8243 0.0756 0.2186 -0.8389 0.0624 0.2306
51.0 -0.8834 0.0713 0.2171 -0.8121 0.0461 0.25 -0.805 0.0458 0.2509 -0.8062 0.0524 0.2441 -0.8075 0.0601 0.236 -0.8094 0.0709 0.2249 -0.8321 0.0446 0.2495 -0.8286 0.0549 0.2394 -0.8261 0.0656 0.2286 -0.8243 0.0756 0.2186 -0.8389 0.0624 0.2306
51.0 -0.8834 0.0713 0.2171 -0.8121 0.0461 0.25 -0.805 0.0458 0.2509 -0.8062 0.0524 0.2441 -0.8075 0.0601 0.236 -0.8094 0.0709 0.2249 -0.8321 0.0446 0.2495 -0.8286 0.0549 0.2394 -0.8261 0.0656 0.2286 -0.8243 0.0756 0.2186 -0.8389 0.0624 0.2306
51.0 -0.8834 0.0713 0.2171 -0.8121 0.0461 0.25 -0.805 0.0458 0.2509 -0.8062 0.0524 0.2441 -0.8075 0.0601 0.236 -0.8094 0.0709 0.2249 -0.8321 0.0446 0.2495 -0.8286 0.0549 0.2394 -0.8261 0.0656 0.2286 -0.8243 0.0756 0.2186 -0.8389 0.0624 0.2306
51.0 -0.8834 0.0713 0.2171 -0.8121 0.0461 0.25 -0.805 0.0458 0.2509 -0.8062 0.0524 0.2441 -0.8075 0.0601 0.236 -0.8094 0.0709 0.2249 -0.8321 0.0446 0.2495 -0.8286 0.0549 0.2394 -0.8261 0.0656 0.2286 -0.8243 0.0756 0.2186 -0.8389 0.0624 0.2306
51.0 -0.8834 0.0713 0.2171 -0.8121 0.0461 0.25 -0.805 0.0458 0.2509 -0.8062 0.0524 0.2441 -0.8075 0.0601 0.236 -0.8094 0.0709 0.2249 -0.8321 0.0446 0.2495 -0.8286 0.0549 0.2394 -0.8261 0.0656 0.2286 -0.8243 0.0756 0.2186 -0.8389 0.0624 0.2306
51.0 -0.8834 0.0713 0.2171 -0.8121 0.0461 0.25 -0.805 0.0458 0.2509 -0.8062 0.0524 0.2441 -0.8075 0.0601 0.236 -0.8094 0.0709 0.2249 -0.8321 0.0446 0.2495 -0.8286 0.0549 0.2394 -0.8261 0.0656 0.2286 -0.8243 0.0756 0.2186 -0.8389 0.0624 0.2306
51.0 -0.8834 0.0713 0.2171 -0.8121 0.0461 0.25 -0.805 0.0458 0.2509 -0.8062 0.0524 0.2441 -0.8075 0.0601 0.236 -0.8094 0.0709 0.2249 -0.8321 0.0446 0.2495 -0.8286 0.0549 0.2394 -0.8261 0.0656 0.2286 -0.8243 0.0756 0.2186 -0.8389 0.0624 0.2306
51.0 -0.8834 0.0713 0.2171 -0.8121 0.0461 0.25 -0.805 0.0458 0.2509 -0.8062 0.0524 0.2441 -0.8075 0.0601 0.236 -0.8094 0.0709 0.2249 -0.8321 0.0446 0.2495 -0.8286 0.0549 0.2394 -0.8261 0.0656 0.2286 -0.8243 0.0756 0.2186 -0.8389 0.0624 0.2306
51.0 -0.8834 0.0713 0.2171 -0.8121 0.0461 0.25 -0.805 0.0458 0.2509 -0.8062 0.0524 0.2441 -0.8075 0.0601 0.236 -0.8094 0.0709 0.2249 -0.8321 0.0446 0.2495 -0.8286 0.0549 0.2394 -0.8261 0.0656 0.2286 -0.8243 0.0756 0.2186 -0.8389 0.0624 0.2306
51.0 -0.8834 0.0713 0.2171 -0.8121 0.0461 0.25 -0.805 0.0458 0.2509 -0.8062 0.0524 0.2441 -0.8075 0.0601 0.236 -0.8094 0.0709 0.2249 -0.8321 0.0446 0.2495 -0.8286 0.0549 0.2394 -0.8261 0.0656 0.2286 -0.8243 0.0756 0.2186 -0.8389 0.0624 0.2306
156.0 -0.877 0.0648 0.2244 -0.8092 0.0697 0.2261 -0.8074 0.0595 0.2367 -0.8059 0.0506 0.246 -0.8038 0.0387 0.2584 -0.7998 0.016 0.282 -0.8072 0.0584 0.2379 -0.8074 0.0492 0.2473 -0.8179 0.0392 0.2564 -0.8311 0.0289 0.2657 -0.8281 0.0481 0.2463
157.0 -0.8905 0.0618 0.2261 -0.8001 0.0178 0.2801 -0.8044 0.0422 0.2547 -0.8072 0.0584 0.2379 -0.8095 0.0715 0.2243 -0.8117 0.084 0.2112 -0.8098 0.0427 0.2536 -0.8086 0.0563 0.2398 -0.8118 0.0693 0.2262 -0.819 0.0806 0.214 -0.8279 0.0622 0.232
158.0 -0.9056 0.0628 0.2236 -0.8184 0.022 0.2739 -0.8061 0.0518 0.2447 -0.8086 0.0661 0.2298 -0.811 0.0798 0.2156 -0.8128 0.09 0.205 -0.8262 0.046 0.2486 -0.825 0.0596 0.2349 -0.8288 0.0713 0.2225 -0.8352 0.0827 0.2103 -0.8442 0.0645 0.228
159.0 -0.919 0.064 0.221 -0.8339 0.0248 0.2695 -0.8071 0.0578 0.2385 -0.8093 0.0703 0.2255 -0.8113 0.0816 0.2137 -0.8134 0.0936 0.2013 -0.8443 0.0491 0.2437 -0.8422 0.0622 0.2305 -0.8451 0.074 0.2181 -0.8514 0.0848 0.2065 -0.8604 0.0668 0.224
160.0 -0.9352 0.0661 0.2173 -0.8501 0.0269 0.2658 -0.8078 0.0619 0.2342 -0.8102 0.0757 0.2199 -0.8123 0.0876 0.2075 -0.8142 0.0983 0.1963 -0.8589 0.052 0.2393 -0.8585 0.0649 0.2262 -0.8623 0.0766 0.2138 -0.8695 0.0872 0.2022 -0.8769 0.0693 0.2198
161.0 -0.9509 0.0701 0.2116 -0.8685 0.0318 0.259 -0.8087 0.0667 0.2292 -0.8113 0.0816 0.2137 -0.8133 0.093 0.2019 -0.8269 0.1003 0.1931 -0.876 0.0546 0.235 -0.8748 0.0676 0.2218 -0.8786 0.0793 0.2095 -0.8868 0.091 0.1967 -0.8934 0.0725 0.2149
162.0 -0.9646 0.0731 0.2072 -0.8833 0.0359 0.2533 -0.8328 0.0689 0.2245 -0.8181 0.0856 0.209 -0.8236 0.0965 0.1973 -0.8433 0.1036 0.1881 -0.8949 0.0569 0.2307 -0.8938 0.0705 0.2169 -0.8968 0.0829 0.2039 -0.9041 0.0941 0.1917 -0.9109 0.0755 0.2101
163.0 -0.9792 0.0761 0.2027 -0.8972 0.0395 0.2483 -0.8474 0.0719 0.2201 -0.8382 0.0896 0.2029 -0.8436 0.1005 0.1912 -0.8616 0.1078 0.1819 -0.9115 0.0614 0.2245 -0.9103 0.0744 0.2113 -0.9141 0.0861 0.199 -0.9215 0.0979 0.1861 -0.9273 0.0792 0.2047
164.0 -0.994 0.0802 0.1971 -0.9149 0.0456 0.2402 -0.8644 0.0787 0.2114 -0.855 0.0953 0.1954 -0.8621 0.1053 0.1845 -0.881 0.1131 0.1746 -0.9274 0.0666 0.2176 -0.927 0.0794 0.2045 -0.9317 0.091 0.1921 -0.9398 0.1021 0.18 -0.944 0.0839 0.1982
165.0 -1.0097 0.0842 0.1914 -0.9327 0.0518 0.2322 -0.8821 0.0843 0.204 -0.8737 0.1013 0.1874 -0.8818 0.1124 0.1752 -0.9042 0.1198 0.1655 -0.9431 0.0706 0.2119 -0.9428 0.084 0.1982 -0.9483 0.0955 0.1859 -0.958 0.1058 0.1744 -0.9604 0.088 0.1924
166.0 -1.079 0.1035 0.1648 -0.9596 0.13 0.1495 -0.9699 0.128 0.1505 -0.9715 0.1223 0.1562 -0.9674 0.1088 0.1704 -0.986 0.0696 0.2086 -0.9854 0.1064 0.1711 -0.9928 0.0981 0.1789 -1.0062 0.0895 0.1863 -1.0249 0.0809 0.1933 -1.0177 0.0957 0.1789
167.0 -1.1355 0.0843 0.1788 -1.0184 0.0787 0.1961 -0.9946 0.1186 0.1577 -0.994 0.1101 0.1665 -1.0033 0.093 0.1831 -1.0119 0.082 0.1934 -1.0491 0.1332 0.1374 -1.0453 0.127 0.1441 -1.0452 0.116 0.1553 -1.0481 0.1028 0.1686 -1.0646 0.1127 0.1568
167.0 -1.1355 0.0843 0.1788 -1.0184 0.0787 0.1961 -0.9946 0.1186 0.1577 -0.994 0.1101 0.1665 -1.0033 0.093 0.1831 -1.0119 0.082 0.1934 -1.0491 0.1332 0.1374 -1.0453 0.127 0.1441 -1.0452 0.116 0.1553 -1.0481 0.1028 0.1686 -1.0646 0.1127 0.1568
167.0 -1.1355 0.0843 0.1788 -1.0184 0.0787 0.1961 -0.9946 0.1186 0.1577 -0.994 0.1101 0.1665 -1.0033 0.093 0.1831 -1.0119 0.082 0.1934 -1.0491 0.1332 0.1374 -1.0453 0.127 0.1441 -1.0452 0.116 0.1553 -1.0481 0.1028 0.1686 -1.0646 0.1127 0.1568
167.0 -1.1355 0.0843 0.1788 -1.0184 0.0787 0.1961 -0.9946 0.1186 0.1577 -0.994 0.1101 0.1665 -1.0033 0.093 0.1831 -1.0119 0.082 0.1934 -1.0491 0.1332 0.1374 -1.0453 0.127 0.1441 -1.0452 0.116 0.1553 -1.0481 0.1028 0.1686 -1.0646 0.1127 0.1568
167.0 -1.1355 0.0843 0.1788 -1.0184 0.0787 0.1961 -0.9946 0.1186 0.1577 -0.994 0.1101 0.1665 -1.0033 0.093 0.1831 -1.0119 0.082 0.1934 -1.0491 0.1332 0.1374 -1.0453 0.127 0.1441 -1.0452 0.116 0.1553 -1.0481 0.1028 0.1686 -1.0646 0.1127 0.1568
167.0 -1.1355 0.0843 0.1788 -1.0184 0.0787 0.1961 -0.9946 0.1186 0.1577 -0.994 0.1101 0.1665 -1.0033 0.093 0.1831 -1.0119 0.082 0.1934 -1.0491 0.1332 0.1374 -1.0453 0.127 0.1441 -1.0452 0.116 0.1553 -1.0481 0.1028 0.1686 -1.0646 0.1127 0.1568
167.0 -1.1355 0.0843 0.1788 -1.0184 0.0787 0.1961 -0.9946 0.1186 0.1577 -0.994 0.1101 0.1665 -1.0033 0.093 0.1831 -1.0119 0.082 0.1934 -1.0491 0.1332 0.1374 -1.0453 0.127 0.1441 -1.0452 0.116 0.1553 -1.0481 0.1028 0.1686 -1.0646 0.1127 0.1568
167.0 -1.1355 0.0843 0.1788 -1.0184 0.0787 0.1961 -0.9946 0.1186 0.1577 -0.994 0.1101 0.1665 -1.0033 0.093 0.1831 -1.0119 0.082 0.1934 -1.0491 0.1332 0.1374 -1.0453 0.127 0.1441 -1.0452 0.116 0.1553 -1.0481 0.1028 0.1686 -1.0646 0.1127 0.1568
167.0 -1.1355 0.0843 0.1788 -1.0184 0.0787 0.1961 -0.9946 0.1186 0.1577 -0.994 0.1101 0.1665 -1.0033 0.093 0.1831 -1.0119 0.082 0.1934 -1.0491 0.1332 0.1374 -1.0453 0.127 0.1441 -1.0452 0.116 0.1553 -1.0481 0.1028 0.1686 -1.0646 0.1127 0.1568
167.0 -1.1355 0.0843 0.1788 -1.0184 0.0787 0.1961 -0.9946 0.1186 0.1577 -0.994 0.1101 0.1665 -1.0033 0.093 0.1831 -1.0119 0.082 0.1934 -1.0491 0.1332 0.1374 -1.0453 0.127 0.1441 -1.0452 0.116 0.1553 -1.0481 0.1028 0.1686 -1.0646 0.1127 0.1568
167.0 -1.1355 0.0843 0.1788 -1.0184 0.0787 0.1961 -0.9946 0.1186 0.1577 -0.994 0.1101 0.1665 -1.0033 0.093 0.1831 -1.0119 0.082 0.1934 -1.0491 0.1332 0.1374 -1.0453 0.127 0.1441 -1.0452 0.116 0.1553 -1.0481 0.1028 0.1686 -1.0646 0.1127 0.1568
167.0 -1.1355 0.0843 0.1788 -1.0184 0.0787 0.1961 -0.9946 0.1186 0.1577 -0.994 0.1101 0.1665 -1.0033 0.093 0.1831 -1.0119 0.082 0.1934 -1.0491 0.1332 0.1374 -1.0453 0.127 0.1441 -1.0452 0.116 0.1553 -1.0481 0.1028 0.1686 -1.0646 0.1127 0.1568
167.0 -1.1355 0.0843 0.1788 -1.0184 0.0787 0.1961 -0.9946 0.1186 0.1577 -0.994 0.1101 0.1665 -1.0033 0.093 0.1831 -1.0119 0.082 0.1934 -1.0491 0.1332 0.1374 -1.0453 0.127 0.1441 -1.0452 0.116 0.1553 -1.0481 0.1028 0.1686 -1.0646 0.1127 0.1568
167.0 -1.1355 0.0843 0.1788 -1.0184 0.0787 0.1961 -0.9946 0.1186 0.1577 -0.994 0.1101 0.1665 -1.0033 0.093 0.1831 -1.0119 0.082 0.1934 -1.0491 0.1332 0.1374 -1.0453 0.127 0.1441 -1.0452 0.116 0.1553 -1.0481 0.1028 0.1686 -1.0646 0.1127 0.1568
167.0 -1.1355 0.0843 0.1788 -1.0184 0.0787 0.1961 -0.9946 0.1186 0.1577 -0.994 0.1101 0.1665 -1.0033 0.093 0.1831 -1.0119 0.082 0.1934 -1.0491 0.1332 0.1374 -1.0453 0.127 0.1441 -1.0452 0.116 0.1553 -1.0481 0.1028 0.1686 -1.0646 0.1127 0.1568
167.0 -1.1355 0.0843 0.1788 -1.0184 0.0787 0.1961 -0.9946 0.1186 0.1577 -0.994 0.1101 0.1665 -1.0033 0.093 0.1831 -1.0119 0.082 0.1934 -1.0491 0.1332 0.1374 -1.0453 0.127 0.1441 -1.0452 0.116 0.1553 -1.0481 0.1028 0.1686 -1.0646 0.1127 0.1568
167.0 -1.1355 0.0843 0.1788 -1.0184 0.0787 0.1961 -0.9946 0.1186 0.1577 -0.994 0.1101 0.1665 -1.0033 0.093 0.1831 -1.0119 0.082 0.1934 -1.0491 0.1332 0.1374 -1.0453 0.127 0.1441 -1.0452 0.116 0.1553 -1.0481 0.1028 0.1686 -1.0646 0.1127 0.1568
167.0 -1.1355 0.0843 0.1788 -1.0184 0.0787 0.1961 -0.9946 0.1186 0.1577 -0.994 0.1101 0.1665 -1.0033 0.093 0.1831 -1.0119 0.082 0.1934 -1.0491 0.1332 0.1374 -1.0453 0.127 0.1441 -1.0452 0.116 0.1553 -1.0481 0.1028 0.1686 -1.0646 0.1127 0.1568
167.0 -1.1355 0.0843 0.1788 -1.0184 0.0787 0.1961 -0.9946 0.1186 0.1577 -0.994 0.1101 0.1665 -1.0033 0.093 0.1831 -1.0119 0.082 0.1934 -1.0491 0.1332 0.1374 -1.0453 0.127 0.1441 -1.0452 0.116 0.1553 -1.0481 0.1028 0.1686 -1.0646 0.1127 0.1568
167.0 -1.1355 0.0843 0.1788 -1.0184 0.0787 0.1961 -0.9946 0.1186 0.1577 -0.994 0.1101 0.1665 -1.0033 0.093 0.1831 -1.0119 0.082 0.1934 -1.0491 0.1332 0.1374 -1.0453 0.127 0.1441 -1.0452 0.116 0.1553 -1.0481 0.1028 0.1686 -1.0646 0.1127 0.1568
167.0 -1.1355 0.0843 0.1788 -1.0184 0.0787 0.1961 -0.9946 0.1186 0.1577 -0.994 0.1101 0.1665 -1.0033 0.093 0.1831 -1.0119 0.082 0.1934 -1.0491 0.1332 0.1374 -1.0453 0.127 0.1441 -1.0452 0.116 0.1553 -1.0481 0.1028 0.1686 -1.0646 0.1127 0.1568
167.0 -1.1355 0.0843 0.1788 -1.0184 0.0787 0.1961 -0.9946 0.1186 0.1577 -0.994 0.1101 0.1665 -1.0033 0.093 0.1831 -1.0119 0.082 0.1934 -1.0491 0.1332 0.1374 -1.0453 0.127 0.1441 -1.0452 0.116 0.1553 -1.0481 0.1028 0.1686 -1.0646 0.1127 0.1568
167.0 -1.1355 0.0843 0.1788 -1.0184 0.0787 0.1961 -0.9946 0.1186 0.1577 -0.994 0.1101 0.1665 -1.0033 0.093 0.1831 -1.0119 0.082 0.1934 -1.0491 0.1332 0.1374 -1.0453 0.127 0.1441 -1.0452 0.116 0.1553 -1.0481 0.1028 0.1686 -1.0646 0.1127 0.1568
167.0 -1.1355 0.0843 0.1788 -1.0184 0.0787 0.1961 -0.9946 0.1186 0.1577 -0.994 0.1101 0.1665 -1.0033 0.093 0.1831 -1.0119 0.082 0.1934 -1.0491 0.1332 0.1374 -1.0453 0.127 0.1441 -1.0452 0.116 0.1553 -1.0481 0.1028 0.1686 -1.0646 0.1127 0.1568
167.0 -1.1355 0.0843 0.1788 -1.0184 0.0787 0.1961 -0.9946 0.1186 0.1577 -0.994 0.1101 0.1665 -1.0033 0.093 0.1831 -1.0119 0.082 0.1934 -1.0491 0.1332 0.1374 -1.0453 0.127 0.1441 -1.0452 0.116 0.1553 -1.0481 0.1028 0.1686 -1.0646 0.1127 0.1568
167.0 -1.1355 0.0843 0.1788 -1.0184 0.0787 0.1961 -0.9946 0.1186 0.1577 -0.994 0.1101 0.1665 -1.0033 0.093 0.1831 -1.0119 0.082 0.1934 -1.0491 0.1332 0.1374 -1.0453 0.127 0.1441 -1.0452 0.116 0.1553 -1.0481 0.1028 0.1686 -1.0646 0.1127 0.1568
167.0 -1.1355 0.0843 0.1788 -1.0184 0.0787 0.1961 -0.9946 0.1186 0.1577 -0.994 0.1101 0.1665 -1.0033 0.093 0.1831 -1.0119 0.082 0.1934 -1.0491 0.1332 0.1374 -1.0453 0.127 0.1441 -1.0452 0.116 0.1553 -1.0481 0.1028 0.1686 -1.0646 0.1127 0.1568
167.0 -1.1355 0.0843 0.1788 -1.0184 0.0787 0.1961 -0.9946 0.1186 0.1577 -0.994 0.1101 0.1665 -1.0033 0.093 0.1831 -1.0119 0.082 0.1934 -1.0491 0.1332 0.1374 -1.0453 0.127 0.1441 -1.0452 0.116 0.1553 -1.0481 0.1028 0.1686 -1.0646 0.1127 0.1568
167.0 -1.1355 0.0843 0.1788 -1.0184 0.0787 0.1961 -0.9946 0.1186 0.1577 -0.994 0.1101 0.1665 -1.0033 0.093 0.1831 -1.0119 0.082 0.1934 -1.0491 0.1332 0.1374 -1.0453 0.127 0.1441 -1.0452 0.116 0.1553 -1.0481 0.1028 0.1686 -1.0646 0.1127 0.1568
167.0 -1.1355 0.0843 0.1788 -1.0184 0.0787 0.1961 -0.9946 0.1186 0.1577 -0.994 0.1101 0.1665 -1.0033 0.093 0.1831 -1.0119 0.082 0.1934 -1.0491 0.1332 0.1374 -1.0453 0.127 0.1441 -1.0452 0.116 0.1553 -1.0481 0.1028 0.1686 -1.0646 0.1127 0.1568
167.0 -1.1355 0.0843 0.1788 -1.0184 0.0787 0.1961 -0.9946 0.1186 0.1577 -0.994 0.1101 0.1665 -1.0033 0.093 0.1831 -1.0119 0.082 0.1934 -1.0491 0.1332 0.1374 -1.0453 0.127 0.1441 -1.0452 0.116 0.1553 -1.0481 0.1028 0.1686 -1.0646 0.1127 0.1568
167.0 -1.1355 0.0843 0.1788 -1.0184 0.0787 0.1961 -0.9946 0.1186 0.1577 -0.994 0.1101 0.1665 -1.0033 0.093 0.1831 -1.0119 0.082 0.1934 -1.0491 0.1332 0.1374 -1.0453 0.127 0.1441 -1.0452 0.116 0.1553 -1.0481 0.1028 0.1686 -1.0646 0.1127 0.1568
167.0 -1.1355 0.0843 0.1788 -1.0184 0.0787 0.1961 -0.9946 0.1186 0.1577 -0.994 0.1101 0.1665 -1.0033 0.093 0.1831 -1.0119 0.082 0.1934 -1.0491 0.1332 0.1374 -1.0453 0.127 0.1441 -1.0452 0.116 0.1553 -1.0481 0.1028 0.1686 -1.0646 0.1127 0.1568
167.0 -1.1355 0.0843 0.1788 -1.0184 0.0787 0.1961 -0.9946 0.1186 0.1577 -0.994 0.1101 0.1665 -1.0033 0.093 0.1831 -1.0119 0.082 0.1934 -1.0491 0.1332 0.1374 -1.0453 0.127 0.1441 -1.0452 0.116 0.1553 -1.0481 0.1028 0.1686 -1.0646 0.1127 0.1568
167.0 -1.1355 0.0843 0.1788 -1.0184 0.0787 0.1961 -0.9946 0.1186 0.1577 -0.994 0.1101 0.1665 -1.0033 0.093 0.1831 -1.0119 0.082 0.1934 -1.0491 0.1332 0.1374 -1.0453 0.127 0.1441 -1.0452 0.116 0.1553 -1.0481 0.1028 0.1686 -1.0646 0.1127 0.1568
167.0 -1.1355 0.0843 0.1788 -1.0184 0.0787 0.1961 -0.9946 0.1186 0.1577 -0.994 0.1101 0.1665 -1.0033 0.093 0.1831 -1.0119 0.082 0.1934 -1.0491 0.1332 0.1374 -1.0453 0.127 0.1441 -1.0452 0.116 0.1553 -1.0481 0.1028 0.1686 -1.0646 0.1127 0.1568
167.0 -1.1355 0.0843 0.1788 -1.0184 0.0787 0.1961 -0.9946 0.1186 0.1577 -0.994 0.1101 0.1665 -1.0033 0.093 0.1831 -1.0119 0.082 0.1934 -1.0491 0.1332 0.1374 -1.0453 0.127 0.1441 -1.0452 0.116 0.1553 -1.0481 0.1028 0.1686 -1.0646 0.1127 0.1568
167.0 -1.1355 0.0843 0.1788 -1.0184 0.0787 0.1961 -0.9946 0.1186 0.1577 -0.994 0.1101 0.1665 -1.0033 0.093 0.1831 -1.0119 0.082 0.1934 -1.0491 0.1332 0.1374 -1.0453 0.127 0.1441 -1.0452 0.116 0.1553 -1.0481 0.1028 0.1686 -1.0646 0.1127 0.1568
167.0 -1.1355 0.0843 0.1788 -1.0184 0.0787 0.1961 -0.9946 0.1186 0.1577 -0.994 0.1101 0.1665 -1.0033 0.093 0.1831 -1.0119 0.082 0.1934 -1.0491 0.1332 0.1374 -1.0453 0.127 0.1441 -1.0452 0.116 0.1553 -1.0481 0.1028 0.1686 -1.0646 0.1127 0.1568
167.0 -1.1355 0.0843 0.1788 -1.0184 0.0787 0.1961 -0.9946 0.1186 0.1577 -0.994 0.1101 0.1665 -1.0033 0.093 0.1831 -1.0119 0.082 0.1934 -1.0491 0.1332 0.1374 -1.0453 0.127 0.1441 -1.0452 0.116 0.1553 -1.0481 0.1028 0.1686 -1.0646 0.1127 0.1568
167.0 -1.1355 0.0843 0.1788 -1.0184 0.0787 0.1961 -0.9946 0.1186 0.1577 -0.994 0.1101 0.1665 -1.0033 0.093 0.1831 -1.0119 0.082 0.1934 -1.0491 0.1332 0.1374 -1.0453 0.127 0.1441 -1.0452 0.116 0.1553 -1.0481 0.1028 0.1686 -1.0646 0.1127 0.1568
167.0 -1.1355 0.0843 0.1788 -1.0184 0.0787 0.1961 -0.9946 0.1186 0.1577 -0.994 0.1101 0.1665 -1.0033 0.093 0.1831 -1.0119 0.082 0.1934 -1.0491 0.1332 0.1374 -1.0453 0.127 0.1441 -1.0452 0.116 0.1553 -1.0481 0.1028 0.1686 -1.0646 0.1127 0.1568
167.0 -1.1355 0.0843 0.1788 -1.0184 0.0787 0.1961 -0.9946 0.1186 0.1577 -0.994 0.1101 0.1665 -1.0033 0.093 0.1831 -1.0119 0.082 0.1934 -1.0491 0.1332 0.1374 -1.0453 0.127 0.1441 -1.0452 0.116 0.1553 -1.0481 0.1028 0.1686 -1.0646 0.1127 0.1568
167.0 -1.1355 0.0843 0.1788 -1.0184 0.0787 0.1961 -0.9946 0.1186 0.1577 -0.994 0.1101 0.1665 -1.0033 0.093 0.1831 -1.0119 0.082 0.1934 -1.0491 0.1332 0.1374 -1.0453 0.127 0.1441 -1.0452 0.116 0.1553 -1.0481 0.1028 0.1686 -1.0646 0.1127 0.1568
