2.0 -1.1196 0.0687 0.1963 -1.0915 0.0694 0.1983 -1.0384 0.0876 0.185 -1.0292 0.1005 0.1728 -1.0381 0.106 0.1663 -1.0554 0.1091 0.1613 -1.0809 0.069 0.1998 -1.0818 0.0793 0.1892 -1.0858 0.0867 0.1813 -1.0921 0.0926 0.1746 -1.092 0.0793 0.1882
3.0 -1.1195 0.0681 0.1969 -1.0914 0.0688 0.199 -1.0376 0.0877 0.185 -1.0302 0.1009 0.1722 -1.039 0.1059 0.1663 -1.0581 0.1094 0.1608 -1.081 0.0696 0.1992 -1.0818 0.0793 0.1892 -1.0867 0.0872 0.1807 -1.093 0.0931 0.174 -1.0924 0.0795 0.188
4.0 -1.1158 0.0674 0.198 -1.0916 0.07 0.1977 -1.0368 0.0884 0.1844 -1.0294 0.1016 0.1716 -1.0381 0.106 0.1663 -1.0563 0.109 0.1614 -1.0825 0.0682 0.2005 -1.0833 0.0779 0.1905 -1.0865 0.086 0.1819 -1.092 0.092 0.1753 -1.092 0.0783 0.1892
5.0 -1.1169 0.0685 0.1968 -1.0906 0.069 0.1989 -1.0358 0.088 0.1849 -1.0293 0.1011 0.1722 -1.0382 0.1066 0.1657 -1.0563 0.109 0.1614 -1.0793 0.0699 0.1991 -1.0801 0.0795 0.1892 -1.0841 0.0869 0.1812 -1.0912 0.0927 0.1746 -1.0903 0.0795 0.1882
6.0 -1.115 0.0675 0.198 -1.0924 0.0693 0.1984 -1.0377 0.0883 0.1844 -1.0293 0.1011 0.1722 -1.0373 0.1061 0.1663 -1.0564 0.1096 0.1608 -1.081 0.0696 0.1992 -1.0818 0.0793 0.1892 -1.0849 0.0868 0.1812 -1.0912 0.0927 0.1746 -1.0908 0.0792 0.1884
7.0 -1.1167 0.0673 0.1981 -1.0914 0.0688 0.199 -1.0385 0.0882 0.1844 -1.0294 0.1016 0.1716 -1.0364 0.1062 0.1662 -1.0546 0.1099 0.1607 -1.0838 0.0705 0.198 -1.0838 0.0803 0.188 -1.0868 0.0878 0.18 -1.0912 0.0927 0.1746 -1.0925 0.0797 0.1878
8.0 -1.1161 0.0692 0.1962 -1.0908 0.0702 0.1977 -1.0377 0.0883 0.1844 -1.0287 0.1024 0.1709 -1.0365 0.1068 0.1656 -1.0547 0.1105 0.1601 -1.0795 0.0711 0.1979 -1.0795 0.0808 0.1879 -1.0825 0.0884 0.1799 -1.0887 0.0936 0.1739 -1.0893 0.0806 0.1871
9.0 -1.1163 0.0704 0.1949 -1.0898 0.0697 0.1983 -1.0378 0.0889 0.1838 -1.0286 0.1018 0.1715 -1.0357 0.1069 0.1656 -1.053 0.1107 0.16 -1.0795 0.0711 0.1979 -1.0795 0.0808 0.1879 -1.0826 0.089 0.1793 -1.0881 0.095 0.1726 -1.0892 0.0812 0.1865
10.0 -1.1161 0.0692 0.1962 -1.0898 0.0697 0.1983 -1.0362 0.0897 0.1831 -1.0278 0.1025 0.1709 -1.035 0.1082 0.1643 -1.0531 0.1113 0.1594 -1.0778 0.0713 0.1978 -1.0777 0.0811 0.1878 -1.0817 0.0885 0.1798 -1.0879 0.0938 0.1738 -1.0882 0.0808 0.1871
11.0 -1.1162 0.0698 0.1956 -1.09 0.0709 0.197 -1.0362 0.0897 0.1831 -1.0278 0.1025 0.1709 -1.0358 0.1075 0.165 -1.053 0.1107 0.16 -1.0761 0.0715 0.1977 -1.0769 0.0812 0.1878 -1.0808 0.0886 0.1798 -1.088 0.0944 0.1732 -1.0876 0.0811 0.1868
12.0 -1.1164 0.071 0.1943 -1.088 0.0693 0.1988 -1.0352 0.0893 0.1837 -1.0261 0.1027 0.1708 -1.0359 0.1081 0.1643 -1.0547 0.1105 0.1601 -1.0767 0.0702 0.199 -1.0776 0.0805 0.1884 -1.0825 0.0884 0.1799 -1.0898 0.0947 0.1727 -1.0886 0.081 0.1869
13.0 -1.117 0.0691 0.1962 -1.0883 0.0711 0.197 -1.0342 0.0888 0.1843 -1.026 0.1021 0.1714 -1.0348 0.107 0.1655 -1.0531 0.1113 0.1594 -1.0768 0.0708 0.1984 -1.0768 0.0806 0.1884 -1.0808 0.0886 0.1798 -1.088 0.0944 0.1732 -1.0879 0.0807 0.1872
14.0 -1.1093 0.0701 0.1959 -1.0876 0.0718 0.1963 -1.0333 0.0883 0.1848 -1.0252 0.1022 0.1714 -1.0332 0.1079 0.1649 -1.0522 0.1108 0.16 -1.0744 0.0718 0.1977 -1.0743 0.0815 0.1877 -1.0774 0.0891 0.1797 -1.0844 0.0942 0.1737 -1.084 0.0813 0.1869
15.0 -1.1134 0.0689 0.1967 -1.0865 0.0707 0.1975 -1.0324 0.0884 0.1848 -1.0243 0.1023 0.1714 -1.0331 0.1073 0.1655 -1.0513 0.1109 0.1599 -1.0758 0.0697 0.1996 -1.0775 0.0799 0.1891 -1.0816 0.0879 0.1805 -1.0887 0.0936 0.1739 -1.0874 0.08 0.1879
16.0 -1.1108 0.0687 0.1972 -1.0882 0.0705 0.1976 -1.0333 0.0883 0.1848 -1.025 0.1016 0.172 -1.0331 0.1073 0.1655 -1.0512 0.1103 0.1606 -1.0785 0.0706 0.1985 -1.0785 0.0804 0.1885 -1.0816 0.0879 0.1805 -1.0869 0.0933 0.1744 -1.0873 0.0802 0.1878
17.0 -1.1093 0.0701 0.1959 -1.0867 0.0719 0.1963 -1.0317 0.0891 0.1842 -1.0243 0.1023 0.1714 -1.0322 0.1074 0.1654 -1.0504 0.111 0.1599 -1.0734 0.0713 0.1983 -1.0733 0.0811 0.1883 -1.0773 0.0885 0.1803 -1.0844 0.0942 0.1737 -1.0835 0.081 0.1873
18.0 -1.1135 0.0695 0.1961 -1.0856 0.0709 0.1975 -1.0327 0.0902 0.1829 -1.0236 0.1037 0.1701 -1.0316 0.1087 0.1642 -1.0514 0.1115 0.1593 -1.0776 0.0701 0.1991 -1.0784 0.0798 0.1891 -1.0824 0.0878 0.1805 -1.0889 0.0942 0.1733 -1.0882 0.0803 0.1876
19.0 -1.1108 0.0687 0.1972 -1.0868 0.0725 0.1957 -1.0317 0.0891 0.1842 -1.0243 0.1023 0.1714 -1.0315 0.1081 0.1648 -1.0496 0.1111 0.1599 -1.0768 0.0708 0.1984 -1.0777 0.0811 0.1878 -1.0808 0.0886 0.1798 -1.0862 0.094 0.1738 -1.0865 0.0806 0.1874
20.0 -1.1116 0.0686 0.1972 -1.0867 0.0719 0.1963 -1.0325 0.089 0.1842 -1.0234 0.1025 0.1713 -1.0315 0.1081 0.1648 -1.0504 0.111 0.1599 -1.0743 0.0712 0.1983 -1.0742 0.0809 0.1883 -1.0781 0.0884 0.1803 -1.0843 0.0936 0.1743 -1.0845 0.0805 0.1877
21.0 -1.1101 0.07 0.1959 -1.0877 0.0724 0.1957 -1.0308 0.0893 0.1841 -1.0234 0.1025 0.1713 -1.0306 0.1082 0.1648 -1.0497 0.1117 0.1592 -1.0743 0.0712 0.1983 -1.0751 0.0808 0.1883 -1.0781 0.0884 0.1803 -1.0844 0.0942 0.1737 -1.0844 0.0809 0.1873
22.0 -1.1074 0.0697 0.1965 -1.084 0.0717 0.1968 -1.03 0.09 0.1835 -1.0226 0.1026 0.1713 -1.0306 0.1082 0.1648 -1.0487 0.1113 0.1598 -1.0718 0.0721 0.1976 -1.0717 0.0819 0.1876 -1.0757 0.0893 0.1796 -1.0827 0.0945 0.1736 -1.0819 0.0815 0.187
23.0 -1.1126 0.069 0.1967 -1.0877 0.0724 0.1957 -1.0309 0.0898 0.1835 -1.0234 0.1025 0.1713 -1.0306 0.1082 0.1648 -1.0487 0.1113 0.1598 -1.076 0.0709 0.1984 -1.0759 0.0807 0.1884 -1.079 0.0882 0.1804 -1.0853 0.0941 0.1737 -1.0858 0.0806 0.1875
24.0 -1.1106 0.0675 0.1985 -1.0885 0.0723 0.1957 -1.0308 0.0893 0.1841 -1.0227 0.1032 0.1707 -1.0296 0.1077 0.1653 -1.0486 0.1107 0.1605 -1.076 0.0709 0.1984 -1.0769 0.0812 0.1878 -1.08 0.0887 0.1798 -1.0852 0.0935 0.1744 -1.0857 0.0804 0.1877
25.0 -1.1116 0.0686 0.1972 -1.0857 0.0715 0.1969 -1.0299 0.0894 0.1841 -1.0216 0.1021 0.1719 -1.0296 0.1077 0.1653 -1.0479 0.1114 0.1598 -1.0744 0.0718 0.1977 -1.0752 0.0814 0.1877 -1.0791 0.0888 0.1797 -1.0853 0.0941 0.1737 -1.0851 0.0809 0.1872
26.0 -1.1065 0.0693 0.197 -1.0859 0.0726 0.1956 -1.0299 0.0894 0.1841 -1.0216 0.1021 0.1719 -1.0296 0.1077 0.1653 -1.0479 0.1114 0.1598 -1.0733 0.0707 0.1989 -1.0732 0.0805 0.1889 -1.0764 0.0886 0.1803 -1.0818 0.094 0.1742 -1.0822 0.0806 0.1879
27.0 -1.1049 0.0701 0.1964 -1.0841 0.0723 0.1962 -1.0291 0.0895 0.1841 -1.0217 0.1027 0.1713 -1.0306 0.1082 0.1648 -1.048 0.112 0.1592 -1.07 0.0717 0.1981 -1.0699 0.0815 0.1881 -1.0738 0.0889 0.1802 -1.081 0.0947 0.1736 -1.0799 0.0814 0.1873
28.0 -1.1138 0.0707 0.1948 -1.0821 0.0707 0.198 -1.0291 0.0895 0.1841 -1.0216 0.1021 0.1719 -1.0296 0.1077 0.1653 -1.0478 0.1108 0.1604 -1.0725 0.0714 0.1982 -1.0733 0.0811 0.1883 -1.0774 0.0891 0.1797 -1.0846 0.0948 0.1731 -1.0843 0.0814 0.1868
29.0 -1.1056 0.0694 0.197 -1.0832 0.0718 0.1968 -1.0276 0.0909 0.1827 -1.021 0.1034 0.1706 -1.0288 0.1078 0.1653 -1.0487 0.1113 0.1598 -1.0692 0.0725 0.1975 -1.07 0.0821 0.1875 -1.0748 0.0894 0.1796 -1.0819 0.0946 0.1736 -1.0803 0.0816 0.187
30.0 -1.1082 0.069 0.1971 -1.0831 0.0712 0.1974 -1.0284 0.0908 0.1828 -1.0218 0.1033 0.1707 -1.0296 0.1077 0.1653 -1.0487 0.1113 0.1598 -1.0717 0.0715 0.1982 -1.0733 0.0811 0.1883 -1.0773 0.0885 0.1803 -1.0844 0.0942 0.1737 -1.083 0.0809 0.1875
31.0 -1.11 0.0694 0.1966 -1.0839 0.0711 0.1974 -1.0291 0.0895 0.1841 -1.0216 0.1021 0.1719 -1.0314 0.1075 0.1654 -1.0487 0.1113 0.1598 -1.0707 0.071 0.1988 -1.0724 0.0806 0.1889 -1.0773 0.0885 0.1803 -1.0844 0.0942 0.1737 -1.083 0.0807 0.1876
32.0 -1.1083 0.0696 0.1965 -1.0831 0.0712 0.1974 -1.0282 0.0896 0.184 -1.0209 0.1028 0.1712 -1.0296 0.1077 0.1653 -1.0487 0.1113 0.1598 -1.0698 0.0712 0.1988 -1.0708 0.0814 0.1882 -1.0756 0.0887 0.1802 -1.0836 0.0943 0.1737 -1.0816 0.081 0.1875
33.0 -1.1057 0.07 0.1964 -1.084 0.0717 0.1968 -1.0283 0.0902 0.1834 -1.0218 0.1033 0.1707 -1.0306 0.1082 0.1648 -1.0496 0.1111 0.1599 -1.069 0.0713 0.1987 -1.0699 0.0815 0.1881 -1.0747 0.0888 0.1802 -1.0819 0.0946 0.1736 -1.0802 0.0812 0.1874
34.0 -1.1049 0.0701 0.1964 -1.0847 0.0704 0.1981 -1.0291 0.0895 0.1841 -1.0209 0.1028 0.1712 -1.0288 0.1078 0.1653 -1.0469 0.1109 0.1604 -1.0716 0.0709 0.1988 -1.0707 0.0808 0.1888 -1.0747 0.0888 0.1802 -1.08 0.0942 0.1742 -1.0804 0.081 0.1877
35.0 -1.1082 0.069 0.1971 -1.0857 0.0715 0.1969 -1.0301 0.0906 0.1828 -1.0209 0.1028 0.1712 -1.0297 0.1083 0.1647 -1.0479 0.1114 0.1598 -1.0743 0.0712 0.1983 -1.0742 0.0809 0.1883 -1.0774 0.0891 0.1797 -1.0819 0.0946 0.1736 -1.0832 0.081 0.1874
36.0 -1.104 0.0702 0.1963 -1.0841 0.0723 0.1962 -1.0283 0.0902 0.1834 -1.0217 0.1027 0.1713 -1.0306 0.1082 0.1648 -1.0486 0.1107 0.1605 -1.0683 0.0726 0.1974 -1.0683 0.0824 0.1874 -1.0731 0.0897 0.1795 -1.0802 0.0948 0.1735 -1.0788 0.0819 0.1869
37.0 -1.1076 0.0709 0.1952 -1.0823 0.0719 0.1967 -1.0282 0.0896 0.184 -1.0208 0.1022 0.1719 -1.0288 0.1078 0.1653 -1.0478 0.1108 0.1604 -1.0691 0.0719 0.1981 -1.0699 0.0815 0.1881 -1.0748 0.0894 0.1796 -1.0819 0.0946 0.1736 -1.0807 0.0817 0.1869
38.0 -1.1065 0.0693 0.197 -1.0822 0.0713 0.1974 -1.0283 0.0902 0.1834 -1.0217 0.1027 0.1713 -1.0306 0.1082 0.1648 -1.0486 0.1107 0.1605 -1.0701 0.0723 0.1975 -1.0709 0.082 0.1875 -1.0757 0.0893 0.1796 -1.0826 0.0939 0.1743 -1.0811 0.0814 0.1872
39.0 -1.104 0.0702 0.1963 -1.0814 0.072 0.1967 -1.0276 0.0909 0.1827 -1.0201 0.1035 0.1706 -1.028 0.1086 0.1647 -1.0463 0.1122 0.1591 -1.0698 0.0712 0.1988 -1.0699 0.0815 0.1881 -1.0738 0.0889 0.1802 -1.0793 0.0949 0.1735 -1.0794 0.0814 0.1874
40.0 -1.1049 0.0701 0.1964 -1.0824 0.0725 0.1961 -1.0266 0.0904 0.1833 -1.021 0.1034 0.1706 -1.0289 0.1084 0.1647 -1.047 0.1115 0.1598 -1.0684 0.0732 0.1968 -1.0693 0.0828 0.1869 -1.0732 0.0902 0.1789 -1.0803 0.0954 0.1729 -1.0792 0.0824 0.1864
41.0 -1.104 0.0702 0.1963 -1.0807 0.0727 0.196 -1.0257 0.0905 0.1833 -1.0191 0.103 0.1712 -1.0271 0.1081 0.1652 -1.0462 0.1116 0.1597 -1.0683 0.0726 0.1974 -1.069 0.0816 0.1881 -1.074 0.0895 0.1795 -1.0803 0.0954 0.1729 -1.0791 0.0819 0.1869
42.0 -1.103 0.0697 0.1969 -1.0797 0.0723 0.1966 -1.0267 0.091 0.1827 -1.0185 0.1044 0.1699 -1.0255 0.1095 0.1639 -1.0454 0.1123 0.1591 -1.0718 0.0721 0.1976 -1.0718 0.0825 0.187 -1.0758 0.0899 0.179 -1.0803 0.0954 0.1729 -1.0805 0.0819 0.1867
43.0 -1.1089 0.0732 0.1928 -1.0716 0.0709 0.1988 -1.0178 0.0904 0.1842 -1.0103 0.103 0.1721 -1.0183 0.108 0.1662 -1.0381 0.1109 0.1613 -1.0629 0.0715 0.1991 -1.0637 0.0811 0.1891 -1.0686 0.089 0.1806 -1.0759 0.0954 0.1734 -1.076 0.0821 0.187
44.0 -1.1081 0.0733 0.1927 -1.0674 0.0721 0.198 -1.0147 0.0878 0.1872 -1.0072 0.1004 0.1751 -1.0145 0.1067 0.1679 -1.0328 0.111 0.1617 -1.0636 0.0708 0.1998 -1.0627 0.0807 0.1897 -1.0651 0.0895 0.1805 -1.0707 0.0961 0.1732 -1.074 0.0821 0.1872
45.0 -1.1029 0.074 0.1925 -1.0629 0.0715 0.1991 -1.0086 0.088 0.1876 -0.9996 0.102 0.1742 -1.0057 0.1067 0.1688 -1.0222 0.1106 0.1632 -1.0589 0.069 0.2021 -1.0572 0.0796 0.1914 -1.0596 0.0878 0.1827 -1.0643 0.0945 0.1754 -1.0686 0.081 0.1888
46.0 -1.1055 0.0737 0.1926 -1.0559 0.0718 0.1995 -1.0022 0.087 0.1893 -0.9933 0.101 0.1758 -0.9994 0.1057 0.1704 -1.0185 0.1092 0.1649 -1.057 0.068 0.2032 -1.0553 0.0786 0.1926 -1.0569 0.0876 0.1833 -1.0616 0.0943 0.1759 -1.0673 0.0804 0.1895
47.0 -1.0995 0.0745 0.1924 -1.0514 0.0712 0.2005 -0.9967 0.0853 0.1915 -0.9877 0.0993 0.1781 -0.9938 0.104 0.1727 -1.0112 0.1078 0.1671 -1.0508 0.0676 0.2043 -1.0474 0.0785 0.1935 -1.0471 0.087 0.1848 -1.0511 0.0945 0.1768 -1.0592 0.0804 0.1903
48.0 -1.1012 0.0743 0.1925 -1.0432 0.0699 0.2027 -0.9895 0.0844 0.1931 -0.9808 0.0954 0.1828 -0.987 0.1007 0.1768 -1.0064 0.1054 0.1701 -1.0427 0.0669 0.2058 -1.0409 0.0769 0.1958 -1.0433 0.0851 0.1871 -1.0489 0.0923 0.1792 -1.0554 0.0791 0.1921
49.0 -1.097 0.0754 0.1917 -1.0369 0.0689 0.2043 -0.9832 0.0835 0.1948 -0.9729 0.0952 0.1838 -0.9785 0.1018 0.1765 -0.9978 0.1065 0.1697 -1.0397 0.0648 0.2082 -1.0372 0.0756 0.1975 -1.0388 0.0845 0.1882 -1.0436 0.0918 0.1802 -1.0512 0.0784 0.1932
50.0 -1.0888 0.079 0.1889 -1.0298 0.0686 0.2053 -0.9741 0.0822 0.1969 -0.9642 0.0958 0.184 -0.9687 0.1013 0.178 -0.988 0.106 0.1712 -1.0345 0.0649 0.2086 -1.0302 0.0759 0.1978 -1.0301 0.0851 0.1885 -1.035 0.093 0.1799 -1.0437 0.0796 0.1927
51.0 -1.0807 0.0776 0.1911 -1.0201 0.0681 0.2068 -0.965 0.0804 0.1997 -0.9559 0.0939 0.1868 -0.9597 0.1001 0.1801 -0.9808 0.1052 0.1728 -1.0266 0.0654 0.2089 -1.0224 0.0763 0.1982 -1.0221 0.0849 0.1894 -1.0268 0.0916 0.1821 -1.0357 0.0792 0.1939
52.0 -1.079 0.0785 0.1904 -1.0128 0.0666 0.209 -0.9534 0.0795 0.2017 -0.9459 0.0916 0.1902 -0.9506 0.0983 0.1829 -0.9735 0.1037 0.175 -1.0169 0.0655 0.2098 -1.0142 0.075 0.2003 -1.0164 0.0826 0.1923 -1.023 0.0897 0.1844 -1.0299 0.0783 0.1955
53.0 -1.0678 0.0794 0.1906 -1.0012 0.0658 0.2111 -0.9437 0.079 0.2032 -0.9353 0.0918 0.191 -0.9417 0.0976 0.1844 -0.9618 0.1022 0.1777 -1.0081 0.0654 0.2107 -1.0038 0.0758 0.2006 -1.0044 0.0843 0.1918 -1.01 0.0908 0.1846 -1.0188 0.0791 0.1956
54.0 -1.0614 0.0784 0.1922 -0.9905 0.0654 0.2125 -0.9347 0.0778 0.2054 -0.9253 0.0894 0.1944 -0.9317 0.0959 0.1872 -0.9503 0.1019 0.1791 -0.9974 0.0644 0.2128 -0.9931 0.0748 0.2026 -0.9936 0.0827 0.1945 -1.0002 0.0903 0.1861 -1.0091 0.0781 0.1976
55.0 -1.0429 0.0778 0.1946 -0.9776 0.0671 0.212 -0.9223 0.0776 0.2068 -0.9157 0.0901 0.1947 -0.9219 0.0954 0.1886 -0.9404 0.1002 0.1819 -0.9856 0.0624 0.2161 -0.9814 0.0733 0.2053 -0.9811 0.0819 0.1966 -0.986 0.0898 0.188 -0.9954 0.077 0.2001
56.0 -1.0366 0.0775 0.1956 -0.9696 0.0664 0.2136 -0.9125 0.0771 0.2083 -0.9041 0.0892 0.1967 -0.9096 0.0952 0.19 -0.9274 0.1014 0.182 -0.9733 0.0622 0.2175 -0.9688 0.072 0.208 -0.9694 0.0804 0.1992 -0.9753 0.0888 0.1901 -0.9847 0.0762 0.2021
57.0 -1.0286 0.0767 0.1972 -0.9579 0.0649 0.2163 -0.9001 0.0764 0.2103 -0.8924 0.0878 0.1994 -0.9006 0.094 0.1922 -0.9245 0.0999 0.1837 -0.9642 0.0604 0.2203 -0.9622 0.0692 0.2114 -0.9654 0.0773 0.2028 -0.9731 0.0861 0.1931 -0.9787 0.0739 0.205
58.0 -1.0182 0.0775 0.1974 -0.9395 0.0704 0.2124 -0.8889 0.0779 0.2099 -0.8819 0.088 0.2002 -0.889 0.0931 0.1942 -0.9161 0.0974 0.1872 -0.9538 0.0618 0.2199 -0.9518 0.07 0.2117 -0.9557 0.0774 0.2037 -0.9633 0.0855 0.1946 -0.9686 0.0744 0.2054
59.0 -1.0073 0.0759 0.2001 -0.9338 0.0681 0.2153 -0.8805 0.0747 0.2139 -0.8712 0.087 0.2023 -0.8773 0.0917 0.1969 -0.9028 0.0968 0.1892 -0.943 0.0602 0.2226 -0.9403 0.0697 0.2131 -0.9426 0.0779 0.2044 -0.9485 0.0863 0.1953 -0.9563 0.074 0.2071
60.0 -0.9894 0.0741 0.2038 -0.9241 0.0676 0.2168 -0.869 0.0744 0.2153 -0.8603 0.0854 0.205 -0.8665 0.0907 0.199 -0.886 0.0966 0.191 -0.9281 0.0604 0.2239 -0.9254 0.0699 0.2144 -0.9268 0.0782 0.2057 -0.9327 0.0866 0.1966 -0.9405 0.0738 0.2089
61.0 -0.9888 0.0754 0.2025 -0.9151 0.0664 0.219 -0.8586 0.0752 0.2155 -0.8508 0.0861 0.2052 -0.857 0.0913 0.1992 -0.8797 0.0956 0.1926 -0.92 0.0596 0.2254 -0.9182 0.069 0.216 -0.9213 0.0772 0.2074 -0.9289 0.0853 0.1983 -0.9355 0.0733 0.2099
62.0 -0.9851 0.0746 0.2036 -0.903 0.068 0.2185 -0.8472 0.0756 0.2164 -0.8386 0.0871 0.2054 -0.8456 0.0917 0.2001 -0.8716 0.0943 0.1948 -0.9143 0.0567 0.2289 -0.9123 0.0655 0.2201 -0.9156 0.0743 0.2109 -0.9233 0.083 0.2012 -0.9301 0.0708 0.2129
63.0 -0.9747 0.0754 0.2038 -0.8947 0.0655 0.2219 -0.8338 0.0743 0.219 -0.8286 0.0848 0.2088 -0.8374 0.0903 0.2022 -0.86 0.0934 0.1969 -0.903 0.0576 0.2291 -0.9001 0.0666 0.2203 -0.9016 0.0749 0.2116 -0.9083 0.0832 0.2025 -0.9176 0.0716 0.2135
64.0 -0.9478 0.0724 0.2096 -0.8809 0.0673 0.2214 -0.823 0.0733 0.221 -0.8147 0.086 0.2088 -0.8225 0.0905 0.2035 -0.846 0.094 0.1976 -0.8863 0.0581 0.2304 -0.8836 0.0676 0.2209 -0.8851 0.0759 0.2122 -0.8918 0.0842 0.2031 -0.8989 0.0716 0.2152
65.0 -0.9466 0.0707 0.2115 -0.8708 0.065 0.2248 -0.8125 0.0735 0.2219 -0.8114 0.0822 0.2131 -0.8186 0.088 0.2065 -0.8386 0.092 0.2004 -0.8773 0.0568 0.2325 -0.8761 0.0649 0.2243 -0.8783 0.0726 0.2163 -0.8859 0.0807 0.2072 -0.8929 0.0691 0.2184
66.0 -0.9234 0.0689 0.2156 -0.8594 0.0648 0.2262 -0.8092 0.0697 0.2261 -0.8109 0.0792 0.2162 -0.812 0.0858 0.2094 -0.8279 0.091 0.2025 -0.8633 0.0569 0.2338 -0.8631 0.0661 0.2245 -0.8653 0.0737 0.2164 -0.8711 0.0815 0.2079 -0.8772 0.0694 0.2196
67.0 -0.9277 0.0683 0.2157 -0.8466 0.0622 0.2301 -0.8083 0.0643 0.2317 -0.8097 0.0727 0.223 -0.8115 0.0828 0.2125 -0.824 0.0891 0.2048 -0.8701 0.0505 0.2397 -0.8697 0.0585 0.2316 -0.8729 0.0666 0.223 -0.8772 0.0764 0.2125 -0.8835 0.0641 0.2245
68.0 -0.91 0.0677 0.2182 -0.8365 0.0648 0.2284 -0.8075 0.0601 0.236 -0.8095 0.0715 0.2243 -0.8113 0.0816 0.2137 -0.8151 0.0884 0.2064 -0.8559 0.05 0.2417 -0.8558 0.0597 0.2317 -0.8565 0.0688 0.2223 -0.858 0.0771 0.2136 -0.8673 0.0647 0.2255
68.0 -0.91 0.0677 0.2182 -0.8365 0.0648 0.2284 -0.8075 0.0601 0.236 -0.8095 0.0715 0.2243 -0.8113 0.0816 0.2137 -0.8151 0.0884 0.2064 -0.8559 0.05 0.2417 -0.8558 0.0597 0.2317 -0.8565 0.0688 0.2223 -0.858 0.0771 0.2136 -0.8673 0.0647 0.2255
68.0 -0.91 0.0677 0.2182 -0.8365 0.0648 0.2284 -0.8075 0.0601 0.236 -0.8095 0.0715 0.2243 -0.8113 0.0816 0.2137 -0.8151 0.0884 0.2064 -0.8559 0.05 0.2417 -0.8558 0.0597 0.2317 -0.8565 0.0688 0.2223 -0.858 0.0771 0.2136 -0.8673 0.0647 0.2255
68.0 -0.91 0.0677 0.2182 -0.8365 0.0648 0.2284 -0.8075 0.0601 0.236 -0.8095 0.0715 0.2243 -0.8113 0.0816 0.2137 -0.8151 0.0884 0.2064 -0.8559 0.05 0.2417 -0.8558 0.0597 0.2317 -0.8565 0.0688 0.2223 -0.858 0.0771 0.2136 -0.8673 0.0647 0.2255
68.0 -0.91 0.0677 0.2182 -0.8365 0.0648 0.2284 -0.8075 0.0601 0.236 -0.8095 0.0715 0.2243 -0.8113 0.0816 0.2137 -0.8151 0.0884 0.2064 -0.8559 0.05 0.2417 -0.8558 0.0597 0.2317 -0.8565 0.0688 0.2223 -0.858 0.0771 0.2136 -0.8673 0.0647 0.2255
68.0 -0.91 0.0677 0.2182 -0.8365 0.0648 0.2284 -0.8075 0.0601 0.236 -0.8095 0.0715 0.2243 -0.8113 0.0816 0.2137 -0.8151 0.0884 0.2064 -0.8559 0.05 0.2417 -0.8558 0.0597 0.2317 -0.8565 0.0688 0.2223 -0.858 0.0771 0.2136 -0.8673 0.0647 0.2255
68.0 -0.91 0.0677 0.2182 -0.8365 0.0648 0.2284 -0.8075 0.0601 0.236 -0.8095 0.0715 0.2243 -0.8113 0.0816 0.2137 -0.8151 0.0884 0.2064 -0.8559 0.05 0.2417 -0.8558 0.0597 0.2317 -0.8565 0.0688 0.2223 -0.858 0.0771 0.2136 -0.8673 0.0647 0.2255
68.0 -0.91 0.0677 0.2182 -0.8365 0.0648 0.2284 -0.8075 0.0601 0.236 -0.8095 0.0715 0.2243 -0.8113 0.0816 0.2137 -0.8151 0.0884 0.2064 -0.8559 0.05 0.2417 -0.8558 0.0597 0.2317 -0.8565 0.0688 0.2223 -0.858 0.0771 0.2136 -0.8673 0.0647 0.2255
68.0 -0.91 0.0677 0.2182 -0.8365 0.0648 0.2284 -0.8075 0.0601 0.236 -0.8095 0.0715 0.2243 -0.8113 0.0816 0.2137 -0.8151 0.0884 0.2064 -0.8559 0.05 0.2417 -0.8558 0.0597 0.2317 -0.8565 0.0688 0.2223 -0.858 0.0771 0.2136 -0.8673 0.0647 0.2255
68.0 -0.91 0.0677 0.2182 -0.8365 0.0648 0.2284 -0.8075 0.0601 0.236 -0.8095 0.0715 0.2243 -0.8113 0.0816 0.2137 -0.8151 0.0884 0.2064 -0.8559 0.05 0.2417 -0.8558 0.0597 0.2317 -0.8565 0.0688 0.2223 -0.858 0.0771 0.2136 -0.8673 0.0647 0.2255
68.0 -0.91 0.0677 0.2182 -0.8365 0.0648 0.2284 -0.8075 0.0601 0.236 -0.8095 0.0715 0.2243 -0.8113 0.0816 0.2137 -0.8151 0.0884 0.2064 -0.8559 0.05 0.2417 -0.8558 0.0597 0.2317 -0.8565 0.0688 0.2223 -0.858 0.0771 0.2136 -0.8673 0.0647 0.2255
68.0 -0.91 0.0677 0.2182 -0.8365 0.0648 0.2284 -0.8075 0.0601 0.236 -0.8095 0.0715 0.2243 -0.8113 0.0816 0.2137 -0.8151 0.0884 0.2064 -0.8559 0.05 0.2417 -0.8558 0.0597 0.2317 -0.8565 0.0688 0.2223 -0.858 0.0771 0.2136 -0.8673 0.0647 0.2255
68.0 -0.91 0.0677 0.2182 -0.8365 0.0648 0.2284 -0.8075 0.0601 0.236 -0.8095 0.0715 0.2243 -0.8113 0.0816 0.2137 -0.8151 0.0884 0.2064 -0.8559 0.05 0.2417 -0.8558 0.0597 0.2317 -0.8565 0.0688 0.2223 -0.858 0.0771 0.2136 -0.8673 0.0647 0.2255
68.0 -0.91 0.0677 0.2182 -0.8365 0.0648 0.2284 -0.8075 0.0601 0.236 -0.8095 0.0715 0.2243 -0.8113 0.0816 0.2137 -0.8151 0.0884 0.2064 -0.8559 0.05 0.2417 -0.8558 0.0597 0.2317 -0.8565 0.0688 0.2223 -0.858 0.0771 0.2136 -0.8673 0.0647 0.2255
68.0 -0.91 0.0677 0.2182 -0.8365 0.0648 0.2284 -0.8075 0.0601 0.236 -0.8095 0.0715 0.2243 -0.8113 0.0816 0.2137 -0.8151 0.0884 0.2064 -0.8559 0.05 0.2417 -0.8558 0.0597 0.2317 -0.8565 0.0688 0.2223 -0.858 0.0771 0.2136 -0.8673 0.0647 0.2255
68.0 -0.91 0.0677 0.2182 -0.8365 0.0648 0.2284 -0.8075 0.0601 0.236 -0.8095 0.0715 0.2243 -0.8113 0.0816 0.2137 -0.8151 0.0884 0.2064 -0.8559 0.05 0.2417 -0.8558 0.0597 0.2317 -0.8565 0.0688 0.2223 -0.858 0.0771 0.2136 -0.8673 0.0647 0.2255
68.0 -0.91 0.0677 0.2182 -0.8365 0.0648 0.2284 -0.8075 0.0601 0.236 -0.8095 0.0715 0.2243 -0.8113 0.0816 0.2137 -0.8151 0.0884 0.2064 -0.8559 0.05 0.2417 -0.8558 0.0597 0.2317 -0.8565 0.0688 0.2223 -0.858 0.0771 0.2136 -0.8673 0.0647 0.2255
68.0 -0.91 0.0677 0.2182 -0.8365 0.0648 0.2284 -0.8075 0.0601 0.236 -0.8095 0.0715 0.2243 -0.8113 0.0816 0.2137 -0.8151 0.0884 0.2064 -0.8559 0.05 0.2417 -0.8558 0.0597 0.2317 -0.8565 0.0688 0.2223 -0.858 0.0771 0.2136 -0.8673 0.0647 0.2255
68.0 -0.91 0.0677 0.2182 -0.8365 0.0648 0.2284 -0.8075 0.0601 0.236 -0.8095 0.0715 0.2243 -0.8113 0.0816 0.2137 -0.8151 0.0884 0.2064 -0.8559 0.05 0.2417 -0.8558 0.0597 0.2317 -0.8565 0.0688 0.2223 -0.858 0.0771 0.2136 -0.8673 0.0647 0.2255
68.0 -0.91 0.0677 0.2182 -0.8365 0.0648 0.2284 -0.8075 0.0601 0.236 -0.8095 0.0715 0.2243 -0.8113 0.0816 0.2137 -0.8151 0.0884 0.2064 -0.8559 0.05 0.2417 -0.8558 0.0597 0.2317 -0.8565 0.0688 0.2223 -0.858 0.0771 0.2136 -0.8673 0.0647 0.2255
68.0 -0.91 0.0677 0.2182 -0.8365 0.0648 0.2284 -0.8075 0.0601 0.236 -0.8095 0.0715 0.2243 -0.8113 0.0816 0.2137 -0.8151 0.0884 0.2064 -0.8559 0.05 0.2417 -0.8558 0.0597 0.2317 -0.8565 0.0688 0.2223 -0.858 0.0771 0.2136 -0.8673 0.0647 0.2255
68.0 -0.91 0.0677 0.2182 -0.8365 0.0648 0.2284 -0.8075 0.0601 0.236 -0.8095 0.0715 0.2243 -0.8113 0.0816 0.2137 -0.8151 0.0884 0.2064 -0.8559 0.05 0.2417 -0.8558 0.0597 0.2317 -0.8565 0.0688 0.2223 -0.858 0.0771 0.2136 -0.8673 0.0647 0.2255
68.0 -0.91 0.0677 0.2182 -0.8365 0.0648 0.2284 -0.8075 0.0601 0.236 -0.8095 0.0715 0.2243 -0.8113 0.0816 0.2137 -0.8151 0.0884 0.2064 -0.8559 0.05 0.2417 -0.8558 0.0597 0.2317 -0.8565 0.0688 0.2223 -0.858 0.0771 0.2136 -0.8673 0.0647 0.2255
68.0 -0.91 0.0677 0.2182 -0.8365 0.0648 0.2284 -0.8075 0.0601 0.236 -0.8095 0.0715 0.2243 -0.8113 0.0816 0.2137 -0.8151 0.0884 0.2064 -0.8559 0.05 0.2417 -0.8558 0.0597 0.2317 -0.8565 0.0688 0.2223 -0.858 0.0771 0.2136 -0.8673 0.0647 0.2255
68.0 -0.91 0.0677 0.2182 -0.8365 0.0648 0.2284 -0.8075 0.0601 0.236 -0.8095 0.0715 0.2243 -0.8113 0.0816 0.2137 -0.8151 0.0884 0.2064 -0.8559 0.05 0.2417 -0.8558 0.0597 0.2317 -0.8565 0.0688 0.2223 -0.858 0.0771 0.2136 -0.8673 0.0647 0.2255
68.0 -0.91 0.0677 0.2182 -0.8365 0.0648 0.2284 -0.8075 0.0601 0.236 -0.8095 0.0715 0.2243 -0.8113 0.0816 0.2137 -0.8151 0.0884 0.2064 -0.8559 0.05 0.2417 -0.8558 0.0597 0.2317 -0.8565 0.0688 0.2223 -0.858 0.0771 0.2136 -0.8673 0.0647 0.2255
68.0 -0.91 0.0677 0.2182 -0.8365 0.0648 0.2284 -0.8075 0.0601 0.236 -0.8095 0.0715 0.2243 -0.8113 0.0816 0.2137 -0.8151 0.0884 0.2064 -0.8559 0.05 0.2417 -0.8558 0.0597 0.2317 -0.8565 0.0688 0.2223 -0.858 0.0771 0.2136 -0.8673 0.0647 0.2255
68.0 -0.91 0.0677 0.2182 -0.8365 0.0648 0.2284 -0.8075 0.0601 0.236 -0.8095 0.0715 0.2243 -0.8113 0.0816 0.2137 -0.8151 0.0884 0.2064 -0.8559 0.05 0.2417 -0.8558 0.0597 0.2317 -0.8565 0.0688 0.2223 -0.858 0.0771 0.2136 -0.8673 0.0647 0.2255
68.0 -0.91 0.0677 0.2182 -0.8365 0.0648 0.2284 -0.8075 0.0601 0.236 -0.8095 0.0715 0.2243 -0.8113 0.0816 0.2137 -0.8151 0.0884 0.2064 -0.8559 0.05 0.2417 -0.8558 0.0597 0.2317 -0.8565 0.0688 0.2223 -0.858 0.0771 0.2136 -0.8673 0.0647 0.2255
68.0 -0.91 0.0677 0.2182 -0.8365 0.0648 0.2284 -0.8075 0.0601 0.236 -0.8095 0.0715 0.2243 -0.8113 0.0816 0.2137 -0.8151 0.0884 0.2064 -0.8559 0.05 0.2417 -0.8558 0.0597 0.2317 -0.8565 0.0688 0.2223 -0.858 0.0771 0.2136 -0.8673 0.0647 0.2255
68.0 -0.91 0.0677 0.2182 -0.8365 0.0648 0.2284 -0.8075 0.0601 0.236 -0.8095 0.0715 0.2243 -0.8113 0.0816 0.2137 -0.8151 0.0884 0.2064 -0.8559 0.05 0.2417 -0.8558 0.0597 0.2317 -0.8565 0.0688 0.2223 -0.858 0.0771 0.2136 -0.8673 0.0647 0.2255
68.0 -0.91 0.0677 0.2182 -0.8365 0.0648 0.2284 -0.8075 0.0601 0.236 -0.8095 0.0715 0.2243 -0.8113 0.0816 0.2137 -0.8151 0.0884 0.2064 -0.8559 0.05 0.2417 -0.8558 0.0597 0.2317 -0.8565 0.0688 0.2223 -0.858 0.0771 0.2136 -0.8673 0.0647 0.2255
68.0 -0.91 0.0677 0.2182 -0.8365 0.0648 0.2284 -0.8075 0.0601 0.236 -0.8095 0.0715 0.2243 -0.8113 0.0816 0.2137 -0.8151 0.0884 0.2064 -0.8559 0.05 0.2417 -0.8558 0.0597 0.2317 -0.8565 0.0688 0.2223 -0.858 0.0771 0.2136 -0.8673 0.0647 0.2255
68.0 -0.91 0.0677 0.2182 -0.8365 0.0648 0.2284 -0.8075 0.0601 0.236 -0.8095 0.0715 0.2243 -0.8113 0.0816 0.2137 -0.8151 0.0884 0.2064 -0.8559 0.05 0.2417 -0.8558 0.0597 0.2317 -0.8565 0.0688 0.2223 -0.858 0.0771 0.2136 -0.8673 0.0647 0.2255
68.0 -0.91 0.0677 0.2182 -0.8365 0.0648 0.2284 -0.8075 0.0601 0.236 -0.8095 0.0715 0.2243 -0.8113 0.0816 0.2137 -0.8151 0.0884 0.2064 -0.8559 0.05 0.2417 -0.8558 0.0597 0.2317 -0.8565 0.0688 0.2223 -0.858 0.0771 0.2136 -0.8673 0.0647 0.2255
68.0 -0.91 0.0677 0.2182 -0.8365 0.0648 0.2284 -0.8075 0.0601 0.236 -0.8095 0.0715 0.2243 -0.8113 0.0816 0.2137 -0.8151 0.0884 0.2064 -0.8559 0.05 0.2417 -0.8558 0.0597 0.2317 -0.8565 0.0688 0.2223 -0.858 0.0771 0.2136 -0.8673 0.0647 0.2255
68.0 -0.91 0.0677 0.2182 -0.8365 0.0648 0.2284 -0.8075 0.0601 0.236 -0.8095 0.0715 0.2243 -0.8113 0.0816 0.2137 -0.8151 0.0884 0.2064 -0.8559 0.05 0.2417 -0.8558 0.0597 0.2317 -0.8565 0.0688 0.2223 -0.858 0.0771 0.2136 -0.8673 0.0647 0.2255
68.0 -0.91 0.0677 0.2182 -0.8365 0.0648 0.2284 -0.8075 0.0601 0.236 -0.8095 0.0715 0.2243 -0.8113 0.0816 0.2137 -0.8151 0.0884 0.2064 -0.8559 0.05 0.2417 -0.8558 0.0597 0.2317 -0.8565 0.0688 0.2223 -0.858 0.0771 0.2136 -0.8673 0.0647 0.2255
68.0 -0.91 0.0677 0.2182 -0.8365 0.0648 0.2284 -0.8075 0.0601 0.236 -0.8095 0.0715 0.2243 -0.8113 0.0816 0.2137 -0.8151 0.0884 0.2064 -0.8559 0.05 0.2417 -0.8558 0.0597 0.2317 -0.8565 0.0688 0.2223 -0.858 0.0771 0.2136 -0.8673 0.0647 0.2255
68.0 -0.91 0.0677 0.2182 -0.8365 0.0648 0.2284 -0.8075 0.0601 0.236 -0.8095 0.0715 0.2243 -0.8113 0.0816 0.2137 -0.8151 0.0884 0.2064 -0.8559 0.05 0.2417 -0.8558 0.0597 0.2317 -0.8565 0.0688 0.2223 -0.858 0.0771 0.2136 -0.8673 0.0647 0.2255
68.0 -0.91 0.0677 0.2182 -0.8365 0.0648 0.2284 -0.8075 0.0601 0.236 -0.8095 0.0715 0.2243 -0.8113 0.0816 0.2137 -0.8151 0.0884 0.2064 -0.8559 0.05 0.2417 -0.8558 0.0597 0.2317 -0.8565 0.0688 0.2223 -0.858 0.0771 0.2136 -0.8673 0.0647 0.2255
68.0 -0.91 0.0677 0.2182 -0.8365 0.0648 0.2284 -0.8075 0.0601 0.236 -0.8095 0.0715 0.2243 -0.8113 0.0816 0.2137 -0.8151 0.0884 0.2064 -0.8559 0.05 0.2417 -0.8558 0.0597 0.2317 -0.8565 0.0688 0.2223 -0.858 0.0771 0.2136 -0.8673 0.0647 0.2255
68.0 -0.91 0.0677 0.2182 -0.8365 0.0648 0.2284 -0.8075 0.0601 0.236 -0.8095 0.0715 0.2243 -0.8113 0.0816 0.2137 -0.8151 0.0884 0.2064 -0.8559 0.05 0.2417 -0.8558 0.0597 0.2317 -0.8565 0.0688 0.2223 -0.858 0.0771 0.2136 -0.8673 0.0647 0.2255
68.0 -0.91 0.0677 0.2182 -0.8365 0.0648 0.2284 -0.8075 0.0601 0.236 -0.8095 0.0715 0.2243 -0.8113 0.0816 0.2137 -0.8151 0.0884 0.2064 -0.8559 0.05 0.2417 -0.8558 0.0597 0.2317 -0.8565 0.0688 0.2223 -0.858 0.0771 0.2136 -0.8673 0.0647 0.2255
68.0 -0.91 0.0677 0.2182 -0.8365 0.0648 0.2284 -0.8075 0.0601 0.236 -0.8095 0.0715 0.2243 -0.8113 0.0816 0.2137 -0.8151 0.0884 0.2064 -0.8559 0.05 0.2417 -0.8558 0.0597 0.2317 -0.8565 0.0688 0.2223 -0.858 0.0771 0.2136 -0.8673 0.0647 0.2255
68.0 -0.91 0.0677 0.2182 -0.8365 0.0648 0.2284 -0.8075 0.0601 0.236 -0.8095 0.0715 0.2243 -0.8113 0.0816 0.2137 -0.8151 0.0884 0.2064 -0.8559 0.05 0.2417 -0.8558 0.0597 0.2317 -0.8565 0.0688 0.2223 -0.858 0.0771 0.2136 -0.8673 0.0647 0.2255
68.0 -0.91 0.0677 0.2182 -0.8365 0.0648 0.2284 -0.8075 0.0601 0.236 -0.8095 0.0715 0.2243 -0.8113 0.0816 0.2137 -0.8151 0.0884 0.2064 -0.8559 0.05 0.2417 -0.8558 0.0597 0.2317 -0.8565 0.0688 0.2223 -0.858 0.0771 0.2136 -0.8673 0.0647 0.2255
68.0 -0.91 0.0677 0.2182 -0.8365 0.0648 0.2284 -0.8075 0.0601 0.236 -0.8095 0.0715 0.2243 -0.8113 0.0816 0.2137 -0.8151 0.0884 0.2064 -0.8559 0.05 0.2417 -0.8558 0.0597 0.2317 -0.8565 0.0688 0.2223 -0.858 0.0771 0.2136 -0.8673 0.0647 0.2255
68.0 -0.91 0.0677 0.2182 -0.8365 0.0648 0.2284 -0.8075 0.0601 0.236 -0.8095 0.0715 0.2243 -0.8113 0.0816 0.2137 -0.8151 0.0884 0.2064 -0.8559 0.05 0.2417 -0.8558 0.0597 0.2317 -0.8565 0.0688 0.2223 -0.858 0.0771 0.2136 -0.8673 0.0647 0.2255
68.0 -0.91 0.0677 0.2182 -0.8365 0.0648 0.2284 -0.8075 0.0601 0.236 -0.8095 0.0715 0.2243 -0.8113 0.0816 0.2137 -0.8151 0.0884 0.2064 -0.8559 0.05 0.2417 -0.8558 0.0597 0.2317 -0.8565 0.0688 0.2223 -0.858 0.0771 0.2136 -0.8673 0.0647 0.2255
68.0 -0.91 0.0677 0.2182 -0.8365 0.0648 0.2284 -0.8075 0.0601 0.236 -0.8095 0.0715 0.2243 -0.8113 0.0816 0.2137 -0.8151 0.0884 0.2064 -0.8559 0.05 0.2417 -0.8558 0.0597 0.2317 -0.8565 0.0688 0.2223 -0.858 0.0771 0.2136 -0.8673 0.0647 0.2255
68.0 -0.91 0.0677 0.2182 -0.8365 0.0648 0.2284 -0.8075 0.0601 0.236 -0.8095 0.0715 0.2243 -0.8113 0.0816 0.2137 -0.8151 0.0884 0.2064 -0.8559 0.05 0.2417 -0.8558 0.0597 0.2317 -0.8565 0.0688 0.2223 -0.858 0.0771 0.2136 -0.8673 0.0647 0.2255
68.0 -0.91 0.0677 0.2182 -0.8365 0.0648 0.2284 -0.8075 0.0601 0.236 -0.8095 0.0715 0.2243 -0.8113 0.0816 0.2137 -0.8151 0.0884 0.2064 -0.8559 0.05 0.2417 -0.8558 0.0597 0.2317 -0.8565 0.0688 0.2223 -0.858 0.0771 0.2136 -0.8673 0.0647 0.2255
68.0 -0.91 0.0677 0.2182 -0.8365 0.0648 0.2284 -0.8075 0.0601 0.236 -0.8095 0.0715 0.2243 -0.8113 0.0816 0.2137 -0.8151 0.0884 0.2064 -0.8559 0.05 0.2417 -0.8558 0.0597 0.2317 -0.8565 0.0688 0.2223 -0.858 0.0771 0.2136 -0.8673 0.0647 0.2255
68.0 -0.91 0.0677 0.2182 -0.8365 0.0648 0.2284 -0.8075 0.0601 0.236 -0.8095 0.0715 0.2243 -0.8113 0.0816 0.2137 -0.8151 0.0884 0.2064 -0.8559 0.05 0.2417 -0.8558 0.0597 0.2317 -0.8565 0.0688 0.2223 -0.858 0.0771 0.2136 -0.8673 0.0647 0.2255
68.0 -0.91 0.0677 0.2182 -0.8365 0.0648 0.2284 -0.8075 0.0601 0.236 -0.8095 0.0715 0.2243 -0.8113 0.0816 0.2137 -0.8151 0.0884 0.2064 -0.8559 0.05 0.2417 -0.8558 0.0597 0.2317 -0.8565 0.0688 0.2223 -0.858 0.0771 0.2136 -0.8673 0.0647 0.2255
68.0 -0.91 0.0677 0.2182 -0.8365 0.0648 0.2284 -0.8075 0.0601 0.236 -0.8095 0.0715 0.2243 -0.8113 0.0816 0.2137 -0.8151 0.0884 0.2064 -0.8559 0.05 0.2417 -0.8558 0.0597 0.2317 -0.8565 0.0688 0.2223 -0.858 0.0771 0.2136 -0.8673 0.0647 0.2255
68.0 -0.91 0.0677 0.2182 -0.8365 0.0648 0.2284 -0.8075 0.0601 0.236 -0.8095 0.0715 0.2243 -0.8113 0.0816 0.2137 -0.8151 0.0884 0.2064 -0.8559 0.05 0.2417 -0.8558 0.0597 0.2317 -0.8565 0.0688 0.2223 -0.858 0.0771 0.2136 -0.8673 0.0647 0.2255
68.0 -0.91 0.0677 0.2182 -0.8365 0.0648 0.2284 -0.8075 0.0601 0.236 -0.8095 0.0715 0.2243 -0.8113 0.0816 0.2137 -0.8151 0.0884 0.2064 -0.8559 0.05 0.2417 -0.8558 0.0597 0.2317 -0.8565 0.0688 0.2223 -0.858 0.0771 0.2136 -0.8673 0.0647 0.2255
68.0 -0.91 0.0677 0.2182 -0.8365 0.0648 0.2284 -0.8075 0.0601 0.236 -0.8095 0.0715 0.2243 -0.8113 0.0816 0.2137 -0.8151 0.0884 0.2064 -0.8559 0.05 0.2417 -0.8558 0.0597 0.2317 -0.8565 0.0688 0.2223 -0.858 0.0771 0.2136 -0.8673 0.0647 0.2255
68.0 -0.91 0.0677 0.2182 -0.8365 0.0648 0.2284 -0.8075 0.0601 0.236 -0.8095 0.0715 0.2243 -0.8113 0.0816 0.2137 -0.8151 0.0884 0.2064 -0.8559 0.05 0.2417 -0.8558 0.0597 0.2317 -0.8565 0.0688 0.2223 -0.858 0.0771 0.2136 -0.8673 0.0647 0.2255
68.0 -0.91 0.0677 0.2182 -0.8365 0.0648 0.2284 -0.8075 0.0601 0.236 -0.8095 0.0715 0.2243 -0.8113 0.0816 0.2137 -0.8151 0.0884 0.2064 -0.8559 0.05 0.2417 -0.8558 0.0597 0.2317 -0.8565 0.0688 0.2223 -0.858 0.0771 0.2136 -0.8673 0.0647 0.2255
68.0 -0.91 0.0677 0.2182 -0.8365 0.0648 0.2284 -0.8075 0.0601 0.236 -0.8095 0.0715 0.2243 -0.8113 0.0816 0.2137 -0.8151 0.0884 0.2064 -0.8559 0.05 0.2417 -0.8558 0.0597 0.2317 -0.8565 0.0688 0.2223 -0.858 0.0771 0.2136 -0.8673 0.0647 0.2255
68.0 -0.91 0.0677 0.2182 -0.8365 0.0648 0.2284 -0.8075 0.0601 0.236 -0.8095 0.0715 0.2243 -0.8113 0.0816 0.2137 -0.8151 0.0884 0.2064 -0.8559 0.05 0.2417 -0.8558 0.0597 0.2317 -0.8565 0.0688 0.2223 -0.858 0.0771 0.2136 -0.8673 0.0647 0.2255
68.0 -0.91 0.0677 0.2182 -0.8365 0.0648 0.2284 -0.8075 0.0601 0.236 -0.8095 0.0715 0.2243 -0.8113 0.0816 0.2137 -0.8151 0.0884 0.2064 -0.8559 0.05 0.2417 -0.8558 0.0597 0.2317 -0.8565 0.0688 0.2223 -0.858 0.0771 0.2136 -0.8673 0.0647 0.2255
68.0 -0.91 0.0677 0.2182 -0.8365 0.0648 0.2284 -0.8075 0.0601 0.236 -0.8095 0.0715 0.2243 -0.8113 0.0816 0.2137 -0.8151 0.0884 0.2064 -0.8559 0.05 0.2417 -0.8558 0.0597 0.2317 -0.8565 0.0688 0.2223 -0.858 0.0771 0.2136 -0.8673 0.0647 0.2255
68.0 -0.91 0.0677 0.2182 -0.8365 0.0648 0.2284 -0.8075 0.0601 0.236 -0.8095 0.0715 0.2243 -0.8113 0.0816 0.2137 -0.8151 0.0884 0.2064 -0.8559 0.05 0.2417 -0.8558 0.0597 0.2317 -0.8565 0.0688 0.2223 -0.858 0.0771 0.2136 -0.8673 0.0647 0.2255
68.0 -0.91 0.0677 0.2182 -0.8365 0.0648 0.2284 -0.8075 0.0601 0.236 -0.8095 0.0715 0.2243 -0.8113 0.0816 0.2137 -0.8151 0.0884 0.2064 -0.8559 0.05 0.2417 -0.8558 0.0597 0.2317 -0.8565 0.0688 0.2223 -0.858 0.0771 0.2136 -0.8673 0.0647 0.2255
68.0 -0.91 0.0677 0.2182 -0.8365 0.0648 0.2284 -0.8075 0.0601 0.236 -0.8095 0.0715 0.2243 -0.8113 0.0816 0.2137 -0.8151 0.0884 0.2064 -0.8559 0.05 0.2417 -0.8558 0.0597 0.2317 -0.8565 0.0688 0.2223 -0.858 0.0771 0.2136 -0.8673 0.0647 0.2255
68.0 -0.91 0.0677 0.2182 -0.8365 0.0648 0.2284 -0.8075 0.0601 0.236 -0.8095 0.0715 0.2243 -0.8113 0.0816 0.2137 -0.8151 0.0884 0.2064 -0.8559 0.05 0.2417 -0.8558 0.0597 0.2317 -0.8565 0.0688 0.2223 -0.858 0.0771 0.2136 -0.8673 0.0647 0.2255
68.0 -0.91 0.0677 0.2182 -0.8365 0.0648 0.2284 -0.8075 0.0601 0.236 -0.8095 0.0715 0.2243 -0.8113 0.0816 0.2137 -0.8151 0.0884 0.2064 -0.8559 0.05 0.2417 -0.8558 0.0597 0.2317 -0.8565 0.0688 0.2223 -0.858 0.0771 0.2136 -0.8673 0.0647 0.2255
68.0 -0.91 0.0677 0.2182 -0.8365 0.0648 0.2284 -0.8075 0.0601 0.236 -0.8095 0.0715 0.2243 -0.8113 0.0816 0.2137 -0.8151 0.0884 0.2064 -0.8559 0.05 0.2417 -0.8558 0.0597 0.2317 -0.8565 0.0688 0.2223 -0.858 0.0771 0.2136 -0.8673 0.0647 0.2255
68.0 -0.91 0.0677 0.2182 -0.8365 0.0648 0.2284 -0.8075 0.0601 0.236 -0.8095 0.0715 0.2243 -0.8113 0.0816 0.2137 -0.8151 0.0884 0.2064 -0.8559 0.05 0.2417 -0.8558 0.0597 0.2317 -0.8565 0.0688 0.2223 -0.858 0.0771 0.2136 -0.8673 0.0647 0.2255
68.0 -0.91 0.0677 0.2182 -0.8365 0.0648 0.2284 -0.8075 0.0601 0.236 -0.8095 0.0715 0.2243 -0.8113 0.0816 0.2137 -0.8151 0.0884 0.2064 -0.8559 0.05 0.2417 -0.8558 0.0597 0.2317 -0.8565 0.0688 0.2223 -0.858 0.0771 0.2136 -0.8673 0.0647 0.2255
68.0 -0.91 0.0677 0.2182 -0.8365 0.0648 0.2284 -0.8075 0.0601 0.236 -0.8095 0.0715 0.2243 -0.8113 0.0816 0.2137 -0.8151 0.0884 0.2064 -0.8559 0.05 0.2417 -0.8558 0.0597 0.2317 -0.8565 0.0688 0.2223 -0.858 0.0771 0.2136 -0.8673 0.0647 0.2255
68.0 -0.91 0.0677 0.2182 -0.8365 0.0648 0.2284 -0.8075 0.0601 0.236 -0.8095 0.0715 0.2243 -0.8113 0.0816 0.2137 -0.8151 0.0884 0.2064 -0.8559 0.05 0.2417 -0.8558 0.0597 0.2317 -0.8565 0.0688 0.2223 -0.858 0.0771 0.2136 -0.8673 0.0647 0.2255
68.0 -0.91 0.0677 0.2182 -0.8365 0.0648 0.2284 -0.8075 0.0601 0.236 -0.8095 0.0715 0.2243 -0.8113 0.0816 0.2137 -0.8151 0.0884 0.2064 -0.8559 0.05 0.2417 -0.8558 0.0597 0.2317 -0.8565 0.0688 0.2223 -0.858 0.0771 0.2136 -0.8673 0.0647 0.2255
68.0 -0.91 0.0677 0.2182 -0.8365 0.0648 0.2284 -0.8075 0.0601 0.236 -0.8095 0.0715 0.2243 -0.8113 0.0816 0.2137 -0.8151 0.0884 0.2064 -0.8559 0.05 0.2417 -0.8558 0.0597 0.2317 -0.8565 0.0688 0.2223 -0.858 0.0771 0.2136 -0.8673 0.0647 0.2255
68.0 -0.91 0.0677 0.2182 -0.8365 0.0648 0.2284 -0.8075 0.0601 0.236 -0.8095 0.0715 0.2243 -0.8113 0.0816 0.2137 -0.8151 0.0884 0.2064 -0.8559 0.05 0.2417 -0.8558 0.0597 0.2317 -0.8565 0.0688 0.2223 -0.858 0.0771 0.2136 -0.8673 0.0647 0.2255
68.0 -0.91 0.0677 0.2182 -0.8365 0.0648 0.2284 -0.8075 0.0601 0.236 -0.8095 0.0715 0.2243 -0.8113 0.0816 0.2137 -0.8151 0.0884 0.2064 -0.8559 0.05 0.2417 -0.8558 0.0597 0.2317 -0.8565 0.0688 0.2223 -0.858 0.0771 0.2136 -0.8673 0.0647 0.2255
68.0 -0.91 0.0677 0.2182 -0.8365 0.0648 0.2284 -0.8075 0.0601 0.236 -0.8095 0.0715 0.2243 -0.8113 0.0816 0.2137 -0.8151 0.0884 0.2064 -0.8559 0.05 0.2417 -0.8558 0.0597 0.2317 -0.8565 0.0688 0.2223 -0.858 0.0771 0.2136 -0.8673 0.0647 0.2255
68.0 -0.91 0.0677 0.2182 -0.8365 0.0648 0.2284 -0.8075 0.0601 0.236 -0.8095 0.0715 0.2243 -0.8113 0.0816 0.2137 -0.8151 0.0884 0.2064 -0.8559 0.05 0.2417 -0.8558 0.0597 0.2317 -0.8565 0.0688 0.2223 -0.858 0.0771 0.2136 -0.8673 0.0647 0.2255
68.0 -0.91 0.0677 0.2182 -0.8365 0.0648 0.2284 -0.8075 0.0601 0.236 -0.8095 0.0715 0.2243 -0.8113 0.0816 0.2137 -0.8151 0.0884 0.2064 -0.8559 0.05 0.2417 -0.8558 0.0597 0.2317 -0.8565 0.0688 0.2223 -0.858 0.0771 0.2136 -0.8673 0.0647 0.2255
68.0 -0.91 0.0677 0.2182 -0.8365 0.0648 0.2284 -0.8075 0.0601 0.236 -0.8095 0.0715 0.2243 -0.8113 0.0816 0.2137 -0.8151 0.0884 0.2064 -0.8559 0.05 0.2417 -0.8558 0.0597 0.2317 -0.8565 0.0688 0.2223 -0.858 0.0771 0.2136 -0.8673 0.0647 0.2255
68.0 -0.91 0.0677 0.2182 -0.8365 0.0648 0.2284 -0.8075 0.0601 0.236 -0.8095 0.0715 0.2243 -0.8113 0.0816 0.2137 -0.8151 0.0884 0.2064 -0.8559 0.05 0.2417 -0.8558 0.0597 0.2317 -0.8565 0.0688 0.2223 -0.858 0.0771 0.2136 -0.8673 0.0647 0.2255
68.0 -0.91 0.0677 0.2182 -0.8365 0.0648 0.2284 -0.8075 0.0601 0.236 -0.8095 0.0715 0.2243 -0.8113 0.0816 0.2137 -0.8151 0.0884 0.2064 -0.8559 0.05 0.2417 -0.8558 0.0597 0.2317 -0.8565 0.0688 0.2223 -0.858 0.0771 0.2136 -0.8673 0.0647 0.2255
68.0 -0.91 0.0677 0.2182 -0.8365 0.0648 0.2284 -0.8075 0.0601 0.236 -0.8095 0.0715 0.2243 -0.8113 0.0816 0.2137 -0.8151 0.0884 0.2064 -0.8559 0.05 0.2417 -0.8558 0.0597 0.2317 -0.8565 0.0688 0.2223 -0.858 0.0771 0.2136 -0.8673 0.0647 0.2255
68.0 -0.91 0.0677 0.2182 -0.8365 0.0648 0.2284 -0.8075 0.0601 0.236 -0.8095 0.0715 0.2243 -0.8113 0.0816 0.2137 -0.8151 0.0884 0.2064 -0.8559 0.05 0.2417 -0.8558 0.0597 0.2317 -0.8565 0.0688 0.2223 -0.858 0.0771 0.2136 -0.8673 0.0647 0.2255
68.0 -0.91 0.0677 0.2182 -0.8365 0.0648 0.2284 -0.8075 0.0601 0.236 -0.8095 0.0715 0.2243 -0.8113 0.0816 0.2137 -0.8151 0.0884 0.2064 -0.8559 0.05 0.2417 -0.8558 0.0597 0.2317 -0.8565 0.0688 0.2223 -0.858 0.0771 0.2136 -0.8673 0.0647 0.2255
68.0 -0.91 0.0677 0.2182 -0.8365 0.0648 0.2284 -0.8075 0.0601 0.236 -0.8095 0.0715 0.2243 -0.8113 0.0816 0.2137 -0.8151 0.0884 0.2064 -0.8559 0.05 0.2417 -0.8558 0.0597 0.2317 -0.8565 0.0688 0.2223 -0.858 0.0771 0.2136 -0.8673 0.0647 0.2255
68.0 -0.91 0.0677 0.2182 -0.8365 0.0648 0.2284 -0.8075 0.0601 0.236 -0.8095 0.0715 0.2243 -0.8113 0.0816 0.2137 -0.8151 0.0884 0.2064 -0.8559 0.05 0.2417 -0.8558 0.0597 0.2317 -0.8565 0.0688 0.2223 -0.858 0.0771 0.2136 -0.8673 0.0647 0.2255
68.0 -0.91 0.0677 0.2182 -0.8365 0.0648 0.2284 -0.8075 0.0601 0.236 -0.8095 0.0715 0.2243 -0.8113 0.0816 0.2137 -0.8151 0.0884 0.2064 -0.8559 0.05 0.2417 -0.8558 0.0597 0.2317 -0.8565 0.0688 0.2223 -0.858 0.0771 0.2136 -0.8673 0.0647 0.2255
68.0 -0.91 0.0677 0.2182 -0.8365 0.0648 0.2284 -0.8075 0.0601 0.236 -0.8095 0.0715 0.2243 -0.8113 0.0816 0.2137 -0.8151 0.0884 0.2064 -0.8559 0.05 0.2417 -0.8558 0.0597 0.2317 -0.8565 0.0688 0.2223 -0.858 0.0771 0.2136 -0.8673 0.0647 0.2255
68.0 -0.91 0.0677 0.2182 -0.8365 0.0648 0.2284 -0.8075 0.0601 0.236 -0.8095 0.0715 0.2243 -0.8113 0.0816 0.2137 -0.8151 0.0884 0.2064 -0.8559 0.05 0.2417 -0.8558 0.0597 0.2317 -0.8565 0.0688 0.2223 -0.858 0.0771 0.2136 -0.8673 0.0647 0.2255
68.0 -0.91 0.0677 0.2182 -0.8365 0.0648 0.2284 -0.8075 0.0601 0.236 -0.8095 0.0715 0.2243 -0.8113 0.0816 0.2137 -0.8151 0.0884 0.2064 -0.8559 0.05 0.2417 -0.8558 0.0597 0.2317 -0.8565 0.0688 0.2223 -0.858 0.0771 0.2136 -0.8673 0.0647 0.2255
68.0 -0.91 0.0677 0.2182 -0.8365 0.0648 0.2284 -0.8075 0.0601 0.236 -0.8095 0.0715 0.2243 -0.8113 0.0816 0.2137 -0.8151 0.0884 0.2064 -0.8559 0.05 0.2417 -0.8558 0.0597 0.2317 -0.8565 0.0688 0.2223 -0.858 0.0771 0.2136 -0.8673 0.0647 0.2255
68.0 -0.91 0.0677 0.2182 -0.8365 0.0648 0.2284 -0.8075 0.0601 0.236 -0.8095 0.0715 0.2243 -0.8113 0.0816 0.2137 -0.8151 0.0884 0.2064 -0.8559 0.05 0.2417 -0.8558 0.0597 0.2317 -0.8565 0.0688 0.2223 -0.858 0.0771 0.2136 -0.8673 0.0647 0.2255
68.0 -0.91 0.0677 0.2182 -0.8365 0.0648 0.2284 -0.8075 0.0601 0.236 -0.8095 0.0715 0.2243 -0.8113 0.0816 0.2137 -0.8151 0.0884 0.2064 -0.8559 0.05 0.2417 -0.8558 0.0597 0.2317 -0.8565 0.0688 0.2223 -0.858 0.0771 0.2136 -0.8673 0.0647 0.2255
68.0 -0.91 0.0677 0.2182 -0.8365 0.0648 0.2284 -0.8075 0.0601 0.236 -0.8095 0.0715 0.2243 -0.8113 0.0816 0.2137 -0.8151 0.0884 0.2064 -0.8559 0.05 0.2417 -0.8558 0.0597 0.2317 -0.8565 0.0688 0.2223 -0.858 0.0771 0.2136 -0.8673 0.0647 0.2255
68.0 -0.91 0.0677 0.2182 -0.8365 0.0648 0.2284 -0.8075 0.0601 0.236 -0.8095 0.0715 0.2243 -0.8113 0.0816 0.2137 -0.8151 0.0884 0.2064 -0.8559 0.05 0.2417 -0.8558 0.0597 0.2317 -0.8565 0.0688 0.2223 -0.858 0.0771 0.2136 -0.8673 0.0647 0.2255
68.0 -0.91 0.0677 0.2182 -0.8365 0.0648 0.2284 -0.8075 0.0601 0.236 -0.8095 0.0715 0.2243 -0.8113 0.0816 0.2137 -0.8151 0.0884 0.2064 -0.8559 0.05 0.2417 -0.8558 0.0597 0.2317 -0.8565 0.0688 0.2223 -0.858 0.0771 0.2136 -0.8673 0.0647 0.2255
68.0 -0.91 0.0677 0.2182 -0.8365 0.0648 0.2284 -0.8075 0.0601 0.236 -0.8095 0.0715 0.2243 -0.8113 0.0816 0.2137 -0.8151 0.0884 0.2064 -0.8559 0.05 0.2417 -0.8558 0.0597 0.2317 -0.8565 0.0688 0.2223 -0.858 0.0771 0.2136 -0.8673 0.0647 0.2255
68.0 -0.91 0.0677 0.2182 -0.8365 0.0648 0.2284 -0.8075 0.0601 0.236 -0.8095 0.0715 0.2243 -0.8113 0.0816 0.2137 -0.8151 0.0884 0.2064 -0.8559 0.05 0.2417 -0.8558 0.0597 0.2317 -0.8565 0.0688 0.2223 -0.858 0.0771 0.2136 -0.8673 0.0647 0.2255
68.0 -0.91 0.0677 0.2182 -0.8365 0.0648 0.2284 -0.8075 0.0601 0.236 -0.8095 0.0715 0.2243 -0.8113 0.0816 0.2137 -0.8151 0.0884 0.2064 -0.8559 0.05 0.2417 -0.8558 0.0597 0.2317 -0.8565 0.0688 0.2223 -0.858 0.0771 0.2136 -0.8673 0.0647 0.2255
68.0 -0.91 0.0677 0.2182 -0.8365 0.0648 0.2284 -0.8075 0.0601 0.236 -0.8095 0.0715 0.2243 -0.8113 0.0816 0.2137 -0.8151 0.0884 0.2064 -0.8559 0.05 0.2417 -0.8558 0.0597 0.2317 -0.8565 0.0688 0.2223 -0.858 0.0771 0.2136 -0.8673 0.0647 0.2255
68.0 -0.91 0.0677 0.2182 -0.8365 0.0648 0.2284 -0.8075 0.0601 0.236 -0.8095 0.0715 0.2243 -0.8113 0.0816 0.2137 -0.8151 0.0884 0.2064 -0.8559 0.05 0.2417 -0.8558 0.0597 0.2317 -0.8565 0.0688 0.2223 -0.858 0.0771 0.2136 -0.8673 0.0647 0.2255
68.0 -0.91 0.0677 0.2182 -0.8365 0.0648 0.2284 -0.8075 0.0601 0.236 -0.8095 0.0715 0.2243 -0.8113 0.0816 0.2137 -0.8151 0.0884 0.2064 -0.8559 0.05 0.2417 -0.8558 0.0597 0.2317 -0.8565 0.0688 0.2223 -0.858 0.0771 0.2136 -0.8673 0.0647 0.2255
68.0 -0.91 0.0677 0.2182 -0.8365 0.0648 0.2284 -0.8075 0.0601 0.236 -0.8095 0.0715 0.2243 -0.8113 0.0816 0.2137 -0.8151 0.0884 0.2064 -0.8559 0.05 0.2417 -0.8558 0.0597 0.2317 -0.8565 0.0688 0.2223 -0.858 0.0771 0.2136 -0.8673 0.0647 0.2255
68.0 -0.91 0.0677 0.2182 -0.8365 0.0648 0.2284 -0.8075 0.0601 0.236 -0.8095 0.0715 0.2243 -0.8113 0.0816 0.2137 -0.8151 0.0884 0.2064 -0.8559 0.05 0.2417 -0.8558 0.0597 0.2317 -0.8565 0.0688 0.2223 -0.858 0.0771 0.2136 -0.8673 0.0647 0.2255
68.0 -0.91 0.0677 0.2182 -0.8365 0.0648 0.2284 -0.8075 0.0601 0.236 -0.8095 0.0715 0.2243 -0.8113 0.0816 0.2137 -0.8151 0.0884 0.2064 -0.8559 0.05 0.2417 -0.8558 0.0597 0.2317 -0.8565 0.0688 0.2223 -0.858 0.0771 0.2136 -0.8673 0.0647 0.2255
68.0 -0.91 0.0677 0.2182 -0.8365 0.0648 0.2284 -0.8075 0.0601 0.236 -0.8095 0.0715 0.2243 -0.8113 0.0816 0.2137 -0.8151 0.0884 0.2064 -0.8559 0.05 0.2417 -0.8558 0.0597 0.2317 -0.8565 0.0688 0.2223 -0.858 0.0771 0.2136 -0.8673 0.0647 0.2255
68.0 -0.91 0.0677 0.2182 -0.8365 0.0648 0.2284 -0.8075 0.0601 0.236 -0.8095 0.0715 0.2243 -0.8113 0.0816 0.2137 -0.8151 0.0884 0.2064 -0.8559 0.05 0.2417 -0.8558 0.0597 0.2317 -0.8565 0.0688 0.2223 -0.858 0.0771 0.2136 -0.8673 0.0647 0.2255
68.0 -0.91 0.0677 0.2182 -0.8365 0.0648 0.2284 -0.8075 0.0601 0.236 -0.8095 0.0715 0.2243 -0.8113 0.0816 0.2137 -0.8151 0.0884 0.2064 -0.8559 0.05 0.2417 -0.8558 0.0597 0.2317 -0.8565 0.0688 0.2223 -0.858 0.0771 0.2136 -0.8673 0.0647 0.2255
68.0 -0.91 0.0677 0.2182 -0.8365 0.0648 0.2284 -0.8075 0.0601 0.236 -0.8095 0.0715 0.2243 -0.8113 0.0816 0.2137 -0.8151 0.0884 0.2064 -0.8559 0.05 0.2417 -0.8558 0.0597 0.2317 -0.8565 0.0688 0.2223 -0.858 0.0771 0.2136 -0.8673 0.0647 0.2255
68.0 -0.91 0.0677 0.2182 -0.8365 0.0648 0.2284 -0.8075 0.0601 0.236 -0.8095 0.0715 0.2243 -0.8113 0.0816 0.2137 -0.8151 0.0884 0.2064 -0.8559 0.05 0.2417 -0.8558 0.0597 0.2317 -0.8565 0.0688 0.2223 -0.858 0.0771 0.2136 -0.8673 0.0647 0.2255
68.0 -0.91 0.0677 0.2182 -0.8365 0.0648 0.2284 -0.8075 0.0601 0.236 -0.8095 0.0715 0.2243 -0.8113 0.0816 0.2137 -0.8151 0.0884 0.2064 -0.8559 0.05 0.2417 -0.8558 0.0597 0.2317 -0.8565 0.0688 0.2223 -0.858 0.0771 0.2136 -0.8673 0.0647 0.2255
68.0 -0.91 0.0677 0.2182 -0.8365 0.0648 0.2284 -0.8075 0.0601 0.236 -0.8095 0.0715 0.2243 -0.8113 0.0816 0.2137 -0.8151 0.0884 0.2064 -0.8559 0.05 0.2417 -0.8558 0.0597 0.2317 -0.8565 0.0688 0.2223 -0.858 0.0771 0.2136 -0.8673 0.0647 0.2255
68.0 -0.91 0.0677 0.2182 -0.8365 0.0648 0.2284 -0.8075 0.0601 0.236 -0.8095 0.0715 0.2243 -0.8113 0.0816 0.2137 -0.8151 0.0884 0.2064 -0.8559 0.05 0.2417 -0.8558 0.0597 0.2317 -0.8565 0.0688 0.2223 -0.858 0.0771 0.2136 -0.8673 0.0647 0.2255
68.0 -0.91 0.0677 0.2182 -0.8365 0.0648 0.2284 -0.8075 0.0601 0.236 -0.8095 0.0715 0.2243 -0.8113 0.0816 0.2137 -0.8151 0.0884 0.2064 -0.8559 0.05 0.2417 -0.8558 0.0597 0.2317 -0.8565 0.0688 0.2223 -0.858 0.0771 0.2136 -0.8673 0.0647 0.2255
68.0 -0.91 0.0677 0.2182 -0.8365 0.0648 0.2284 -0.8075 0.0601 0.236 -0.8095 0.0715 0.2243 -0.8113 0.0816 0.2137 -0.8151 0.0884 0.2064 -0.8559 0.05 0.2417 -0.8558 0.0597 0.2317 -0.8565 0.0688 0.2223 -0.858 0.0771 0.2136 -0.8673 0.0647 0.2255
68.0 -0.91 0.0677 0.2182 -0.8365 0.0648 0.2284 -0.8075 0.0601 0.236 -0.8095 0.0715 0.2243 -0.8113 0.0816 0.2137 -0.8151 0.0884 0.2064 -0.8559 0.05 0.2417 -0.8558 0.0597 0.2317 -0.8565 0.0688 0.2223 -0.858 0.0771 0.2136 -0.8673 0.0647 0.2255
68.0 -0.91 0.0677 0.2182 -0.8365 0.0648 0.2284 -0.8075 0.0601 0.236 -0.8095 0.0715 0.2243 -0.8113 0.0816 0.2137 -0.8151 0.0884 0.2064 -0.8559 0.05 0.2417 -0.8558 0.0597 0.2317 -0.8565 0.0688 0.2223 -0.858 0.0771 0.2136 -0.8673 0.0647 0.2255
68.0 -0.91 0.0677 0.2182 -0.8365 0.0648 0.2284 -0.8075 0.0601 0.236 -0.8095 0.0715 0.2243 -0.8113 0.0816 0.2137 -0.8151 0.0884 0.2064 -0.8559 0.05 0.2417 -0.8558 0.0597 0.2317 -0.8565 0.0688 0.2223 -0.858 0.0771 0.2136 -0.8673 0.0647 0.2255
68.0 -0.91 0.0677 0.2182 -0.8365 0.0648 0.2284 -0.8075 0.0601 0.236 -0.8095 0.0715 0.2243 -0.8113 0.0816 0.2137 -0.8151 0.0884 0.2064 -0.8559 0.05 0.2417 -0.8558 0.0597 0.2317 -0.8565 0.0688 0.2223 -0.858 0.0771 0.2136 -0.8673 0.0647 0.2255
68.0 -0.91 0.0677 0.2182 -0.8365 0.0648 0.2284 -0.8075 0.0601 0.236 -0.8095 0.0715 0.2243 -0.8113 0.0816 0.2137 -0.8151 0.0884 0.2064 -0.8559 0.05 0.2417 -0.8558 0.0597 0.2317 -0.8565 0.0688 0.2223 -0.858 0.0771 0.2136 -0.8673 0.0647 0.2255
68.0 -0.91 0.0677 0.2182 -0.8365 0.0648 0.2284 -0.8075 0.0601 0.236 -0.8095 0.0715 0.2243 -0.8113 0.0816 0.2137 -0.8151 0.0884 0.2064 -0.8559 0.05 0.2417 -0.8558 0.0597 0.2317 -0.8565 0.0688 0.2223 -0.858 0.0771 0.2136 -0.8673 0.0647 0.2255
68.0 -0.91 0.0677 0.2182 -0.8365 0.0648 0.2284 -0.8075 0.0601 0.236 -0.8095 0.0715 0.2243 -0.8113 0.0816 0.2137 -0.8151 0.0884 0.2064 -0.8559 0.05 0.2417 -0.8558 0.0597 0.2317 -0.8565 0.0688 0.2223 -0.858 0.0771 0.2136 -0.8673 0.0647 0.2255
68.0 -0.91 0.0677 0.2182 -0.8365 0.0648 0.2284 -0.8075 0.0601 0.236 -0.8095 0.0715 0.2243 -0.8113 0.0816 0.2137 -0.8151 0.0884 0.2064 -0.8559 0.05 0.2417 -0.8558 0.0597 0.2317 -0.8565 0.0688 0.2223 -0.858 0.0771 0.2136 -0.8673 0.0647 0.2255
68.0 -0.91 0.0677 0.2182 -0.8365 0.0648 0.2284 -0.8075 0.0601 0.236 -0.8095 0.0715 0.2243 -0.8113 0.0816 0.2137 -0.8151 0.0884 0.2064 -0.8559 0.05 0.2417 -0.8558 0.0597 0.2317 -0.8565 0.0688 0.2223 -0.858 0.0771 0.2136 -0.8673 0.0647 0.2255
68.0 -0.91 0.0677 0.2182 -0.8365 0.0648 0.2284 -0.8075 0.0601 0.236 -0.8095 0.0715 0.2243 -0.8113 0.0816 0.2137 -0.8151 0.0884 0.2064 -0.8559 0.05 0.2417 -0.8558 0.0597 0.2317 -0.8565 0.0688 0.2223 -0.858 0.0771 0.2136 -0.8673 0.0647 0.2255
68.0 -0.91 0.0677 0.2182 -0.8365 0.0648 0.2284 -0.8075 0.0601 0.236 -0.8095 0.0715 0.2243 -0.8113 0.0816 0.2137 -0.8151 0.0884 0.2064 -0.8559 0.05 0.2417 -0.8558 0.0597 0.2317 -0.8565 0.0688 0.2223 -0.858 0.0771 0.2136 -0.8673 0.0647 0.2255
68.0 -0.91 0.0677 0.2182 -0.8365 0.0648 0.2284 -0.8075 0.0601 0.236 -0.8095 0.0715 0.2243 -0.8113 0.0816 0.2137 -0.8151 0.0884 0.2064 -0.8559 0.05 0.2417 -0.8558 0.0597 0.2317 -0.8565 0.0688 0.2223 -0.858 0.0771 0.2136 -0.8673 0.0647 0.2255
68.0 -0.91 0.0677 0.2182 -0.8365 0.0648 0.2284 -0.8075 0.0601 0.236 -0.8095 0.0715 0.2243 -0.8113 0.0816 0.2137 -0.8151 0.0884 0.2064 -0.8559 0.05 0.2417 -0.8558 0.0597 0.2317 -0.8565 0.0688 0.2223 -0.858 0.0771 0.2136 -0.8673 0.0647 0.2255
68.0 -0.91 0.0677 0.2182 -0.8365 0.0648 0.2284 -0.8075 0.0601 0.236 -0.8095 0.0715 0.2243 -0.8113 0.0816 0.2137 -0.8151 0.0884 0.2064 -0.8559 0.05 0.2417 -0.8558 0.0597 0.2317 -0.8565 0.0688 0.2223 -0.858 0.0771 0.2136 -0.8673 0.0647 0.2255
68.0 -0.91 0.0677 0.2182 -0.8365 0.0648 0.2284 -0.8075 0.0601 0.236 -0.8095 0.0715 0.2243 -0.8113 0.0816 0.2137 -0.8151 0.0884 0.2064 -0.8559 0.05 0.2417 -0.8558 0.0597 0.2317 -0.8565 0.0688 0.2223 -0.858 0.0771 0.2136 -0.8673 0.0647 0.2255
68.0 -0.91 0.0677 0.2182 -0.8365 0.0648 0.2284 -0.8075 0.0601 0.236 -0.8095 0.0715 0.2243 -0.8113 0.0816 0.2137 -0.8151 0.0884 0.2064 -0.8559 0.05 0.2417 -0.8558 0.0597 0.2317 -0.8565 0.0688 0.2223 -0.858 0.0771 0.2136 -0.8673 0.0647 0.2255
68.0 -0.91 0.0677 0.2182 -0.8365 0.0648 0.2284 -0.8075 0.0601 0.236 -0.8095 0.0715 0.2243 -0.8113 0.0816 0.2137 -0.8151 0.0884 0.2064 -0.8559 0.05 0.2417 -0.8558 0.0597 0.2317 -0.8565 0.0688 0.2223 -0.858 0.0771 0.2136 -0.8673 0.0647 0.2255
68.0 -0.91 0.0677 0.2182 -0.8365 0.0648 0.2284 -0.8075 0.0601 0.236 -0.8095 0.0715 0.2243 -0.8113 0.0816 0.2137 -0.8151 0.0884 0.2064 -0.8559 0.05 0.2417 -0.8558 0.0597 0.2317 -0.8565 0.0688 0.2223 -0.858 0.0771 0.2136 -0.8673 0.0647 0.2255
68.0 -0.91 0.0677 0.2182 -0.8365 0.0648 0.2284 -0.8075 0.0601 0.236 -0.8095 0.0715 0.2243 -0.8113 0.0816 0.2137 -0.8151 0.0884 0.2064 -0.8559 0.05 0.2417 -0.8558 0.0597 0.2317 -0.8565 0.0688 0.2223 -0.858 0.0771 0.2136 -0.8673 0.0647 0.2255
68.0 -0.91 0.0677 0.2182 -0.8365 0.0648 0.2284 -0.8075 0.0601 0.236 -0.8095 0.0715 0.2243 -0.8113 0.0816 0.2137 -0.8151 0.0884 0.2064 -0.8559 0.05 0.2417 -0.8558 0.0597 0.2317 -0.8565 0.0688 0.2223 -0.858 0.0771 0.2136 -0.8673 0.0647 0.2255
68.0 -0.91 0.0677 0.2182 -0.8365 0.0648 0.2284 -0.8075 0.0601 0.236 -0.8095 0.0715 0.2243 -0.8113 0.0816 0.2137 -0.8151 0.0884 0.2064 -0.8559 0.05 0.2417 -0.8558 0.0597 0.2317 -0.8565 0.0688 0.2223 -0.858 0.0771 0.2136 -0.8673 0.0647 0.2255
68.0 -0.91 0.0677 0.2182 -0.8365 0.0648 0.2284 -0.8075 0.0601 0.236 -0.8095 0.0715 0.2243 -0.8113 0.0816 0.2137 -0.8151 0.0884 0.2064 -0.8559 0.05 0.2417 -0.8558 0.0597 0.2317 -0.8565 0.0688 0.2223 -0.858 0.0771 0.2136 -0.8673 0.0647 0.2255
68.0 -0.91 0.0677 0.2182 -0.8365 0.0648 0.2284 -0.8075 0.0601 0.236 -0.8095 0.0715 0.2243 -0.8113 0.0816 0.2137 -0.8151 0.0884 0.2064 -0.8559 0.05 0.2417 -0.8558 0.0597 0.2317 -0.8565 0.0688 0.2223 -0.858 0.0771 0.2136 -0.8673 0.0647 0.2255
68.0 -0.91 0.0677 0.2182 -0.8365 0.0648 0.2284 -0.8075 0.0601 0.236 -0.8095 0.0715 0.2243 -0.8113 0.0816 0.2137 -0.8151 0.0884 0.2064 -0.8559 0.05 0.2417 -0.8558 0.0597 0.2317 -0.8565 0.0688 0.2223 -0.858 0.0771 0.2136 -0.8673 0.0647 0.2255
68.0 -0.91 0.0677 0.2182 -0.8365 0.0648 0.2284 -0.8075 0.0601 0.236 -0.8095 0.0715 0.2243 -0.8113 0.0816 0.2137 -0.8151 0.0884 0.2064 -0.8559 0.05 0.2417 -0.8558 0.0597 0.2317 -0.8565 0.0688 0.2223 -0.858 0.0771 0.2136 -0.8673 0.0647 0.2255
68.0 -0.91 0.0677 0.2182 -0.8365 0.0648 0.2284 -0.8075 0.0601 0.236 -0.8095 0.0715 0.2243 -0.8113 0.0816 0.2137 -0.8151 0.0884 0.2064 -0.8559 0.05 0.2417 -0.8558 0.0597 0.2317 -0.8565 0.0688 0.2223 -0.858 0.0771 0.2136 -0.8673 0.0647 0.2255
68.0 -0.91 0.0677 0.2182 -0.8365 0.0648 0.2284 -0.8075 0.0601 0.236 -0.8095 0.0715 0.2243 -0.8113 0.0816 0.2137 -0.8151 0.0884 0.2064 -0.8559 0.05 0.2417 -0.8558 0.0597 0.2317 -0.8565 0.0688 0.2223 -0.858 0.0771 0.2136 -0.8673 0.0647 0.2255
68.0 -0.91 0.0677 0.2182 -0.8365 0.0648 0.2284 -0.8075 0.0601 0.236 -0.8095 0.0715 0.2243 -0.8113 0.0816 0.2137 -0.8151 0.0884 0.2064 -0.8559 0.05 0.2417 -0.8558 0.0597 0.2317 -0.8565 0.0688 0.2223 -0.858 0.0771 0.2136 -0.8673 0.0647 0.2255
68.0 -0.91 0.0677 0.2182 -0.8365 0.0648 0.2284 -0.8075 0.0601 0.236 -0.8095 0.0715 0.2243 -0.8113 0.0816 0.2137 -0.8151 0.0884 0.2064 -0.8559 0.05 0.2417 -0.8558 0.0597 0.2317 -0.8565 0.0688 0.2223 -0.858 0.0771 0.2136 -0.8673 0.0647 0.2255
68.0 -0.91 0.0677 0.2182 -0.8365 0.0648 0.2284 -0.8075 0.0601 0.236 -0.8095 0.0715 0.2243 -0.8113 0.0816 0.2137 -0.8151 0.0884 0.2064 -0.8559 0.05 0.2417 -0.8558 0.0597 0.2317 -0.8565 0.0688 0.2223 -0.858 0.0771 0.2136 -0.8673 0.0647 0.2255
68.0 -0.91 0.0677 0.2182 -0.8365 0.0648 0.2284 -0.8075 0.0601 0.236 -0.8095 0.0715 0.2243 -0.8113 0.0816 0.2137 -0.8151 0.0884 0.2064 -0.8559 0.05 0.2417 -0.8558 0.0597 0.2317 -0.8565 0.0688 0.2223 -0.858 0.0771 0.2136 -0.8673 0.0647 0.2255
68.0 -0.91 0.0677 0.2182 -0.8365 0.0648 0.2284 -0.8075 0.0601 0.236 -0.8095 0.0715 0.2243 -0.8113 0.0816 0.2137 -0.8151 0.0884 0.2064 -0.8559 0.05 0.2417 -0.8558 0.0597 0.2317 -0.8565 0.0688 0.2223 -0.858 0.0771 0.2136 -0.8673 0.0647 0.2255
68.0 -0.91 0.0677 0.2182 -0.8365 0.0648 0.2284 -0.8075 0.0601 0.236 -0.8095 0.0715 0.2243 -0.8113 0.0816 0.2137 -0.8151 0.0884 0.2064 -0.8559 0.05 0.2417 -0.8558 0.0597 0.2317 -0.8565 0.0688 0.2223 -0.858 0.0771 0.2136 -0.8673 0.0647 0.2255
68.0 -0.91 0.0677 0.2182 -0.8365 0.0648 0.2284 -0.8075 0.0601 0.236 -0.8095 0.0715 0.2243 -0.8113 0.0816 0.2137 -0.8151 0.0884 0.2064 -0.8559 0.05 0.2417 -0.8558 0.0597 0.2317 -0.8565 0.0688 0.2223 -0.858 0.0771 0.2136 -0.8673 0.0647 0.2255
68.0 -0.91 0.0677 0.2182 -0.8365 0.0648 0.2284 -0.8075 0.0601 0.236 -0.8095 0.0715 0.2243 -0.8113 0.0816 0.2137 -0.8151 0.0884 0.2064 -0.8559 0.05 0.2417 -0.8558 0.0597 0.2317 -0.8565 0.0688 0.2223 -0.858 0.0771 0.2136 -0.8673 0.0647 0.2255
68.0 -0.91 0.0677 0.2182 -0.8365 0.0648 0.2284 -0.8075 0.0601 0.236 -0.8095 0.0715 0.2243 -0.8113 0.0816 0.2137 -0.8151 0.0884 0.2064 -0.8559 0.05 0.2417 -0.8558 0.0597 0.2317 -0.8565 0.0688 0.2223 -0.858 0.0771 0.2136 -0.8673 0.0647 0.2255
68.0 -0.91 0.0677 0.2182 -0.8365 0.0648 0.2284 -0.8075 0.0601 0.236 -0.8095 0.0715 0.2243 -0.8113 0.0816 0.2137 -0.8151 0.0884 0.2064 -0.8559 0.05 0.2417 -0.8558 0.0597 0.2317 -0.8565 0.0688 0.2223 -0.858 0.0771 0.2136 -0.8673 0.0647 0.2255
68.0 -0.91 0.0677 0.2182 -0.8365 0.0648 0.2284 -0.8075 0.0601 0.236 -0.8095 0.0715 0.2243 -0.8113 0.0816 0.2137 -0.8151 0.0884 0.2064 -0.8559 0.05 0.2417 -0.8558 0.0597 0.2317 -0.8565 0.0688 0.2223 -0.858 0.0771 0.2136 -0.8673 0.0647 0.2255
68.0 -0.91 0.0677 0.2182 -0.8365 0.0648 0.2284 -0.8075 0.0601 0.236 -0.8095 0.0715 0.2243 -0.8113 0.0816 0.2137 -0.8151 0.0884 0.2064 -0.8559 0.05 0.2417 -0.8558 0.0597 0.2317 -0.8565 0.0688 0.2223 -0.858 0.0771 0.2136 -0.8673 0.0647 0.2255
68.0 -0.91 0.0677 0.2182 -0.8365 0.0648 0.2284 -0.8075 0.0601 0.236 -0.8095 0.0715 0.2243 -0.8113 0.0816 0.2137 -0.8151 0.0884 0.2064 -0.8559 0.05 0.2417 -0.8558 0.0597 0.2317 -0.8565 0.0688 0.2223 -0.858 0.0771 0.2136 -0.8673 0.0647 0.2255
68.0 -0.91 0.0677 0.2182 -0.8365 0.0648 0.2284 -0.8075 0.0601 0.236 -0.8095 0.0715 0.2243 -0.8113 0.0816 0.2137 -0.8151 0.0884 0.2064 -0.8559 0.05 0.2417 -0.8558 0.0597 0.2317 -0.8565 0.0688 0.2223 -0.858 0.0771 0.2136 -0.8673 0.0647 0.2255
68.0 -0.91 0.0677 0.2182 -0.8365 0.0648 0.2284 -0.8075 0.0601 0.236 -0.8095 0.0715 0.2243 -0.8113 0.0816 0.2137 -0.8151 0.0884 0.2064 -0.8559 0.05 0.2417 -0.8558 0.0597 0.2317 -0.8565 0.0688 0.2223 -0.858 0.0771 0.2136 -0.8673 0.0647 0.2255
68.0 -0.91 0.0677 0.2182 -0.8365 0.0648 0.2284 -0.8075 0.0601 0.236 -0.8095 0.0715 0.2243 -0.8113 0.0816 0.2137 -0.8151 0.0884 0.2064 -0.8559 0.05 0.2417 -0.8558 0.0597 0.2317 -0.8565 0.0688 0.2223 -0.858 0.0771 0.2136 -0.8673 0.0647 0.2255
68.0 -0.91 0.0677 0.2182 -0.8365 0.0648 0.2284 -0.8075 0.0601 0.236 -0.8095 0.0715 0.2243 -0.8113 0.0816 0.2137 -0.8151 0.0884 0.2064 -0.8559 0.05 0.2417 -0.8558 0.0597 0.2317 -0.8565 0.0688 0.2223 -0.858 0.0771 0.2136 -0.8673 0.0647 0.2255
68.0 -0.91 0.0677 0.2182 -0.8365 0.0648 0.2284 -0.8075 0.0601 0.236 -0.8095 0.0715 0.2243 -0.8113 0.0816 0.2137 -0.8151 0.0884 0.2064 -0.8559 0.05 0.2417 -0.8558 0.0597 0.2317 -0.8565 0.0688 0.2223 -0.858 0.0771 0.2136 -0.8673 0.0647 0.2255
68.0 -0.91 0.0677 0.2182 -0.8365 0.0648 0.2284 -0.8075 0.0601 0.236 -0.8095 0.0715 0.2243 -0.8113 0.0816 0.2137 -0.8151 0.0884 0.2064 -0.8559 0.05 0.2417 -0.8558 0.0597 0.2317 -0.8565 0.0688 0.2223 -0.858 0.0771 0.2136 -0.8673 0.0647 0.2255
68.0 -0.91 0.0677 0.2182 -0.8365 0.0648 0.2284 -0.8075 0.0601 0.236 -0.8095 0.0715 0.2243 -0.8113 0.0816 0.2137 -0.8151 0.0884 0.2064 -0.8559 0.05 0.2417 -0.8558 0.0597 0.2317 -0.8565 0.0688 0.2223 -0.858 0.0771 0.2136 -0.8673 0.0647 0.2255
68.0 -0.91 0.0677 0.2182 -0.8365 0.0648 0.2284 -0.8075 0.0601 0.236 -0.8095 0.0715 0.2243 -0.8113 0.0816 0.2137 -0.8151 0.0884 0.2064 -0.8559 0.05 0.2417 -0.8558 0.0597 0.2317 -0.8565 0.0688 0.2223 -0.858 0.0771 0.2136 -0.8673 0.0647 0.2255
68.0 -0.91 0.0677 0.2182 -0.8365 0.0648 0.2284 -0.8075 0.0601 0.236 -0.8095 0.0715 0.2243 -0.8113 0.0816 0.2137 -0.8151 0.0884 0.2064 -0.8559 0.05 0.2417 -0.8558 0.0597 0.2317 -0.8565 0.0688 0.2223 -0.858 0.0771 0.2136 -0.8673 0.0647 0.2255
68.0 -0.91 0.0677 0.2182 -0.8365 0.0648 0.2284 -0.8075 0.0601 0.236 -0.8095 0.0715 0.2243 -0.8113 0.0816 0.2137 -0.8151 0.0884 0.2064 -0.8559 0.05 0.2417 -0.8558 0.0597 0.2317 -0.8565 0.0688 0.2223 -0.858 0.0771 0.2136 -0.8673 0.0647 0.2255
68.0 -0.91 0.0677 0.2182 -0.8365 0.0648 0.2284 -0.8075 0.0601 0.236 -0.8095 0.0715 0.2243 -0.8113 0.0816 0.2137 -0.8151 0.0884 0.2064 -0.8559 0.05 0.2417 -0.8558 0.0597 0.2317 -0.8565 0.0688 0.2223 -0.858 0.0771 0.2136 -0.8673 0.0647 0.2255
68.0 -0.91 0.0677 0.2182 -0.8365 0.0648 0.2284 -0.8075 0.0601 0.236 -0.8095 0.0715 0.2243 -0.8113 0.0816 0.2137 -0.8151 0.0884 0.2064 -0.8559 0.05 0.2417 -0.8558 0.0597 0.2317 -0.8565 0.0688 0.2223 -0.858 0.0771 0.2136 -0.8673 0.0647 0.2255
68.0 -0.91 0.0677 0.2182 -0.8365 0.0648 0.2284 -0.8075 0.0601 0.236 -0.8095 0.0715 0.2243 -0.8113 0.0816 0.2137 -0.8151 0.0884 0.2064 -0.8559 0.05 0.2417 -0.8558 0.0597 0.2317 -0.8565 0.0688 0.2223 -0.858 0.0771 0.2136 -0.8673 0.0647 0.2255
68.0 -0.91 0.0677 0.2182 -0.8365 0.0648 0.2284 -0.8075 0.0601 0.236 -0.8095 0.0715 0.2243 -0.8113 0.0816 0.2137 -0.8151 0.0884 0.2064 -0.8559 0.05 0.2417 -0.8558 0.0597 0.2317 -0.8565 0.0688 0.2223 -0.858 0.0771 0.2136 -0.8673 0.0647 0.2255
68.0 -0.91 0.0677 0.2182 -0.8365 0.0648 0.2284 -0.8075 0.0601 0.236 -0.8095 0.0715 0.2243 -0.8113 0.0816 0.2137 -0.8151 0.0884 0.2064 -0.8559 0.05 0.2417 -0.8558 0.0597 0.2317 -0.8565 0.0688 0.2223 -0.858 0.0771 0.2136 -0.8673 0.0647 0.2255
68.0 -0.91 0.0677 0.2182 -0.8365 0.0648 0.2284 -0.8075 0.0601 0.236 -0.8095 0.0715 0.2243 -0.8113 0.0816 0.2137 -0.8151 0.0884 0.2064 -0.8559 0.05 0.2417 -0.8558 0.0597 0.2317 -0.8565 0.0688 0.2223 -0.858 0.0771 0.2136 -0.8673 0.0647 0.2255
68.0 -0.91 0.0677 0.2182 -0.8365 0.0648 0.2284 -0.8075 0.0601 0.236 -0.8095 0.0715 0.2243 -0.8113 0.0816 0.2137 -0.8151 0.0884 0.2064 -0.8559 0.05 0.2417 -0.8558 0.0597 0.2317 -0.8565 0.0688 0.2223 -0.858 0.0771 0.2136 -0.8673 0.0647 0.2255
68.0 -0.91 0.0677 0.2182 -0.8365 0.0648 0.2284 -0.8075 0.0601 0.236 -0.8095 0.0715 0.2243 -0.8113 0.0816 0.2137 -0.8151 0.0884 0.2064 -0.8559 0.05 0.2417 -0.8558 0.0597 0.2317 -0.8565 0.0688 0.2223 -0.858 0.0771 0.2136 -0.8673 0.0647 0.2255
246.0 -0.9914 0.0854 0.192 -0.9106 0.0908 0.1945 -0.8824 0.0958 0.1921 -0.8799 0.0968 0.1914 -0.89 0.0942 0.193 -0.911 0.0883 0.197 -0.9365 0.0885 0.1942 -0.9381 0.0871 0.1955 -0.9428 0.084 0.1982 -0.9508 0.0793 0.2023 -0.9519 0.0849 0.1964
246.0 -0.9914 0.0854 0.192 -0.9106 0.0908 0.1945 -0.8824 0.0958 0.1921 -0.8799 0.0968 0.1914 -0.89 0.0942 0.193 -0.911 0.0883 0.197 -0.9365 0.0885 0.1942 -0.9381 0.0871 0.1955 -0.9428 0.084 0.1982 -0.9508 0.0793 0.2023 -0.9519 0.0849 0.1964
248.0 -1.0366 0.0872 0.1856 -0.9398 0.0973 0.185 -0.9169 0.1071 0.1772 -0.9126 0.1028 0.182 -0.9237 0.0958 0.1881 -0.9477 0.087 0.1946 -0.9763 0.0948 0.1839 -0.9784 0.0914 0.1871 -0.9837 0.0864 0.1917 -0.9923 0.0804 0.197 -0.9935 0.0881 0.189
249.0 -1.0704 0.0894 0.18 -0.9657 0.0993 0.1804 -0.9376 0.1098 0.1724 -0.9336 0.1067 0.176 -0.9453 0.0983 0.1833 -0.9714 0.0869 0.1924 -1.0003 0.0909 0.1854 -1.0043 0.0886 0.1875 -1.0116 0.0851 0.1902 -1.0217 0.0825 0.1919 -1.0217 0.0873 0.187
249.0 -1.0704 0.0894 0.18 -0.9657 0.0993 0.1804 -0.9376 0.1098 0.1724 -0.9336 0.1067 0.176 -0.9453 0.0983 0.1833 -0.9714 0.0869 0.1924 -1.0003 0.0909 0.1854 -1.0043 0.0886 0.1875 -1.0116 0.0851 0.1902 -1.0217 0.0825 0.1919 -1.0217 0.0873 0.187
251.0 -1.0923 0.0889 0.1784 -0.9966 0.1 0.1766 -0.9728 0.1099 0.1688 -0.971 0.1095 0.1693 -0.9845 0.101 0.1767 -1.0113 0.0882 0.1871 -1.0284 0.0908 0.1828 -1.0328 0.0908 0.1823 -1.0413 0.0891 0.1833 -1.0523 0.0864 0.185 -1.0494 0.0892 0.1823
251.0 -1.0923 0.0889 0.1784 -0.9966 0.1 0.1766 -0.9728 0.1099 0.1688 -0.971 0.1095 0.1693 -0.9845 0.101 0.1767 -1.0113 0.0882 0.1871 -1.0284 0.0908 0.1828 -1.0328 0.0908 0.1823 -1.0413 0.0891 0.1833 -1.0523 0.0864 0.185 -1.0494 0.0892 0.1823
251.0 -1.0923 0.0889 0.1784 -0.9966 0.1 0.1766 -0.9728 0.1099 0.1688 -0.971 0.1095 0.1693 -0.9845 0.101 0.1767 -1.0113 0.0882 0.1871 -1.0284 0.0908 0.1828 -1.0328 0.0908 0.1823 -1.0413 0.0891 0.1833 -1.0523 0.0864 0.185 -1.0494 0.0892 0.1823
254.0 -1.053 0.1107 0.16 -1.0346 0.1107 0.1618 -1.0734 0.0866 0.1827 -1.0811 0.0904 0.178 -1.0717 0.0917 0.1776 -1.0712 0.0942 0.1751 -1.0581 0.0947 0.1758 -1.0707 0.0961 0.1732 -1.0783 0.0993 0.1691 -1.0816 0.1032 0.1649 -1.0684 0.1008 0.1686
255.0 -1.054 0.1161 0.1544 -1.0809 0.0941 0.1742 -1.0855 0.0904 0.1775 -1.0823 0.097 0.1711 -1.0743 0.1066 0.1621 -1.0697 0.1158 0.1532 -1.0608 0.0999 0.1703 -1.0628 0.1063 0.1635 -1.0616 0.1144 0.1553 -1.0603 0.1219 0.1478 -1.0599 0.1117 0.1583
255.0 -1.054 0.1161 0.1544 -1.0809 0.0941 0.1742 -1.0855 0.0904 0.1775 -1.0823 0.097 0.1711 -1.0743 0.1066 0.1621 -1.0697 0.1158 0.1532 -1.0608 0.0999 0.1703 -1.0628 0.1063 0.1635 -1.0616 0.1144 0.1553 -1.0603 0.1219 0.1478 -1.0599 0.1117 0.1583
255.0 -1.054 0.1161 0.1544 -1.0809 0.0941 0.1742 -1.0855 0.0904 0.1775 -1.0823 0.097 0.1711 -1.0743 0.1066 0.1621 -1.0697 0.1158 0.1532 -1.0608 0.0999 0.1703 -1.0628 0.1063 0.1635 -1.0616 0.1144 0.1553 -1.0603 0.1219 0.1478 -1.0599 0.1117 0.1583
255.0 -1.054 0.1161 0.1544 -1.0809 0.0941 0.1742 -1.0855 0.0904 0.1775 -1.0823 0.097 0.1711 -1.0743 0.1066 0.1621 -1.0697 0.1158 0.1532 -1.0608 0.0999 0.1703 -1.0628 0.1063 0.1635 -1.0616 0.1144 0.1553 -1.0603 0.1219 0.1478 -1.0599 0.1117 0.1583
255.0 -1.054 0.1161 0.1544 -1.0809 0.0941 0.1742 -1.0855 0.0904 0.1775 -1.0823 0.097 0.1711 -1.0743 0.1066 0.1621 -1.0697 0.1158 0.1532 -1.0608 0.0999 0.1703 -1.0628 0.1063 0.1635 -1.0616 0.1144 0.1553 -1.0603 0.1219 0.1478 -1.0599 0.1117 0.1583
255.0 -1.054 0.1161 0.1544 -1.0809 0.0941 0.1742 -1.0855 0.0904 0.1775 -1.0823 0.097 0.1711 -1.0743 0.1066 0.1621 -1.0697 0.1158 0.1532 -1.0608 0.0999 0.1703 -1.0628 0.1063 0.1635 -1.0616 0.1144 0.1553 -1.0603 0.1219 0.1478 -1.0599 0.1117 0.1583
255.0 -1.054 0.1161 0.1544 -1.0809 0.0941 0.1742 -1.0855 0.0904 0.1775 -1.0823 0.097 0.1711 -1.0743 0.1066 0.1621 -1.0697 0.1158 0.1532 -1.0608 0.0999 0.1703 -1.0628 0.1063 0.1635 -1.0616 0.1144 0.1553 -1.0603 0.1219 0.1478 -1.0599 0.1117 0.1583
255.0 -1.054 0.1161 0.1544 -1.0809 0.0941 0.1742 -1.0855 0.0904 0.1775 -1.0823 0.097 0.1711 -1.0743 0.1066 0.1621 -1.0697 0.1158 0.1532 -1.0608 0.0999 0.1703 -1.0628 0.1063 0.1635 -1.0616 0.1144 0.1553 -1.0603 0.1219 0.1478 -1.0599 0.1117 0.1583
255.0 -1.054 0.1161 0.1544 -1.0809 0.0941 0.1742 -1.0855 0.0904 0.1775 -1.0823 0.097 0.1711 -1.0743 0.1066 0.1621 -1.0697 0.1158 0.1532 -1.0608 0.0999 0.1703 -1.0628 0.1063 0.1635 -1.0616 0.1144 0.1553 -1.0603 0.1219 0.1478 -1.0599 0.1117 0.1583
255.0 -1.054 0.1161 0.1544 -1.0809 0.0941 0.1742 -1.0855 0.0904 0.1775 -1.0823 0.097 0.1711 -1.0743 0.1066 0.1621 -1.0697 0.1158 0.1532 -1.0608 0.0999 0.1703 -1.0628 0.1063 0.1635 -1.0616 0.1144 0.1553 -1.0603 0.1219 0.1478 -1.0599 0.1117 0.1583
255.0 -1.054 0.1161 0.1544 -1.0809 0.0941 0.1742 -1.0855 0.0904 0.1775 -1.0823 0.097 0.1711 -1.0743 0.1066 0.1621 -1.0697 0.1158 0.1532 -1.0608 0.0999 0.1703 -1.0628 0.1063 0.1635 -1.0616 0.1144 0.1553 -1.0603 0.1219 0.1478 -1.0599 0.1117 0.1583
255.0 -1.054 0.1161 0.1544 -1.0809 0.0941 0.1742 -1.0855 0.0904 0.1775 -1.0823 0.097 0.1711 -1.0743 0.1066 0.1621 -1.0697 0.1158 0.1532 -1.0608 0.0999 0.1703 -1.0628 0.1063 0.1635 -1.0616 0.1144 0.1553 -1.0603 0.1219 0.1478 -1.0599 0.1117 0.1583
255.0 -1.054 0.1161 0.1544 -1.0809 0.0941 0.1742 -1.0855 0.0904 0.1775 -1.0823 0.097 0.1711 -1.0743 0.1066 0.1621 -1.0697 0.1158 0.1532 -1.0608 0.0999 0.1703 -1.0628 0.1063 0.1635 -1.0616 0.1144 0.1553 -1.0603 0.1219 0.1478 -1.0599 0.1117 0.1583
255.0 -1.054 0.1161 0.1544 -1.0809 0.0941 0.1742 -1.0855 0.0904 0.1775 -1.0823 0.097 0.1711 -1.0743 0.1066 0.1621 -1.0697 0.1158 0.1532 -1.0608 0.0999 0.1703 -1.0628 0.1063 0.1635 -1.0616 0.1144 0.1553 -1.0603 0.1219 0.1478 -1.0599 0.1117 0.1583
255.0 -1.054 0.1161 0.1544 -1.0809 0.0941 0.1742 -1.0855 0.0904 0.1775 -1.0823 0.097 0.1711 -1.0743 0.1066 0.1621 -1.0697 0.1158 0.1532 -1.0608 0.0999 0.1703 -1.0628 0.1063 0.1635 -1.0616 0.1144 0.1553 -1.0603 0.1219 0.1478 -1.0599 0.1117 0.1583
255.0 -1.054 0.1161 0.1544 -1.0809 0.0941 0.1742 -1.0855 0.0904 0.1775 -1.0823 0.097 0.1711 -1.0743 0.1066 0.1621 -1.0697 0.1158 0.1532 -1.0608 0.0999 0.1703 -1.0628 0.1063 0.1635 -1.0616 0.1144 0.1553 -1.0603 0.1219 0.1478 -1.0599 0.1117 0.1583
255.0 -1.054 0.1161 0.1544 -1.0809 0.0941 0.1742 -1.0855 0.0904 0.1775 -1.0823 0.097 0.1711 -1.0743 0.1066 0.1621 -1.0697 0.1158 0.1532 -1.0608 0.0999 0.1703 -1.0628 0.1063 0.1635 -1.0616 0.1144 0.1553 -1.0603 0.1219 0.1478 -1.0599 0.1117 0.1583
255.0 -1.054 0.1161 0.1544 -1.0809 0.0941 0.1742 -1.0855 0.0904 0.1775 -1.0823 0.097 0.1711 -1.0743 0.1066 0.1621 -1.0697 0.1158 0.1532 -1.0608 0.0999 0.1703 -1.0628 0.1063 0.1635 -1.0616 0.1144 0.1553 -1.0603 0.1219 0.1478 -1.0599 0.1117 0.1583
