



































37.0 -1.4536 -0.0484 0.2829 -1.3686 -0.0315 0.274 -1.3611 -0.0286 0.2719 -1.3737 -0.0224 0.2642 -1.3831 -0.0188 0.2596 -1.3889 -0.0159 0.2561 -1.393 -0.0574 0.2981 -1.3987 -0.0453 0.2852 -1.4056 -0.0359 0.2748 -1.4133 -0.0271 0.2651 -1.4128 -0.0428 0.2812
37.0 -1.4536 -0.0484 0.2829 -1.3686 -0.0315 0.274 -1.3611 -0.0286 0.2719 -1.3737 -0.0224 0.2642 -1.3831 -0.0188 0.2596 -1.3889 -0.0159 0.2561 -1.393 -0.0574 0.2981 -1.3987 -0.0453 0.2852 -1.4056 -0.0359 0.2748 -1.4133 -0.0271 0.2651 -1.4128 -0.0428 0.2812
39.0 -1.4459 -0.0468 0.282 -1.3557 -0.0297 0.2735 -1.3523 -0.0238 0.2678 -1.3638 -0.0186 0.2614 -1.3704 -0.0158 0.2579 -1.3759 -0.0147 0.2562 -1.3793 -0.0555 0.2975 -1.3864 -0.0449 0.286 -1.3934 -0.0354 0.2756 -1.4001 -0.0272 0.2665 -1.401 -0.042 0.2815
40.0 -1.4311 -0.046 0.2827 -1.3462 -0.0285 0.2732 -1.3426 -0.0237 0.2687 -1.3549 -0.0192 0.2629 -1.3616 -0.0159 0.2588 -1.367 -0.0154 0.2577 -1.3707 -0.0544 0.2972 -1.3771 -0.043 0.285 -1.3833 -0.0328 0.274 -1.3909 -0.0247 0.2649 -1.3906 -0.0402 0.2808
41.0 -1.4165 -0.044 0.2821 -1.3394 -0.0269 0.2723 -1.3351 -0.0215 0.2671 -1.3542 -0.0179 0.2616 -1.3675 -0.0173 0.2596 -1.3712 -0.0166 0.2585 -1.3594 -0.0534 0.2974 -1.3648 -0.0426 0.2857 -1.3709 -0.033 0.2754 -1.3769 -0.024 0.2656 -1.3777 -0.0394 0.2813
42.0 -1.4106 -0.0426 0.2813 -1.3306 -0.027 0.2732 -1.331 -0.0197 0.2657 -1.3625 -0.0209 0.2638 -1.3744 -0.0182 0.2599 -1.3739 -0.0163 0.258 -1.3486 -0.0502 0.2951 -1.3539 -0.0399 0.2841 -1.3599 -0.0309 0.2743 -1.3665 -0.0232 0.2658 -1.3679 -0.0374 0.2801
43.0 -1.399 -0.0435 0.2833 -1.3202 -0.0262 0.2734 -1.322 -0.016 0.2629 -1.3536 -0.0166 0.2603 -1.362 -0.0135 0.2563 -1.363 -0.013 0.2557 -1.3418 -0.0486 0.2942 -1.3471 -0.0383 0.2832 -1.3531 -0.0294 0.2734 -1.3596 -0.0223 0.2656 -1.3601 -0.0364 0.2799
44.0 -1.383 -0.0395 0.2808 -1.3141 -0.0211 0.2688 -1.31 -0.0193 0.2674 -1.3543 -0.0173 0.261 -1.3628 -0.0142 0.2569 -1.3604 -0.0127 0.2556 -1.3315 -0.0472 0.2938 -1.3324 -0.037 0.2832 -1.3349 -0.0275 0.2733 -1.3398 -0.0197 0.2648 -1.3443 -0.0342 0.2792
44.0 -1.342 -0.0273 0.2724 -1.3431 -0.036 0.2812 -1.3343 -0.0311 0.2771 -1.3497 -0.0185 0.2627 -1.3627 -0.0197 0.2626 -1.3688 -0.015 0.2572 -1.3059 -0.0328 0.2816 -1.3097 -0.0211 0.2692 -1.3181 -0.0131 0.2602 -1.3295 -0.0085 0.2544 -1.321 -0.0205 0.2676
45.0 -1.3894 -0.0428 0.2836 -1.3068 -0.0274 0.276 -1.3038 -0.0197 0.2684 -1.311 -0.0133 0.2612 -1.3172 -0.0081 0.2552 -1.3271 -0.0069 0.2531 -1.333 -0.0487 0.2951 -1.3375 -0.0383 0.2841 -1.3434 -0.0293 0.2743 -1.3501 -0.021 0.2652 -1.3507 -0.036 0.2805
45.0 -1.3208 -0.0281 0.2753 -1.3457 -0.0162 0.2607 -1.3479 -0.014 0.2582 -1.344 -0.0208 0.2656 -1.3547 -0.0302 0.2741 -1.3541 -0.0338 0.2778 -1.3032 -0.0129 0.2615 -1.296 -0.0186 0.2681 -1.2968 -0.0242 0.2737 -1.3027 -0.0305 0.2796 -1.3039 -0.0229 0.2716
46.0 -1.3126 -0.0245 0.2725 -1.333 -0.0187 0.2645 -1.3398 -0.0099 0.2548 -1.3348 -0.0184 0.264 -1.3416 -0.0297 0.2749 -1.3415 -0.0352 0.2805 -1.2952 -0.0081 0.2574 -1.2879 -0.0151 0.2653 -1.2884 -0.0219 0.2722 -1.2933 -0.0293 0.2792 -1.2955 -0.0198 0.2693
46.0 -1.3784 -0.0407 0.2825 -1.2991 -0.0264 0.2757 -1.2936 -0.0177 0.2674 -1.2992 -0.0105 0.2595 -1.3054 -0.0052 0.2535 -1.3135 -0.0045 0.2519 -1.3261 -0.0477 0.2949 -1.3297 -0.0372 0.2838 -1.3341 -0.0274 0.2733 -1.3398 -0.0197 0.2648 -1.3416 -0.0346 0.2799
47.0 -1.3356 -0.0337 0.2796 -1.3019 -0.02 0.2689 -1.3082 -0.0142 0.2623 -1.3259 -0.0086 0.2549 -1.3339 -0.0085 0.2539 -1.3342 -0.0067 0.2521 -1.2925 -0.0285 0.2786 -1.2951 -0.0191 0.2687 -1.2997 -0.013 0.262 -1.3066 -0.0084 0.2566 -1.3059 -0.0206 0.2691
48.0 -1.3601 -0.0395 0.2831 -1.2869 -0.0204 0.2709 -1.2742 -0.0126 0.2641 -1.2904 -0.0056 0.2554 -1.3111 -0.0029 0.2506 -1.3121 -0.0025 0.25 -1.3056 -0.0443 0.2934 -1.3097 -0.0357 0.2842 -1.3138 -0.0277 0.2757 -1.3194 -0.0206 0.2678 -1.3217 -0.0336 0.2808
48.0 -1.2939 -0.0208 0.2705 -1.3207 -0.0085 0.2553 -1.3271 -0.0069 0.2531 -1.3299 -0.0214 0.2675 -1.3252 -0.0329 0.2798 -1.3133 -0.0405 0.2887 -1.2763 -0.0007 0.2517 -1.2693 -0.0107 0.2627 -1.2692 -0.0211 0.2733 -1.2719 -0.0306 0.2828 -1.2761 -0.0168 0.2682
49.0 -1.2979 -0.0232 0.2725 -1.2974 -0.0206 0.27 -1.2995 -0.0191 0.2682 -1.3112 -0.0072 0.2549 -1.3198 -0.0084 0.2553 -1.3245 -0.0066 0.253 -1.2622 -0.0257 0.2786 -1.266 -0.0146 0.2669 -1.2743 -0.0071 0.2585 -1.2848 -0.0024 0.2527 -1.277 -0.0146 0.2659
50.0 -1.3566 -0.0396 0.2836 -1.27 -0.0163 0.2683 -1.2608 -0.009 0.2617 -1.2828 0.0015 0.2488 -1.3046 0.0004 0.2478 -1.3127 -0.0038 0.2513 -1.2874 -0.0425 0.2934 -1.2941 -0.0349 0.2849 -1.3014 -0.0279 0.277 -1.3104 -0.0218 0.2699 -1.31 -0.0333 0.2817
51.0 -1.358 -0.0416 0.2855 -1.2669 -0.0141 0.2663 -1.2463 -0.0064 0.2605 -1.2676 0.0048 0.247 -1.2845 0.0061 0.2439 -1.2923 0.0002 0.2492 -1.2848 -0.0428 0.2939 -1.2904 -0.0356 0.286 -1.2987 -0.0288 0.2782 -1.3076 -0.0226 0.271 -1.3079 -0.0343 0.2829
52.0 -1.3477 -0.0403 0.2851 -1.2592 -0.013 0.266 -1.2399 -0.0025 0.2572 -1.2621 0.0086 0.2437 -1.2807 0.0091 0.2413 -1.2919 0.0027 0.2467 -1.2763 -0.041 0.2929 -1.2817 -0.035 0.2863 -1.2899 -0.0288 0.2791 -1.2988 -0.0227 0.2719 -1.2989 -0.0335 0.2831
53.0 -1.3441 -0.0404 0.2856 -1.252 -0.0139 0.2676 -1.2311 -0.0025 0.2581 -1.2534 0.0091 0.244 -1.2745 0.0093 0.2417 -1.2836 0.0057 0.2445 -1.2704 -0.0396 0.2921 -1.2759 -0.033 0.2848 -1.2834 -0.0255 0.2763 -1.2932 -0.0195 0.2692 -1.2934 -0.0316 0.2816
54.0 -1.3404 -0.0417 0.2873 -1.2479 -0.0121 0.2662 -1.2242 -0.0016 0.2578 -1.2411 0.0095 0.2447 -1.2572 0.011 0.2416 -1.2746 0.0044 0.2467 -1.2659 -0.0402 0.2932 -1.2713 -0.0342 0.2865 -1.2803 -0.0281 0.2793 -1.2901 -0.0221 0.2722 -1.2896 -0.0333 0.2837
55.0 -1.3206 -0.039 0.2865 -1.2292 -0.0084 0.2643 -1.2003 0.0022 0.2563 -1.2179 0.0127 0.2438 -1.2322 0.0138 0.2413 -1.2456 0.0096 0.2443 -1.247 -0.0377 0.2924 -1.2515 -0.0316 0.2857 -1.2588 -0.0252 0.2785 -1.2669 -0.019 0.2713 -1.269 -0.0305 0.2829
56.0 -1.3195 -0.0401 0.2877 -1.2249 -0.0078 0.2641 -1.194 0.0013 0.2579 -1.2101 0.0131 0.2442 -1.2252 0.0141 0.2416 -1.2402 0.0091 0.2453 -1.2424 -0.0383 0.2935 -1.2479 -0.0323 0.2868 -1.2561 -0.0255 0.279 -1.2651 -0.0193 0.2719 -1.2662 -0.0311 0.2838
57.0 -1.3082 -0.0398 0.2885 -1.2091 -0.0026 0.2604 -1.1813 -0.0007 0.2611 -1.1978 0.013 0.2455 -1.2096 0.015 0.2423 -1.2246 0.0106 0.2453 -1.2295 -0.0371 0.2936 -1.2359 -0.0307 0.2864 -1.2441 -0.0238 0.2786 -1.2531 -0.0177 0.2714 -1.2541 -0.0298 0.2837
58.0 -1.2951 -0.0393 0.2893 -1.1991 0.0006 0.2581 -1.1667 0.0013 0.2606 -1.1773 0.0115 0.2491 -1.1947 0.0158 0.2429 -1.2098 0.0113 0.246 -1.2174 -0.0355 0.2931 -1.222 -0.0294 0.2865 -1.2302 -0.0226 0.2787 -1.2401 -0.0166 0.2715 -1.241 -0.0287 0.2838
59.0 -1.2847 -0.0379 0.2889 -1.1915 0.0022 0.2572 -1.1595 0.0053 0.2572 -1.1655 0.0149 0.2468 -1.1794 0.0185 0.2417 -1.1965 0.0156 0.243 -1.2054 -0.0339 0.2927 -1.2108 -0.0279 0.286 -1.219 -0.0217 0.2788 -1.2288 -0.0157 0.2717 -1.2297 -0.0274 0.2836
60.0 -1.2771 -0.0362 0.288 -1.1844 0.0019 0.2581 -1.1529 0.0031 0.26 -1.1636 0.0139 0.248 -1.175 0.0185 0.2422 -1.1886 0.016 0.2433 -1.1994 -0.0331 0.2925 -1.2041 -0.0264 0.2851 -1.2114 -0.0194 0.2773 -1.2204 -0.0133 0.2702 -1.2225 -0.0257 0.2826
61.0 -1.2738 -0.0352 0.2872 -1.1771 0.0005 0.2604 -1.145 0.003 0.261 -1.1557 0.0138 0.2489 -1.168 0.0188 0.2425 -1.1866 0.0145 0.2451 -1.1974 -0.034 0.2936 -1.2021 -0.0273 0.2863 -1.2104 -0.0205 0.2785 -1.2195 -0.0138 0.2707 -1.2206 -0.0262 0.2833
62.0 -1.2694 -0.0352 0.2877 -1.1675 0.0012 0.2606 -1.1395 0.0019 0.2627 -1.1475 0.0124 0.2511 -1.1626 0.0183 0.2436 -1.1813 0.0146 0.2455 -1.1923 -0.0333 0.2934 -1.1978 -0.0267 0.2861 -1.206 -0.0205 0.279 -1.2158 -0.0145 0.2719 -1.2163 -0.0261 0.2836
63.0 -1.2634 -0.0344 0.2874 -1.1603 -0.0003 0.2628 -1.1326 0.0028 0.2624 -1.1427 0.0149 0.249 -1.1584 0.0195 0.2428 -1.1788 0.0149 0.2454 -1.1862 -0.0331 0.2938 -1.1917 -0.0265 0.2865 -1.2 -0.0197 0.2787 -1.2098 -0.0137 0.2716 -1.2102 -0.0255 0.2836
64.0 -1.2596 -0.0357 0.2892 -1.1531 -0.0012 0.2644 -1.1276 0.0041 0.2616 -1.1371 0.0181 0.2463 -1.1545 0.0219 0.2407 -1.1746 0.0161 0.2447 -1.1794 -0.0316 0.2929 -1.1856 -0.0263 0.2869 -1.1947 -0.0196 0.2792 -1.2054 -0.0137 0.2721 -1.2049 -0.0254 0.284
65.0 -1.2524 -0.0366 0.2908 -1.1461 -0.0008 0.2648 -1.12 0.0058 0.2606 -1.1293 0.0191 0.246 -1.1478 0.024 0.2392 -1.1675 0.0158 0.2456 -1.1717 -0.0305 0.2926 -1.1787 -0.0254 0.2867 -1.1886 -0.0194 0.2795 -1.1994 -0.0129 0.2718 -1.1982 -0.025 0.2843
66.0 -1.2487 -0.0379 0.2925 -1.1389 -0.0017 0.2664 -1.113 0.0061 0.261 -1.1273 0.0225 0.2428 -1.1523 0.0246 0.2382 -1.1665 0.0153 0.2462 -1.1637 -0.0307 0.2936 -1.1716 -0.0257 0.2876 -1.1825 -0.0192 0.2799 -1.1939 -0.014 0.2735 -1.1921 -0.0255 0.2854
67.0 -1.2344 -0.0341 0.2901 -1.1294 -0.0004 0.266 -1.1069 0.0063 0.2614 -1.1203 0.0228 0.2432 -1.1384 0.0259 0.2383 -1.1582 0.0183 0.244 -1.1537 -0.0275 0.2913 -1.1617 -0.0219 0.2847 -1.1726 -0.0154 0.277 -1.1848 -0.0109 0.2713 -1.1814 -0.022 0.2829
68.0 -1.2298 -0.0353 0.2918 -1.1221 0.003 0.2632 -1.1014 0.0101 0.2581 -1.1172 0.0251 0.2412 -1.1325 0.0273 0.2374 -1.1535 0.0165 0.2463 -1.1477 -0.0267 0.2911 -1.1572 -0.0225 0.2858 -1.1687 -0.0173 0.2794 -1.181 -0.0123 0.273 -1.1769 -0.0228 0.2842
69.0 -1.219 -0.0314 0.2888 -1.1158 0.002 0.2649 -1.0958 0.0084 0.2603 -1.108 0.0226 0.2446 -1.1247 0.0277 0.2377 -1.1473 0.021 0.2423 -1.1416 -0.0265 0.2915 -1.1506 -0.0204 0.2843 -1.1615 -0.0133 0.276 -1.1738 -0.0082 0.2696 -1.1693 -0.02 0.282
70.0 -1.2145 -0.0321 0.2899 -1.1068 0.0057 0.262 -1.0909 0.0103 0.2589 -1.1032 0.0257 0.2419 -1.1196 0.029 0.2369 -1.1359 0.0213 0.2432 -1.1339 -0.0254 0.2912 -1.1426 -0.0205 0.2853 -1.1542 -0.0148 0.2782 -1.1675 -0.0092 0.2712 -1.1625 -0.0204 0.2832
71.0 -1.2078 -0.0299 0.2884 -1.0989 0.0061 0.2623 -1.0847 0.0105 0.2593 -1.0971 0.0259 0.2423 -1.1136 0.0298 0.2367 -1.1313 0.0201 0.2448 -1.1289 -0.0236 0.2897 -1.1386 -0.0181 0.2832 -1.1493 -0.0129 0.2768 -1.1607 -0.0077 0.2703 -1.1571 -0.0184 0.2817
72.0 -1.2029 -0.028 0.287 -1.0936 0.0057 0.2634 -1.08 0.0136 0.2566 -1.091 0.0262 0.2427 -1.1057 0.0297 0.2376 -1.1242 0.0247 0.2408 -1.1249 -0.0212 0.2877 -1.1339 -0.0151 0.2805 -1.1438 -0.0091 0.2734 -1.1552 -0.0039 0.267 -1.1521 -0.0155 0.2791
73.0 -1.1943 -0.0269 0.2866 -1.0893 0.0062 0.2632 -1.0736 0.012 0.2588 -1.0847 0.0252 0.2443 -1.0994 0.0287 0.2392 -1.1157 0.0265 0.2399 -1.1178 -0.0214 0.2887 -1.1261 -0.0146 0.2809 -1.136 -0.008 0.2731 -1.1466 -0.0027 0.2667 -1.1442 -0.0147 0.2792
74.0 -1.1952 -0.027 0.2867 -1.0807 0.0074 0.2629 -1.0663 0.016 0.2554 -1.0797 0.0271 0.2428 -1.0961 0.0303 0.2379 -1.114 0.0267 0.2398 -1.1137 -0.0197 0.2873 -1.1246 -0.0132 0.2796 -1.1353 -0.0073 0.2725 -1.1477 -0.0017 0.2655 -1.1433 -0.0138 0.2783
75.0 -1.1849 -0.025 0.2856 -1.0752 0.0063 0.2645 -1.061 0.0155 0.2565 -1.0724 0.0256 0.2451 -1.0872 0.0297 0.2394 -1.1075 0.0251 0.2421 -1.1086 -0.019 0.2871 -1.1177 -0.0123 0.2793 -1.1276 -0.0057 0.2716 -1.1391 -0.0005 0.2651 -1.1356 -0.0125 0.2777
76.0 -1.1801 -0.0274 0.2886 -1.0689 0.0053 0.2662 -1.0532 0.0166 0.2562 -1.0631 0.0275 0.2441 -1.0842 0.0326 0.2368 -1.1108 0.029 0.2378 -1.1024 -0.0194 0.2881 -1.1105 -0.0131 0.2809 -1.1222 -0.0068 0.2732 -1.1362 -0.0019 0.2669 -1.1303 -0.0137 0.2795
77.0 -1.1716 -0.0257 0.2876 -1.0576 0.0062 0.2663 -1.0492 0.0184 0.2548 -1.0628 0.0312 0.2403 -1.0812 0.0354 0.2342 -1.1069 0.0313 0.2358 -1.0948 -0.0171 0.2865 -1.1057 -0.0106 0.2788 -1.1182 -0.0044 0.2712 -1.1314 0.0005 0.2648 -1.1243 -0.0115 0.2778
78.0 -1.1606 -0.0236 0.2866 -1.0514 0.0058 0.2674 -1.0419 0.0169 0.257 -1.0559 0.0315 0.2407 -1.0758 0.0349 0.2352 -1.1003 0.0341 0.2337 -1.0869 -0.0124 0.2825 -1.0968 -0.0058 0.2747 -1.1084 -1.697e-05 0.2677 -1.1221 0.003 0.2632 -1.115 -0.0077 0.2749
79.0 -1.1571 -0.0231 0.2864 -1.0436 0.0069 0.2671 -1.0386 0.0186 0.2556 -1.0494 0.0299 0.2429 -1.0669 0.0343 0.2367 -1.0885 0.032 0.2369 -1.0821 -0.0148 0.2854 -1.0921 -0.0076 0.2771 -1.1029 -0.0011 0.2694 -1.1151 0.0033 0.2636 -1.1099 -0.0086 0.2764
80.0 -1.1542 -0.0245 0.2882 -1.0354 0.0098 0.2649 -1.0322 0.017 0.2579 -1.0476 0.0296 0.2435 -1.0651 0.0339 0.2373 -1.0879 0.0339 0.235 -1.0752 -0.0139 0.2851 -1.086 -0.0074 0.2774 -1.0985 -0.0011 0.2698 -1.1116 0.0032 0.2641 -1.1051 -0.0087 0.2769
81.0 -1.1481 -0.0243 0.2886 -1.0291 0.0095 0.2659 -1.0287 0.0223 0.2527 -1.0392 0.027 0.2469 -1.0535 0.0282 0.2443 -1.0737 0.0279 0.2426 -1.0715 -0.0146 0.2862 -1.0804 -0.0091 0.2797 -1.0919 -0.0039 0.2733 -1.1032 0.0007 0.2675 -1.099 -0.0102 0.2791
82.0 -1.1421 -0.0235 0.2884 -1.0219 0.0086 0.2675 -1.0212 0.0197 0.2562 -1.033 0.0266 0.2479 -1.0478 0.0308 0.2422 -1.0681 0.0311 0.2399 -1.0648 -0.0131 0.2854 -1.0755 -0.0072 0.2783 -1.0861 -0.0019 0.2718 -1.0983 0.0026 0.2661 -1.0933 -0.0086 0.278
83.0 -1.1376 -0.0241 0.2894 -1.0165 0.0075 0.2691 -1.0138 0.0176 0.259 -1.0269 0.0269 0.2483 -1.0442 0.03 0.2433 -1.0645 0.0303 0.241 -1.0576 -0.0139 0.287 -1.0673 -0.0085 0.2805 -1.0787 -0.0039 0.2747 -1.091 0.0011 0.2683 -1.0864 -0.0099 0.28
84.0 -1.1308 -0.0226 0.2885 -1.0095 0.0078 0.2695 -1.0069 0.018 0.2594 -1.0207 0.0265 0.2493 -1.0368 0.028 0.2462 -1.0604 0.0272 0.2446 -1.0543 -0.0123 0.2856 -1.0641 -0.0069 0.2791 -1.0754 -0.0023 0.2733 -1.0866 0.0011 0.2687 -1.0823 -0.0086 0.279
85.0 -1.0887 -0.0169 0.2869 -0.9754 0.0192 0.2613 -0.9815 0.0238 0.2559 -1.0009 0.034 0.2435 -1.019 0.0371 0.2386 -1.0439 0.0337 0.2396 -1.0186 -0.0056 0.2823 -1.0319 -6.823e-05 0.2753 -1.0459 0.0048 0.269 -1.0597 0.0084 0.2639 -1.049 -0.0019 0.2755
86.0 -1.0923 -0.0168 0.2864 -0.9734 0.0176 0.2631 -0.9757 0.0258 0.2544 -0.9941 0.0356 0.2427 -1.0121 0.038 0.2384 -1.0391 0.0362 0.2375 -1.0168 -0.0054 0.2823 -1.0294 0.0009 0.2746 -1.0442 0.005 0.269 -1.0581 0.0092 0.2632 -1.0482 -0.0014 0.2751
87.0 -1.0818 -0.016 0.2866 -0.9677 0.0202 0.261 -0.9748 0.026 0.2544 -0.9915 0.0359 0.2426 -1.0088 0.0391 0.2376 -1.0359 0.0379 0.2362 -1.0126 -0.0048 0.2821 -1.0242 0.0016 0.2744 -1.0382 0.0058 0.2687 -1.0529 0.0093 0.2637 -1.0419 -0.0008 0.2751
88.0 -1.0803 -0.0146 0.2853 -0.9635 0.0214 0.2602 -0.9679 0.0214 0.2597 -0.9812 0.0324 0.2472 -1.0033 0.038 0.2393 -1.0325 0.0389 0.2354 -1.0067 -0.0028 0.2806 -1.0193 0.0035 0.273 -1.0341 0.0076 0.2673 -1.0489 0.0117 0.2616 -1.0379 0.0011 0.2736
89.0 -1.0753 -0.0133 0.2845 -0.9608 0.0211 0.2607 -0.9618 0.0216 0.2601 -0.9806 0.0337 0.2459 -1.0008 0.0383 0.2392 -1.0307 0.0386 0.236 -1.0042 -0.0024 0.2805 -1.0176 0.0037 0.2729 -1.0315 0.0079 0.2672 -1.0463 0.012 0.2615 -1.035 0.0016 0.2733
90.0 -1.0658 -0.012 0.2842 -0.9568 0.0235 0.2587 -0.9623 0.0246 0.257 -0.9801 0.0356 0.244 -0.9994 0.0404 0.2372 -1.0267 0.0409 0.2339 -1.0029 0.0002 0.278 -1.0154 0.0064 0.2703 -1.0293 0.0107 0.2646 -1.0438 0.013 0.2608 -1.0314 0.0037 0.2716
91.0 -1.0685 -0.0117 0.2836 -0.9533 0.0234 0.2592 -0.9577 0.0234 0.2587 -0.9804 0.0325 0.2471 -0.9985 0.0356 0.2422 -1.024 0.0407 0.2344 -0.9959 0.0005 0.2783 -1.0109 0.0058 0.2714 -1.0257 0.0099 0.2657 -1.0412 0.0133 0.2607 -1.0284 0.0036 0.272
92.0 -1.0636 -0.0098 0.2822 -0.9486 0.027 0.2559 -0.9543 0.0244 0.258 -0.9852 0.03 0.2492 -1.0007 0.0328 0.2448 -1.0223 0.0409 0.2344 -0.9948 0.0043 0.2745 -1.0097 0.009 0.2682 -1.0244 0.0125 0.2632 -1.0389 0.0149 0.2594 -1.0263 0.0062 0.2695
93.0 -1.0551 -0.0081 0.2812 -0.9436 0.0283 0.2551 -0.9504 0.0268 0.2559 -0.9861 0.0299 0.2492 -0.9993 0.0349 0.2429 -1.0209 0.0429 0.2325 -0.9906 0.0055 0.2737 -1.0063 0.0095 0.2681 -1.0211 0.0136 0.2624 -1.0365 0.0164 0.258 -1.0219 0.0074 0.2687
94.0 -1.055 -0.0087 0.2819 -0.9436 0.0283 0.2551 -0.9454 0.0287 0.2545 -0.9821 0.0323 0.2472 -0.9984 0.035 0.2428 -1.0211 0.0441 0.2312 -0.992 0.0035 0.2757 -1.0052 0.0084 0.2693 -1.02 0.0125 0.2636 -1.0355 0.0159 0.2586 -1.0215 0.0063 0.2698
95.0 -1.0519 -0.0064 0.2799 -0.9393 0.0289 0.2549 -0.947 0.0328 0.2502 -0.9809 0.0453 0.234 -0.9946 0.0434 0.2346 -1.0189 0.0463 0.2292 -0.9862 0.0055 0.2742 -0.9995 0.011 0.2672 -1.0143 0.0151 0.2615 -1.0308 0.019 0.2559 -1.0165 0.0088 0.2678
96.0 -1.0488 -0.0036 0.2772 -0.939 0.032 0.2518 -0.9429 0.0296 0.2538 -0.9723 0.0367 0.2437 -0.9856 0.0422 0.2367 -1.017 0.0459 0.2298 -0.9835 0.0101 0.2697 -0.9983 0.0142 0.264 -1.0138 0.0176 0.259 -1.0293 0.0204 0.2546 -1.0148 0.0118 0.2649
97.0 -1.0465 -0.002 0.2759 -0.9371 0.0317 0.2523 -0.9428 0.0291 0.2544 -0.9676 0.0398 0.241 -0.9831 0.0432 0.236 -1.0157 0.0485 0.2273 -0.9821 0.0121 0.2678 -0.997 0.0169 0.2615 -1.0117 0.0204 0.2564 -1.027 0.0226 0.2527 -1.0129 0.014 0.2629
98.0 -1.0525 -0.0029 0.2761 -0.938 0.0315 0.2523 -0.9388 0.0314 0.2524 -0.9593 0.0427 0.2388 -0.9765 0.0453 0.2345 -1.0108 0.0504 0.2258 -0.9809 0.0105 0.2696 -0.996 0.0164 0.2621 -1.0116 0.0198 0.2571 -1.0262 0.0227 0.2526 -1.0134 0.0133 0.2635
99.0 -1.0507 -0.0032 0.2767 -0.9372 0.0323 0.2517 -0.9363 0.0318 0.2523 -0.9593 0.0476 0.2338 -0.9766 0.0459 0.2339 -1.009 0.0501 0.2264 -0.9788 0.0132 0.267 -0.9938 0.0185 0.2601 -1.0092 0.0213 0.2557 -1.0244 0.0229 0.2526 -1.0114 0.0145 0.2624
100.0 -1.0469 0.0003 0.2734 -0.933 0.0334 0.2509 -0.9369 0.0353 0.2486 -0.9569 0.0443 0.2375 -0.9732 0.0469 0.2331 -1.0028 0.0503 0.2268 -0.9756 0.0155 0.265 -0.9906 0.0208 0.2581 -1.0051 0.0231 0.2543 -1.0186 0.0249 0.2511 -1.0074 0.0169 0.2604
101.0 -1.0437 0.002 0.2721 -0.9372 0.0371 0.2467 -0.9352 0.0356 0.2485 -0.9593 0.0476 0.2338 -0.9762 0.049 0.2307 -1.0057 0.0517 0.225 -0.9753 0.0137 0.2669 -0.9895 0.0191 0.26 -1.0044 0.0238 0.2537 -1.019 0.0267 0.2492 -1.0064 0.0171 0.2604
102.0 -1.0341 0.0027 0.2723 -0.931 0.0368 0.2477 -0.9329 0.0377 0.2465 -0.9557 0.0475 0.2343 -0.9675 0.0544 0.226 -1.0011 0.0554 0.2217 -0.9691 0.0182 0.2629 -0.9849 0.0234 0.256 -1.0004 0.0262 0.2516 -1.0148 0.0279 0.2485 -1.0007 0.0197 0.2583
103.0 -1.0321 0.0011 0.2741 -0.933 0.0383 0.2459 -0.9279 0.039 0.2457 -0.9525 0.0589 0.2229 -0.9779 0.0536 0.2258 -1.004 0.0568 0.2199 -0.9699 0.0181 0.263 -0.9833 0.0242 0.2554 -0.9989 0.0276 0.2503 -1.0159 0.0296 0.2466 -1.0 0.0201 0.2579
104.0 -1.029 0.004 0.2715 -0.9357 0.0435 0.2404 -0.9234 0.0384 0.2468 -0.9503 0.0567 0.2253 -0.984 0.043 0.236 -1.004 0.0568 0.2199 -0.9652 0.0211 0.2603 -0.9802 0.0264 0.2534 -0.9958 0.0298 0.2483 -1.011 0.0315 0.2452 -0.9962 0.0226 0.2557
105.0 -1.0254 0.0032 0.2726 -0.9248 0.0364 0.2487 -0.9231 0.0421 0.243 -0.9504 0.0622 0.2197 -0.9727 0.0641 0.2156 -1.0022 0.0565 0.2205 -0.9646 0.0231 0.2584 -0.9798 0.029 0.2508 -0.9961 0.0316 0.2465 -1.0128 0.0318 0.2446 -0.9957 0.0237 0.2546
106.0 -1.0246 0.004 0.2719 -0.923 0.0366 0.2486 -0.9179 0.0422 0.2434 -0.9472 0.0639 0.2184 -0.9687 0.0665 0.2136 -1.0014 0.0572 0.2198 -0.9637 0.0226 0.259 -0.9779 0.0286 0.2514 -0.9943 0.0319 0.2464 -1.0111 0.0321 0.2446 -0.9943 0.0238 0.2547
107.0 -1.0249 0.0052 0.2707 -0.9237 0.0402 0.2449 -0.9154 0.0431 0.2427 -0.9439 0.0655 0.217 -0.9675 0.0697 0.2104 -0.9956 0.0592 0.2184 -0.9621 0.0234 0.2583 -0.9764 0.03 0.2501 -0.9921 0.034 0.2444 -1.0082 0.0355 0.2413 -0.9927 0.0256 0.253
108.0 -1.0233 0.0066 0.2694 -0.927 0.0391 0.2457 -0.9156 0.0443 0.2415 -0.9451 0.0672 0.2152 -0.9642 0.0708 0.2096 -0.988 0.0657 0.2124 -0.9644 0.0219 0.2596 -0.9772 0.0293 0.2507 -0.9922 0.0346 0.2438 -1.0059 0.0376 0.2394 -0.9926 0.026 0.2526
109.0 -1.0228 0.0085 0.2675 -0.916 0.0467 0.239 -0.9146 0.0487 0.2371 -0.9425 0.0676 0.2151 -0.9627 0.0722 0.2083 -0.987 0.0652 0.213 -0.958 0.0252 0.2569 -0.9732 0.0317 0.2487 -0.9879 0.0352 0.2437 -1.0014 0.037 0.2404 -0.9887 0.0275 0.2514
110.0 -1.0198 0.0113 0.2649 -0.9141 0.0458 0.2402 -0.9105 0.0505 0.2357 -0.9387 0.0705 0.2124 -0.9569 0.0742 0.2069 -0.9783 0.0707 0.2083 -0.9563 0.0254 0.2568 -0.9706 0.032 0.2486 -0.9847 0.0368 0.2423 -0.9974 0.0394 0.2384 -0.9857 0.029 0.2502
111.0 -1.0164 0.0124 0.2641 -0.9123 0.0454 0.2407 -0.9072 0.0516 0.2349 -0.9348 0.0686 0.2148 -0.9542 0.0739 0.2074 -0.9761 0.0685 0.2107 -0.9514 0.0279 0.2547 -0.9664 0.0332 0.2478 -0.9804 0.0374 0.2421 -0.9939 0.0393 0.2389 -0.9817 0.03 0.2495
112.0 -1.0125 0.0148 0.2621 -0.9092 0.0482 0.2381 -0.9064 0.0523 0.2343 -0.929 0.0657 0.2183 -0.9474 0.07 0.2121 -0.9662 0.0668 0.2135 -0.9493 0.0257 0.2572 -0.9636 0.0324 0.249 -0.976 0.0374 0.2426 -0.9879 0.0401 0.2387 -0.9778 0.0301 0.2499
113.0 -1.0116 0.0149 0.2621 -0.906 0.0499 0.2367 -0.9049 0.0537 0.233 -0.93 0.0662 0.2177 -0.9481 0.0693 0.2128 -0.9661 0.0662 0.2141 -0.9467 0.0261 0.2571 -0.9618 0.032 0.2495 -0.9749 0.0363 0.2438 -0.9869 0.0396 0.2393 -0.9764 0.0298 0.2503
114.0 -1.0121 0.013 0.264 -0.9032 0.0491 0.2379 -0.8999 0.055 0.2321 -0.9106 0.056 0.2301 -0.9271 0.055 0.2294 -0.9452 0.0526 0.2301 -0.9424 0.0218 0.2619 -0.9537 0.0258 0.2567 -0.9648 0.0291 0.2521 -0.9761 0.0331 0.247 -0.9698 0.0246 0.2563
115.0 -1.008 0.0142 0.2632 -0.9018 0.0511 0.236 -0.9002 0.0568 0.2303 -0.914 0.0604 0.2252 -0.9281 0.0604 0.2239 -0.9443 0.0576 0.2251 -0.938 0.0218 0.2623 -0.9493 0.0257 0.2572 -0.9605 0.0297 0.252 -0.971 0.0344 0.2461 -0.9654 0.0252 0.2562
116.0 -1.0105 0.0138 0.2633 -0.9003 0.0525 0.2346 -0.904 0.0587 0.2279 -0.9343 0.0656 0.2179 -0.9517 0.0645 0.2173 -0.964 0.0598 0.2209 -0.939 0.0222 0.2618 -0.9538 0.0263 0.2561 -0.9677 0.0306 0.2504 -0.9799 0.035 0.2446 -0.9702 0.0256 0.2552
117.0 -1.0098 0.0145 0.2626 -0.8988 0.0539 0.2333 -0.9033 0.0594 0.2273 -0.9337 0.0675 0.216 -0.953 0.0668 0.2148 -0.9648 0.064 0.2165 -0.9383 0.0235 0.2605 -0.9541 0.0281 0.2542 -0.9681 0.033 0.2479 -0.9804 0.0374 0.2421 -0.9701 0.0273 0.2535
118.0 -1.0089 0.0146 0.2626 -0.8981 0.0546 0.2327 -0.9069 0.0602 0.2262 -0.9365 0.0684 0.2148 -0.9546 0.0659 0.2155 -0.9678 0.0611 0.2192 -0.939 0.0222 0.2618 -0.9537 0.0258 0.2567 -0.9685 0.0299 0.251 -0.9816 0.0342 0.2453 -0.9703 0.0253 0.2555
119.0 -1.0098 0.0145 0.2626 -0.8996 0.0532 0.234 -0.9053 0.061 0.2255 -0.9359 0.0697 0.2135 -0.9548 0.0671 0.2143 -0.968 0.0623 0.2179 -0.9376 0.0243 0.2598 -0.9523 0.0278 0.2548 -0.9672 0.0325 0.2485 -0.9803 0.0368 0.2427 -0.9694 0.0272 0.2537
120.0 -1.0074 0.0161 0.2613 -0.8997 0.0538 0.2334 -0.9055 0.0622 0.2242 -0.9352 0.071 0.2123 -0.9557 0.0676 0.2137 -0.9721 0.0605 0.2193 -0.9375 0.0237 0.2604 -0.9532 0.0283 0.2542 -0.9681 0.033 0.2479 -0.9829 0.0371 0.2422 -0.9698 0.0276 0.2532
121.0 -1.0065 0.0162 0.2612 -0.9016 0.0548 0.2322 -0.9038 0.0624 0.2242 -0.9361 0.0709 0.2123 -0.9565 0.0669 0.2143 -0.9661 0.0613 0.2191 -0.9365 0.0232 0.261 -0.9496 0.0275 0.2553 -0.9637 0.0329 0.2483 -0.9768 0.0373 0.2426 -0.9666 0.0274 0.2537
122.0 -1.0064 0.0156 0.2619 -0.9017 0.0554 0.2316 -0.9028 0.0619 0.2248 -0.9341 0.0693 0.2141 -0.9562 0.0651 0.2162 -0.9608 0.0614 0.2195 -0.9365 0.0232 0.261 -0.9485 0.0264 0.2565 -0.9607 0.0309 0.2507 -0.9712 0.0356 0.2449 -0.9647 0.0263 0.255
123.0 -1.0099 0.0151 0.262 -0.9002 0.0568 0.2303 -0.9038 0.0624 0.2242 -0.9318 0.0715 0.2121 -0.9496 0.0678 0.2141 -0.9429 0.0596 0.2232 -0.9362 0.0214 0.2629 -0.9469 0.0224 0.2608 -0.9582 0.0264 0.2556 -0.9686 0.0305 0.2504 -0.964 0.0231 0.2583
124.0 -1.0049 0.017 0.2606 -0.8995 0.0581 0.229 -0.9057 0.0634 0.223 -0.9365 0.0684 0.2148 -0.9607 0.0608 0.2201 -0.9648 0.0591 0.2215 -0.9332 0.0242 0.2603 -0.9453 0.0281 0.2551 -0.9593 0.0329 0.2488 -0.9724 0.0373 0.2431 -0.963 0.0279 0.2536
125.0 -1.0069 0.018 0.2594 -0.9026 0.0553 0.2316 -0.9046 0.0617 0.2248 -0.926 0.0686 0.2157 -0.9483 0.0656 0.2165 -0.9542 0.0636 0.218 -0.9348 0.0234 0.261 -0.9454 0.0287 0.2545 -0.957 0.0345 0.2475 -0.9683 0.039 0.2417 -0.9625 0.0287 0.2528
126.0 -1.0086 0.0177 0.2595 -0.9009 0.0561 0.2309 -0.9055 0.0622 0.2242 -0.932 0.0678 0.2159 -0.9468 0.067 0.2152 -0.9563 0.0608 0.2206 -0.9349 0.024 0.2603 -0.9471 0.0285 0.2546 -0.9603 0.0334 0.2482 -0.9717 0.038 0.2424 -0.9645 0.0283 0.253
127.0 -1.0084 0.0165 0.2607 -0.9022 0.0535 0.2335 -0.9091 0.0623 0.2237 -0.9406 0.0666 0.2162 -0.9549 0.0628 0.2187 -0.9593 0.058 0.2232 -0.938 0.0218 0.2623 -0.9499 0.0244 0.2584 -0.9622 0.0289 0.2527 -0.9744 0.0333 0.2469 -0.9666 0.025 0.2562
128.0 -1.0101 0.0163 0.2608 -0.9016 0.0548 0.2322 -0.9107 0.0615 0.2244 -0.94 0.063 0.2199 -0.9528 0.0607 0.2211 -0.9659 0.0553 0.2253 -0.9364 0.0226 0.2617 -0.9502 0.0262 0.2566 -0.9634 0.0312 0.2502 -0.9773 0.0348 0.2451 -0.9675 0.0262 0.2549
129.0 -1.0113 0.018 0.2589 -0.9016 0.0548 0.2322 -0.9142 0.0616 0.2239 -0.9458 0.061 0.2214 -0.9569 0.0589 0.2225 -0.9618 0.057 0.2239 -0.9365 0.0232 0.261 -0.9478 0.0272 0.2558 -0.96 0.0316 0.2501 -0.9714 0.0362 0.2443 -0.9654 0.0272 0.254
130.0 -1.0094 0.0176 0.2595 -0.9055 0.0518 0.2348 -0.9061 0.0603 0.2261 -0.9424 0.0566 0.2263 -0.9534 0.0545 0.2273 -0.9596 0.0543 0.227 -0.9394 0.0197 0.2643 -0.9509 0.0249 0.2578 -0.9626 0.0313 0.2502 -0.975 0.0369 0.2432 -0.9675 0.0261 0.255
131.0 -1.0077 0.0178 0.2594 -0.9054 0.0512 0.2355 -0.9221 0.0563 0.2286 -0.9491 0.0551 0.2272 -0.9586 0.0538 0.2275 -0.9615 0.0504 0.2308 -0.9368 0.0195 0.2648 -0.9488 0.0228 0.2603 -0.9603 0.0285 0.2532 -0.9725 0.033 0.2474 -0.9652 0.0243 0.257
132.0 -1.0076 0.0173 0.26 -0.9093 0.0488 0.2375 -0.9126 0.0576 0.2283 -0.9496 0.0526 0.2297 -0.9633 0.0507 0.2302 -0.9596 0.0494 0.2319 -0.9401 0.0184 0.2655 -0.9497 0.0232 0.2597 -0.9613 0.029 0.2526 -0.972 0.0349 0.2455 -0.9661 0.0246 0.2567
133.0 -1.0048 0.0164 0.2612 -0.9147 0.0493 0.2365 -0.9175 0.0551 0.2303 -0.9485 0.0515 0.2309 -0.9571 0.0503 0.2312 -0.9267 0.0526 0.2319 -0.9398 0.0166 0.2674 -0.9474 0.0199 0.2633 -0.9545 0.0256 0.2567 -0.9607 0.0309 0.2507 -0.9615 0.0219 0.2599
134.0 -1.0039 0.0159 0.2618 -0.9155 0.0486 0.2371 -0.9175 0.0551 0.2303 -0.9477 0.0516 0.2309 -0.9587 0.0495 0.2319 -0.9247 0.051 0.2337 -0.9398 0.0166 0.2674 -0.9463 0.0188 0.2645 -0.9515 0.0236 0.2591 -0.9569 0.029 0.2531 -0.9597 0.0208 0.2612
135.0 -1.0023 0.0168 0.2611 -0.9089 0.0513 0.235 -0.9166 0.0552 0.2303 -0.9365 0.0531 0.2304 -0.9481 0.0491 0.2334 -0.9265 0.0514 0.2332 -0.9375 0.0188 0.2654 -0.946 0.0219 0.2614 -0.9547 0.0262 0.2561 -0.9616 0.0308 0.2508 -0.9604 0.0229 0.259
136.0 -0.9994 0.0153 0.2628 -0.913 0.0496 0.2364 -0.9132 0.0557 0.2302 -0.9326 0.0561 0.2278 -0.9478 0.0522 0.2302 -0.9259 0.0527 0.2319 -0.9391 0.0179 0.2661 -0.9465 0.02 0.2633 -0.9533 0.0234 0.2592 -0.9585 0.0282 0.2538 -0.9594 0.021 0.261
137.0 -1.0002 0.0152 0.2629 -0.9114 0.0504 0.2357 -0.9143 0.0567 0.2289 -0.9386 0.0553 0.228 -0.9552 0.0494 0.2324 -0.9298 0.0503 0.2339 -0.9374 0.0182 0.2661 -0.9457 0.0201 0.2633 -0.9533 0.0234 0.2592 -0.9601 0.0273 0.2545 -0.9593 0.0208 0.2612
138.0 -1.0002 0.0152 0.2629 -0.9128 0.0484 0.2376 -0.9121 0.0546 0.2314 -0.9249 0.0571 0.2275 -0.9385 0.0547 0.2286 -0.9223 0.0526 0.2324 -0.9416 0.017 0.2668 -0.9482 0.0198 0.2634 -0.9534 0.024 0.2586 -0.9579 0.0295 0.2525 -0.9603 0.0211 0.2608
139.0 -0.998 0.0173 0.2609 -0.9112 0.0492 0.2369 -0.9133 0.0562 0.2295 -0.9333 0.0548 0.2291 -0.9483 0.0503 0.2321 -0.9316 0.0501 0.234 -0.9365 0.0183 0.266 -0.9449 0.0208 0.2626 -0.9527 0.0253 0.2573 -0.9579 0.0295 0.2525 -0.958 0.0222 0.2599
140.0 -0.9963 0.0182 0.2602 -0.9102 0.0487 0.2375 -0.9124 0.0564 0.2295 -0.9266 0.0569 0.2275 -0.9399 0.0527 0.2306 -0.9351 0.0503 0.2335 -0.9366 0.0189 0.2654 -0.945 0.0214 0.262 -0.9527 0.0253 0.2573 -0.9586 0.0288 0.2531 -0.9579 0.0225 0.2596
141.0 -0.9999 0.0183 0.2597 -0.9105 0.0505 0.2357 -0.9152 0.0572 0.2284 -0.9449 0.0508 0.232 -0.9589 0.0452 0.2363 -0.9445 0.0484 0.2345 -0.937 0.0207 0.2635 -0.9454 0.0238 0.2595 -0.9532 0.0283 0.2542 -0.9592 0.0323 0.2494 -0.959 0.0247 0.2573
142.0 -0.9988 0.0172 0.2609 -0.9129 0.049 0.237 -0.9092 0.058 0.2281 -0.9398 0.0521 0.2312 -0.9564 0.0462 0.2356 -0.9545 0.0452 0.2367 -0.9379 0.0212 0.263 -0.9481 0.0241 0.259 -0.9568 0.0284 0.2537 -0.9626 0.0313 0.2502 -0.9608 0.0244 0.2574
143.0 -0.9972 0.018 0.2603 -0.9104 0.0499 0.2363 -0.9144 0.0573 0.2283 -0.9466 0.0505 0.2321 -0.958 0.0453 0.2363 -0.9432 0.0461 0.2369 -0.936 0.0202 0.2641 -0.9444 0.0227 0.2607 -0.9529 0.0265 0.256 -0.958 0.0301 0.2519 -0.9577 0.0235 0.2586
144.0 -0.9983 0.0191 0.2591 -0.9126 0.0472 0.2389 -0.9126 0.0576 0.2283 -0.9414 0.0512 0.2319 -0.9581 0.0459 0.2356 -0.9364 0.0476 0.236 -0.9378 0.0206 0.2636 -0.9462 0.0231 0.2602 -0.953 0.0271 0.2554 -0.959 0.0311 0.2507 -0.9589 0.0242 0.2578
145.0 -0.9966 0.0194 0.259 -0.9143 0.047 0.2389 -0.912 0.0589 0.227 -0.9434 0.0522 0.2307 -0.958 0.0453 0.2363 -0.9442 0.0472 0.2357 -0.9386 0.0199 0.2642 -0.9468 0.0218 0.2614 -0.9547 0.0262 0.2561 -0.9598 0.0304 0.2513 -0.9593 0.0235 0.2584
146.0 -0.9981 0.0179 0.2603 -0.9342 0.0449 0.2391 -0.9175 0.0551 0.2303 -0.9292 0.0565 0.2276 -0.9379 0.056 0.2274 -0.9096 0.05 0.2363 -0.9409 0.0183 0.2656 -0.9419 0.0188 0.265 -0.9433 0.0217 0.2619 -0.9457 0.0256 0.2576 -0.954 0.0205 0.2621
147.0 -0.9947 0.019 0.2595 -0.9143 0.047 0.2389 -0.9107 0.0566 0.2294 -0.9264 0.0557 0.2288 -0.9406 0.0513 0.2318 -0.9287 0.0487 0.2357 -0.9393 0.0191 0.2649 -0.9467 0.0212 0.2621 -0.9527 0.0253 0.2573 -0.957 0.0296 0.2525 -0.9581 0.0228 0.2592
148.0 -0.9982 0.0185 0.2597 -0.9135 0.0477 0.2383 -0.9133 0.0611 0.2245 -0.9454 0.0537 0.2289 -0.965 0.045 0.2359 -0.9562 0.045 0.2368 -0.9378 0.0206 0.2636 -0.9463 0.0237 0.2595 -0.9541 0.0281 0.2542 -0.9601 0.0322 0.2495 -0.9593 0.0246 0.2573
149.0 -0.9956 0.0189 0.2596 -0.9152 0.0468 0.239 -0.9161 0.0571 0.2284 -0.945 0.0514 0.2314 -0.9591 0.0464 0.2351 -0.9349 0.0491 0.2347 -0.9376 0.0194 0.2648 -0.9435 0.0229 0.2607 -0.9495 0.0269 0.2559 -0.9547 0.0317 0.2505 -0.9562 0.024 0.2583
150.0 -0.9966 0.0194 0.259 -0.9154 0.048 0.2377 -0.9118 0.0577 0.2282 -0.9323 0.0543 0.2296 -0.9531 0.0472 0.2348 -0.9297 0.0498 0.2345 -0.9386 0.0199 0.2642 -0.9461 0.0225 0.2608 -0.9522 0.0272 0.2554 -0.9563 0.0309 0.2512 -0.9579 0.024 0.2581
151.0 -0.9964 0.0188 0.2596 -0.9189 0.0433 0.2422 -0.911 0.0584 0.2276 -0.9225 0.0587 0.2261 -0.9424 0.0517 0.2313 -0.9241 0.053 0.2318 -0.9394 0.0197 0.2643 -0.9444 0.0227 0.2607 -0.9485 0.0264 0.2565 -0.951 0.0304 0.2522 -0.956 0.0236 0.2587
152.0 -0.9988 0.0172 0.2609 -0.9219 0.0453 0.2399 -0.9124 0.0564 0.2295 -0.9191 0.0591 0.226 -0.9324 0.0549 0.229 -0.9222 0.052 0.233 -0.9428 0.0187 0.265 -0.9459 0.0213 0.262 -0.9491 0.0245 0.2584 -0.9516 0.0291 0.2535 -0.9576 0.0222 0.26
153.0 -0.9964 0.0188 0.2596 -0.9126 0.0472 0.2389 -0.9138 0.0592 0.2264 -0.9434 0.0522 0.2307 -0.9579 0.0447 0.2369 -0.9407 0.0471 0.2362 -0.9377 0.02 0.2642 -0.9443 0.0221 0.2613 -0.9511 0.0261 0.2566 -0.9561 0.0297 0.2524 -0.9571 0.0233 0.2588
154.0 -0.9974 0.0192 0.259 -0.9167 0.0454 0.2403 -0.9096 0.0555 0.2306 -0.9211 0.0558 0.2292 -0.9326 0.0512 0.2328 -0.9258 0.0521 0.2325 -0.9419 0.0188 0.265 -0.9488 0.0228 0.2603 -0.954 0.0275 0.2548 -0.9575 0.0326 0.2494 -0.9599 0.0242 0.2577
155.0 -0.9979 0.0167 0.2615 -0.9193 0.0457 0.2398 -0.9141 0.0561 0.2296 -0.9359 0.055 0.2285 -0.9542 0.0489 0.233 -0.9165 0.0497 0.2359 -0.9391 0.0179 0.2661 -0.943 0.0199 0.2638 -0.9479 0.0229 0.2602 -0.9513 0.0273 0.2554 -0.9558 0.0209 0.2614
156.0 -0.9962 0.0176 0.2608 -0.9222 0.0416 0.2436 -0.9121 0.0546 0.2314 -0.9135 0.0574 0.2283 -0.9133 0.0562 0.2295 -0.9153 0.0529 0.2327 -0.9438 0.0198 0.2638 -0.946 0.0219 0.2614 -0.9483 0.0253 0.2577 -0.9499 0.0293 0.2534 -0.9569 0.0228 0.2594
157.0 -0.993 0.0192 0.2595 -0.9154 0.048 0.2377 -0.916 0.0565 0.229 -0.94 0.0533 0.2299 -0.9565 0.0468 0.235 -0.9281 0.0506 0.2339 -0.9385 0.0193 0.2649 -0.9434 0.0223 0.2613 -0.9485 0.0264 0.2565 -0.9529 0.0314 0.251 -0.9553 0.0237 0.2586
158.0 -0.998 0.0173 0.2609 -0.9394 0.0448 0.2387 -0.9159 0.0559 0.2296 -0.9158 0.0608 0.2246 -0.9156 0.0596 0.2259 -0.9116 0.0516 0.2345 -0.9422 0.0206 0.2631 -0.9411 0.0189 0.265 -0.9421 0.02 0.2637 -0.9436 0.0234 0.2601 -0.9534 0.0201 0.2626
159.0 -0.996 0.0164 0.2621 -0.9262 0.0447 0.24 -0.9174 0.0545 0.2309 -0.94 0.0533 0.2299 -0.95 0.0501 0.2322 -0.9133 0.0514 0.2345 -0.9384 0.0187 0.2655 -0.9404 0.0202 0.2637 -0.9426 0.023 0.2606 -0.9443 0.0276 0.2557 -0.9524 0.0212 0.2615
160.0 -0.9981 0.0179 0.2603 -0.9158 0.0455 0.2402 -0.9128 0.0588 0.227 -0.9407 0.0519 0.2312 -0.958 0.0453 0.2363 -0.944 0.046 0.237 -0.9403 0.0196 0.2643 -0.9487 0.0222 0.2609 -0.9555 0.0261 0.2561 -0.9606 0.0303 0.2513 -0.9606 0.0232 0.2586
161.0 -0.9966 0.0194 0.259 -0.9174 0.0447 0.2409 -0.9083 0.0581 0.2281 -0.9276 0.0574 0.227 -0.9565 0.0468 0.235 -0.9476 0.051 0.2315 -0.9415 0.0213 0.2625 -0.9477 0.0266 0.2565 -0.954 0.0324 0.2498 -0.9593 0.0378 0.2438 -0.9598 0.0275 0.2543
162.0 -0.9979 0.0167 0.2615 -0.933 0.0481 0.2359 -0.9124 0.0564 0.2295 -0.9155 0.059 0.2265 -0.9194 0.056 0.2291 -0.9128 0.0484 0.2376 -0.9421 0.02 0.2637 -0.9436 0.0186 0.2651 -0.9457 0.0201 0.2633 -0.9498 0.0238 0.259 -0.9558 0.0198 0.2625
163.0 -0.9966 0.0194 0.259 -0.9199 0.0486 0.2367 -0.911 0.0584 0.2276 -0.9392 0.0534 0.2299 -0.9596 0.0445 0.2369 -0.9259 0.0478 0.2369 -0.9377 0.02 0.2642 -0.9434 0.0223 0.2613 -0.9484 0.0259 0.2571 -0.9536 0.03 0.2523 -0.9559 0.0235 0.2588
164.0 -0.9969 0.0163 0.2621 -0.919 0.0439 0.2416 -0.9121 0.0546 0.2314 -0.9137 0.0586 0.227 -0.9133 0.0562 0.2295 -0.9134 0.052 0.2339 -0.9437 0.0192 0.2644 -0.9467 0.0212 0.2621 -0.9499 0.0244 0.2584 -0.9524 0.0284 0.2542 -0.9579 0.0219 0.2602
165.0 -0.9981 0.0179 0.2603 -0.916 0.0467 0.239 -0.9126 0.0576 0.2283 -0.9399 0.0527 0.2306 -0.9553 0.0451 0.2368 -0.9384 0.0492 0.2343 -0.9392 0.0185 0.2655 -0.9478 0.0223 0.2608 -0.9549 0.0274 0.2549 -0.9593 0.0329 0.2488 -0.9599 0.0238 0.2581
166.0 -0.999 0.0184 0.2597 -0.9267 0.0422 0.2425 -0.914 0.0555 0.2302 -0.9207 0.0583 0.2267 -0.9314 0.0544 0.2296 -0.9123 0.0509 0.2351 -0.9429 0.0193 0.2644 -0.9447 0.0196 0.2638 -0.9461 0.0225 0.2608 -0.9484 0.0259 0.2571 -0.9562 0.0211 0.2612
167.0 -0.9972 0.018 0.2603 -0.9154 0.048 0.2377 -0.9102 0.0585 0.2275 -0.9351 0.0551 0.2285 -0.958 0.0453 0.2363 -0.9444 0.0478 0.2351 -0.9385 0.0193 0.2649 -0.9461 0.0225 0.2608 -0.9538 0.0263 0.2561 -0.9598 0.0304 0.2513 -0.9591 0.0233 0.2587
168.0 -0.9996 0.0165 0.2616 -0.9218 0.0447 0.2405 -0.9216 0.0533 0.2317 -0.9473 0.0498 0.2327 -0.9557 0.0475 0.2343 -0.9216 0.0484 0.2367 -0.9425 0.0169 0.2669 -0.9455 0.0189 0.2645 -0.9488 0.0228 0.2603 -0.9512 0.0267 0.256 -0.9575 0.0204 0.2618
169.0 -0.9972 0.018 0.2603 -0.917 0.0472 0.2384 -0.9092 0.058 0.2281 -0.9257 0.057 0.2275 -0.9512 0.0469 0.2354 -0.9417 0.0475 0.2356 -0.9403 0.0196 0.2643 -0.9479 0.0229 0.2602 -0.954 0.0275 0.2548 -0.9591 0.0317 0.25 -0.9597 0.024 0.2579
170.0 -0.9992 0.0196 0.2585 -0.9154 0.0431 0.2427 -0.9091 0.0574 0.2287 -0.9224 0.0581 0.2268 -0.9464 0.0493 0.2333 -0.9405 0.0507 0.2325 -0.9421 0.02 0.2637 -0.9492 0.0251 0.2578 -0.9562 0.0303 0.2518 -0.9606 0.0352 0.2464 -0.9615 0.026 0.2556
171.0 -0.996 0.0164 0.2621 -0.9329 0.0426 0.2415 -0.9137 0.0537 0.232 -0.9127 0.0582 0.2276 -0.9145 0.0579 0.2277 -0.9105 0.0505 0.2357 -0.9419 0.0188 0.265 -0.9419 0.0188 0.265 -0.9432 0.0211 0.2625 -0.9465 0.0249 0.2583 -0.9539 0.02 0.2626
172.0 -0.9982 0.0185 0.2597 -0.9147 0.0444 0.2415 -0.909 0.0568 0.2294 -0.9214 0.0576 0.2273 -0.9382 0.0529 0.2305 -0.9319 0.0519 0.2321 -0.9404 0.0202 0.2637 -0.9471 0.0236 0.2596 -0.9541 0.0281 0.2542 -0.9601 0.0322 0.2495 -0.96 0.0245 0.2573
173.0 -0.9962 0.0176 0.2608 -0.9145 0.0481 0.2377 -0.9102 0.0585 0.2275 -0.9199 0.059 0.226 -0.9332 0.0542 0.2297 -0.9292 0.0517 0.2326 -0.9394 0.0197 0.2643 -0.946 0.0219 0.2614 -0.9519 0.0254 0.2573 -0.957 0.0296 0.2525 -0.9581 0.0228 0.2592
174.0 -0.9962 0.0176 0.2608 -0.9262 0.0447 0.24 -0.914 0.0555 0.2302 -0.9233 0.058 0.2268 -0.9406 0.0513 0.2318 -0.9131 0.0502 0.2358 -0.9402 0.019 0.2649 -0.9421 0.02 0.2637 -0.9451 0.022 0.2614 -0.9484 0.0259 0.2571 -0.9544 0.0209 0.2616
175.0 -0.9981 0.0179 0.2603 -0.9152 0.0468 0.239 -0.9134 0.0568 0.2289 -0.9366 0.0537 0.2298 -0.9549 0.0476 0.2343 -0.9295 0.0486 0.2358 -0.94 0.0178 0.2662 -0.9458 0.0207 0.2626 -0.9518 0.0248 0.2579 -0.9569 0.029 0.2531 -0.9585 0.0221 0.26
176.0 -0.9979 0.0167 0.2615 -0.9222 0.0471 0.238 -0.9126 0.0576 0.2283 -0.9401 0.0538 0.2293 -0.9585 0.0483 0.2332 -0.9174 0.0496 0.2359 -0.9384 0.0187 0.2655 -0.942 0.0194 0.2644 -0.9461 0.0225 0.2608 -0.9494 0.0263 0.2565 -0.9547 0.0207 0.2617
177.0 -1.0006 0.0176 0.2604 -0.913 0.0496 0.2364 -0.9128 0.0588 0.227 -0.9402 0.0544 0.2287 -0.9558 0.0481 0.2337 -0.9384 0.0492 0.2343 -0.9387 0.0204 0.2636 -0.9469 0.0224 0.2608 -0.9547 0.0262 0.2561 -0.9597 0.0298 0.2519 -0.9601 0.0233 0.2586
178.0 -0.9977 0.0161 0.2622 -0.9239 0.0463 0.2387 -0.9133 0.0562 0.2295 -0.9308 0.0557 0.2283 -0.9522 0.0473 0.2348 -0.9184 0.0501 0.2353 -0.9409 0.0183 0.2656 -0.9438 0.0198 0.2638 -0.9479 0.0229 0.2602 -0.9505 0.0274 0.2553 -0.9562 0.0209 0.2614
179.0 -0.9961 0.017 0.2615 -0.9248 0.0419 0.2431 -0.9103 0.0542 0.2319 -0.91 0.0573 0.2288 -0.9138 0.0543 0.2314 -0.9159 0.051 0.2346 -0.9436 0.0186 0.2651 -0.9449 0.0208 0.2626 -0.9473 0.0242 0.2589 -0.9506 0.028 0.2547 -0.9565 0.0217 0.2606
180.0 -0.9987 0.0166 0.2616 -0.9267 0.0422 0.2425 -0.9131 0.0551 0.2308 -0.9138 0.0592 0.2264 -0.9138 0.0592 0.2264 -0.9097 0.0506 0.2356 -0.9425 0.0169 0.2669 -0.9433 0.0168 0.2669 -0.9456 0.0195 0.2639 -0.949 0.0239 0.259 -0.9558 0.0187 0.2637
181.0 -0.9979 0.0167 0.2615 -0.9234 0.0488 0.2362 -0.9106 0.056 0.2301 -0.9147 0.0591 0.2265 -0.9298 0.0552 0.2289 -0.9149 0.0505 0.2352 -0.9409 0.0183 0.2656 -0.9447 0.0196 0.2638 -0.9479 0.0229 0.2602 -0.9514 0.0279 0.2547 -0.9566 0.0211 0.2612
182.0 -0.9986 0.016 0.2622 -0.9265 0.0465 0.2382 -0.9143 0.0567 0.2289 -0.92 0.0596 0.2254 -0.9299 0.0558 0.2283 -0.9145 0.053 0.2327 -0.9408 0.0177 0.2662 -0.9436 0.0186 0.2651 -0.9461 0.0225 0.2608 -0.9486 0.027 0.2559 -0.9556 0.0204 0.262
183.0 -0.9987 0.0166 0.2616 -0.9278 0.0439 0.2407 -0.9149 0.0554 0.2302 -0.9225 0.0587 0.2261 -0.9325 0.0555 0.2284 -0.9107 0.0517 0.2344 -0.9408 0.0177 0.2662 -0.9428 0.0187 0.265 -0.945 0.0214 0.262 -0.9484 0.0259 0.2571 -0.9552 0.0201 0.2624
184.0 -0.9981 0.0179 0.2603 -0.9113 0.0498 0.2363 -0.9143 0.0567 0.2289 -0.9267 0.0575 0.2269 -0.9418 0.053 0.23 -0.9251 0.0534 0.2312 -0.9384 0.0187 0.2655 -0.9459 0.0213 0.262 -0.952 0.026 0.2566 -0.9572 0.0308 0.2512 -0.9583 0.0229 0.2591
185.0 -0.9971 0.0175 0.2609 -0.9252 0.0437 0.2412 -0.9105 0.0554 0.2307 -0.9102 0.0585 0.2275 -0.9101 0.0579 0.2282 -0.9105 0.0505 0.2357 -0.9418 0.0182 0.2656 -0.9436 0.0186 0.2651 -0.9468 0.0218 0.2614 -0.9511 0.0261 0.2566 -0.9561 0.0204 0.2619
186.0 -0.9995 0.0159 0.2622 -0.9165 0.0497 0.2359 -0.9127 0.0582 0.2276 -0.9302 0.0576 0.2264 -0.9475 0.0504 0.2321 -0.9244 0.0493 0.2356 -0.9383 0.0181 0.2661 -0.9457 0.0201 0.2633 -0.9524 0.0235 0.2591 -0.9576 0.0283 0.2537 -0.9587 0.0212 0.2609
187.0 -1.0004 0.0164 0.2616 -0.9347 0.043 0.241 -0.9136 0.0532 0.2327 -0.909 0.0568 0.2294 -0.9062 0.056 0.2305 -0.9111 0.0486 0.2376 -0.9482 0.0198 0.2634 -0.9472 0.0187 0.2646 -0.9475 0.0205 0.2627 -0.949 0.0239 0.259 -0.9585 0.0199 0.2623
188.0 -0.9961 0.017 0.2615 -0.917 0.0472 0.2384 -0.9141 0.0561 0.2296 -0.9342 0.0553 0.2285 -0.9516 0.0492 0.2329 -0.9179 0.0477 0.2378 -0.9366 0.0189 0.2654 -0.9421 0.02 0.2637 -0.9478 0.0223 0.2608 -0.9528 0.0259 0.2567 -0.9551 0.0208 0.2616
189.0 -0.9936 0.0173 0.2614 -0.9155 0.0486 0.2371 -0.9125 0.057 0.2289 -0.9276 0.0574 0.227 -0.9442 0.0521 0.2307 -0.9195 0.0517 0.2335 -0.9375 0.0188 0.2654 -0.9421 0.02 0.2637 -0.947 0.023 0.2602 -0.9523 0.0278 0.2548 -0.9545 0.0214 0.2611
190.0 -0.9977 0.0161 0.2622 -0.931 0.0416 0.2427 -0.9119 0.0534 0.2326 -0.9109 0.0578 0.2282 -0.909 0.0568 0.2294 -0.9104 0.0499 0.2363 -0.9427 0.0181 0.2656 -0.9435 0.018 0.2657 -0.9466 0.0206 0.2627 -0.9509 0.0249 0.2578 -0.9563 0.0195 0.2628
191.0 -0.997 0.0169 0.2615 -0.9311 0.0422 0.2421 -0.9113 0.0547 0.2313 -0.911 0.0584 0.2276 -0.9185 0.0562 0.2291 -0.913 0.0496 0.2364 -0.9438 0.0198 0.2638 -0.9447 0.0196 0.2638 -0.9459 0.0213 0.262 -0.9491 0.0245 0.2584 -0.9561 0.0204 0.2619
192.0 -0.996 0.0164 0.2621 -0.9278 0.0439 0.2407 -0.9122 0.0552 0.2307 -0.9179 0.0575 0.2278 -0.9363 0.0519 0.2317 -0.9148 0.0499 0.2358 -0.9421 0.02 0.2637 -0.944 0.0209 0.2626 -0.947 0.023 0.2602 -0.9494 0.0263 0.2565 -0.9557 0.0213 0.261
193.0 -0.9972 0.018 0.2603 -0.916 0.0467 0.239 -0.9103 0.0591 0.2269 -0.9357 0.0538 0.2298 -0.9538 0.0465 0.2355 -0.9368 0.05 0.2336 -0.9395 0.0203 0.2636 -0.9471 0.0236 0.2596 -0.954 0.0275 0.2548 -0.9583 0.0319 0.25 -0.9592 0.0243 0.2577
194.0 -0.9972 0.018 0.2603 -0.9169 0.0466 0.239 -0.9087 0.055 0.2312 -0.9117 0.0571 0.2288 -0.9176 0.0557 0.2297 -0.922 0.0508 0.2342 -0.9421 0.02 0.2637 -0.9469 0.0224 0.2608 -0.952 0.026 0.2566 -0.957 0.0296 0.2525 -0.959 0.0232 0.2588
195.0 -0.9993 0.0202 0.2578 -0.9097 0.0506 0.2356 -0.91 0.0573 0.2288 -0.9234 0.0586 0.2262 -0.9363 0.0568 0.2267 -0.9402 0.0544 0.2287 -0.9377 0.02 0.2642 -0.947 0.023 0.2602 -0.9549 0.0274 0.2549 -0.9627 0.0319 0.2496 -0.9603 0.0245 0.2573
196.0 -1.0121 0.0179 0.259 -0.9049 0.0488 0.2379 -0.9074 0.0577 0.2287 -0.9321 0.058 0.2259 -0.9432 0.0565 0.2263 -0.9497 0.0532 0.2291 -0.9412 0.0195 0.2643 -0.9518 0.0248 0.2579 -0.9624 0.0301 0.2514 -0.972 0.0349 0.2455 -0.9679 0.0254 0.2556
197.0 -1.0148 0.0181 0.2584 -0.9024 0.0492 0.2379 -0.9047 0.0574 0.2292 -0.9251 0.0632 0.2212 -0.9414 0.061 0.2219 -0.9547 0.0568 0.2249 -0.9413 0.0201 0.2637 -0.9528 0.0259 0.2567 -0.9644 0.0316 0.2496 -0.975 0.0369 0.2432 -0.9697 0.0265 0.2543
198.0 -1.0099 0.0151 0.262 -0.8986 0.0478 0.2396 -0.9032 0.0588 0.2279 -0.9206 0.0681 0.2167 -0.9374 0.0683 0.2149 -0.9559 0.0633 0.2181 -0.9399 0.0221 0.2618 -0.953 0.0271 0.2554 -0.9663 0.0326 0.2484 -0.9794 0.0369 0.2427 -0.9697 0.0268 0.2541
199.0 -1.0083 0.0159 0.2613 -0.9008 0.0451 0.2422 -0.9012 0.0573 0.2297 -0.9208 0.0693 0.2155 -0.9371 0.0714 0.2117 -0.9551 0.064 0.2174 -0.9412 0.0195 0.2643 -0.9544 0.025 0.2574 -0.967 0.0313 0.2497 -0.9778 0.0378 0.242 -0.9697 0.0259 0.2549
200.0 -1.0104 0.0132 0.2639 -0.9006 0.0439 0.2434 -0.8989 0.0545 0.2327 -0.9149 0.0707 0.2146 -0.9347 0.0729 0.2104 -0.9559 0.0682 0.2131 -0.9415 0.0213 0.2625 -0.955 0.028 0.2543 -0.9691 0.0334 0.2473 -0.9824 0.039 0.2403 -0.9717 0.027 0.2537
201.0 -1.0137 0.0116 0.2653 -0.9005 0.0433 0.244 -0.8972 0.0499 0.2377 -0.9123 0.0704 0.2151 -0.9312 0.0734 0.2102 -0.955 0.0683 0.213 -0.9452 0.0177 0.2657 -0.9579 0.0246 0.2575 -0.9715 0.0319 0.2486 -0.9858 0.0385 0.2405 -0.9748 0.0249 0.2555
202.0 -1.0103 0.0126 0.2645 -0.8972 0.045 0.2426 -0.8976 0.0523 0.2352 -0.912 0.0692 0.2164 -0.9285 0.0725 0.2114 -0.9537 0.0661 0.2155 -0.943 0.0199 0.2638 -0.9556 0.0267 0.2555 -0.9691 0.0334 0.2473 -0.9834 0.0395 0.2397 -0.9723 0.0264 0.2542
203.0 -1.0127 0.0111 0.2659 -0.9042 0.0343 0.2529 -0.894 0.0466 0.2413 -0.9083 0.0679 0.2181 -0.9264 0.071 0.2132 -0.9528 0.0656 0.2161 -0.9464 0.0194 0.2639 -0.9573 0.0265 0.2556 -0.97 0.0333 0.2473 -0.9842 0.0393 0.2398 -0.9741 0.0259 0.2545
204.0 -1.0094 0.0121 0.2651 -0.9046 0.0367 0.2504 -0.8952 0.0483 0.2394 -0.9089 0.0666 0.2194 -0.9262 0.0698 0.2144 -0.9507 0.064 0.2179 -0.9429 0.0193 0.2644 -0.9548 0.0268 0.2555 -0.9665 0.0338 0.2472 -0.9789 0.0388 0.2408 -0.9705 0.0262 0.2546
205.0 -1.0113 0.0131 0.2639 -0.9105 0.0304 0.2563 -0.8942 0.0429 0.245 -0.9043 0.0599 0.2267 -0.9231 0.0671 0.2174 -0.9485 0.0613 0.2209 -0.9479 0.018 0.2652 -0.9556 0.0267 0.2555 -0.9657 0.0339 0.2472 -0.9763 0.0392 0.2407 -0.9714 0.0262 0.2545
206.0 -1.0147 0.0126 0.2641 -0.9028 0.0363 0.251 -0.8936 0.0442 0.2438 -0.9061 0.0603 0.2261 -0.9254 0.065 0.2194 -0.9475 0.0559 0.2265 -0.9452 0.0177 0.2657 -0.9556 0.0267 0.2555 -0.9664 0.0332 0.2478 -0.9777 0.0372 0.2426 -0.9719 0.0255 0.2552
207.0 -1.0174 0.0129 0.2635 -0.905 0.0342 0.2529 -0.8932 0.0419 0.2462 -0.9051 0.0549 0.2317 -0.921 0.0601 0.2248 -0.9394 0.0594 0.2237 -0.946 0.017 0.2664 -0.9554 0.0255 0.2568 -0.9645 0.0322 0.249 -0.974 0.0364 0.2437 -0.9715 0.0248 0.2559
208.0 -1.0198 0.0113 0.2649 -0.9006 0.039 0.2484 -0.8929 0.0401 0.2481 -0.9043 0.0452 0.2417 -0.9192 0.0451 0.2404 -0.9385 0.0443 0.2392 -0.9441 0.0161 0.2676 -0.9527 0.0204 0.2623 -0.9624 0.0252 0.2564 -0.9719 0.0294 0.2512 -0.9702 0.0205 0.2605
209.0 -1.0225 0.0116 0.2644 -0.9023 0.0388 0.2485 -0.8944 0.0386 0.2494 -0.9054 0.0414 0.2455 -0.9219 0.0404 0.2449 -0.9411 0.0391 0.2443 -0.944 0.0155 0.2682 -0.9543 0.019 0.2636 -0.9646 0.0231 0.2584 -0.9742 0.0273 0.2531 -0.9719 0.0193 0.2615
210.0 -1.0269 0.0116 0.2639 -0.9065 0.0327 0.2542 -0.8952 0.0385 0.2494 -0.9026 0.0406 0.2466 -0.9168 0.0411 0.2447 -0.9398 0.0368 0.2468 -0.9501 0.0152 0.2678 -0.9587 0.019 0.2631 -0.9672 0.0227 0.2585 -0.9758 0.0264 0.2538 -0.9757 0.019 0.2614
211.0 -1.0189 0.0115 0.2648 -0.9051 0.0299 0.2573 -0.8967 0.042 0.2457 -0.9075 0.0436 0.243 -0.921 0.0399 0.2454 -0.9396 0.0356 0.248 -0.9491 0.0197 0.2634 -0.9567 0.0229 0.2593 -0.9651 0.0254 0.2559 -0.9733 0.0274 0.2531 -0.9726 0.0214 0.2593
212.0 -1.0392 0.0069 0.2675 -0.9163 0.0235 0.2627 -0.9065 0.0327 0.2542 -0.9171 0.038 0.2478 -0.9343 0.0357 0.2485 -0.9553 0.0347 0.2474 -0.9602 0.0078 0.2744 -0.9694 0.0151 0.2661 -0.9792 0.0205 0.2596 -0.9897 0.0252 0.2537 -0.9875 0.0151 0.2643
213.0 -1.04 0.0062 0.2682 -0.9178 0.022 0.2641 -0.9075 0.0332 0.2537 -0.9161 0.0369 0.249 -0.9324 0.0347 0.2496 -0.9525 0.0339 0.2485 -0.9616 0.0106 0.2714 -0.969 0.0176 0.2635 -0.9777 0.0225 0.2576 -0.9872 0.0261 0.253 -0.9871 0.0166 0.2627
214.0 -1.0398 0.005 0.2694 -0.9188 0.0225 0.2635 -0.9086 0.0294 0.2575 -0.92 0.0395 0.246 -0.9421 0.0347 0.2488 -0.9625 0.0362 0.2452 -0.962 0.0081 0.2739 -0.9713 0.016 0.2649 -0.9811 0.0214 0.2584 -0.9906 0.0257 0.2531 -0.989 0.0152 0.2639
215.0 -1.0372 0.0053 0.2693 -0.9205 0.0223 0.2635 -0.9143 0.0317 0.2545 -0.9266 0.0367 0.2482 -0.9547 0.0262 0.2561 -0.9736 0.0292 0.2512 -0.9627 0.0117 0.2702 -0.971 0.0191 0.2617 -0.9806 0.0239 0.2559 -0.9907 0.0263 0.2525 -0.9884 0.0173 0.2619
216.0 -1.0378 0.004 0.2706 -0.9224 0.0227 0.263 -0.9152 0.0322 0.254 -0.9438 0.0344 0.2488 -0.972 0.0251 0.2555 -0.9841 0.0284 0.251 -0.9631 0.0092 0.2727 -0.9723 0.0165 0.2643 -0.982 0.0219 0.2578 -0.9915 0.0255 0.2532 -0.9894 0.0154 0.2637
217.0 -1.0449 0.0043 0.2696 -0.9207 0.0235 0.2623 -0.9167 0.0307 0.2553 -0.9314 0.0343 0.2502 -0.9552 0.0243 0.258 -0.9725 0.0275 0.2531 -0.9665 0.0087 0.2728 -0.9767 0.0165 0.2638 -0.9863 0.0213 0.258 -0.9966 0.0248 0.2534 -0.9942 0.0151 0.2635
218.0 -1.0485 0.0044 0.2691 -0.9245 0.0199 0.2656 -0.9206 0.0327 0.2529 -0.9304 0.0332 0.2514 -0.9515 0.0236 0.2591 -0.968 0.0269 0.2541 -0.9702 0.0144 0.2667 -0.9786 0.0224 0.2577 -0.988 0.026 0.253 -0.9962 0.0273 0.2509 -0.9963 0.0189 0.2595
219.0 -1.0508 0.0029 0.2705 -0.9295 0.018 0.267 -0.9224 0.0281 0.2574 -0.937 0.0311 0.2529 -0.9653 0.0217 0.2596 -0.9811 0.0263 0.2534 -0.9716 0.0075 0.2736 -0.98 0.0155 0.2646 -0.9898 0.0209 0.2581 -0.9991 0.0239 0.2541 -0.9983 0.0141 0.2642
220.0 -1.0582 -0.0006 0.2732 -0.9328 0.017 0.2678 -0.9228 0.025 0.2605 -0.936 0.0355 0.2485 -0.9556 0.0316 0.2505 -0.9745 0.0339 0.2463 -0.9776 0.0018 0.2789 -0.9869 0.0097 0.2699 -0.9976 0.0155 0.2628 -1.008 0.0196 0.2576 -1.0057 0.0092 0.2685
221.0 -1.0651 -0.0009 0.2729 -0.932 0.0177 0.2671 -0.9282 0.0206 0.2645 -0.94 0.0331 0.2506 -0.9557 0.0322 0.2499 -0.9709 0.0338 0.2468 -0.9804 0.0026 0.2777 -0.9906 0.0104 0.2687 -1.0012 0.0157 0.2623 -1.0122 0.0185 0.2583 -1.0099 0.0092 0.268
222.0 -1.0716 -0.0042 0.2756 -0.9438 0.0143 0.2694 -0.9309 0.0215 0.2633 -0.9425 0.0322 0.2513 -0.9579 0.035 0.2469 -0.9758 0.0362 0.2438 -0.9884 -0.0021 0.2818 -0.9984 0.0051 0.2734 -1.0082 0.0105 0.2669 -1.017 0.0154 0.261 -1.0167 0.0049 0.2718
223.0 -1.0722 -0.0055 0.2769 -0.9503 0.0115 0.2716 -0.935 0.0197 0.2647 -0.9452 0.0324 0.2507 -0.9624 0.0356 0.2458 -0.9854 0.0361 0.2429 -0.9939 -0.0059 0.2851 -1.0015 0.0022 0.276 -1.0114 0.0088 0.2683 -1.022 0.0141 0.2618 -1.0202 0.0027 0.2736
224.0 -1.079 -0.007 0.2778 -0.9566 0.0125 0.2699 -0.9393 0.0191 0.2649 -0.9519 0.0309 0.2516 -0.9674 0.0337 0.2472 -0.9864 0.0317 0.2474 -0.9998 -0.0073 0.286 -1.0081 8.046e-05 0.2775 -1.0171 0.0062 0.2704 -1.0277 0.0115 0.2639 -1.0264 0.0007 0.2751
225.0 -1.1073 -0.0115 0.2795 -0.9851 0.0044 0.2754 -0.9628 0.0123 0.2695 -0.9752 0.0229 0.2575 -0.9923 0.0254 0.2532 -1.0152 0.0254 0.251 -1.0235 -0.0124 0.2888 -1.0319 -0.005 0.2803 -1.0418 0.0016 0.2726 -1.0516 0.007 0.2661 -1.0512 -0.004 0.2775
226.0 -1.1082 -0.011 0.2789 -0.9926 0.0016 0.2776 -0.9713 0.0106 0.2705 -0.9814 0.0232 0.2565 -0.9985 0.0252 0.2528 -1.0205 0.0253 0.2505 -1.0248 -0.0101 0.2863 -1.0324 -0.002 0.2772 -1.0425 0.0052 0.2689 -1.0537 0.0092 0.2637 -1.0523 -0.0017 0.275
227.0 -1.1074 -0.0109 0.2789 -0.997 0.0016 0.2771 -0.9754 0.0094 0.2713 -0.9873 0.0218 0.2574 -1.0036 0.0245 0.253 -1.0252 0.0222 0.2532 -1.0276 -0.0093 0.2852 -1.0344 -0.0004 0.2754 -1.0445 0.0068 0.2671 -1.0549 0.0109 0.2619 -1.0538 -0.0006 0.2737
228.0 -1.1234 -0.0149 0.2814 -1.0071 -0.001 0.2788 -0.9834 0.0095 0.2703 -0.9933 0.021 0.2576 -1.0111 0.0223 0.2546 -1.0363 0.0201 0.2543 -1.0366 -0.0129 0.288 -1.045 -0.0055 0.2796 -1.0558 0.001 0.2719 -1.068 0.0054 0.2661 -1.0658 -0.0054 0.2774
229.0 -1.1371 -0.0167 0.2819 -1.0192 -0.002 0.2786 -0.9931 0.0046 0.2745 -1.0 0.0189 0.2591 -1.0163 0.0216 0.2548 -1.0426 0.0211 0.2527 -1.0516 -0.018 0.2917 -1.0583 -0.0097 0.2826 -1.0675 -0.0024 0.2742 -1.0783 0.004 0.2665 -1.0786 -0.0086 0.2794
230.0 -1.1482 -0.0188 0.283 -1.029 -0.0015 0.2771 -0.9998 0.003 0.2754 -1.004 0.0165 0.2611 -1.0203 0.0192 0.2568 -1.0479 0.0161 0.2572 -1.0644 -0.0203 0.2928 -1.0709 -0.0133 0.285 -1.0791 -0.0064 0.2772 -1.0882 0.0003 0.2694 -1.0902 -0.0117 0.2815
231.0 -1.155 -0.0204 0.2839 -1.0379 -0.0058 0.2806 -1.0075 0.0014 0.2763 -1.0149 0.0138 0.2628 -1.029 0.0186 0.2565 -1.051 0.0187 0.2542 -1.0702 -0.0223 0.2943 -1.0769 -0.0141 0.2852 -1.0845 -0.006 0.2761 -1.0936 0.0008 0.2684 -1.096 -0.0124 0.2816
232.0 -1.1661 -0.0219 0.2843 -1.0514 -0.0088 0.2823 -1.0221 -0.0006 0.2768 -1.0298 0.013 0.2621 -1.0436 0.0167 0.2571 -1.0636 0.0152 0.2566 -1.0816 -0.0227 0.2935 -1.0876 -0.0131 0.2831 -1.096 -0.0057 0.2747 -1.105 0.0004 0.2676 -1.1073 -0.0126 0.2806
233.0 -1.1946 -0.03 0.2898 -1.0897 -0.0164 0.2863 -1.0515 -0.0082 0.2817 -1.0565 0.0052 0.2676 -1.0727 0.0072 0.2638 -1.0938 0.0068 0.2621 -1.1185 -0.0325 0.2999 -1.1236 -0.0235 0.2901 -1.1294 -0.0157 0.2816 -1.1375 -0.0094 0.2744 -1.1407 -0.0222 0.2872
234.0 -1.1998 -0.0307 0.29 -1.0973 -0.0181 0.2872 -1.0599 -0.0106 0.2833 -1.066 0.0039 0.2679 -1.0814 0.0067 0.2635 -1.1034 0.0068 0.2613 -1.122 -0.033 0.3001 -1.1271 -0.0239 0.2903 -1.1339 -0.0151 0.2805 -1.1428 -0.0095 0.274 -1.1451 -0.0224 0.287
235.0 -1.2026 -0.0298 0.2888 -1.1001 -0.0172 0.2861 -1.067 -0.0103 0.2823 -1.0728 0.0029 0.2682 -1.0883 0.0058 0.2638 -1.1094 0.0059 0.2615 -1.1263 -0.0336 0.3002 -1.1307 -0.0232 0.2892 -1.1383 -0.015 0.2801 -1.1463 -0.0094 0.2735 -1.1488 -0.0222 0.2864
236.0 -1.2026 -0.0298 0.2888 -1.1105 -0.018 0.2859 -1.0756 -0.0115 0.2827 -1.0808 0.0031 0.2672 -1.0954 0.006 0.2628 -1.1137 0.0054 0.2617 -1.1291 -0.0327 0.2991 -1.1328 -0.0216 0.2874 -1.1395 -0.0134 0.2783 -1.1475 -0.0077 0.2717 -1.1503 -0.0211 0.2851
237.0 -1.2017 -0.0297 0.2888 -1.1131 -0.0184 0.286 -1.0818 -0.0111 0.2817 -1.087 0.0035 0.2662 -1.1024 0.0057 0.2625 -1.1216 0.0049 0.2613 -1.1295 -0.0303 0.2966 -1.135 -0.0189 0.2843 -1.1426 -0.0107 0.2753 -1.1514 -0.0058 0.2694 -1.152 -0.0191 0.2829
238.0 -1.2303 -0.0324 0.2887 -1.1321 -0.0203 0.2861 -1.0912 -0.013 0.2826 -1.099 0.0019 0.2667 -1.1136 0.0048 0.2623 -1.132 0.0041 0.2611 -1.1532 -0.0354 0.2994 -1.1574 -0.0268 0.2902 -1.1632 -0.0184 0.2811 -1.172 -0.0135 0.2752 -1.1752 -0.0253 0.2869
239.0 -1.2407 -0.0331 0.2884 -1.1443 -0.0208 0.2853 -1.1015 -0.0144 0.283 -1.1095 0.0011 0.2665 -1.1239 0.0034 0.2627 -1.1423 0.0027 0.2615 -1.1655 -0.0358 0.2986 -1.1686 -0.0277 0.29 -1.1753 -0.02 0.2815 -1.1834 -0.0138 0.2743 -1.1867 -0.0261 0.2866
240.0 -1.2445 -0.0318 0.2867 -1.1549 -0.0209 0.2845 -1.1103 -0.0143 0.2821 -1.1165 0.0013 0.2655 -1.1303 0.0044 0.261 -1.1514 0.0046 0.2587 -1.1717 -0.0354 0.2976 -1.1751 -0.0261 0.2878 -1.1809 -0.0178 0.2786 -1.1898 -0.0122 0.2721 -1.1924 -0.0247 0.2846
241.0 -1.2541 -0.0319 0.2858 -1.1644 -0.0216 0.2842 -1.1207 -0.0151 0.2819 -1.126 4.969e-05 0.2659 -1.1389 0.0032 0.2614 -1.1584 0.0042 0.2584 -1.1823 -0.035 0.2962 -1.1846 -0.0268 0.2875 -1.1903 -0.0196 0.2796 -1.1983 -0.014 0.273 -1.2019 -0.0255 0.2844
242.0 -1.2862 -0.0344 0.2852 -1.2005 -0.0216 0.2806 -1.1541 -0.0153 0.2788 -1.1575 -0.0011 0.264 -1.1713 0.0025 0.2589 -1.1933 0.0026 0.2566 -1.2154 -0.0371 0.2949 -1.2186 -0.0289 0.2863 -1.2234 -0.0216 0.2784 -1.2315 -0.0154 0.2712 -1.235 -0.0275 0.2832
243.0 -1.2916 -0.0339 0.2842 -1.2075 -0.0219 0.2803 -1.1609 -0.0169 0.2797 -1.1652 -0.0022 0.2643 -1.1784 0.0028 0.2579 -1.2005 0.0034 0.255 -1.2206 -0.0372 0.2945 -1.2231 -0.0283 0.2853 -1.2279 -0.021 0.2773 -1.236 -0.0148 0.2701 -1.2398 -0.027 0.2823
244.0 -1.2959 -0.0345 0.2843 -1.2107 -0.0236 0.2816 -1.1689 -0.0161 0.2782 -1.1715 -0.0012 0.2626 -1.1855 0.003 0.2569 -1.2075 0.0031 0.2547 -1.225 -0.0371 0.2941 -1.2276 -0.0277 0.2842 -1.2333 -0.0199 0.2757 -1.2414 -0.0143 0.2691 -1.2446 -0.0267 0.2815
245.0 -1.3181 -0.0381 0.2858 -1.2304 -0.0269 0.283 -1.1843 -0.0188 0.2794 -1.1878 -0.004 0.2639 -1.2007 -0.0003 0.2588 -1.22 -0.0004 0.257 -1.2447 -0.0404 0.2955 -1.248 -0.0317 0.2862 -1.2538 -0.0239 0.2777 -1.2609 -0.0182 0.2711 -1.2651 -0.0305 0.2833
246.0 -1.325 -0.039 0.2861 -1.2381 -0.0279 0.2833 -1.1903 -0.0196 0.2796 -1.1928 -0.0053 0.2647 -1.2057 -0.0022 0.2602 -1.2251 -0.0017 0.2579 -1.2515 -0.0419 0.2963 -1.254 -0.0325 0.2864 -1.2598 -0.0247 0.2779 -1.2669 -0.019 0.2713 -1.2714 -0.0314 0.2836
247.0 -1.3328 -0.0395 0.2858 -1.2422 -0.0297 0.2847 -1.1954 -0.0203 0.2798 -1.1998 -0.0056 0.2644 -1.2132 -0.0044 0.2618 -1.2302 -0.003 0.2587 -1.2576 -0.0421 0.296 -1.261 -0.0328 0.2861 -1.2659 -0.0249 0.2775 -1.2712 -0.0196 0.2715 -1.2777 -0.0318 0.2834
248.0 -1.3439 -0.0416 0.2868 -1.254 -0.0325 0.2864 -1.2053 -0.0241 0.2827 -1.2063 -0.0084 0.2665 -1.2192 -0.0052 0.262 -1.2395 -0.0049 0.2597 -1.2677 -0.0447 0.2976 -1.2701 -0.0359 0.2883 -1.2759 -0.0281 0.2798 -1.2823 -0.0217 0.2726 -1.288 -0.0344 0.285
249.0 -1.3493 -0.0411 0.2858 -1.2619 -0.0329 0.2861 -1.2113 -0.0255 0.2835 -1.2139 -0.0106 0.268 -1.226 -0.0067 0.2629 -1.2457 -0.0045 0.2586 -1.2747 -0.0451 0.2972 -1.2754 -0.036 0.2879 -1.2794 -0.028 0.2793 -1.2858 -0.0215 0.2721 -1.2929 -0.0343 0.2845
250.0 -1.3535 -0.0423 0.2866 -1.2686 -0.0345 0.287 -1.2197 -0.0273 0.2845 -1.2217 -0.011 0.2677 -1.2355 -0.0074 0.2626 -1.2552 -0.0058 0.259 -1.2807 -0.0459 0.2975 -1.2832 -0.0364 0.2876 -1.289 -0.0287 0.2791 -1.2953 -0.0228 0.2724 -1.3003 -0.0352 0.2846
251.0 -1.3552 -0.0425 0.2866 -1.2765 -0.0349 0.2867 -1.2275 -0.0283 0.2848 -1.2292 -0.0133 0.2693 -1.2424 -0.0083 0.2629 -1.2621 -0.0067 0.2593 -1.2866 -0.0473 0.2983 -1.2891 -0.0379 0.2884 -1.294 -0.03 0.2799 -1.3004 -0.0241 0.2733 -1.3051 -0.0363 0.2853
252.0 -1.3509 -0.0419 0.2865 -1.2772 -0.0356 0.2873 -1.2354 -0.0282 0.2839 -1.2362 -0.0136 0.2689 -1.2484 -0.0091 0.2631 -1.2699 -0.0072 0.259 -1.2893 -0.047 0.2978 -1.2918 -0.0376 0.2879 -1.2968 -0.0291 0.2787 -1.3041 -0.0228 0.2715 -1.3066 -0.0357 0.2845
253.0 -1.3682 -0.0436 0.2865 -1.2884 -0.0371 0.2878 -1.2423 -0.0291 0.2841 -1.2442 -0.0135 0.268 -1.2561 -0.0108 0.264 -1.2774 -0.0094 0.2605 -1.3004 -0.0491 0.2989 -1.3029 -0.0397 0.289 -1.3087 -0.0319 0.2804 -1.3151 -0.0255 0.2732 -1.319 -0.038 0.2856
254.0 -1.3706 -0.0452 0.2878 -1.297 -0.0383 0.2881 -1.2476 -0.0292 0.2837 -1.2501 -0.0149 0.2688 -1.2622 -0.011 0.2637 -1.2827 -0.0095 0.2601 -1.3055 -0.0498 0.2991 -1.3072 -0.0403 0.2891 -1.313 -0.0325 0.2806 -1.3195 -0.0255 0.2727 -1.3231 -0.0387 0.2859
255.0 -1.3758 -0.0453 0.2874 -1.3021 -0.039 0.2883 -1.2538 -0.0288 0.2827 -1.2562 -0.0151 0.2684 -1.2682 -0.0118 0.2639 -1.2886 -0.0109 0.2609 -1.3131 -0.0515 0.3 -1.314 -0.0418 0.29 -1.319 -0.0333 0.2808 -1.3255 -0.0263 0.273 -1.3295 -0.0396 0.2863
256.0 -1.3712 -0.0465 0.2891 -1.3078 -0.0416 0.2904 -1.2613 -0.031 0.2842 -1.262 -0.0171 0.2699 -1.2726 -0.0118 0.2634 -1.2929 -0.0115 0.2611 -1.3165 -0.0525 0.3007 -1.3173 -0.0429 0.2908 -1.3223 -0.0344 0.2816 -1.3288 -0.0273 0.2737 -1.3312 -0.0407 0.2872
257.0 -1.3876 -0.0481 0.2891 -1.3121 -0.0422 0.2906 -1.2672 -0.0325 0.2851 -1.2681 -0.0173 0.2695 -1.2801 -0.014 0.265 -1.3014 -0.0132 0.2621 -1.3234 -0.0535 0.301 -1.325 -0.0439 0.2911 -1.3308 -0.0361 0.2826 -1.3382 -0.0292 0.2747 -1.341 -0.0422 0.2877
258.0 -1.3758 -0.0502 0.2924 -1.3187 -0.0449 0.2927 -1.273 -0.0345 0.2866 -1.273 -0.0198 0.2716 -1.2844 -0.0146 0.2651 -1.3062 -0.0157 0.2641 -1.3249 -0.0549 0.3023 -1.3265 -0.0453 0.2924 -1.3313 -0.0381 0.2844 -1.3387 -0.0311 0.2766 -1.3395 -0.0439 0.2896
259.0 -1.3828 -0.0505 0.2921 -1.3193 -0.0462 0.294 -1.2782 -0.0352 0.2868 -1.2788 -0.0218 0.273 -1.2902 -0.0166 0.2666 -1.3105 -0.0163 0.2643 -1.33 -0.0556 0.3025 -1.3326 -0.0462 0.2926 -1.3375 -0.0383 0.2841 -1.344 -0.0312 0.2762 -1.3454 -0.0443 0.2895
260.0 -1.3869 -0.0523 0.2935 -1.3262 -0.0471 0.2942 -1.2834 -0.0353 0.2863 -1.284 -0.0219 0.2726 -1.2945 -0.0172 0.2668 -1.3157 -0.017 0.2645 -1.3341 -0.0574 0.3039 -1.3359 -0.0472 0.2934 -1.3408 -0.0393 0.2848 -1.3482 -0.0324 0.277 -1.3492 -0.0457 0.2905
261.0 -1.3895 -0.0526 0.2936 -1.3313 -0.0484 0.2951 -1.2874 -0.0376 0.2884 -1.2883 -0.0225 0.2728 -1.2988 -0.0178 0.267 -1.3207 -0.0183 0.2653 -1.3393 -0.0581 0.3041 -1.341 -0.0479 0.2936 -1.3459 -0.04 0.285 -1.3532 -0.0337 0.2778 -1.3538 -0.0465 0.2908
262.0 -1.4078 -0.0533 0.2924 -1.3374 -0.0486 0.2947 -1.2909 -0.0381 0.2885 -1.2927 -0.0225 0.2723 -1.3048 -0.0186 0.2672 -1.3251 -0.0183 0.2648 -1.346 -0.0596 0.305 -1.3478 -0.0494 0.2945 -1.3527 -0.0415 0.2859 -1.3602 -0.034 0.2774 -1.3629 -0.0476 0.291
263.0 -1.4048 -0.0553 0.2948 -1.3404 -0.0515 0.2973 -1.296 -0.0388 0.2887 -1.2978 -0.0237 0.2732 -1.3083 -0.0191 0.2673 -1.3294 -0.0189 0.265 -1.3479 -0.0592 0.3044 -1.3495 -0.0497 0.2945 -1.3562 -0.042 0.286 -1.3645 -0.0346 0.2776 -1.3646 -0.0482 0.2915
263.0 -1.4048 -0.0553 0.2948 -1.3404 -0.0515 0.2973 -1.296 -0.0388 0.2887 -1.2978 -0.0237 0.2732 -1.3083 -0.0191 0.2673 -1.3294 -0.0189 0.265 -1.3479 -0.0592 0.3044 -1.3495 -0.0497 0.2945 -1.3562 -0.042 0.286 -1.3645 -0.0346 0.2776 -1.3646 -0.0482 0.2915
263.0 -1.4048 -0.0553 0.2948 -1.3404 -0.0515 0.2973 -1.296 -0.0388 0.2887 -1.2978 -0.0237 0.2732 -1.3083 -0.0191 0.2673 -1.3294 -0.0189 0.265 -1.3479 -0.0592 0.3044 -1.3495 -0.0497 0.2945 -1.3562 -0.042 0.286 -1.3645 -0.0346 0.2776 -1.3646 -0.0482 0.2915
266.0 -1.4581 -0.0576 0.2919 -1.3669 -0.0557 0.2989 -1.326 -0.0434 0.2905 -1.3245 -0.0267 0.2736 -1.335 -0.0221 0.2677 -1.3573 -0.0202 0.2636 -1.3856 -0.0649 0.3065 -1.3882 -0.0549 0.296 -1.3942 -0.0459 0.2863 -1.4027 -0.0373 0.2766 -1.4058 -0.0521 0.2915
267.0 -1.4642 -0.0578 0.2915 -1.3735 -0.0584 0.3011 -1.3294 -0.0439 0.2906 -1.3287 -0.0279 0.2744 -1.3383 -0.0231 0.2685 -1.3616 -0.0208 0.2638 -1.3875 -0.064 0.3054 -1.3902 -0.0533 0.2942 -1.3962 -0.0444 0.2845 -1.4046 -0.0363 0.2754 -1.4086 -0.0512 0.2902
268.0 -1.4676 -0.0589 0.2922 -1.3749 -0.0555 0.298 -1.3329 -0.0444 0.2908 -1.3314 -0.0277 0.2738 -1.3426 -0.0237 0.2687 -1.3653 -0.02 0.2627 -1.3933 -0.066 0.3068 -1.3952 -0.0552 0.2957 -1.4012 -0.0463 0.2859 -1.4097 -0.0376 0.2762 -1.4134 -0.0528 0.2914
269.0 -1.4693 -0.0591 0.2923 -1.3803 -0.0599 0.302 -1.3362 -0.0454 0.2915 -1.3338 -0.0292 0.2752 -1.3453 -0.0234 0.2681 -1.3678 -0.021 0.2634 -1.3961 -0.0651 0.3057 -1.398 -0.0544 0.2945 -1.4039 -0.0454 0.2848 -1.4124 -0.0374 0.2757 -1.4159 -0.0523 0.2906
270.0 -1.4763 -0.0594 0.2919 -1.3863 -0.0607 0.3022 -1.3394 -0.0471 0.2929 -1.3361 -0.0308 0.2765 -1.3467 -0.0255 0.2701 -1.3709 -0.0232 0.2654 -1.3993 -0.0668 0.3071 -1.4003 -0.0559 0.2959 -1.4063 -0.047 0.2861 -1.4156 -0.039 0.2771 -1.4196 -0.0536 0.2916
271.0 -1.4751 -0.0611 0.2938 -1.3879 -0.0616 0.3029 -1.3417 -0.0492 0.2948 -1.3385 -0.0323 0.2779 -1.35 -0.0271 0.2714 -1.3732 -0.0248 0.2667 -1.4008 -0.0682 0.3084 -1.4027 -0.0575 0.2972 -1.4087 -0.0485 0.2874 -1.418 -0.0406 0.2784 -1.4211 -0.0552 0.293
272.0 -1.4766 -0.0625 0.2951 -1.3894 -0.063 0.3042 -1.3432 -0.0506 0.2962 -1.3409 -0.0338 0.2792 -1.3514 -0.0292 0.2734 -1.3745 -0.0274 0.2693 -1.4033 -0.0691 0.3091 -1.4042 -0.0589 0.2985 -1.4102 -0.0499 0.2888 -1.4194 -0.0426 0.2804 -1.4227 -0.0566 0.2944
273.0 -1.4826 -0.0634 0.2953 -1.39 -0.0649 0.3061 -1.343 -0.0518 0.2974 -1.3413 -0.0363 0.2817 -1.3527 -0.0318 0.2759 -1.376 -0.0294 0.2712 -1.4048 -0.0706 0.3104 -1.4065 -0.061 0.3005 -1.4125 -0.0521 0.2907 -1.4208 -0.0446 0.2823 -1.4254 -0.0583 0.2958
274.0 -1.4807 -0.0643 0.2965 -1.3904 -0.0674 0.3086 -1.3443 -0.0545 0.2999 -1.342 -0.0377 0.283 -1.3533 -0.0331 0.2772 -1.3757 -0.0306 0.2724 -1.4045 -0.0724 0.3123 -1.4071 -0.0623 0.3018 -1.413 -0.054 0.2926 -1.4213 -0.0465 0.2842 -1.4253 -0.0599 0.2975
275.0 -1.478 -0.0646 0.297 -1.3894 -0.0679 0.3092 -1.3432 -0.0555 0.3011 -1.3418 -0.0388 0.2842 -1.3531 -0.0343 0.2784 -1.3755 -0.0318 0.2737 -1.4045 -0.0724 0.3123 -1.4063 -0.0622 0.3017 -1.4121 -0.0538 0.2926 -1.4196 -0.0463 0.2841 -1.4241 -0.0599 0.2975
276.0 -1.4797 -0.0648 0.2971 -1.3912 -0.0681 0.3093 -1.3447 -0.057 0.3025 -1.3424 -0.0402 0.2855 -1.3539 -0.035 0.2791 -1.3757 -0.0306 0.2724 -1.4052 -0.0731 0.3129 -1.407 -0.0629 0.3024 -1.4129 -0.0546 0.2932 -1.4222 -0.0467 0.2842 -1.4254 -0.0604 0.298
277.0 -1.4779 -0.0652 0.2976 -1.3884 -0.069 0.3104 -1.3439 -0.0568 0.3024 -1.3425 -0.0396 0.2849 -1.354 -0.0344 0.2785 -1.3756 -0.0312 0.2731 -1.4035 -0.0728 0.3129 -1.4062 -0.0628 0.3023 -1.4121 -0.0538 0.2926 -1.4213 -0.0465 0.2842 -1.4242 -0.0602 0.2979
278.0 -1.4806 -0.0649 0.2971 -1.3892 -0.0691 0.3104 -1.3431 -0.0561 0.3018 -1.3416 -0.0394 0.2848 -1.3539 -0.035 0.2791 -1.3755 -0.0318 0.2737 -1.4051 -0.0737 0.3135 -1.4069 -0.0635 0.303 -1.4129 -0.0546 0.2932 -1.4212 -0.0471 0.2848 -1.4254 -0.0608 0.2983
279.0 -1.4707 -0.066 0.2992 -1.3854 -0.0661 0.3078 -1.3448 -0.0564 0.3018 -1.3424 -0.0402 0.2855 -1.354 -0.0344 0.2785 -1.3765 -0.0313 0.2731 -1.4015 -0.0744 0.3146 -1.4042 -0.0638 0.3035 -1.4102 -0.0548 0.2938 -1.4187 -0.0468 0.2847 -1.4211 -0.0612 0.2992
280.0 -1.4734 -0.0658 0.2987 -1.3875 -0.0688 0.3104 -1.3447 -0.057 0.3025 -1.3424 -0.0402 0.2855 -1.3539 -0.035 0.2791 -1.3756 -0.0312 0.2731 -1.4026 -0.0733 0.3134 -1.4052 -0.0633 0.3029 -1.4112 -0.0543 0.2932 -1.4204 -0.047 0.2848 -1.4225 -0.0607 0.2986
281.0 -1.4726 -0.0651 0.298 -1.3875 -0.0688 0.3104 -1.3441 -0.0557 0.3012 -1.3416 -0.0394 0.2848 -1.354 -0.0344 0.2785 -1.3755 -0.0318 0.2737 -1.4034 -0.0734 0.3135 -1.4052 -0.0633 0.3029 -1.4111 -0.0549 0.2938 -1.4204 -0.047 0.2848 -1.4225 -0.0607 0.2986
282.0 -1.4718 -0.0649 0.298 -1.3893 -0.0685 0.3098 -1.3452 -0.0546 0.3 -1.3425 -0.0396 0.2849 -1.3547 -0.0351 0.2791 -1.3754 -0.0324 0.2743 -1.4035 -0.0728 0.3129 -1.4052 -0.0633 0.3029 -1.4111 -0.0549 0.2938 -1.4203 -0.0476 0.2854 -1.4224 -0.0607 0.2986
283.0 -1.4736 -0.0646 0.2975 -1.387 -0.0669 0.3085 -1.3444 -0.0539 0.2993 -1.3426 -0.039 0.2843 -1.3541 -0.0338 0.2778 -1.3746 -0.0323 0.2743 -1.4034 -0.0734 0.3135 -1.4052 -0.0633 0.3029 -1.4111 -0.0549 0.2938 -1.4195 -0.0469 0.2847 -1.4226 -0.0606 0.2985
284.0 -1.478 -0.0646 0.297 -1.3878 -0.0671 0.3085 -1.3445 -0.0533 0.2987 -1.342 -0.0377 0.283 -1.3532 -0.0337 0.2778 -1.3755 -0.0318 0.2737 -1.4045 -0.0724 0.3123 -1.407 -0.0629 0.3024 -1.412 -0.0544 0.2932 -1.4203 -0.0476 0.2854 -1.4244 -0.0604 0.298
285.0 -1.4711 -0.0636 0.2967 -1.3889 -0.066 0.3073 -1.3456 -0.0522 0.2975 -1.342 -0.0377 0.283 -1.355 -0.0333 0.2772 -1.3767 -0.0301 0.2718 -1.402 -0.0714 0.3115 -1.4037 -0.0619 0.3016 -1.4087 -0.0534 0.2924 -1.4178 -0.0467 0.2847 -1.4207 -0.0594 0.2974
