1.0 -1.2978 0.0666 0.1807 -1.2465 0.0601 0.1925 -1.2075 0.0837 0.1722 -1.1981 0.0954 0.1613 -1.2044 0.1012 0.1546 -1.2195 0.1017 0.1527 -1.2469 0.0576 0.195 -1.2461 0.0681 0.1843 -1.2494 0.0768 0.1751 -1.2577 0.0837 0.1673 -1.2596 0.0706 0.1805
2.0 -1.2996 0.067 0.1802 -1.2465 0.0601 0.1925 -1.2081 0.0818 0.1741 -1.198 0.0948 0.1619 -1.2043 0.1006 0.1553 -1.2203 0.1015 0.1527 -1.2473 0.0594 0.1931 -1.2463 0.0693 0.1831 -1.2505 0.0779 0.1739 -1.2579 0.0849 0.1661 -1.2603 0.0717 0.1793
3.0 -1.297 0.0674 0.1801 -1.2465 0.0601 0.1925 -1.2073 0.0825 0.1735 -1.1974 0.0961 0.1606 -1.2036 0.1014 0.1546 -1.2203 0.1015 0.1527 -1.2488 0.058 0.1944 -1.2471 0.0686 0.1838 -1.2495 0.0774 0.1745 -1.256 0.0845 0.1666 -1.2597 0.0712 0.1799
4.0 -1.2986 0.0665 0.1808 -1.2467 0.0613 0.1912 -1.2069 0.085 0.171 -1.1981 0.0954 0.1613 -1.2053 0.1011 0.1547 -1.2219 0.1007 0.1534 -1.2463 0.0589 0.1937 -1.2463 0.0693 0.1831 -1.2504 0.0773 0.1745 -1.2578 0.0843 0.1667 -1.2599 0.0713 0.1798
5.0 -1.2976 0.0655 0.182 -1.2466 0.0607 0.1919 -1.2086 0.0848 0.171 -1.1991 0.0959 0.1607 -1.2063 0.1016 0.1541 -1.2219 0.1007 0.1534 -1.2468 0.057 0.1956 -1.247 0.068 0.1844 -1.2511 0.0766 0.1752 -1.2585 0.0836 0.1673 -1.2602 0.0701 0.1809
6.0 -1.2984 0.0653 0.182 -1.2466 0.0607 0.1919 -1.2075 0.0837 0.1722 -1.1993 0.097 0.1594 -1.2071 0.1015 0.1541 -1.223 0.1018 0.1522 -1.248 0.0587 0.1938 -1.2472 0.0692 0.1831 -1.2512 0.0772 0.1746 -1.2578 0.0843 0.1667 -1.2605 0.0709 0.18
7.0 -1.298 0.0678 0.1795 -1.2483 0.0605 0.1919 -1.2091 0.0829 0.1729 -1.1991 0.0959 0.1607 -1.2054 0.1017 0.154 -1.2213 0.102 0.1522 -1.2497 0.0585 0.1939 -1.2489 0.069 0.1832 -1.2522 0.0777 0.174 -1.2596 0.0846 0.1661 -1.2617 0.0715 0.1793
8.0 -1.2979 0.0672 0.1801 -1.2476 0.0612 0.1913 -1.2092 0.0835 0.1723 -1.1991 0.0959 0.1607 -1.2054 0.1017 0.154 -1.2229 0.1012 0.1528 -1.2481 0.0593 0.1932 -1.2481 0.0691 0.1832 -1.2514 0.0778 0.1739 -1.2596 0.0846 0.1661 -1.261 0.0716 0.1793
9.0 -1.2968 0.0662 0.1813 -1.2482 0.0599 0.1925 -1.2092 0.0835 0.1723 -1.1982 0.096 0.1606 -1.2054 0.1017 0.154 -1.2212 0.1014 0.1528 -1.2479 0.0581 0.1944 -1.2471 0.0686 0.1838 -1.2495 0.0774 0.1745 -1.2569 0.0844 0.1667 -1.2597 0.0709 0.1801
10.0 -1.2985 0.0659 0.1814 -1.2475 0.0606 0.1919 -1.207 0.0856 0.1703 -1.1991 0.0959 0.1607 -1.2054 0.1017 0.154 -1.222 0.1013 0.1528 -1.248 0.0587 0.1938 -1.2472 0.0692 0.1831 -1.2504 0.0773 0.1745 -1.2578 0.0843 0.1667 -1.2604 0.0711 0.1799
11.0 -1.2996 0.067 0.1802 -1.2473 0.0594 0.1931 -1.2077 0.0849 0.171 -1.1981 0.0954 0.1613 -1.2054 0.1017 0.154 -1.2212 0.1014 0.1528 -1.2505 0.0578 0.1945 -1.2489 0.069 0.1832 -1.2514 0.0778 0.1739 -1.2579 0.0849 0.1661 -1.2616 0.0713 0.1796
12.0 -1.2978 0.0666 0.1807 -1.2473 0.0594 0.1931 -1.2078 0.0855 0.1704 -1.1982 0.096 0.1606 -1.2062 0.101 0.1547 -1.2212 0.1014 0.1528 -1.247 0.0582 0.1944 -1.2462 0.0687 0.1837 -1.2495 0.0774 0.1745 -1.256 0.0845 0.1666 -1.2593 0.0711 0.18
13.0 -1.2996 0.067 0.1802 -1.2473 0.0594 0.1931 -1.2085 0.0842 0.1716 -1.1999 0.0951 0.1613 -1.2061 0.1004 0.1553 -1.2212 0.1014 0.1528 -1.2488 0.058 0.1944 -1.2471 0.0686 0.1838 -1.2494 0.0768 0.1751 -1.2559 0.0839 0.1672 -1.2602 0.0709 0.1801
14.0 -1.2986 0.0665 0.1808 -1.2481 0.0593 0.1932 -1.2083 0.083 0.1729 -1.2 0.0957 0.1607 -1.207 0.1009 0.1547 -1.2238 0.1011 0.1529 -1.2488 0.058 0.1944 -1.248 0.0685 0.1838 -1.2512 0.0772 0.1746 -1.2577 0.0837 0.1673 -1.2609 0.0708 0.1802
15.0 -1.2994 0.0658 0.1814 -1.2489 0.0586 0.1938 -1.2083 0.083 0.1729 -1.1989 0.0947 0.1619 -1.2061 0.1004 0.1553 -1.2227 0.1 0.1541 -1.2488 0.058 0.1944 -1.2479 0.0679 0.1844 -1.2511 0.0766 0.1752 -1.2594 0.0834 0.1674 -1.2613 0.0704 0.1806
16.0 -1.2985 0.0659 0.1814 -1.249 0.0592 0.1932 -1.2092 0.0835 0.1723 -1.2006 0.0944 0.162 -1.2069 0.1003 0.1553 -1.2211 0.1008 0.1534 -1.2495 0.0573 0.1951 -1.2487 0.0678 0.1844 -1.2511 0.0766 0.1752 -1.2577 0.0837 0.1673 -1.2611 0.0703 0.1807
17.0 -1.2995 0.0664 0.1808 -1.2507 0.059 0.1933 -1.21 0.0828 0.173 -1.1997 0.0945 0.1619 -1.2061 0.1004 0.1553 -1.2228 0.1006 0.1535 -1.2487 0.0574 0.1951 -1.248 0.0685 0.1838 -1.2511 0.0766 0.1752 -1.2586 0.0842 0.1667 -1.2612 0.0706 0.1803
18.0 -1.303 0.0666 0.1803 -1.2497 0.0585 0.1939 -1.2098 0.0816 0.1742 -1.2014 0.0937 0.1626 -1.2067 0.0991 0.1566 -1.2228 0.1006 0.1535 -1.2504 0.0572 0.1951 -1.2496 0.0677 0.1845 -1.2529 0.0764 0.1752 -1.2594 0.0834 0.1674 -1.263 0.0702 0.1805
19.0 -1.2992 0.0646 0.1827 -1.249 0.0592 0.1932 -1.2097 0.081 0.1748 -1.2006 0.0944 0.162 -1.2069 0.1003 0.1553 -1.2227 0.1 0.1541 -1.2503 0.0566 0.1957 -1.2495 0.0671 0.1851 -1.2528 0.0758 0.1759 -1.261 0.0826 0.1681 -1.2625 0.0693 0.1815
20.0 -1.3013 0.0668 0.1802 -1.2497 0.0585 0.1939 -1.2096 0.0804 0.1754 -1.2021 0.093 0.1633 -1.2068 0.0997 0.156 -1.2237 0.1005 0.1535 -1.2512 0.0571 0.1952 -1.2496 0.0677 0.1845 -1.252 0.0765 0.1752 -1.2594 0.0834 0.1674 -1.2627 0.0703 0.1805
21.0 -1.2993 0.0652 0.182 -1.2497 0.0585 0.1939 -1.2088 0.0811 0.1748 -1.2021 0.093 0.1633 -1.2078 0.1002 0.1554 -1.2238 0.1011 0.1529 -1.2518 0.0551 0.1971 -1.2502 0.0664 0.1858 -1.2527 0.0752 0.1765 -1.2601 0.0827 0.168 -1.2628 0.0689 0.1819
22.0 -1.3011 0.0656 0.1815 -1.2488 0.058 0.1944 -1.2105 0.0809 0.1749 -1.2005 0.0938 0.1626 -1.2077 0.0996 0.156 -1.2243 0.0992 0.1548 -1.2511 0.0565 0.1958 -1.2503 0.0669 0.1851 -1.2528 0.0758 0.1759 -1.261 0.0826 0.1681 -1.2633 0.0695 0.1813
23.0 -1.2993 0.0652 0.182 -1.2506 0.0584 0.1939 -1.211 0.0833 0.1724 -1.2023 0.0942 0.162 -1.2085 0.0995 0.156 -1.2234 0.0993 0.1547 -1.2503 0.0566 0.1957 -1.2495 0.0671 0.1851 -1.2527 0.0752 0.1765 -1.2592 0.0822 0.1686 -1.2622 0.0693 0.1816
24.0 -1.3021 0.0661 0.1809 -1.2506 0.0584 0.1939 -1.2098 0.0816 0.1742 -1.2022 0.0936 0.1627 -1.2077 0.0996 0.156 -1.2237 0.1005 0.1535 -1.2528 0.0562 0.1958 -1.2512 0.0668 0.1852 -1.2528 0.0758 0.1759 -1.2602 0.0833 0.1674 -1.2638 0.0696 0.181
25.0 -1.3003 0.0657 0.1814 -1.2514 0.0582 0.1939 -1.2105 0.0809 0.1749 -1.2021 0.093 0.1633 -1.2084 0.0989 0.1567 -1.2243 0.0992 0.1548 -1.2512 0.0571 0.1952 -1.2503 0.0669 0.1851 -1.2536 0.0757 0.1759 -1.2619 0.0825 0.1681 -1.2635 0.0696 0.1811
26.0 -1.3037 0.0652 0.1816 -1.2524 0.0587 0.1933 -1.2117 0.0825 0.173 -1.2031 0.0935 0.1627 -1.2092 0.0982 0.1573 -1.2227 0.1 0.1541 -1.2511 0.0565 0.1958 -1.2503 0.0669 0.1851 -1.2528 0.0758 0.1759 -1.2601 0.0827 0.168 -1.2636 0.0694 0.1813
27.0 -1.3029 0.066 0.1809 -1.2513 0.0576 0.1945 -1.2124 0.0812 0.1743 -1.2021 0.093 0.1633 -1.2076 0.099 0.1566 -1.2234 0.0993 0.1547 -1.2528 0.0562 0.1958 -1.2512 0.0668 0.1852 -1.2536 0.0757 0.1759 -1.261 0.0826 0.1681 -1.2643 0.0695 0.1812
28.0 -1.3002 0.0651 0.1821 -1.2514 0.0582 0.1939 -1.2101 0.0834 0.1723 -1.2021 0.093 0.1633 -1.2083 0.0983 0.1573 -1.2234 0.0993 0.1547 -1.2493 0.0561 0.1963 -1.2486 0.0672 0.1851 -1.2519 0.0759 0.1758 -1.2593 0.0828 0.168 -1.2618 0.0694 0.1815
29.0 -1.3009 0.0644 0.1827 -1.2514 0.0582 0.1939 -1.2116 0.0819 0.1736 -1.2022 0.0936 0.1627 -1.2093 0.0988 0.1567 -1.2243 0.0992 0.1548 -1.2494 0.0567 0.1957 -1.2486 0.0672 0.1851 -1.2519 0.0759 0.1758 -1.2592 0.0822 0.1686 -1.262 0.0693 0.1816
30.0 -1.2991 0.064 0.1833 -1.2521 0.0569 0.1952 -1.2117 0.0825 0.173 -1.203 0.0929 0.1633 -1.2092 0.0982 0.1573 -1.2234 0.0993 0.1547 -1.251 0.0559 0.1964 -1.2494 0.0665 0.1857 -1.2518 0.0753 0.1764 -1.2591 0.0816 0.1692 -1.2621 0.0687 0.1822
31.0 -1.301 0.065 0.1821 -1.2521 0.0569 0.1952 -1.2133 0.0817 0.1737 -1.203 0.0929 0.1633 -1.2092 0.0982 0.1573 -1.2243 0.0992 0.1548 -1.2528 0.0562 0.1958 -1.252 0.0667 0.1852 -1.2535 0.0751 0.1765 -1.2609 0.082 0.1687 -1.2641 0.069 0.1817
32.0 -1.2999 0.0639 0.1833 -1.2537 0.0561 0.1959 -1.2128 0.0836 0.1718 -1.2031 0.0935 0.1627 -1.21 0.098 0.1573 -1.2234 0.0993 0.1547 -1.2493 0.0561 0.1963 -1.2494 0.0665 0.1857 -1.2517 0.0747 0.1771 -1.2591 0.0816 0.1692 -1.2619 0.0686 0.1823
33.0 -1.3039 0.0664 0.1803 -1.2466 0.0558 0.1969 -1.2067 0.0789 0.1772 -1.1999 0.0902 0.1663 -1.2053 0.0962 0.1597 -1.2213 0.0971 0.1572 -1.2516 0.054 0.1983 -1.2491 0.0647 0.1876 -1.2506 0.0736 0.1783 -1.2564 0.0814 0.1698 -1.2623 0.068 0.1829
34.0 -1.3031 0.0671 0.1797 -1.2409 0.0536 0.1998 -1.2011 0.0773 0.1795 -1.1943 0.0886 0.1686 -1.1979 0.0942 0.1625 -1.21 0.098 0.1573 -1.247 0.0527 0.2 -1.2428 0.0643 0.1886 -1.2427 0.0735 0.1792 -1.2476 0.0814 0.1707 -1.2566 0.0678 0.1836
35.0 -1.295 0.0658 0.1819 -1.2348 0.0538 0.2001 -1.1966 0.0718 0.1856 -1.1829 0.084 0.1744 -1.1839 0.0894 0.1688 -1.1882 0.0937 0.164 -1.244 0.0507 0.2024 -1.2346 0.0624 0.1914 -1.2299 0.0709 0.1831 -1.2313 0.0787 0.175 -1.2469 0.0657 0.1868
36.0 -1.2858 0.0634 0.1853 -1.2181 0.0536 0.202 -1.1781 0.0712 0.188 -1.1703 0.082 0.1777 -1.1738 0.0871 0.1722 -1.1822 0.0896 0.1688 -1.2315 0.0499 0.2044 -1.2257 0.0617 0.1929 -1.2244 0.0698 0.1848 -1.2266 0.0769 0.1773 -1.2388 0.0644 0.1889
37.0 -1.2675 0.0597 0.1908 -1.2022 0.0533 0.2039 -1.1599 0.073 0.1879 -1.1532 0.0801 0.1814 -1.1554 0.0822 0.179 -1.1653 0.0839 0.1762 -1.2166 0.0501 0.2057 -1.212 0.0593 0.1968 -1.2106 0.0662 0.1898 -1.2117 0.0722 0.1836 -1.2237 0.0615 0.1933
38.0 -1.2514 0.0582 0.1939 -1.1874 0.0492 0.2096 -1.1463 0.0657 0.1967 -1.1384 0.0759 0.187 -1.1408 0.0793 0.1834 -1.1513 0.0791 0.1825 -1.2003 0.0474 0.2101 -1.1959 0.0578 0.1999 -1.1946 0.0653 0.1923 -1.1973 0.0704 0.1868 -1.2079 0.0598 0.1966
39.0 -1.2412 0.0547 0.1985 -1.1643 0.0529 0.208 -1.1197 0.0693 0.1957 -1.1164 0.0759 0.1893 -1.1192 0.0767 0.1882 -1.1302 0.074 0.1898 -1.1764 0.0464 0.2135 -1.1747 0.0521 0.2078 -1.1762 0.0556 0.2041 -1.181 0.058 0.2012 -1.1899 0.0534 0.205
40.0 -1.2217 0.0543 0.2009 -1.1281 0.0572 0.2073 -1.0986 0.0746 0.1924 -1.0935 0.0704 0.1972 -1.1021 0.0644 0.2025 -1.12 0.0509 0.2144 -1.1536 0.0574 0.2045 -1.1561 0.0516 0.2102 -1.1618 0.0435 0.2179 -1.1717 0.0348 0.2258 -1.173 0.0483 0.2119
41.0 -1.2075 0.0532 0.2035 -1.1074 0.0545 0.2121 -1.074 0.07 0.1995 -1.0702 0.0681 0.2019 -1.0806 0.0624 0.2067 -1.1044 0.0476 0.2195 -1.1321 0.0499 0.2143 -1.1349 0.0459 0.2181 -1.1428 0.0405 0.2228 -1.1539 0.0335 0.2289 -1.1542 0.0446 0.2175
42.0 -1.1869 0.0511 0.2077 -1.0943 0.0452 0.2228 -1.0537 0.0593 0.2125 -1.0511 0.0645 0.2074 -1.0646 0.0615 0.2092 -1.0931 0.0485 0.2196 -1.1133 0.0378 0.2285 -1.1163 0.0398 0.2262 -1.1252 0.0405 0.2246 -1.1375 0.0406 0.2232 -1.1358 0.042 0.222
43.0 -1.1562 0.0467 0.2152 -1.0842 0.0375 0.2318 -1.0331 0.0523 0.2217 -1.0281 0.0591 0.2152 -1.0341 0.0631 0.2105 -1.043 0.0638 0.209 -1.0944 0.0306 0.2378 -1.0898 0.0391 0.2295 -1.0884 0.0467 0.222 -1.0914 0.0536 0.2146 -1.104 0.0433 0.2238
44.0 -1.1583 0.0439 0.2178 -1.0515 0.0419 0.2305 -1.0113 0.0534 0.2227 -1.0073 0.0558 0.2207 -1.0148 0.0529 0.2228 -1.0393 0.0423 0.2313 -1.0797 0.0271 0.2428 -1.082 0.0249 0.2448 -1.0873 0.0254 0.2438 -1.0948 0.0281 0.2403 -1.1004 0.0299 0.2379
45.0 -1.137 0.0425 0.2213 -1.0315 0.033 0.2416 -0.9891 0.0472 0.2312 -0.987 0.05 0.2286 -0.9991 0.0489 0.2285 -1.0236 0.0432 0.2319 -1.0578 0.0227 0.2495 -1.0595 0.0273 0.2446 -1.0657 0.0326 0.2386 -1.0763 0.0379 0.2321 -1.0793 0.0326 0.2372
46.0 -1.1011 0.0388 0.2287 -1.0141 0.0292 0.2472 -0.9675 0.0441 0.2366 -0.9646 0.0481 0.2328 -0.971 0.0491 0.2311 -0.982 0.047 0.2322 -1.0327 0.02 0.2548 -1.0303 0.0264 0.2484 -1.0304 0.0319 0.2428 -1.0339 0.0369 0.2373 -1.0457 0.0308 0.2424
47.0 -1.0788 0.037 0.2328 -0.9975 0.0296 0.2484 -0.9497 0.0379 0.2447 -0.9465 0.045 0.2377 -0.9529 0.0466 0.2354 -0.9665 0.0436 0.2372 -1.017 0.0154 0.261 -1.0144 0.0206 0.2559 -1.0138 0.0274 0.249 -1.0168 0.0343 0.2417 -1.0281 0.0269 0.2481
48.0 -1.0605 0.0327 0.239 -0.9747 0.0302 0.25 -0.9288 0.0346 0.2501 -0.9279 0.039 0.2457 -0.9352 0.0405 0.2435 -0.9541 0.0379 0.2442 -1.0015 0.0126 0.2654 -0.9998 0.0177 0.2604 -1.0 0.0238 0.2541 -1.001 0.0297 0.2479 -1.0126 0.0233 0.2534
49.0 -1.05 0.028 0.2448 -0.9476 0.0315 0.2515 -0.9067 0.0339 0.253 -0.9041 0.0392 0.2479 -0.9159 0.0357 0.2502 -0.9451 0.0318 0.2514 -0.984 0.0082 0.2716 -0.9889 0.0106 0.2687 -0.996 0.0164 0.2621 -1.0038 0.0257 0.2518 -1.0045 0.0178 0.2598
50.0 -1.037 0.0292 0.2449 -0.9248 0.0315 0.2537 -0.8891 0.0339 0.2548 -0.8899 0.038 0.2505 -0.9015 0.0389 0.2484 -0.9259 0.0381 0.2469 -0.9657 0.0089 0.2728 -0.9676 0.0147 0.2666 -0.9708 0.0228 0.258 -0.9749 0.0314 0.2488 -0.9832 0.0214 0.2582
51.0 -1.0105 0.0285 0.2483 -0.9014 0.0334 0.254 -0.8682 0.0349 0.2559 -0.8698 0.0389 0.2516 -0.8789 0.0407 0.2488 -0.9017 0.0401 0.2472 -0.9412 0.0097 0.2743 -0.9438 0.0143 0.2694 -0.9466 0.0206 0.2627 -0.9497 0.0281 0.2547 -0.9584 0.0202 0.2619
52.0 -0.9965 0.0291 0.249 -0.8769 0.0343 0.2556 -0.8509 0.0366 0.2558 -0.856 0.0408 0.251 -0.8673 0.0447 0.2459 -0.8876 0.0451 0.2435 -0.9227 0.0098 0.2761 -0.9271 0.0147 0.2707 -0.9312 0.0227 0.2621 -0.9352 0.0307 0.2535 -0.9425 0.0214 0.2623
53.0 -0.9762 0.0288 0.2513 -0.8608 0.0377 0.2537 -0.8364 0.0391 0.2547 -0.8396 0.0424 0.251 -0.848 0.0449 0.2476 -0.8657 0.0456 0.2452 -0.9029 0.0118 0.276 -0.9062 0.0157 0.2717 -0.911 0.023 0.2638 -0.916 0.0315 0.2546 -0.9224 0.0222 0.2635
54.0 -0.9603 0.0285 0.2532 -0.8431 0.0425 0.2505 -0.8227 0.0416 0.2535 -0.8323 0.0458 0.2482 -0.8454 0.0501 0.2425 -0.8638 0.0501 0.2407 -0.8832 0.0151 0.2746 -0.8892 0.0192 0.2698 -0.8956 0.0257 0.2626 -0.9022 0.0333 0.2541 -0.9061 0.0244 0.2629
55.0 -0.9453 0.0281 0.2551 -0.8304 0.0448 0.2494 -0.8138 0.0459 0.25 -0.8326 0.0525 0.2414 -0.8505 0.0543 0.2377 -0.8661 0.0529 0.2377 -0.8695 0.017 0.274 -0.877 0.0196 0.2706 -0.8842 0.026 0.2634 -0.8915 0.0323 0.2562 -0.8935 0.0246 0.2639
56.0 -0.9242 0.0279 0.2574 -0.8212 0.0479 0.2472 -0.8054 0.0482 0.2485 -0.8192 0.0512 0.244 -0.8332 0.0512 0.2427 -0.8469 0.0487 0.2438 -0.8545 0.022 0.2703 -0.8606 0.0218 0.27 -0.8674 0.0252 0.2658 -0.8734 0.0293 0.2611 -0.876 0.0252 0.2649
57.0 -0.8949 0.0319 0.2563 -0.8118 0.0492 0.2468 -0.8061 0.0518 0.2447 -0.8151 0.053 0.2426 -0.815 0.0524 0.2432 -0.8056 0.0494 0.2472 -0.8352 0.0222 0.2721 -0.8358 0.0258 0.2684 -0.836 0.0319 0.2621 -0.8365 0.0397 0.254 -0.8477 0.0303 0.2626
57.0 -0.8949 0.0319 0.2563 -0.8118 0.0492 0.2468 -0.8061 0.0518 0.2447 -0.8151 0.053 0.2426 -0.815 0.0524 0.2432 -0.8056 0.0494 0.2472 -0.8352 0.0222 0.2721 -0.8358 0.0258 0.2684 -0.836 0.0319 0.2621 -0.8365 0.0397 0.254 -0.8477 0.0303 0.2626
57.0 -0.8949 0.0319 0.2563 -0.8118 0.0492 0.2468 -0.8061 0.0518 0.2447 -0.8151 0.053 0.2426 -0.815 0.0524 0.2432 -0.8056 0.0494 0.2472 -0.8352 0.0222 0.2721 -0.8358 0.0258 0.2684 -0.836 0.0319 0.2621 -0.8365 0.0397 0.254 -0.8477 0.0303 0.2626
57.0 -0.8949 0.0319 0.2563 -0.8118 0.0492 0.2468 -0.8061 0.0518 0.2447 -0.8151 0.053 0.2426 -0.815 0.0524 0.2432 -0.8056 0.0494 0.2472 -0.8352 0.0222 0.2721 -0.8358 0.0258 0.2684 -0.836 0.0319 0.2621 -0.8365 0.0397 0.254 -0.8477 0.0303 0.2626
57.0 -0.8949 0.0319 0.2563 -0.8118 0.0492 0.2468 -0.8061 0.0518 0.2447 -0.8151 0.053 0.2426 -0.815 0.0524 0.2432 -0.8056 0.0494 0.2472 -0.8352 0.0222 0.2721 -0.8358 0.0258 0.2684 -0.836 0.0319 0.2621 -0.8365 0.0397 0.254 -0.8477 0.0303 0.2626
57.0 -0.8949 0.0319 0.2563 -0.8118 0.0492 0.2468 -0.8061 0.0518 0.2447 -0.8151 0.053 0.2426 -0.815 0.0524 0.2432 -0.8056 0.0494 0.2472 -0.8352 0.0222 0.2721 -0.8358 0.0258 0.2684 -0.836 0.0319 0.2621 -0.8365 0.0397 0.254 -0.8477 0.0303 0.2626
57.0 -0.8949 0.0319 0.2563 -0.8118 0.0492 0.2468 -0.8061 0.0518 0.2447 -0.8151 0.053 0.2426 -0.815 0.0524 0.2432 -0.8056 0.0494 0.2472 -0.8352 0.0222 0.2721 -0.8358 0.0258 0.2684 -0.836 0.0319 0.2621 -0.8365 0.0397 0.254 -0.8477 0.0303 0.2626
57.0 -0.8949 0.0319 0.2563 -0.8118 0.0492 0.2468 -0.8061 0.0518 0.2447 -0.8151 0.053 0.2426 -0.815 0.0524 0.2432 -0.8056 0.0494 0.2472 -0.8352 0.0222 0.2721 -0.8358 0.0258 0.2684 -0.836 0.0319 0.2621 -0.8365 0.0397 0.254 -0.8477 0.0303 0.2626
57.0 -0.8949 0.0319 0.2563 -0.8118 0.0492 0.2468 -0.8061 0.0518 0.2447 -0.8151 0.053 0.2426 -0.815 0.0524 0.2432 -0.8056 0.0494 0.2472 -0.8352 0.0222 0.2721 -0.8358 0.0258 0.2684 -0.836 0.0319 0.2621 -0.8365 0.0397 0.254 -0.8477 0.0303 0.2626
57.0 -0.8949 0.0319 0.2563 -0.8118 0.0492 0.2468 -0.8061 0.0518 0.2447 -0.8151 0.053 0.2426 -0.815 0.0524 0.2432 -0.8056 0.0494 0.2472 -0.8352 0.0222 0.2721 -0.8358 0.0258 0.2684 -0.836 0.0319 0.2621 -0.8365 0.0397 0.254 -0.8477 0.0303 0.2626
57.0 -0.8949 0.0319 0.2563 -0.8118 0.0492 0.2468 -0.8061 0.0518 0.2447 -0.8151 0.053 0.2426 -0.815 0.0524 0.2432 -0.8056 0.0494 0.2472 -0.8352 0.0222 0.2721 -0.8358 0.0258 0.2684 -0.836 0.0319 0.2621 -0.8365 0.0397 0.254 -0.8477 0.0303 0.2626
57.0 -0.8949 0.0319 0.2563 -0.8118 0.0492 0.2468 -0.8061 0.0518 0.2447 -0.8151 0.053 0.2426 -0.815 0.0524 0.2432 -0.8056 0.0494 0.2472 -0.8352 0.0222 0.2721 -0.8358 0.0258 0.2684 -0.836 0.0319 0.2621 -0.8365 0.0397 0.254 -0.8477 0.0303 0.2626
57.0 -0.8949 0.0319 0.2563 -0.8118 0.0492 0.2468 -0.8061 0.0518 0.2447 -0.8151 0.053 0.2426 -0.815 0.0524 0.2432 -0.8056 0.0494 0.2472 -0.8352 0.0222 0.2721 -0.8358 0.0258 0.2684 -0.836 0.0319 0.2621 -0.8365 0.0397 0.254 -0.8477 0.0303 0.2626
57.0 -0.8949 0.0319 0.2563 -0.8118 0.0492 0.2468 -0.8061 0.0518 0.2447 -0.8151 0.053 0.2426 -0.815 0.0524 0.2432 -0.8056 0.0494 0.2472 -0.8352 0.0222 0.2721 -0.8358 0.0258 0.2684 -0.836 0.0319 0.2621 -0.8365 0.0397 0.254 -0.8477 0.0303 0.2626
57.0 -0.8949 0.0319 0.2563 -0.8118 0.0492 0.2468 -0.8061 0.0518 0.2447 -0.8151 0.053 0.2426 -0.815 0.0524 0.2432 -0.8056 0.0494 0.2472 -0.8352 0.0222 0.2721 -0.8358 0.0258 0.2684 -0.836 0.0319 0.2621 -0.8365 0.0397 0.254 -0.8477 0.0303 0.2626
57.0 -0.8949 0.0319 0.2563 -0.8118 0.0492 0.2468 -0.8061 0.0518 0.2447 -0.8151 0.053 0.2426 -0.815 0.0524 0.2432 -0.8056 0.0494 0.2472 -0.8352 0.0222 0.2721 -0.8358 0.0258 0.2684 -0.836 0.0319 0.2621 -0.8365 0.0397 0.254 -0.8477 0.0303 0.2626
57.0 -0.8949 0.0319 0.2563 -0.8118 0.0492 0.2468 -0.8061 0.0518 0.2447 -0.8151 0.053 0.2426 -0.815 0.0524 0.2432 -0.8056 0.0494 0.2472 -0.8352 0.0222 0.2721 -0.8358 0.0258 0.2684 -0.836 0.0319 0.2621 -0.8365 0.0397 0.254 -0.8477 0.0303 0.2626
57.0 -0.8949 0.0319 0.2563 -0.8118 0.0492 0.2468 -0.8061 0.0518 0.2447 -0.8151 0.053 0.2426 -0.815 0.0524 0.2432 -0.8056 0.0494 0.2472 -0.8352 0.0222 0.2721 -0.8358 0.0258 0.2684 -0.836 0.0319 0.2621 -0.8365 0.0397 0.254 -0.8477 0.0303 0.2626
57.0 -0.8949 0.0319 0.2563 -0.8118 0.0492 0.2468 -0.8061 0.0518 0.2447 -0.8151 0.053 0.2426 -0.815 0.0524 0.2432 -0.8056 0.0494 0.2472 -0.8352 0.0222 0.2721 -0.8358 0.0258 0.2684 -0.836 0.0319 0.2621 -0.8365 0.0397 0.254 -0.8477 0.0303 0.2626
57.0 -0.8949 0.0319 0.2563 -0.8118 0.0492 0.2468 -0.8061 0.0518 0.2447 -0.8151 0.053 0.2426 -0.815 0.0524 0.2432 -0.8056 0.0494 0.2472 -0.8352 0.0222 0.2721 -0.8358 0.0258 0.2684 -0.836 0.0319 0.2621 -0.8365 0.0397 0.254 -0.8477 0.0303 0.2626
57.0 -0.8949 0.0319 0.2563 -0.8118 0.0492 0.2468 -0.8061 0.0518 0.2447 -0.8151 0.053 0.2426 -0.815 0.0524 0.2432 -0.8056 0.0494 0.2472 -0.8352 0.0222 0.2721 -0.8358 0.0258 0.2684 -0.836 0.0319 0.2621 -0.8365 0.0397 0.254 -0.8477 0.0303 0.2626
57.0 -0.8949 0.0319 0.2563 -0.8118 0.0492 0.2468 -0.8061 0.0518 0.2447 -0.8151 0.053 0.2426 -0.815 0.0524 0.2432 -0.8056 0.0494 0.2472 -0.8352 0.0222 0.2721 -0.8358 0.0258 0.2684 -0.836 0.0319 0.2621 -0.8365 0.0397 0.254 -0.8477 0.0303 0.2626
57.0 -0.8949 0.0319 0.2563 -0.8118 0.0492 0.2468 -0.8061 0.0518 0.2447 -0.8151 0.053 0.2426 -0.815 0.0524 0.2432 -0.8056 0.0494 0.2472 -0.8352 0.0222 0.2721 -0.8358 0.0258 0.2684 -0.836 0.0319 0.2621 -0.8365 0.0397 0.254 -0.8477 0.0303 0.2626
57.0 -0.8949 0.0319 0.2563 -0.8118 0.0492 0.2468 -0.8061 0.0518 0.2447 -0.8151 0.053 0.2426 -0.815 0.0524 0.2432 -0.8056 0.0494 0.2472 -0.8352 0.0222 0.2721 -0.8358 0.0258 0.2684 -0.836 0.0319 0.2621 -0.8365 0.0397 0.254 -0.8477 0.0303 0.2626
57.0 -0.8949 0.0319 0.2563 -0.8118 0.0492 0.2468 -0.8061 0.0518 0.2447 -0.8151 0.053 0.2426 -0.815 0.0524 0.2432 -0.8056 0.0494 0.2472 -0.8352 0.0222 0.2721 -0.8358 0.0258 0.2684 -0.836 0.0319 0.2621 -0.8365 0.0397 0.254 -0.8477 0.0303 0.2626
57.0 -0.8949 0.0319 0.2563 -0.8118 0.0492 0.2468 -0.8061 0.0518 0.2447 -0.8151 0.053 0.2426 -0.815 0.0524 0.2432 -0.8056 0.0494 0.2472 -0.8352 0.0222 0.2721 -0.8358 0.0258 0.2684 -0.836 0.0319 0.2621 -0.8365 0.0397 0.254 -0.8477 0.0303 0.2626
57.0 -0.8949 0.0319 0.2563 -0.8118 0.0492 0.2468 -0.8061 0.0518 0.2447 -0.8151 0.053 0.2426 -0.815 0.0524 0.2432 -0.8056 0.0494 0.2472 -0.8352 0.0222 0.2721 -0.8358 0.0258 0.2684 -0.836 0.0319 0.2621 -0.8365 0.0397 0.254 -0.8477 0.0303 0.2626
57.0 -0.8949 0.0319 0.2563 -0.8118 0.0492 0.2468 -0.8061 0.0518 0.2447 -0.8151 0.053 0.2426 -0.815 0.0524 0.2432 -0.8056 0.0494 0.2472 -0.8352 0.0222 0.2721 -0.8358 0.0258 0.2684 -0.836 0.0319 0.2621 -0.8365 0.0397 0.254 -0.8477 0.0303 0.2626
57.0 -0.8949 0.0319 0.2563 -0.8118 0.0492 0.2468 -0.8061 0.0518 0.2447 -0.8151 0.053 0.2426 -0.815 0.0524 0.2432 -0.8056 0.0494 0.2472 -0.8352 0.0222 0.2721 -0.8358 0.0258 0.2684 -0.836 0.0319 0.2621 -0.8365 0.0397 0.254 -0.8477 0.0303 0.2626
57.0 -0.8949 0.0319 0.2563 -0.8118 0.0492 0.2468 -0.8061 0.0518 0.2447 -0.8151 0.053 0.2426 -0.815 0.0524 0.2432 -0.8056 0.0494 0.2472 -0.8352 0.0222 0.2721 -0.8358 0.0258 0.2684 -0.836 0.0319 0.2621 -0.8365 0.0397 0.254 -0.8477 0.0303 0.2626
57.0 -0.8949 0.0319 0.2563 -0.8118 0.0492 0.2468 -0.8061 0.0518 0.2447 -0.8151 0.053 0.2426 -0.815 0.0524 0.2432 -0.8056 0.0494 0.2472 -0.8352 0.0222 0.2721 -0.8358 0.0258 0.2684 -0.836 0.0319 0.2621 -0.8365 0.0397 0.254 -0.8477 0.0303 0.2626
57.0 -0.8949 0.0319 0.2563 -0.8118 0.0492 0.2468 -0.8061 0.0518 0.2447 -0.8151 0.053 0.2426 -0.815 0.0524 0.2432 -0.8056 0.0494 0.2472 -0.8352 0.0222 0.2721 -0.8358 0.0258 0.2684 -0.836 0.0319 0.2621 -0.8365 0.0397 0.254 -0.8477 0.0303 0.2626
57.0 -0.8949 0.0319 0.2563 -0.8118 0.0492 0.2468 -0.8061 0.0518 0.2447 -0.8151 0.053 0.2426 -0.815 0.0524 0.2432 -0.8056 0.0494 0.2472 -0.8352 0.0222 0.2721 -0.8358 0.0258 0.2684 -0.836 0.0319 0.2621 -0.8365 0.0397 0.254 -0.8477 0.0303 0.2626
57.0 -0.8949 0.0319 0.2563 -0.8118 0.0492 0.2468 -0.8061 0.0518 0.2447 -0.8151 0.053 0.2426 -0.815 0.0524 0.2432 -0.8056 0.0494 0.2472 -0.8352 0.0222 0.2721 -0.8358 0.0258 0.2684 -0.836 0.0319 0.2621 -0.8365 0.0397 0.254 -0.8477 0.0303 0.2626
57.0 -0.8949 0.0319 0.2563 -0.8118 0.0492 0.2468 -0.8061 0.0518 0.2447 -0.8151 0.053 0.2426 -0.815 0.0524 0.2432 -0.8056 0.0494 0.2472 -0.8352 0.0222 0.2721 -0.8358 0.0258 0.2684 -0.836 0.0319 0.2621 -0.8365 0.0397 0.254 -0.8477 0.0303 0.2626
57.0 -0.8949 0.0319 0.2563 -0.8118 0.0492 0.2468 -0.8061 0.0518 0.2447 -0.8151 0.053 0.2426 -0.815 0.0524 0.2432 -0.8056 0.0494 0.2472 -0.8352 0.0222 0.2721 -0.8358 0.0258 0.2684 -0.836 0.0319 0.2621 -0.8365 0.0397 0.254 -0.8477 0.0303 0.2626
57.0 -0.8949 0.0319 0.2563 -0.8118 0.0492 0.2468 -0.8061 0.0518 0.2447 -0.8151 0.053 0.2426 -0.815 0.0524 0.2432 -0.8056 0.0494 0.2472 -0.8352 0.0222 0.2721 -0.8358 0.0258 0.2684 -0.836 0.0319 0.2621 -0.8365 0.0397 0.254 -0.8477 0.0303 0.2626
57.0 -0.8949 0.0319 0.2563 -0.8118 0.0492 0.2468 -0.8061 0.0518 0.2447 -0.8151 0.053 0.2426 -0.815 0.0524 0.2432 -0.8056 0.0494 0.2472 -0.8352 0.0222 0.2721 -0.8358 0.0258 0.2684 -0.836 0.0319 0.2621 -0.8365 0.0397 0.254 -0.8477 0.0303 0.2626
57.0 -0.8949 0.0319 0.2563 -0.8118 0.0492 0.2468 -0.8061 0.0518 0.2447 -0.8151 0.053 0.2426 -0.815 0.0524 0.2432 -0.8056 0.0494 0.2472 -0.8352 0.0222 0.2721 -0.8358 0.0258 0.2684 -0.836 0.0319 0.2621 -0.8365 0.0397 0.254 -0.8477 0.0303 0.2626
57.0 -0.8949 0.0319 0.2563 -0.8118 0.0492 0.2468 -0.8061 0.0518 0.2447 -0.8151 0.053 0.2426 -0.815 0.0524 0.2432 -0.8056 0.0494 0.2472 -0.8352 0.0222 0.2721 -0.8358 0.0258 0.2684 -0.836 0.0319 0.2621 -0.8365 0.0397 0.254 -0.8477 0.0303 0.2626
57.0 -0.8949 0.0319 0.2563 -0.8118 0.0492 0.2468 -0.8061 0.0518 0.2447 -0.8151 0.053 0.2426 -0.815 0.0524 0.2432 -0.8056 0.0494 0.2472 -0.8352 0.0222 0.2721 -0.8358 0.0258 0.2684 -0.836 0.0319 0.2621 -0.8365 0.0397 0.254 -0.8477 0.0303 0.2626
57.0 -0.8949 0.0319 0.2563 -0.8118 0.0492 0.2468 -0.8061 0.0518 0.2447 -0.8151 0.053 0.2426 -0.815 0.0524 0.2432 -0.8056 0.0494 0.2472 -0.8352 0.0222 0.2721 -0.8358 0.0258 0.2684 -0.836 0.0319 0.2621 -0.8365 0.0397 0.254 -0.8477 0.0303 0.2626
57.0 -0.8949 0.0319 0.2563 -0.8118 0.0492 0.2468 -0.8061 0.0518 0.2447 -0.8151 0.053 0.2426 -0.815 0.0524 0.2432 -0.8056 0.0494 0.2472 -0.8352 0.0222 0.2721 -0.8358 0.0258 0.2684 -0.836 0.0319 0.2621 -0.8365 0.0397 0.254 -0.8477 0.0303 0.2626
57.0 -0.8949 0.0319 0.2563 -0.8118 0.0492 0.2468 -0.8061 0.0518 0.2447 -0.8151 0.053 0.2426 -0.815 0.0524 0.2432 -0.8056 0.0494 0.2472 -0.8352 0.0222 0.2721 -0.8358 0.0258 0.2684 -0.836 0.0319 0.2621 -0.8365 0.0397 0.254 -0.8477 0.0303 0.2626
57.0 -0.8949 0.0319 0.2563 -0.8118 0.0492 0.2468 -0.8061 0.0518 0.2447 -0.8151 0.053 0.2426 -0.815 0.0524 0.2432 -0.8056 0.0494 0.2472 -0.8352 0.0222 0.2721 -0.8358 0.0258 0.2684 -0.836 0.0319 0.2621 -0.8365 0.0397 0.254 -0.8477 0.0303 0.2626
57.0 -0.8949 0.0319 0.2563 -0.8118 0.0492 0.2468 -0.8061 0.0518 0.2447 -0.8151 0.053 0.2426 -0.815 0.0524 0.2432 -0.8056 0.0494 0.2472 -0.8352 0.0222 0.2721 -0.8358 0.0258 0.2684 -0.836 0.0319 0.2621 -0.8365 0.0397 0.254 -0.8477 0.0303 0.2626
57.0 -0.8949 0.0319 0.2563 -0.8118 0.0492 0.2468 -0.8061 0.0518 0.2447 -0.8151 0.053 0.2426 -0.815 0.0524 0.2432 -0.8056 0.0494 0.2472 -0.8352 0.0222 0.2721 -0.8358 0.0258 0.2684 -0.836 0.0319 0.2621 -0.8365 0.0397 0.254 -0.8477 0.0303 0.2626
57.0 -0.8949 0.0319 0.2563 -0.8118 0.0492 0.2468 -0.8061 0.0518 0.2447 -0.8151 0.053 0.2426 -0.815 0.0524 0.2432 -0.8056 0.0494 0.2472 -0.8352 0.0222 0.2721 -0.8358 0.0258 0.2684 -0.836 0.0319 0.2621 -0.8365 0.0397 0.254 -0.8477 0.0303 0.2626
57.0 -0.8949 0.0319 0.2563 -0.8118 0.0492 0.2468 -0.8061 0.0518 0.2447 -0.8151 0.053 0.2426 -0.815 0.0524 0.2432 -0.8056 0.0494 0.2472 -0.8352 0.0222 0.2721 -0.8358 0.0258 0.2684 -0.836 0.0319 0.2621 -0.8365 0.0397 0.254 -0.8477 0.0303 0.2626
57.0 -0.8949 0.0319 0.2563 -0.8118 0.0492 0.2468 -0.8061 0.0518 0.2447 -0.8151 0.053 0.2426 -0.815 0.0524 0.2432 -0.8056 0.0494 0.2472 -0.8352 0.0222 0.2721 -0.8358 0.0258 0.2684 -0.836 0.0319 0.2621 -0.8365 0.0397 0.254 -0.8477 0.0303 0.2626
57.0 -0.8949 0.0319 0.2563 -0.8118 0.0492 0.2468 -0.8061 0.0518 0.2447 -0.8151 0.053 0.2426 -0.815 0.0524 0.2432 -0.8056 0.0494 0.2472 -0.8352 0.0222 0.2721 -0.8358 0.0258 0.2684 -0.836 0.0319 0.2621 -0.8365 0.0397 0.254 -0.8477 0.0303 0.2626
57.0 -0.8949 0.0319 0.2563 -0.8118 0.0492 0.2468 -0.8061 0.0518 0.2447 -0.8151 0.053 0.2426 -0.815 0.0524 0.2432 -0.8056 0.0494 0.2472 -0.8352 0.0222 0.2721 -0.8358 0.0258 0.2684 -0.836 0.0319 0.2621 -0.8365 0.0397 0.254 -0.8477 0.0303 0.2626
57.0 -0.8949 0.0319 0.2563 -0.8118 0.0492 0.2468 -0.8061 0.0518 0.2447 -0.8151 0.053 0.2426 -0.815 0.0524 0.2432 -0.8056 0.0494 0.2472 -0.8352 0.0222 0.2721 -0.8358 0.0258 0.2684 -0.836 0.0319 0.2621 -0.8365 0.0397 0.254 -0.8477 0.0303 0.2626
57.0 -0.8949 0.0319 0.2563 -0.8118 0.0492 0.2468 -0.8061 0.0518 0.2447 -0.8151 0.053 0.2426 -0.815 0.0524 0.2432 -0.8056 0.0494 0.2472 -0.8352 0.0222 0.2721 -0.8358 0.0258 0.2684 -0.836 0.0319 0.2621 -0.8365 0.0397 0.254 -0.8477 0.0303 0.2626
57.0 -0.8949 0.0319 0.2563 -0.8118 0.0492 0.2468 -0.8061 0.0518 0.2447 -0.8151 0.053 0.2426 -0.815 0.0524 0.2432 -0.8056 0.0494 0.2472 -0.8352 0.0222 0.2721 -0.8358 0.0258 0.2684 -0.836 0.0319 0.2621 -0.8365 0.0397 0.254 -0.8477 0.0303 0.2626
57.0 -0.8949 0.0319 0.2563 -0.8118 0.0492 0.2468 -0.8061 0.0518 0.2447 -0.8151 0.053 0.2426 -0.815 0.0524 0.2432 -0.8056 0.0494 0.2472 -0.8352 0.0222 0.2721 -0.8358 0.0258 0.2684 -0.836 0.0319 0.2621 -0.8365 0.0397 0.254 -0.8477 0.0303 0.2626
57.0 -0.8949 0.0319 0.2563 -0.8118 0.0492 0.2468 -0.8061 0.0518 0.2447 -0.8151 0.053 0.2426 -0.815 0.0524 0.2432 -0.8056 0.0494 0.2472 -0.8352 0.0222 0.2721 -0.8358 0.0258 0.2684 -0.836 0.0319 0.2621 -0.8365 0.0397 0.254 -0.8477 0.0303 0.2626
57.0 -0.8949 0.0319 0.2563 -0.8118 0.0492 0.2468 -0.8061 0.0518 0.2447 -0.8151 0.053 0.2426 -0.815 0.0524 0.2432 -0.8056 0.0494 0.2472 -0.8352 0.0222 0.2721 -0.8358 0.0258 0.2684 -0.836 0.0319 0.2621 -0.8365 0.0397 0.254 -0.8477 0.0303 0.2626
57.0 -0.8949 0.0319 0.2563 -0.8118 0.0492 0.2468 -0.8061 0.0518 0.2447 -0.8151 0.053 0.2426 -0.815 0.0524 0.2432 -0.8056 0.0494 0.2472 -0.8352 0.0222 0.2721 -0.8358 0.0258 0.2684 -0.836 0.0319 0.2621 -0.8365 0.0397 0.254 -0.8477 0.0303 0.2626
57.0 -0.8949 0.0319 0.2563 -0.8118 0.0492 0.2468 -0.8061 0.0518 0.2447 -0.8151 0.053 0.2426 -0.815 0.0524 0.2432 -0.8056 0.0494 0.2472 -0.8352 0.0222 0.2721 -0.8358 0.0258 0.2684 -0.836 0.0319 0.2621 -0.8365 0.0397 0.254 -0.8477 0.0303 0.2626
57.0 -0.8949 0.0319 0.2563 -0.8118 0.0492 0.2468 -0.8061 0.0518 0.2447 -0.8151 0.053 0.2426 -0.815 0.0524 0.2432 -0.8056 0.0494 0.2472 -0.8352 0.0222 0.2721 -0.8358 0.0258 0.2684 -0.836 0.0319 0.2621 -0.8365 0.0397 0.254 -0.8477 0.0303 0.2626
57.0 -0.8949 0.0319 0.2563 -0.8118 0.0492 0.2468 -0.8061 0.0518 0.2447 -0.8151 0.053 0.2426 -0.815 0.0524 0.2432 -0.8056 0.0494 0.2472 -0.8352 0.0222 0.2721 -0.8358 0.0258 0.2684 -0.836 0.0319 0.2621 -0.8365 0.0397 0.254 -0.8477 0.0303 0.2626
57.0 -0.8949 0.0319 0.2563 -0.8118 0.0492 0.2468 -0.8061 0.0518 0.2447 -0.8151 0.053 0.2426 -0.815 0.0524 0.2432 -0.8056 0.0494 0.2472 -0.8352 0.0222 0.2721 -0.8358 0.0258 0.2684 -0.836 0.0319 0.2621 -0.8365 0.0397 0.254 -0.8477 0.0303 0.2626
57.0 -0.8949 0.0319 0.2563 -0.8118 0.0492 0.2468 -0.8061 0.0518 0.2447 -0.8151 0.053 0.2426 -0.815 0.0524 0.2432 -0.8056 0.0494 0.2472 -0.8352 0.0222 0.2721 -0.8358 0.0258 0.2684 -0.836 0.0319 0.2621 -0.8365 0.0397 0.254 -0.8477 0.0303 0.2626
57.0 -0.8949 0.0319 0.2563 -0.8118 0.0492 0.2468 -0.8061 0.0518 0.2447 -0.8151 0.053 0.2426 -0.815 0.0524 0.2432 -0.8056 0.0494 0.2472 -0.8352 0.0222 0.2721 -0.8358 0.0258 0.2684 -0.836 0.0319 0.2621 -0.8365 0.0397 0.254 -0.8477 0.0303 0.2626
57.0 -0.8949 0.0319 0.2563 -0.8118 0.0492 0.2468 -0.8061 0.0518 0.2447 -0.8151 0.053 0.2426 -0.815 0.0524 0.2432 -0.8056 0.0494 0.2472 -0.8352 0.0222 0.2721 -0.8358 0.0258 0.2684 -0.836 0.0319 0.2621 -0.8365 0.0397 0.254 -0.8477 0.0303 0.2626
57.0 -0.8949 0.0319 0.2563 -0.8118 0.0492 0.2468 -0.8061 0.0518 0.2447 -0.8151 0.053 0.2426 -0.815 0.0524 0.2432 -0.8056 0.0494 0.2472 -0.8352 0.0222 0.2721 -0.8358 0.0258 0.2684 -0.836 0.0319 0.2621 -0.8365 0.0397 0.254 -0.8477 0.0303 0.2626
57.0 -0.8949 0.0319 0.2563 -0.8118 0.0492 0.2468 -0.8061 0.0518 0.2447 -0.8151 0.053 0.2426 -0.815 0.0524 0.2432 -0.8056 0.0494 0.2472 -0.8352 0.0222 0.2721 -0.8358 0.0258 0.2684 -0.836 0.0319 0.2621 -0.8365 0.0397 0.254 -0.8477 0.0303 0.2626
57.0 -0.8949 0.0319 0.2563 -0.8118 0.0492 0.2468 -0.8061 0.0518 0.2447 -0.8151 0.053 0.2426 -0.815 0.0524 0.2432 -0.8056 0.0494 0.2472 -0.8352 0.0222 0.2721 -0.8358 0.0258 0.2684 -0.836 0.0319 0.2621 -0.8365 0.0397 0.254 -0.8477 0.0303 0.2626
57.0 -0.8949 0.0319 0.2563 -0.8118 0.0492 0.2468 -0.8061 0.0518 0.2447 -0.8151 0.053 0.2426 -0.815 0.0524 0.2432 -0.8056 0.0494 0.2472 -0.8352 0.0222 0.2721 -0.8358 0.0258 0.2684 -0.836 0.0319 0.2621 -0.8365 0.0397 0.254 -0.8477 0.0303 0.2626
57.0 -0.8949 0.0319 0.2563 -0.8118 0.0492 0.2468 -0.8061 0.0518 0.2447 -0.8151 0.053 0.2426 -0.815 0.0524 0.2432 -0.8056 0.0494 0.2472 -0.8352 0.0222 0.2721 -0.8358 0.0258 0.2684 -0.836 0.0319 0.2621 -0.8365 0.0397 0.254 -0.8477 0.0303 0.2626
57.0 -0.8949 0.0319 0.2563 -0.8118 0.0492 0.2468 -0.8061 0.0518 0.2447 -0.8151 0.053 0.2426 -0.815 0.0524 0.2432 -0.8056 0.0494 0.2472 -0.8352 0.0222 0.2721 -0.8358 0.0258 0.2684 -0.836 0.0319 0.2621 -0.8365 0.0397 0.254 -0.8477 0.0303 0.2626
57.0 -0.8949 0.0319 0.2563 -0.8118 0.0492 0.2468 -0.8061 0.0518 0.2447 -0.8151 0.053 0.2426 -0.815 0.0524 0.2432 -0.8056 0.0494 0.2472 -0.8352 0.0222 0.2721 -0.8358 0.0258 0.2684 -0.836 0.0319 0.2621 -0.8365 0.0397 0.254 -0.8477 0.0303 0.2626
57.0 -0.8949 0.0319 0.2563 -0.8118 0.0492 0.2468 -0.8061 0.0518 0.2447 -0.8151 0.053 0.2426 -0.815 0.0524 0.2432 -0.8056 0.0494 0.2472 -0.8352 0.0222 0.2721 -0.8358 0.0258 0.2684 -0.836 0.0319 0.2621 -0.8365 0.0397 0.254 -0.8477 0.0303 0.2626
57.0 -0.8949 0.0319 0.2563 -0.8118 0.0492 0.2468 -0.8061 0.0518 0.2447 -0.8151 0.053 0.2426 -0.815 0.0524 0.2432 -0.8056 0.0494 0.2472 -0.8352 0.0222 0.2721 -0.8358 0.0258 0.2684 -0.836 0.0319 0.2621 -0.8365 0.0397 0.254 -0.8477 0.0303 0.2626
57.0 -0.8949 0.0319 0.2563 -0.8118 0.0492 0.2468 -0.8061 0.0518 0.2447 -0.8151 0.053 0.2426 -0.815 0.0524 0.2432 -0.8056 0.0494 0.2472 -0.8352 0.0222 0.2721 -0.8358 0.0258 0.2684 -0.836 0.0319 0.2621 -0.8365 0.0397 0.254 -0.8477 0.0303 0.2626
57.0 -0.8949 0.0319 0.2563 -0.8118 0.0492 0.2468 -0.8061 0.0518 0.2447 -0.8151 0.053 0.2426 -0.815 0.0524 0.2432 -0.8056 0.0494 0.2472 -0.8352 0.0222 0.2721 -0.8358 0.0258 0.2684 -0.836 0.0319 0.2621 -0.8365 0.0397 0.254 -0.8477 0.0303 0.2626
57.0 -0.8949 0.0319 0.2563 -0.8118 0.0492 0.2468 -0.8061 0.0518 0.2447 -0.8151 0.053 0.2426 -0.815 0.0524 0.2432 -0.8056 0.0494 0.2472 -0.8352 0.0222 0.2721 -0.8358 0.0258 0.2684 -0.836 0.0319 0.2621 -0.8365 0.0397 0.254 -0.8477 0.0303 0.2626
57.0 -0.8949 0.0319 0.2563 -0.8118 0.0492 0.2468 -0.8061 0.0518 0.2447 -0.8151 0.053 0.2426 -0.815 0.0524 0.2432 -0.8056 0.0494 0.2472 -0.8352 0.0222 0.2721 -0.8358 0.0258 0.2684 -0.836 0.0319 0.2621 -0.8365 0.0397 0.254 -0.8477 0.0303 0.2626
57.0 -0.8949 0.0319 0.2563 -0.8118 0.0492 0.2468 -0.8061 0.0518 0.2447 -0.8151 0.053 0.2426 -0.815 0.0524 0.2432 -0.8056 0.0494 0.2472 -0.8352 0.0222 0.2721 -0.8358 0.0258 0.2684 -0.836 0.0319 0.2621 -0.8365 0.0397 0.254 -0.8477 0.0303 0.2626
57.0 -0.8949 0.0319 0.2563 -0.8118 0.0492 0.2468 -0.8061 0.0518 0.2447 -0.8151 0.053 0.2426 -0.815 0.0524 0.2432 -0.8056 0.0494 0.2472 -0.8352 0.0222 0.2721 -0.8358 0.0258 0.2684 -0.836 0.0319 0.2621 -0.8365 0.0397 0.254 -0.8477 0.0303 0.2626
57.0 -0.8949 0.0319 0.2563 -0.8118 0.0492 0.2468 -0.8061 0.0518 0.2447 -0.8151 0.053 0.2426 -0.815 0.0524 0.2432 -0.8056 0.0494 0.2472 -0.8352 0.0222 0.2721 -0.8358 0.0258 0.2684 -0.836 0.0319 0.2621 -0.8365 0.0397 0.254 -0.8477 0.0303 0.2626
57.0 -0.8949 0.0319 0.2563 -0.8118 0.0492 0.2468 -0.8061 0.0518 0.2447 -0.8151 0.053 0.2426 -0.815 0.0524 0.2432 -0.8056 0.0494 0.2472 -0.8352 0.0222 0.2721 -0.8358 0.0258 0.2684 -0.836 0.0319 0.2621 -0.8365 0.0397 0.254 -0.8477 0.0303 0.2626
57.0 -0.8949 0.0319 0.2563 -0.8118 0.0492 0.2468 -0.8061 0.0518 0.2447 -0.8151 0.053 0.2426 -0.815 0.0524 0.2432 -0.8056 0.0494 0.2472 -0.8352 0.0222 0.2721 -0.8358 0.0258 0.2684 -0.836 0.0319 0.2621 -0.8365 0.0397 0.254 -0.8477 0.0303 0.2626
57.0 -0.8949 0.0319 0.2563 -0.8118 0.0492 0.2468 -0.8061 0.0518 0.2447 -0.8151 0.053 0.2426 -0.815 0.0524 0.2432 -0.8056 0.0494 0.2472 -0.8352 0.0222 0.2721 -0.8358 0.0258 0.2684 -0.836 0.0319 0.2621 -0.8365 0.0397 0.254 -0.8477 0.0303 0.2626
57.0 -0.8949 0.0319 0.2563 -0.8118 0.0492 0.2468 -0.8061 0.0518 0.2447 -0.8151 0.053 0.2426 -0.815 0.0524 0.2432 -0.8056 0.0494 0.2472 -0.8352 0.0222 0.2721 -0.8358 0.0258 0.2684 -0.836 0.0319 0.2621 -0.8365 0.0397 0.254 -0.8477 0.0303 0.2626
57.0 -0.8949 0.0319 0.2563 -0.8118 0.0492 0.2468 -0.8061 0.0518 0.2447 -0.8151 0.053 0.2426 -0.815 0.0524 0.2432 -0.8056 0.0494 0.2472 -0.8352 0.0222 0.2721 -0.8358 0.0258 0.2684 -0.836 0.0319 0.2621 -0.8365 0.0397 0.254 -0.8477 0.0303 0.2626
57.0 -0.8949 0.0319 0.2563 -0.8118 0.0492 0.2468 -0.8061 0.0518 0.2447 -0.8151 0.053 0.2426 -0.815 0.0524 0.2432 -0.8056 0.0494 0.2472 -0.8352 0.0222 0.2721 -0.8358 0.0258 0.2684 -0.836 0.0319 0.2621 -0.8365 0.0397 0.254 -0.8477 0.0303 0.2626
57.0 -0.8949 0.0319 0.2563 -0.8118 0.0492 0.2468 -0.8061 0.0518 0.2447 -0.8151 0.053 0.2426 -0.815 0.0524 0.2432 -0.8056 0.0494 0.2472 -0.8352 0.0222 0.2721 -0.8358 0.0258 0.2684 -0.836 0.0319 0.2621 -0.8365 0.0397 0.254 -0.8477 0.0303 0.2626
57.0 -0.8949 0.0319 0.2563 -0.8118 0.0492 0.2468 -0.8061 0.0518 0.2447 -0.8151 0.053 0.2426 -0.815 0.0524 0.2432 -0.8056 0.0494 0.2472 -0.8352 0.0222 0.2721 -0.8358 0.0258 0.2684 -0.836 0.0319 0.2621 -0.8365 0.0397 0.254 -0.8477 0.0303 0.2626
57.0 -0.8949 0.0319 0.2563 -0.8118 0.0492 0.2468 -0.8061 0.0518 0.2447 -0.8151 0.053 0.2426 -0.815 0.0524 0.2432 -0.8056 0.0494 0.2472 -0.8352 0.0222 0.2721 -0.8358 0.0258 0.2684 -0.836 0.0319 0.2621 -0.8365 0.0397 0.254 -0.8477 0.0303 0.2626
57.0 -0.8949 0.0319 0.2563 -0.8118 0.0492 0.2468 -0.8061 0.0518 0.2447 -0.8151 0.053 0.2426 -0.815 0.0524 0.2432 -0.8056 0.0494 0.2472 -0.8352 0.0222 0.2721 -0.8358 0.0258 0.2684 -0.836 0.0319 0.2621 -0.8365 0.0397 0.254 -0.8477 0.0303 0.2626
57.0 -0.8949 0.0319 0.2563 -0.8118 0.0492 0.2468 -0.8061 0.0518 0.2447 -0.8151 0.053 0.2426 -0.815 0.0524 0.2432 -0.8056 0.0494 0.2472 -0.8352 0.0222 0.2721 -0.8358 0.0258 0.2684 -0.836 0.0319 0.2621 -0.8365 0.0397 0.254 -0.8477 0.0303 0.2626
57.0 -0.8949 0.0319 0.2563 -0.8118 0.0492 0.2468 -0.8061 0.0518 0.2447 -0.8151 0.053 0.2426 -0.815 0.0524 0.2432 -0.8056 0.0494 0.2472 -0.8352 0.0222 0.2721 -0.8358 0.0258 0.2684 -0.836 0.0319 0.2621 -0.8365 0.0397 0.254 -0.8477 0.0303 0.2626
57.0 -0.8949 0.0319 0.2563 -0.8118 0.0492 0.2468 -0.8061 0.0518 0.2447 -0.8151 0.053 0.2426 -0.815 0.0524 0.2432 -0.8056 0.0494 0.2472 -0.8352 0.0222 0.2721 -0.8358 0.0258 0.2684 -0.836 0.0319 0.2621 -0.8365 0.0397 0.254 -0.8477 0.0303 0.2626
57.0 -0.8949 0.0319 0.2563 -0.8118 0.0492 0.2468 -0.8061 0.0518 0.2447 -0.8151 0.053 0.2426 -0.815 0.0524 0.2432 -0.8056 0.0494 0.2472 -0.8352 0.0222 0.2721 -0.8358 0.0258 0.2684 -0.836 0.0319 0.2621 -0.8365 0.0397 0.254 -0.8477 0.0303 0.2626
57.0 -0.8949 0.0319 0.2563 -0.8118 0.0492 0.2468 -0.8061 0.0518 0.2447 -0.8151 0.053 0.2426 -0.815 0.0524 0.2432 -0.8056 0.0494 0.2472 -0.8352 0.0222 0.2721 -0.8358 0.0258 0.2684 -0.836 0.0319 0.2621 -0.8365 0.0397 0.254 -0.8477 0.0303 0.2626
57.0 -0.8949 0.0319 0.2563 -0.8118 0.0492 0.2468 -0.8061 0.0518 0.2447 -0.8151 0.053 0.2426 -0.815 0.0524 0.2432 -0.8056 0.0494 0.2472 -0.8352 0.0222 0.2721 -0.8358 0.0258 0.2684 -0.836 0.0319 0.2621 -0.8365 0.0397 0.254 -0.8477 0.0303 0.2626
57.0 -0.8949 0.0319 0.2563 -0.8118 0.0492 0.2468 -0.8061 0.0518 0.2447 -0.8151 0.053 0.2426 -0.815 0.0524 0.2432 -0.8056 0.0494 0.2472 -0.8352 0.0222 0.2721 -0.8358 0.0258 0.2684 -0.836 0.0319 0.2621 -0.8365 0.0397 0.254 -0.8477 0.0303 0.2626
57.0 -0.8949 0.0319 0.2563 -0.8118 0.0492 0.2468 -0.8061 0.0518 0.2447 -0.8151 0.053 0.2426 -0.815 0.0524 0.2432 -0.8056 0.0494 0.2472 -0.8352 0.0222 0.2721 -0.8358 0.0258 0.2684 -0.836 0.0319 0.2621 -0.8365 0.0397 0.254 -0.8477 0.0303 0.2626
57.0 -0.8949 0.0319 0.2563 -0.8118 0.0492 0.2468 -0.8061 0.0518 0.2447 -0.8151 0.053 0.2426 -0.815 0.0524 0.2432 -0.8056 0.0494 0.2472 -0.8352 0.0222 0.2721 -0.8358 0.0258 0.2684 -0.836 0.0319 0.2621 -0.8365 0.0397 0.254 -0.8477 0.0303 0.2626
57.0 -0.8949 0.0319 0.2563 -0.8118 0.0492 0.2468 -0.8061 0.0518 0.2447 -0.8151 0.053 0.2426 -0.815 0.0524 0.2432 -0.8056 0.0494 0.2472 -0.8352 0.0222 0.2721 -0.8358 0.0258 0.2684 -0.836 0.0319 0.2621 -0.8365 0.0397 0.254 -0.8477 0.0303 0.2626
57.0 -0.8949 0.0319 0.2563 -0.8118 0.0492 0.2468 -0.8061 0.0518 0.2447 -0.8151 0.053 0.2426 -0.815 0.0524 0.2432 -0.8056 0.0494 0.2472 -0.8352 0.0222 0.2721 -0.8358 0.0258 0.2684 -0.836 0.0319 0.2621 -0.8365 0.0397 0.254 -0.8477 0.0303 0.2626
57.0 -0.8949 0.0319 0.2563 -0.8118 0.0492 0.2468 -0.8061 0.0518 0.2447 -0.8151 0.053 0.2426 -0.815 0.0524 0.2432 -0.8056 0.0494 0.2472 -0.8352 0.0222 0.2721 -0.8358 0.0258 0.2684 -0.836 0.0319 0.2621 -0.8365 0.0397 0.254 -0.8477 0.0303 0.2626
57.0 -0.8949 0.0319 0.2563 -0.8118 0.0492 0.2468 -0.8061 0.0518 0.2447 -0.8151 0.053 0.2426 -0.815 0.0524 0.2432 -0.8056 0.0494 0.2472 -0.8352 0.0222 0.2721 -0.8358 0.0258 0.2684 -0.836 0.0319 0.2621 -0.8365 0.0397 0.254 -0.8477 0.0303 0.2626
57.0 -0.8949 0.0319 0.2563 -0.8118 0.0492 0.2468 -0.8061 0.0518 0.2447 -0.8151 0.053 0.2426 -0.815 0.0524 0.2432 -0.8056 0.0494 0.2472 -0.8352 0.0222 0.2721 -0.8358 0.0258 0.2684 -0.836 0.0319 0.2621 -0.8365 0.0397 0.254 -0.8477 0.0303 0.2626
57.0 -0.8949 0.0319 0.2563 -0.8118 0.0492 0.2468 -0.8061 0.0518 0.2447 -0.8151 0.053 0.2426 -0.815 0.0524 0.2432 -0.8056 0.0494 0.2472 -0.8352 0.0222 0.2721 -0.8358 0.0258 0.2684 -0.836 0.0319 0.2621 -0.8365 0.0397 0.254 -0.8477 0.0303 0.2626
57.0 -0.8949 0.0319 0.2563 -0.8118 0.0492 0.2468 -0.8061 0.0518 0.2447 -0.8151 0.053 0.2426 -0.815 0.0524 0.2432 -0.8056 0.0494 0.2472 -0.8352 0.0222 0.2721 -0.8358 0.0258 0.2684 -0.836 0.0319 0.2621 -0.8365 0.0397 0.254 -0.8477 0.0303 0.2626
57.0 -0.8949 0.0319 0.2563 -0.8118 0.0492 0.2468 -0.8061 0.0518 0.2447 -0.8151 0.053 0.2426 -0.815 0.0524 0.2432 -0.8056 0.0494 0.2472 -0.8352 0.0222 0.2721 -0.8358 0.0258 0.2684 -0.836 0.0319 0.2621 -0.8365 0.0397 0.254 -0.8477 0.0303 0.2626
57.0 -0.8949 0.0319 0.2563 -0.8118 0.0492 0.2468 -0.8061 0.0518 0.2447 -0.8151 0.053 0.2426 -0.815 0.0524 0.2432 -0.8056 0.0494 0.2472 -0.8352 0.0222 0.2721 -0.8358 0.0258 0.2684 -0.836 0.0319 0.2621 -0.8365 0.0397 0.254 -0.8477 0.0303 0.2626
57.0 -0.8949 0.0319 0.2563 -0.8118 0.0492 0.2468 -0.8061 0.0518 0.2447 -0.8151 0.053 0.2426 -0.815 0.0524 0.2432 -0.8056 0.0494 0.2472 -0.8352 0.0222 0.2721 -0.8358 0.0258 0.2684 -0.836 0.0319 0.2621 -0.8365 0.0397 0.254 -0.8477 0.0303 0.2626
57.0 -0.8949 0.0319 0.2563 -0.8118 0.0492 0.2468 -0.8061 0.0518 0.2447 -0.8151 0.053 0.2426 -0.815 0.0524 0.2432 -0.8056 0.0494 0.2472 -0.8352 0.0222 0.2721 -0.8358 0.0258 0.2684 -0.836 0.0319 0.2621 -0.8365 0.0397 0.254 -0.8477 0.0303 0.2626
57.0 -0.8949 0.0319 0.2563 -0.8118 0.0492 0.2468 -0.8061 0.0518 0.2447 -0.8151 0.053 0.2426 -0.815 0.0524 0.2432 -0.8056 0.0494 0.2472 -0.8352 0.0222 0.2721 -0.8358 0.0258 0.2684 -0.836 0.0319 0.2621 -0.8365 0.0397 0.254 -0.8477 0.0303 0.2626
57.0 -0.8949 0.0319 0.2563 -0.8118 0.0492 0.2468 -0.8061 0.0518 0.2447 -0.8151 0.053 0.2426 -0.815 0.0524 0.2432 -0.8056 0.0494 0.2472 -0.8352 0.0222 0.2721 -0.8358 0.0258 0.2684 -0.836 0.0319 0.2621 -0.8365 0.0397 0.254 -0.8477 0.0303 0.2626
57.0 -0.8949 0.0319 0.2563 -0.8118 0.0492 0.2468 -0.8061 0.0518 0.2447 -0.8151 0.053 0.2426 -0.815 0.0524 0.2432 -0.8056 0.0494 0.2472 -0.8352 0.0222 0.2721 -0.8358 0.0258 0.2684 -0.836 0.0319 0.2621 -0.8365 0.0397 0.254 -0.8477 0.0303 0.2626
57.0 -0.8949 0.0319 0.2563 -0.8118 0.0492 0.2468 -0.8061 0.0518 0.2447 -0.8151 0.053 0.2426 -0.815 0.0524 0.2432 -0.8056 0.0494 0.2472 -0.8352 0.0222 0.2721 -0.8358 0.0258 0.2684 -0.836 0.0319 0.2621 -0.8365 0.0397 0.254 -0.8477 0.0303 0.2626
57.0 -0.8949 0.0319 0.2563 -0.8118 0.0492 0.2468 -0.8061 0.0518 0.2447 -0.8151 0.053 0.2426 -0.815 0.0524 0.2432 -0.8056 0.0494 0.2472 -0.8352 0.0222 0.2721 -0.8358 0.0258 0.2684 -0.836 0.0319 0.2621 -0.8365 0.0397 0.254 -0.8477 0.0303 0.2626
57.0 -0.8949 0.0319 0.2563 -0.8118 0.0492 0.2468 -0.8061 0.0518 0.2447 -0.8151 0.053 0.2426 -0.815 0.0524 0.2432 -0.8056 0.0494 0.2472 -0.8352 0.0222 0.2721 -0.8358 0.0258 0.2684 -0.836 0.0319 0.2621 -0.8365 0.0397 0.254 -0.8477 0.0303 0.2626
57.0 -0.8949 0.0319 0.2563 -0.8118 0.0492 0.2468 -0.8061 0.0518 0.2447 -0.8151 0.053 0.2426 -0.815 0.0524 0.2432 -0.8056 0.0494 0.2472 -0.8352 0.0222 0.2721 -0.8358 0.0258 0.2684 -0.836 0.0319 0.2621 -0.8365 0.0397 0.254 -0.8477 0.0303 0.2626
57.0 -0.8949 0.0319 0.2563 -0.8118 0.0492 0.2468 -0.8061 0.0518 0.2447 -0.8151 0.053 0.2426 -0.815 0.0524 0.2432 -0.8056 0.0494 0.2472 -0.8352 0.0222 0.2721 -0.8358 0.0258 0.2684 -0.836 0.0319 0.2621 -0.8365 0.0397 0.254 -0.8477 0.0303 0.2626
57.0 -0.8949 0.0319 0.2563 -0.8118 0.0492 0.2468 -0.8061 0.0518 0.2447 -0.8151 0.053 0.2426 -0.815 0.0524 0.2432 -0.8056 0.0494 0.2472 -0.8352 0.0222 0.2721 -0.8358 0.0258 0.2684 -0.836 0.0319 0.2621 -0.8365 0.0397 0.254 -0.8477 0.0303 0.2626
57.0 -0.8949 0.0319 0.2563 -0.8118 0.0492 0.2468 -0.8061 0.0518 0.2447 -0.8151 0.053 0.2426 -0.815 0.0524 0.2432 -0.8056 0.0494 0.2472 -0.8352 0.0222 0.2721 -0.8358 0.0258 0.2684 -0.836 0.0319 0.2621 -0.8365 0.0397 0.254 -0.8477 0.0303 0.2626
57.0 -0.8949 0.0319 0.2563 -0.8118 0.0492 0.2468 -0.8061 0.0518 0.2447 -0.8151 0.053 0.2426 -0.815 0.0524 0.2432 -0.8056 0.0494 0.2472 -0.8352 0.0222 0.2721 -0.8358 0.0258 0.2684 -0.836 0.0319 0.2621 -0.8365 0.0397 0.254 -0.8477 0.0303 0.2626
57.0 -0.8949 0.0319 0.2563 -0.8118 0.0492 0.2468 -0.8061 0.0518 0.2447 -0.8151 0.053 0.2426 -0.815 0.0524 0.2432 -0.8056 0.0494 0.2472 -0.8352 0.0222 0.2721 -0.8358 0.0258 0.2684 -0.836 0.0319 0.2621 -0.8365 0.0397 0.254 -0.8477 0.0303 0.2626
57.0 -0.8949 0.0319 0.2563 -0.8118 0.0492 0.2468 -0.8061 0.0518 0.2447 -0.8151 0.053 0.2426 -0.815 0.0524 0.2432 -0.8056 0.0494 0.2472 -0.8352 0.0222 0.2721 -0.8358 0.0258 0.2684 -0.836 0.0319 0.2621 -0.8365 0.0397 0.254 -0.8477 0.0303 0.2626
57.0 -0.8949 0.0319 0.2563 -0.8118 0.0492 0.2468 -0.8061 0.0518 0.2447 -0.8151 0.053 0.2426 -0.815 0.0524 0.2432 -0.8056 0.0494 0.2472 -0.8352 0.0222 0.2721 -0.8358 0.0258 0.2684 -0.836 0.0319 0.2621 -0.8365 0.0397 0.254 -0.8477 0.0303 0.2626
57.0 -0.8949 0.0319 0.2563 -0.8118 0.0492 0.2468 -0.8061 0.0518 0.2447 -0.8151 0.053 0.2426 -0.815 0.0524 0.2432 -0.8056 0.0494 0.2472 -0.8352 0.0222 0.2721 -0.8358 0.0258 0.2684 -0.836 0.0319 0.2621 -0.8365 0.0397 0.254 -0.8477 0.0303 0.2626
57.0 -0.8949 0.0319 0.2563 -0.8118 0.0492 0.2468 -0.8061 0.0518 0.2447 -0.8151 0.053 0.2426 -0.815 0.0524 0.2432 -0.8056 0.0494 0.2472 -0.8352 0.0222 0.2721 -0.8358 0.0258 0.2684 -0.836 0.0319 0.2621 -0.8365 0.0397 0.254 -0.8477 0.0303 0.2626
57.0 -0.8949 0.0319 0.2563 -0.8118 0.0492 0.2468 -0.8061 0.0518 0.2447 -0.8151 0.053 0.2426 -0.815 0.0524 0.2432 -0.8056 0.0494 0.2472 -0.8352 0.0222 0.2721 -0.8358 0.0258 0.2684 -0.836 0.0319 0.2621 -0.8365 0.0397 0.254 -0.8477 0.0303 0.2626
57.0 -0.8949 0.0319 0.2563 -0.8118 0.0492 0.2468 -0.8061 0.0518 0.2447 -0.8151 0.053 0.2426 -0.815 0.0524 0.2432 -0.8056 0.0494 0.2472 -0.8352 0.0222 0.2721 -0.8358 0.0258 0.2684 -0.836 0.0319 0.2621 -0.8365 0.0397 0.254 -0.8477 0.0303 0.2626
57.0 -0.8949 0.0319 0.2563 -0.8118 0.0492 0.2468 -0.8061 0.0518 0.2447 -0.8151 0.053 0.2426 -0.815 0.0524 0.2432 -0.8056 0.0494 0.2472 -0.8352 0.0222 0.2721 -0.8358 0.0258 0.2684 -0.836 0.0319 0.2621 -0.8365 0.0397 0.254 -0.8477 0.0303 0.2626
57.0 -0.8949 0.0319 0.2563 -0.8118 0.0492 0.2468 -0.8061 0.0518 0.2447 -0.8151 0.053 0.2426 -0.815 0.0524 0.2432 -0.8056 0.0494 0.2472 -0.8352 0.0222 0.2721 -0.8358 0.0258 0.2684 -0.836 0.0319 0.2621 -0.8365 0.0397 0.254 -0.8477 0.0303 0.2626
57.0 -0.8949 0.0319 0.2563 -0.8118 0.0492 0.2468 -0.8061 0.0518 0.2447 -0.8151 0.053 0.2426 -0.815 0.0524 0.2432 -0.8056 0.0494 0.2472 -0.8352 0.0222 0.2721 -0.8358 0.0258 0.2684 -0.836 0.0319 0.2621 -0.8365 0.0397 0.254 -0.8477 0.0303 0.2626
57.0 -0.8949 0.0319 0.2563 -0.8118 0.0492 0.2468 -0.8061 0.0518 0.2447 -0.8151 0.053 0.2426 -0.815 0.0524 0.2432 -0.8056 0.0494 0.2472 -0.8352 0.0222 0.2721 -0.8358 0.0258 0.2684 -0.836 0.0319 0.2621 -0.8365 0.0397 0.254 -0.8477 0.0303 0.2626
57.0 -0.8949 0.0319 0.2563 -0.8118 0.0492 0.2468 -0.8061 0.0518 0.2447 -0.8151 0.053 0.2426 -0.815 0.0524 0.2432 -0.8056 0.0494 0.2472 -0.8352 0.0222 0.2721 -0.8358 0.0258 0.2684 -0.836 0.0319 0.2621 -0.8365 0.0397 0.254 -0.8477 0.0303 0.2626
57.0 -0.8949 0.0319 0.2563 -0.8118 0.0492 0.2468 -0.8061 0.0518 0.2447 -0.8151 0.053 0.2426 -0.815 0.0524 0.2432 -0.8056 0.0494 0.2472 -0.8352 0.0222 0.2721 -0.8358 0.0258 0.2684 -0.836 0.0319 0.2621 -0.8365 0.0397 0.254 -0.8477 0.0303 0.2626
57.0 -0.8949 0.0319 0.2563 -0.8118 0.0492 0.2468 -0.8061 0.0518 0.2447 -0.8151 0.053 0.2426 -0.815 0.0524 0.2432 -0.8056 0.0494 0.2472 -0.8352 0.0222 0.2721 -0.8358 0.0258 0.2684 -0.836 0.0319 0.2621 -0.8365 0.0397 0.254 -0.8477 0.0303 0.2626
57.0 -0.8949 0.0319 0.2563 -0.8118 0.0492 0.2468 -0.8061 0.0518 0.2447 -0.8151 0.053 0.2426 -0.815 0.0524 0.2432 -0.8056 0.0494 0.2472 -0.8352 0.0222 0.2721 -0.8358 0.0258 0.2684 -0.836 0.0319 0.2621 -0.8365 0.0397 0.254 -0.8477 0.0303 0.2626
57.0 -0.8949 0.0319 0.2563 -0.8118 0.0492 0.2468 -0.8061 0.0518 0.2447 -0.8151 0.053 0.2426 -0.815 0.0524 0.2432 -0.8056 0.0494 0.2472 -0.8352 0.0222 0.2721 -0.8358 0.0258 0.2684 -0.836 0.0319 0.2621 -0.8365 0.0397 0.254 -0.8477 0.0303 0.2626
57.0 -0.8949 0.0319 0.2563 -0.8118 0.0492 0.2468 -0.8061 0.0518 0.2447 -0.8151 0.053 0.2426 -0.815 0.0524 0.2432 -0.8056 0.0494 0.2472 -0.8352 0.0222 0.2721 -0.8358 0.0258 0.2684 -0.836 0.0319 0.2621 -0.8365 0.0397 0.254 -0.8477 0.0303 0.2626
57.0 -0.8949 0.0319 0.2563 -0.8118 0.0492 0.2468 -0.8061 0.0518 0.2447 -0.8151 0.053 0.2426 -0.815 0.0524 0.2432 -0.8056 0.0494 0.2472 -0.8352 0.0222 0.2721 -0.8358 0.0258 0.2684 -0.836 0.0319 0.2621 -0.8365 0.0397 0.254 -0.8477 0.0303 0.2626
57.0 -0.8949 0.0319 0.2563 -0.8118 0.0492 0.2468 -0.8061 0.0518 0.2447 -0.8151 0.053 0.2426 -0.815 0.0524 0.2432 -0.8056 0.0494 0.2472 -0.8352 0.0222 0.2721 -0.8358 0.0258 0.2684 -0.836 0.0319 0.2621 -0.8365 0.0397 0.254 -0.8477 0.0303 0.2626
57.0 -0.8949 0.0319 0.2563 -0.8118 0.0492 0.2468 -0.8061 0.0518 0.2447 -0.8151 0.053 0.2426 -0.815 0.0524 0.2432 -0.8056 0.0494 0.2472 -0.8352 0.0222 0.2721 -0.8358 0.0258 0.2684 -0.836 0.0319 0.2621 -0.8365 0.0397 0.254 -0.8477 0.0303 0.2626
57.0 -0.8949 0.0319 0.2563 -0.8118 0.0492 0.2468 -0.8061 0.0518 0.2447 -0.8151 0.053 0.2426 -0.815 0.0524 0.2432 -0.8056 0.0494 0.2472 -0.8352 0.0222 0.2721 -0.8358 0.0258 0.2684 -0.836 0.0319 0.2621 -0.8365 0.0397 0.254 -0.8477 0.0303 0.2626
57.0 -0.8949 0.0319 0.2563 -0.8118 0.0492 0.2468 -0.8061 0.0518 0.2447 -0.8151 0.053 0.2426 -0.815 0.0524 0.2432 -0.8056 0.0494 0.2472 -0.8352 0.0222 0.2721 -0.8358 0.0258 0.2684 -0.836 0.0319 0.2621 -0.8365 0.0397 0.254 -0.8477 0.0303 0.2626
57.0 -0.8949 0.0319 0.2563 -0.8118 0.0492 0.2468 -0.8061 0.0518 0.2447 -0.8151 0.053 0.2426 -0.815 0.0524 0.2432 -0.8056 0.0494 0.2472 -0.8352 0.0222 0.2721 -0.8358 0.0258 0.2684 -0.836 0.0319 0.2621 -0.8365 0.0397 0.254 -0.8477 0.0303 0.2626
57.0 -0.8949 0.0319 0.2563 -0.8118 0.0492 0.2468 -0.8061 0.0518 0.2447 -0.8151 0.053 0.2426 -0.815 0.0524 0.2432 -0.8056 0.0494 0.2472 -0.8352 0.0222 0.2721 -0.8358 0.0258 0.2684 -0.836 0.0319 0.2621 -0.8365 0.0397 0.254 -0.8477 0.0303 0.2626
57.0 -0.8949 0.0319 0.2563 -0.8118 0.0492 0.2468 -0.8061 0.0518 0.2447 -0.8151 0.053 0.2426 -0.815 0.0524 0.2432 -0.8056 0.0494 0.2472 -0.8352 0.0222 0.2721 -0.8358 0.0258 0.2684 -0.836 0.0319 0.2621 -0.8365 0.0397 0.254 -0.8477 0.0303 0.2626
57.0 -0.8949 0.0319 0.2563 -0.8118 0.0492 0.2468 -0.8061 0.0518 0.2447 -0.8151 0.053 0.2426 -0.815 0.0524 0.2432 -0.8056 0.0494 0.2472 -0.8352 0.0222 0.2721 -0.8358 0.0258 0.2684 -0.836 0.0319 0.2621 -0.8365 0.0397 0.254 -0.8477 0.0303 0.2626
57.0 -0.8949 0.0319 0.2563 -0.8118 0.0492 0.2468 -0.8061 0.0518 0.2447 -0.8151 0.053 0.2426 -0.815 0.0524 0.2432 -0.8056 0.0494 0.2472 -0.8352 0.0222 0.2721 -0.8358 0.0258 0.2684 -0.836 0.0319 0.2621 -0.8365 0.0397 0.254 -0.8477 0.0303 0.2626
57.0 -0.8949 0.0319 0.2563 -0.8118 0.0492 0.2468 -0.8061 0.0518 0.2447 -0.8151 0.053 0.2426 -0.815 0.0524 0.2432 -0.8056 0.0494 0.2472 -0.8352 0.0222 0.2721 -0.8358 0.0258 0.2684 -0.836 0.0319 0.2621 -0.8365 0.0397 0.254 -0.8477 0.0303 0.2626
57.0 -0.8949 0.0319 0.2563 -0.8118 0.0492 0.2468 -0.8061 0.0518 0.2447 -0.8151 0.053 0.2426 -0.815 0.0524 0.2432 -0.8056 0.0494 0.2472 -0.8352 0.0222 0.2721 -0.8358 0.0258 0.2684 -0.836 0.0319 0.2621 -0.8365 0.0397 0.254 -0.8477 0.0303 0.2626
57.0 -0.8949 0.0319 0.2563 -0.8118 0.0492 0.2468 -0.8061 0.0518 0.2447 -0.8151 0.053 0.2426 -0.815 0.0524 0.2432 -0.8056 0.0494 0.2472 -0.8352 0.0222 0.2721 -0.8358 0.0258 0.2684 -0.836 0.0319 0.2621 -0.8365 0.0397 0.254 -0.8477 0.0303 0.2626
57.0 -0.8949 0.0319 0.2563 -0.8118 0.0492 0.2468 -0.8061 0.0518 0.2447 -0.8151 0.053 0.2426 -0.815 0.0524 0.2432 -0.8056 0.0494 0.2472 -0.8352 0.0222 0.2721 -0.8358 0.0258 0.2684 -0.836 0.0319 0.2621 -0.8365 0.0397 0.254 -0.8477 0.0303 0.2626
57.0 -0.8949 0.0319 0.2563 -0.8118 0.0492 0.2468 -0.8061 0.0518 0.2447 -0.8151 0.053 0.2426 -0.815 0.0524 0.2432 -0.8056 0.0494 0.2472 -0.8352 0.0222 0.2721 -0.8358 0.0258 0.2684 -0.836 0.0319 0.2621 -0.8365 0.0397 0.254 -0.8477 0.0303 0.2626
57.0 -0.8949 0.0319 0.2563 -0.8118 0.0492 0.2468 -0.8061 0.0518 0.2447 -0.8151 0.053 0.2426 -0.815 0.0524 0.2432 -0.8056 0.0494 0.2472 -0.8352 0.0222 0.2721 -0.8358 0.0258 0.2684 -0.836 0.0319 0.2621 -0.8365 0.0397 0.254 -0.8477 0.0303 0.2626
57.0 -0.8949 0.0319 0.2563 -0.8118 0.0492 0.2468 -0.8061 0.0518 0.2447 -0.8151 0.053 0.2426 -0.815 0.0524 0.2432 -0.8056 0.0494 0.2472 -0.8352 0.0222 0.2721 -0.8358 0.0258 0.2684 -0.836 0.0319 0.2621 -0.8365 0.0397 0.254 -0.8477 0.0303 0.2626
57.0 -0.8949 0.0319 0.2563 -0.8118 0.0492 0.2468 -0.8061 0.0518 0.2447 -0.8151 0.053 0.2426 -0.815 0.0524 0.2432 -0.8056 0.0494 0.2472 -0.8352 0.0222 0.2721 -0.8358 0.0258 0.2684 -0.836 0.0319 0.2621 -0.8365 0.0397 0.254 -0.8477 0.0303 0.2626
57.0 -0.8949 0.0319 0.2563 -0.8118 0.0492 0.2468 -0.8061 0.0518 0.2447 -0.8151 0.053 0.2426 -0.815 0.0524 0.2432 -0.8056 0.0494 0.2472 -0.8352 0.0222 0.2721 -0.8358 0.0258 0.2684 -0.836 0.0319 0.2621 -0.8365 0.0397 0.254 -0.8477 0.0303 0.2626
57.0 -0.8949 0.0319 0.2563 -0.8118 0.0492 0.2468 -0.8061 0.0518 0.2447 -0.8151 0.053 0.2426 -0.815 0.0524 0.2432 -0.8056 0.0494 0.2472 -0.8352 0.0222 0.2721 -0.8358 0.0258 0.2684 -0.836 0.0319 0.2621 -0.8365 0.0397 0.254 -0.8477 0.0303 0.2626
57.0 -0.8949 0.0319 0.2563 -0.8118 0.0492 0.2468 -0.8061 0.0518 0.2447 -0.8151 0.053 0.2426 -0.815 0.0524 0.2432 -0.8056 0.0494 0.2472 -0.8352 0.0222 0.2721 -0.8358 0.0258 0.2684 -0.836 0.0319 0.2621 -0.8365 0.0397 0.254 -0.8477 0.0303 0.2626
57.0 -0.8949 0.0319 0.2563 -0.8118 0.0492 0.2468 -0.8061 0.0518 0.2447 -0.8151 0.053 0.2426 -0.815 0.0524 0.2432 -0.8056 0.0494 0.2472 -0.8352 0.0222 0.2721 -0.8358 0.0258 0.2684 -0.836 0.0319 0.2621 -0.8365 0.0397 0.254 -0.8477 0.0303 0.2626
57.0 -0.8949 0.0319 0.2563 -0.8118 0.0492 0.2468 -0.8061 0.0518 0.2447 -0.8151 0.053 0.2426 -0.815 0.0524 0.2432 -0.8056 0.0494 0.2472 -0.8352 0.0222 0.2721 -0.8358 0.0258 0.2684 -0.836 0.0319 0.2621 -0.8365 0.0397 0.254 -0.8477 0.0303 0.2626
57.0 -0.8949 0.0319 0.2563 -0.8118 0.0492 0.2468 -0.8061 0.0518 0.2447 -0.8151 0.053 0.2426 -0.815 0.0524 0.2432 -0.8056 0.0494 0.2472 -0.8352 0.0222 0.2721 -0.8358 0.0258 0.2684 -0.836 0.0319 0.2621 -0.8365 0.0397 0.254 -0.8477 0.0303 0.2626
57.0 -0.8949 0.0319 0.2563 -0.8118 0.0492 0.2468 -0.8061 0.0518 0.2447 -0.8151 0.053 0.2426 -0.815 0.0524 0.2432 -0.8056 0.0494 0.2472 -0.8352 0.0222 0.2721 -0.8358 0.0258 0.2684 -0.836 0.0319 0.2621 -0.8365 0.0397 0.254 -0.8477 0.0303 0.2626
57.0 -0.8949 0.0319 0.2563 -0.8118 0.0492 0.2468 -0.8061 0.0518 0.2447 -0.8151 0.053 0.2426 -0.815 0.0524 0.2432 -0.8056 0.0494 0.2472 -0.8352 0.0222 0.2721 -0.8358 0.0258 0.2684 -0.836 0.0319 0.2621 -0.8365 0.0397 0.254 -0.8477 0.0303 0.2626
57.0 -0.8949 0.0319 0.2563 -0.8118 0.0492 0.2468 -0.8061 0.0518 0.2447 -0.8151 0.053 0.2426 -0.815 0.0524 0.2432 -0.8056 0.0494 0.2472 -0.8352 0.0222 0.2721 -0.8358 0.0258 0.2684 -0.836 0.0319 0.2621 -0.8365 0.0397 0.254 -0.8477 0.0303 0.2626
57.0 -0.8949 0.0319 0.2563 -0.8118 0.0492 0.2468 -0.8061 0.0518 0.2447 -0.8151 0.053 0.2426 -0.815 0.0524 0.2432 -0.8056 0.0494 0.2472 -0.8352 0.0222 0.2721 -0.8358 0.0258 0.2684 -0.836 0.0319 0.2621 -0.8365 0.0397 0.254 -0.8477 0.0303 0.2626
57.0 -0.8949 0.0319 0.2563 -0.8118 0.0492 0.2468 -0.8061 0.0518 0.2447 -0.8151 0.053 0.2426 -0.815 0.0524 0.2432 -0.8056 0.0494 0.2472 -0.8352 0.0222 0.2721 -0.8358 0.0258 0.2684 -0.836 0.0319 0.2621 -0.8365 0.0397 0.254 -0.8477 0.0303 0.2626
57.0 -0.8949 0.0319 0.2563 -0.8118 0.0492 0.2468 -0.8061 0.0518 0.2447 -0.8151 0.053 0.2426 -0.815 0.0524 0.2432 -0.8056 0.0494 0.2472 -0.8352 0.0222 0.2721 -0.8358 0.0258 0.2684 -0.836 0.0319 0.2621 -0.8365 0.0397 0.254 -0.8477 0.0303 0.2626
57.0 -0.8949 0.0319 0.2563 -0.8118 0.0492 0.2468 -0.8061 0.0518 0.2447 -0.8151 0.053 0.2426 -0.815 0.0524 0.2432 -0.8056 0.0494 0.2472 -0.8352 0.0222 0.2721 -0.8358 0.0258 0.2684 -0.836 0.0319 0.2621 -0.8365 0.0397 0.254 -0.8477 0.0303 0.2626
57.0 -0.8949 0.0319 0.2563 -0.8118 0.0492 0.2468 -0.8061 0.0518 0.2447 -0.8151 0.053 0.2426 -0.815 0.0524 0.2432 -0.8056 0.0494 0.2472 -0.8352 0.0222 0.2721 -0.8358 0.0258 0.2684 -0.836 0.0319 0.2621 -0.8365 0.0397 0.254 -0.8477 0.0303 0.2626
57.0 -0.8949 0.0319 0.2563 -0.8118 0.0492 0.2468 -0.8061 0.0518 0.2447 -0.8151 0.053 0.2426 -0.815 0.0524 0.2432 -0.8056 0.0494 0.2472 -0.8352 0.0222 0.2721 -0.8358 0.0258 0.2684 -0.836 0.0319 0.2621 -0.8365 0.0397 0.254 -0.8477 0.0303 0.2626
57.0 -0.8949 0.0319 0.2563 -0.8118 0.0492 0.2468 -0.8061 0.0518 0.2447 -0.8151 0.053 0.2426 -0.815 0.0524 0.2432 -0.8056 0.0494 0.2472 -0.8352 0.0222 0.2721 -0.8358 0.0258 0.2684 -0.836 0.0319 0.2621 -0.8365 0.0397 0.254 -0.8477 0.0303 0.2626
57.0 -0.8949 0.0319 0.2563 -0.8118 0.0492 0.2468 -0.8061 0.0518 0.2447 -0.8151 0.053 0.2426 -0.815 0.0524 0.2432 -0.8056 0.0494 0.2472 -0.8352 0.0222 0.2721 -0.8358 0.0258 0.2684 -0.836 0.0319 0.2621 -0.8365 0.0397 0.254 -0.8477 0.0303 0.2626
57.0 -0.8949 0.0319 0.2563 -0.8118 0.0492 0.2468 -0.8061 0.0518 0.2447 -0.8151 0.053 0.2426 -0.815 0.0524 0.2432 -0.8056 0.0494 0.2472 -0.8352 0.0222 0.2721 -0.8358 0.0258 0.2684 -0.836 0.0319 0.2621 -0.8365 0.0397 0.254 -0.8477 0.0303 0.2626
57.0 -0.8949 0.0319 0.2563 -0.8118 0.0492 0.2468 -0.8061 0.0518 0.2447 -0.8151 0.053 0.2426 -0.815 0.0524 0.2432 -0.8056 0.0494 0.2472 -0.8352 0.0222 0.2721 -0.8358 0.0258 0.2684 -0.836 0.0319 0.2621 -0.8365 0.0397 0.254 -0.8477 0.0303 0.2626
57.0 -0.8949 0.0319 0.2563 -0.8118 0.0492 0.2468 -0.8061 0.0518 0.2447 -0.8151 0.053 0.2426 -0.815 0.0524 0.2432 -0.8056 0.0494 0.2472 -0.8352 0.0222 0.2721 -0.8358 0.0258 0.2684 -0.836 0.0319 0.2621 -0.8365 0.0397 0.254 -0.8477 0.0303 0.2626
57.0 -0.8949 0.0319 0.2563 -0.8118 0.0492 0.2468 -0.8061 0.0518 0.2447 -0.8151 0.053 0.2426 -0.815 0.0524 0.2432 -0.8056 0.0494 0.2472 -0.8352 0.0222 0.2721 -0.8358 0.0258 0.2684 -0.836 0.0319 0.2621 -0.8365 0.0397 0.254 -0.8477 0.0303 0.2626
57.0 -0.8949 0.0319 0.2563 -0.8118 0.0492 0.2468 -0.8061 0.0518 0.2447 -0.8151 0.053 0.2426 -0.815 0.0524 0.2432 -0.8056 0.0494 0.2472 -0.8352 0.0222 0.2721 -0.8358 0.0258 0.2684 -0.836 0.0319 0.2621 -0.8365 0.0397 0.254 -0.8477 0.0303 0.2626
57.0 -0.8949 0.0319 0.2563 -0.8118 0.0492 0.2468 -0.8061 0.0518 0.2447 -0.8151 0.053 0.2426 -0.815 0.0524 0.2432 -0.8056 0.0494 0.2472 -0.8352 0.0222 0.2721 -0.8358 0.0258 0.2684 -0.836 0.0319 0.2621 -0.8365 0.0397 0.254 -0.8477 0.0303 0.2626
57.0 -0.8949 0.0319 0.2563 -0.8118 0.0492 0.2468 -0.8061 0.0518 0.2447 -0.8151 0.053 0.2426 -0.815 0.0524 0.2432 -0.8056 0.0494 0.2472 -0.8352 0.0222 0.2721 -0.8358 0.0258 0.2684 -0.836 0.0319 0.2621 -0.8365 0.0397 0.254 -0.8477 0.0303 0.2626
57.0 -0.8949 0.0319 0.2563 -0.8118 0.0492 0.2468 -0.8061 0.0518 0.2447 -0.8151 0.053 0.2426 -0.815 0.0524 0.2432 -0.8056 0.0494 0.2472 -0.8352 0.0222 0.2721 -0.8358 0.0258 0.2684 -0.836 0.0319 0.2621 -0.8365 0.0397 0.254 -0.8477 0.0303 0.2626
57.0 -0.8949 0.0319 0.2563 -0.8118 0.0492 0.2468 -0.8061 0.0518 0.2447 -0.8151 0.053 0.2426 -0.815 0.0524 0.2432 -0.8056 0.0494 0.2472 -0.8352 0.0222 0.2721 -0.8358 0.0258 0.2684 -0.836 0.0319 0.2621 -0.8365 0.0397 0.254 -0.8477 0.0303 0.2626
57.0 -0.8949 0.0319 0.2563 -0.8118 0.0492 0.2468 -0.8061 0.0518 0.2447 -0.8151 0.053 0.2426 -0.815 0.0524 0.2432 -0.8056 0.0494 0.2472 -0.8352 0.0222 0.2721 -0.8358 0.0258 0.2684 -0.836 0.0319 0.2621 -0.8365 0.0397 0.254 -0.8477 0.0303 0.2626
57.0 -0.8949 0.0319 0.2563 -0.8118 0.0492 0.2468 -0.8061 0.0518 0.2447 -0.8151 0.053 0.2426 -0.815 0.0524 0.2432 -0.8056 0.0494 0.2472 -0.8352 0.0222 0.2721 -0.8358 0.0258 0.2684 -0.836 0.0319 0.2621 -0.8365 0.0397 0.254 -0.8477 0.0303 0.2626
243.0 -1.2076 0.0593 0.1972 -1.1146 0.0602 0.2055 -1.1013 0.0651 0.2018 -1.1003 0.0695 0.1974 -1.1054 0.0682 0.1983 -1.1228 0.0622 0.2027 -1.1509 0.0517 0.2106 -1.1539 0.0537 0.2083 -1.1579 0.0568 0.2047 -1.1638 0.0603 0.2005 -1.1668 0.0564 0.2043
244.0 -1.1986 0.0629 0.1944 -1.1281 0.0773 0.1866 -1.1287 0.0754 0.1885 -1.1335 0.0778 0.1856 -1.1356 0.08 0.1832 -1.1367 0.0811 0.182 -1.1411 0.0609 0.2021 -1.1426 0.0644 0.1984 -1.1459 0.0682 0.1942 -1.149 0.0709 0.1912 -1.1554 0.0655 0.1961
245.0 -1.2549 0.0627 0.1891 -1.1672 0.0696 0.1907 -1.1435 0.085 0.1773 -1.1394 0.0868 0.1758 -1.1447 0.0818 0.1804 -1.1624 0.0672 0.1936 -1.197 0.0687 0.1887 -1.1977 0.0679 0.1893 -1.2008 0.0657 0.1913 -1.2055 0.062 0.1946 -1.2112 0.0654 0.1906
246.0 -1.2655 0.0631 0.1876 -1.1812 0.069 0.19 -1.1573 0.0832 0.1778 -1.1577 0.0904 0.1703 -1.1658 0.0918 0.1681 -1.183 0.0895 0.1688 -1.206 0.0601 0.1965 -1.2075 0.0636 0.1928 -1.2128 0.0684 0.1874 -1.2206 0.0728 0.1821 -1.2225 0.0656 0.1893
246.0 -1.2655 0.0631 0.1876 -1.1812 0.069 0.19 -1.1573 0.0832 0.1778 -1.1577 0.0904 0.1703 -1.1658 0.0918 0.1681 -1.183 0.0895 0.1688 -1.206 0.0601 0.1965 -1.2075 0.0636 0.1928 -1.2128 0.0684 0.1874 -1.2206 0.0728 0.1821 -1.2225 0.0656 0.1893
248.0 -1.2813 0.0731 0.1757 -1.2132 0.0811 0.1743 -1.19 0.0989 0.1584 -1.1921 0.106 0.151 -1.1996 0.1086 0.1476 -1.2111 0.1089 0.1461 -1.2158 0.0759 0.1794 -1.2189 0.0834 0.1714 -1.2251 0.0887 0.1654 -1.233 0.0937 0.1595 -1.2348 0.083 0.1703
248.0 -1.2813 0.0731 0.1757 -1.2132 0.0811 0.1743 -1.19 0.0989 0.1584 -1.1921 0.106 0.151 -1.1996 0.1086 0.1476 -1.2111 0.1089 0.1461 -1.2158 0.0759 0.1794 -1.2189 0.0834 0.1714 -1.2251 0.0887 0.1654 -1.233 0.0937 0.1595 -1.2348 0.083 0.1703
248.0 -1.2813 0.0731 0.1757 -1.2132 0.0811 0.1743 -1.19 0.0989 0.1584 -1.1921 0.106 0.151 -1.1996 0.1086 0.1476 -1.2111 0.1089 0.1461 -1.2158 0.0759 0.1794 -1.2189 0.0834 0.1714 -1.2251 0.0887 0.1654 -1.233 0.0937 0.1595 -1.2348 0.083 0.1703
251.0 -1.2609 0.0924 0.1581 -1.2603 0.1389 0.1106 -1.2601 0.1377 0.1118 -1.2628 0.1282 0.1213 -1.2628 0.1178 0.1319 -1.2678 0.1061 0.1433 -1.247 0.123 0.1282 -1.2519 0.1162 0.1346 -1.2584 0.108 0.1424 -1.2656 0.0991 0.1508 -1.2568 0.1077 0.1428
251.0 -1.2609 0.0924 0.1581 -1.2603 0.1389 0.1106 -1.2601 0.1377 0.1118 -1.2628 0.1282 0.1213 -1.2628 0.1178 0.1319 -1.2678 0.1061 0.1433 -1.247 0.123 0.1282 -1.2519 0.1162 0.1346 -1.2584 0.108 0.1424 -1.2656 0.0991 0.1508 -1.2568 0.1077 0.1428
251.0 -1.2609 0.0924 0.1581 -1.2603 0.1389 0.1106 -1.2601 0.1377 0.1118 -1.2628 0.1282 0.1213 -1.2628 0.1178 0.1319 -1.2678 0.1061 0.1433 -1.247 0.123 0.1282 -1.2519 0.1162 0.1346 -1.2584 0.108 0.1424 -1.2656 0.0991 0.1508 -1.2568 0.1077 0.1428
251.0 -1.2609 0.0924 0.1581 -1.2603 0.1389 0.1106 -1.2601 0.1377 0.1118 -1.2628 0.1282 0.1213 -1.2628 0.1178 0.1319 -1.2678 0.1061 0.1433 -1.247 0.123 0.1282 -1.2519 0.1162 0.1346 -1.2584 0.108 0.1424 -1.2656 0.0991 0.1508 -1.2568 0.1077 0.1428
251.0 -1.2609 0.0924 0.1581 -1.2603 0.1389 0.1106 -1.2601 0.1377 0.1118 -1.2628 0.1282 0.1213 -1.2628 0.1178 0.1319 -1.2678 0.1061 0.1433 -1.247 0.123 0.1282 -1.2519 0.1162 0.1346 -1.2584 0.108 0.1424 -1.2656 0.0991 0.1508 -1.2568 0.1077 0.1428
251.0 -1.2609 0.0924 0.1581 -1.2603 0.1389 0.1106 -1.2601 0.1377 0.1118 -1.2628 0.1282 0.1213 -1.2628 0.1178 0.1319 -1.2678 0.1061 0.1433 -1.247 0.123 0.1282 -1.2519 0.1162 0.1346 -1.2584 0.108 0.1424 -1.2656 0.0991 0.1508 -1.2568 0.1077 0.1428
251.0 -1.2609 0.0924 0.1581 -1.2603 0.1389 0.1106 -1.2601 0.1377 0.1118 -1.2628 0.1282 0.1213 -1.2628 0.1178 0.1319 -1.2678 0.1061 0.1433 -1.247 0.123 0.1282 -1.2519 0.1162 0.1346 -1.2584 0.108 0.1424 -1.2656 0.0991 0.1508 -1.2568 0.1077 0.1428
251.0 -1.2609 0.0924 0.1581 -1.2603 0.1389 0.1106 -1.2601 0.1377 0.1118 -1.2628 0.1282 0.1213 -1.2628 0.1178 0.1319 -1.2678 0.1061 0.1433 -1.247 0.123 0.1282 -1.2519 0.1162 0.1346 -1.2584 0.108 0.1424 -1.2656 0.0991 0.1508 -1.2568 0.1077 0.1428
251.0 -1.2609 0.0924 0.1581 -1.2603 0.1389 0.1106 -1.2601 0.1377 0.1118 -1.2628 0.1282 0.1213 -1.2628 0.1178 0.1319 -1.2678 0.1061 0.1433 -1.247 0.123 0.1282 -1.2519 0.1162 0.1346 -1.2584 0.108 0.1424 -1.2656 0.0991 0.1508 -1.2568 0.1077 0.1428
251.0 -1.2609 0.0924 0.1581 -1.2603 0.1389 0.1106 -1.2601 0.1377 0.1118 -1.2628 0.1282 0.1213 -1.2628 0.1178 0.1319 -1.2678 0.1061 0.1433 -1.247 0.123 0.1282 -1.2519 0.1162 0.1346 -1.2584 0.108 0.1424 -1.2656 0.0991 0.1508 -1.2568 0.1077 0.1428
251.0 -1.2609 0.0924 0.1581 -1.2603 0.1389 0.1106 -1.2601 0.1377 0.1118 -1.2628 0.1282 0.1213 -1.2628 0.1178 0.1319 -1.2678 0.1061 0.1433 -1.247 0.123 0.1282 -1.2519 0.1162 0.1346 -1.2584 0.108 0.1424 -1.2656 0.0991 0.1508 -1.2568 0.1077 0.1428
251.0 -1.2609 0.0924 0.1581 -1.2603 0.1389 0.1106 -1.2601 0.1377 0.1118 -1.2628 0.1282 0.1213 -1.2628 0.1178 0.1319 -1.2678 0.1061 0.1433 -1.247 0.123 0.1282 -1.2519 0.1162 0.1346 -1.2584 0.108 0.1424 -1.2656 0.0991 0.1508 -1.2568 0.1077 0.1428
251.0 -1.2609 0.0924 0.1581 -1.2603 0.1389 0.1106 -1.2601 0.1377 0.1118 -1.2628 0.1282 0.1213 -1.2628 0.1178 0.1319 -1.2678 0.1061 0.1433 -1.247 0.123 0.1282 -1.2519 0.1162 0.1346 -1.2584 0.108 0.1424 -1.2656 0.0991 0.1508 -1.2568 0.1077 0.1428
251.0 -1.2609 0.0924 0.1581 -1.2603 0.1389 0.1106 -1.2601 0.1377 0.1118 -1.2628 0.1282 0.1213 -1.2628 0.1178 0.1319 -1.2678 0.1061 0.1433 -1.247 0.123 0.1282 -1.2519 0.1162 0.1346 -1.2584 0.108 0.1424 -1.2656 0.0991 0.1508 -1.2568 0.1077 0.1428
251.0 -1.2609 0.0924 0.1581 -1.2603 0.1389 0.1106 -1.2601 0.1377 0.1118 -1.2628 0.1282 0.1213 -1.2628 0.1178 0.1319 -1.2678 0.1061 0.1433 -1.247 0.123 0.1282 -1.2519 0.1162 0.1346 -1.2584 0.108 0.1424 -1.2656 0.0991 0.1508 -1.2568 0.1077 0.1428
251.0 -1.2609 0.0924 0.1581 -1.2603 0.1389 0.1106 -1.2601 0.1377 0.1118 -1.2628 0.1282 0.1213 -1.2628 0.1178 0.1319 -1.2678 0.1061 0.1433 -1.247 0.123 0.1282 -1.2519 0.1162 0.1346 -1.2584 0.108 0.1424 -1.2656 0.0991 0.1508 -1.2568 0.1077 0.1428
251.0 -1.2609 0.0924 0.1581 -1.2603 0.1389 0.1106 -1.2601 0.1377 0.1118 -1.2628 0.1282 0.1213 -1.2628 0.1178 0.1319 -1.2678 0.1061 0.1433 -1.247 0.123 0.1282 -1.2519 0.1162 0.1346 -1.2584 0.108 0.1424 -1.2656 0.0991 0.1508 -1.2568 0.1077 0.1428
