
































































66.0 -1.2414 0.1512 0.0999 -1.2001 0.1721 0.0826 -1.201 0.1719 0.0827 -1.1999 0.1709 0.0839 -1.2025 0.1656 0.089 -1.2162 0.1534 0.1001 -1.2235 0.1597 0.0929 -1.2272 0.1556 0.0968 -1.2308 0.1514 0.1007 -1.2363 0.1476 0.104 -1.2318 0.1531 0.0989
67.0 -1.2487 0.1478 0.1026 -1.2033 0.1698 0.0846 -1.202 0.1675 0.0871 -1.2006 0.1696 0.0852 -1.2033 0.1698 0.0846 -1.2095 0.1702 0.0836 -1.2237 0.1561 0.0967 -1.2266 0.1575 0.0949 -1.2295 0.1589 0.0931 -1.2325 0.161 0.0908 -1.2322 0.1563 0.0956
68.0 -1.2289 0.1505 0.1019 -1.1967 0.1725 0.0825 -1.1989 0.1649 0.0901 -1.1941 0.168 0.0874 -1.1973 0.1657 0.0894 -1.2084 0.1587 0.0955 -1.2186 0.1567 0.0965 -1.2235 0.1549 0.0979 -1.226 0.1539 0.0986 -1.2295 0.154 0.0981 -1.2253 0.154 0.0986
69.0 -1.2283 0.1518 0.1006 -1.2053 0.1414 0.1134 -1.2059 0.1499 0.1047 -1.19 0.1643 0.0916 -1.19 0.1692 0.0866 -1.1936 0.1748 0.0805 -1.227 0.1446 0.108 -1.2258 0.1527 0.0999 -1.2219 0.1606 0.0922 -1.2186 0.1671 0.0859 -1.2243 0.1554 0.0973
70.0 -1.2348 0.1442 0.1077 -1.1847 0.1741 0.082 -1.1913 0.1665 0.0892 -1.1885 0.1657 0.0903 -1.1935 0.1595 0.0961 -1.2062 0.1462 0.1085 -1.2122 0.1607 0.0931 -1.2175 0.1557 0.0977 -1.2218 0.1502 0.1028 -1.2287 0.1444 0.1081 -1.223 0.151 0.1019
71.0 -1.2262 0.1551 0.0974 -1.1893 0.1857 0.0697 -1.1795 0.17 0.0868 -1.1791 0.1627 0.0943 -1.184 0.1553 0.1014 -1.199 0.1405 0.1151 -1.1995 0.1685 0.0864 -1.2074 0.1583 0.096 -1.2144 0.1481 0.1057 -1.2224 0.1385 0.1147 -1.214 0.1537 0.1
72.0 -1.21 0.153 0.1011 -1.1879 0.1725 0.0834 -1.1809 0.1679 0.0888 -1.1753 0.1656 0.0917 -1.1808 0.1619 0.095 -1.1953 0.1495 0.1062 -1.2006 0.1647 0.0902 -1.2073 0.1577 0.0967 -1.2124 0.1515 0.1025 -1.2182 0.1446 0.1089 -1.2097 0.1543 0.0999
73.0 -1.2302 0.1381 0.1144 -1.1765 0.1478 0.1098 -1.1699 0.1554 0.1027 -1.18 0.1577 0.0994 -1.2006 0.1549 0.1002 -1.2177 0.1569 0.0964 -1.1762 0.1509 0.1067 -1.1853 0.1576 0.0989 -1.1973 0.1608 0.0944 -1.2108 0.1627 0.0912 -1.2 0.154 0.1011
74.0 -1.228 0.1304 0.1224 -1.1557 0.1494 0.1103 -1.1648 0.1512 0.1075 -1.1742 0.1548 0.1029 -1.1871 0.1531 0.1034 -1.1981 0.1552 0.1001 -1.1643 0.1482 0.1106 -1.1718 0.1557 0.1022 -1.1813 0.1599 0.0969 -1.1931 0.162 0.0936 -1.1877 0.1513 0.1051
75.0 -1.2182 0.1293 0.1246 -1.142 0.1414 0.1197 -1.1518 0.1419 0.1182 -1.1537 0.1429 0.1171 -1.1584 0.1447 0.1148 -1.1528 0.1479 0.112 -1.1522 0.1443 0.1158 -1.1487 0.1497 0.1106 -1.1476 0.1535 0.1068 -1.1479 0.1553 0.105 -1.1629 0.1464 0.1126
76.0 -1.2014 0.1188 0.137 -1.1153 0.1395 0.1243 -1.1307 0.132 0.1305 -1.1319 0.1342 0.1281 -1.1349 0.1363 0.1257 -1.1313 0.1404 0.1218 -1.1302 0.1345 0.128 -1.1285 0.1396 0.123 -1.129 0.1426 0.1199 -1.1303 0.1448 0.1174 -1.1439 0.136 0.1251
77.0 -1.1696 0.1133 0.1458 -1.0901 0.1362 0.1302 -1.0997 0.141 0.1243 -1.1026 0.1376 0.1276 -1.1071 0.1333 0.1315 -1.1042 0.1319 0.1333 -1.1043 0.1325 0.1326 -1.1021 0.1297 0.1357 -1.1017 0.1273 0.1382 -1.1037 0.124 0.1414 -1.1163 0.1254 0.1387
78.0 -1.1537 0.1081 0.1527 -1.0581 0.1247 0.1452 -1.0735 0.1323 0.1358 -1.0785 0.1353 0.1323 -1.0843 0.1333 0.1337 -1.0861 0.1337 0.1332 -1.0781 0.1232 0.1447 -1.0812 0.1258 0.1417 -1.085 0.1277 0.1394 -1.0894 0.1278 0.1389 -1.0975 0.1225 0.1435
79.0 -1.1217 0.1008 0.1633 -1.0291 0.1145 0.1585 -0.9853 0.1058 0.1717 -0.9883 0.1029 0.1744 -0.9934 0.1016 0.1752 -0.9963 0.0982 0.1784 -1.0401 0.1173 0.1545 -1.0369 0.119 0.1531 -1.0358 0.1179 0.1543 -1.0344 0.115 0.1574 -1.0538 0.114 0.1565
79.0 -1.1217 0.1008 0.1633 -1.0291 0.1145 0.1585 -0.9853 0.1058 0.1717 -0.9883 0.1029 0.1744 -0.9934 0.1016 0.1752 -0.9963 0.0982 0.1784 -1.0401 0.1173 0.1545 -1.0369 0.119 0.1531 -1.0358 0.1179 0.1543 -1.0344 0.115 0.1574 -1.0538 0.114 0.1565
81.0 -0.9814 0.0733 0.2053 -0.8921 0.0811 0.2062 -0.8695 0.0872 0.2022 -0.8683 0.0904 0.1991 -0.8722 0.0929 0.1961 -0.8824 0.091 0.1971 -0.9192 0.0701 0.2148 -0.9206 0.073 0.2117 -0.9238 0.0762 0.2081 -0.927 0.0794 0.2045 -0.9344 0.0744 0.2089
82.0 -0.9677 0.0758 0.2042 -0.8878 0.0762 0.2117 -0.8521 0.0834 0.2078 -0.8502 0.088 0.2034 -0.8563 0.0926 0.198 -0.8689 0.094 0.1953 -0.9083 0.0679 0.2181 -0.9084 0.0734 0.2125 -0.9111 0.0791 0.2063 -0.9148 0.0848 0.2002 -0.9221 0.0762 0.2083
83.0 -0.9411 0.0794 0.2031 -0.8498 0.0905 0.2008 -0.8134 0.0936 0.2013 -0.8139 0.0965 0.1982 -0.8141 0.0977 0.197 -0.8285 0.0946 0.1988 -0.875 0.0736 0.2156 -0.8747 0.0767 0.2124 -0.8754 0.0809 0.2081 -0.8788 0.0853 0.2032 -0.889 0.0792 0.2085
83.0 -0.9411 0.0794 0.2031 -0.8498 0.0905 0.2008 -0.8134 0.0936 0.2013 -0.8139 0.0965 0.1982 -0.8141 0.0977 0.197 -0.8285 0.0946 0.1988 -0.875 0.0736 0.2156 -0.8747 0.0767 0.2124 -0.8754 0.0809 0.2081 -0.8788 0.0853 0.2032 -0.889 0.0792 0.2085
83.0 -0.9411 0.0794 0.2031 -0.8498 0.0905 0.2008 -0.8134 0.0936 0.2013 -0.8139 0.0965 0.1982 -0.8141 0.0977 0.197 -0.8285 0.0946 0.1988 -0.875 0.0736 0.2156 -0.8747 0.0767 0.2124 -0.8754 0.0809 0.2081 -0.8788 0.0853 0.2032 -0.889 0.0792 0.2085
83.0 -0.9411 0.0794 0.2031 -0.8498 0.0905 0.2008 -0.8134 0.0936 0.2013 -0.8139 0.0965 0.1982 -0.8141 0.0977 0.197 -0.8285 0.0946 0.1988 -0.875 0.0736 0.2156 -0.8747 0.0767 0.2124 -0.8754 0.0809 0.2081 -0.8788 0.0853 0.2032 -0.889 0.0792 0.2085
83.0 -0.9411 0.0794 0.2031 -0.8498 0.0905 0.2008 -0.8134 0.0936 0.2013 -0.8139 0.0965 0.1982 -0.8141 0.0977 0.197 -0.8285 0.0946 0.1988 -0.875 0.0736 0.2156 -0.8747 0.0767 0.2124 -0.8754 0.0809 0.2081 -0.8788 0.0853 0.2032 -0.889 0.0792 0.2085
83.0 -0.9411 0.0794 0.2031 -0.8498 0.0905 0.2008 -0.8134 0.0936 0.2013 -0.8139 0.0965 0.1982 -0.8141 0.0977 0.197 -0.8285 0.0946 0.1988 -0.875 0.0736 0.2156 -0.8747 0.0767 0.2124 -0.8754 0.0809 0.2081 -0.8788 0.0853 0.2032 -0.889 0.0792 0.2085
83.0 -0.9411 0.0794 0.2031 -0.8498 0.0905 0.2008 -0.8134 0.0936 0.2013 -0.8139 0.0965 0.1982 -0.8141 0.0977 0.197 -0.8285 0.0946 0.1988 -0.875 0.0736 0.2156 -0.8747 0.0767 0.2124 -0.8754 0.0809 0.2081 -0.8788 0.0853 0.2032 -0.889 0.0792 0.2085
83.0 -0.9411 0.0794 0.2031 -0.8498 0.0905 0.2008 -0.8134 0.0936 0.2013 -0.8139 0.0965 0.1982 -0.8141 0.0977 0.197 -0.8285 0.0946 0.1988 -0.875 0.0736 0.2156 -0.8747 0.0767 0.2124 -0.8754 0.0809 0.2081 -0.8788 0.0853 0.2032 -0.889 0.0792 0.2085
83.0 -0.9411 0.0794 0.2031 -0.8498 0.0905 0.2008 -0.8134 0.0936 0.2013 -0.8139 0.0965 0.1982 -0.8141 0.0977 0.197 -0.8285 0.0946 0.1988 -0.875 0.0736 0.2156 -0.8747 0.0767 0.2124 -0.8754 0.0809 0.2081 -0.8788 0.0853 0.2032 -0.889 0.0792 0.2085
83.0 -0.9411 0.0794 0.2031 -0.8498 0.0905 0.2008 -0.8134 0.0936 0.2013 -0.8139 0.0965 0.1982 -0.8141 0.0977 0.197 -0.8285 0.0946 0.1988 -0.875 0.0736 0.2156 -0.8747 0.0767 0.2124 -0.8754 0.0809 0.2081 -0.8788 0.0853 0.2032 -0.889 0.0792 0.2085
83.0 -0.9411 0.0794 0.2031 -0.8498 0.0905 0.2008 -0.8134 0.0936 0.2013 -0.8139 0.0965 0.1982 -0.8141 0.0977 0.197 -0.8285 0.0946 0.1988 -0.875 0.0736 0.2156 -0.8747 0.0767 0.2124 -0.8754 0.0809 0.2081 -0.8788 0.0853 0.2032 -0.889 0.0792 0.2085
83.0 -0.9411 0.0794 0.2031 -0.8498 0.0905 0.2008 -0.8134 0.0936 0.2013 -0.8139 0.0965 0.1982 -0.8141 0.0977 0.197 -0.8285 0.0946 0.1988 -0.875 0.0736 0.2156 -0.8747 0.0767 0.2124 -0.8754 0.0809 0.2081 -0.8788 0.0853 0.2032 -0.889 0.0792 0.2085
83.0 -0.9411 0.0794 0.2031 -0.8498 0.0905 0.2008 -0.8134 0.0936 0.2013 -0.8139 0.0965 0.1982 -0.8141 0.0977 0.197 -0.8285 0.0946 0.1988 -0.875 0.0736 0.2156 -0.8747 0.0767 0.2124 -0.8754 0.0809 0.2081 -0.8788 0.0853 0.2032 -0.889 0.0792 0.2085
83.0 -0.9411 0.0794 0.2031 -0.8498 0.0905 0.2008 -0.8134 0.0936 0.2013 -0.8139 0.0965 0.1982 -0.8141 0.0977 0.197 -0.8285 0.0946 0.1988 -0.875 0.0736 0.2156 -0.8747 0.0767 0.2124 -0.8754 0.0809 0.2081 -0.8788 0.0853 0.2032 -0.889 0.0792 0.2085
83.0 -0.9411 0.0794 0.2031 -0.8498 0.0905 0.2008 -0.8134 0.0936 0.2013 -0.8139 0.0965 0.1982 -0.8141 0.0977 0.197 -0.8285 0.0946 0.1988 -0.875 0.0736 0.2156 -0.8747 0.0767 0.2124 -0.8754 0.0809 0.2081 -0.8788 0.0853 0.2032 -0.889 0.0792 0.2085
83.0 -0.9411 0.0794 0.2031 -0.8498 0.0905 0.2008 -0.8134 0.0936 0.2013 -0.8139 0.0965 0.1982 -0.8141 0.0977 0.197 -0.8285 0.0946 0.1988 -0.875 0.0736 0.2156 -0.8747 0.0767 0.2124 -0.8754 0.0809 0.2081 -0.8788 0.0853 0.2032 -0.889 0.0792 0.2085
83.0 -0.9411 0.0794 0.2031 -0.8498 0.0905 0.2008 -0.8134 0.0936 0.2013 -0.8139 0.0965 0.1982 -0.8141 0.0977 0.197 -0.8285 0.0946 0.1988 -0.875 0.0736 0.2156 -0.8747 0.0767 0.2124 -0.8754 0.0809 0.2081 -0.8788 0.0853 0.2032 -0.889 0.0792 0.2085
83.0 -0.9411 0.0794 0.2031 -0.8498 0.0905 0.2008 -0.8134 0.0936 0.2013 -0.8139 0.0965 0.1982 -0.8141 0.0977 0.197 -0.8285 0.0946 0.1988 -0.875 0.0736 0.2156 -0.8747 0.0767 0.2124 -0.8754 0.0809 0.2081 -0.8788 0.0853 0.2032 -0.889 0.0792 0.2085
83.0 -0.9411 0.0794 0.2031 -0.8498 0.0905 0.2008 -0.8134 0.0936 0.2013 -0.8139 0.0965 0.1982 -0.8141 0.0977 0.197 -0.8285 0.0946 0.1988 -0.875 0.0736 0.2156 -0.8747 0.0767 0.2124 -0.8754 0.0809 0.2081 -0.8788 0.0853 0.2032 -0.889 0.0792 0.2085
83.0 -0.9411 0.0794 0.2031 -0.8498 0.0905 0.2008 -0.8134 0.0936 0.2013 -0.8139 0.0965 0.1982 -0.8141 0.0977 0.197 -0.8285 0.0946 0.1988 -0.875 0.0736 0.2156 -0.8747 0.0767 0.2124 -0.8754 0.0809 0.2081 -0.8788 0.0853 0.2032 -0.889 0.0792 0.2085
83.0 -0.9411 0.0794 0.2031 -0.8498 0.0905 0.2008 -0.8134 0.0936 0.2013 -0.8139 0.0965 0.1982 -0.8141 0.0977 0.197 -0.8285 0.0946 0.1988 -0.875 0.0736 0.2156 -0.8747 0.0767 0.2124 -0.8754 0.0809 0.2081 -0.8788 0.0853 0.2032 -0.889 0.0792 0.2085
83.0 -0.9411 0.0794 0.2031 -0.8498 0.0905 0.2008 -0.8134 0.0936 0.2013 -0.8139 0.0965 0.1982 -0.8141 0.0977 0.197 -0.8285 0.0946 0.1988 -0.875 0.0736 0.2156 -0.8747 0.0767 0.2124 -0.8754 0.0809 0.2081 -0.8788 0.0853 0.2032 -0.889 0.0792 0.2085
83.0 -0.9411 0.0794 0.2031 -0.8498 0.0905 0.2008 -0.8134 0.0936 0.2013 -0.8139 0.0965 0.1982 -0.8141 0.0977 0.197 -0.8285 0.0946 0.1988 -0.875 0.0736 0.2156 -0.8747 0.0767 0.2124 -0.8754 0.0809 0.2081 -0.8788 0.0853 0.2032 -0.889 0.0792 0.2085
83.0 -0.9411 0.0794 0.2031 -0.8498 0.0905 0.2008 -0.8134 0.0936 0.2013 -0.8139 0.0965 0.1982 -0.8141 0.0977 0.197 -0.8285 0.0946 0.1988 -0.875 0.0736 0.2156 -0.8747 0.0767 0.2124 -0.8754 0.0809 0.2081 -0.8788 0.0853 0.2032 -0.889 0.0792 0.2085
83.0 -0.9411 0.0794 0.2031 -0.8498 0.0905 0.2008 -0.8134 0.0936 0.2013 -0.8139 0.0965 0.1982 -0.8141 0.0977 0.197 -0.8285 0.0946 0.1988 -0.875 0.0736 0.2156 -0.8747 0.0767 0.2124 -0.8754 0.0809 0.2081 -0.8788 0.0853 0.2032 -0.889 0.0792 0.2085
83.0 -0.9411 0.0794 0.2031 -0.8498 0.0905 0.2008 -0.8134 0.0936 0.2013 -0.8139 0.0965 0.1982 -0.8141 0.0977 0.197 -0.8285 0.0946 0.1988 -0.875 0.0736 0.2156 -0.8747 0.0767 0.2124 -0.8754 0.0809 0.2081 -0.8788 0.0853 0.2032 -0.889 0.0792 0.2085
83.0 -0.9411 0.0794 0.2031 -0.8498 0.0905 0.2008 -0.8134 0.0936 0.2013 -0.8139 0.0965 0.1982 -0.8141 0.0977 0.197 -0.8285 0.0946 0.1988 -0.875 0.0736 0.2156 -0.8747 0.0767 0.2124 -0.8754 0.0809 0.2081 -0.8788 0.0853 0.2032 -0.889 0.0792 0.2085
83.0 -0.9411 0.0794 0.2031 -0.8498 0.0905 0.2008 -0.8134 0.0936 0.2013 -0.8139 0.0965 0.1982 -0.8141 0.0977 0.197 -0.8285 0.0946 0.1988 -0.875 0.0736 0.2156 -0.8747 0.0767 0.2124 -0.8754 0.0809 0.2081 -0.8788 0.0853 0.2032 -0.889 0.0792 0.2085
83.0 -0.9411 0.0794 0.2031 -0.8498 0.0905 0.2008 -0.8134 0.0936 0.2013 -0.8139 0.0965 0.1982 -0.8141 0.0977 0.197 -0.8285 0.0946 0.1988 -0.875 0.0736 0.2156 -0.8747 0.0767 0.2124 -0.8754 0.0809 0.2081 -0.8788 0.0853 0.2032 -0.889 0.0792 0.2085
83.0 -0.9411 0.0794 0.2031 -0.8498 0.0905 0.2008 -0.8134 0.0936 0.2013 -0.8139 0.0965 0.1982 -0.8141 0.0977 0.197 -0.8285 0.0946 0.1988 -0.875 0.0736 0.2156 -0.8747 0.0767 0.2124 -0.8754 0.0809 0.2081 -0.8788 0.0853 0.2032 -0.889 0.0792 0.2085
83.0 -0.9411 0.0794 0.2031 -0.8498 0.0905 0.2008 -0.8134 0.0936 0.2013 -0.8139 0.0965 0.1982 -0.8141 0.0977 0.197 -0.8285 0.0946 0.1988 -0.875 0.0736 0.2156 -0.8747 0.0767 0.2124 -0.8754 0.0809 0.2081 -0.8788 0.0853 0.2032 -0.889 0.0792 0.2085
83.0 -0.9411 0.0794 0.2031 -0.8498 0.0905 0.2008 -0.8134 0.0936 0.2013 -0.8139 0.0965 0.1982 -0.8141 0.0977 0.197 -0.8285 0.0946 0.1988 -0.875 0.0736 0.2156 -0.8747 0.0767 0.2124 -0.8754 0.0809 0.2081 -0.8788 0.0853 0.2032 -0.889 0.0792 0.2085
83.0 -0.9411 0.0794 0.2031 -0.8498 0.0905 0.2008 -0.8134 0.0936 0.2013 -0.8139 0.0965 0.1982 -0.8141 0.0977 0.197 -0.8285 0.0946 0.1988 -0.875 0.0736 0.2156 -0.8747 0.0767 0.2124 -0.8754 0.0809 0.2081 -0.8788 0.0853 0.2032 -0.889 0.0792 0.2085
83.0 -0.9411 0.0794 0.2031 -0.8498 0.0905 0.2008 -0.8134 0.0936 0.2013 -0.8139 0.0965 0.1982 -0.8141 0.0977 0.197 -0.8285 0.0946 0.1988 -0.875 0.0736 0.2156 -0.8747 0.0767 0.2124 -0.8754 0.0809 0.2081 -0.8788 0.0853 0.2032 -0.889 0.0792 0.2085
83.0 -0.9411 0.0794 0.2031 -0.8498 0.0905 0.2008 -0.8134 0.0936 0.2013 -0.8139 0.0965 0.1982 -0.8141 0.0977 0.197 -0.8285 0.0946 0.1988 -0.875 0.0736 0.2156 -0.8747 0.0767 0.2124 -0.8754 0.0809 0.2081 -0.8788 0.0853 0.2032 -0.889 0.0792 0.2085
83.0 -0.9411 0.0794 0.2031 -0.8498 0.0905 0.2008 -0.8134 0.0936 0.2013 -0.8139 0.0965 0.1982 -0.8141 0.0977 0.197 -0.8285 0.0946 0.1988 -0.875 0.0736 0.2156 -0.8747 0.0767 0.2124 -0.8754 0.0809 0.2081 -0.8788 0.0853 0.2032 -0.889 0.0792 0.2085
83.0 -0.9411 0.0794 0.2031 -0.8498 0.0905 0.2008 -0.8134 0.0936 0.2013 -0.8139 0.0965 0.1982 -0.8141 0.0977 0.197 -0.8285 0.0946 0.1988 -0.875 0.0736 0.2156 -0.8747 0.0767 0.2124 -0.8754 0.0809 0.2081 -0.8788 0.0853 0.2032 -0.889 0.0792 0.2085
83.0 -0.9411 0.0794 0.2031 -0.8498 0.0905 0.2008 -0.8134 0.0936 0.2013 -0.8139 0.0965 0.1982 -0.8141 0.0977 0.197 -0.8285 0.0946 0.1988 -0.875 0.0736 0.2156 -0.8747 0.0767 0.2124 -0.8754 0.0809 0.2081 -0.8788 0.0853 0.2032 -0.889 0.0792 0.2085
83.0 -0.9411 0.0794 0.2031 -0.8498 0.0905 0.2008 -0.8134 0.0936 0.2013 -0.8139 0.0965 0.1982 -0.8141 0.0977 0.197 -0.8285 0.0946 0.1988 -0.875 0.0736 0.2156 -0.8747 0.0767 0.2124 -0.8754 0.0809 0.2081 -0.8788 0.0853 0.2032 -0.889 0.0792 0.2085
83.0 -0.9411 0.0794 0.2031 -0.8498 0.0905 0.2008 -0.8134 0.0936 0.2013 -0.8139 0.0965 0.1982 -0.8141 0.0977 0.197 -0.8285 0.0946 0.1988 -0.875 0.0736 0.2156 -0.8747 0.0767 0.2124 -0.8754 0.0809 0.2081 -0.8788 0.0853 0.2032 -0.889 0.0792 0.2085
83.0 -0.9411 0.0794 0.2031 -0.8498 0.0905 0.2008 -0.8134 0.0936 0.2013 -0.8139 0.0965 0.1982 -0.8141 0.0977 0.197 -0.8285 0.0946 0.1988 -0.875 0.0736 0.2156 -0.8747 0.0767 0.2124 -0.8754 0.0809 0.2081 -0.8788 0.0853 0.2032 -0.889 0.0792 0.2085
83.0 -0.9411 0.0794 0.2031 -0.8498 0.0905 0.2008 -0.8134 0.0936 0.2013 -0.8139 0.0965 0.1982 -0.8141 0.0977 0.197 -0.8285 0.0946 0.1988 -0.875 0.0736 0.2156 -0.8747 0.0767 0.2124 -0.8754 0.0809 0.2081 -0.8788 0.0853 0.2032 -0.889 0.0792 0.2085
83.0 -0.9411 0.0794 0.2031 -0.8498 0.0905 0.2008 -0.8134 0.0936 0.2013 -0.8139 0.0965 0.1982 -0.8141 0.0977 0.197 -0.8285 0.0946 0.1988 -0.875 0.0736 0.2156 -0.8747 0.0767 0.2124 -0.8754 0.0809 0.2081 -0.8788 0.0853 0.2032 -0.889 0.0792 0.2085
83.0 -0.9411 0.0794 0.2031 -0.8498 0.0905 0.2008 -0.8134 0.0936 0.2013 -0.8139 0.0965 0.1982 -0.8141 0.0977 0.197 -0.8285 0.0946 0.1988 -0.875 0.0736 0.2156 -0.8747 0.0767 0.2124 -0.8754 0.0809 0.2081 -0.8788 0.0853 0.2032 -0.889 0.0792 0.2085
83.0 -0.9411 0.0794 0.2031 -0.8498 0.0905 0.2008 -0.8134 0.0936 0.2013 -0.8139 0.0965 0.1982 -0.8141 0.0977 0.197 -0.8285 0.0946 0.1988 -0.875 0.0736 0.2156 -0.8747 0.0767 0.2124 -0.8754 0.0809 0.2081 -0.8788 0.0853 0.2032 -0.889 0.0792 0.2085
83.0 -0.9411 0.0794 0.2031 -0.8498 0.0905 0.2008 -0.8134 0.0936 0.2013 -0.8139 0.0965 0.1982 -0.8141 0.0977 0.197 -0.8285 0.0946 0.1988 -0.875 0.0736 0.2156 -0.8747 0.0767 0.2124 -0.8754 0.0809 0.2081 -0.8788 0.0853 0.2032 -0.889 0.0792 0.2085
83.0 -0.9411 0.0794 0.2031 -0.8498 0.0905 0.2008 -0.8134 0.0936 0.2013 -0.8139 0.0965 0.1982 -0.8141 0.0977 0.197 -0.8285 0.0946 0.1988 -0.875 0.0736 0.2156 -0.8747 0.0767 0.2124 -0.8754 0.0809 0.2081 -0.8788 0.0853 0.2032 -0.889 0.0792 0.2085
83.0 -0.9411 0.0794 0.2031 -0.8498 0.0905 0.2008 -0.8134 0.0936 0.2013 -0.8139 0.0965 0.1982 -0.8141 0.0977 0.197 -0.8285 0.0946 0.1988 -0.875 0.0736 0.2156 -0.8747 0.0767 0.2124 -0.8754 0.0809 0.2081 -0.8788 0.0853 0.2032 -0.889 0.0792 0.2085
83.0 -0.9411 0.0794 0.2031 -0.8498 0.0905 0.2008 -0.8134 0.0936 0.2013 -0.8139 0.0965 0.1982 -0.8141 0.0977 0.197 -0.8285 0.0946 0.1988 -0.875 0.0736 0.2156 -0.8747 0.0767 0.2124 -0.8754 0.0809 0.2081 -0.8788 0.0853 0.2032 -0.889 0.0792 0.2085
83.0 -0.9411 0.0794 0.2031 -0.8498 0.0905 0.2008 -0.8134 0.0936 0.2013 -0.8139 0.0965 0.1982 -0.8141 0.0977 0.197 -0.8285 0.0946 0.1988 -0.875 0.0736 0.2156 -0.8747 0.0767 0.2124 -0.8754 0.0809 0.2081 -0.8788 0.0853 0.2032 -0.889 0.0792 0.2085
83.0 -0.9411 0.0794 0.2031 -0.8498 0.0905 0.2008 -0.8134 0.0936 0.2013 -0.8139 0.0965 0.1982 -0.8141 0.0977 0.197 -0.8285 0.0946 0.1988 -0.875 0.0736 0.2156 -0.8747 0.0767 0.2124 -0.8754 0.0809 0.2081 -0.8788 0.0853 0.2032 -0.889 0.0792 0.2085
83.0 -0.9411 0.0794 0.2031 -0.8498 0.0905 0.2008 -0.8134 0.0936 0.2013 -0.8139 0.0965 0.1982 -0.8141 0.0977 0.197 -0.8285 0.0946 0.1988 -0.875 0.0736 0.2156 -0.8747 0.0767 0.2124 -0.8754 0.0809 0.2081 -0.8788 0.0853 0.2032 -0.889 0.0792 0.2085
83.0 -0.9411 0.0794 0.2031 -0.8498 0.0905 0.2008 -0.8134 0.0936 0.2013 -0.8139 0.0965 0.1982 -0.8141 0.0977 0.197 -0.8285 0.0946 0.1988 -0.875 0.0736 0.2156 -0.8747 0.0767 0.2124 -0.8754 0.0809 0.2081 -0.8788 0.0853 0.2032 -0.889 0.0792 0.2085
83.0 -0.9411 0.0794 0.2031 -0.8498 0.0905 0.2008 -0.8134 0.0936 0.2013 -0.8139 0.0965 0.1982 -0.8141 0.0977 0.197 -0.8285 0.0946 0.1988 -0.875 0.0736 0.2156 -0.8747 0.0767 0.2124 -0.8754 0.0809 0.2081 -0.8788 0.0853 0.2032 -0.889 0.0792 0.2085
83.0 -0.9411 0.0794 0.2031 -0.8498 0.0905 0.2008 -0.8134 0.0936 0.2013 -0.8139 0.0965 0.1982 -0.8141 0.0977 0.197 -0.8285 0.0946 0.1988 -0.875 0.0736 0.2156 -0.8747 0.0767 0.2124 -0.8754 0.0809 0.2081 -0.8788 0.0853 0.2032 -0.889 0.0792 0.2085
83.0 -0.9411 0.0794 0.2031 -0.8498 0.0905 0.2008 -0.8134 0.0936 0.2013 -0.8139 0.0965 0.1982 -0.8141 0.0977 0.197 -0.8285 0.0946 0.1988 -0.875 0.0736 0.2156 -0.8747 0.0767 0.2124 -0.8754 0.0809 0.2081 -0.8788 0.0853 0.2032 -0.889 0.0792 0.2085
83.0 -0.9411 0.0794 0.2031 -0.8498 0.0905 0.2008 -0.8134 0.0936 0.2013 -0.8139 0.0965 0.1982 -0.8141 0.0977 0.197 -0.8285 0.0946 0.1988 -0.875 0.0736 0.2156 -0.8747 0.0767 0.2124 -0.8754 0.0809 0.2081 -0.8788 0.0853 0.2032 -0.889 0.0792 0.2085
83.0 -0.9411 0.0794 0.2031 -0.8498 0.0905 0.2008 -0.8134 0.0936 0.2013 -0.8139 0.0965 0.1982 -0.8141 0.0977 0.197 -0.8285 0.0946 0.1988 -0.875 0.0736 0.2156 -0.8747 0.0767 0.2124 -0.8754 0.0809 0.2081 -0.8788 0.0853 0.2032 -0.889 0.0792 0.2085
83.0 -0.9411 0.0794 0.2031 -0.8498 0.0905 0.2008 -0.8134 0.0936 0.2013 -0.8139 0.0965 0.1982 -0.8141 0.0977 0.197 -0.8285 0.0946 0.1988 -0.875 0.0736 0.2156 -0.8747 0.0767 0.2124 -0.8754 0.0809 0.2081 -0.8788 0.0853 0.2032 -0.889 0.0792 0.2085
83.0 -0.9411 0.0794 0.2031 -0.8498 0.0905 0.2008 -0.8134 0.0936 0.2013 -0.8139 0.0965 0.1982 -0.8141 0.0977 0.197 -0.8285 0.0946 0.1988 -0.875 0.0736 0.2156 -0.8747 0.0767 0.2124 -0.8754 0.0809 0.2081 -0.8788 0.0853 0.2032 -0.889 0.0792 0.2085
143.0 -0.8908 0.0733 0.2143 -0.8127 0.0894 0.2056 -0.8156 0.1061 0.1883 -0.8223 0.1095 0.1842 -0.8398 0.1089 0.183 -0.8543 0.1112 0.1792 -0.8187 0.0886 0.2059 -0.8303 0.0949 0.1982 -0.8436 0.1005 0.1912 -0.8567 0.1048 0.1855 -0.848 0.0924 0.199
144.0 -0.9045 0.0715 0.2148 -0.8124 0.0882 0.2069 -0.8168 0.1132 0.1808 -0.8177 0.118 0.1759 -0.8358 0.1162 0.1759 -0.8586 0.1156 0.1743 -0.8355 0.0893 0.2034 -0.847 0.0945 0.197 -0.86 0.0983 0.1919 -0.8744 0.1006 0.1881 -0.8643 0.0908 0.199
145.0 -0.9154 0.0731 0.2121 -0.813 0.0912 0.2038 -0.8152 0.1037 0.1908 -0.8194 0.1129 0.1809 -0.8375 0.1159 0.176 -0.8536 0.1174 0.1729 -0.8418 0.0848 0.2074 -0.8512 0.0885 0.2028 -0.8632 0.0917 0.1982 -0.8751 0.0944 0.1943 -0.8693 0.0865 0.203
146.0 -0.9411 0.0696 0.2131 -0.8346 0.0889 0.204 -0.8303 0.1047 0.1882 -0.8423 0.1129 0.1787 -0.8575 0.1145 0.1755 -0.8769 0.1149 0.1732 -0.8738 0.0817 0.2074 -0.8816 0.0862 0.2021 -0.8912 0.091 0.1962 -0.9023 0.0938 0.1923 -0.898 0.0845 0.2022
147.0 -0.9667 0.0698 0.2104 -0.8531 0.0894 0.2016 -0.8508 0.1062 0.1846 -0.8598 0.1123 0.1775 -0.8669 0.1126 0.1765 -0.8788 0.1104 0.1776 -0.8944 0.0838 0.2032 -0.8991 0.0857 0.2009 -0.9048 0.0879 0.198 -0.911 0.0883 0.197 -0.9152 0.0831 0.2019
148.0 -0.9883 0.0724 0.2056 -0.8774 0.0922 0.1963 -0.8772 0.1063 0.1819 -0.8807 0.1113 0.1764 -0.8852 0.112 0.1754 -0.892 0.1104 0.1762 -0.9086 0.085 0.2006 -0.9117 0.0876 0.1976 -0.9167 0.0906 0.1941 -0.9213 0.0918 0.1924 -0.9293 0.0855 0.1981
149.0 -1.0082 0.0758 0.2001 -0.9 0.091 0.1953 -0.9019 0.1067 0.1791 -0.9069 0.1102 0.175 -0.9112 0.1097 0.1751 -0.9142 0.1068 0.1777 -0.9305 0.0893 0.194 -0.9329 0.0927 0.1903 -0.9367 0.0946 0.188 -0.941 0.094 0.1881 -0.9499 0.0893 0.1921
150.0 -1.0277 0.0768 0.1971 -0.924 0.0921 0.1918 -0.9328 0.1074 0.1753 -0.9412 0.1099 0.1719 -0.9474 0.1103 0.1709 -0.952 0.1115 0.1692 -0.9479 0.0882 0.1934 -0.9523 0.0931 0.188 -0.9582 0.0966 0.1838 -0.9647 0.0988 0.1809 -0.9702 0.0907 0.1886
151.0 -1.052 0.0748 0.1968 -0.9449 0.096 0.1858 -0.9629 0.1033 0.1765 -0.9675 0.1045 0.1748 -0.9725 0.1032 0.1756 -0.976 0.1028 0.1758 -0.9706 0.1023 0.1768 -0.9735 0.1037 0.175 -0.9777 0.1025 0.1758 -0.9824 0.0994 0.1785 -0.9913 0.0965 0.1806
151.0 -1.052 0.0748 0.1968 -0.9449 0.096 0.1858 -0.9629 0.1033 0.1765 -0.9675 0.1045 0.1748 -0.9725 0.1032 0.1756 -0.976 0.1028 0.1758 -0.9706 0.1023 0.1768 -0.9735 0.1037 0.175 -0.9777 0.1025 0.1758 -0.9824 0.0994 0.1785 -0.9913 0.0965 0.1806
151.0 -1.052 0.0748 0.1968 -0.9449 0.096 0.1858 -0.9629 0.1033 0.1765 -0.9675 0.1045 0.1748 -0.9725 0.1032 0.1756 -0.976 0.1028 0.1758 -0.9706 0.1023 0.1768 -0.9735 0.1037 0.175 -0.9777 0.1025 0.1758 -0.9824 0.0994 0.1785 -0.9913 0.0965 0.1806
151.0 -1.052 0.0748 0.1968 -0.9449 0.096 0.1858 -0.9629 0.1033 0.1765 -0.9675 0.1045 0.1748 -0.9725 0.1032 0.1756 -0.976 0.1028 0.1758 -0.9706 0.1023 0.1768 -0.9735 0.1037 0.175 -0.9777 0.1025 0.1758 -0.9824 0.0994 0.1785 -0.9913 0.0965 0.1806
151.0 -1.052 0.0748 0.1968 -0.9449 0.096 0.1858 -0.9629 0.1033 0.1765 -0.9675 0.1045 0.1748 -0.9725 0.1032 0.1756 -0.976 0.1028 0.1758 -0.9706 0.1023 0.1768 -0.9735 0.1037 0.175 -0.9777 0.1025 0.1758 -0.9824 0.0994 0.1785 -0.9913 0.0965 0.1806
151.0 -1.052 0.0748 0.1968 -0.9449 0.096 0.1858 -0.9629 0.1033 0.1765 -0.9675 0.1045 0.1748 -0.9725 0.1032 0.1756 -0.976 0.1028 0.1758 -0.9706 0.1023 0.1768 -0.9735 0.1037 0.175 -0.9777 0.1025 0.1758 -0.9824 0.0994 0.1785 -0.9913 0.0965 0.1806
151.0 -1.052 0.0748 0.1968 -0.9449 0.096 0.1858 -0.9629 0.1033 0.1765 -0.9675 0.1045 0.1748 -0.9725 0.1032 0.1756 -0.976 0.1028 0.1758 -0.9706 0.1023 0.1768 -0.9735 0.1037 0.175 -0.9777 0.1025 0.1758 -0.9824 0.0994 0.1785 -0.9913 0.0965 0.1806
151.0 -1.052 0.0748 0.1968 -0.9449 0.096 0.1858 -0.9629 0.1033 0.1765 -0.9675 0.1045 0.1748 -0.9725 0.1032 0.1756 -0.976 0.1028 0.1758 -0.9706 0.1023 0.1768 -0.9735 0.1037 0.175 -0.9777 0.1025 0.1758 -0.9824 0.0994 0.1785 -0.9913 0.0965 0.1806
151.0 -1.052 0.0748 0.1968 -0.9449 0.096 0.1858 -0.9629 0.1033 0.1765 -0.9675 0.1045 0.1748 -0.9725 0.1032 0.1756 -0.976 0.1028 0.1758 -0.9706 0.1023 0.1768 -0.9735 0.1037 0.175 -0.9777 0.1025 0.1758 -0.9824 0.0994 0.1785 -0.9913 0.0965 0.1806
151.0 -1.052 0.0748 0.1968 -0.9449 0.096 0.1858 -0.9629 0.1033 0.1765 -0.9675 0.1045 0.1748 -0.9725 0.1032 0.1756 -0.976 0.1028 0.1758 -0.9706 0.1023 0.1768 -0.9735 0.1037 0.175 -0.9777 0.1025 0.1758 -0.9824 0.0994 0.1785 -0.9913 0.0965 0.1806
151.0 -1.052 0.0748 0.1968 -0.9449 0.096 0.1858 -0.9629 0.1033 0.1765 -0.9675 0.1045 0.1748 -0.9725 0.1032 0.1756 -0.976 0.1028 0.1758 -0.9706 0.1023 0.1768 -0.9735 0.1037 0.175 -0.9777 0.1025 0.1758 -0.9824 0.0994 0.1785 -0.9913 0.0965 0.1806
151.0 -1.052 0.0748 0.1968 -0.9449 0.096 0.1858 -0.9629 0.1033 0.1765 -0.9675 0.1045 0.1748 -0.9725 0.1032 0.1756 -0.976 0.1028 0.1758 -0.9706 0.1023 0.1768 -0.9735 0.1037 0.175 -0.9777 0.1025 0.1758 -0.9824 0.0994 0.1785 -0.9913 0.0965 0.1806
151.0 -1.052 0.0748 0.1968 -0.9449 0.096 0.1858 -0.9629 0.1033 0.1765 -0.9675 0.1045 0.1748 -0.9725 0.1032 0.1756 -0.976 0.1028 0.1758 -0.9706 0.1023 0.1768 -0.9735 0.1037 0.175 -0.9777 0.1025 0.1758 -0.9824 0.0994 0.1785 -0.9913 0.0965 0.1806
151.0 -1.052 0.0748 0.1968 -0.9449 0.096 0.1858 -0.9629 0.1033 0.1765 -0.9675 0.1045 0.1748 -0.9725 0.1032 0.1756 -0.976 0.1028 0.1758 -0.9706 0.1023 0.1768 -0.9735 0.1037 0.175 -0.9777 0.1025 0.1758 -0.9824 0.0994 0.1785 -0.9913 0.0965 0.1806
151.0 -1.052 0.0748 0.1968 -0.9449 0.096 0.1858 -0.9629 0.1033 0.1765 -0.9675 0.1045 0.1748 -0.9725 0.1032 0.1756 -0.976 0.1028 0.1758 -0.9706 0.1023 0.1768 -0.9735 0.1037 0.175 -0.9777 0.1025 0.1758 -0.9824 0.0994 0.1785 -0.9913 0.0965 0.1806
151.0 -1.052 0.0748 0.1968 -0.9449 0.096 0.1858 -0.9629 0.1033 0.1765 -0.9675 0.1045 0.1748 -0.9725 0.1032 0.1756 -0.976 0.1028 0.1758 -0.9706 0.1023 0.1768 -0.9735 0.1037 0.175 -0.9777 0.1025 0.1758 -0.9824 0.0994 0.1785 -0.9913 0.0965 0.1806
151.0 -1.052 0.0748 0.1968 -0.9449 0.096 0.1858 -0.9629 0.1033 0.1765 -0.9675 0.1045 0.1748 -0.9725 0.1032 0.1756 -0.976 0.1028 0.1758 -0.9706 0.1023 0.1768 -0.9735 0.1037 0.175 -0.9777 0.1025 0.1758 -0.9824 0.0994 0.1785 -0.9913 0.0965 0.1806
151.0 -1.052 0.0748 0.1968 -0.9449 0.096 0.1858 -0.9629 0.1033 0.1765 -0.9675 0.1045 0.1748 -0.9725 0.1032 0.1756 -0.976 0.1028 0.1758 -0.9706 0.1023 0.1768 -0.9735 0.1037 0.175 -0.9777 0.1025 0.1758 -0.9824 0.0994 0.1785 -0.9913 0.0965 0.1806
151.0 -1.052 0.0748 0.1968 -0.9449 0.096 0.1858 -0.9629 0.1033 0.1765 -0.9675 0.1045 0.1748 -0.9725 0.1032 0.1756 -0.976 0.1028 0.1758 -0.9706 0.1023 0.1768 -0.9735 0.1037 0.175 -0.9777 0.1025 0.1758 -0.9824 0.0994 0.1785 -0.9913 0.0965 0.1806
151.0 -1.052 0.0748 0.1968 -0.9449 0.096 0.1858 -0.9629 0.1033 0.1765 -0.9675 0.1045 0.1748 -0.9725 0.1032 0.1756 -0.976 0.1028 0.1758 -0.9706 0.1023 0.1768 -0.9735 0.1037 0.175 -0.9777 0.1025 0.1758 -0.9824 0.0994 0.1785 -0.9913 0.0965 0.1806
151.0 -1.052 0.0748 0.1968 -0.9449 0.096 0.1858 -0.9629 0.1033 0.1765 -0.9675 0.1045 0.1748 -0.9725 0.1032 0.1756 -0.976 0.1028 0.1758 -0.9706 0.1023 0.1768 -0.9735 0.1037 0.175 -0.9777 0.1025 0.1758 -0.9824 0.0994 0.1785 -0.9913 0.0965 0.1806
151.0 -1.052 0.0748 0.1968 -0.9449 0.096 0.1858 -0.9629 0.1033 0.1765 -0.9675 0.1045 0.1748 -0.9725 0.1032 0.1756 -0.976 0.1028 0.1758 -0.9706 0.1023 0.1768 -0.9735 0.1037 0.175 -0.9777 0.1025 0.1758 -0.9824 0.0994 0.1785 -0.9913 0.0965 0.1806
151.0 -1.052 0.0748 0.1968 -0.9449 0.096 0.1858 -0.9629 0.1033 0.1765 -0.9675 0.1045 0.1748 -0.9725 0.1032 0.1756 -0.976 0.1028 0.1758 -0.9706 0.1023 0.1768 -0.9735 0.1037 0.175 -0.9777 0.1025 0.1758 -0.9824 0.0994 0.1785 -0.9913 0.0965 0.1806
151.0 -1.052 0.0748 0.1968 -0.9449 0.096 0.1858 -0.9629 0.1033 0.1765 -0.9675 0.1045 0.1748 -0.9725 0.1032 0.1756 -0.976 0.1028 0.1758 -0.9706 0.1023 0.1768 -0.9735 0.1037 0.175 -0.9777 0.1025 0.1758 -0.9824 0.0994 0.1785 -0.9913 0.0965 0.1806
151.0 -1.052 0.0748 0.1968 -0.9449 0.096 0.1858 -0.9629 0.1033 0.1765 -0.9675 0.1045 0.1748 -0.9725 0.1032 0.1756 -0.976 0.1028 0.1758 -0.9706 0.1023 0.1768 -0.9735 0.1037 0.175 -0.9777 0.1025 0.1758 -0.9824 0.0994 0.1785 -0.9913 0.0965 0.1806
151.0 -1.052 0.0748 0.1968 -0.9449 0.096 0.1858 -0.9629 0.1033 0.1765 -0.9675 0.1045 0.1748 -0.9725 0.1032 0.1756 -0.976 0.1028 0.1758 -0.9706 0.1023 0.1768 -0.9735 0.1037 0.175 -0.9777 0.1025 0.1758 -0.9824 0.0994 0.1785 -0.9913 0.0965 0.1806
151.0 -1.052 0.0748 0.1968 -0.9449 0.096 0.1858 -0.9629 0.1033 0.1765 -0.9675 0.1045 0.1748 -0.9725 0.1032 0.1756 -0.976 0.1028 0.1758 -0.9706 0.1023 0.1768 -0.9735 0.1037 0.175 -0.9777 0.1025 0.1758 -0.9824 0.0994 0.1785 -0.9913 0.0965 0.1806
151.0 -1.052 0.0748 0.1968 -0.9449 0.096 0.1858 -0.9629 0.1033 0.1765 -0.9675 0.1045 0.1748 -0.9725 0.1032 0.1756 -0.976 0.1028 0.1758 -0.9706 0.1023 0.1768 -0.9735 0.1037 0.175 -0.9777 0.1025 0.1758 -0.9824 0.0994 0.1785 -0.9913 0.0965 0.1806
151.0 -1.052 0.0748 0.1968 -0.9449 0.096 0.1858 -0.9629 0.1033 0.1765 -0.9675 0.1045 0.1748 -0.9725 0.1032 0.1756 -0.976 0.1028 0.1758 -0.9706 0.1023 0.1768 -0.9735 0.1037 0.175 -0.9777 0.1025 0.1758 -0.9824 0.0994 0.1785 -0.9913 0.0965 0.1806
151.0 -1.052 0.0748 0.1968 -0.9449 0.096 0.1858 -0.9629 0.1033 0.1765 -0.9675 0.1045 0.1748 -0.9725 0.1032 0.1756 -0.976 0.1028 0.1758 -0.9706 0.1023 0.1768 -0.9735 0.1037 0.175 -0.9777 0.1025 0.1758 -0.9824 0.0994 0.1785 -0.9913 0.0965 0.1806
151.0 -1.052 0.0748 0.1968 -0.9449 0.096 0.1858 -0.9629 0.1033 0.1765 -0.9675 0.1045 0.1748 -0.9725 0.1032 0.1756 -0.976 0.1028 0.1758 -0.9706 0.1023 0.1768 -0.9735 0.1037 0.175 -0.9777 0.1025 0.1758 -0.9824 0.0994 0.1785 -0.9913 0.0965 0.1806
151.0 -1.052 0.0748 0.1968 -0.9449 0.096 0.1858 -0.9629 0.1033 0.1765 -0.9675 0.1045 0.1748 -0.9725 0.1032 0.1756 -0.976 0.1028 0.1758 -0.9706 0.1023 0.1768 -0.9735 0.1037 0.175 -0.9777 0.1025 0.1758 -0.9824 0.0994 0.1785 -0.9913 0.0965 0.1806
151.0 -1.052 0.0748 0.1968 -0.9449 0.096 0.1858 -0.9629 0.1033 0.1765 -0.9675 0.1045 0.1748 -0.9725 0.1032 0.1756 -0.976 0.1028 0.1758 -0.9706 0.1023 0.1768 -0.9735 0.1037 0.175 -0.9777 0.1025 0.1758 -0.9824 0.0994 0.1785 -0.9913 0.0965 0.1806
151.0 -1.052 0.0748 0.1968 -0.9449 0.096 0.1858 -0.9629 0.1033 0.1765 -0.9675 0.1045 0.1748 -0.9725 0.1032 0.1756 -0.976 0.1028 0.1758 -0.9706 0.1023 0.1768 -0.9735 0.1037 0.175 -0.9777 0.1025 0.1758 -0.9824 0.0994 0.1785 -0.9913 0.0965 0.1806
151.0 -1.052 0.0748 0.1968 -0.9449 0.096 0.1858 -0.9629 0.1033 0.1765 -0.9675 0.1045 0.1748 -0.9725 0.1032 0.1756 -0.976 0.1028 0.1758 -0.9706 0.1023 0.1768 -0.9735 0.1037 0.175 -0.9777 0.1025 0.1758 -0.9824 0.0994 0.1785 -0.9913 0.0965 0.1806
151.0 -1.052 0.0748 0.1968 -0.9449 0.096 0.1858 -0.9629 0.1033 0.1765 -0.9675 0.1045 0.1748 -0.9725 0.1032 0.1756 -0.976 0.1028 0.1758 -0.9706 0.1023 0.1768 -0.9735 0.1037 0.175 -0.9777 0.1025 0.1758 -0.9824 0.0994 0.1785 -0.9913 0.0965 0.1806
151.0 -1.052 0.0748 0.1968 -0.9449 0.096 0.1858 -0.9629 0.1033 0.1765 -0.9675 0.1045 0.1748 -0.9725 0.1032 0.1756 -0.976 0.1028 0.1758 -0.9706 0.1023 0.1768 -0.9735 0.1037 0.175 -0.9777 0.1025 0.1758 -0.9824 0.0994 0.1785 -0.9913 0.0965 0.1806
