1.0 -1.2399 0.0378 0.216 -1.1379 0.0479 0.2158 -1.1192 0.0566 0.2088 -1.1227 0.0665 0.1983 -1.1371 0.0737 0.1895 -1.1595 0.0755 0.1854 -1.1743 0.0345 0.2259 -1.1784 0.0431 0.2167 -1.1842 0.0508 0.2082 -1.1932 0.057 0.201 -1.194 0.0446 0.2136
2.0 -1.2409 0.0383 0.2154 -1.1341 0.0515 0.2125 -1.1174 0.0562 0.2093 -1.1217 0.066 0.1989 -1.1335 0.0729 0.1906 -1.1517 0.0766 0.1851 -1.1705 0.0331 0.2276 -1.1755 0.0416 0.2185 -1.1814 0.05 0.2093 -1.1896 0.0568 0.2015 -1.1916 0.044 0.2145
3.0 -1.2406 0.0365 0.2172 -1.1374 0.0498 0.2139 -1.1204 0.0533 0.212 -1.1196 0.0638 0.2013 -1.1334 0.0723 0.1912 -1.1542 0.0756 0.1858 -1.1749 0.0332 0.2272 -1.1781 0.0413 0.2186 -1.183 0.0492 0.21 -1.1913 0.0566 0.2016 -1.1936 0.0433 0.2149
4.0 -1.2401 0.0335 0.2203 -1.135 0.0514 0.2125 -1.1128 0.055 0.211 -1.1204 0.0637 0.2013 -1.1338 0.0698 0.1937 -1.1511 0.073 0.1888 -1.1709 0.0306 0.2301 -1.1768 0.039 0.221 -1.1835 0.0473 0.2119 -1.1909 0.0542 0.2041 -1.1925 0.0409 0.2175
5.0 -1.2394 0.0348 0.2191 -1.1354 0.0489 0.215 -1.1158 0.0521 0.2136 -1.1168 0.063 0.2024 -1.1322 0.0707 0.193 -1.1529 0.0734 0.1882 -1.1736 0.0309 0.2296 -1.177 0.0402 0.2198 -1.1829 0.0486 0.2106 -1.1904 0.0561 0.2022 -1.1927 0.0421 0.2162
6.0 -1.2394 0.0348 0.2191 -1.1325 0.0474 0.2168 -1.1136 0.0549 0.2111 -1.1171 0.0648 0.2006 -1.1314 0.0708 0.193 -1.1512 0.0736 0.1882 -1.1693 0.0315 0.2295 -1.1736 0.0407 0.2196 -1.1802 0.0483 0.2111 -1.1884 0.0551 0.2033 -1.1902 0.0421 0.2165
7.0 -1.2366 0.034 0.2202 -1.1324 0.0468 0.2174 -1.1119 0.0551 0.211 -1.1179 0.0641 0.2012 -1.1313 0.0702 0.1936 -1.1511 0.073 0.1888 -1.1664 0.03 0.2312 -1.1707 0.0392 0.2214 -1.1773 0.0469 0.2129 -1.1865 0.0542 0.2045 -1.1875 0.0409 0.218
8.0 -1.2382 0.0332 0.2209 -1.1334 0.0473 0.2168 -1.1143 0.0536 0.2123 -1.117 0.0642 0.2012 -1.1287 0.0705 0.1935 -1.1502 0.0731 0.1888 -1.1708 0.03 0.2308 -1.1751 0.0392 0.2209 -1.181 0.0476 0.2118 -1.1892 0.0544 0.204 -1.1909 0.0409 0.2177
9.0 -1.2341 0.0343 0.2201 -1.1351 0.0471 0.2169 -1.1146 0.0505 0.2155 -1.1172 0.0605 0.205 -1.1328 0.0688 0.1949 -1.1511 0.073 0.1888 -1.1682 0.0298 0.2313 -1.1713 0.0379 0.2227 -1.1771 0.0457 0.2141 -1.1845 0.0526 0.2063 -1.187 0.0401 0.2189
10.0 -1.2384 0.0337 0.2203 -1.1324 0.0468 0.2174 -1.1143 0.0536 0.2123 -1.1181 0.0653 0.2 -1.1298 0.0716 0.1923 -1.1504 0.0737 0.1881 -1.1706 0.0288 0.232 -1.175 0.0386 0.2216 -1.1809 0.047 0.2124 -1.1883 0.0545 0.204 -1.1906 0.0406 0.218
11.0 -1.2358 0.0341 0.2202 -1.1316 0.0469 0.2174 -1.1109 0.0546 0.2116 -1.119 0.0657 0.1994 -1.1315 0.0714 0.1924 -1.1496 0.0744 0.1875 -1.1647 0.0302 0.2312 -1.1706 0.0386 0.222 -1.1773 0.0469 0.2129 -1.1857 0.0543 0.2045 -1.1868 0.0408 0.2181
12.0 -1.2357 0.0335 0.2208 -1.1331 0.0455 0.2187 -1.1145 0.0547 0.2111 -1.1181 0.0653 0.2 -1.1298 0.0716 0.1923 -1.1504 0.0737 0.1881 -1.1693 0.0315 0.2295 -1.1735 0.0401 0.2203 -1.1792 0.0478 0.2117 -1.1866 0.0548 0.2039 -1.1889 0.0415 0.2172
13.0 -1.2365 0.0334 0.2208 -1.1315 0.0463 0.218 -1.1109 0.0546 0.2116 -1.1165 0.0661 0.1993 -1.1288 0.0711 0.1929 -1.1496 0.0744 0.1875 -1.1685 0.0316 0.2294 -1.1726 0.0402 0.2202 -1.1785 0.0485 0.2111 -1.1867 0.0554 0.2033 -1.1886 0.0418 0.217
14.0 -1.2357 0.0335 0.2208 -1.1343 0.0472 0.2169 -1.1114 0.0521 0.2141 -1.1155 0.0656 0.1999 -1.1288 0.0711 0.1929 -1.1497 0.075 0.1869 -1.1707 0.0294 0.2314 -1.1742 0.0393 0.2209 -1.1801 0.0477 0.2118 -1.1867 0.0554 0.2033 -1.1895 0.0411 0.2176
15.0 -1.2329 0.0327 0.2219 -1.1349 0.0459 0.2181 -1.1164 0.0508 0.2149 -1.1215 0.0648 0.2001 -1.1323 0.0713 0.1924 -1.1495 0.0738 0.1881 -1.1698 0.029 0.232 -1.1732 0.0383 0.2221 -1.1782 0.0468 0.2129 -1.1848 0.0544 0.2045 -1.1878 0.0402 0.2187
16.0 -1.2374 0.0333 0.2209 -1.1333 0.0467 0.2174 -1.1123 0.0526 0.2135 -1.1181 0.0653 0.2 -1.1306 0.0715 0.1924 -1.1512 0.0736 0.1882 -1.1691 0.0303 0.2307 -1.1742 0.0393 0.2209 -1.18 0.0471 0.2124 -1.1882 0.054 0.2046 -1.1898 0.0408 0.2179
17.0 -1.2365 0.0334 0.2208 -1.1315 0.0463 0.218 -1.109 0.0537 0.2128 -1.1173 0.066 0.1993 -1.1296 0.071 0.1929 -1.1504 0.0737 0.1881 -1.1664 0.03 0.2312 -1.1717 0.0397 0.2208 -1.1784 0.048 0.2117 -1.1866 0.0548 0.2039 -1.1879 0.0412 0.2177
18.0 -1.2347 0.033 0.2214 -1.1322 0.0456 0.2187 -1.1108 0.054 0.2122 -1.1172 0.0654 0.2 -1.1295 0.0704 0.1936 -1.1494 0.0732 0.1887 -1.169 0.0297 0.2313 -1.1724 0.039 0.2215 -1.1783 0.0474 0.2123 -1.1865 0.0542 0.2045 -1.1882 0.0406 0.2182
19.0 -1.2366 0.034 0.2202 -1.1321 0.045 0.2193 -1.1105 0.0522 0.2141 -1.1145 0.0651 0.2005 -1.1286 0.0699 0.1942 -1.1493 0.0726 0.1893 -1.1693 0.0315 0.2295 -1.1726 0.0402 0.2202 -1.1793 0.0484 0.2111 -1.1875 0.0547 0.2039 -1.1891 0.0417 0.217
20.0 -1.2356 0.0329 0.2214 -1.1315 0.0463 0.218 -1.1097 0.0523 0.214 -1.1152 0.0638 0.2018 -1.1294 0.0698 0.1942 -1.1494 0.0732 0.1887 -1.1665 0.0306 0.2306 -1.1707 0.0392 0.2214 -1.1773 0.0469 0.2129 -1.1864 0.0536 0.2051 -1.1873 0.0406 0.2183
21.0 -1.2358 0.0341 0.2202 -1.1298 0.0466 0.2179 -1.1105 0.0522 0.2141 -1.1177 0.0629 0.2025 -1.1313 0.0702 0.1936 -1.1512 0.0736 0.1882 -1.1674 0.0305 0.2306 -1.1726 0.0402 0.2202 -1.1792 0.0478 0.2117 -1.1875 0.0547 0.2039 -1.1885 0.0415 0.2173
22.0 -1.2338 0.0331 0.2213 -1.134 0.0454 0.2187 -1.1146 0.0505 0.2155 -1.1206 0.0643 0.2007 -1.1313 0.0702 0.1936 -1.1494 0.0732 0.1887 -1.1698 0.029 0.232 -1.1732 0.0383 0.2221 -1.1782 0.0468 0.2129 -1.1847 0.0538 0.2051 -1.1879 0.0402 0.2187
23.0 -1.2358 0.0341 0.2202 -1.1332 0.0461 0.2181 -1.1123 0.0526 0.2135 -1.1152 0.0638 0.2018 -1.1295 0.0704 0.1936 -1.1504 0.0737 0.1881 -1.1704 0.0325 0.2283 -1.1737 0.0413 0.219 -1.1802 0.0483 0.2111 -1.1875 0.0547 0.2039 -1.1895 0.0422 0.2165
24.0 -1.2341 0.0343 0.2201 -1.1348 0.0453 0.2188 -1.113 0.0513 0.2148 -1.1169 0.0636 0.2018 -1.1294 0.0698 0.1942 -1.1495 0.0738 0.1881 -1.1703 0.0319 0.2289 -1.1736 0.0407 0.2196 -1.1793 0.0484 0.2111 -1.1866 0.0548 0.2039 -1.1888 0.042 0.2167
25.0 -1.2305 0.0342 0.2206 -1.1331 0.0455 0.2187 -1.1151 0.0485 0.2174 -1.1192 0.0614 0.2038 -1.1313 0.0702 0.1936 -1.1504 0.0737 0.1881 -1.1701 0.0307 0.2301 -1.1735 0.0401 0.2203 -1.1785 0.0485 0.2111 -1.1849 0.055 0.2038 -1.1875 0.0417 0.2172
26.0 -1.2349 0.0342 0.2201 -1.1342 0.0466 0.2175 -1.1122 0.052 0.2141 -1.1152 0.0638 0.2018 -1.1277 0.0701 0.1941 -1.1486 0.074 0.1881 -1.1709 0.0306 0.2301 -1.1735 0.0401 0.2203 -1.1792 0.0478 0.2117 -1.1866 0.0548 0.2039 -1.189 0.0415 0.2172
27.0 -1.2338 0.0331 0.2213 -1.1304 0.0502 0.2142 -1.109 0.0537 0.2128 -1.1156 0.0662 0.1993 -1.1272 0.072 0.1922 -1.1479 0.0747 0.1874 -1.1639 0.0304 0.2311 -1.1689 0.0389 0.2219 -1.1765 0.047 0.2129 -1.1848 0.0544 0.2045 -1.1856 0.0408 0.2183
28.0 -1.2313 0.0335 0.2212 -1.1325 0.0474 0.2168 -1.1116 0.0533 0.2129 -1.1164 0.0655 0.1999 -1.1289 0.0717 0.1923 -1.1487 0.0746 0.1874 -1.1683 0.0304 0.2307 -1.1708 0.0398 0.2208 -1.1767 0.0482 0.2116 -1.1849 0.055 0.2038 -1.1864 0.0414 0.2176
29.0 -1.2331 0.0338 0.2207 -1.1325 0.0474 0.2168 -1.1106 0.0528 0.2134 -1.1163 0.0649 0.2005 -1.1288 0.0711 0.1929 -1.1479 0.0747 0.1874 -1.1682 0.0298 0.2313 -1.1707 0.0392 0.2214 -1.1767 0.0482 0.2116 -1.185 0.0556 0.2032 -1.1867 0.0413 0.2176
30.0 -1.236 0.0353 0.2189 -1.1317 0.0475 0.2168 -1.1117 0.0539 0.2122 -1.1145 0.0651 0.2005 -1.1288 0.0711 0.1929 -1.1487 0.0746 0.1874 -1.1703 0.0319 0.2289 -1.1737 0.0413 0.219 -1.1804 0.0495 0.2099 -1.1878 0.0565 0.2021 -1.1896 0.0429 0.2158
31.0 -1.2341 0.0343 0.2201 -1.1333 0.0467 0.2174 -1.1141 0.0524 0.2136 -1.1152 0.0638 0.2018 -1.1288 0.0711 0.1929 -1.1496 0.0744 0.1875 -1.1714 0.033 0.2277 -1.1747 0.0417 0.2184 -1.1804 0.0495 0.2099 -1.1877 0.0559 0.2027 -1.1896 0.0429 0.2158
32.0 -1.2334 0.0356 0.2188 -1.1332 0.0461 0.2181 -1.1141 0.0524 0.2136 -1.1135 0.064 0.2017 -1.1278 0.0707 0.1935 -1.1487 0.0746 0.1874 -1.1732 0.0334 0.2271 -1.1756 0.0422 0.2178 -1.1805 0.0501 0.2093 -1.1879 0.0571 0.2015 -1.1901 0.0437 0.2149
33.0 -1.2325 0.0358 0.2188 -1.1325 0.0474 0.2168 -1.1125 0.0538 0.2123 -1.119 0.0657 0.1994 -1.1308 0.0727 0.1911 -1.1488 0.0751 0.1868 -1.1669 0.0324 0.2287 -1.1711 0.0416 0.2189 -1.177 0.05 0.2098 -1.1844 0.0569 0.2019 -1.1864 0.0433 0.2156
34.0 -1.2334 0.0356 0.2188 -1.1302 0.049 0.2155 -1.1109 0.0546 0.2116 -1.1174 0.0666 0.1987 -1.129 0.0723 0.1917 -1.1489 0.0757 0.1862 -1.1675 0.0311 0.23 -1.1718 0.0403 0.2202 -1.1777 0.0493 0.2104 -1.186 0.0561 0.2026 -1.1873 0.0425 0.2164
35.0 -1.1726 0.0353 0.2252 -1.0768 0.0458 0.224 -1.0664 0.0564 0.2142 -1.0715 0.0654 0.2044 -1.0848 0.071 0.1975 -1.102 0.0741 0.1925 -1.1107 0.0382 0.2284 -1.1143 0.0438 0.2223 -1.1207 0.0502 0.2151 -1.1296 0.0558 0.2086 -1.1296 0.0446 0.2199
36.0 -1.1702 0.0362 0.2245 -1.0663 0.046 0.2248 -1.0562 0.0535 0.2182 -1.0607 0.0638 0.2071 -1.0776 0.0701 0.1991 -1.0951 0.0745 0.1929 -1.1072 0.0331 0.2339 -1.1111 0.0405 0.226 -1.1169 0.0483 0.2174 -1.1252 0.0557 0.209 -1.1261 0.0428 0.2222
37.0 -1.1415 0.0334 0.2303 -1.0553 0.0432 0.2288 -1.0439 0.0539 0.219 -1.0499 0.0628 0.2092 -1.0658 0.068 0.2023 -1.0829 0.0706 0.198 -1.0879 0.0388 0.2301 -1.0926 0.0455 0.2227 -1.0998 0.0512 0.2161 -1.1094 0.056 0.2103 -1.1063 0.045 0.2219
37.0 -1.1415 0.0334 0.2303 -1.0553 0.0432 0.2288 -1.0439 0.0539 0.219 -1.0499 0.0628 0.2092 -1.0658 0.068 0.2023 -1.0829 0.0706 0.198 -1.0879 0.0388 0.2301 -1.0926 0.0455 0.2227 -1.0998 0.0512 0.2161 -1.1094 0.056 0.2103 -1.1063 0.045 0.2219
37.0 -1.1415 0.0334 0.2303 -1.0553 0.0432 0.2288 -1.0439 0.0539 0.219 -1.0499 0.0628 0.2092 -1.0658 0.068 0.2023 -1.0829 0.0706 0.198 -1.0879 0.0388 0.2301 -1.0926 0.0455 0.2227 -1.0998 0.0512 0.2161 -1.1094 0.056 0.2103 -1.1063 0.045 0.2219
40.0 -1.1257 0.0282 0.2371 -1.0362 0.0348 0.2393 -1.0144 0.0408 0.2353 -1.0141 0.0494 0.2266 -1.0246 0.0589 0.2157 -1.0526 0.068 0.2037 -1.0706 0.0252 0.2456 -1.0724 0.0305 0.2401 -1.0778 0.0365 0.2334 -1.0862 0.0439 0.225 -1.0865 0.0329 0.2362
41.0 -1.0894 0.0319 0.237 -1.0047 0.036 0.2412 -1.0014 0.0523 0.2248 -1.0079 0.0588 0.2176 -1.0185 0.064 0.2111 -1.0313 0.0672 0.2066 -1.0292 0.0351 0.2396 -1.0339 0.0418 0.2323 -1.0421 0.0486 0.2245 -1.051 0.0541 0.218 -1.0491 0.0423 0.2303
42.0 -1.0878 0.0278 0.2413 -1.0187 0.0555 0.2199 -0.9914 0.0451 0.2332 -0.9874 0.0475 0.2312 -0.9908 0.047 0.2313 -0.9975 0.0449 0.2328 -1.041 0.0323 0.2414 -1.0398 0.03 0.2438 -1.0397 0.0294 0.2444 -1.0417 0.031 0.2426 -1.05 0.0301 0.2427
43.0 -1.0791 0.0284 0.2416 -1.0113 0.0534 0.2227 -0.9807 0.0441 0.2353 -0.9792 0.051 0.2283 -0.9868 0.0592 0.2193 -1.0098 0.0646 0.2114 -1.0262 0.0331 0.242 -1.0278 0.0371 0.2377 -1.0338 0.0412 0.233 -1.0434 0.046 0.2271 -1.0421 0.0372 0.2363
44.0 -1.0835 0.0284 0.2411 -0.9824 0.0341 0.2453 -0.9724 0.0471 0.2331 -0.9718 0.049 0.2312 -0.9791 0.0504 0.229 -0.9923 0.0456 0.2326 -1.0239 0.0297 0.2457 -1.0276 0.031 0.244 -1.0323 0.0328 0.2416 -1.0381 0.0357 0.2381 -1.0411 0.0315 0.2421
45.0 -1.061 0.0259 0.2459 -0.9623 0.035 0.2464 -0.9618 0.0418 0.2395 -0.965 0.0499 0.2309 -0.9746 0.0547 0.225 -0.9901 0.0581 0.22 -1.0016 0.0278 0.2498 -1.0066 0.0314 0.2456 -1.0135 0.036 0.2403 -1.0216 0.0416 0.2337 -1.0209 0.0326 0.2431
46.0 -1.0574 0.0301 0.242 -1.0045 0.0647 0.2118 -0.9577 0.0435 0.2381 -0.9497 0.0434 0.2391 -0.9511 0.0414 0.241 -0.959 0.036 0.2457 -1.0027 0.0393 0.238 -0.9994 0.0355 0.2422 -0.9979 0.032 0.2459 -1.0 0.0293 0.2485 -1.0115 0.0332 0.2433
47.0 -1.0511 0.0297 0.243 -0.9459 0.0366 0.2464 -0.9429 0.0394 0.2438 -0.9449 0.041 0.242 -0.9547 0.0415 0.2405 -0.9724 0.0373 0.2431 -0.9904 0.0342 0.2444 -0.9947 0.0337 0.2445 -0.9999 0.0336 0.2441 -1.0079 0.0337 0.2432 -1.0088 0.033 0.2438
48.0 -1.0448 0.0287 0.2446 -0.9375 0.0389 0.2448 -0.9341 0.0394 0.2447 -0.9353 0.0411 0.2429 -0.9481 0.0393 0.2434 -0.9704 0.0357 0.2449 -0.9838 0.037 0.2423 -0.9887 0.0351 0.2437 -0.9955 0.0335 0.2446 -1.0042 0.033 0.2443 -1.0034 0.0335 0.2439
49.0 -1.0335 0.0296 0.2448 -0.931 0.0416 0.2427 -0.924 0.042 0.2431 -0.9308 0.0557 0.2283 -0.9476 0.0614 0.2209 -0.9765 0.0605 0.2189 -0.9722 0.0361 0.2443 -0.9797 0.0387 0.2408 -0.9881 0.0413 0.2374 -0.999 0.0435 0.2341 -0.9945 0.0378 0.2403
49.0 -1.0335 0.0296 0.2448 -0.931 0.0416 0.2427 -0.924 0.042 0.2431 -0.9308 0.0557 0.2283 -0.9476 0.0614 0.2209 -0.9765 0.0605 0.2189 -0.9722 0.0361 0.2443 -0.9797 0.0387 0.2408 -0.9881 0.0413 0.2374 -0.999 0.0435 0.2341 -0.9945 0.0378 0.2403
51.0 -1.0202 0.029 0.2468 -0.9591 0.0666 0.2144 -0.9131 0.0502 0.2358 -0.9156 0.0541 0.2315 -0.9249 0.0522 0.2325 -0.9388 0.0461 0.2374 -0.9659 0.04 0.2409 -0.9662 0.0369 0.2441 -0.9686 0.0354 0.2454 -0.9719 0.0343 0.2462 -0.9785 0.0351 0.2447
52.0 -1.0179 0.0305 0.2454 -0.9722 0.0709 0.2087 -0.9101 0.0481 0.2381 -0.9068 0.0492 0.2374 -0.9133 0.0465 0.2395 -0.9232 0.0427 0.2424 -0.9652 0.0413 0.2397 -0.9636 0.0372 0.244 -0.9641 0.0347 0.2465 -0.9657 0.0339 0.2472 -0.9753 0.0355 0.2445
53.0 -1.0028 0.035 0.2424 -0.9044 0.0458 0.2411 -0.9017 0.0554 0.2316 -0.9102 0.064 0.2219 -0.9231 0.0671 0.2174 -0.939 0.0674 0.2155 -0.9461 0.0427 0.2402 -0.9526 0.0448 0.2373 -0.96 0.0469 0.2345 -0.9674 0.0489 0.2316 -0.9658 0.0437 0.2372
54.0 -1.0022 0.0363 0.2411 -0.9135 0.0477 0.2383 -0.9011 0.0518 0.2353 -0.9113 0.0651 0.2207 -0.9319 0.0721 0.2115 -0.951 0.0707 0.211 -0.9472 0.0388 0.244 -0.9542 0.044 0.238 -0.9629 0.0483 0.2327 -0.9725 0.0525 0.2275 -0.9678 0.044 0.2366
55.0 -0.9979 0.0369 0.2409 -0.893 0.0462 0.2419 -0.9038 0.0624 0.2242 -0.9291 0.0712 0.2127 -0.9461 0.0726 0.2096 -0.9666 0.0692 0.211 -0.9359 0.0446 0.2391 -0.9483 0.0503 0.2321 -0.9612 0.0534 0.2276 -0.9736 0.0542 0.2256 -0.9634 0.0479 0.2331
56.0 -1.0046 0.0354 0.2418 -0.9001 0.0513 0.2359 -0.9025 0.0601 0.2266 -0.9168 0.0662 0.219 -0.9346 0.0674 0.216 -0.9501 0.0653 0.2166 -0.9362 0.0367 0.2473 -0.9442 0.0417 0.2413 -0.9546 0.0458 0.2361 -0.9647 0.0487 0.2321 -0.9609 0.0416 0.2397
57.0 -1.0048 0.0366 0.2406 -0.9009 0.0506 0.2365 -0.9079 0.0606 0.2256 -0.9239 0.0664 0.2181 -0.9407 0.0672 0.2156 -0.9546 0.0659 0.2155 -0.9382 0.0376 0.2461 -0.947 0.0425 0.2402 -0.9575 0.0472 0.2344 -0.9676 0.0501 0.2304 -0.963 0.0428 0.2383
58.0 -1.0049 0.0372 0.24 -0.9 0.0507 0.2365 -0.9043 0.0599 0.2267 -0.9129 0.0642 0.2214 -0.9273 0.066 0.2182 -0.9456 0.0647 0.2177 -0.9381 0.037 0.2467 -0.9459 0.0415 0.2414 -0.9554 0.0457 0.2362 -0.9647 0.0487 0.2321 -0.9618 0.042 0.2393
59.0 -1.0021 0.0357 0.2417 -0.8983 0.0509 0.2364 -0.9046 0.0617 0.2248 -0.9223 0.0673 0.2174 -0.9373 0.0677 0.2155 -0.9512 0.067 0.2148 -0.9369 0.0353 0.2486 -0.9448 0.0404 0.2426 -0.9545 0.0452 0.2367 -0.9649 0.0493 0.2315 -0.9606 0.0412 0.2402
60.0 -1.0044 0.0342 0.2431 -0.9008 0.05 0.2372 -0.9033 0.0594 0.2273 -0.9167 0.0656 0.2197 -0.9319 0.0672 0.2165 -0.9501 0.0653 0.2166 -0.9379 0.0358 0.248 -0.9466 0.0408 0.2421 -0.9563 0.0456 0.2362 -0.9666 0.0491 0.2316 -0.9624 0.0411 0.2402
61.0 -1.0055 0.0353 0.2418 -0.9025 0.0498 0.2372 -0.9015 0.0591 0.2278 -0.9123 0.0655 0.2201 -0.9281 0.0652 0.2189 -0.9456 0.0647 0.2177 -0.9367 0.039 0.2448 -0.9454 0.044 0.2389 -0.955 0.0482 0.2336 -0.966 0.051 0.2297 -0.9617 0.0435 0.2378
62.0 -1.0054 0.0347 0.2425 -0.9016 0.0499 0.2372 -0.905 0.0592 0.2273 -0.9176 0.066 0.2191 -0.9344 0.0662 0.2172 -0.95 0.0647 0.2172 -0.9379 0.0358 0.248 -0.9466 0.0408 0.2421 -0.9562 0.045 0.2368 -0.9665 0.0485 0.2322 -0.9625 0.0409 0.2403
63.0 -1.0064 0.0351 0.2419 -0.9002 0.0519 0.2353 -0.9079 0.0606 0.2256 -0.922 0.0661 0.2186 -0.9379 0.0664 0.2167 -0.9526 0.065 0.2167 -0.9388 0.0363 0.2474 -0.9475 0.0406 0.2421 -0.9579 0.0447 0.2369 -0.9681 0.0476 0.2329 -0.9637 0.0409 0.2402
64.0 -1.0036 0.0343 0.243 -0.8991 0.0508 0.2365 -0.903 0.0576 0.2291 -0.9195 0.0664 0.2185 -0.9373 0.0677 0.2155 -0.953 0.0668 0.2148 -0.9371 0.0365 0.2473 -0.9459 0.0415 0.2414 -0.9555 0.0463 0.2355 -0.9658 0.0498 0.2309 -0.9616 0.0417 0.2396
65.0 -1.0065 0.0357 0.2413 -0.8998 0.0495 0.2378 -0.9031 0.0582 0.2285 -0.9158 0.0657 0.2196 -0.9335 0.0663 0.2172 -0.9519 0.0657 0.216 -0.9397 0.0362 0.2474 -0.9487 0.0423 0.2403 -0.9583 0.0471 0.2344 -0.9686 0.0506 0.2298 -0.9643 0.0424 0.2386
66.0 -1.0062 0.0345 0.2425 -0.9009 0.0506 0.2365 -0.9041 0.0593 0.2273 -0.9187 0.0671 0.2179 -0.9382 0.0682 0.2149 -0.9538 0.0667 0.2149 -0.9389 0.0369 0.2468 -0.9477 0.0418 0.2409 -0.9581 0.0459 0.2356 -0.9684 0.0494 0.231 -0.9639 0.0417 0.2394
67.0 -1.0146 0.0322 0.2441 -0.907 0.0455 0.2412 -0.9054 0.0512 0.2355 -0.9173 0.0643 0.2209 -0.9366 0.069 0.2142 -0.9538 0.0667 0.2149 -0.9525 0.0339 0.2485 -0.9604 0.0389 0.2426 -0.9693 0.0444 0.2361 -0.9789 0.0492 0.2302 -0.9751 0.0397 0.2403
68.0 -1.0155 0.0321 0.2441 -0.9082 0.0472 0.2393 -0.9065 0.0529 0.2336 -0.9239 0.0664 0.2181 -0.943 0.07 0.2126 -0.9596 0.0647 0.2163 -0.9502 0.036 0.2466 -0.9589 0.0403 0.2413 -0.9684 0.0445 0.236 -0.9776 0.047 0.2326 -0.9741 0.04 0.2401
69.0 -1.0231 0.0304 0.245 -0.9561 0.0444 0.2374 -0.9114 0.0455 0.2407 -0.909 0.0519 0.2344 -0.9144 0.0524 0.2333 -0.9235 0.0445 0.2405 -0.9701 0.029 0.2517 -0.9706 0.032 0.2486 -0.9721 0.0355 0.2449 -0.9737 0.0395 0.2406 -0.9819 0.0333 0.2462
70.0 -1.0183 0.0329 0.243 -0.911 0.048 0.2382 -0.9118 0.0528 0.2332 -0.9258 0.0625 0.2219 -0.9415 0.0616 0.2213 -0.9586 0.0587 0.2225 -0.9562 0.0352 0.2468 -0.9629 0.038 0.2433 -0.9713 0.0411 0.2393 -0.9788 0.0437 0.2358 -0.9775 0.0382 0.2416
71.0 -1.0267 0.0306 0.2445 -0.9242 0.0432 0.2418 -0.9162 0.0479 0.2378 -0.9157 0.0498 0.2359 -0.9216 0.0484 0.2367 -0.9344 0.0461 0.2378 -0.9721 0.0306 0.2499 -0.9751 0.0326 0.2475 -0.9792 0.0357 0.2439 -0.9836 0.0407 0.2385 -0.9873 0.034 0.2449
72.0 -1.0277 0.0316 0.2433 -0.9444 0.0429 0.2401 -0.9217 0.049 0.2361 -0.9193 0.0505 0.2348 -0.9249 0.0473 0.2375 -0.935 0.0448 0.2391 -0.9796 0.0332 0.2465 -0.9789 0.034 0.2458 -0.9802 0.0362 0.2434 -0.9816 0.0397 0.2397 -0.9896 0.035 0.2437
73.0 -1.033 0.0315 0.2429 -0.9435 0.043 0.2401 -0.9246 0.0456 0.2393 -0.9232 0.0476 0.2374 -0.93 0.0461 0.2383 -0.9447 0.0447 0.2382 -0.9844 0.0302 0.2491 -0.9858 0.033 0.2461 -0.9882 0.037 0.2418 -0.991 0.0427 0.2357 -0.9965 0.0349 0.2431
74.0 -1.0419 0.0273 0.2464 -0.9385 0.0443 0.2392 -0.9283 0.0463 0.2382 -0.9302 0.0473 0.2371 -0.9386 0.0449 0.2386 -0.9506 0.0433 0.2391 -0.9883 0.0327 0.2462 -0.9909 0.0323 0.2463 -0.9939 0.0344 0.2439 -0.9969 0.0364 0.2415 -1.0024 0.0326 0.2448
75.0 -1.0485 0.0295 0.2435 -0.9498 0.044 0.2384 -0.9361 0.0458 0.2379 -0.9335 0.0462 0.2378 -0.9392 0.0436 0.2399 -0.9528 0.0405 0.2417 -0.9967 0.0303 0.2478 -0.9994 0.0306 0.2472 -1.0016 0.0333 0.2442 -1.0049 0.0372 0.24 -1.0102 0.0322 0.2445
76.0 -1.0522 0.0308 0.2418 -0.9667 0.0399 0.241 -0.9449 0.0459 0.237 -0.9388 0.0461 0.2374 -0.9437 0.0442 0.2388 -0.9572 0.0406 0.2412 -1.0025 0.0332 0.2442 -1.0034 0.0331 0.2443 -1.0045 0.0348 0.2424 -1.0067 0.0369 0.24 -1.0139 0.0338 0.2425
77.0 -1.0618 0.0301 0.2415 -0.98 0.0405 0.239 -0.9539 0.0422 0.2398 -0.951 0.0457 0.2366 -0.9552 0.0494 0.2324 -0.9682 0.0482 0.2323 -1.0122 0.0282 0.2484 -1.0137 0.0317 0.2447 -1.0154 0.0364 0.2397 -1.0181 0.0421 0.2336 -1.0242 0.0337 0.2416
78.0 -1.0709 0.0319 0.2388 -0.9928 0.0431 0.2351 -0.963 0.044 0.2371 -0.9629 0.0483 0.2327 -0.967 0.0514 0.2291 -0.9826 0.0554 0.2235 -1.019 0.0267 0.2492 -1.0217 0.0325 0.2431 -1.0265 0.0397 0.2352 -1.0314 0.0476 0.2266 -1.0339 0.0357 0.2386
79.0 -1.0802 0.0349 0.2347 -0.9794 0.0522 0.2271 -0.97 0.0535 0.2267 -0.9782 0.0603 0.2189 -0.9902 0.0636 0.2144 -1.0048 0.0665 0.21 -1.0186 0.0298 0.2461 -1.0236 0.0334 0.2419 -1.0291 0.0394 0.2353 -1.0345 0.0454 0.2286 -1.0372 0.0366 0.2373
80.0 -1.0806 0.0373 0.2323 -0.9875 0.053 0.2255 -0.9907 0.0666 0.2113 -0.9985 0.0704 0.2066 -1.0066 0.0717 0.2044 -1.0182 0.0726 0.2024 -1.0232 0.0359 0.2394 -1.0266 0.0403 0.2345 -1.0311 0.0458 0.2285 -1.0372 0.0505 0.2231 -1.0398 0.042 0.2316
81.0 -1.152 0.0479 0.2144 -1.1157 0.0918 0.173 -1.0681 0.0861 0.1837 -1.072 0.0837 0.1857 -1.0768 0.0806 0.1884 -1.0771 0.0775 0.1915 -1.113 0.0617 0.2042 -1.1055 0.0535 0.2132 -1.102 0.0491 0.2181 -1.101 0.048 0.2193 -1.1147 0.052 0.2139
82.0 -1.1625 0.0574 0.2036 -1.0772 0.083 0.1859 -1.0846 0.0899 0.1781 -1.0967 0.0938 0.1729 -1.107 0.0924 0.1733 -1.1158 0.0924 0.1724 -1.1096 0.0621 0.204 -1.1172 0.0703 0.195 -1.1246 0.0772 0.1871 -1.1327 0.0834 0.18 -1.1293 0.0701 0.1939
83.0 -1.1787 0.0546 0.2048 -1.0938 0.0826 0.1847 -1.0924 0.0895 0.1778 -1.1054 0.0932 0.1726 -1.1154 0.0949 0.1699 -1.1279 0.0963 0.1673 -1.1224 0.0598 0.2052 -1.1294 0.0643 0.1998 -1.1382 0.0699 0.1933 -1.1471 0.0754 0.1868 -1.1432 0.0648 0.198
84.0 -1.1841 0.0606 0.1982 -1.1075 0.085 0.1808 -1.1083 0.0947 0.1709 -1.119 0.1006 0.1638 -1.1296 0.101 0.1623 -1.1418 0.0999 0.1622 -1.136 0.072 0.1913 -1.1443 0.0794 0.1829 -1.1522 0.0845 0.177 -1.1597 0.0871 0.1735 -1.1553 0.0767 0.1846
85.0 -1.1894 0.0605 0.1978 -1.1571 0.0972 0.1634 -1.1288 0.1011 0.1623 -1.1348 0.1003 0.1625 -1.1342 0.0973 0.1656 -1.1292 0.0937 0.1698 -1.1545 0.0725 0.1889 -1.1477 0.0686 0.1936 -1.1447 0.0665 0.196 -1.1428 0.0656 0.1972 -1.1558 0.0668 0.1947
86.0 -1.1993 0.0616 0.1956 -1.1846 0.1033 0.1545 -1.138 0.1035 0.1589 -1.1404 0.1025 0.1596 -1.1422 0.0974 0.1647 -1.1382 0.0949 0.1677 -1.1685 0.0768 0.1832 -1.1596 0.0713 0.1897 -1.1554 0.0675 0.1939 -1.1524 0.0655 0.1963 -1.167 0.0685 0.1918
87.0 -1.2103 0.0693 0.1867 -1.1606 0.0968 0.1635 -1.1472 0.1059 0.1555 -1.1651 0.1078 0.1519 -1.1794 0.0991 0.1593 -1.1881 0.0986 0.159 -1.1715 0.0837 0.1758 -1.1742 0.0845 0.1747 -1.1787 0.0852 0.1736 -1.1858 0.0854 0.1726 -1.1841 0.0816 0.1767
88.0 -1.234 0.0643 0.1895 -1.1734 0.1048 0.1541 -1.1645 0.1091 0.1506 -1.1744 0.1108 0.1478 -1.1864 0.1086 0.1489 -1.1991 0.1056 0.1507 -1.1826 0.0822 0.1763 -1.1841 0.0808 0.1776 -1.1903 0.0806 0.1772 -1.1983 0.0813 0.1756 -1.1979 0.0778 0.1792
89.0 -1.2358 0.0695 0.1839 -1.1956 0.111 0.1455 -1.1778 0.1146 0.1436 -1.1889 0.1131 0.144 -1.1924 0.1078 0.1492 -1.1948 0.1062 0.1505 -1.1973 0.0857 0.1712 -1.1922 0.0815 0.176 -1.1909 0.0792 0.1785 -1.1917 0.0785 0.1791 -1.2016 0.0789 0.1778
90.0 -1.2454 0.0688 0.1837 -1.2366 0.114 0.1384 -1.1888 0.1174 0.1397 -1.2079 0.1112 0.1441 -1.2067 0.104 0.1516 -1.2055 0.1023 0.1534 -1.2148 0.0901 0.165 -1.2043 0.0854 0.1709 -1.1993 0.0818 0.175 -1.1971 0.0796 0.1775 -1.2122 0.0811 0.1744
91.0 -1.2486 0.0721 0.1801 -1.2447 0.1153 0.1362 -1.2141 0.1213 0.1331 -1.2173 0.1142 0.1401 -1.2175 0.1056 0.1489 -1.2142 0.1018 0.1531 -1.2246 0.0961 0.1579 -1.2149 0.0907 0.1644 -1.2088 0.086 0.1698 -1.2047 0.0829 0.1734 -1.2203 0.0855 0.1691
91.0 -1.2486 0.0721 0.1801 -1.2447 0.1153 0.1362 -1.2141 0.1213 0.1331 -1.2173 0.1142 0.1401 -1.2175 0.1056 0.1489 -1.2142 0.1018 0.1531 -1.2246 0.0961 0.1579 -1.2149 0.0907 0.1644 -1.2088 0.086 0.1698 -1.2047 0.0829 0.1734 -1.2203 0.0855 0.1691
91.0 -1.2486 0.0721 0.1801 -1.2447 0.1153 0.1362 -1.2141 0.1213 0.1331 -1.2173 0.1142 0.1401 -1.2175 0.1056 0.1489 -1.2142 0.1018 0.1531 -1.2246 0.0961 0.1579 -1.2149 0.0907 0.1644 -1.2088 0.086 0.1698 -1.2047 0.0829 0.1734 -1.2203 0.0855 0.1691
91.0 -1.2486 0.0721 0.1801 -1.2447 0.1153 0.1362 -1.2141 0.1213 0.1331 -1.2173 0.1142 0.1401 -1.2175 0.1056 0.1489 -1.2142 0.1018 0.1531 -1.2246 0.0961 0.1579 -1.2149 0.0907 0.1644 -1.2088 0.086 0.1698 -1.2047 0.0829 0.1734 -1.2203 0.0855 0.1691
91.0 -1.2486 0.0721 0.1801 -1.2447 0.1153 0.1362 -1.2141 0.1213 0.1331 -1.2173 0.1142 0.1401 -1.2175 0.1056 0.1489 -1.2142 0.1018 0.1531 -1.2246 0.0961 0.1579 -1.2149 0.0907 0.1644 -1.2088 0.086 0.1698 -1.2047 0.0829 0.1734 -1.2203 0.0855 0.1691
91.0 -1.2486 0.0721 0.1801 -1.2447 0.1153 0.1362 -1.2141 0.1213 0.1331 -1.2173 0.1142 0.1401 -1.2175 0.1056 0.1489 -1.2142 0.1018 0.1531 -1.2246 0.0961 0.1579 -1.2149 0.0907 0.1644 -1.2088 0.086 0.1698 -1.2047 0.0829 0.1734 -1.2203 0.0855 0.1691
91.0 -1.2486 0.0721 0.1801 -1.2447 0.1153 0.1362 -1.2141 0.1213 0.1331 -1.2173 0.1142 0.1401 -1.2175 0.1056 0.1489 -1.2142 0.1018 0.1531 -1.2246 0.0961 0.1579 -1.2149 0.0907 0.1644 -1.2088 0.086 0.1698 -1.2047 0.0829 0.1734 -1.2203 0.0855 0.1691
91.0 -1.2486 0.0721 0.1801 -1.2447 0.1153 0.1362 -1.2141 0.1213 0.1331 -1.2173 0.1142 0.1401 -1.2175 0.1056 0.1489 -1.2142 0.1018 0.1531 -1.2246 0.0961 0.1579 -1.2149 0.0907 0.1644 -1.2088 0.086 0.1698 -1.2047 0.0829 0.1734 -1.2203 0.0855 0.1691
91.0 -1.2486 0.0721 0.1801 -1.2447 0.1153 0.1362 -1.2141 0.1213 0.1331 -1.2173 0.1142 0.1401 -1.2175 0.1056 0.1489 -1.2142 0.1018 0.1531 -1.2246 0.0961 0.1579 -1.2149 0.0907 0.1644 -1.2088 0.086 0.1698 -1.2047 0.0829 0.1734 -1.2203 0.0855 0.1691
91.0 -1.2486 0.0721 0.1801 -1.2447 0.1153 0.1362 -1.2141 0.1213 0.1331 -1.2173 0.1142 0.1401 -1.2175 0.1056 0.1489 -1.2142 0.1018 0.1531 -1.2246 0.0961 0.1579 -1.2149 0.0907 0.1644 -1.2088 0.086 0.1698 -1.2047 0.0829 0.1734 -1.2203 0.0855 0.1691
91.0 -1.2486 0.0721 0.1801 -1.2447 0.1153 0.1362 -1.2141 0.1213 0.1331 -1.2173 0.1142 0.1401 -1.2175 0.1056 0.1489 -1.2142 0.1018 0.1531 -1.2246 0.0961 0.1579 -1.2149 0.0907 0.1644 -1.2088 0.086 0.1698 -1.2047 0.0829 0.1734 -1.2203 0.0855 0.1691
91.0 -1.2486 0.0721 0.1801 -1.2447 0.1153 0.1362 -1.2141 0.1213 0.1331 -1.2173 0.1142 0.1401 -1.2175 0.1056 0.1489 -1.2142 0.1018 0.1531 -1.2246 0.0961 0.1579 -1.2149 0.0907 0.1644 -1.2088 0.086 0.1698 -1.2047 0.0829 0.1734 -1.2203 0.0855 0.1691
91.0 -1.2486 0.0721 0.1801 -1.2447 0.1153 0.1362 -1.2141 0.1213 0.1331 -1.2173 0.1142 0.1401 -1.2175 0.1056 0.1489 -1.2142 0.1018 0.1531 -1.2246 0.0961 0.1579 -1.2149 0.0907 0.1644 -1.2088 0.086 0.1698 -1.2047 0.0829 0.1734 -1.2203 0.0855 0.1691
91.0 -1.2486 0.0721 0.1801 -1.2447 0.1153 0.1362 -1.2141 0.1213 0.1331 -1.2173 0.1142 0.1401 -1.2175 0.1056 0.1489 -1.2142 0.1018 0.1531 -1.2246 0.0961 0.1579 -1.2149 0.0907 0.1644 -1.2088 0.086 0.1698 -1.2047 0.0829 0.1734 -1.2203 0.0855 0.1691
91.0 -1.2486 0.0721 0.1801 -1.2447 0.1153 0.1362 -1.2141 0.1213 0.1331 -1.2173 0.1142 0.1401 -1.2175 0.1056 0.1489 -1.2142 0.1018 0.1531 -1.2246 0.0961 0.1579 -1.2149 0.0907 0.1644 -1.2088 0.086 0.1698 -1.2047 0.0829 0.1734 -1.2203 0.0855 0.1691
91.0 -1.2486 0.0721 0.1801 -1.2447 0.1153 0.1362 -1.2141 0.1213 0.1331 -1.2173 0.1142 0.1401 -1.2175 0.1056 0.1489 -1.2142 0.1018 0.1531 -1.2246 0.0961 0.1579 -1.2149 0.0907 0.1644 -1.2088 0.086 0.1698 -1.2047 0.0829 0.1734 -1.2203 0.0855 0.1691
91.0 -1.2486 0.0721 0.1801 -1.2447 0.1153 0.1362 -1.2141 0.1213 0.1331 -1.2173 0.1142 0.1401 -1.2175 0.1056 0.1489 -1.2142 0.1018 0.1531 -1.2246 0.0961 0.1579 -1.2149 0.0907 0.1644 -1.2088 0.086 0.1698 -1.2047 0.0829 0.1734 -1.2203 0.0855 0.1691
