








































42.0 -1.4139 -0.0339 0.272 -1.3292 -0.0304 0.2769 -1.3342 -0.0116 0.2571 -1.3433 -0.0049 0.2493 -1.3562 0.0032 0.2398 -1.372 0.0084 0.2329 -1.358 -0.0166 0.2599 -1.3663 -0.0092 0.2515 -1.3787 -0.0035 0.2444 -1.3952 0.0004 0.2388 -1.3824 -0.0126 0.2533
43.0 -1.4098 -0.0321 0.2706 -1.3226 -0.0277 0.2747 -1.3233 -0.0089 0.2554 -1.3348 -0.0031 0.2484 -1.3474 0.0032 0.2407 -1.3657 0.0074 0.2346 -1.3523 -0.014 0.2578 -1.3597 -0.0065 0.2493 -1.3722 -0.0008 0.2423 -1.387 0.0033 0.2366 -1.3762 -0.01 0.2513
43.0 -1.4098 -0.0321 0.2706 -1.3226 -0.0277 0.2747 -1.3233 -0.0089 0.2554 -1.3348 -0.0031 0.2484 -1.3474 0.0032 0.2407 -1.3657 0.0074 0.2346 -1.3523 -0.014 0.2578 -1.3597 -0.0065 0.2493 -1.3722 -0.0008 0.2423 -1.387 0.0033 0.2366 -1.3762 -0.01 0.2513
45.0 -1.3998 -0.029 0.2684 -1.3108 -0.0249 0.273 -1.3104 -0.0016 0.2493 -1.3218 0.0029 0.2435 -1.3368 0.0082 0.2366 -1.3525 0.0122 0.2309 -1.3407 -0.01 0.2548 -1.3481 -0.0024 0.2464 -1.3606 0.0032 0.2394 -1.3755 0.0079 0.2331 -1.3649 -0.0061 0.2484
46.0 -1.3957 -0.0272 0.267 -1.3056 -0.0242 0.2728 -1.304 0.0017 0.2465 -1.3147 0.0076 0.2395 -1.3313 0.012 0.2332 -1.3487 0.0158 0.2277 -1.3373 -0.0089 0.2541 -1.3458 -0.0009 0.245 -1.3581 0.0041 0.2386 -1.3737 0.0081 0.233 -1.3621 -0.0049 0.2475
47.0 -1.3914 -0.0266 0.2668 -1.2997 -0.0228 0.272 -1.2968 0.0057 0.2431 -1.3076 0.0122 0.2354 -1.3241 0.0161 0.2298 -1.343 0.0184 0.2256 -1.3308 -0.0062 0.252 -1.3392 0.0018 0.2429 -1.3524 0.0068 0.2366 -1.368 0.0107 0.2309 -1.3564 -0.0027 0.2458
48.0 -1.3882 -0.025 0.2654 -1.2939 -0.0208 0.2705 -1.2894 0.0085 0.241 -1.2976 0.0154 0.2332 -1.3156 0.0178 0.2289 -1.3361 0.0193 0.2253 -1.3258 -0.0043 0.2505 -1.3343 0.0037 0.2415 -1.3458 0.0095 0.2344 -1.3614 0.0129 0.2294 -1.3511 -0.0006 0.2442
49.0 -1.3797 -0.0232 0.2645 -1.2881 -0.0188 0.269 -1.2827 0.0107 0.2395 -1.2909 0.0175 0.2317 -1.3092 0.0211 0.2261 -1.3331 0.0222 0.2227 -1.32 -0.0023 0.249 -1.3284 0.0057 0.24 -1.3408 0.0108 0.2336 -1.3572 0.014 0.2286 -1.3452 0.001 0.2431
50.0 -1.3797 -0.0232 0.2645 -1.2806 -0.0165 0.2675 -1.2771 0.0139 0.2368 -1.2829 0.0216 0.2282 -1.2992 0.0243 0.2239 -1.3239 0.0247 0.2211 -1.3144 0.0009 0.2463 -1.3219 0.0084 0.2379 -1.3342 0.0135 0.2315 -1.3498 0.0169 0.2265 -1.34 0.0033 0.2413
51.0 -1.3755 -0.022 0.2637 -1.2741 -0.0132 0.2647 -1.2699 0.0179 0.2334 -1.2754 0.0245 0.2261 -1.2909 0.0273 0.2217 -1.3156 0.0276 0.2189 -1.3086 0.0029 0.2448 -1.3161 0.0104 0.2364 -1.3285 0.0161 0.2294 -1.3441 0.0195 0.2244 -1.3345 0.0054 0.2397
52.0 -1.3699 -0.0188 0.261 -1.2681 -0.0124 0.2645 -1.2615 0.0202 0.2318 -1.2688 0.0266 0.2246 -1.2877 0.0289 0.2203 -1.3098 0.0296 0.2174 -1.3038 0.0054 0.2428 -1.3121 0.0128 0.2344 -1.3236 0.018 0.2279 -1.339 0.0208 0.2235 -1.3297 0.0076 0.2379
53.0 -1.3656 -0.0182 0.2608 -1.2629 -0.0117 0.2643 -1.2557 0.0222 0.2303 -1.2629 0.028 0.2237 -1.2792 0.0307 0.2194 -1.3022 0.0318 0.2159 -1.2987 0.0067 0.242 -1.3062 0.0142 0.2335 -1.3185 0.0193 0.2271 -1.3331 0.0222 0.2227 -1.3244 0.0088 0.2372
54.0 -1.3587 -0.0173 0.2605 -1.2554 -0.0095 0.2628 -1.2483 0.0251 0.2281 -1.2536 0.0305 0.2221 -1.2708 0.033 0.2178 -1.2939 0.0342 0.2143 -1.2928 0.0081 0.2411 -1.3003 0.0156 0.2327 -1.3117 0.0208 0.2262 -1.3273 0.0242 0.2212 -1.3182 0.0103 0.2364
55.0 -1.3511 -0.0157 0.2596 -1.2494 -0.0087 0.2625 -1.2432 0.0264 0.2273 -1.2469 0.0326 0.2206 -1.264 0.0346 0.2169 -1.2878 0.035 0.2141 -1.2859 0.009 0.2408 -1.2935 0.0171 0.2318 -1.3058 0.0222 0.2254 -1.3214 0.0256 0.2204 -1.3115 0.0117 0.2356
56.0 -1.3483 -0.0165 0.2608 -1.2442 -0.008 0.2623 -1.2371 0.0266 0.2277 -1.241 0.034 0.2197 -1.2571 0.0355 0.2166 -1.2776 0.037 0.213 -1.28 0.0104 0.24 -1.2876 0.0186 0.2309 -1.2999 0.0236 0.2245 -1.3145 0.0265 0.2201 -1.3061 0.0125 0.2353
57.0 -1.3398 -0.0148 0.2598 -1.2375 -0.0064 0.2615 -1.2304 0.0287 0.2262 -1.2361 0.0359 0.2183 -1.2496 0.0377 0.2151 -1.27 0.0386 0.2121 -1.2732 0.0119 0.2391 -1.2817 0.02 0.2301 -1.2939 0.0244 0.2243 -1.3085 0.0273 0.2199 -1.2994 0.0138 0.2346
58.0 -1.296 -0.0088 0.2581 -1.1914 -0.0033 0.2628 -1.1822 0.0395 0.22 -1.187 0.0468 0.212 -1.2022 0.0484 0.2089 -1.2216 0.0488 0.2065 -1.229 0.0204 0.2349 -1.2382 0.0277 0.2265 -1.2503 0.0315 0.2214 -1.2655 0.0331 0.2182 -1.2558 0.0208 0.2318
59.0 -1.2875 -0.0071 0.2571 -1.1854 -0.0025 0.2626 -1.1755 0.0416 0.2185 -1.1802 0.0483 0.2111 -1.1965 0.051 0.2068 -1.2163 0.0532 0.2026 -1.2221 0.0213 0.2346 -1.2313 0.0286 0.2262 -1.2435 0.0331 0.2205 -1.258 0.0354 0.2167 -1.2485 0.0222 0.231
60.0 -1.2799 -0.0054 0.2562 -1.1805 1.764e-05 0.2605 -1.1686 0.0425 0.2182 -1.1734 0.0498 0.2103 -1.1896 0.0519 0.2065 -1.2102 0.054 0.2023 -1.2153 0.0228 0.2337 -1.2245 0.0301 0.2254 -1.2367 0.0346 0.2196 -1.2521 0.0368 0.2158 -1.2417 0.0238 0.2301
61.0 -1.2732 -0.0033 0.2547 -1.1729 0.0017 0.2596 -1.1602 0.0443 0.2172 -1.1667 0.0514 0.2094 -1.183 0.0541 0.205 -1.2036 0.0562 0.2008 -1.2086 0.0243 0.2329 -1.2178 0.0316 0.2245 -1.23 0.0361 0.2187 -1.2453 0.0383 0.2149 -1.235 0.0254 0.2291
62.0 -1.2688 -0.0033 0.2552 -1.1634 0.0023 0.2598 -1.1534 0.0458 0.2164 -1.1592 0.0542 0.2072 -1.1771 0.0555 0.2042 -1.1991 0.0555 0.2019 -1.2018 0.0259 0.232 -1.2118 0.0331 0.2236 -1.2248 0.0368 0.2185 -1.2409 0.0383 0.2154 -1.2296 0.0261 0.2289
63.0 -1.2621 -0.0012 0.2537 -1.1566 0.0039 0.2589 -1.1458 0.0475 0.2154 -1.1497 0.0549 0.2075 -1.1666 0.0563 0.2044 -1.1875 0.0596 0.1989 -1.195 0.0274 0.2311 -1.2051 0.0346 0.2227 -1.2172 0.0384 0.2176 -1.2325 0.0406 0.2138 -1.2224 0.028 0.2278
64.0 -1.256 -0.001 0.2541 -1.1498 0.0054 0.2581 -1.1391 0.0496 0.2139 -1.1439 0.0569 0.206 -1.1617 0.0581 0.2029 -1.1838 0.0588 0.2 -1.1874 0.029 0.2302 -1.1974 0.0362 0.2218 -1.2104 0.04 0.2167 -1.2265 0.0415 0.2136 -1.2156 0.0291 0.2273
65.0 -1.2501 0.0004 0.2532 -1.1453 0.0048 0.2591 -1.1323 0.0511 0.213 -1.1388 0.0582 0.2052 -1.155 0.0603 0.2014 -1.1782 0.062 0.1973 -1.1822 0.0297 0.23 -1.1914 0.037 0.2216 -1.2044 0.0408 0.2165 -1.2197 0.043 0.2127 -1.2096 0.0302 0.2268
66.0 -1.2443 0.0024 0.2517 -1.1384 0.0057 0.2589 -1.1272 0.0518 0.2128 -1.1314 0.061 0.203 -1.1502 0.0628 0.1994 -1.175 0.0637 0.196 -1.1763 0.0311 0.2291 -1.1855 0.0384 0.2207 -1.1986 0.0428 0.215 -1.2148 0.0449 0.2112 -1.2039 0.0319 0.2256
67.0 -1.2373 0.0027 0.2521 -1.1324 0.0065 0.2586 -1.1194 0.0529 0.2125 -1.1246 0.0625 0.2021 -1.1426 0.0644 0.1984 -1.1674 0.0653 0.195 -1.1702 0.0313 0.2295 -1.1795 0.0392 0.2205 -1.1926 0.0436 0.2147 -1.208 0.0464 0.2104 -1.1975 0.0327 0.2254
68.0 -1.2322 0.0034 0.2519 -1.1253 0.0062 0.2596 -1.1135 0.0543 0.2117 -1.1178 0.0635 0.2019 -1.1348 0.0654 0.1981 -1.1577 0.0654 0.1959 -1.1651 0.0326 0.2287 -1.1743 0.0399 0.2203 -1.1866 0.0444 0.2145 -1.2019 0.0466 0.2107 -1.192 0.0334 0.2252
69.0 -1.2244 0.0045 0.2516 -1.1193 0.0071 0.2594 -1.107 0.057 0.2096 -1.1121 0.0661 0.1998 -1.1289 0.0668 0.1973 -1.1527 0.0673 0.1945 -1.1575 0.0343 0.2278 -1.1667 0.0416 0.2194 -1.1798 0.0459 0.2136 -1.196 0.048 0.2099 -1.1849 0.0349 0.2244
70.0 -1.2185 0.0059 0.2507 -1.1133 0.0079 0.2591 -1.1 0.0573 0.2099 -1.1068 0.0662 0.2002 -1.1213 0.0685 0.1964 -1.1442 0.0685 0.1941 -1.1506 0.0352 0.2275 -1.1599 0.0431 0.2185 -1.1729 0.0469 0.2134 -1.1883 0.0491 0.2096 -1.1781 0.036 0.2239
71.0 -1.2128 0.0085 0.2486 -1.1074 0.0093 0.2583 -1.0941 0.0587 0.2091 -1.0992 0.0678 0.1993 -1.1154 0.0699 0.1955 -1.1399 0.069 0.194 -1.1446 0.036 0.2273 -1.1539 0.0439 0.2182 -1.167 0.0483 0.2125 -1.1822 0.0499 0.2094 -1.1721 0.0373 0.2232
72.0 -1.2057 0.0082 0.2496 -1.0995 0.0097 0.2586 -1.0862 0.0592 0.2094 -1.0923 0.0687 0.199 -1.1086 0.0714 0.1946 -1.1359 0.0714 0.1919 -1.1359 0.0366 0.2275 -1.1461 0.0444 0.2186 -1.161 0.0491 0.2123 -1.1772 0.0512 0.2085 -1.1652 0.0379 0.2233
73.0 -1.2006 0.0089 0.2494 -1.0944 0.0104 0.2584 -1.0811 0.0599 0.2092 -1.0855 0.0703 0.1981 -1.1009 0.0725 0.1943 -1.1273 0.0726 0.1916 -1.1317 0.0378 0.2268 -1.141 0.0457 0.2177 -1.1551 0.0505 0.2114 -1.1713 0.0526 0.2077 -1.1599 0.0391 0.2226
74.0 -1.1945 0.0091 0.2498 -1.0874 0.0108 0.2588 -1.0751 0.0607 0.2089 -1.0776 0.0701 0.1991 -1.0923 0.0736 0.194 -1.1168 0.0728 0.1924 -1.1256 0.038 0.2271 -1.1349 0.0459 0.2181 -1.1481 0.0508 0.2118 -1.1634 0.053 0.208 -1.1533 0.0394 0.223
75.0 -1.1883 0.0093 0.2502 -1.0812 0.0104 0.2598 -1.0673 0.0617 0.2086 -1.07 0.0717 0.1981 -1.0855 0.0751 0.1931 -1.1131 0.072 0.1936 -1.1186 0.0383 0.2275 -1.1271 0.0463 0.2185 -1.1403 0.0513 0.2121 -1.1565 0.0534 0.2084 -1.1462 0.0397 0.2233
76.0 -1.1788 0.01 0.2504 -1.0752 0.0112 0.2595 -1.0594 0.0616 0.2096 -1.0631 0.0727 0.1979 -1.0768 0.0757 0.1934 -1.1019 0.0735 0.1931 -1.1099 0.0389 0.2278 -1.1192 0.0468 0.2188 -1.1323 0.0511 0.213 -1.1485 0.0532 0.2093 -1.1378 0.04 0.2239
77.0 -1.1737 0.0113 0.2496 -1.0654 0.0107 0.261 -1.0524 0.0619 0.2099 -1.0545 0.0738 0.1975 -1.0672 0.0764 0.1937 -1.0915 0.0743 0.1933 -1.1038 0.0391 0.2282 -1.1123 0.0471 0.2191 -1.1247 0.0528 0.2121 -1.14 0.055 0.2083 -1.1309 0.041 0.2235
78.0 -1.1675 0.0109 0.2506 -1.0583 0.0104 0.262 -1.0438 0.0631 0.2096 -1.0476 0.0748 0.1973 -1.0614 0.0784 0.1922 -1.0901 0.0764 0.1914 -1.0969 0.04 0.2279 -1.1054 0.048 0.2189 -1.1186 0.053 0.2125 -1.134 0.0558 0.2081 -1.1245 0.0415 0.2236
79.0 -1.1605 0.0113 0.251 -1.0495 0.0104 0.2629 -1.0369 0.064 0.2093 -1.0382 0.076 0.1969 -1.0528 0.0796 0.1918 -1.0816 0.0781 0.1905 -1.089 0.0399 0.2288 -1.0975 0.0485 0.2192 -1.1107 0.0534 0.2128 -1.1271 0.0567 0.2078 -1.117 0.0419 0.2239
80.0 -1.1404 0.0121 0.2521 -1.0311 0.0104 0.2647 -1.0133 0.0647 0.2109 -1.0173 0.0776 0.1973 -1.031 0.0807 0.1929 -1.057 0.0784 0.1926 -1.0715 0.0404 0.23 -1.0799 0.0484 0.221 -1.0924 0.0541 0.214 -1.1077 0.0563 0.2102 -1.0984 0.0423 0.2255
81.0 -1.1345 0.0136 0.2512 -1.0249 0.0106 0.2651 -1.0099 0.0652 0.2108 -1.0102 0.0774 0.1983 -1.0241 0.081 0.1932 -1.0493 0.0794 0.1923 -1.0653 0.04 0.231 -1.0738 0.0486 0.2214 -1.0854 0.0544 0.2143 -1.0992 0.058 0.2093 -1.0916 0.0429 0.2254
82.0 -1.117 0.0141 0.2524 -1.0082 0.0105 0.2669 -0.9907 0.0666 0.2113 -0.9904 0.0794 0.1982 -1.0033 0.0832 0.1931 -1.0301 0.0802 0.1935 -1.0462 0.0414 0.2316 -1.0538 0.0501 0.2219 -1.0654 0.0559 0.2148 -1.08 0.0588 0.2104 -1.0725 0.044 0.2262
83.0 -1.1125 0.0135 0.2535 -1.0012 0.0108 0.2673 -0.9847 0.0674 0.2111 -0.9852 0.0801 0.198 -0.9989 0.0832 0.1935 -1.0258 0.0808 0.1933 -1.0411 0.0427 0.2307 -1.0488 0.0514 0.221 -1.0611 0.0565 0.2146 -1.0757 0.0594 0.2102 -1.0678 0.0447 0.226
84.0 -1.1081 0.0135 0.2539 -0.9934 0.0112 0.2676 -0.9767 0.0666 0.2126 -0.9775 0.0812 0.1977 -0.9921 0.0841 0.1932 -1.0197 0.081 0.1937 -1.035 0.0429 0.2311 -1.0426 0.051 0.222 -1.055 0.0567 0.215 -1.0696 0.0596 0.2106 -1.062 0.0447 0.2266
85.0 -1.102 0.0137 0.2543 -0.9907 0.011 0.2681 -0.9695 0.0658 0.2142 -0.9722 0.0813 0.1981 -0.9862 0.0855 0.1924 -1.0146 0.0823 0.1929 -1.0279 0.0426 0.2321 -1.0364 0.0512 0.2224 -1.0479 0.0564 0.216 -1.0625 0.0593 0.2116 -1.0553 0.0446 0.2273
86.0 -1.095 0.014 0.2547 -0.9846 0.0112 0.2685 -0.9657 0.0644 0.2159 -0.9658 0.0797 0.2003 -0.9799 0.0851 0.1934 -1.0111 0.0821 0.1934 -1.0226 0.0427 0.2325 -1.0303 0.0514 0.2228 -1.0426 0.0565 0.2164 -1.0572 0.0594 0.212 -1.0496 0.0448 0.2277
87.0 -1.0907 0.0146 0.2545 -0.9827 0.0108 0.2691 -0.9636 0.0623 0.2184 -0.9586 0.0788 0.2019 -0.9746 0.0846 0.1944 -1.0049 0.0818 0.1944 -1.019 0.042 0.2336 -1.0267 0.0507 0.2239 -1.0382 0.0565 0.2169 -1.0528 0.0594 0.2125 -1.0455 0.0446 0.2283
88.0 -1.0863 0.0146 0.255 -0.9782 0.0102 0.2701 -0.9609 0.062 0.2189 -0.9532 0.0783 0.203 -0.9658 0.0846 0.1953 -0.996 0.0817 0.1953 -1.0145 0.0414 0.2347 -1.0214 0.0508 0.2244 -1.0321 0.0567 0.2173 -1.0477 0.0601 0.2123 -1.0404 0.0447 0.2287
89.0 -1.0844 0.0136 0.2561 -0.9738 0.0102 0.2706 -0.9549 0.0628 0.2187 -0.9495 0.077 0.2047 -0.9647 0.0835 0.1965 -0.9959 0.0811 0.1959 -1.0102 0.0419 0.2345 -1.0178 0.0501 0.2255 -1.0293 0.0559 0.2184 -1.0439 0.0588 0.214 -1.0371 0.0441 0.2297
90.0 -1.0799 0.013 0.2572 -0.9707 0.0076 0.2736 -0.9495 0.0623 0.2197 -0.945 0.0764 0.2058 -0.9576 0.0833 0.1975 -0.9862 0.0806 0.1974 -1.0066 0.0418 0.235 -1.0125 0.0502 0.2259 -1.0241 0.056 0.2188 -1.0396 0.0594 0.2138 -1.0326 0.0441 0.2302
91.0 -1.0773 0.0133 0.2571 -0.9682 0.0079 0.2735 -0.9469 0.0621 0.2202 -0.9405 0.0758 0.2069 -0.9556 0.0817 0.1993 -0.9842 0.0797 0.1986 -1.0031 0.0417 0.2355 -1.0098 0.0499 0.2264 -1.0214 0.0557 0.2194 -1.0368 0.0585 0.215 -1.0297 0.0438 0.2307
92.0 -1.0746 0.0131 0.2576 -0.9645 0.0072 0.2746 -0.9407 0.0623 0.2206 -0.9359 0.0746 0.2085 -0.9493 0.0813 0.2003 -0.9797 0.079 0.1996 -0.9988 0.0423 0.2353 -1.0055 0.0505 0.2262 -1.017 0.0557 0.2198 -1.0333 0.0584 0.2154 -1.0259 0.044 0.2309
93.0 -1.0735 0.0114 0.2595 -0.9638 0.0079 0.274 -0.9348 0.0637 0.2197 -0.9316 0.0752 0.2084 -0.9446 0.0795 0.2026 -0.9691 0.0786 0.2011 -0.9953 0.0421 0.2358 -1.0028 0.0503 0.2268 -1.0143 0.0554 0.2203 -1.0299 0.0588 0.2153 -1.0231 0.0436 0.2315
94.0 -1.071 0.0124 0.2587 -0.9602 0.0078 0.2744 -0.9321 0.0635 0.2203 -0.928 0.075 0.2089 -0.9412 0.08 0.2025 -0.9692 0.0792 0.2005 -0.9935 0.0424 0.2358 -1.0002 0.05 0.2273 -1.0117 0.0558 0.2202 -1.0272 0.0586 0.2158 -1.0207 0.0438 0.2316
95.0 -1.0682 0.0115 0.2599 -0.9558 0.0078 0.2749 -0.9303 0.0631 0.2208 -0.9251 0.0736 0.2106 -0.9365 0.0782 0.2048 -0.9611 0.0779 0.2027 -0.9908 0.0415 0.2369 -0.9983 0.0497 0.2278 -1.0091 0.0555 0.2208 -1.0237 0.0591 0.2157 -1.018 0.0435 0.2322
96.0 -1.0657 0.0125 0.2592 -0.9532 0.0081 0.2748 -0.9275 0.0623 0.222 -0.9216 0.0735 0.2111 -0.9337 0.0773 0.206 -0.9599 0.0762 0.2045 -0.9866 0.0427 0.2361 -0.9942 0.0508 0.227 -1.0057 0.0566 0.22 -1.022 0.0593 0.2156 -1.0148 0.0444 0.2316
97.0 -1.0631 0.0128 0.2591 -0.9499 0.0092 0.274 -0.9242 0.0633 0.2212 -0.9197 0.0725 0.2123 -0.9319 0.077 0.2065 -0.9606 0.0755 0.2051 -0.9848 0.0429 0.236 -0.9923 0.0505 0.2276 -1.0049 0.0567 0.22 -1.0213 0.06 0.215 -1.0133 0.0446 0.2315
98.0 -1.0631 0.0128 0.2591 -0.9489 0.0087 0.2746 -0.9239 0.0615 0.2231 -0.9177 0.0715 0.2135 -0.9309 0.0765 0.2071 -0.9582 0.0765 0.2044 -0.9847 0.0423 0.2367 -0.9915 0.0506 0.2276 -1.0039 0.0562 0.2206 -1.0194 0.0596 0.2155 -1.0125 0.0443 0.2319
99.0 -1.0613 0.0124 0.2596 -0.9445 0.0087 0.2751 -0.918 0.0629 0.2222 -0.916 0.0718 0.2134 -0.9308 0.0759 0.2077 -0.96 0.0768 0.2039 -0.9803 0.0423 0.2371 -0.9888 0.0503 0.2281 -1.0021 0.0559 0.2211 -1.0185 0.0592 0.2161 -1.0102 0.044 0.2324
100.0 -1.0586 0.0122 0.2601 -0.9417 0.0078 0.2762 -0.9176 0.0606 0.2247 -0.913 0.0697 0.2158 -0.9269 0.074 0.2101 -0.9542 0.0739 0.2074 -0.9777 0.0421 0.2376 -0.9861 0.0501 0.2286 -0.9994 0.0556 0.2216 -1.0158 0.0589 0.2166 -1.0075 0.0438 0.2329
101.0 -1.0586 0.0122 0.2601 -0.9416 0.0072 0.2768 -0.913 0.0593 0.2264 -0.911 0.0682 0.2176 -0.9248 0.0718 0.2125 -0.9513 0.0725 0.2091 -0.9742 0.0425 0.2375 -0.9834 0.0498 0.2291 -0.9958 0.0555 0.2221 -1.0123 0.0588 0.2171 -1.0049 0.0438 0.2332
102.0 -1.0569 0.0124 0.2601 -0.9399 0.0075 0.2768 -0.9111 0.059 0.2269 -0.9099 0.0671 0.2188 -0.9236 0.0701 0.2143 -0.9517 0.0694 0.2123 -0.973 0.0409 0.2393 -0.9814 0.0483 0.2309 -0.9947 0.0538 0.2239 -1.012 0.0576 0.2184 -1.0036 0.0426 0.2345
103.0 -1.0553 0.0133 0.2594 -0.9373 0.0078 0.2767 -0.9073 0.0571 0.2293 -0.9078 0.0649 0.2212 -0.9206 0.0681 0.2167 -0.9454 0.069 0.2133 -0.9705 0.0412 0.2392 -0.9789 0.0492 0.2302 -0.9923 0.0554 0.2226 -1.008 0.0594 0.217 -1.001 0.0437 0.2337
104.0 -1.0541 0.0116 0.2612 -0.9348 0.0082 0.2766 -0.9072 0.0565 0.2299 -0.9072 0.062 0.2243 -0.9201 0.0651 0.2198 -0.9433 0.0669 0.2157 -0.9719 0.0392 0.2412 -0.9803 0.0472 0.2321 -0.992 0.0536 0.2245 -1.006 0.0584 0.2181 -1.0009 0.042 0.2354
105.0 -1.0451 0.0152 0.2584 -0.9279 0.014 0.2713 -0.9048 0.0482 0.2386 -0.917 0.0472 0.2384 -0.9307 0.0502 0.234 -0.9445 0.0636 0.2189 -0.9658 0.0394 0.2416 -0.9741 0.0468 0.2331 -0.985 0.0539 0.2248 -1.0001 0.0598 0.2173 -0.994 0.043 0.235
106.0 -1.045 0.0147 0.259 -0.9271 0.0147 0.2707 -0.9033 0.0497 0.2373 -0.9215 0.0429 0.2423 -0.934 0.0492 0.2347 -0.9479 0.0632 0.219 -0.9655 0.0382 0.2428 -0.973 0.0457 0.2343 -0.9848 0.0527 0.2261 -1.0 0.0592 0.2179 -0.9937 0.0421 0.236
107.0 -1.0425 0.0156 0.2583 -0.9265 0.016 0.2694 -0.9042 0.0495 0.2373 -0.9273 0.0409 0.2438 -0.9391 0.0479 0.2355 -0.9502 0.061 0.221 -0.9612 0.0388 0.2426 -0.9704 0.0461 0.2342 -0.9823 0.0536 0.2253 -0.9975 0.0601 0.2172 -0.9908 0.0429 0.2355
108.0 -1.0445 0.0172 0.2565 -0.9248 0.0168 0.2687 -0.9052 0.05 0.2367 -0.9352 0.0356 0.2485 -0.9467 0.0413 0.2414 -0.9537 0.0557 0.2261 -0.9614 0.0394 0.242 -0.9697 0.0468 0.2336 -0.9799 0.0546 0.2246 -0.9935 0.0619 0.2158 -0.9898 0.044 0.2345
109.0 -1.0427 0.0168 0.257 -0.9255 0.0204 0.265 -0.9049 0.0488 0.2379 -0.9538 0.0312 0.2511 -0.9596 0.0396 0.2419 -0.9553 0.0549 0.2268 -0.9632 0.0397 0.2415 -0.9715 0.0472 0.233 -0.9817 0.055 0.2241 -0.9943 0.0618 0.2158 -0.9907 0.0441 0.2343
110.0 -1.042 0.0175 0.2564 -0.9241 0.0224 0.263 -0.9102 0.0487 0.2375 -0.9535 0.0349 0.2473 -0.9609 0.0419 0.2395 -0.9598 0.0555 0.2257 -0.9623 0.0399 0.2414 -0.9707 0.0473 0.233 -0.9799 0.0546 0.2246 -0.9935 0.0619 0.2158 -0.9897 0.0442 0.2342
111.0 -1.0395 0.0184 0.2557 -0.9228 0.025 0.2605 -0.9092 0.0482 0.2381 -0.9569 0.0339 0.2481 -0.961 0.0425 0.2389 -0.9597 0.0549 0.2263 -0.9617 0.0412 0.2401 -0.9699 0.048 0.2323 -0.9782 0.0554 0.2239 -0.991 0.0629 0.2151 -0.9881 0.0452 0.2334
112.0 -1.0363 0.0201 0.2543 -0.9214 0.0271 0.2586 -0.9152 0.0468 0.239 -0.9586 0.0336 0.2481 -0.9645 0.042 0.239 -0.9648 0.0542 0.2265 -0.9609 0.0419 0.2395 -0.9684 0.0494 0.231 -0.9776 0.0567 0.2227 -0.9902 0.0636 0.2144 -0.9867 0.0463 0.2324
113.0 -1.0364 0.0207 0.2537 -0.9223 0.0275 0.258 -0.9176 0.0459 0.2397 -0.9615 0.0351 0.2464 -0.9681 0.0427 0.2379 -0.9702 0.0547 0.2255 -0.9599 0.0414 0.2401 -0.9674 0.0489 0.2316 -0.9766 0.0563 0.2232 -0.9894 0.0637 0.2144 -0.9859 0.0462 0.2326
114.0 -1.0365 0.0213 0.253 -0.9225 0.0287 0.2567 -0.9177 0.0465 0.2391 -0.9583 0.0367 0.245 -0.9682 0.0433 0.2373 -0.9744 0.0535 0.2263 -0.9592 0.0421 0.2394 -0.9667 0.0497 0.231 -0.9758 0.0564 0.2232 -0.9885 0.0638 0.2143 -0.9853 0.0466 0.2322
115.0 -1.0384 0.0223 0.2519 -0.9225 0.0287 0.2567 -0.9141 0.0458 0.2402 -0.9603 0.0334 0.2482 -0.9679 0.0415 0.2391 -0.9726 0.0531 0.2268 -0.9575 0.0423 0.2394 -0.965 0.0499 0.2309 -0.9742 0.0572 0.2225 -0.9879 0.0651 0.2131 -0.9846 0.0474 0.2315
116.0 -1.0366 0.0219 0.2524 -0.9221 0.0312 0.2542 -0.9245 0.045 0.24 -0.9598 0.0353 0.2463 -0.9681 0.0427 0.2379 -0.9751 0.0528 0.2269 -0.9577 0.0435 0.2381 -0.9651 0.0505 0.2303 -0.9743 0.0578 0.2219 -0.987 0.0652 0.213 -0.9841 0.0478 0.2312
117.0 -1.0351 0.0233 0.2511 -0.9211 0.0308 0.2548 -0.9142 0.0464 0.2396 -0.9596 0.0341 0.2476 -0.9706 0.0418 0.2386 -0.976 0.0527 0.227 -0.955 0.0433 0.2386 -0.9625 0.0508 0.2302 -0.9717 0.0581 0.2218 -0.9853 0.0655 0.213 -0.9819 0.0482 0.2309
118.0 -1.0335 0.0241 0.2504 -0.9212 0.0314 0.2542 -0.9143 0.047 0.2389 -0.9621 0.0338 0.2477 -0.9714 0.0417 0.2387 -0.9744 0.0535 0.2263 -0.9551 0.0439 0.238 -0.9616 0.0509 0.2302 -0.9708 0.0583 0.2218 -0.9836 0.0657 0.2129 -0.9809 0.0486 0.2307
119.0 -1.0318 0.025 0.2497 -0.9213 0.032 0.2536 -0.9124 0.046 0.2401 -0.9638 0.0335 0.2477 -0.9732 0.0414 0.2387 -0.9742 0.0523 0.2275 -0.9545 0.0452 0.2367 -0.9618 0.0521 0.2289 -0.971 0.0594 0.2205 -0.9845 0.0662 0.2123 -0.9807 0.0496 0.2296
120.0 -1.0328 0.0255 0.2491 -0.9205 0.0321 0.2535 -0.9114 0.0455 0.2407 -0.9637 0.0329 0.2483 -0.9732 0.0414 0.2387 -0.9751 0.0528 0.2269 -0.9552 0.0445 0.2374 -0.9626 0.0514 0.2296 -0.9718 0.0587 0.2212 -0.9845 0.0662 0.2123 -0.9814 0.0493 0.2299
121.0 -1.0312 0.0263 0.2485 -0.9239 0.0316 0.2537 -0.9114 0.0455 0.2407 -0.9629 0.0331 0.2483 -0.9722 0.041 0.2393 -0.9743 0.0529 0.2269 -0.9561 0.0444 0.2374 -0.9626 0.0514 0.2296 -0.9708 0.0583 0.2218 -0.9836 0.0657 0.2129 -0.9808 0.0492 0.23
122.0 -1.0302 0.0258 0.249 -0.9214 0.0325 0.253 -0.9097 0.0457 0.2406 -0.9632 0.0349 0.2465 -0.9733 0.042 0.2381 -0.9752 0.0534 0.2263 -0.9541 0.0434 0.2386 -0.9608 0.0511 0.2301 -0.97 0.0584 0.2217 -0.9828 0.0664 0.2122 -0.9796 0.049 0.2304
123.0 -1.0303 0.0264 0.2484 -0.9255 0.0308 0.2544 -0.9137 0.0434 0.2427 -0.9623 0.035 0.2464 -0.9716 0.0429 0.2374 -0.9745 0.0541 0.2257 -0.9548 0.0421 0.2399 -0.9614 0.0498 0.2314 -0.9699 0.0578 0.2224 -0.9828 0.0664 0.2122 -0.9798 0.0485 0.2309
124.0 -1.0313 0.0269 0.2478 -0.9305 0.0289 0.2558 -0.9111 0.0437 0.2426 -0.9647 0.0334 0.2478 -0.9724 0.0422 0.2381 -0.9735 0.0536 0.2262 -0.9559 0.0432 0.2387 -0.9615 0.0504 0.2308 -0.9699 0.0578 0.2224 -0.9827 0.0658 0.2129 -0.9802 0.0488 0.2305
125.0 -1.0311 0.0257 0.2491 -0.9239 0.0316 0.2537 -0.9112 0.0443 0.2419 -0.9621 0.0338 0.2477 -0.9723 0.0416 0.2387 -0.9734 0.053 0.2269 -0.9539 0.0422 0.2398 -0.9606 0.0499 0.2314 -0.9698 0.0572 0.223 -0.9827 0.0658 0.2129 -0.9796 0.0482 0.2312
126.0 -1.0286 0.0266 0.2484 -0.9189 0.0329 0.2529 -0.9103 0.0444 0.2419 -0.962 0.0332 0.2483 -0.9713 0.0411 0.2393 -0.9743 0.0529 0.2269 -0.9523 0.043 0.2392 -0.9588 0.0501 0.2313 -0.9673 0.0581 0.2223 -0.9793 0.0663 0.2127 -0.9773 0.0488 0.2308
127.0 -1.0286 0.0266 0.2484 -0.9273 0.0305 0.2544 -0.9109 0.0425 0.2438 -0.9632 0.0349 0.2465 -0.9725 0.0428 0.2374 -0.9736 0.0542 0.2256 -0.9538 0.0416 0.2405 -0.9597 0.05 0.2313 -0.9681 0.058 0.2223 -0.9819 0.0665 0.2122 -0.9784 0.0486 0.2309
128.0 -1.026 0.027 0.2483 -0.9233 0.0329 0.2524 -0.9101 0.0432 0.2431 -0.963 0.0337 0.2477 -0.9697 0.0419 0.2386 -0.9727 0.0537 0.2262 -0.9531 0.0423 0.2398 -0.9597 0.05 0.2313 -0.9681 0.058 0.2223 -0.981 0.066 0.2128 -0.9776 0.0487 0.2309
129.0 -1.0291 0.0241 0.2509 -0.9191 0.0341 0.2516 -0.9125 0.0417 0.2445 -0.9655 0.0327 0.2484 -0.9733 0.042 0.2381 -0.9753 0.054 0.2257 -0.9514 0.0426 0.2397 -0.958 0.0502 0.2313 -0.9673 0.0581 0.2223 -0.9811 0.0666 0.2122 -0.9774 0.0483 0.2313
130.0 -1.0294 0.0259 0.249 -0.9208 0.0339 0.2517 -0.91 0.0426 0.2438 -0.964 0.0341 0.2471 -0.9734 0.0426 0.2375 -0.9745 0.0541 0.2257 -0.9539 0.0422 0.2398 -0.9597 0.05 0.2313 -0.968 0.0574 0.2229 -0.981 0.066 0.2128 -0.9784 0.0483 0.2312
131.0 -1.0284 0.0254 0.2496 -0.9231 0.0317 0.2536 -0.9092 0.0428 0.2437 -0.9656 0.0333 0.2478 -0.9734 0.0426 0.2375 -0.9745 0.0541 0.2257 -0.9537 0.041 0.2411 -0.9596 0.0494 0.2319 -0.9679 0.0568 0.2235 -0.981 0.066 0.2128 -0.9781 0.0477 0.2318
132.0 -1.0295 0.0265 0.2484 -0.9275 0.0317 0.2532 -0.9099 0.042 0.2444 -0.9629 0.0331 0.2483 -0.9715 0.0423 0.238 -0.9744 0.0535 0.2263 -0.9529 0.0411 0.2411 -0.9586 0.0489 0.2325 -0.9671 0.0569 0.2235 -0.9793 0.0663 0.2127 -0.9775 0.048 0.2316
133.0 -1.03 0.0246 0.2503 -0.9214 0.0325 0.253 -0.9116 0.0418 0.2445 -0.9657 0.0339 0.2472 -0.9735 0.0432 0.2369 -0.9746 0.0547 0.225 -0.9538 0.0416 0.2405 -0.9596 0.0494 0.2319 -0.968 0.0574 0.2229 -0.9818 0.0659 0.2128 -0.9787 0.0478 0.2317
134.0 -1.0277 0.0262 0.2489 -0.9231 0.0317 0.2536 -0.9091 0.0422 0.2444 -0.9647 0.0334 0.2478 -0.9741 0.0419 0.2381 -0.9744 0.0535 0.2263 -0.9537 0.041 0.2411 -0.9587 0.0495 0.2319 -0.9672 0.0575 0.2229 -0.9801 0.0662 0.2128 -0.9775 0.0481 0.2315
135.0 -1.0294 0.0259 0.249 -0.9265 0.0313 0.2538 -0.91 0.0426 0.2438 -0.9631 0.0343 0.2471 -0.9726 0.0434 0.2368 -0.9737 0.0548 0.225 -0.9537 0.041 0.2411 -0.9596 0.0494 0.2319 -0.968 0.0574 0.2229 -0.981 0.066 0.2128 -0.9783 0.048 0.2316
136.0 -1.0284 0.0254 0.2496 -0.9259 0.0326 0.2525 -0.91 0.0426 0.2438 -0.9621 0.0338 0.2477 -0.9715 0.0423 0.238 -0.9728 0.0543 0.2256 -0.9529 0.0411 0.2411 -0.9587 0.0495 0.2319 -0.9672 0.0575 0.2229 -0.9801 0.0662 0.2128 -0.9775 0.048 0.2316
137.0 -1.0292 0.0247 0.2503 -0.9198 0.0334 0.2523 -0.911 0.0431 0.2432 -0.9657 0.0339 0.2472 -0.9742 0.0425 0.2375 -0.9745 0.0541 0.2257 -0.953 0.0417 0.2404 -0.9596 0.0494 0.2319 -0.968 0.0574 0.2229 -0.9818 0.0659 0.2128 -0.9783 0.0478 0.2317
138.0 -1.0284 0.0254 0.2496 -0.9232 0.0323 0.253 -0.9099 0.042 0.2444 -0.9648 0.034 0.2471 -0.9734 0.0426 0.2375 -0.9745 0.0541 0.2257 -0.9529 0.0411 0.2411 -0.9587 0.0495 0.2319 -0.9672 0.0575 0.2229 -0.9801 0.0662 0.2128 -0.9775 0.048 0.2316
139.0 -1.0292 0.0247 0.2503 -0.9217 0.0337 0.2517 -0.9111 0.0437 0.2426 -0.964 0.0341 0.2471 -0.9732 0.0414 0.2387 -0.9727 0.0537 0.2262 -0.9539 0.0422 0.2398 -0.9606 0.0499 0.2314 -0.9689 0.0573 0.2229 -0.9818 0.0659 0.2128 -0.9789 0.048 0.2314
140.0 -1.0275 0.0256 0.2496 -0.9235 0.0341 0.2512 -0.9124 0.0411 0.2451 -0.962 0.0332 0.2483 -0.9706 0.0418 0.2386 -0.9736 0.0542 0.2256 -0.9528 0.0405 0.2417 -0.9586 0.0489 0.2325 -0.9671 0.0569 0.2235 -0.9801 0.0662 0.2128 -0.9772 0.0476 0.232
141.0 -1.0285 0.026 0.249 -0.9197 0.0328 0.2529 -0.91 0.0426 0.2438 -0.9656 0.0333 0.2478 -0.9741 0.0419 0.2381 -0.9743 0.0529 0.2269 -0.9521 0.0418 0.2404 -0.9587 0.0495 0.2319 -0.9671 0.0569 0.2235 -0.9801 0.0662 0.2128 -0.9773 0.0481 0.2315
142.0 -1.0275 0.0256 0.2496 -0.9209 0.0345 0.2511 -0.9084 0.0435 0.2431 -0.9629 0.0331 0.2483 -0.9714 0.0417 0.2387 -0.9735 0.0536 0.2262 -0.9512 0.042 0.2404 -0.958 0.0502 0.2313 -0.9672 0.0575 0.2229 -0.98 0.0656 0.2134 -0.9768 0.0482 0.2315
143.0 -1.0285 0.026 0.249 -0.9316 0.03 0.2546 -0.9108 0.0419 0.2444 -0.9613 0.0339 0.2476 -0.9706 0.0418 0.2386 -0.9718 0.0538 0.2262 -0.9536 0.0404 0.2417 -0.9595 0.0488 0.2326 -0.9671 0.0569 0.2235 -0.9801 0.0662 0.2128 -0.9778 0.0477 0.2319
144.0 -1.0287 0.0272 0.2477 -0.9199 0.034 0.2516 -0.91 0.0426 0.2438 -0.9621 0.0338 0.2477 -0.9715 0.0423 0.238 -0.9735 0.0536 0.2262 -0.9529 0.0411 0.2411 -0.9586 0.0489 0.2325 -0.9663 0.0576 0.2228 -0.9793 0.0663 0.2127 -0.9772 0.0482 0.2314
145.0 -1.0275 0.0256 0.2496 -0.9232 0.0323 0.253 -0.9093 0.0434 0.2431 -0.9638 0.0335 0.2477 -0.9732 0.0414 0.2387 -0.9727 0.0537 0.2262 -0.9529 0.0411 0.2411 -0.9587 0.0495 0.2319 -0.9671 0.0569 0.2235 -0.98 0.0656 0.2134 -0.9772 0.0477 0.2319
146.0 -1.0267 0.0257 0.2495 -0.919 0.0335 0.2522 -0.911 0.0431 0.2432 -0.9612 0.0333 0.2482 -0.9706 0.0418 0.2386 -0.9734 0.053 0.2269 -0.9514 0.0426 0.2397 -0.958 0.0502 0.2313 -0.9663 0.0576 0.2228 -0.9801 0.0662 0.2128 -0.9765 0.0485 0.2312
147.0 -1.0283 0.0248 0.2502 -0.9189 0.0329 0.2529 -0.9092 0.0428 0.2437 -0.9657 0.0339 0.2472 -0.9741 0.0419 0.2381 -0.9752 0.0534 0.2263 -0.9514 0.0426 0.2397 -0.958 0.0502 0.2313 -0.9672 0.0575 0.2229 -0.9801 0.0662 0.2128 -0.977 0.0483 0.2314
148.0 -1.0284 0.0254 0.2496 -0.9224 0.033 0.2524 -0.9092 0.0428 0.2437 -0.963 0.0337 0.2477 -0.9714 0.0417 0.2387 -0.9744 0.0535 0.2263 -0.953 0.0417 0.2404 -0.9587 0.0495 0.2319 -0.9672 0.0575 0.2229 -0.981 0.066 0.2128 -0.9777 0.048 0.2315
149.0 -1.0283 0.0248 0.2502 -0.9225 0.0336 0.2517 -0.9108 0.0419 0.2444 -0.9636 0.0324 0.249 -0.9713 0.0411 0.2393 -0.9735 0.0536 0.2262 -0.953 0.0417 0.2404 -0.9587 0.0495 0.2319 -0.968 0.0574 0.2229 -0.981 0.066 0.2128 -0.9778 0.0479 0.2317
150.0 -1.0283 0.0248 0.2502 -0.9206 0.0327 0.2529 -0.9101 0.0432 0.2431 -0.9638 0.0335 0.2477 -0.9724 0.0422 0.2381 -0.9744 0.0535 0.2263 -0.953 0.0417 0.2404 -0.9596 0.0494 0.2319 -0.968 0.0574 0.2229 -0.9818 0.0659 0.2128 -0.9781 0.0479 0.2317
151.0 -1.0285 0.026 0.249 -0.9226 0.0342 0.2511 -0.91 0.0426 0.2438 -0.963 0.0337 0.2477 -0.9715 0.0423 0.238 -0.9745 0.0541 0.2257 -0.952 0.0413 0.241 -0.9587 0.0495 0.2319 -0.9672 0.0575 0.2229 -0.9801 0.0662 0.2128 -0.9773 0.0481 0.2315
152.0 -1.0295 0.0265 0.2484 -0.9208 0.0339 0.2517 -0.9082 0.0423 0.2443 -0.964 0.0341 0.2471 -0.9715 0.0423 0.238 -0.9735 0.0536 0.2262 -0.9521 0.0418 0.2404 -0.9587 0.0495 0.2319 -0.9672 0.0575 0.2229 -0.9801 0.0662 0.2128 -0.9775 0.0483 0.2313
153.0 -1.0277 0.0262 0.2489 -0.9239 0.0316 0.2537 -0.9101 0.0432 0.2431 -0.9623 0.035 0.2464 -0.9716 0.0429 0.2374 -0.9719 0.0544 0.2256 -0.953 0.0417 0.2404 -0.9587 0.0495 0.2319 -0.9672 0.0575 0.2229 -0.981 0.066 0.2128 -0.9775 0.0482 0.2314
154.0 -1.0285 0.026 0.249 -0.9225 0.0336 0.2517 -0.9091 0.0422 0.2444 -0.9612 0.0333 0.2482 -0.9705 0.0412 0.2392 -0.9733 0.0524 0.2275 -0.952 0.0413 0.241 -0.9578 0.049 0.2325 -0.9671 0.0569 0.2235 -0.9792 0.0657 0.2133 -0.9769 0.0478 0.2319
155.0 -1.0277 0.0262 0.2489 -0.9216 0.0331 0.2523 -0.9134 0.0416 0.2445 -0.962 0.0332 0.2483 -0.9706 0.0418 0.2386 -0.9743 0.0529 0.2269 -0.9521 0.0418 0.2404 -0.9579 0.0496 0.2319 -0.9663 0.0576 0.2228 -0.9793 0.0663 0.2127 -0.9766 0.0483 0.2314
156.0 -1.0294 0.0259 0.249 -0.9238 0.031 0.2543 -0.9093 0.0434 0.2431 -0.9657 0.0339 0.2472 -0.9735 0.0432 0.2369 -0.9736 0.0542 0.2256 -0.9537 0.041 0.2411 -0.9596 0.0494 0.2319 -0.968 0.0574 0.2229 -0.981 0.066 0.2128 -0.9783 0.048 0.2316
157.0 -1.0277 0.0262 0.2489 -0.9249 0.0321 0.2531 -0.9116 0.0418 0.2445 -0.9621 0.0338 0.2477 -0.9707 0.0424 0.238 -0.9734 0.053 0.2269 -0.9538 0.0416 0.2405 -0.9597 0.05 0.2313 -0.9672 0.0575 0.2229 -0.9801 0.0662 0.2128 -0.9777 0.0483 0.2313
158.0 -1.0285 0.026 0.249 -0.9265 0.0313 0.2538 -0.9092 0.0428 0.2437 -0.9613 0.0339 0.2476 -0.9714 0.0417 0.2387 -0.9727 0.0537 0.2262 -0.9537 0.041 0.2411 -0.9596 0.0494 0.2319 -0.9672 0.0575 0.2229 -0.9801 0.0662 0.2128 -0.9778 0.048 0.2315
159.0 -1.0294 0.0259 0.249 -0.9208 0.0339 0.2517 -0.9094 0.044 0.2425 -0.963 0.0337 0.2477 -0.9707 0.0424 0.238 -0.9727 0.0537 0.2262 -0.952 0.0413 0.241 -0.9587 0.0495 0.2319 -0.9672 0.0575 0.2229 -0.9792 0.0657 0.2133 -0.9773 0.048 0.2316
160.0 -1.0295 0.0265 0.2484 -0.9264 0.0307 0.2544 -0.9091 0.0422 0.2444 -0.9648 0.034 0.2471 -0.9726 0.0434 0.2368 -0.9736 0.0542 0.2256 -0.9545 0.0403 0.2417 -0.9595 0.0488 0.2326 -0.9679 0.0568 0.2235 -0.981 0.066 0.2128 -0.9785 0.0477 0.2318
161.0 -1.0293 0.0253 0.2496 -0.9206 0.0327 0.2529 -0.9092 0.0428 0.2437 -0.9657 0.0339 0.2472 -0.9734 0.0426 0.2375 -0.9736 0.0542 0.2256 -0.953 0.0417 0.2404 -0.9587 0.0495 0.2319 -0.9672 0.0575 0.2229 -0.9801 0.0662 0.2128 -0.9777 0.048 0.2315
162.0 -1.0251 0.0265 0.2489 -0.9191 0.0341 0.2516 -0.9101 0.0432 0.2431 -0.9623 0.035 0.2464 -0.9707 0.0424 0.238 -0.9735 0.0536 0.2262 -0.9515 0.0432 0.2391 -0.9581 0.0508 0.2306 -0.9673 0.0581 0.2223 -0.9801 0.0662 0.2128 -0.9764 0.049 0.2307
163.0 -1.0294 0.0259 0.249 -0.9216 0.0331 0.2523 -0.9093 0.0434 0.2431 -0.9638 0.0335 0.2477 -0.9724 0.0422 0.2381 -0.9734 0.053 0.2269 -0.953 0.0417 0.2404 -0.9596 0.0494 0.2319 -0.9672 0.0575 0.2229 -0.9801 0.0662 0.2128 -0.9778 0.0481 0.2314
164.0 -1.0292 0.0247 0.2503 -0.9197 0.0328 0.2529 -0.9108 0.0419 0.2444 -0.9647 0.0334 0.2478 -0.9733 0.042 0.2381 -0.9743 0.0529 0.2269 -0.9521 0.0418 0.2404 -0.9587 0.0495 0.2319 -0.9671 0.0569 0.2235 -0.9809 0.0654 0.2134 -0.9776 0.0477 0.2319
165.0 -1.0275 0.0256 0.2496 -0.92 0.0346 0.251 -0.9117 0.0424 0.2438 -0.963 0.0337 0.2477 -0.9707 0.0424 0.238 -0.9735 0.0536 0.2262 -0.9522 0.0424 0.2398 -0.9588 0.0501 0.2313 -0.9672 0.0575 0.2229 -0.9801 0.0662 0.2128 -0.9772 0.0484 0.2313
166.0 -1.0293 0.0253 0.2496 -0.9221 0.0312 0.2542 -0.9101 0.0432 0.2431 -0.965 0.0352 0.2459 -0.9736 0.0438 0.2362 -0.9737 0.0548 0.225 -0.9529 0.0411 0.2411 -0.9595 0.0488 0.2326 -0.9679 0.0568 0.2235 -0.981 0.066 0.2128 -0.9781 0.0476 0.2319
167.0 -1.0295 0.0265 0.2484 -0.9216 0.0331 0.2523 -0.9092 0.0428 0.2437 -0.9637 0.0329 0.2483 -0.9714 0.0417 0.2387 -0.9734 0.053 0.2269 -0.9529 0.0411 0.2411 -0.9586 0.0489 0.2325 -0.9679 0.0568 0.2235 -0.98 0.0656 0.2134 -0.9778 0.0478 0.2318
168.0 -1.0286 0.0266 0.2484 -0.925 0.0327 0.2525 -0.9117 0.0424 0.2438 -0.9605 0.0346 0.247 -0.9706 0.0418 0.2386 -0.9734 0.053 0.2269 -0.9521 0.0418 0.2404 -0.9587 0.0495 0.2319 -0.9672 0.0575 0.2229 -0.98 0.0656 0.2134 -0.9773 0.0482 0.2314
169.0 -1.0295 0.0265 0.2484 -0.9208 0.0339 0.2517 -0.9101 0.0432 0.2431 -0.9614 0.0345 0.247 -0.9715 0.0423 0.238 -0.9744 0.0535 0.2263 -0.953 0.0417 0.2404 -0.9587 0.0495 0.2319 -0.9679 0.0568 0.2235 -0.9809 0.0654 0.2134 -0.978 0.048 0.2315
170.0 -1.0294 0.0259 0.249 -0.9225 0.0336 0.2517 -0.9116 0.0418 0.2445 -0.9621 0.0338 0.2477 -0.9706 0.0418 0.2386 -0.9735 0.0536 0.2262 -0.9547 0.0415 0.2405 -0.9604 0.0493 0.232 -0.9689 0.0573 0.2229 -0.9817 0.0653 0.2134 -0.979 0.0479 0.2316
171.0 -1.0294 0.0259 0.249 -0.9214 0.0325 0.253 -0.9092 0.0428 0.2437 -0.9648 0.034 0.2471 -0.9742 0.0425 0.2375 -0.9745 0.0541 0.2257 -0.953 0.0417 0.2404 -0.9596 0.0494 0.2319 -0.9672 0.0575 0.2229 -0.9793 0.0663 0.2127 -0.9777 0.0482 0.2314
172.0 -1.0268 0.0263 0.2489 -0.9208 0.0339 0.2517 -0.9101 0.0432 0.2431 -0.9622 0.0344 0.247 -0.9715 0.0423 0.238 -0.9735 0.0536 0.2262 -0.9521 0.0418 0.2404 -0.9587 0.0495 0.2319 -0.9672 0.0575 0.2229 -0.981 0.066 0.2128 -0.9772 0.0482 0.2314
173.0 -1.0275 0.0256 0.2496 -0.9214 0.0325 0.253 -0.9101 0.0432 0.2431 -0.963 0.0337 0.2477 -0.9723 0.0416 0.2387 -0.9727 0.0537 0.2262 -0.9521 0.0418 0.2404 -0.9588 0.0501 0.2313 -0.9672 0.0575 0.2229 -0.981 0.066 0.2128 -0.9773 0.0482 0.2314
174.0 -1.0296 0.0271 0.2478 -0.9216 0.0331 0.2523 -0.9084 0.0435 0.2431 -0.964 0.0341 0.2471 -0.9724 0.0422 0.2381 -0.9735 0.0536 0.2262 -0.9521 0.0418 0.2404 -0.9579 0.0496 0.2319 -0.9663 0.0576 0.2228 -0.9784 0.0664 0.2127 -0.9769 0.0485 0.2311
175.0 -1.0284 0.0254 0.2496 -0.9225 0.0336 0.2517 -0.9116 0.0418 0.2445 -0.9638 0.0335 0.2477 -0.9715 0.0423 0.238 -0.9744 0.0535 0.2263 -0.9521 0.0418 0.2404 -0.9587 0.0495 0.2319 -0.9672 0.0575 0.2229 -0.981 0.066 0.2128 -0.9775 0.0481 0.2315
176.0 -1.0294 0.0259 0.249 -0.9224 0.033 0.2524 -0.9092 0.0428 0.2437 -0.9631 0.0343 0.2471 -0.9714 0.0417 0.2387 -0.9734 0.053 0.2269 -0.953 0.0417 0.2404 -0.9596 0.0494 0.2319 -0.968 0.0574 0.2229 -0.9809 0.0654 0.2134 -0.9782 0.048 0.2315
177.0 -1.0296 0.0271 0.2478 -0.9225 0.0336 0.2517 -0.9085 0.0441 0.2425 -0.9631 0.0343 0.2471 -0.9715 0.0423 0.238 -0.9727 0.0537 0.2262 -0.953 0.0417 0.2404 -0.9587 0.0495 0.2319 -0.9672 0.0575 0.2229 -0.9793 0.0663 0.2127 -0.9775 0.0484 0.2311
178.0 -1.0294 0.0259 0.249 -0.9218 0.0343 0.2511 -0.9101 0.0432 0.2431 -0.9605 0.0346 0.247 -0.9707 0.0424 0.238 -0.9726 0.0531 0.2268 -0.9531 0.0423 0.2398 -0.9588 0.0501 0.2313 -0.968 0.0574 0.2229 -0.981 0.066 0.2128 -0.9781 0.0484 0.2312
179.0 -1.0295 0.0265 0.2484 -0.9208 0.0339 0.2517 -0.9101 0.0432 0.2431 -0.9615 0.0351 0.2464 -0.9698 0.0425 0.238 -0.9735 0.0536 0.2262 -0.9529 0.0411 0.2411 -0.9596 0.0494 0.2319 -0.968 0.0574 0.2229 -0.98 0.0656 0.2134 -0.978 0.048 0.2315
180.0 -1.0285 0.026 0.249 -0.9243 0.034 0.2512 -0.9101 0.0432 0.2431 -0.9615 0.0351 0.2464 -0.9706 0.0418 0.2386 -0.9726 0.0531 0.2268 -0.9539 0.0422 0.2398 -0.9597 0.05 0.2313 -0.968 0.0574 0.2229 -0.9809 0.0654 0.2134 -0.9782 0.0482 0.2313
181.0 -1.0302 0.0258 0.249 -0.9197 0.0328 0.2529 -0.9101 0.0432 0.2431 -0.9647 0.0334 0.2478 -0.9715 0.0423 0.238 -0.9734 0.053 0.2269 -0.9521 0.0418 0.2404 -0.9587 0.0495 0.2319 -0.9672 0.0575 0.2229 -0.98 0.0656 0.2134 -0.9777 0.048 0.2315
182.0 -1.0284 0.0254 0.2496 -0.9222 0.0318 0.2536 -0.911 0.0431 0.2432 -0.9632 0.0349 0.2465 -0.9715 0.0423 0.238 -0.9735 0.0536 0.2262 -0.9521 0.0418 0.2404 -0.9587 0.0495 0.2319 -0.968 0.0574 0.2229 -0.981 0.066 0.2128 -0.9777 0.048 0.2315
183.0 -1.0278 0.0267 0.2483 -0.9207 0.0333 0.2523 -0.9095 0.0445 0.2419 -0.9622 0.0344 0.247 -0.9705 0.0412 0.2392 -0.9725 0.0525 0.2275 -0.9523 0.043 0.2392 -0.9589 0.0507 0.2307 -0.9673 0.0581 0.2223 -0.9793 0.0663 0.2127 -0.9771 0.049 0.2306
184.0 -1.0309 0.0245 0.2503 -0.9196 0.0322 0.2535 -0.9105 0.0456 0.2407 -0.963 0.0337 0.2477 -0.9713 0.0411 0.2393 -0.9725 0.0525 0.2275 -0.9541 0.0434 0.2386 -0.9615 0.0504 0.2308 -0.9699 0.0578 0.2224 -0.9835 0.0651 0.2135 -0.98 0.0482 0.2311
185.0 -1.0326 0.0243 0.2504 -0.9203 0.0309 0.2548 -0.9168 0.046 0.2397 -0.9614 0.0345 0.247 -0.9698 0.0425 0.238 -0.9745 0.0541 0.2257 -0.9544 0.0446 0.2374 -0.9617 0.0515 0.2295 -0.9708 0.0583 0.2218 -0.9844 0.0656 0.2129 -0.9808 0.0488 0.2304
186.0 -1.0292 0.0247 0.2503 -0.9203 0.0309 0.2548 -0.9176 0.0459 0.2397 -0.9599 0.0359 0.2457 -0.9682 0.0433 0.2373 -0.9711 0.0546 0.2255 -0.9551 0.0439 0.238 -0.9626 0.0514 0.2296 -0.9708 0.0583 0.2218 -0.9844 0.0656 0.2129 -0.9804 0.0488 0.2305
187.0 -1.0344 0.0246 0.2498 -0.9217 0.0289 0.2567 -0.9124 0.046 0.2401 -0.959 0.036 0.2457 -0.9691 0.0432 0.2373 -0.9717 0.0533 0.2268 -0.9568 0.0437 0.2381 -0.9642 0.0506 0.2303 -0.9725 0.058 0.2218 -0.9852 0.0649 0.2136 -0.9826 0.0484 0.2307
188.0 -1.0355 0.0257 0.2486 -0.9223 0.0275 0.258 -0.9032 0.0491 0.2379 -0.9511 0.0359 0.2466 -0.9627 0.0422 0.2389 -0.9672 0.0526 0.2279 -0.9549 0.0427 0.2393 -0.9632 0.0501 0.2308 -0.9725 0.058 0.2218 -0.986 0.0648 0.2136 -0.9824 0.0483 0.2308
189.0 -1.0353 0.0245 0.2499 -0.922 0.0258 0.2598 -0.9009 0.0506 0.2365 -0.9459 0.0366 0.2464 -0.9593 0.0427 0.2388 -0.9647 0.0536 0.2272 -0.9558 0.0426 0.2393 -0.9632 0.0501 0.2308 -0.9725 0.058 0.2218 -0.9843 0.065 0.2135 -0.9822 0.048 0.2311
190.0 -1.0389 0.0252 0.2488 -0.9226 0.0238 0.2617 -0.9009 0.0506 0.2365 -0.9273 0.0409 0.2438 -0.9414 0.0457 0.2375 -0.9518 0.0553 0.2267 -0.9577 0.0435 0.2381 -0.9652 0.0511 0.2297 -0.9744 0.0584 0.2213 -0.987 0.0652 0.213 -0.9846 0.0487 0.2302
191.0 -1.0405 0.0244 0.2494 -0.924 0.0218 0.2637 -0.9016 0.0499 0.2372 -0.9093 0.0488 0.2375 -0.9246 0.0504 0.2343 -0.9427 0.0584 0.2244 -0.964 0.0445 0.2365 -0.9698 0.0523 0.228 -0.979 0.0596 0.2196 -0.9898 0.0661 0.2119 -0.9886 0.0494 0.2291
192.0 -1.0404 0.0238 0.2501 -0.9259 0.0179 0.2675 -0.8999 0.0501 0.2371 -0.8999 0.055 0.2321 -0.9187 0.0567 0.2285 -0.9406 0.0617 0.2212 -0.9648 0.0438 0.2371 -0.9705 0.0516 0.2286 -0.9797 0.0589 0.2202 -0.9923 0.0651 0.2126 -0.9895 0.0486 0.2297
193.0 -1.0413 0.0237 0.2501 -0.9275 0.0171 0.2682 -0.8981 0.0498 0.2377 -0.8966 0.0567 0.2308 -0.9125 0.0619 0.2239 -0.9363 0.0672 0.2161 -0.9658 0.0449 0.2359 -0.9717 0.0533 0.2268 -0.9817 0.0598 0.2191 -0.9948 0.0648 0.2127 -0.9911 0.0493 0.2289
194.0 -1.0403 0.0232 0.2507 -0.9296 0.0137 0.2714 -0.8952 0.0532 0.2344 -0.8956 0.0605 0.227 -0.9099 0.0671 0.2188 -0.9337 0.0724 0.211 -0.9659 0.0455 0.2353 -0.9717 0.0533 0.2268 -0.9817 0.0598 0.2191 -0.9939 0.0643 0.2133 -0.9907 0.0492 0.229
195.0 -1.0384 0.0223 0.2519 -0.9301 0.0118 0.2733 -0.8936 0.0546 0.2331 -0.894 0.0619 0.2257 -0.9085 0.0691 0.2169 -0.9334 0.0755 0.2078 -0.9657 0.0443 0.2366 -0.9724 0.0519 0.2281 -0.9823 0.0585 0.2203 -0.9954 0.0629 0.2146 -0.9908 0.048 0.2303
196.0 -1.0385 0.0229 0.2512 -0.9332 0.009 0.2759 -0.8964 0.0555 0.232 -0.8909 0.0642 0.2237 -0.9045 0.0715 0.2148 -0.9312 0.0783 0.2052 -0.9655 0.0431 0.2378 -0.9706 0.0522 0.228 -0.9798 0.0595 0.2196 -0.9939 0.0643 0.2133 -0.9897 0.0484 0.23
197.0 -1.0386 0.0235 0.2506 -0.9351 0.0051 0.2797 -0.897 0.0585 0.2289 -0.8909 0.069 0.2187 -0.9043 0.0752 0.2111 -0.9307 0.0802 0.2033 -0.9664 0.043 0.2378 -0.9724 0.0519 0.2281 -0.9816 0.0593 0.2197 -0.9946 0.0636 0.2139 -0.9907 0.0482 0.23
198.0 -1.0402 0.0226 0.2513 -0.9366 0.0036 0.281 -0.8954 0.0599 0.2276 -0.8895 0.0711 0.2167 -0.9046 0.077 0.2092 -0.932 0.0824 0.2009 -0.9679 0.0415 0.2391 -0.973 0.0506 0.2293 -0.9831 0.0578 0.221 -0.9971 0.0626 0.2147 -0.9923 0.0471 0.2311
199.0 -1.0419 0.0224 0.2514 -0.9382 0.0028 0.2817 -0.8972 0.0596 0.2277 -0.8898 0.0729 0.2149 -0.9043 0.0801 0.2061 -0.9325 0.0854 0.1978 -0.969 0.0426 0.2379 -0.9749 0.0516 0.2282 -0.984 0.0583 0.2204 -0.9981 0.0631 0.2141 -0.9936 0.0476 0.2304
200.0 -1.0428 0.0223 0.2514 -0.9391 0.0027 0.2817 -0.8968 0.0627 0.2245 -0.8912 0.0757 0.2118 -0.9065 0.0828 0.203 -0.9354 0.0869 0.196 -0.9691 0.0432 0.2373 -0.975 0.0522 0.2276 -0.986 0.0593 0.2192 -0.9999 0.0635 0.2135 -0.9945 0.0481 0.2298
201.0 -1.0438 0.0228 0.2508 -0.9401 0.0032 0.2812 -0.8995 0.063 0.224 -0.8931 0.0767 0.2106 -0.9083 0.0832 0.2025 -0.9364 0.0879 0.1948 -0.9701 0.0443 0.2361 -0.9752 0.0534 0.2263 -0.9861 0.0599 0.2186 -1.0001 0.0647 0.2123 -0.9951 0.049 0.2288
202.0 -1.0463 0.0224 0.2509 -0.9426 0.0028 0.2813 -0.9014 0.064 0.2228 -0.895 0.0776 0.2095 -0.9094 0.0843 0.2013 -0.9392 0.0888 0.1937 -0.9736 0.0438 0.2362 -0.9795 0.0528 0.2265 -0.9895 0.0594 0.2187 -1.0027 0.0643 0.2124 -0.9983 0.0486 0.229
203.0 -1.0488 0.0215 0.2516 -0.9427 0.0034 0.2806 -0.9033 0.0643 0.2223 -0.8977 0.0779 0.2089 -0.9112 0.0846 0.2007 -0.941 0.0892 0.1931 -0.9753 0.0436 0.2363 -0.9803 0.0521 0.2271 -0.9902 0.0587 0.2194 -1.0043 0.0635 0.2131 -0.9998 0.0479 0.2295
204.0 -1.0498 0.0219 0.2511 -0.9446 0.0038 0.2801 -0.905 0.0641 0.2223 -0.8985 0.0772 0.2096 -0.9121 0.0845 0.2008 -0.9428 0.0889 0.1932 -0.9754 0.0442 0.2357 -0.9813 0.0526 0.2265 -0.9912 0.0592 0.2188 -1.0053 0.064 0.2125 -1.0006 0.0484 0.2289
205.0 -1.0531 0.0209 0.2518 -0.9473 0.0046 0.2789 -0.9076 0.0637 0.2224 -0.9013 0.078 0.2085 -0.9157 0.0852 0.1996 -0.9454 0.0892 0.1927 -0.9779 0.0433 0.2364 -0.9838 0.0522 0.2266 -0.9947 0.0587 0.2189 -1.0086 0.0629 0.2132 -1.0036 0.0476 0.2294
206.0 -1.0549 0.0212 0.2513 -0.9491 0.0044 0.279 -0.9102 0.064 0.2219 -0.9038 0.0777 0.2086 -0.9183 0.0849 0.1997 -0.948 0.0888 0.1928 -0.9797 0.0436 0.2359 -0.9857 0.0526 0.2261 -0.9964 0.0585 0.219 -1.0103 0.0627 0.2133 -1.0054 0.0477 0.2291
207.0 -1.0567 0.021 0.2513 -0.9499 0.0043 0.279 -0.9128 0.0636 0.222 -0.9056 0.0774 0.2086 -0.9192 0.0848 0.1998 -0.9488 0.0881 0.1934 -0.9824 0.0439 0.2353 -0.9875 0.053 0.2255 -0.9973 0.059 0.2184 -1.0113 0.0632 0.2127 -1.007 0.048 0.2287
208.0 -1.0585 0.0214 0.2508 -0.9534 0.0038 0.2792 -0.9146 0.064 0.2215 -0.9081 0.0771 0.2087 -0.9209 0.0845 0.1998 -0.9514 0.0878 0.1935 -0.9834 0.0449 0.2341 -0.9884 0.0534 0.2249 -0.9983 0.0594 0.2178 -1.0122 0.0637 0.2121 -1.0082 0.0486 0.228
209.0 -1.0602 0.0211 0.2508 -0.9552 0.0042 0.2786 -0.917 0.0625 0.2228 -0.9115 0.076 0.2095 -0.9241 0.0829 0.2012 -0.9538 0.0868 0.1943 -0.9854 0.0459 0.2329 -0.9904 0.0544 0.2238 -1.0001 0.0598 0.2173 -1.0148 0.0633 0.2122 -1.0102 0.0489 0.2274
210.0 -1.0846 0.0197 0.2499 -0.9812 0.0019 0.2784 -0.9452 0.0574 0.2251 -0.9405 0.0709 0.2118 -0.9541 0.0782 0.203 -0.9847 0.082 0.1961 -1.0091 0.0409 0.2357 -1.0143 0.0506 0.2253 -1.025 0.0564 0.2182 -1.0398 0.0605 0.2126 -1.0346 0.0456 0.2284
211.0 -1.0905 0.0183 0.2508 -0.9869 -0.0007 0.2805 -0.9496 0.0575 0.2247 -0.9466 0.0707 0.2115 -0.9611 0.0779 0.2027 -0.9898 0.0813 0.1963 -1.0142 0.0396 0.2366 -1.0202 0.0491 0.2262 -1.0302 0.0557 0.2184 -1.045 0.0598 0.2128 -1.04 0.0445 0.2289
212.0 -1.0963 0.0163 0.2522 -0.9931 -0.0003 0.2795 -0.9572 0.0558 0.2256 -0.9534 0.0692 0.2123 -0.967 0.0765 0.2035 -0.9975 0.0797 0.1972 -1.0212 0.0392 0.2362 -1.0272 0.0488 0.2258 -1.0379 0.0547 0.2187 -1.0518 0.0583 0.2137 -1.0469 0.0435 0.2293
213.0 -1.1022 0.0149 0.2531 -1.0007 -0.002 0.2804 -0.9642 0.0555 0.2253 -0.9612 0.0687 0.212 -0.9747 0.0754 0.2038 -1.0026 0.079 0.1974 -1.0263 0.0386 0.2364 -1.0323 0.0475 0.2266 -1.0421 0.0535 0.2195 -1.0568 0.057 0.2145 -1.0519 0.0423 0.23
214.0 -1.1124 0.0129 0.2541 -1.0076 -0.0029 0.2806 -0.9683 0.0537 0.2267 -0.9699 0.0682 0.2117 -0.9826 0.075 0.2035 -1.0101 0.0768 0.1989 -1.0349 0.0374 0.2367 -1.0408 0.0458 0.2276 -1.0506 0.0518 0.2205 -1.0643 0.0548 0.216 -1.0606 0.0405 0.231
215.0 -1.1193 0.012 0.2544 -1.0145 -0.0038 0.2809 -0.974 0.0511 0.2288 -0.9766 0.066 0.2132 -0.9901 0.0728 0.205 -1.0178 0.0751 0.1999 -1.0416 0.0353 0.2382 -1.0467 0.0444 0.2285 -1.0574 0.0502 0.2214 -1.072 0.0532 0.2169 -1.0674 0.039 0.2319
216.0 -1.1253 0.0111 0.2546 -1.0222 -0.0049 0.2812 -0.984 0.0479 0.231 -0.9824 0.064 0.2147 -0.996 0.0714 0.2059 -1.0237 0.0737 0.2007 -1.0493 0.0342 0.2385 -1.0544 0.0433 0.2288 -1.0643 0.0493 0.2216 -1.0781 0.0529 0.2166 -1.0743 0.0382 0.232
217.0 -1.1322 0.0102 0.2549 -1.0289 -0.007 0.2827 -0.9925 0.0462 0.232 -0.9899 0.0618 0.2163 -1.0045 0.0696 0.2068 -1.0315 0.0733 0.2004 -1.0568 0.032 0.2401 -1.062 0.0417 0.2297 -1.0719 0.0477 0.2226 -1.0858 0.0519 0.2169 -1.0818 0.0367 0.2328
218.0 -1.139 0.0087 0.2558 -1.0366 -0.008 0.283 -0.9992 0.0446 0.2329 -0.9957 0.0598 0.2177 -1.0111 0.0675 0.2083 -1.0373 0.0713 0.2019 -1.0636 0.0305 0.241 -1.0688 0.0401 0.2306 -1.0787 0.0461 0.2234 -1.0925 0.0498 0.2184 -1.0885 0.035 0.2338
219.0 -1.1466 0.007 0.2567 -1.0451 -0.0098 0.284 -1.0068 0.0424 0.2344 -1.0033 0.0581 0.2187 -1.0187 0.0652 0.2099 -1.0467 0.0694 0.2028 -1.0712 0.0288 0.2419 -1.0763 0.0379 0.2321 -1.0862 0.0439 0.225 -1.1 0.0475 0.2199 -1.0961 0.033 0.2351
220.0 -1.1508 0.0059 0.2575 -1.0518 -0.0119 0.2855 -1.0133 0.0397 0.2365 -1.01 0.056 0.2202 -1.0261 0.0624 0.212 -1.0559 0.0669 0.2045 -1.0779 0.0267 0.2434 -1.083 0.0358 0.2336 -1.0938 0.0423 0.2259 -1.1085 0.0458 0.2209 -1.1028 0.0313 0.2362
221.0 -1.1611 0.0045 0.2579 -1.0594 -0.0136 0.2864 -1.0194 0.0395 0.2361 -1.0185 0.0543 0.2211 -1.0336 0.0602 0.2136 -1.0634 0.0647 0.206 -1.0855 0.0251 0.2443 -1.0906 0.0341 0.2345 -1.1014 0.0406 0.2268 -1.1162 0.0447 0.2212 -1.111 0.0298 0.2369
222.0 -1.1662 0.0038 0.2581 -1.068 -0.0147 0.2867 -1.0287 0.037 0.2377 -1.0275 0.0506 0.224 -1.0411 0.0579 0.2151 -1.0709 0.0619 0.2082 -1.0939 0.0227 0.2459 -1.0991 0.0324 0.2355 -1.11 0.0395 0.2272 -1.1248 0.0436 0.2215 -1.1188 0.0284 0.2376
223.0 -1.174 0.0027 0.2584 -1.0765 -0.0165 0.2877 -1.0381 0.0357 0.2381 -1.0352 0.049 0.2249 -1.0497 0.0568 0.2155 -1.0795 0.0607 0.2085 -1.1016 0.0217 0.2462 -1.1069 0.0313 0.2358 -1.1177 0.0378 0.2281 -1.1325 0.0419 0.2224 -1.1265 0.0271 0.2382
224.0 -1.1832 0.0003 0.26 -1.0858 -0.0183 0.2887 -1.0466 0.034 0.2391 -1.0454 0.047 0.2259 -1.0599 0.0548 0.2165 -1.0897 0.0587 0.2095 -1.111 0.0198 0.2472 -1.1162 0.0295 0.2368 -1.127 0.036 0.2291 -1.1427 0.0399 0.2234 -1.136 0.0251 0.2393
225.0 -1.191 -0.0008 0.2603 -1.0945 -0.0189 0.2884 -1.0561 0.0327 0.2394 -1.053 0.0453 0.2268 -1.0693 0.0529 0.2175 -1.0983 0.0575 0.2098 -1.1196 0.0186 0.2475 -1.1248 0.0283 0.2371 -1.1365 0.0347 0.2294 -1.1513 0.0388 0.2238 -1.1446 0.0239 0.2396
226.0 -1.2003 -0.0027 0.2613 -1.1031 -0.0201 0.2887 -1.0655 0.0314 0.2398 -1.0624 0.0435 0.2278 -1.0779 0.0517 0.2178 -1.1068 0.0564 0.2102 -1.1281 0.0169 0.2485 -1.1341 0.0264 0.2381 -1.145 0.0329 0.2304 -1.1599 0.0376 0.2241 -1.1535 0.0222 0.2405
227.0 -1.2082 -0.0025 0.2603 -1.1135 -0.0209 0.2885 -1.0741 0.0303 0.2401 -1.0727 0.0421 0.2282 -1.0899 0.0501 0.2183 -1.1188 0.0542 0.2113 -1.1367 0.0157 0.2488 -1.1427 0.0253 0.2384 -1.1544 0.0316 0.2308 -1.1702 0.0362 0.2245 -1.1624 0.0213 0.2406
228.0 -1.216 -0.0035 0.2606 -1.1234 -0.0246 0.2914 -1.0833 0.0272 0.2424 -1.083 0.0407 0.2286 -1.0983 0.0478 0.2198 -1.1282 0.0529 0.2116 -1.146 0.0138 0.2498 -1.1521 0.0234 0.2394 -1.1639 0.0304 0.2311 -1.1795 0.0344 0.2255 -1.1715 0.0197 0.2413
229.0 -1.2244 -0.0059 0.2622 -1.133 -0.0253 0.2911 -1.0936 0.0258 0.2428 -1.0922 0.0382 0.2302 -1.1095 0.0463 0.2203 -1.1386 0.0521 0.2114 -1.1555 0.0126 0.2502 -1.1615 0.0221 0.2398 -1.1733 0.0291 0.2315 -1.189 0.0331 0.2258 -1.1807 0.0182 0.2419
230.0 -1.2348 -0.0067 0.262 -1.1434 -0.0261 0.2909 -1.1031 0.0251 0.2425 -1.1025 0.0368 0.2306 -1.1181 0.0451 0.2206 -1.147 0.0497 0.213 -1.1658 0.0112 0.2506 -1.1719 0.0207 0.2402 -1.1827 0.0272 0.2325 -1.1975 0.0313 0.2268 -1.1905 0.0168 0.2424
231.0 -1.2441 -0.0086 0.263 -1.1503 -0.027 0.2912 -1.1126 0.0239 0.2429 -1.1111 0.0357 0.231 -1.1267 0.0439 0.2209 -1.1556 0.0486 0.2133 -1.1753 0.0105 0.2503 -1.1814 0.0201 0.2399 -1.1921 0.0259 0.2328 -1.2069 0.0301 0.2272 -1.2 0.0156 0.2426
232.0 -1.2511 -0.0089 0.2626 -1.1596 -0.0289 0.2922 -1.1211 0.0221 0.2438 -1.1205 0.0338 0.2319 -1.136 0.0421 0.2219 -1.1641 0.0468 0.2143 -1.1821 0.009 0.2512 -1.1882 0.0185 0.2408 -1.199 0.025 0.2331 -1.2148 0.0296 0.2268 -1.207 0.0146 0.2429
233.0 -1.2604 -0.0114 0.2642 -1.1658 -0.0291 0.2918 -1.1296 0.0203 0.2448 -1.1298 0.0319 0.2329 -1.1455 0.0408 0.2223 -1.1753 0.0453 0.2147 -1.1897 0.0073 0.2521 -1.1967 0.0168 0.2418 -1.2083 0.0231 0.2341 -1.224 0.0271 0.2285 -1.2158 0.0126 0.2441
234.0 -1.2689 -0.0125 0.2645 -1.1751 -0.031 0.2928 -1.1379 0.018 0.2464 -1.1386 0.0319 0.232 -1.1539 0.039 0.2232 -1.1829 0.0437 0.2156 -1.1992 0.0061 0.2525 -1.2052 0.015 0.2427 -1.2168 0.0214 0.235 -1.2316 0.0255 0.2294 -1.2244 0.0111 0.2448
235.0 -1.2767 -0.0136 0.2648 -1.1846 -0.0323 0.2931 -1.1475 0.0173 0.2461 -1.1479 0.0295 0.2336 -1.1634 0.0378 0.2236 -1.1916 0.0431 0.2153 -1.2084 0.0036 0.2541 -1.2145 0.0131 0.2437 -1.2263 0.0201 0.2354 -1.2411 0.0242 0.2297 -1.2334 0.0095 0.2456
236.0 -1.286 -0.0154 0.2658 -1.192 -0.0351 0.2953 -1.1558 0.0144 0.2483 -1.1553 0.0266 0.2358 -1.1717 0.0348 0.2258 -1.1999 0.0402 0.2175 -1.2159 0.0007 0.2562 -1.222 0.0109 0.2452 -1.2338 0.0179 0.237 -1.2496 0.0225 0.2307 -1.2415 0.0073 0.247
237.0 -1.2944 -0.0178 0.2674 -1.2006 -0.0363 0.2956 -1.1643 0.0126 0.2492 -1.1646 0.0248 0.2368 -1.18 0.0319 0.228 -1.2081 0.0366 0.2203 -1.2243 -0.001 0.2572 -1.2304 0.0086 0.2468 -1.2422 0.0155 0.2385 -1.258 0.0201 0.2323 -1.2499 0.0051 0.2484
238.0 -1.3029 -0.0196 0.2684 -1.2115 -0.039 0.2973 -1.1728 0.0108 0.2502 -1.1742 0.0241 0.2365 -1.1904 0.0311 0.2278 -1.2175 0.0353 0.2207 -1.2337 -0.0029 0.2582 -1.2399 0.0073 0.2472 -1.2515 0.0136 0.2395 -1.2663 0.0178 0.2338 -1.2589 0.0032 0.2494
239.0 -1.3106 -0.0206 0.2687 -1.2201 -0.0401 0.2976 -1.1822 0.0096 0.2506 -1.1834 0.0216 0.2381 -1.1997 0.0292 0.2288 -1.227 0.0341 0.2211 -1.2423 -0.004 0.2585 -1.2484 0.0055 0.2481 -1.2593 0.0126 0.2398 -1.2741 0.0167 0.2341 -1.2669 0.002 0.2499
240.0 -1.3185 -0.021 0.2683 -1.2269 -0.0417 0.2985 -1.1907 0.0078 0.2515 -1.1919 0.0199 0.2391 -1.2064 0.0271 0.2303 -1.2346 0.0324 0.222 -1.2499 -0.0057 0.2594 -1.2561 0.0045 0.2484 -1.267 0.0116 0.2401 -1.2818 0.0157 0.2344 -1.2747 0.001 0.2502
241.0 -1.3286 -0.0236 0.27 -1.2344 -0.0439 0.3001 -1.2009 0.0058 0.2525 -1.2014 0.0186 0.2394 -1.2168 0.0263 0.2301 -1.2448 0.0304 0.223 -1.2594 -0.007 0.2598 -1.2646 0.0027 0.2494 -1.2755 0.0098 0.2411 -1.2912 0.0138 0.2354 -1.2838 -0.0009 0.2511
242.0 -1.3369 -0.0266 0.2722 -1.2439 -0.0452 0.3004 -1.2084 0.0036 0.2541 -1.2089 0.0163 0.241 -1.2243 0.024 0.2316 -1.2535 0.0299 0.2227 -1.2668 -0.0098 0.262 -1.273 0.0004 0.251 -1.2847 0.0073 0.2427 -1.3014 0.0118 0.2364 -1.2925 -0.0034 0.2528
243.0 -1.3935 -0.0348 0.275 -1.2992 -0.0508 0.3007 -1.2642 -0.0046 0.2569 -1.2661 0.0062 0.2457 -1.2806 0.014 0.2363 -1.3098 0.0198 0.2274 -1.3225 -0.0179 0.2647 -1.3287 -0.0078 0.2537 -1.3413 -0.0015 0.2461 -1.3571 0.0037 0.2392 -1.3486 -0.0117 0.2558
244.0 -1.3985 -0.0361 0.2758 -1.3042 -0.0521 0.3015 -1.2711 -0.0055 0.2571 -1.2739 0.0057 0.2454 -1.2884 0.0129 0.2366 -1.314 0.0187 0.2282 -1.3286 -0.0187 0.265 -1.3347 -0.0086 0.254 -1.3464 -0.0022 0.2463 -1.3622 0.0024 0.2401 -1.3541 -0.0127 0.2562
245.0 -1.4037 -0.0368 0.276 -1.3101 -0.0535 0.3024 -1.2761 -0.0068 0.258 -1.2788 0.0033 0.2474 -1.2932 0.0105 0.2386 -1.3191 0.0174 0.229 -1.3345 -0.0202 0.2658 -1.3407 -0.01 0.2548 -1.3515 -0.0035 0.2471 -1.3673 0.0017 0.2403 -1.3595 -0.0138 0.2568
246.0 -1.4096 -0.0382 0.2769 -1.3161 -0.0549 0.3032 -1.2826 -0.0101 0.2607 -1.2836 0.0008 0.2495 -1.2983 0.0092 0.2395 -1.3248 0.0148 0.2311 -1.3404 -0.0216 0.2667 -1.3466 -0.0114 0.2557 -1.3575 -0.0043 0.2474 -1.3724 0.0004 0.2411 -1.3653 -0.015 0.2575
247.0 -1.4139 -0.0388 0.277 -1.3203 -0.0561 0.304 -1.289 -0.0134 0.2635 -1.2902 -0.002 0.2516 -1.3022 0.0068 0.2415 -1.3307 0.0133 0.232 -1.3437 -0.0226 0.2674 -1.3499 -0.0125 0.2564 -1.3607 -0.006 0.2487 -1.3766 -0.0008 0.2419 -1.369 -0.0161 0.2583
248.0 -1.4214 -0.041 0.2786 -1.3254 -0.0568 0.3042 -1.2934 -0.0134 0.263 -1.2963 -0.0022 0.2512 -1.3099 0.0052 0.2424 -1.3357 0.0121 0.2328 -1.3498 -0.0228 0.2671 -1.356 -0.0127 0.2561 -1.3677 -0.0063 0.2484 -1.3826 -0.0016 0.2421 -1.3755 -0.0169 0.2584
249.0 -1.4225 -0.04 0.2774 -1.3304 -0.0587 0.3056 -1.2984 -0.0153 0.2644 -1.3004 -0.0039 0.2526 -1.3149 0.0039 0.2432 -1.341 0.012 0.2324 -1.354 -0.024 0.2678 -1.3602 -0.0139 0.2568 -1.372 -0.0069 0.2486 -1.3877 -0.0023 0.2423 -1.3793 -0.0174 0.2586
250.0 -1.4287 -0.0396 0.2764 -1.3374 -0.0584 0.3047 -1.3046 -0.0149 0.2634 -1.3065 -0.0042 0.2523 -1.3185 0.004 0.2427 -1.3443 0.0109 0.2331 -1.3593 -0.0241 0.2674 -1.3655 -0.014 0.2564 -1.3772 -0.007 0.2481 -1.3921 -0.0023 0.2418 -1.3846 -0.0174 0.258
251.0 -1.4341 -0.0391 0.2753 -1.34 -0.0588 0.3048 -1.3105 -0.0163 0.2643 -1.3115 -0.0054 0.2531 -1.3244 0.0026 0.2436 -1.3503 0.0101 0.2334 -1.3653 -0.0249 0.2677 -1.3705 -0.0152 0.2572 -1.3824 -0.0077 0.2483 -1.3974 -0.0024 0.2414 -1.3899 -0.0179 0.258
252.0 -1.4407 -0.0412 0.2768 -1.346 -0.0596 0.305 -1.3149 -0.0163 0.2638 -1.3168 -0.0055 0.2527 -1.3296 0.0025 0.2432 -1.3547 0.0101 0.2329 -1.3706 -0.025 0.2672 -1.3759 -0.0147 0.2562 -1.3876 -0.0084 0.2485 -1.4025 -0.0037 0.2422 -1.3954 -0.0186 0.2582
253.0 -1.447 -0.0408 0.2758 -1.3522 -0.0598 0.3046 -1.3201 -0.017 0.264 -1.322 -0.0062 0.2529 -1.3348 0.0018 0.2434 -1.3607 0.0093 0.2331 -1.3758 -0.0251 0.2668 -1.382 -0.015 0.2558 -1.3929 -0.0079 0.2475 -1.4087 -0.0033 0.2412 -1.4013 -0.0184 0.2574
254.0 -1.4521 -0.0415 0.276 -1.3574 -0.0599 0.3042 -1.326 -0.0184 0.2649 -1.3278 -0.0083 0.2543 -1.3407 0.0004 0.2442 -1.3668 0.0085 0.2334 -1.3801 -0.0257 0.267 -1.3863 -0.0155 0.256 -1.3981 -0.0086 0.2477 -1.4138 -0.004 0.2414 -1.4061 -0.0191 0.2576
255.0 -1.4582 -0.0417 0.2756 -1.3634 -0.0607 0.3044 -1.3302 -0.0196 0.2657 -1.3312 -0.0087 0.2545 -1.3449 -0.0008 0.245 -1.3711 0.0079 0.2335 -1.3854 -0.0258 0.2666 -1.3915 -0.0162 0.2562 -1.4032 -0.0093 0.2479 -1.4191 -0.0041 0.241 -1.4115 -0.0194 0.2575
256.0 -1.4806 -0.0448 0.2765 -1.3811 -0.06 0.302 -1.353 -0.0196 0.2634 -1.3548 -0.0095 0.2529 -1.3677 -0.0014 0.2434 -1.3936 0.0061 0.2332 -1.4072 -0.0269 0.2655 -1.4133 -0.0173 0.2551 -1.425 -0.0104 0.2469 -1.4409 -0.0052 0.24 -1.4334 -0.0209 0.2568
257.0 -1.4867 -0.045 0.2761 -1.3863 -0.0607 0.3022 -1.3582 -0.0203 0.2636 -1.3617 -0.0104 0.2532 -1.3745 -0.0023 0.2437 -1.3972 0.0062 0.2327 -1.4116 -0.0269 0.2651 -1.4186 -0.0169 0.2541 -1.4294 -0.0104 0.2464 -1.4453 -0.0052 0.2395 -1.4383 -0.0209 0.2562
258.0 -1.5166 -0.0502 0.2785 -1.4108 -0.0567 0.2956 -1.3943 -0.0252 0.265 -1.4046 -0.0217 0.2604 -1.4181 -0.0149 0.2522 -1.4328 -0.0059 0.2415 -1.4382 -0.0305 0.2661 -1.4449 -0.0222 0.257 -1.4559 -0.0152 0.2487 -1.471 -0.0093 0.2411 -1.4653 -0.0255 0.2583
259.0 -1.5167 -0.0496 0.2779 -1.4116 -0.0568 0.2957 -1.3968 -0.0261 0.2658 -1.4078 -0.0233 0.2618 -1.4204 -0.0165 0.2536 -1.4359 -0.0088 0.2442 -1.4392 -0.03 0.2655 -1.4467 -0.0225 0.2571 -1.4576 -0.0154 0.2487 -1.4727 -0.0095 0.2412 -1.4666 -0.0254 0.2581
260.0 -1.5174 -0.0503 0.2785 -1.4127 -0.0558 0.2945 -1.3991 -0.0277 0.2671 -1.4094 -0.0242 0.2625 -1.4227 -0.0186 0.2555 -1.4382 -0.0103 0.2455 -1.4399 -0.0307 0.2662 -1.4475 -0.0226 0.2571 -1.4583 -0.0161 0.2494 -1.4727 -0.0095 0.2412 -1.4672 -0.0258 0.2585
261.0 -1.5166 -0.0502 0.2785 -1.4135 -0.0559 0.2945 -1.4006 -0.0291 0.2684 -1.4101 -0.0255 0.2638 -1.4227 -0.0186 0.2555 -1.4402 -0.0094 0.2443 -1.4407 -0.0314 0.2668 -1.4473 -0.0238 0.2583 -1.4591 -0.0168 0.2501 -1.4742 -0.0109 0.2425 -1.4676 -0.0266 0.2593
262.0 -1.5192 -0.0506 0.2786 -1.4154 -0.0555 0.294 -1.4049 -0.0297 0.2686 -1.4152 -0.0262 0.264 -1.4269 -0.0198 0.2563 -1.4431 -0.0128 0.2476 -1.4418 -0.0304 0.2656 -1.4492 -0.0228 0.2572 -1.4601 -0.0163 0.2495 -1.4743 -0.0103 0.2419 -1.4689 -0.0261 0.2586
263.0 -1.5184 -0.0499 0.278 -1.4156 -0.0543 0.2927 -1.4073 -0.0312 0.2699 -1.4161 -0.0263 0.264 -1.4286 -0.02 0.2564 -1.4448 -0.0131 0.2476 -1.4425 -0.0311 0.2663 -1.45 -0.0235 0.2578 -1.4608 -0.017 0.2501 -1.476 -0.0106 0.242 -1.4696 -0.0264 0.2588
264.0 -1.5175 -0.0497 0.2779 -1.4165 -0.0538 0.2921 -1.4082 -0.0313 0.2699 -1.4177 -0.0271 0.2647 -1.4302 -0.0209 0.2571 -1.4447 -0.0137 0.2482 -1.4425 -0.0311 0.2663 -1.45 -0.0235 0.2578 -1.4609 -0.0165 0.2495 -1.4753 -0.0098 0.2413 -1.4693 -0.0261 0.2586
265.0 -1.516 -0.0483 0.2766 -1.4175 -0.0533 0.2915 -1.4106 -0.0323 0.2707 -1.4193 -0.0279 0.2654 -1.432 -0.0211 0.2571 -1.4456 -0.0138 0.2483 -1.4435 -0.0306 0.2657 -1.451 -0.023 0.2572 -1.4619 -0.016 0.2489 -1.4753 -0.0098 0.2413 -1.4695 -0.0256 0.258
266.0 -1.5135 -0.048 0.2765 -1.4183 -0.0541 0.2922 -1.4126 -0.0313 0.2695 -1.4227 -0.029 0.2661 -1.4359 -0.0235 0.2592 -1.4473 -0.014 0.2483 -1.4446 -0.0295 0.2645 -1.452 -0.022 0.256 -1.4627 -0.0161 0.2489 -1.4761 -0.01 0.2413 -1.4698 -0.0251 0.2575
267.0 -1.5119 -0.0466 0.2752 -1.4203 -0.0525 0.2904 -1.4143 -0.0315 0.2696 -1.4245 -0.0286 0.2656 -1.4369 -0.023 0.2586 -1.4482 -0.0135 0.2478 -1.4437 -0.0294 0.2644 -1.4512 -0.0219 0.256 -1.4621 -0.0148 0.2477 -1.4762 -0.0094 0.2407 -1.469 -0.0244 0.2568
268.0 -1.5116 -0.0483 0.2771 -1.4201 -0.0537 0.2916 -1.4159 -0.0324 0.2702 -1.4261 -0.0295 0.2663 -1.4386 -0.0232 0.2586 -1.4482 -0.0135 0.2478 -1.4465 -0.0286 0.2633 -1.4539 -0.0216 0.2555 -1.4646 -0.0157 0.2484 -1.4787 -0.0103 0.2414 -1.471 -0.0249 0.2571
269.0 -1.5116 -0.0483 0.2771 -1.422 -0.0527 0.2905 -1.4168 -0.0325 0.2703 -1.4288 -0.0292 0.2657 -1.4407 -0.0217 0.2568 -1.4502 -0.0126 0.2466 -1.4455 -0.029 0.2639 -1.4539 -0.0216 0.2555 -1.4646 -0.0157 0.2484 -1.4796 -0.0104 0.2415 -1.471 -0.025 0.2573
270.0 -1.5128 -0.0467 0.2752 -1.423 -0.0523 0.2899 -1.4193 -0.0328 0.2704 -1.4321 -0.0303 0.2665 -1.4439 -0.0233 0.2582 -1.4534 -0.0142 0.248 -1.4464 -0.0291 0.2639 -1.4547 -0.0217 0.2555 -1.4664 -0.0154 0.2478 -1.4805 -0.0099 0.2409 -1.4722 -0.0246 0.2567
271.0 -1.5144 -0.0475 0.2759 -1.4237 -0.053 0.2905 -1.4203 -0.0323 0.2698 -1.434 -0.0293 0.2653 -1.4466 -0.0231 0.2577 -1.4552 -0.0138 0.2474 -1.4461 -0.0309 0.2658 -1.4545 -0.0229 0.2567 -1.4654 -0.0158 0.2484 -1.4796 -0.0104 0.2415 -1.472 -0.0255 0.2577
