1.0 -1.0991 0.0373 0.2305 -0.9993 0.0452 0.2322 -0.9829 0.0566 0.2222 -0.9844 0.0656 0.2129 -1.004 0.077 0.1993 -1.0314 0.0776 0.196 -1.0334 0.0339 0.2404 -1.0392 0.0417 0.2319 -1.0477 0.0503 0.2222 -1.0586 0.0574 0.2139 -1.0556 0.0441 0.2278
2.0 -1.1024 0.0362 0.2312 -1.0008 0.0438 0.2335 -0.9837 0.0565 0.2223 -0.9837 0.0663 0.2123 -1.0052 0.0787 0.1975 -1.034 0.0772 0.1961 -1.0353 0.0349 0.2393 -1.0402 0.0428 0.2307 -1.0487 0.0508 0.2217 -1.0604 0.0572 0.214 -1.0574 0.0444 0.2274
3.0 -1.1017 0.0369 0.2306 -1.0027 0.0442 0.233 -0.9858 0.0532 0.2255 -0.983 0.0627 0.216 -1.006 0.0785 0.1975 -1.0332 0.0779 0.1955 -1.0395 0.0337 0.24 -1.0437 0.0423 0.2308 -1.0504 0.0506 0.2217 -1.0605 0.0578 0.2134 -1.0592 0.0443 0.2273
4.0 -1.1006 0.0359 0.2318 -1.0008 0.0438 0.2335 -0.9844 0.0552 0.2235 -0.9835 0.0651 0.2135 -1.0062 0.0791 0.1969 -1.0349 0.0777 0.1955 -1.0371 0.0347 0.2393 -1.042 0.0425 0.2308 -1.0495 0.0507 0.2217 -1.0612 0.057 0.214 -1.0581 0.0442 0.2275
5.0 -1.0937 0.0368 0.2315 -1.001 0.045 0.2323 -0.985 0.0539 0.2248 -0.9849 0.0631 0.2154 -1.0052 0.0787 0.1975 -1.034 0.0772 0.1961 -1.0363 0.0354 0.2387 -1.0412 0.0433 0.2301 -1.0488 0.0514 0.221 -1.0586 0.0574 0.2139 -1.0557 0.0448 0.2271
6.0 -1.098 0.0362 0.2317 -1.0028 0.0448 0.2324 -0.988 0.051 0.2274 -0.9841 0.0638 0.2148 -1.0059 0.0779 0.1981 -1.0341 0.0778 0.1955 -1.0416 0.0353 0.2382 -1.0455 0.0427 0.2303 -1.0521 0.0503 0.2218 -1.0621 0.0569 0.2141 -1.0599 0.0443 0.2272
7.0 -1.097 0.0351 0.2329 -1.0026 0.0436 0.2336 -0.9859 0.0538 0.2248 -0.9839 0.0626 0.216 -1.0067 0.0772 0.1988 -1.0349 0.0777 0.1955 -1.0362 0.0348 0.2393 -1.041 0.0421 0.2314 -1.0486 0.0502 0.2223 -1.0601 0.056 0.2152 -1.0566 0.0436 0.2282
8.0 -1.0961 0.0352 0.2329 -1.0008 0.0438 0.2335 -0.9884 0.0534 0.2249 -0.9867 0.0634 0.2149 -1.0058 0.0774 0.1988 -1.034 0.0772 0.1961 -1.0396 0.0343 0.2394 -1.0437 0.0423 0.2308 -1.0503 0.05 0.2223 -1.0594 0.0567 0.2146 -1.0578 0.0437 0.228
9.0 -1.0908 0.0353 0.2333 -1.0002 0.0451 0.2323 -0.9824 0.0542 0.2247 -0.9867 0.0634 0.2149 -1.0059 0.0779 0.1981 -1.0338 0.076 0.1974 -1.0352 0.0343 0.2399 -1.0401 0.0422 0.2313 -1.0476 0.0497 0.2229 -1.0585 0.0568 0.2145 -1.0545 0.0437 0.2284
10.0 -1.0934 0.035 0.2334 -1.0008 0.0438 0.2335 -0.9874 0.0524 0.2262 -0.9855 0.0618 0.2167 -1.0056 0.0762 0.2 -1.034 0.0772 0.1961 -1.0362 0.0348 0.2393 -1.0401 0.0422 0.2313 -1.0476 0.0497 0.2229 -1.0584 0.0562 0.2152 -1.0552 0.0436 0.2284
11.0 -1.0924 0.0339 0.2346 -1.0009 0.0444 0.2329 -0.9847 0.0521 0.2267 -0.9856 0.0624 0.2161 -1.0055 0.0756 0.2006 -1.0348 0.0771 0.1961 -1.036 0.0336 0.2405 -1.04 0.0416 0.2319 -1.0476 0.0497 0.2229 -1.0585 0.0568 0.2145 -1.0549 0.0431 0.2289
12.0 -1.0924 0.0339 0.2346 -1.0009 0.0444 0.2329 -0.9864 0.0519 0.2267 -0.9855 0.0618 0.2167 -1.0054 0.075 0.2012 -1.0346 0.0759 0.1974 -1.035 0.0331 0.2411 -1.0399 0.041 0.2326 -1.0475 0.0491 0.2235 -1.0584 0.0562 0.2152 -1.0547 0.0427 0.2294
13.0 -1.0933 0.0344 0.234 -1.0044 0.044 0.2331 -0.9877 0.0493 0.2293 -0.987 0.0603 0.218 -1.0072 0.0753 0.2007 -1.0347 0.0765 0.1968 -1.0426 0.0309 0.2427 -1.0459 0.0402 0.2328 -1.0519 0.0491 0.223 -1.0611 0.0565 0.2146 -1.059 0.0422 0.2294
14.0 -1.0959 0.034 0.2341 -1.0042 0.0428 0.2343 -0.9903 0.0489 0.2294 -0.986 0.0593 0.2192 -1.0054 0.075 0.2012 -1.0355 0.0758 0.1974 -1.0418 0.0316 0.242 -1.0459 0.0402 0.2328 -1.0528 0.049 0.2231 -1.0627 0.0556 0.2153 -1.0598 0.0421 0.2295
15.0 -1.0933 0.0344 0.234 -1.0061 0.0437 0.2331 -0.9887 0.0497 0.2287 -0.9889 0.0613 0.2168 -1.009 0.0751 0.2008 -1.0362 0.0751 0.1981 -1.0383 0.0314 0.2425 -1.0415 0.0402 0.2333 -1.0492 0.0489 0.2236 -1.0592 0.0555 0.2158 -1.0563 0.0421 0.2298
16.0 -1.0974 0.0326 0.2354 -1.0077 0.0429 0.2338 -0.9921 0.0493 0.2288 -0.9896 0.06 0.2181 -1.0097 0.0744 0.2014 -1.0389 0.0753 0.1976 -1.0411 0.0329 0.2407 -1.0451 0.0403 0.2328 -1.0526 0.0478 0.2243 -1.0642 0.0542 0.2166 -1.0601 0.0416 0.23
17.0 -1.0975 0.0332 0.2348 -1.0069 0.043 0.2338 -0.9896 0.0502 0.2281 -0.9898 0.0612 0.2169 -1.0098 0.075 0.2008 -1.0383 0.0766 0.1963 -1.0413 0.0335 0.2401 -1.0452 0.0409 0.2321 -1.0536 0.0489 0.2231 -1.0644 0.0554 0.2154 -1.0604 0.0424 0.2291
18.0 -1.0941 0.0337 0.2347 -1.0071 0.0442 0.2325 -0.9916 0.0512 0.2269 -0.9918 0.0627 0.2151 -1.0109 0.0761 0.1996 -1.0389 0.0753 0.1976 -1.0369 0.0335 0.2406 -1.0409 0.0415 0.232 -1.0493 0.0495 0.2229 -1.0609 0.0553 0.2159 -1.0564 0.0427 0.2292
19.0 -1.0905 0.0335 0.2351 -1.0053 0.0444 0.2325 -0.9931 0.0498 0.2283 -0.9907 0.0611 0.2169 -1.01 0.0762 0.1996 -1.0383 0.0766 0.1963 -1.0403 0.033 0.2407 -1.0434 0.0405 0.2327 -1.0508 0.0481 0.2242 -1.0617 0.0545 0.2165 -1.0573 0.0419 0.2299
20.0 -1.0932 0.0338 0.2346 -1.0054 0.045 0.2319 -0.9945 0.0477 0.2302 -0.9908 0.0617 0.2163 -1.0099 0.0756 0.2002 -1.04 0.0764 0.1963 -1.0436 0.0319 0.2415 -1.0478 0.0405 0.2322 -1.0555 0.0493 0.2225 -1.0646 0.056 0.2148 -1.0609 0.0423 0.2291
21.0 -1.0888 0.0338 0.2351 -1.0051 0.0432 0.2337 -0.9953 0.0476 0.2302 -0.9899 0.0618 0.2163 -1.0092 0.0763 0.1995 -1.0391 0.0765 0.1963 -1.043 0.0332 0.2402 -1.0462 0.0414 0.2316 -1.0528 0.049 0.2231 -1.0618 0.0551 0.2159 -1.0585 0.0425 0.2292
22.0 -1.094 0.0331 0.2353 -1.0052 0.0438 0.2331 -0.9875 0.053 0.2255 -0.9899 0.0618 0.2163 -1.011 0.0767 0.199 -1.04 0.0764 0.1963 -1.0369 0.0335 0.2406 -1.0418 0.0414 0.232 -1.0501 0.0488 0.2236 -1.0609 0.0553 0.2159 -1.0567 0.0424 0.2295
23.0 -1.094 0.0331 0.2353 -1.0053 0.0444 0.2325 -0.9866 0.0531 0.2255 -0.9893 0.0631 0.215 -1.0102 0.0774 0.1983 -1.039 0.0759 0.1969 -1.036 0.0336 0.2405 -1.0418 0.0414 0.232 -1.0492 0.0489 0.2236 -1.0608 0.0547 0.2165 -1.0563 0.0423 0.2296
24.0 -1.0929 0.032 0.2365 -1.0036 0.0447 0.2324 -0.9882 0.0522 0.2262 -0.9893 0.0631 0.215 -1.01 0.0762 0.1996 -1.04 0.0764 0.1963 -1.037 0.0341 0.2399 -1.0416 0.0408 0.2326 -1.05 0.0482 0.2242 -1.0617 0.0545 0.2165 -1.0566 0.0419 0.23
25.0 -1.0887 0.0332 0.2357 -1.0047 0.0457 0.2312 -0.9961 0.0469 0.2309 -0.9889 0.0613 0.2168 -1.0093 0.0769 0.1989 -1.0408 0.0763 0.1964 -1.0387 0.0338 0.24 -1.0426 0.0412 0.232 -1.0501 0.0488 0.2236 -1.0608 0.0547 0.2165 -1.0562 0.0423 0.2296
26.0 -1.0905 0.0335 0.2351 -1.0056 0.0456 0.2312 -0.9907 0.0513 0.2269 -0.9892 0.0625 0.2156 -1.0101 0.0768 0.1989 -1.0401 0.077 0.1957 -1.0394 0.0331 0.2407 -1.0435 0.0411 0.2321 -1.0511 0.0493 0.223 -1.0609 0.0553 0.2159 -1.0571 0.0425 0.2294
27.0 -1.0939 0.0325 0.2359 -1.0045 0.0445 0.2324 -0.9901 0.0526 0.2256 -0.9899 0.0618 0.2163 -1.0101 0.0768 0.1989 -1.04 0.0764 0.1963 -1.0387 0.0338 0.24 -1.0436 0.0417 0.2315 -1.051 0.0487 0.2236 -1.0618 0.0551 0.2159 -1.0578 0.0424 0.2294
28.0 -1.0948 0.033 0.2353 -1.0047 0.0457 0.2312 -0.9917 0.0518 0.2263 -0.9901 0.063 0.215 -1.0094 0.0775 0.1983 -1.0392 0.0771 0.1957 -1.0411 0.0329 0.2407 -1.0452 0.0409 0.2321 -1.0528 0.049 0.2231 -1.0636 0.0555 0.2154 -1.0595 0.0423 0.2293
29.0 -1.0966 0.0333 0.2348 -1.0063 0.0449 0.2319 -0.9932 0.0504 0.2276 -0.9908 0.0617 0.2163 -1.011 0.0767 0.199 -1.0391 0.0765 0.1963 -1.0394 0.0331 0.2407 -1.0443 0.041 0.2321 -1.0518 0.0485 0.2237 -1.0635 0.0549 0.216 -1.0591 0.0422 0.2294
30.0 -1.0932 0.0338 0.2346 -1.0072 0.0448 0.2319 -0.9918 0.0524 0.2257 -0.9921 0.0639 0.2138 -1.0111 0.0773 0.1983 -1.0399 0.0758 0.197 -1.0371 0.0347 0.2393 -1.0411 0.0427 0.2307 -1.0494 0.0501 0.2223 -1.061 0.0559 0.2153 -1.0564 0.0434 0.2285
31.0 -1.0921 0.0327 0.2358 -1.0046 0.0451 0.2318 -0.9925 0.0517 0.2264 -0.9911 0.0635 0.2144 -1.0119 0.0765 0.199 -1.04 0.0764 0.1963 -1.037 0.0341 0.2399 -1.0418 0.0414 0.232 -1.0501 0.0488 0.2236 -1.0618 0.0551 0.2159 -1.0565 0.0424 0.2295
32.0 -1.0942 0.0343 0.234 -1.0047 0.0457 0.2312 -0.9901 0.0526 0.2256 -0.9892 0.0625 0.2156 -1.0103 0.078 0.1977 -1.0383 0.0766 0.1963 -1.0395 0.0337 0.24 -1.0435 0.0411 0.2321 -1.0511 0.0493 0.223 -1.0619 0.0557 0.2153 -1.058 0.0428 0.2289
33.0 -1.1039 0.0348 0.2325 -1.0054 0.045 0.2319 -0.9903 0.0538 0.2244 -0.9905 0.0654 0.2125 -1.0139 0.0781 0.1972 -1.0373 0.0762 0.1969 -1.042 0.0328 0.2408 -1.046 0.0408 0.2322 -1.0536 0.0489 0.2231 -1.0635 0.0549 0.216 -1.0618 0.0424 0.2289
34.0 -1.1037 0.0336 0.2338 -1.0026 0.0491 0.228 -0.9874 0.0524 0.2262 -0.985 0.0637 0.2148 -1.0095 0.0781 0.1977 -1.0357 0.077 0.1962 -1.0399 0.0306 0.2432 -1.044 0.0392 0.234 -1.0516 0.0474 0.2249 -1.0625 0.0544 0.2166 -1.0603 0.041 0.2305
35.0 -1.0969 0.0345 0.2335 -0.9969 0.0517 0.2259 -0.9794 0.0571 0.2221 -0.9837 0.0663 0.2123 -1.0062 0.0791 0.1969 -1.0314 0.0776 0.196 -1.0313 0.0318 0.2428 -1.0371 0.0401 0.2337 -1.0448 0.0489 0.224 -1.0556 0.0554 0.2163 -1.0532 0.0421 0.2301
36.0 -1.0901 0.036 0.2326 -0.9954 0.0531 0.2246 -0.9766 0.0563 0.2232 -0.9792 0.0657 0.2133 -1.0037 0.0801 0.1962 -1.0271 0.0781 0.1958 -1.0279 0.0328 0.2421 -1.0328 0.0407 0.2335 -1.0404 0.0489 0.2245 -1.0513 0.0559 0.2161 -1.0485 0.0429 0.2298
37.0 -1.0843 0.0381 0.2312 -0.9895 0.0545 0.2237 -0.9698 0.0572 0.223 -0.9721 0.0654 0.2143 -0.9987 0.082 0.1947 -1.022 0.0794 0.195 -1.0238 0.034 0.2413 -1.0269 0.0421 0.2327 -1.0345 0.0503 0.2236 -1.0446 0.0575 0.2153 -1.0428 0.0444 0.2288
38.0 -1.0781 0.0377 0.2322 -0.9835 0.0553 0.2235 -0.9621 0.0588 0.2221 -0.9684 0.0647 0.2154 -0.9918 0.0774 0.2001 -1.0167 0.0789 0.1961 -1.0168 0.0343 0.2417 -1.0216 0.0416 0.2337 -1.0299 0.0491 0.2253 -1.0407 0.0555 0.2176 -1.0374 0.0436 0.2301
39.0 -1.0711 0.038 0.2325 -0.9776 0.0567 0.2227 -0.9567 0.0577 0.2237 -0.9681 0.0678 0.2123 -0.9901 0.0776 0.2 -1.0104 0.0786 0.1971 -1.0091 0.036 0.2407 -1.0149 0.0438 0.2322 -1.0223 0.0507 0.2244 -1.0321 0.0567 0.2173 -1.0299 0.045 0.2294
40.0 -1.0586 0.0372 0.2345 -0.9681 0.058 0.2223 -0.9465 0.0603 0.2221 -0.9515 0.0633 0.2185 -0.9587 0.0642 0.2169 -0.9764 0.0648 0.2145 -1.0021 0.0357 0.2417 -1.0045 0.0397 0.2374 -1.008 0.0447 0.232 -1.0133 0.0495 0.2265 -1.0173 0.0414 0.2344
41.0 -1.0118 0.0362 0.2402 -0.9195 0.0615 0.2235 -0.8962 0.0592 0.2282 -0.9047 0.0623 0.2242 -0.9148 0.0646 0.2208 -0.9308 0.0661 0.2177 -0.9517 0.0346 0.2479 -0.954 0.0373 0.2448 -0.9583 0.0422 0.2394 -0.9627 0.0471 0.2339 -0.9677 0.0395 0.2413
42.0 -1.0001 0.0348 0.2429 -0.904 0.0587 0.2279 -0.8814 0.0599 0.2289 -0.8872 0.0628 0.2254 -0.899 0.0649 0.2221 -0.9162 0.0681 0.2172 -0.9365 0.033 0.251 -0.9397 0.0362 0.2474 -0.9441 0.0411 0.242 -0.9503 0.0464 0.236 -0.9541 0.0383 0.2439
43.0 -0.9952 0.0318 0.2464 -0.8901 0.0545 0.2336 -0.8764 0.0563 0.2331 -0.879 0.0615 0.2276 -0.8903 0.0655 0.2224 -0.9071 0.0662 0.2199 -0.928 0.0298 0.2551 -0.9313 0.0337 0.2508 -0.9375 0.0389 0.2448 -0.943 0.0449 0.2382 -0.947 0.0358 0.2471
44.0 -0.9852 0.03 0.2492 -0.8733 0.0537 0.2361 -0.8549 0.0544 0.2373 -0.8616 0.0577 0.2331 -0.8746 0.0615 0.228 -0.8969 0.0633 0.2239 -0.9129 0.0288 0.2576 -0.9178 0.0318 0.2541 -0.9241 0.0377 0.2474 -0.9321 0.0433 0.2409 -0.9344 0.0343 0.2498
45.0 -0.9709 0.0283 0.2524 -0.8621 0.0503 0.2407 -0.8452 0.049 0.2438 -0.85 0.0514 0.2408 -0.8595 0.0556 0.2356 -0.875 0.0584 0.2312 -0.901 0.0262 0.2615 -0.9059 0.0292 0.258 -0.9121 0.0344 0.252 -0.9184 0.0403 0.2453 -0.9216 0.0317 0.2538
46.0 -0.9584 0.0276 0.2544 -0.8389 0.0486 0.2448 -0.8299 0.0473 0.2469 -0.8391 0.0547 0.2385 -0.852 0.0578 0.234 -0.8678 0.0575 0.2328 -0.8826 0.0219 0.2677 -0.888 0.0273 0.2616 -0.8952 0.0336 0.2544 -0.9025 0.04 0.2472 -0.9054 0.0301 0.2571
47.0 -0.9378 0.0255 0.2586 -0.8218 0.046 0.2491 -0.8101 0.0445 0.2518 -0.8151 0.0481 0.2476 -0.8251 0.0498 0.2448 -0.835 0.0515 0.2421 -0.8623 0.0216 0.27 -0.865 0.0267 0.2645 -0.8696 0.0328 0.2578 -0.8742 0.0389 0.2511 -0.8818 0.0291 0.2604
48.0 -0.9271 0.0196 0.2657 -0.838 0.0432 0.2503 -0.8038 0.0387 0.2584 -0.8047 0.044 0.2528 -0.8247 0.0474 0.2473 -0.8423 0.0475 0.2455 -0.8624 0.0167 0.275 -0.8658 0.0211 0.2702 -0.8696 0.0279 0.2628 -0.8736 0.0353 0.2548 -0.8797 0.0241 0.2657
49.0 -0.9101 0.0182 0.2688 -0.8246 0.0322 0.2629 -0.8023 0.0303 0.2671 -0.8036 0.0375 0.2596 -0.8062 0.0426 0.2541 -0.8273 0.0422 0.2524 -0.8461 0.014 0.2794 -0.849 0.0209 0.272 -0.8538 0.0282 0.2641 -0.8596 0.036 0.2556 -0.8637 0.0235 0.268
50.0 -0.8948 0.016 0.2725 -0.8196 0.0438 0.2515 -0.8032 0.0357 0.2615 -0.8044 0.0422 0.2547 -0.8072 0.048 0.2485 -0.8244 0.0511 0.2436 -0.832 0.0141 0.2807 -0.8347 0.0192 0.2752 -0.8395 0.0265 0.2673 -0.8452 0.0343 0.2587 -0.8492 0.022 0.2709
51.0 -0.8751 0.0138 0.2768 -0.8137 0.0453 0.2507 -0.8039 0.0393 0.2578 -0.8034 0.0369 0.2602 -0.8039 0.0393 0.2578 -0.8057 0.05 0.2466 -0.8162 0.0144 0.282 -0.8163 0.015 0.2814 -0.8205 0.0187 0.2771 -0.8268 0.0246 0.2705 -0.831 0.0173 0.2776
51.0 -0.8751 0.0138 0.2768 -0.8137 0.0453 0.2507 -0.8039 0.0393 0.2578 -0.8034 0.0369 0.2602 -0.8039 0.0393 0.2578 -0.8057 0.05 0.2466 -0.8162 0.0144 0.282 -0.8163 0.015 0.2814 -0.8205 0.0187 0.2771 -0.8268 0.0246 0.2705 -0.831 0.0173 0.2776
51.0 -0.8751 0.0138 0.2768 -0.8137 0.0453 0.2507 -0.8039 0.0393 0.2578 -0.8034 0.0369 0.2602 -0.8039 0.0393 0.2578 -0.8057 0.05 0.2466 -0.8162 0.0144 0.282 -0.8163 0.015 0.2814 -0.8205 0.0187 0.2771 -0.8268 0.0246 0.2705 -0.831 0.0173 0.2776
51.0 -0.8751 0.0138 0.2768 -0.8137 0.0453 0.2507 -0.8039 0.0393 0.2578 -0.8034 0.0369 0.2602 -0.8039 0.0393 0.2578 -0.8057 0.05 0.2466 -0.8162 0.0144 0.282 -0.8163 0.015 0.2814 -0.8205 0.0187 0.2771 -0.8268 0.0246 0.2705 -0.831 0.0173 0.2776
51.0 -0.8751 0.0138 0.2768 -0.8137 0.0453 0.2507 -0.8039 0.0393 0.2578 -0.8034 0.0369 0.2602 -0.8039 0.0393 0.2578 -0.8057 0.05 0.2466 -0.8162 0.0144 0.282 -0.8163 0.015 0.2814 -0.8205 0.0187 0.2771 -0.8268 0.0246 0.2705 -0.831 0.0173 0.2776
51.0 -0.8751 0.0138 0.2768 -0.8137 0.0453 0.2507 -0.8039 0.0393 0.2578 -0.8034 0.0369 0.2602 -0.8039 0.0393 0.2578 -0.8057 0.05 0.2466 -0.8162 0.0144 0.282 -0.8163 0.015 0.2814 -0.8205 0.0187 0.2771 -0.8268 0.0246 0.2705 -0.831 0.0173 0.2776
51.0 -0.8751 0.0138 0.2768 -0.8137 0.0453 0.2507 -0.8039 0.0393 0.2578 -0.8034 0.0369 0.2602 -0.8039 0.0393 0.2578 -0.8057 0.05 0.2466 -0.8162 0.0144 0.282 -0.8163 0.015 0.2814 -0.8205 0.0187 0.2771 -0.8268 0.0246 0.2705 -0.831 0.0173 0.2776
51.0 -0.8751 0.0138 0.2768 -0.8137 0.0453 0.2507 -0.8039 0.0393 0.2578 -0.8034 0.0369 0.2602 -0.8039 0.0393 0.2578 -0.8057 0.05 0.2466 -0.8162 0.0144 0.282 -0.8163 0.015 0.2814 -0.8205 0.0187 0.2771 -0.8268 0.0246 0.2705 -0.831 0.0173 0.2776
51.0 -0.8751 0.0138 0.2768 -0.8137 0.0453 0.2507 -0.8039 0.0393 0.2578 -0.8034 0.0369 0.2602 -0.8039 0.0393 0.2578 -0.8057 0.05 0.2466 -0.8162 0.0144 0.282 -0.8163 0.015 0.2814 -0.8205 0.0187 0.2771 -0.8268 0.0246 0.2705 -0.831 0.0173 0.2776
51.0 -0.8751 0.0138 0.2768 -0.8137 0.0453 0.2507 -0.8039 0.0393 0.2578 -0.8034 0.0369 0.2602 -0.8039 0.0393 0.2578 -0.8057 0.05 0.2466 -0.8162 0.0144 0.282 -0.8163 0.015 0.2814 -0.8205 0.0187 0.2771 -0.8268 0.0246 0.2705 -0.831 0.0173 0.2776
51.0 -0.8751 0.0138 0.2768 -0.8137 0.0453 0.2507 -0.8039 0.0393 0.2578 -0.8034 0.0369 0.2602 -0.8039 0.0393 0.2578 -0.8057 0.05 0.2466 -0.8162 0.0144 0.282 -0.8163 0.015 0.2814 -0.8205 0.0187 0.2771 -0.8268 0.0246 0.2705 -0.831 0.0173 0.2776
51.0 -0.8751 0.0138 0.2768 -0.8137 0.0453 0.2507 -0.8039 0.0393 0.2578 -0.8034 0.0369 0.2602 -0.8039 0.0393 0.2578 -0.8057 0.05 0.2466 -0.8162 0.0144 0.282 -0.8163 0.015 0.2814 -0.8205 0.0187 0.2771 -0.8268 0.0246 0.2705 -0.831 0.0173 0.2776
51.0 -0.8751 0.0138 0.2768 -0.8137 0.0453 0.2507 -0.8039 0.0393 0.2578 -0.8034 0.0369 0.2602 -0.8039 0.0393 0.2578 -0.8057 0.05 0.2466 -0.8162 0.0144 0.282 -0.8163 0.015 0.2814 -0.8205 0.0187 0.2771 -0.8268 0.0246 0.2705 -0.831 0.0173 0.2776
51.0 -0.8751 0.0138 0.2768 -0.8137 0.0453 0.2507 -0.8039 0.0393 0.2578 -0.8034 0.0369 0.2602 -0.8039 0.0393 0.2578 -0.8057 0.05 0.2466 -0.8162 0.0144 0.282 -0.8163 0.015 0.2814 -0.8205 0.0187 0.2771 -0.8268 0.0246 0.2705 -0.831 0.0173 0.2776
51.0 -0.8751 0.0138 0.2768 -0.8137 0.0453 0.2507 -0.8039 0.0393 0.2578 -0.8034 0.0369 0.2602 -0.8039 0.0393 0.2578 -0.8057 0.05 0.2466 -0.8162 0.0144 0.282 -0.8163 0.015 0.2814 -0.8205 0.0187 0.2771 -0.8268 0.0246 0.2705 -0.831 0.0173 0.2776
51.0 -0.8751 0.0138 0.2768 -0.8137 0.0453 0.2507 -0.8039 0.0393 0.2578 -0.8034 0.0369 0.2602 -0.8039 0.0393 0.2578 -0.8057 0.05 0.2466 -0.8162 0.0144 0.282 -0.8163 0.015 0.2814 -0.8205 0.0187 0.2771 -0.8268 0.0246 0.2705 -0.831 0.0173 0.2776
51.0 -0.8751 0.0138 0.2768 -0.8137 0.0453 0.2507 -0.8039 0.0393 0.2578 -0.8034 0.0369 0.2602 -0.8039 0.0393 0.2578 -0.8057 0.05 0.2466 -0.8162 0.0144 0.282 -0.8163 0.015 0.2814 -0.8205 0.0187 0.2771 -0.8268 0.0246 0.2705 -0.831 0.0173 0.2776
51.0 -0.8751 0.0138 0.2768 -0.8137 0.0453 0.2507 -0.8039 0.0393 0.2578 -0.8034 0.0369 0.2602 -0.8039 0.0393 0.2578 -0.8057 0.05 0.2466 -0.8162 0.0144 0.282 -0.8163 0.015 0.2814 -0.8205 0.0187 0.2771 -0.8268 0.0246 0.2705 -0.831 0.0173 0.2776
51.0 -0.8751 0.0138 0.2768 -0.8137 0.0453 0.2507 -0.8039 0.0393 0.2578 -0.8034 0.0369 0.2602 -0.8039 0.0393 0.2578 -0.8057 0.05 0.2466 -0.8162 0.0144 0.282 -0.8163 0.015 0.2814 -0.8205 0.0187 0.2771 -0.8268 0.0246 0.2705 -0.831 0.0173 0.2776
51.0 -0.8751 0.0138 0.2768 -0.8137 0.0453 0.2507 -0.8039 0.0393 0.2578 -0.8034 0.0369 0.2602 -0.8039 0.0393 0.2578 -0.8057 0.05 0.2466 -0.8162 0.0144 0.282 -0.8163 0.015 0.2814 -0.8205 0.0187 0.2771 -0.8268 0.0246 0.2705 -0.831 0.0173 0.2776
51.0 -0.8751 0.0138 0.2768 -0.8137 0.0453 0.2507 -0.8039 0.0393 0.2578 -0.8034 0.0369 0.2602 -0.8039 0.0393 0.2578 -0.8057 0.05 0.2466 -0.8162 0.0144 0.282 -0.8163 0.015 0.2814 -0.8205 0.0187 0.2771 -0.8268 0.0246 0.2705 -0.831 0.0173 0.2776
51.0 -0.8751 0.0138 0.2768 -0.8137 0.0453 0.2507 -0.8039 0.0393 0.2578 -0.8034 0.0369 0.2602 -0.8039 0.0393 0.2578 -0.8057 0.05 0.2466 -0.8162 0.0144 0.282 -0.8163 0.015 0.2814 -0.8205 0.0187 0.2771 -0.8268 0.0246 0.2705 -0.831 0.0173 0.2776
51.0 -0.8751 0.0138 0.2768 -0.8137 0.0453 0.2507 -0.8039 0.0393 0.2578 -0.8034 0.0369 0.2602 -0.8039 0.0393 0.2578 -0.8057 0.05 0.2466 -0.8162 0.0144 0.282 -0.8163 0.015 0.2814 -0.8205 0.0187 0.2771 -0.8268 0.0246 0.2705 -0.831 0.0173 0.2776
51.0 -0.8751 0.0138 0.2768 -0.8137 0.0453 0.2507 -0.8039 0.0393 0.2578 -0.8034 0.0369 0.2602 -0.8039 0.0393 0.2578 -0.8057 0.05 0.2466 -0.8162 0.0144 0.282 -0.8163 0.015 0.2814 -0.8205 0.0187 0.2771 -0.8268 0.0246 0.2705 -0.831 0.0173 0.2776
51.0 -0.8751 0.0138 0.2768 -0.8137 0.0453 0.2507 -0.8039 0.0393 0.2578 -0.8034 0.0369 0.2602 -0.8039 0.0393 0.2578 -0.8057 0.05 0.2466 -0.8162 0.0144 0.282 -0.8163 0.015 0.2814 -0.8205 0.0187 0.2771 -0.8268 0.0246 0.2705 -0.831 0.0173 0.2776
51.0 -0.8751 0.0138 0.2768 -0.8137 0.0453 0.2507 -0.8039 0.0393 0.2578 -0.8034 0.0369 0.2602 -0.8039 0.0393 0.2578 -0.8057 0.05 0.2466 -0.8162 0.0144 0.282 -0.8163 0.015 0.2814 -0.8205 0.0187 0.2771 -0.8268 0.0246 0.2705 -0.831 0.0173 0.2776
51.0 -0.8751 0.0138 0.2768 -0.8137 0.0453 0.2507 -0.8039 0.0393 0.2578 -0.8034 0.0369 0.2602 -0.8039 0.0393 0.2578 -0.8057 0.05 0.2466 -0.8162 0.0144 0.282 -0.8163 0.015 0.2814 -0.8205 0.0187 0.2771 -0.8268 0.0246 0.2705 -0.831 0.0173 0.2776
51.0 -0.8751 0.0138 0.2768 -0.8137 0.0453 0.2507 -0.8039 0.0393 0.2578 -0.8034 0.0369 0.2602 -0.8039 0.0393 0.2578 -0.8057 0.05 0.2466 -0.8162 0.0144 0.282 -0.8163 0.015 0.2814 -0.8205 0.0187 0.2771 -0.8268 0.0246 0.2705 -0.831 0.0173 0.2776
51.0 -0.8751 0.0138 0.2768 -0.8137 0.0453 0.2507 -0.8039 0.0393 0.2578 -0.8034 0.0369 0.2602 -0.8039 0.0393 0.2578 -0.8057 0.05 0.2466 -0.8162 0.0144 0.282 -0.8163 0.015 0.2814 -0.8205 0.0187 0.2771 -0.8268 0.0246 0.2705 -0.831 0.0173 0.2776
51.0 -0.8751 0.0138 0.2768 -0.8137 0.0453 0.2507 -0.8039 0.0393 0.2578 -0.8034 0.0369 0.2602 -0.8039 0.0393 0.2578 -0.8057 0.05 0.2466 -0.8162 0.0144 0.282 -0.8163 0.015 0.2814 -0.8205 0.0187 0.2771 -0.8268 0.0246 0.2705 -0.831 0.0173 0.2776
51.0 -0.8751 0.0138 0.2768 -0.8137 0.0453 0.2507 -0.8039 0.0393 0.2578 -0.8034 0.0369 0.2602 -0.8039 0.0393 0.2578 -0.8057 0.05 0.2466 -0.8162 0.0144 0.282 -0.8163 0.015 0.2814 -0.8205 0.0187 0.2771 -0.8268 0.0246 0.2705 -0.831 0.0173 0.2776
51.0 -0.8751 0.0138 0.2768 -0.8137 0.0453 0.2507 -0.8039 0.0393 0.2578 -0.8034 0.0369 0.2602 -0.8039 0.0393 0.2578 -0.8057 0.05 0.2466 -0.8162 0.0144 0.282 -0.8163 0.015 0.2814 -0.8205 0.0187 0.2771 -0.8268 0.0246 0.2705 -0.831 0.0173 0.2776
51.0 -0.8751 0.0138 0.2768 -0.8137 0.0453 0.2507 -0.8039 0.0393 0.2578 -0.8034 0.0369 0.2602 -0.8039 0.0393 0.2578 -0.8057 0.05 0.2466 -0.8162 0.0144 0.282 -0.8163 0.015 0.2814 -0.8205 0.0187 0.2771 -0.8268 0.0246 0.2705 -0.831 0.0173 0.2776
51.0 -0.8751 0.0138 0.2768 -0.8137 0.0453 0.2507 -0.8039 0.0393 0.2578 -0.8034 0.0369 0.2602 -0.8039 0.0393 0.2578 -0.8057 0.05 0.2466 -0.8162 0.0144 0.282 -0.8163 0.015 0.2814 -0.8205 0.0187 0.2771 -0.8268 0.0246 0.2705 -0.831 0.0173 0.2776
51.0 -0.8751 0.0138 0.2768 -0.8137 0.0453 0.2507 -0.8039 0.0393 0.2578 -0.8034 0.0369 0.2602 -0.8039 0.0393 0.2578 -0.8057 0.05 0.2466 -0.8162 0.0144 0.282 -0.8163 0.015 0.2814 -0.8205 0.0187 0.2771 -0.8268 0.0246 0.2705 -0.831 0.0173 0.2776
51.0 -0.8751 0.0138 0.2768 -0.8137 0.0453 0.2507 -0.8039 0.0393 0.2578 -0.8034 0.0369 0.2602 -0.8039 0.0393 0.2578 -0.8057 0.05 0.2466 -0.8162 0.0144 0.282 -0.8163 0.015 0.2814 -0.8205 0.0187 0.2771 -0.8268 0.0246 0.2705 -0.831 0.0173 0.2776
51.0 -0.8751 0.0138 0.2768 -0.8137 0.0453 0.2507 -0.8039 0.0393 0.2578 -0.8034 0.0369 0.2602 -0.8039 0.0393 0.2578 -0.8057 0.05 0.2466 -0.8162 0.0144 0.282 -0.8163 0.015 0.2814 -0.8205 0.0187 0.2771 -0.8268 0.0246 0.2705 -0.831 0.0173 0.2776
88.0 -0.8966 0.0115 0.277 -0.8204 0.0285 0.2672 -0.8018 0.0273 0.2702 -0.8014 0.0249 0.2727 -0.8015 0.0255 0.272 -0.8014 0.0249 0.2727 -0.8358 0.0105 0.284 -0.8363 0.0086 0.2859 -0.8391 0.0095 0.2847 -0.8422 0.0121 0.2817 -0.85 0.0104 0.2827
89.0 -0.9163 0.0082 0.2784 -0.8682 0.0452 0.2453 -0.8023 0.0303 0.2671 -0.8015 0.0255 0.272 -0.8008 0.022 0.2758 -0.8048 0.0196 0.2778 -0.859 0.0178 0.2743 -0.8567 0.0095 0.2829 -0.8559 0.0048 0.2879 -0.8565 0.0034 0.2892 -0.8689 0.0087 0.2825
90.0 -0.9316 0.0104 0.2746 -0.8833 0.0505 0.2384 -0.8065 0.0291 0.2679 -0.8018 0.0273 0.2702 -0.8015 0.0255 0.272 -0.8126 0.024 0.2725 -0.8734 0.0146 0.2761 -0.8716 0.0093 0.2816 -0.8706 0.0083 0.2828 -0.871 0.0107 0.2803 -0.8837 0.0107 0.2791
91.0 -0.9428 0.0138 0.27 -0.8327 0.028 0.2664 -0.8182 0.0306 0.2652 -0.8226 0.0306 0.2647 -0.8308 0.0326 0.2619 -0.846 0.0336 0.2594 -0.8783 0.0121 0.2781 -0.8827 0.0121 0.2777 -0.8876 0.0151 0.2741 -0.8929 0.0205 0.2681 -0.8969 0.0147 0.2736
92.0 -0.9596 0.0146 0.2675 -0.8535 0.0264 0.2659 -0.8376 0.031 0.2628 -0.8387 0.0321 0.2616 -0.846 0.0336 0.2594 -0.8583 0.0337 0.258 -0.8917 0.0134 0.2755 -0.8962 0.014 0.2745 -0.9003 0.0171 0.2709 -0.9038 0.0221 0.2654 -0.9103 0.0162 0.2708
93.0 -0.973 0.0152 0.2656 -0.8602 0.0292 0.2624 -0.8509 0.0317 0.2608 -0.8521 0.0334 0.259 -0.8595 0.0354 0.2562 -0.871 0.0357 0.2547 -0.9074 0.0125 0.2749 -0.9111 0.0138 0.2732 -0.9163 0.018 0.2684 -0.9208 0.0241 0.2617 -0.9257 0.0167 0.2687
94.0 -1.0065 0.0211 0.2562 -0.9097 0.036 0.2506 -0.904 0.0386 0.2485 -0.9091 0.0373 0.2494 -0.9172 0.0386 0.2472 -0.9265 0.0361 0.2488 -0.9514 0.023 0.2597 -0.9549 0.0225 0.2599 -0.9595 0.0237 0.2582 -0.9625 0.0258 0.2558 -0.967 0.0232 0.258
95.0 -1.0229 0.0243 0.2513 -0.9262 0.0344 0.2506 -0.9175 0.0404 0.2453 -0.9205 0.0424 0.2429 -0.9296 0.0437 0.2408 -0.9384 0.0437 0.2399 -0.9666 0.0289 0.2522 -0.9698 0.0321 0.2486 -0.9747 0.0351 0.245 -0.9777 0.0372 0.2426 -0.9823 0.0315 0.2479
96.0 -1.0395 0.0233 0.2507 -0.9379 0.0413 0.2424 -0.933 0.0432 0.2409 -0.9384 0.0437 0.2399 -0.9466 0.0456 0.2371 -0.9569 0.0443 0.2375 -0.979 0.0248 0.2552 -0.9846 0.0265 0.2529 -0.9896 0.0301 0.2487 -0.9949 0.0349 0.2433 -0.9975 0.0279 0.2502
97.0 -1.0497 0.0262 0.2467 -0.9845 0.0356 0.2435 -0.9539 0.0422 0.2398 -0.9516 0.0438 0.2385 -0.9528 0.046 0.2361 -0.9607 0.0456 0.2357 -0.9993 0.0251 0.2528 -0.9998 0.0281 0.2497 -0.9997 0.0324 0.2454 -1.0023 0.0369 0.2405 -1.0102 0.0297 0.247
97.0 -1.0497 0.0262 0.2467 -0.9845 0.0356 0.2435 -0.9539 0.0422 0.2398 -0.9516 0.0438 0.2385 -0.9528 0.046 0.2361 -0.9607 0.0456 0.2357 -0.9993 0.0251 0.2528 -0.9998 0.0281 0.2497 -0.9997 0.0324 0.2454 -1.0023 0.0369 0.2405 -1.0102 0.0297 0.247
97.0 -1.0497 0.0262 0.2467 -0.9845 0.0356 0.2435 -0.9539 0.0422 0.2398 -0.9516 0.0438 0.2385 -0.9528 0.046 0.2361 -0.9607 0.0456 0.2357 -0.9993 0.0251 0.2528 -0.9998 0.0281 0.2497 -0.9997 0.0324 0.2454 -1.0023 0.0369 0.2405 -1.0102 0.0297 0.247
97.0 -1.0497 0.0262 0.2467 -0.9845 0.0356 0.2435 -0.9539 0.0422 0.2398 -0.9516 0.0438 0.2385 -0.9528 0.046 0.2361 -0.9607 0.0456 0.2357 -0.9993 0.0251 0.2528 -0.9998 0.0281 0.2497 -0.9997 0.0324 0.2454 -1.0023 0.0369 0.2405 -1.0102 0.0297 0.247
101.0 -1.094 0.0483 0.2197 -1.0368 0.0683 0.205 -1.0228 0.0689 0.2057 -1.0233 0.0664 0.2082 -1.0258 0.0655 0.2089 -1.0286 0.0615 0.2128 -1.0618 0.0606 0.2103 -1.0612 0.057 0.214 -1.0597 0.0536 0.2177 -1.0591 0.05 0.2214 -1.0672 0.0539 0.2166
102.0 -1.1183 0.0512 0.2144 -1.0663 0.071 0.1992 -1.0454 0.0775 0.1947 -1.0449 0.0745 0.1978 -1.0529 0.0698 0.2018 -1.0581 0.0642 0.207 -1.0892 0.0661 0.202 -1.0863 0.0598 0.2088 -1.0837 0.0546 0.2143 -1.0819 0.0494 0.2198 -1.0919 0.0562 0.2118
103.0 -1.1389 0.0588 0.2046 -1.083 0.0761 0.1924 -1.0649 0.0828 0.1873 -1.0644 0.0804 0.1898 -1.0741 0.0755 0.1939 -1.0783 0.0694 0.1997 -1.1104 0.0767 0.1891 -1.1068 0.0711 0.1952 -1.104 0.0653 0.2013 -1.102 0.0589 0.2081 -1.1124 0.0661 0.1997
104.0 -1.1443 0.069 0.1935 -1.1086 0.1014 0.164 -1.0832 0.0871 0.1812 -1.0826 0.0835 0.1849 -1.0959 0.0792 0.1879 -1.0996 0.0751 0.1918 -1.1203 0.0827 0.182 -1.118 0.075 0.19 -1.116 0.0686 0.1968 -1.1142 0.0633 0.2023 -1.1226 0.0717 0.1929
104.0 -1.1443 0.069 0.1935 -1.1086 0.1014 0.164 -1.0832 0.0871 0.1812 -1.0826 0.0835 0.1849 -1.0959 0.0792 0.1879 -1.0996 0.0751 0.1918 -1.1203 0.0827 0.182 -1.118 0.075 0.19 -1.116 0.0686 0.1968 -1.1142 0.0633 0.2023 -1.1226 0.0717 0.1929
104.0 -1.1443 0.069 0.1935 -1.1086 0.1014 0.164 -1.0832 0.0871 0.1812 -1.0826 0.0835 0.1849 -1.0959 0.0792 0.1879 -1.0996 0.0751 0.1918 -1.1203 0.0827 0.182 -1.118 0.075 0.19 -1.116 0.0686 0.1968 -1.1142 0.0633 0.2023 -1.1226 0.0717 0.1929
104.0 -1.1443 0.069 0.1935 -1.1086 0.1014 0.164 -1.0832 0.0871 0.1812 -1.0826 0.0835 0.1849 -1.0959 0.0792 0.1879 -1.0996 0.0751 0.1918 -1.1203 0.0827 0.182 -1.118 0.075 0.19 -1.116 0.0686 0.1968 -1.1142 0.0633 0.2023 -1.1226 0.0717 0.1929
104.0 -1.1443 0.069 0.1935 -1.1086 0.1014 0.164 -1.0832 0.0871 0.1812 -1.0826 0.0835 0.1849 -1.0959 0.0792 0.1879 -1.0996 0.0751 0.1918 -1.1203 0.0827 0.182 -1.118 0.075 0.19 -1.116 0.0686 0.1968 -1.1142 0.0633 0.2023 -1.1226 0.0717 0.1929
104.0 -1.1443 0.069 0.1935 -1.1086 0.1014 0.164 -1.0832 0.0871 0.1812 -1.0826 0.0835 0.1849 -1.0959 0.0792 0.1879 -1.0996 0.0751 0.1918 -1.1203 0.0827 0.182 -1.118 0.075 0.19 -1.116 0.0686 0.1968 -1.1142 0.0633 0.2023 -1.1226 0.0717 0.1929
104.0 -1.1443 0.069 0.1935 -1.1086 0.1014 0.164 -1.0832 0.0871 0.1812 -1.0826 0.0835 0.1849 -1.0959 0.0792 0.1879 -1.0996 0.0751 0.1918 -1.1203 0.0827 0.182 -1.118 0.075 0.19 -1.116 0.0686 0.1968 -1.1142 0.0633 0.2023 -1.1226 0.0717 0.1929
104.0 -1.1443 0.069 0.1935 -1.1086 0.1014 0.164 -1.0832 0.0871 0.1812 -1.0826 0.0835 0.1849 -1.0959 0.0792 0.1879 -1.0996 0.0751 0.1918 -1.1203 0.0827 0.182 -1.118 0.075 0.19 -1.116 0.0686 0.1968 -1.1142 0.0633 0.2023 -1.1226 0.0717 0.1929
104.0 -1.1443 0.069 0.1935 -1.1086 0.1014 0.164 -1.0832 0.0871 0.1812 -1.0826 0.0835 0.1849 -1.0959 0.0792 0.1879 -1.0996 0.0751 0.1918 -1.1203 0.0827 0.182 -1.118 0.075 0.19 -1.116 0.0686 0.1968 -1.1142 0.0633 0.2023 -1.1226 0.0717 0.1929
104.0 -1.1443 0.069 0.1935 -1.1086 0.1014 0.164 -1.0832 0.0871 0.1812 -1.0826 0.0835 0.1849 -1.0959 0.0792 0.1879 -1.0996 0.0751 0.1918 -1.1203 0.0827 0.182 -1.118 0.075 0.19 -1.116 0.0686 0.1968 -1.1142 0.0633 0.2023 -1.1226 0.0717 0.1929
104.0 -1.1443 0.069 0.1935 -1.1086 0.1014 0.164 -1.0832 0.0871 0.1812 -1.0826 0.0835 0.1849 -1.0959 0.0792 0.1879 -1.0996 0.0751 0.1918 -1.1203 0.0827 0.182 -1.118 0.075 0.19 -1.116 0.0686 0.1968 -1.1142 0.0633 0.2023 -1.1226 0.0717 0.1929
104.0 -1.1443 0.069 0.1935 -1.1086 0.1014 0.164 -1.0832 0.0871 0.1812 -1.0826 0.0835 0.1849 -1.0959 0.0792 0.1879 -1.0996 0.0751 0.1918 -1.1203 0.0827 0.182 -1.118 0.075 0.19 -1.116 0.0686 0.1968 -1.1142 0.0633 0.2023 -1.1226 0.0717 0.1929
104.0 -1.1443 0.069 0.1935 -1.1086 0.1014 0.164 -1.0832 0.0871 0.1812 -1.0826 0.0835 0.1849 -1.0959 0.0792 0.1879 -1.0996 0.0751 0.1918 -1.1203 0.0827 0.182 -1.118 0.075 0.19 -1.116 0.0686 0.1968 -1.1142 0.0633 0.2023 -1.1226 0.0717 0.1929
104.0 -1.1443 0.069 0.1935 -1.1086 0.1014 0.164 -1.0832 0.0871 0.1812 -1.0826 0.0835 0.1849 -1.0959 0.0792 0.1879 -1.0996 0.0751 0.1918 -1.1203 0.0827 0.182 -1.118 0.075 0.19 -1.116 0.0686 0.1968 -1.1142 0.0633 0.2023 -1.1226 0.0717 0.1929
104.0 -1.1443 0.069 0.1935 -1.1086 0.1014 0.164 -1.0832 0.0871 0.1812 -1.0826 0.0835 0.1849 -1.0959 0.0792 0.1879 -1.0996 0.0751 0.1918 -1.1203 0.0827 0.182 -1.118 0.075 0.19 -1.116 0.0686 0.1968 -1.1142 0.0633 0.2023 -1.1226 0.0717 0.1929
104.0 -1.1443 0.069 0.1935 -1.1086 0.1014 0.164 -1.0832 0.0871 0.1812 -1.0826 0.0835 0.1849 -1.0959 0.0792 0.1879 -1.0996 0.0751 0.1918 -1.1203 0.0827 0.182 -1.118 0.075 0.19 -1.116 0.0686 0.1968 -1.1142 0.0633 0.2023 -1.1226 0.0717 0.1929
104.0 -1.1443 0.069 0.1935 -1.1086 0.1014 0.164 -1.0832 0.0871 0.1812 -1.0826 0.0835 0.1849 -1.0959 0.0792 0.1879 -1.0996 0.0751 0.1918 -1.1203 0.0827 0.182 -1.118 0.075 0.19 -1.116 0.0686 0.1968 -1.1142 0.0633 0.2023 -1.1226 0.0717 0.1929
104.0 -1.1443 0.069 0.1935 -1.1086 0.1014 0.164 -1.0832 0.0871 0.1812 -1.0826 0.0835 0.1849 -1.0959 0.0792 0.1879 -1.0996 0.0751 0.1918 -1.1203 0.0827 0.182 -1.118 0.075 0.19 -1.116 0.0686 0.1968 -1.1142 0.0633 0.2023 -1.1226 0.0717 0.1929
104.0 -1.1443 0.069 0.1935 -1.1086 0.1014 0.164 -1.0832 0.0871 0.1812 -1.0826 0.0835 0.1849 -1.0959 0.0792 0.1879 -1.0996 0.0751 0.1918 -1.1203 0.0827 0.182 -1.118 0.075 0.19 -1.116 0.0686 0.1968 -1.1142 0.0633 0.2023 -1.1226 0.0717 0.1929
104.0 -1.1443 0.069 0.1935 -1.1086 0.1014 0.164 -1.0832 0.0871 0.1812 -1.0826 0.0835 0.1849 -1.0959 0.0792 0.1879 -1.0996 0.0751 0.1918 -1.1203 0.0827 0.182 -1.118 0.075 0.19 -1.116 0.0686 0.1968 -1.1142 0.0633 0.2023 -1.1226 0.0717 0.1929
104.0 -1.1443 0.069 0.1935 -1.1086 0.1014 0.164 -1.0832 0.0871 0.1812 -1.0826 0.0835 0.1849 -1.0959 0.0792 0.1879 -1.0996 0.0751 0.1918 -1.1203 0.0827 0.182 -1.118 0.075 0.19 -1.116 0.0686 0.1968 -1.1142 0.0633 0.2023 -1.1226 0.0717 0.1929
104.0 -1.1443 0.069 0.1935 -1.1086 0.1014 0.164 -1.0832 0.0871 0.1812 -1.0826 0.0835 0.1849 -1.0959 0.0792 0.1879 -1.0996 0.0751 0.1918 -1.1203 0.0827 0.182 -1.118 0.075 0.19 -1.116 0.0686 0.1968 -1.1142 0.0633 0.2023 -1.1226 0.0717 0.1929
104.0 -1.1443 0.069 0.1935 -1.1086 0.1014 0.164 -1.0832 0.0871 0.1812 -1.0826 0.0835 0.1849 -1.0959 0.0792 0.1879 -1.0996 0.0751 0.1918 -1.1203 0.0827 0.182 -1.118 0.075 0.19 -1.116 0.0686 0.1968 -1.1142 0.0633 0.2023 -1.1226 0.0717 0.1929
104.0 -1.1443 0.069 0.1935 -1.1086 0.1014 0.164 -1.0832 0.0871 0.1812 -1.0826 0.0835 0.1849 -1.0959 0.0792 0.1879 -1.0996 0.0751 0.1918 -1.1203 0.0827 0.182 -1.118 0.075 0.19 -1.116 0.0686 0.1968 -1.1142 0.0633 0.2023 -1.1226 0.0717 0.1929
104.0 -1.1443 0.069 0.1935 -1.1086 0.1014 0.164 -1.0832 0.0871 0.1812 -1.0826 0.0835 0.1849 -1.0959 0.0792 0.1879 -1.0996 0.0751 0.1918 -1.1203 0.0827 0.182 -1.118 0.075 0.19 -1.116 0.0686 0.1968 -1.1142 0.0633 0.2023 -1.1226 0.0717 0.1929
104.0 -1.1443 0.069 0.1935 -1.1086 0.1014 0.164 -1.0832 0.0871 0.1812 -1.0826 0.0835 0.1849 -1.0959 0.0792 0.1879 -1.0996 0.0751 0.1918 -1.1203 0.0827 0.182 -1.118 0.075 0.19 -1.116 0.0686 0.1968 -1.1142 0.0633 0.2023 -1.1226 0.0717 0.1929
