1.0 -1.1977 0.0429 0.2149 -1.1254 0.0368 0.2284 -1.0701 0.0375 0.2331 -1.0656 0.0522 0.2186 -1.0751 0.0607 0.2089 -1.0989 0.066 0.2011 -1.1362 0.0231 0.2413 -1.1355 0.0342 0.23 -1.139 0.0441 0.2195 -1.1478 0.0539 0.2086 -1.1512 0.0396 0.2229
2.0 -1.1968 0.0424 0.2155 -1.1228 0.0371 0.2283 -1.0703 0.0387 0.2319 -1.0656 0.0522 0.2186 -1.0751 0.0607 0.2089 -1.0982 0.0673 0.1998 -1.138 0.0235 0.2407 -1.1371 0.0334 0.2307 -1.1415 0.0432 0.2203 -1.1503 0.0536 0.2087 -1.1527 0.0392 0.2232
3.0 -1.196 0.0431 0.2149 -1.1255 0.0374 0.2278 -1.0713 0.0392 0.2313 -1.0666 0.0527 0.218 -1.077 0.0616 0.2078 -1.098 0.0661 0.2011 -1.1373 0.0242 0.2401 -1.1365 0.0347 0.2294 -1.1407 0.0439 0.2196 -1.1486 0.0538 0.2087 -1.1518 0.0399 0.2225
4.0 -1.1962 0.0443 0.2136 -1.1249 0.0387 0.2265 -1.0704 0.0393 0.2312 -1.065 0.0535 0.2173 -1.0761 0.0618 0.2077 -1.0983 0.0679 0.1992 -1.1372 0.0236 0.2407 -1.1356 0.0348 0.2294 -1.1391 0.0447 0.2189 -1.1471 0.0552 0.2074 -1.151 0.0405 0.222
5.0 -1.1977 0.0429 0.2149 -1.1248 0.0381 0.2271 -1.0704 0.0393 0.2312 -1.0657 0.0528 0.218 -1.076 0.0612 0.2084 -1.0991 0.0672 0.1999 -1.1364 0.0243 0.24 -1.1364 0.0341 0.2301 -1.1407 0.0439 0.2196 -1.1496 0.0543 0.2081 -1.1522 0.0399 0.2225
6.0 -1.1969 0.043 0.2149 -1.124 0.0388 0.2265 -1.0704 0.0393 0.2312 -1.0656 0.0522 0.2186 -1.0761 0.0618 0.2077 -1.0983 0.0679 0.1992 -1.1364 0.0243 0.24 -1.1356 0.0348 0.2294 -1.1392 0.0453 0.2183 -1.148 0.0551 0.2074 -1.1512 0.0405 0.222
7.0 -1.197 0.0436 0.2143 -1.1237 0.037 0.2283 -1.0695 0.0388 0.2318 -1.0656 0.0522 0.2186 -1.076 0.0612 0.2084 -1.0991 0.0672 0.1999 -1.1364 0.0243 0.24 -1.1348 0.0349 0.2294 -1.1382 0.0448 0.2189 -1.147 0.0546 0.208 -1.1507 0.0405 0.2221
8.0 -1.1958 0.0419 0.2161 -1.1229 0.0377 0.2277 -1.0684 0.0378 0.233 -1.0648 0.0523 0.2185 -1.0761 0.0618 0.2077 -1.0982 0.0673 0.1998 -1.1345 0.0233 0.2412 -1.1338 0.0344 0.23 -1.1381 0.0442 0.2195 -1.1461 0.0547 0.208 -1.1497 0.0397 0.223
9.0 -1.1995 0.0427 0.215 -1.1235 0.0358 0.2296 -1.0684 0.0378 0.233 -1.0647 0.0517 0.2192 -1.0759 0.0606 0.209 -1.098 0.0661 0.2011 -1.1353 0.0232 0.2413 -1.1344 0.0331 0.2312 -1.1379 0.043 0.2207 -1.1468 0.0534 0.2092 -1.1508 0.0391 0.2235
10.0 -1.1991 0.0409 0.2169 -1.1243 0.0357 0.2296 -1.0689 0.0358 0.2349 -1.0636 0.0506 0.2204 -1.0749 0.0601 0.2096 -1.0986 0.0648 0.2024 -1.1351 0.022 0.2425 -1.1352 0.0324 0.2319 -1.1395 0.0422 0.2214 -1.1492 0.0519 0.2106 -1.1516 0.0379 0.2247
11.0 -1.1983 0.041 0.2168 -1.1243 0.0357 0.2296 -1.0696 0.0345 0.2362 -1.0635 0.05 0.221 -1.0767 0.0598 0.2096 -1.0985 0.0642 0.203 -1.135 0.0214 0.2431 -1.1343 0.0325 0.2319 -1.1387 0.0423 0.2214 -1.1467 0.0528 0.2098 -1.1506 0.038 0.2246
12.0 -1.1966 0.0412 0.2168 -1.1234 0.0352 0.2302 -1.0687 0.0347 0.2362 -1.0633 0.0488 0.2222 -1.0755 0.0582 0.2115 -1.0984 0.0636 0.2036 -1.1342 0.0215 0.2431 -1.1325 0.0322 0.2324 -1.1369 0.042 0.222 -1.1456 0.0518 0.2111 -1.1491 0.0377 0.2251
13.0 -1.1968 0.0424 0.2155 -1.1232 0.034 0.2314 -1.068 0.0354 0.2355 -1.0616 0.0491 0.2222 -1.0727 0.0573 0.2126 -1.0966 0.0633 0.2042 -1.1359 0.0213 0.2432 -1.1341 0.0313 0.2331 -1.1368 0.0414 0.2226 -1.1455 0.0512 0.2117 -1.1498 0.0375 0.2252
14.0 -1.1948 0.0415 0.2167 -1.1214 0.0343 0.2314 -1.0664 0.0362 0.2348 -1.0616 0.0491 0.2222 -1.0737 0.0578 0.212 -1.0965 0.0627 0.2048 -1.1342 0.0215 0.2431 -1.1324 0.0316 0.233 -1.1358 0.0409 0.2232 -1.1446 0.0507 0.2123 -1.1484 0.0372 0.2256
15.0 -1.193 0.0411 0.2173 -1.1197 0.0345 0.2313 -1.0671 0.0355 0.2355 -1.0616 0.0491 0.2222 -1.0727 0.0573 0.2126 -1.0949 0.0635 0.2041 -1.1332 0.0211 0.2437 -1.1315 0.0317 0.233 -1.1349 0.041 0.2231 -1.1429 0.0515 0.2116 -1.1471 0.0373 0.2257
16.0 -1.1938 0.0404 0.2179 -1.1188 0.034 0.2319 -1.0654 0.0357 0.2354 -1.0616 0.0491 0.2222 -1.0719 0.058 0.2119 -1.0948 0.0629 0.2047 -1.1322 0.0206 0.2443 -1.1314 0.0311 0.2336 -1.1348 0.0404 0.2238 -1.1437 0.0508 0.2122 -1.1472 0.0366 0.2264
17.0 -1.1927 0.0393 0.2191 -1.1181 0.0353 0.2306 -1.0644 0.0352 0.236 -1.0596 0.0481 0.2233 -1.071 0.0576 0.2125 -1.0947 0.0623 0.2053 -1.1313 0.0201 0.2448 -1.1305 0.0306 0.2342 -1.134 0.0405 0.2237 -1.1427 0.0503 0.2128 -1.1462 0.0362 0.2269
18.0 -1.1921 0.0406 0.2178 -1.1198 0.0351 0.2307 -1.0642 0.034 0.2373 -1.0587 0.0476 0.2239 -1.0693 0.0578 0.2125 -1.093 0.0625 0.2053 -1.1313 0.0201 0.2448 -1.1296 0.0307 0.2342 -1.1322 0.0401 0.2243 -1.14 0.0501 0.2133 -1.145 0.0363 0.2269
19.0 -1.1946 0.0403 0.2179 -1.1206 0.0344 0.2313 -1.0659 0.0338 0.2373 -1.0586 0.047 0.2245 -1.0693 0.0578 0.2125 -1.093 0.0625 0.2053 -1.1314 0.0207 0.2442 -1.1296 0.0307 0.2342 -1.133 0.04 0.2243 -1.1418 0.0498 0.2134 -1.1461 0.0363 0.2268
20.0 -1.1926 0.0387 0.2197 -1.1153 0.0345 0.2317 -1.0634 0.0342 0.2372 -1.0561 0.048 0.2238 -1.0667 0.0581 0.2124 -1.0922 0.0632 0.2046 -1.1345 0.0184 0.2462 -1.133 0.0297 0.2349 -1.1364 0.0396 0.2244 -1.1427 0.0503 0.2128 -1.1478 0.0353 0.2276
21.0 -1.1911 0.0401 0.2184 -1.1154 0.0351 0.2311 -1.062 0.0362 0.2353 -1.0554 0.0487 0.2232 -1.0675 0.058 0.2124 -1.0913 0.0628 0.2052 -1.1295 0.0197 0.2454 -1.1288 0.0308 0.2341 -1.1323 0.0407 0.2237 -1.1402 0.0507 0.2127 -1.1443 0.0364 0.2269
22.0 -1.1928 0.0399 0.2185 -1.1169 0.0336 0.2324 -1.0625 0.0343 0.2372 -1.0561 0.048 0.2238 -1.0685 0.0585 0.2118 -1.0921 0.0627 0.2052 -1.1297 0.0209 0.2442 -1.1288 0.0308 0.2341 -1.1322 0.0401 0.2243 -1.1409 0.05 0.2134 -1.1449 0.0364 0.2269
23.0 -1.1921 0.0406 0.2178 -1.1168 0.033 0.233 -1.0616 0.0344 0.2372 -1.0561 0.048 0.2238 -1.0684 0.0579 0.2124 -1.0914 0.0634 0.2046 -1.1286 0.0199 0.2454 -1.1269 0.0305 0.2347 -1.1304 0.0404 0.2242 -1.1375 0.0504 0.2132 -1.1431 0.0363 0.2271
24.0 -1.1902 0.0402 0.2184 -1.1161 0.0338 0.2324 -1.0615 0.0338 0.2378 -1.0552 0.0481 0.2238 -1.0677 0.0586 0.2118 -1.0913 0.0628 0.2052 -1.1287 0.0205 0.2447 -1.127 0.0311 0.2341 -1.1296 0.0405 0.2242 -1.1375 0.0504 0.2132 -1.1426 0.0365 0.2269
25.0 -1.1901 0.0396 0.219 -1.1152 0.0339 0.2324 -1.0615 0.0338 0.2378 -1.0551 0.0475 0.2244 -1.0667 0.0581 0.2124 -1.092 0.0621 0.2059 -1.1277 0.02 0.2453 -1.1269 0.0305 0.2347 -1.1304 0.0404 0.2242 -1.1384 0.0509 0.2126 -1.1427 0.0363 0.2272
26.0 -1.1901 0.0396 0.219 -1.1145 0.0346 0.2317 -1.0624 0.0337 0.2378 -1.0552 0.0481 0.2238 -1.0675 0.058 0.2124 -1.0913 0.0628 0.2052 -1.1286 0.0199 0.2454 -1.1269 0.0305 0.2347 -1.1305 0.041 0.2236 -1.1383 0.0503 0.2133 -1.1429 0.0362 0.2272
27.0 -1.1919 0.04 0.2185 -1.1152 0.0339 0.2324 -1.0616 0.0344 0.2372 -1.0552 0.0481 0.2238 -1.0677 0.0586 0.2118 -1.0913 0.0628 0.2052 -1.1312 0.0195 0.2455 -1.1295 0.0301 0.2348 -1.1323 0.0407 0.2237 -1.1402 0.0507 0.2127 -1.145 0.0362 0.227
28.0 -1.1911 0.0401 0.2184 -1.1169 0.0336 0.2324 -1.0615 0.0338 0.2378 -1.0552 0.0481 0.2238 -1.0668 0.0587 0.2117 -1.0904 0.0629 0.2052 -1.1287 0.0205 0.2447 -1.1261 0.0306 0.2347 -1.1296 0.0405 0.2242 -1.1375 0.0504 0.2132 -1.1426 0.0364 0.227
29.0 -1.1884 0.0399 0.219 -1.1154 0.0351 0.2311 -1.0614 0.0332 0.2384 -1.0551 0.0475 0.2244 -1.0668 0.0587 0.2117 -1.0904 0.0629 0.2052 -1.1269 0.0201 0.2453 -1.1252 0.0307 0.2346 -1.1287 0.0406 0.2241 -1.1366 0.0505 0.2132 -1.1412 0.0364 0.2272
30.0 -1.1894 0.0404 0.2184 -1.1144 0.034 0.2323 -1.0607 0.0339 0.2377 -1.0544 0.0482 0.2238 -1.0675 0.058 0.2124 -1.0905 0.0635 0.2045 -1.1285 0.0193 0.246 -1.1269 0.0305 0.2347 -1.1296 0.0405 0.2242 -1.1366 0.0505 0.2132 -1.1422 0.0362 0.2273
31.0 -1.1925 0.0381 0.2204 -1.1136 0.0347 0.2317 -1.0599 0.0346 0.2371 -1.0551 0.0475 0.2244 -1.0657 0.0577 0.213 -1.0903 0.0623 0.2058 -1.1276 0.0194 0.246 -1.1278 0.0303 0.2347 -1.1322 0.0401 0.2243 -1.14 0.0501 0.2133 -1.144 0.0356 0.2277
32.0 -1.1873 0.0388 0.2202 -1.1119 0.0349 0.2316 -1.059 0.0341 0.2377 -1.0525 0.0472 0.2249 -1.0641 0.0585 0.2123 -1.0878 0.0632 0.2051 -1.1259 0.0196 0.2459 -1.1252 0.0307 0.2346 -1.1288 0.0412 0.2235 -1.1358 0.0507 0.2132 -1.1406 0.0362 0.2275
33.0 -1.1875 0.04 0.2189 -1.1135 0.0341 0.2323 -1.0579 0.0331 0.2389 -1.0515 0.0468 0.2255 -1.063 0.0574 0.2135 -1.0877 0.0626 0.2057 -1.1242 0.0198 0.2458 -1.1225 0.0304 0.2351 -1.1259 0.0398 0.2253 -1.1338 0.0497 0.2143 -1.1388 0.0359 0.2279
34.0 -1.1533 0.0355 0.227 -1.078 0.0273 0.2428 -1.024 0.0254 0.2501 -1.0188 0.0408 0.2349 -1.026 0.052 0.2227 -1.0523 0.0564 0.2156 -1.0924 0.0144 0.2546 -1.0908 0.025 0.2439 -1.0934 0.035 0.2334 -1.1023 0.0454 0.2219 -1.1064 0.031 0.2361
35.0 -1.153 0.0337 0.2288 -1.0745 0.0272 0.2433 -1.0201 0.0235 0.2524 -1.012 0.0374 0.239 -1.0212 0.0496 0.2256 -1.0478 0.0558 0.2166 -1.0903 0.0122 0.257 -1.0879 0.0235 0.2457 -1.0906 0.0341 0.2345 -1.0978 0.0448 0.2229 -1.1039 0.0297 0.2378
36.0 -1.1442 0.0336 0.2297 -1.0707 0.0258 0.245 -1.0138 0.0225 0.254 -1.0083 0.0361 0.2407 -1.0165 0.0478 0.2279 -1.0414 0.0542 0.2189 -1.083 0.0107 0.2592 -1.0814 0.0213 0.2485 -1.0841 0.032 0.2374 -1.0921 0.0425 0.2258 -1.097 0.028 0.2401
37.0 -1.1416 0.034 0.2296 -1.0652 0.0247 0.2467 -1.0098 0.0194 0.2576 -1.0023 0.032 0.2455 -1.0105 0.0437 0.2327 -1.0341 0.0528 0.2211 -1.0794 0.01 0.2603 -1.0761 0.0214 0.249 -1.0787 0.0315 0.2384 -1.0859 0.0421 0.2269 -1.0923 0.0278 0.2408
38.0 -1.1345 0.0337 0.2306 -1.0591 0.025 0.247 -1.0051 0.0182 0.2593 -0.9981 0.0332 0.2447 -1.0072 0.0448 0.2319 -1.0305 0.0526 0.2216 -1.0739 0.0089 0.262 -1.0713 0.019 0.2519 -1.0739 0.0291 0.2414 -1.0811 0.0397 0.2298 -1.0869 0.0261 0.2431
39.0 -1.1271 0.0317 0.2334 -1.056 0.0223 0.25 -0.9985 0.0203 0.2578 -0.9946 0.0331 0.2452 -1.0027 0.0442 0.233 -1.0267 0.0507 0.2239 -1.0694 0.0083 0.2631 -1.0677 0.0189 0.2524 -1.0704 0.0289 0.2419 -1.0776 0.0402 0.2297 -1.0824 0.0256 0.2441
40.0 -1.1264 0.0324 0.2328 -1.0501 0.0237 0.2492 -0.9973 0.0186 0.2596 -0.9927 0.0327 0.2457 -1.0018 0.0443 0.233 -1.0223 0.0507 0.2244 -1.0675 0.0073 0.2642 -1.0658 0.0179 0.2536 -1.0684 0.028 0.243 -1.0747 0.0387 0.2314 -1.0806 0.0249 0.245
41.0 -1.1236 0.0315 0.2339 -1.0455 0.0225 0.2509 -0.9926 0.0168 0.262 -0.9846 0.0314 0.2479 -0.9946 0.0434 0.2346 -1.0188 0.0512 0.2243 -1.063 0.0067 0.2653 -1.0614 0.0179 0.254 -1.0633 0.0287 0.2428 -1.0704 0.0393 0.2312 -1.0763 0.0248 0.2455
42.0 -1.122 0.0324 0.2332 -1.0419 0.0224 0.2514 -0.9893 0.0179 0.2612 -0.9829 0.0316 0.2478 -0.9919 0.0432 0.2351 -1.0145 0.0517 0.2241 -1.0638 0.0066 0.2653 -1.0604 0.0175 0.2546 -1.0615 0.0283 0.2434 -1.0669 0.0392 0.2317 -1.0749 0.0248 0.2457
43.0 -1.1192 0.0315 0.2344 -1.0358 0.0226 0.2518 -0.9849 0.0179 0.2617 -0.9803 0.0319 0.2477 -0.9874 0.0426 0.2361 -1.0127 0.0514 0.2246 -1.0577 0.0068 0.2657 -1.056 0.0174 0.255 -1.0588 0.0281 0.2439 -1.0651 0.0388 0.2323 -1.0714 0.0245 0.2463
44.0 -1.1109 0.0296 0.2372 -1.0305 0.0221 0.2528 -0.9796 0.018 0.2621 -0.9742 0.0322 0.2481 -0.9831 0.0432 0.236 -1.0092 0.0512 0.2251 -1.0532 0.0062 0.2668 -1.0516 0.0174 0.2555 -1.0545 0.0286 0.2437 -1.0607 0.0388 0.2327 -1.0662 0.0241 0.2472
45.0 -1.1101 0.0297 0.2372 -1.027 0.0226 0.2527 -0.9751 0.0174 0.2632 -0.9691 0.0334 0.2473 -0.9773 0.0452 0.2345 -1.0067 0.0522 0.2244 -1.0489 0.0068 0.2666 -1.0473 0.018 0.2553 -1.051 0.0291 0.2436 -1.0589 0.039 0.2327 -1.0633 0.0245 0.2471
46.0 -1.1066 0.0301 0.237 -1.0218 0.0227 0.2531 -0.9699 0.0181 0.263 -0.964 0.0341 0.2471 -0.9714 0.0466 0.2337 -0.9998 0.0531 0.2241 -1.0455 0.0073 0.2665 -1.0439 0.0185 0.2552 -1.0467 0.0297 0.2434 -1.0538 0.0397 0.2325 -1.0593 0.0251 0.2469
47.0 -1.1006 0.031 0.2368 -1.0204 0.0247 0.2512 -0.9648 0.0188 0.2628 -0.9597 0.0347 0.2469 -0.9681 0.0476 0.2329 -0.9973 0.0535 0.224 -1.0367 0.0072 0.2674 -1.0353 0.0196 0.2549 -1.039 0.0307 0.2431 -1.0462 0.0414 0.2316 -1.0516 0.026 0.2468
48.0 -1.09 0.0306 0.2383 -1.0122 0.0234 0.2533 -0.959 0.0208 0.2613 -0.9545 0.0354 0.2467 -0.9627 0.0471 0.2339 -0.9896 0.0551 0.2231 -1.0298 0.0082 0.2671 -1.0283 0.02 0.2552 -1.032 0.0311 0.2435 -1.0393 0.0423 0.2313 -1.0439 0.0264 0.2471
49.0 -1.0798 0.0326 0.2372 -1.0036 0.0245 0.253 -0.9482 0.0198 0.2634 -0.9438 0.0344 0.2488 -0.9539 0.0471 0.2349 -0.9775 0.0561 0.2233 -1.0191 0.0078 0.2686 -1.016 0.0198 0.2566 -1.0188 0.031 0.2449 -1.0251 0.0418 0.2332 -1.0318 0.0266 0.2481
50.0 -1.0736 0.0322 0.2382 -1.0001 0.0244 0.2535 -0.9421 0.02 0.2637 -0.9376 0.0346 0.2492 -0.9484 0.046 0.2365 -0.9737 0.0548 0.225 -1.0139 0.0079 0.269 -1.0116 0.0198 0.2571 -1.0143 0.0304 0.2459 -1.0216 0.0416 0.2337 -1.027 0.0264 0.2488
51.0 -1.0672 0.0312 0.2399 -0.9825 0.0243 0.2553 -0.9377 0.02 0.2642 -0.9331 0.034 0.2503 -0.9433 0.0467 0.2363 -0.9669 0.0557 0.2247 -1.0094 0.0072 0.2701 -1.0079 0.019 0.2582 -1.0107 0.0297 0.247 -1.0178 0.0403 0.2355 -1.0226 0.0255 0.2501
52.0 -1.0582 0.03 0.242 -0.9772 0.0244 0.2557 -0.9301 0.0216 0.2633 -0.9246 0.0352 0.25 -0.9381 0.0474 0.2361 -0.9624 0.0551 0.2258 -0.9998 0.0079 0.2704 -0.9992 0.0196 0.2585 -1.0021 0.0308 0.2467 -1.0092 0.0415 0.2351 -1.0137 0.026 0.2505
53.0 -1.0341 0.0326 0.2417 -0.9517 0.0242 0.2585 -0.8965 0.0206 0.2676 -0.8927 0.034 0.2543 -0.9042 0.0446 0.2423 -0.9287 0.0536 0.2307 -0.9699 0.0077 0.2736 -0.9675 0.019 0.2622 -0.9703 0.0302 0.2505 -0.9774 0.0409 0.2389 -0.9838 0.0261 0.2534
54.0 -1.0261 0.0325 0.2426 -0.945 0.0214 0.262 -0.892 0.02 0.2687 -0.8863 0.033 0.256 -0.897 0.0438 0.2439 -0.9233 0.0531 0.2318 -0.9646 0.0078 0.274 -0.9612 0.0186 0.2632 -0.9623 0.0295 0.252 -0.9684 0.0396 0.241 -0.9765 0.0256 0.2546
55.0 -1.0207 0.0314 0.2443 -0.9399 0.0221 0.2618 -0.8856 0.0185 0.2709 -0.8803 0.0338 0.2557 -0.893 0.0462 0.2419 -0.9182 0.0544 0.231 -0.9591 0.0067 0.2756 -0.9559 0.0181 0.2643 -0.9579 0.0295 0.2525 -0.9632 0.0397 0.2415 -0.9713 0.0251 0.2556
56.0 -1.012 0.0319 0.2446 -0.9303 0.0228 0.262 -0.8778 0.0195 0.2706 -0.8725 0.0343 0.2561 -0.8877 0.0457 0.2429 -0.9119 0.0534 0.2326 -0.9496 0.0074 0.2759 -0.9473 0.0193 0.2639 -0.95 0.0299 0.2528 -0.9553 0.0402 0.2418 -0.9628 0.0257 0.2558
57.0 -1.0094 0.0323 0.2445 -0.9241 0.0224 0.263 -0.8693 0.0213 0.2697 -0.8654 0.034 0.257 -0.8793 0.0431 0.2463 -0.9029 0.0522 0.2347 -0.9426 0.0077 0.2763 -0.9403 0.0196 0.2643 -0.9431 0.0308 0.2525 -0.9502 0.0409 0.2416 -0.9571 0.0263 0.2558
58.0 -1.0056 0.031 0.2462 -0.9141 0.0256 0.2608 -0.8606 0.0218 0.27 -0.8604 0.0353 0.2562 -0.8761 0.0448 0.245 -0.8995 0.0526 0.2346 -0.9374 0.0084 0.2761 -0.9366 0.0189 0.2654 -0.9394 0.0295 0.2543 -0.9464 0.0396 0.2433 -0.9531 0.0255 0.2571
59.0 -0.9962 0.0322 0.2459 -0.9077 0.0246 0.2624 -0.8536 0.0222 0.2703 -0.8533 0.035 0.2572 -0.868 0.044 0.2465 -0.8923 0.0518 0.2362 -0.9304 0.0081 0.277 -0.9287 0.0187 0.2663 -0.9316 0.03 0.2546 -0.9387 0.0406 0.243 -0.9451 0.0259 0.2574
60.0 -0.9961 0.0316 0.2465 -0.9008 0.025 0.2628 -0.85 0.0214 0.2714 -0.8452 0.0343 0.2587 -0.8611 0.0444 0.2469 -0.8844 0.0522 0.2365 -0.9262 0.0093 0.2762 -0.9246 0.0205 0.2649 -0.9282 0.031 0.2538 -0.9362 0.0415 0.2423 -0.9423 0.0268 0.2568
61.0 -0.9926 0.0321 0.2463 -0.8928 0.0248 0.2637 -0.8379 0.0225 0.2716 -0.8373 0.0341 0.2597 -0.8504 0.044 0.2483 -0.8749 0.0529 0.2368 -0.9174 0.0093 0.2772 -0.9166 0.0198 0.2665 -0.9193 0.0304 0.2554 -0.9256 0.0412 0.2437 -0.9343 0.0265 0.2578
62.0 -0.9839 0.0327 0.2466 -0.8837 0.0279 0.2615 -0.8291 0.0224 0.2725 -0.8285 0.0341 0.2606 -0.8417 0.0445 0.2486 -0.8694 0.0518 0.2384 -0.9094 0.0091 0.2781 -0.9085 0.019 0.2681 -0.912 0.0289 0.2576 -0.9182 0.0391 0.2466 -0.9264 0.0258 0.2594
63.0 -0.9725 0.033 0.2474 -0.8732 0.0281 0.2623 -0.821 0.0217 0.274 -0.8202 0.0322 0.2634 -0.8344 0.0431 0.2508 -0.8596 0.0513 0.2399 -0.9006 0.0091 0.279 -0.8997 0.019 0.269 -0.9024 0.029 0.2585 -0.9084 0.0386 0.2481 -0.9167 0.0257 0.2604
64.0 -0.9602 0.0328 0.2488 -0.8609 0.0285 0.2631 -0.8071 0.0223 0.2747 -0.8024 0.0309 0.2665 -0.82 0.0408 0.2546 -0.8423 0.0475 0.2455 -0.8918 0.0091 0.2799 -0.889 0.018 0.2711 -0.8899 0.0283 0.2605 -0.8941 0.0369 0.2513 -0.905 0.025 0.2623
65.0 -0.9556 0.0316 0.2505 -0.8547 0.0281 0.2641 -0.8006 0.0208 0.277 -0.8018 0.0273 0.2702 -0.8159 0.0425 0.2532 -0.8428 0.0505 0.2424 -0.8847 0.0088 0.2809 -0.8828 0.0176 0.2721 -0.8854 0.0276 0.2615 -0.8923 0.0371 0.2512 -0.9002 0.0245 0.2632
66.0 -0.9457 0.0305 0.2526 -0.8432 0.0278 0.2655 -0.8005 0.0202 0.2776 -0.8024 0.0309 0.2665 -0.8128 0.0399 0.2562 -0.8345 0.0486 0.2452 -0.8751 0.0089 0.2818 -0.8732 0.0183 0.2723 -0.875 0.0284 0.2618 -0.8808 0.0368 0.2526 -0.89 0.0246 0.2642
67.0 -0.9378 0.0303 0.2536 -0.8338 0.0291 0.2652 -0.8003 0.019 0.2789 -0.8022 0.0297 0.2677 -0.8148 0.0414 0.2544 -0.8343 0.0474 0.2465 -0.8706 0.0083 0.2828 -0.8695 0.017 0.274 -0.8711 0.0265 0.2641 -0.8753 0.0351 0.2549 -0.8848 0.0234 0.2659
68.0 -0.9293 0.0272 0.2576 -0.8255 0.0321 0.263 -0.8001 0.0178 0.2801 -0.8016 0.0261 0.2714 -0.8096 0.0421 0.2542 -0.8287 0.0457 0.2487 -0.8678 0.0074 0.284 -0.8673 0.0148 0.2765 -0.868 0.0239 0.2671 -0.8713 0.0326 0.2579 -0.8808 0.0212 0.2686
69.0 -0.9255 0.0253 0.26 -0.8212 0.0326 0.2628 -0.7997 0.0154 0.2826 -0.8064 0.0334 0.2635 -0.8211 0.0424 0.2528 -0.8312 0.0447 0.2495 -0.8678 0.0074 0.284 -0.8679 0.0129 0.2784 -0.8692 0.0207 0.2703 -0.8698 0.0291 0.2616 -0.88 0.0191 0.2708
70.0 -0.9209 0.0247 0.2611 -0.8212 0.0375 0.2578 -0.7997 0.0154 0.2826 -0.8017 0.0267 0.2708 -0.8112 0.0407 0.2555 -0.8243 0.0457 0.2492 -0.8626 0.0081 0.2838 -0.8628 0.0142 0.2775 -0.8643 0.0226 0.2688 -0.8658 0.0315 0.2595 -0.8753 0.0202 0.2701
71.0 -0.9057 0.0231 0.2642 -0.8152 0.0335 0.2626 -0.7992 0.0124 0.2857 -0.8016 0.0261 0.2714 -0.8088 0.0423 0.2542 -0.8179 0.0441 0.2514 -0.8513 0.009 0.284 -0.8506 0.0146 0.2783 -0.8511 0.0225 0.2702 -0.8516 0.0304 0.2621 -0.8621 0.0199 0.2718
72.0 -0.9026 0.0253 0.2622 -0.8143 0.0238 0.2725 -0.8005 0.0202 0.2776 -0.8029 0.0339 0.2633 -0.8044 0.0422 0.2547 -0.8091 0.044 0.2523 -0.8499 0.011 0.282 -0.8502 0.0177 0.2752 -0.8508 0.0262 0.2665 -0.8522 0.034 0.2584 -0.8612 0.0229 0.2689
72.0 -0.9026 0.0253 0.2622 -0.8143 0.0238 0.2725 -0.8005 0.0202 0.2776 -0.8029 0.0339 0.2633 -0.8044 0.0422 0.2547 -0.8091 0.044 0.2523 -0.8499 0.011 0.282 -0.8502 0.0177 0.2752 -0.8508 0.0262 0.2665 -0.8522 0.034 0.2584 -0.8612 0.0229 0.2689
72.0 -0.9026 0.0253 0.2622 -0.8143 0.0238 0.2725 -0.8005 0.0202 0.2776 -0.8029 0.0339 0.2633 -0.8044 0.0422 0.2547 -0.8091 0.044 0.2523 -0.8499 0.011 0.282 -0.8502 0.0177 0.2752 -0.8508 0.0262 0.2665 -0.8522 0.034 0.2584 -0.8612 0.0229 0.2689
75.0 -0.8708 0.0247 0.266 -0.8017 0.0267 0.2708 -0.8005 0.0202 0.2776 -0.8008 0.022 0.2758 -0.8019 0.0279 0.2696 -0.8033 0.0363 0.2609 -0.8088 0.0074 0.2898 -0.8095 0.011 0.2861 -0.8106 0.0176 0.2793 -0.8133 0.0276 0.2687 -0.8226 0.0177 0.278
76.0 -0.8646 0.0243 0.267 -0.801 0.0231 0.2745 -0.8013 0.0243 0.2733 -0.8016 0.0261 0.2714 -0.8028 0.0333 0.264 -0.8041 0.0405 0.2565 -0.8043 0.0068 0.2909 -0.8052 0.0116 0.2859 -0.8083 0.0191 0.2779 -0.8117 0.029 0.2674 -0.8188 0.0182 0.2778
77.0 -0.8561 0.0212 0.271 -0.8006 0.0208 0.277 -0.8013 0.0243 0.2733 -0.8018 0.0273 0.2702 -0.8031 0.0351 0.2621 -0.8043 0.0416 0.2553 -0.7998 0.0062 0.292 -0.8015 0.0109 0.287 -0.8039 0.0191 0.2784 -0.8092 0.0294 0.2673 -0.8141 0.0174 0.2791
77.0 -0.8561 0.0212 0.271 -0.8006 0.0208 0.277 -0.8013 0.0243 0.2733 -0.8018 0.0273 0.2702 -0.8031 0.0351 0.2621 -0.8043 0.0416 0.2553 -0.7998 0.0062 0.292 -0.8015 0.0109 0.287 -0.8039 0.0191 0.2784 -0.8092 0.0294 0.2673 -0.8141 0.0174 0.2791
77.0 -0.8561 0.0212 0.271 -0.8006 0.0208 0.277 -0.8013 0.0243 0.2733 -0.8018 0.0273 0.2702 -0.8031 0.0351 0.2621 -0.8043 0.0416 0.2553 -0.7998 0.0062 0.292 -0.8015 0.0109 0.287 -0.8039 0.0191 0.2784 -0.8092 0.0294 0.2673 -0.8141 0.0174 0.2791
77.0 -0.8561 0.0212 0.271 -0.8006 0.0208 0.277 -0.8013 0.0243 0.2733 -0.8018 0.0273 0.2702 -0.8031 0.0351 0.2621 -0.8043 0.0416 0.2553 -0.7998 0.0062 0.292 -0.8015 0.0109 0.287 -0.8039 0.0191 0.2784 -0.8092 0.0294 0.2673 -0.8141 0.0174 0.2791
77.0 -0.8561 0.0212 0.271 -0.8006 0.0208 0.277 -0.8013 0.0243 0.2733 -0.8018 0.0273 0.2702 -0.8031 0.0351 0.2621 -0.8043 0.0416 0.2553 -0.7998 0.0062 0.292 -0.8015 0.0109 0.287 -0.8039 0.0191 0.2784 -0.8092 0.0294 0.2673 -0.8141 0.0174 0.2791
77.0 -0.8561 0.0212 0.271 -0.8006 0.0208 0.277 -0.8013 0.0243 0.2733 -0.8018 0.0273 0.2702 -0.8031 0.0351 0.2621 -0.8043 0.0416 0.2553 -0.7998 0.0062 0.292 -0.8015 0.0109 0.287 -0.8039 0.0191 0.2784 -0.8092 0.0294 0.2673 -0.8141 0.0174 0.2791
77.0 -0.8561 0.0212 0.271 -0.8006 0.0208 0.277 -0.8013 0.0243 0.2733 -0.8018 0.0273 0.2702 -0.8031 0.0351 0.2621 -0.8043 0.0416 0.2553 -0.7998 0.0062 0.292 -0.8015 0.0109 0.287 -0.8039 0.0191 0.2784 -0.8092 0.0294 0.2673 -0.8141 0.0174 0.2791
77.0 -0.8561 0.0212 0.271 -0.8006 0.0208 0.277 -0.8013 0.0243 0.2733 -0.8018 0.0273 0.2702 -0.8031 0.0351 0.2621 -0.8043 0.0416 0.2553 -0.7998 0.0062 0.292 -0.8015 0.0109 0.287 -0.8039 0.0191 0.2784 -0.8092 0.0294 0.2673 -0.8141 0.0174 0.2791
77.0 -0.8561 0.0212 0.271 -0.8006 0.0208 0.277 -0.8013 0.0243 0.2733 -0.8018 0.0273 0.2702 -0.8031 0.0351 0.2621 -0.8043 0.0416 0.2553 -0.7998 0.0062 0.292 -0.8015 0.0109 0.287 -0.8039 0.0191 0.2784 -0.8092 0.0294 0.2673 -0.8141 0.0174 0.2791
77.0 -0.8561 0.0212 0.271 -0.8006 0.0208 0.277 -0.8013 0.0243 0.2733 -0.8018 0.0273 0.2702 -0.8031 0.0351 0.2621 -0.8043 0.0416 0.2553 -0.7998 0.0062 0.292 -0.8015 0.0109 0.287 -0.8039 0.0191 0.2784 -0.8092 0.0294 0.2673 -0.8141 0.0174 0.2791
77.0 -0.8561 0.0212 0.271 -0.8006 0.0208 0.277 -0.8013 0.0243 0.2733 -0.8018 0.0273 0.2702 -0.8031 0.0351 0.2621 -0.8043 0.0416 0.2553 -0.7998 0.0062 0.292 -0.8015 0.0109 0.287 -0.8039 0.0191 0.2784 -0.8092 0.0294 0.2673 -0.8141 0.0174 0.2791
77.0 -0.8561 0.0212 0.271 -0.8006 0.0208 0.277 -0.8013 0.0243 0.2733 -0.8018 0.0273 0.2702 -0.8031 0.0351 0.2621 -0.8043 0.0416 0.2553 -0.7998 0.0062 0.292 -0.8015 0.0109 0.287 -0.8039 0.0191 0.2784 -0.8092 0.0294 0.2673 -0.8141 0.0174 0.2791
77.0 -0.8561 0.0212 0.271 -0.8006 0.0208 0.277 -0.8013 0.0243 0.2733 -0.8018 0.0273 0.2702 -0.8031 0.0351 0.2621 -0.8043 0.0416 0.2553 -0.7998 0.0062 0.292 -0.8015 0.0109 0.287 -0.8039 0.0191 0.2784 -0.8092 0.0294 0.2673 -0.8141 0.0174 0.2791
77.0 -0.8561 0.0212 0.271 -0.8006 0.0208 0.277 -0.8013 0.0243 0.2733 -0.8018 0.0273 0.2702 -0.8031 0.0351 0.2621 -0.8043 0.0416 0.2553 -0.7998 0.0062 0.292 -0.8015 0.0109 0.287 -0.8039 0.0191 0.2784 -0.8092 0.0294 0.2673 -0.8141 0.0174 0.2791
77.0 -0.8561 0.0212 0.271 -0.8006 0.0208 0.277 -0.8013 0.0243 0.2733 -0.8018 0.0273 0.2702 -0.8031 0.0351 0.2621 -0.8043 0.0416 0.2553 -0.7998 0.0062 0.292 -0.8015 0.0109 0.287 -0.8039 0.0191 0.2784 -0.8092 0.0294 0.2673 -0.8141 0.0174 0.2791
77.0 -0.8561 0.0212 0.271 -0.8006 0.0208 0.277 -0.8013 0.0243 0.2733 -0.8018 0.0273 0.2702 -0.8031 0.0351 0.2621 -0.8043 0.0416 0.2553 -0.7998 0.0062 0.292 -0.8015 0.0109 0.287 -0.8039 0.0191 0.2784 -0.8092 0.0294 0.2673 -0.8141 0.0174 0.2791
77.0 -0.8561 0.0212 0.271 -0.8006 0.0208 0.277 -0.8013 0.0243 0.2733 -0.8018 0.0273 0.2702 -0.8031 0.0351 0.2621 -0.8043 0.0416 0.2553 -0.7998 0.0062 0.292 -0.8015 0.0109 0.287 -0.8039 0.0191 0.2784 -0.8092 0.0294 0.2673 -0.8141 0.0174 0.2791
77.0 -0.8561 0.0212 0.271 -0.8006 0.0208 0.277 -0.8013 0.0243 0.2733 -0.8018 0.0273 0.2702 -0.8031 0.0351 0.2621 -0.8043 0.0416 0.2553 -0.7998 0.0062 0.292 -0.8015 0.0109 0.287 -0.8039 0.0191 0.2784 -0.8092 0.0294 0.2673 -0.8141 0.0174 0.2791
77.0 -0.8561 0.0212 0.271 -0.8006 0.0208 0.277 -0.8013 0.0243 0.2733 -0.8018 0.0273 0.2702 -0.8031 0.0351 0.2621 -0.8043 0.0416 0.2553 -0.7998 0.0062 0.292 -0.8015 0.0109 0.287 -0.8039 0.0191 0.2784 -0.8092 0.0294 0.2673 -0.8141 0.0174 0.2791
77.0 -0.8561 0.0212 0.271 -0.8006 0.0208 0.277 -0.8013 0.0243 0.2733 -0.8018 0.0273 0.2702 -0.8031 0.0351 0.2621 -0.8043 0.0416 0.2553 -0.7998 0.0062 0.292 -0.8015 0.0109 0.287 -0.8039 0.0191 0.2784 -0.8092 0.0294 0.2673 -0.8141 0.0174 0.2791
77.0 -0.8561 0.0212 0.271 -0.8006 0.0208 0.277 -0.8013 0.0243 0.2733 -0.8018 0.0273 0.2702 -0.8031 0.0351 0.2621 -0.8043 0.0416 0.2553 -0.7998 0.0062 0.292 -0.8015 0.0109 0.287 -0.8039 0.0191 0.2784 -0.8092 0.0294 0.2673 -0.8141 0.0174 0.2791
77.0 -0.8561 0.0212 0.271 -0.8006 0.0208 0.277 -0.8013 0.0243 0.2733 -0.8018 0.0273 0.2702 -0.8031 0.0351 0.2621 -0.8043 0.0416 0.2553 -0.7998 0.0062 0.292 -0.8015 0.0109 0.287 -0.8039 0.0191 0.2784 -0.8092 0.0294 0.2673 -0.8141 0.0174 0.2791
77.0 -0.8561 0.0212 0.271 -0.8006 0.0208 0.277 -0.8013 0.0243 0.2733 -0.8018 0.0273 0.2702 -0.8031 0.0351 0.2621 -0.8043 0.0416 0.2553 -0.7998 0.0062 0.292 -0.8015 0.0109 0.287 -0.8039 0.0191 0.2784 -0.8092 0.0294 0.2673 -0.8141 0.0174 0.2791
77.0 -0.8561 0.0212 0.271 -0.8006 0.0208 0.277 -0.8013 0.0243 0.2733 -0.8018 0.0273 0.2702 -0.8031 0.0351 0.2621 -0.8043 0.0416 0.2553 -0.7998 0.0062 0.292 -0.8015 0.0109 0.287 -0.8039 0.0191 0.2784 -0.8092 0.0294 0.2673 -0.8141 0.0174 0.2791
77.0 -0.8561 0.0212 0.271 -0.8006 0.0208 0.277 -0.8013 0.0243 0.2733 -0.8018 0.0273 0.2702 -0.8031 0.0351 0.2621 -0.8043 0.0416 0.2553 -0.7998 0.0062 0.292 -0.8015 0.0109 0.287 -0.8039 0.0191 0.2784 -0.8092 0.0294 0.2673 -0.8141 0.0174 0.2791
77.0 -0.8561 0.0212 0.271 -0.8006 0.0208 0.277 -0.8013 0.0243 0.2733 -0.8018 0.0273 0.2702 -0.8031 0.0351 0.2621 -0.8043 0.0416 0.2553 -0.7998 0.0062 0.292 -0.8015 0.0109 0.287 -0.8039 0.0191 0.2784 -0.8092 0.0294 0.2673 -0.8141 0.0174 0.2791
77.0 -0.8561 0.0212 0.271 -0.8006 0.0208 0.277 -0.8013 0.0243 0.2733 -0.8018 0.0273 0.2702 -0.8031 0.0351 0.2621 -0.8043 0.0416 0.2553 -0.7998 0.0062 0.292 -0.8015 0.0109 0.287 -0.8039 0.0191 0.2784 -0.8092 0.0294 0.2673 -0.8141 0.0174 0.2791
77.0 -0.8561 0.0212 0.271 -0.8006 0.0208 0.277 -0.8013 0.0243 0.2733 -0.8018 0.0273 0.2702 -0.8031 0.0351 0.2621 -0.8043 0.0416 0.2553 -0.7998 0.0062 0.292 -0.8015 0.0109 0.287 -0.8039 0.0191 0.2784 -0.8092 0.0294 0.2673 -0.8141 0.0174 0.2791
77.0 -0.8561 0.0212 0.271 -0.8006 0.0208 0.277 -0.8013 0.0243 0.2733 -0.8018 0.0273 0.2702 -0.8031 0.0351 0.2621 -0.8043 0.0416 0.2553 -0.7998 0.0062 0.292 -0.8015 0.0109 0.287 -0.8039 0.0191 0.2784 -0.8092 0.0294 0.2673 -0.8141 0.0174 0.2791
77.0 -0.8561 0.0212 0.271 -0.8006 0.0208 0.277 -0.8013 0.0243 0.2733 -0.8018 0.0273 0.2702 -0.8031 0.0351 0.2621 -0.8043 0.0416 0.2553 -0.7998 0.0062 0.292 -0.8015 0.0109 0.287 -0.8039 0.0191 0.2784 -0.8092 0.0294 0.2673 -0.8141 0.0174 0.2791
77.0 -0.8561 0.0212 0.271 -0.8006 0.0208 0.277 -0.8013 0.0243 0.2733 -0.8018 0.0273 0.2702 -0.8031 0.0351 0.2621 -0.8043 0.0416 0.2553 -0.7998 0.0062 0.292 -0.8015 0.0109 0.287 -0.8039 0.0191 0.2784 -0.8092 0.0294 0.2673 -0.8141 0.0174 0.2791
77.0 -0.8561 0.0212 0.271 -0.8006 0.0208 0.277 -0.8013 0.0243 0.2733 -0.8018 0.0273 0.2702 -0.8031 0.0351 0.2621 -0.8043 0.0416 0.2553 -0.7998 0.0062 0.292 -0.8015 0.0109 0.287 -0.8039 0.0191 0.2784 -0.8092 0.0294 0.2673 -0.8141 0.0174 0.2791
77.0 -0.8561 0.0212 0.271 -0.8006 0.0208 0.277 -0.8013 0.0243 0.2733 -0.8018 0.0273 0.2702 -0.8031 0.0351 0.2621 -0.8043 0.0416 0.2553 -0.7998 0.0062 0.292 -0.8015 0.0109 0.287 -0.8039 0.0191 0.2784 -0.8092 0.0294 0.2673 -0.8141 0.0174 0.2791
77.0 -0.8561 0.0212 0.271 -0.8006 0.0208 0.277 -0.8013 0.0243 0.2733 -0.8018 0.0273 0.2702 -0.8031 0.0351 0.2621 -0.8043 0.0416 0.2553 -0.7998 0.0062 0.292 -0.8015 0.0109 0.287 -0.8039 0.0191 0.2784 -0.8092 0.0294 0.2673 -0.8141 0.0174 0.2791
77.0 -0.8561 0.0212 0.271 -0.8006 0.0208 0.277 -0.8013 0.0243 0.2733 -0.8018 0.0273 0.2702 -0.8031 0.0351 0.2621 -0.8043 0.0416 0.2553 -0.7998 0.0062 0.292 -0.8015 0.0109 0.287 -0.8039 0.0191 0.2784 -0.8092 0.0294 0.2673 -0.8141 0.0174 0.2791
77.0 -0.8561 0.0212 0.271 -0.8006 0.0208 0.277 -0.8013 0.0243 0.2733 -0.8018 0.0273 0.2702 -0.8031 0.0351 0.2621 -0.8043 0.0416 0.2553 -0.7998 0.0062 0.292 -0.8015 0.0109 0.287 -0.8039 0.0191 0.2784 -0.8092 0.0294 0.2673 -0.8141 0.0174 0.2791
77.0 -0.8561 0.0212 0.271 -0.8006 0.0208 0.277 -0.8013 0.0243 0.2733 -0.8018 0.0273 0.2702 -0.8031 0.0351 0.2621 -0.8043 0.0416 0.2553 -0.7998 0.0062 0.292 -0.8015 0.0109 0.287 -0.8039 0.0191 0.2784 -0.8092 0.0294 0.2673 -0.8141 0.0174 0.2791
77.0 -0.8561 0.0212 0.271 -0.8006 0.0208 0.277 -0.8013 0.0243 0.2733 -0.8018 0.0273 0.2702 -0.8031 0.0351 0.2621 -0.8043 0.0416 0.2553 -0.7998 0.0062 0.292 -0.8015 0.0109 0.287 -0.8039 0.0191 0.2784 -0.8092 0.0294 0.2673 -0.8141 0.0174 0.2791
77.0 -0.8561 0.0212 0.271 -0.8006 0.0208 0.277 -0.8013 0.0243 0.2733 -0.8018 0.0273 0.2702 -0.8031 0.0351 0.2621 -0.8043 0.0416 0.2553 -0.7998 0.0062 0.292 -0.8015 0.0109 0.287 -0.8039 0.0191 0.2784 -0.8092 0.0294 0.2673 -0.8141 0.0174 0.2791
77.0 -0.8561 0.0212 0.271 -0.8006 0.0208 0.277 -0.8013 0.0243 0.2733 -0.8018 0.0273 0.2702 -0.8031 0.0351 0.2621 -0.8043 0.0416 0.2553 -0.7998 0.0062 0.292 -0.8015 0.0109 0.287 -0.8039 0.0191 0.2784 -0.8092 0.0294 0.2673 -0.8141 0.0174 0.2791
77.0 -0.8561 0.0212 0.271 -0.8006 0.0208 0.277 -0.8013 0.0243 0.2733 -0.8018 0.0273 0.2702 -0.8031 0.0351 0.2621 -0.8043 0.0416 0.2553 -0.7998 0.0062 0.292 -0.8015 0.0109 0.287 -0.8039 0.0191 0.2784 -0.8092 0.0294 0.2673 -0.8141 0.0174 0.2791
77.0 -0.8561 0.0212 0.271 -0.8006 0.0208 0.277 -0.8013 0.0243 0.2733 -0.8018 0.0273 0.2702 -0.8031 0.0351 0.2621 -0.8043 0.0416 0.2553 -0.7998 0.0062 0.292 -0.8015 0.0109 0.287 -0.8039 0.0191 0.2784 -0.8092 0.0294 0.2673 -0.8141 0.0174 0.2791
77.0 -0.8561 0.0212 0.271 -0.8006 0.0208 0.277 -0.8013 0.0243 0.2733 -0.8018 0.0273 0.2702 -0.8031 0.0351 0.2621 -0.8043 0.0416 0.2553 -0.7998 0.0062 0.292 -0.8015 0.0109 0.287 -0.8039 0.0191 0.2784 -0.8092 0.0294 0.2673 -0.8141 0.0174 0.2791
77.0 -0.8561 0.0212 0.271 -0.8006 0.0208 0.277 -0.8013 0.0243 0.2733 -0.8018 0.0273 0.2702 -0.8031 0.0351 0.2621 -0.8043 0.0416 0.2553 -0.7998 0.0062 0.292 -0.8015 0.0109 0.287 -0.8039 0.0191 0.2784 -0.8092 0.0294 0.2673 -0.8141 0.0174 0.2791
77.0 -0.8561 0.0212 0.271 -0.8006 0.0208 0.277 -0.8013 0.0243 0.2733 -0.8018 0.0273 0.2702 -0.8031 0.0351 0.2621 -0.8043 0.0416 0.2553 -0.7998 0.0062 0.292 -0.8015 0.0109 0.287 -0.8039 0.0191 0.2784 -0.8092 0.0294 0.2673 -0.8141 0.0174 0.2791
77.0 -0.8561 0.0212 0.271 -0.8006 0.0208 0.277 -0.8013 0.0243 0.2733 -0.8018 0.0273 0.2702 -0.8031 0.0351 0.2621 -0.8043 0.0416 0.2553 -0.7998 0.0062 0.292 -0.8015 0.0109 0.287 -0.8039 0.0191 0.2784 -0.8092 0.0294 0.2673 -0.8141 0.0174 0.2791
77.0 -0.8561 0.0212 0.271 -0.8006 0.0208 0.277 -0.8013 0.0243 0.2733 -0.8018 0.0273 0.2702 -0.8031 0.0351 0.2621 -0.8043 0.0416 0.2553 -0.7998 0.0062 0.292 -0.8015 0.0109 0.287 -0.8039 0.0191 0.2784 -0.8092 0.0294 0.2673 -0.8141 0.0174 0.2791
77.0 -0.8561 0.0212 0.271 -0.8006 0.0208 0.277 -0.8013 0.0243 0.2733 -0.8018 0.0273 0.2702 -0.8031 0.0351 0.2621 -0.8043 0.0416 0.2553 -0.7998 0.0062 0.292 -0.8015 0.0109 0.287 -0.8039 0.0191 0.2784 -0.8092 0.0294 0.2673 -0.8141 0.0174 0.2791
77.0 -0.8561 0.0212 0.271 -0.8006 0.0208 0.277 -0.8013 0.0243 0.2733 -0.8018 0.0273 0.2702 -0.8031 0.0351 0.2621 -0.8043 0.0416 0.2553 -0.7998 0.0062 0.292 -0.8015 0.0109 0.287 -0.8039 0.0191 0.2784 -0.8092 0.0294 0.2673 -0.8141 0.0174 0.2791
77.0 -0.8561 0.0212 0.271 -0.8006 0.0208 0.277 -0.8013 0.0243 0.2733 -0.8018 0.0273 0.2702 -0.8031 0.0351 0.2621 -0.8043 0.0416 0.2553 -0.7998 0.0062 0.292 -0.8015 0.0109 0.287 -0.8039 0.0191 0.2784 -0.8092 0.0294 0.2673 -0.8141 0.0174 0.2791
77.0 -0.8561 0.0212 0.271 -0.8006 0.0208 0.277 -0.8013 0.0243 0.2733 -0.8018 0.0273 0.2702 -0.8031 0.0351 0.2621 -0.8043 0.0416 0.2553 -0.7998 0.0062 0.292 -0.8015 0.0109 0.287 -0.8039 0.0191 0.2784 -0.8092 0.0294 0.2673 -0.8141 0.0174 0.2791
77.0 -0.8561 0.0212 0.271 -0.8006 0.0208 0.277 -0.8013 0.0243 0.2733 -0.8018 0.0273 0.2702 -0.8031 0.0351 0.2621 -0.8043 0.0416 0.2553 -0.7998 0.0062 0.292 -0.8015 0.0109 0.287 -0.8039 0.0191 0.2784 -0.8092 0.0294 0.2673 -0.8141 0.0174 0.2791
77.0 -0.8561 0.0212 0.271 -0.8006 0.0208 0.277 -0.8013 0.0243 0.2733 -0.8018 0.0273 0.2702 -0.8031 0.0351 0.2621 -0.8043 0.0416 0.2553 -0.7998 0.0062 0.292 -0.8015 0.0109 0.287 -0.8039 0.0191 0.2784 -0.8092 0.0294 0.2673 -0.8141 0.0174 0.2791
77.0 -0.8561 0.0212 0.271 -0.8006 0.0208 0.277 -0.8013 0.0243 0.2733 -0.8018 0.0273 0.2702 -0.8031 0.0351 0.2621 -0.8043 0.0416 0.2553 -0.7998 0.0062 0.292 -0.8015 0.0109 0.287 -0.8039 0.0191 0.2784 -0.8092 0.0294 0.2673 -0.8141 0.0174 0.2791
131.0 -0.8664 0.0143 0.277 -0.8068 0.056 0.2404 -0.8025 0.0315 0.2658 -0.8008 0.022 0.2758 -0.7998 0.016 0.282 -0.7986 0.0094 0.2888 -0.8145 0.0244 0.2719 -0.8127 0.0142 0.2825 -0.8115 0.0077 0.2893 -0.8117 0.0034 0.2937 -0.8233 0.0128 0.2829
132.0 -0.8771 0.0153 0.275 -0.8069 0.0566 0.2398 -0.8024 0.0309 0.2665 -0.8008 0.022 0.2758 -0.7999 0.0166 0.2813 -0.7991 0.0118 0.2863 -0.8253 0.0211 0.2742 -0.8235 0.0109 0.2848 -0.8216 0.0051 0.2909 -0.8212 0.0027 0.2934 -0.8338 0.011 0.2837
133.0 -0.8823 0.0152 0.2745 -0.8084 0.0551 0.2411 -0.8013 0.0243 0.2733 -0.8 0.0172 0.2807 -0.7992 0.0124 0.2857 -0.7986 0.0094 0.2888 -0.8309 0.0228 0.2719 -0.83 0.0125 0.2825 -0.8297 0.0058 0.2894 -0.8299 0.0021 0.2931 -0.8406 0.0117 0.2823
133.0 -0.8823 0.0152 0.2745 -0.8084 0.0551 0.2411 -0.8013 0.0243 0.2733 -0.8 0.0172 0.2807 -0.7992 0.0124 0.2857 -0.7986 0.0094 0.2888 -0.8309 0.0228 0.2719 -0.83 0.0125 0.2825 -0.8297 0.0058 0.2894 -0.8299 0.0021 0.2931 -0.8406 0.0117 0.2823
135.0 -0.8919 0.0145 0.2743 -0.8149 0.0469 0.2488 -0.8008 0.022 0.2758 -0.8002 0.0184 0.2795 -0.7997 0.0154 0.2826 -0.7995 0.0142 0.2838 -0.8404 0.0166 0.2773 -0.8392 0.0101 0.2841 -0.8377 0.0066 0.2878 -0.8376 0.006 0.2884 -0.8494 0.0108 0.2824
136.0 -0.8992 0.016 0.2721 -0.8062 0.0127 0.2847 -0.7998 0.016 0.282 -0.8015 0.0255 0.272 -0.8037 0.0381 0.259 -0.8144 0.0543 0.2413 -0.845 0.008 0.2856 -0.8473 0.0163 0.2769 -0.8525 0.0254 0.2671 -0.8594 0.0348 0.2568 -0.8607 0.0201 0.2717
137.0 -0.8993 0.0166 0.2715 -0.8122 0.0216 0.2749 -0.7993 0.013 0.2851 -0.8005 0.0202 0.2776 -0.8033 0.0363 0.2609 -0.8151 0.053 0.2426 -0.8463 0.0054 0.2881 -0.8483 0.0119 0.2813 -0.8526 0.0211 0.2715 -0.8596 0.0311 0.2605 -0.8612 0.0172 0.2746
138.0 -0.9023 0.0138 0.2741 -0.8267 0.0539 0.2405 -0.8005 0.0202 0.2776 -0.7993 0.013 0.2851 -0.7989 0.0112 0.2869 -0.7991 0.0118 0.2863 -0.8547 0.0183 0.2741 -0.852 0.0077 0.2852 -0.8511 0.0023 0.2908 -0.8496 -0.0011 0.2945 -0.8619 0.0082 0.2837
139.0 -0.9068 0.0144 0.273 -0.8278 0.0556 0.2387 -0.8006 0.0208 0.277 -0.7989 0.0112 0.2869 -0.7984 0.0082 0.29 -0.7985 0.0088 0.2894 -0.858 0.0167 0.2755 -0.8554 0.0073 0.2854 -0.8545 0.0019 0.291 -0.8541 -0.0005 0.2934 -0.8658 0.0079 0.2836
140.0 -0.9142 0.0115 0.2752 -0.8347 0.0546 0.239 -0.8008 0.022 0.2758 -0.7996 0.0148 0.2832 -0.7993 0.013 0.2851 -0.8045 0.0129 0.2846 -0.8651 0.017 0.2745 -0.8616 0.007 0.285 -0.8597 0.0012 0.2912 -0.8591 -0.0018 0.2943 -0.8719 0.007 0.284
141.0 -0.9281 0.0152 0.2701 -0.8337 0.0438 0.2502 -0.8 0.0172 0.2807 -0.801 0.0231 0.2745 -0.8043 0.0368 0.2603 -0.8277 0.0495 0.2449 -0.8667 0.0063 0.2852 -0.8677 0.0068 0.2846 -0.8712 0.0118 0.2791 -0.8769 0.019 0.2712 -0.8821 0.0118 0.278
142.0 -0.9332 0.0145 0.2703 -0.8418 0.0549 0.238 -0.8003 0.019 0.2789 -0.8001 0.0178 0.2801 -0.8053 0.0226 0.2747 -0.8244 0.031 0.2642 -0.8743 0.0096 0.2811 -0.875 0.0034 0.2874 -0.8766 0.0026 0.2881 -0.8798 0.0058 0.2844 -0.8878 0.0072 0.2823
143.0 -0.9452 0.0177 0.2657 -0.8248 0.0181 0.2773 -0.8049 0.0202 0.2772 -0.8026 0.0321 0.2652 -0.8154 0.045 0.2507 -0.8447 0.0563 0.2362 -0.8766 0.0026 0.2881 -0.8806 0.0106 0.2795 -0.8862 0.022 0.2672 -0.8946 0.035 0.2532 -0.8967 0.0176 0.2707
144.0 -0.9635 0.0214 0.2602 -0.8514 0.0145 0.2783 -0.8201 0.0212 0.2746 -0.819 0.0305 0.2652 -0.8336 0.0481 0.2458 -0.8609 0.0584 0.2325 -0.898 0.004 0.2845 -0.9013 0.0127 0.2753 -0.9068 0.0241 0.263 -0.916 0.0363 0.2496 -0.9171 0.0197 0.2665
145.0 -0.9719 0.019 0.2618 -0.853 0.0186 0.274 -0.8176 0.027 0.2689 -0.8184 0.0367 0.259 -0.8365 0.0495 0.244 -0.8681 0.0593 0.2309 -0.9015 0.0041 0.284 -0.9064 0.012 0.2755 -0.9137 0.0232 0.2633 -0.9248 0.0364 0.2487 -0.9236 0.0189 0.2667
146.0 -0.98 0.0204 0.2596 -0.8563 0.0169 0.2754 -0.8257 0.0284 0.2667 -0.8269 0.0404 0.2543 -0.8444 0.0497 0.2431 -0.8743 0.0597 0.2299 -0.907 0.0052 0.2824 -0.9119 0.0131 0.2738 -0.9191 0.0243 0.2616 -0.93 0.0363 0.2483 -0.9296 0.0198 0.2651
147.0 -0.9844 0.0204 0.2591 -0.8671 0.0185 0.2727 -0.8328 0.0286 0.2658 -0.8339 0.0401 0.2539 -0.8525 0.051 0.2409 -0.8831 0.0597 0.229 -0.9159 0.0058 0.2808 -0.9209 0.0143 0.2717 -0.928 0.0249 0.2601 -0.9381 0.037 0.2467 -0.9375 0.0205 0.2637
148.0 -0.9914 0.0201 0.2588 -0.869 0.0195 0.2715 -0.8418 0.0299 0.2636 -0.8437 0.0406 0.2524 -0.8603 0.05 0.2412 -0.8899 0.0582 0.2299 -0.9237 0.0054 0.2805 -0.9297 0.0143 0.2708 -0.9378 0.0255 0.2586 -0.9479 0.0381 0.2446 -0.9461 0.0207 0.2627
149.0 -1.0006 0.0225 0.2554 -0.8763 0.016 0.2743 -0.8496 0.0294 0.2633 -0.8509 0.0415 0.2508 -0.8676 0.0514 0.239 -0.8952 0.0587 0.2288 -0.926 0.0081 0.2775 -0.9311 0.0172 0.2677 -0.9382 0.0278 0.2561 -0.9489 0.0386 0.244 -0.949 0.0228 0.2601
150.0 -1.0024 0.0228 0.2548 -0.8858 0.0197 0.2697 -0.8576 0.0296 0.2623 -0.8598 0.0421 0.2493 -0.8781 0.0512 0.2382 -0.9033 0.0594 0.2273 -0.9357 0.0086 0.276 -0.9401 0.0184 0.2655 -0.9465 0.0298 0.2533 -0.9563 0.0407 0.2412 -0.9562 0.0241 0.2582
151.0 -1.011 0.0217 0.2552 -0.8995 0.0178 0.2702 -0.8662 0.0284 0.2627 -0.8684 0.0409 0.2496 -0.885 0.0503 0.2384 -0.9105 0.0603 0.2257 -0.9458 0.006 0.2776 -0.9501 0.0152 0.2678 -0.9556 0.0267 0.2555 -0.9648 0.0389 0.2421 -0.9655 0.0217 0.2597
152.0 -1.0181 0.0219 0.2542 -0.906 0.02 0.2673 -0.8768 0.0288 0.2612 -0.88 0.0418 0.2476 -0.8968 0.0524 0.2351 -0.9227 0.0599 0.2249 -0.9548 0.0073 0.2755 -0.9601 0.017 0.2651 -0.9666 0.0289 0.2522 -0.9756 0.0405 0.2394 -0.975 0.0231 0.2573
153.0 -1.0254 0.0234 0.252 -0.9165 0.0192 0.2671 -0.8839 0.0291 0.2602 -0.8854 0.0429 0.2459 -0.9041 0.0538 0.2329 -0.9325 0.0604 0.2234 -0.963 0.0086 0.2733 -0.9675 0.019 0.2622 -0.9747 0.0302 0.25 -0.9845 0.0411 0.2379 -0.983 0.0245 0.2551
154.0 -1.0324 0.0231 0.2516 -0.9187 0.0219 0.2641 -0.8914 0.0317 0.2568 -0.8935 0.0437 0.2444 -0.911 0.0535 0.2326 -0.9386 0.0602 0.223 -0.9682 0.0079 0.2735 -0.9752 0.018 0.2625 -0.9834 0.0297 0.2497 -0.9926 0.0419 0.2363 -0.9903 0.0241 0.2547
155.0 -1.0368 0.0231 0.2512 -0.9284 0.0218 0.2632 -0.9025 0.0296 0.2578 -0.9035 0.0405 0.2466 -0.9197 0.0529 0.2323 -0.9475 0.0608 0.2215 -0.9778 0.0078 0.2726 -0.9824 0.0188 0.2609 -0.9898 0.0313 0.2475 -0.9988 0.0423 0.2353 -0.9971 0.0247 0.2535
156.0 -1.0448 0.0238 0.2496 -0.9347 0.0228 0.2616 -0.9137 0.0287 0.2577 -0.9152 0.0419 0.244 -0.9318 0.0513 0.2327 -0.9572 0.0607 0.2206 -0.9834 0.0095 0.2703 -0.9868 0.0188 0.2605 -0.9939 0.0295 0.2489 -1.0036 0.0398 0.2374 -1.0025 0.0243 0.2533
157.0 -1.0512 0.0248 0.248 -0.947 0.023 0.2602 -0.9204 0.0315 0.2542 -0.9215 0.0429 0.2423 -0.9382 0.0529 0.2305 -0.9643 0.061 0.2196 -0.9864 0.0116 0.268 -0.9907 0.0214 0.2575 -0.9979 0.032 0.2459 -1.0076 0.0423 0.2344 -1.0068 0.0264 0.2508
158.0 -1.0608 0.0247 0.2471 -0.9536 0.0252 0.2573 -0.9299 0.0308 0.2539 -0.933 0.0432 0.2409 -0.9499 0.0544 0.2278 -0.9749 0.0614 0.2182 -1.003 0.0112 0.2667 -1.0074 0.0209 0.2563 -1.0146 0.0322 0.2441 -1.0235 0.0426 0.2326 -1.0219 0.0263 0.2494
159.0 -1.1243 0.0253 0.2402 -1.0166 0.0234 0.2529 -0.9981 0.0332 0.2447 -0.9956 0.0439 0.234 -1.0129 0.0575 0.2184 -1.0376 0.0627 0.2106 -1.0616 0.0142 0.2578 -1.0649 0.023 0.2485 -1.0719 0.0324 0.2382 -1.0815 0.0421 0.2273 -1.0808 0.0274 0.2424
160.0 -1.128 0.0267 0.2385 -1.0236 0.0279 0.2475 -1.0057 0.0316 0.2456 -1.0035 0.0441 0.233 -1.0199 0.0571 0.218 -1.0455 0.0628 0.2097 -1.0711 0.013 0.2581 -1.0736 0.0224 0.2482 -1.0799 0.0331 0.2366 -1.0896 0.0434 0.2251 -1.0885 0.0277 0.2413
161.0 -1.1358 0.0256 0.2388 -1.0359 0.0232 0.2511 -1.0109 0.0357 0.2408 -1.0103 0.0474 0.2289 -1.0253 0.0576 0.217 -1.0531 0.0612 0.2106 -1.0731 0.0145 0.2563 -1.0765 0.0238 0.2465 -1.0843 0.0332 0.2362 -1.0939 0.0429 0.2253 -1.0927 0.028 0.2406
162.0 -1.1419 0.0254 0.2384 -1.0374 0.0267 0.2475 -1.0128 0.0367 0.2396 -1.0127 0.0465 0.2296 -1.0286 0.0566 0.2178 -1.056 0.0626 0.2088 -1.0787 0.0113 0.259 -1.0821 0.0206 0.2492 -1.0893 0.0313 0.2376 -1.0982 0.0423 0.2255 -1.098 0.0262 0.2419
163.0 -1.1465 0.0266 0.2367 -1.0454 0.0219 0.2515 -1.018 0.0366 0.2392 -1.0192 0.0481 0.2274 -1.033 0.0566 0.2173 -1.0601 0.0609 0.2102 -1.0806 0.0123 0.2579 -1.084 0.0216 0.248 -1.0911 0.0316 0.237 -1.1008 0.0419 0.2256 -1.1006 0.0268 0.241
164.0 -1.1479 0.0246 0.2386 -1.0483 0.0234 0.2497 -1.0241 0.0358 0.2394 -1.0243 0.0474 0.2276 -1.0382 0.0565 0.2169 -1.0646 0.0615 0.2092 -1.0886 0.0124 0.2569 -1.0921 0.0223 0.2465 -1.0974 0.0326 0.2354 -1.1062 0.0424 0.2245 -1.1064 0.0269 0.2404
165.0 -1.1531 0.0239 0.2388 -1.051 0.0236 0.2492 -1.0286 0.0364 0.2384 -1.0293 0.0455 0.229 -1.0434 0.0558 0.2171 -1.0681 0.061 0.2093 -1.0904 0.0128 0.2564 -1.0939 0.0227 0.2459 -1.1008 0.0322 0.2355 -1.1105 0.0419 0.2247 -1.1097 0.0267 0.2403
166.0 -1.1611 0.0246 0.2373 -1.0592 0.0207 0.2514 -1.0336 0.0351 0.2392 -1.0329 0.0462 0.2279 -1.0468 0.0553 0.2172 -1.0725 0.061 0.2088 -1.093 0.0124 0.2565 -1.0964 0.0218 0.2466 -1.1025 0.0313 0.2362 -1.1121 0.041 0.2254 -1.113 0.0262 0.2404
167.0 -1.1628 0.0244 0.2373 -1.0628 0.0208 0.2509 -1.0388 0.0344 0.2394 -1.039 0.046 0.2275 -1.0533 0.0569 0.215 -1.0785 0.0602 0.2091 -1.0984 0.0129 0.2554 -1.1009 0.0224 0.2455 -1.107 0.0319 0.2352 -1.1156 0.0412 0.2249 -1.1169 0.0266 0.2397
168.0 -1.1646 0.0248 0.2368 -1.0639 0.0219 0.2497 -1.0424 0.0352 0.2383 -1.0416 0.0456 0.2276 -1.0561 0.0577 0.2138 -1.0828 0.0596 0.2092 -1.1004 0.0145 0.2536 -1.1037 0.0232 0.2444 -1.1106 0.0327 0.2341 -1.1201 0.0418 0.2238 -1.1199 0.0274 0.2385
169.0 -1.177 0.0249 0.2354 -1.0742 0.0205 0.2501 -1.0491 0.033 0.2398 -1.0482 0.0429 0.2298 -1.0654 0.0559 0.2148 -1.089 0.06 0.2082 -1.1084 0.0152 0.2521 -1.1109 0.0241 0.2428 -1.1168 0.033 0.233 -1.1271 0.0414 0.2235 -1.128 0.0277 0.2374
170.0 -1.1796 0.0246 0.2355 -1.0786 0.0205 0.2497 -1.0548 0.0353 0.2369 -1.054 0.0458 0.2262 -1.0698 0.0559 0.2144 -1.0944 0.0605 0.2072 -1.1144 0.0144 0.2523 -1.1177 0.0232 0.2431 -1.1237 0.0321 0.2333 -1.1331 0.0406 0.2237 -1.1337 0.027 0.2376
171.0 -1.1824 0.0254 0.2343 -1.0821 0.0206 0.2492 -1.056 0.0376 0.2344 -1.0573 0.0496 0.222 -1.0735 0.0566 0.2133 -1.0971 0.0608 0.2067 -1.1123 0.0172 0.2497 -1.1156 0.0259 0.2405 -1.1224 0.0347 0.2308 -1.1325 0.0419 0.2224 -1.133 0.029 0.2355
172.0 -1.1876 0.0253 0.2339 -1.0866 0.0212 0.2481 -1.0637 0.0359 0.2354 -1.0639 0.0475 0.2235 -1.0796 0.0564 0.2129 -1.103 0.0594 0.2075 -1.1217 0.0159 0.2501 -1.1249 0.024 0.2415 -1.1309 0.033 0.2317 -1.1411 0.0408 0.2227 -1.1412 0.0278 0.236
173.0 -1.1903 0.0256 0.2334 -1.0911 0.0219 0.247 -1.0675 0.0379 0.233 -1.0694 0.0486 0.2218 -1.0849 0.0569 0.2118 -1.1049 0.0603 0.2064 -1.1235 0.0157 0.2502 -1.1266 0.0238 0.2415 -1.1326 0.0328 0.2318 -1.142 0.0413 0.2222 -1.143 0.0278 0.2358
174.0 -1.1936 0.0245 0.2341 -1.0938 0.0221 0.2465 -1.0719 0.0379 0.2326 -1.0731 0.0493 0.2207 -1.0885 0.057 0.2113 -1.1092 0.0597 0.2065 -1.1237 0.0169 0.2489 -1.1278 0.0255 0.2397 -1.1346 0.0343 0.23 -1.1448 0.0421 0.221 -1.1449 0.0286 0.2348
175.0 -1.1982 0.0257 0.2325 -1.0991 0.022 0.2461 -1.0752 0.0362 0.2339 -1.0755 0.0484 0.2215 -1.0911 0.0567 0.2114 -1.1127 0.0599 0.206 -1.1272 0.017 0.2484 -1.1305 0.0257 0.2392 -1.1373 0.0346 0.2295 -1.1476 0.0429 0.2199 -1.1482 0.0292 0.2339
176.0 -1.1998 0.0243 0.2338 -1.0996 0.025 0.243 -1.079 0.0382 0.2316 -1.0811 0.0501 0.2192 -1.0964 0.0572 0.2104 -1.1153 0.0595 0.2061 -1.1279 0.0157 0.2497 -1.133 0.0248 0.2399 -1.1398 0.0336 0.2302 -1.15 0.0414 0.2212 -1.1501 0.028 0.235
177.0 -1.2016 0.0247 0.2332 -1.1038 0.0238 0.2438 -1.0843 0.0381 0.2312 -1.0863 0.0494 0.2194 -1.1008 0.0572 0.2099 -1.119 0.0602 0.205 -1.1306 0.0165 0.2486 -1.1349 0.0257 0.2387 -1.1426 0.0345 0.229 -1.1528 0.0422 0.2201 -1.1525 0.0287 0.2339
178.0 -1.2002 0.0267 0.2313 -1.1065 0.0241 0.2433 -1.0887 0.0381 0.2307 -1.0907 0.0494 0.2189 -1.1044 0.0573 0.2095 -1.1216 0.0605 0.2045 -1.1325 0.0169 0.248 -1.1358 0.0256 0.2388 -1.1434 0.0343 0.2291 -1.1528 0.0422 0.2201 -1.1529 0.0292 0.2334
179.0 -1.2064 0.0271 0.2303 -1.1101 0.0248 0.2422 -1.0922 0.0382 0.2302 -1.0953 0.0506 0.2172 -1.1079 0.0575 0.209 -1.1243 0.0607 0.204 -1.1369 0.0169 0.2476 -1.1403 0.0262 0.2377 -1.1471 0.0351 0.228 -1.1564 0.043 0.219 -1.1574 0.0296 0.2325
180.0 -1.2115 0.0264 0.2305 -1.1147 0.026 0.2405 -1.0949 0.0385 0.2297 -1.0978 0.0497 0.2179 -1.1107 0.0583 0.2078 -1.1271 0.0616 0.2028 -1.1403 0.0164 0.2477 -1.1437 0.0258 0.2378 -1.1506 0.0352 0.2275 -1.16 0.0437 0.2179 -1.1613 0.0295 0.2323
181.0 -1.21 0.0278 0.2292 -1.1166 0.027 0.2393 -1.0984 0.0386 0.2292 -1.0994 0.0488 0.2186 -1.1135 0.0592 0.2067 -1.1314 0.061 0.203 -1.1423 0.018 0.2459 -1.1457 0.0273 0.236 -1.1526 0.0362 0.2263 -1.162 0.0447 0.2167 -1.1625 0.0308 0.2308
182.0 -1.21 0.0278 0.2292 -1.1187 0.0285 0.2375 -1.1012 0.0394 0.2281 -1.1041 0.0507 0.2163 -1.1171 0.0599 0.2056 -1.1333 0.062 0.2018 -1.1442 0.0184 0.2453 -1.1475 0.0271 0.2361 -1.1544 0.0365 0.2258 -1.1638 0.045 0.2161 -1.164 0.031 0.2305
183.0 -1.2154 0.0283 0.2281 -1.126 0.03 0.2353 -1.1055 0.0389 0.2282 -1.11 0.0492 0.2172 -1.1241 0.0596 0.2052 -1.1412 0.0615 0.2015 -1.1492 0.0171 0.2462 -1.1527 0.027 0.2357 -1.1587 0.036 0.2259 -1.1681 0.0445 0.2163 -1.1688 0.0306 0.2304
184.0 -1.2144 0.0278 0.2287 -1.1268 0.0299 0.2353 -1.1083 0.0397 0.2271 -1.1129 0.0507 0.2154 -1.1286 0.0602 0.2042 -1.1438 0.0612 0.2016 -1.1484 0.0172 0.2461 -1.1519 0.0271 0.2357 -1.1588 0.0365 0.2253 -1.1682 0.0451 0.2157 -1.1683 0.0307 0.2303
185.0 -1.218 0.0279 0.2282 -1.1296 0.0307 0.2342 -1.1111 0.0405 0.226 -1.1157 0.0515 0.2143 -1.1329 0.0596 0.2043 -1.1473 0.0613 0.2011 -1.1509 0.0168 0.2462 -1.1544 0.0268 0.2358 -1.1622 0.0361 0.2254 -1.1716 0.0446 0.2158 -1.1714 0.0304 0.2303
