













































47.0 -1.1982 0.0758 0.1812 -1.1455 0.0811 0.1811 -1.1461 0.0847 0.1773 -1.1563 0.0876 0.1734 -1.1697 0.0888 0.1708 -1.1756 0.0923 0.1666 -1.1438 0.0813 0.181 -1.1486 0.0886 0.1731 -1.1556 0.0938 0.1671 -1.1643 0.0981 0.1618 -1.1621 0.0875 0.1728
47.0 -1.1982 0.0758 0.1812 -1.1455 0.0811 0.1811 -1.1461 0.0847 0.1773 -1.1563 0.0876 0.1734 -1.1697 0.0888 0.1708 -1.1756 0.0923 0.1666 -1.1438 0.0813 0.181 -1.1486 0.0886 0.1731 -1.1556 0.0938 0.1671 -1.1643 0.0981 0.1618 -1.1621 0.0875 0.1728
49.0 -1.2013 0.0681 0.1889 -1.1103 0.0761 0.1897 -1.1048 0.075 0.1914 -1.1144 0.0847 0.1805 -1.1239 0.0883 0.1759 -1.1376 0.0913 0.1714 -1.1441 0.063 0.1998 -1.1498 0.0707 0.1912 -1.1563 0.0778 0.1834 -1.1643 0.0828 0.1774 -1.1632 0.0725 0.1881
50.0 -1.1867 0.07 0.1883 -1.0968 0.0693 0.1979 -1.0985 0.074 0.193 -1.1048 0.0799 0.1864 -1.1133 0.083 0.1823 -1.1235 0.0859 0.1783 -1.1241 0.0644 0.2002 -1.1274 0.0732 0.191 -1.133 0.0803 0.1831 -1.1383 0.0851 0.1777 -1.1419 0.0746 0.1881
51.0 -1.1474 0.0619 0.2005 -1.0388 0.0595 0.2138 -1.0529 0.0649 0.2068 -1.0644 0.0701 0.2004 -1.0719 0.0727 0.197 -1.0855 0.0751 0.1931 -1.0809 0.0587 0.2104 -1.0906 0.0641 0.2039 -1.1003 0.0695 0.1974 -1.1087 0.072 0.194 -1.1056 0.0652 0.2013
52.0 -1.1321 0.0597 0.2043 -1.0603 0.0767 0.194 -1.0327 0.0749 0.1986 -1.0276 0.0708 0.2034 -1.0253 0.068 0.2064 -1.0302 0.0606 0.2135 -1.0717 0.0617 0.2082 -1.0695 0.059 0.2112 -1.0688 0.0554 0.2149 -1.0708 0.0515 0.2188 -1.0826 0.0575 0.2115
53.0 -1.0508 0.053 0.2192 -0.9698 0.0523 0.228 -0.9456 0.0549 0.2277 -0.9437 0.0644 0.2182 -0.9526 0.0699 0.2117 -0.9785 0.0768 0.2021 -0.996 0.0463 0.2315 -0.9967 0.0554 0.2221 -1.0017 0.0639 0.213 -1.0091 0.0708 0.2051 -1.0109 0.0579 0.2182
54.0 -1.034 0.0522 0.2217 -0.9554 0.0555 0.2262 -0.9332 0.0597 0.2241 -0.9312 0.0679 0.2159 -0.9388 0.0711 0.2118 -0.9544 0.0751 0.2061 -0.9814 0.0483 0.2309 -0.9819 0.0562 0.2228 -0.9857 0.063 0.2155 -0.9911 0.0684 0.2094 -0.9948 0.0576 0.2201
55.0 -1.0158 0.054 0.2216 -0.9255 0.0558 0.2288 -0.917 0.0625 0.2228 -0.9186 0.0714 0.2135 -0.9255 0.076 0.2081 -0.9481 0.079 0.2028 -0.9652 0.0511 0.2297 -0.9691 0.0585 0.2217 -0.9748 0.0657 0.2138 -0.9818 0.0708 0.2078 -0.9813 0.06 0.2189
56.0 -1.0051 0.053 0.2237 -0.9092 0.058 0.2281 -0.9035 0.0655 0.221 -0.9058 0.0738 0.2124 -0.9161 0.0772 0.2078 -0.9409 0.0831 0.1994 -0.9497 0.0532 0.2291 -0.9554 0.0603 0.2212 -0.9626 0.0667 0.214 -0.9724 0.0721 0.2075 -0.969 0.0611 0.2191
57.0 -0.9892 0.0527 0.2256 -0.8987 0.0631 0.224 -0.8914 0.072 0.2156 -0.8904 0.0764 0.2112 -0.8999 0.0752 0.2115 -0.9134 0.0721 0.2133 -0.9368 0.0598 0.2236 -0.9398 0.0618 0.2212 -0.9444 0.063 0.2195 -0.9505 0.0628 0.2191 -0.9521 0.06 0.2218
58.0 -0.9734 0.0579 0.2219 -0.8965 0.0658 0.2214 -0.8801 0.0675 0.2214 -0.8767 0.0783 0.2106 -0.8835 0.0823 0.2059 -0.8992 0.0862 0.2003 -0.9259 0.0582 0.2263 -0.9272 0.0654 0.2188 -0.93 0.0711 0.2127 -0.9351 0.0753 0.2079 -0.9383 0.0656 0.2175
59.0 -0.9603 0.0585 0.2226 -0.8691 0.0653 0.2247 -0.861 0.0743 0.2163 -0.8669 0.0876 0.2021 -0.8842 0.0913 0.1966 -0.911 0.0932 0.192 -0.9078 0.06 0.2262 -0.9153 0.0676 0.2177 -0.9252 0.0742 0.21 -0.9385 0.0797 0.203 -0.9294 0.068 0.2159
60.0 -0.9468 0.0615 0.2208 -0.8591 0.0684 0.2224 -0.8493 0.0777 0.2139 -0.8558 0.0897 0.2011 -0.8663 0.0944 0.1952 -0.8815 0.096 0.1921 -0.8925 0.0633 0.2244 -0.8989 0.0698 0.2171 -0.9061 0.0755 0.2105 -0.9149 0.0805 0.2046 -0.9118 0.0701 0.2155
61.0 -0.9325 0.0653 0.2184 -0.8477 0.0737 0.2182 -0.8404 0.082 0.2105 -0.8482 0.0962 0.1952 -0.8671 0.0991 0.1903 -0.8914 0.102 0.185 -0.8802 0.0681 0.2208 -0.8876 0.0756 0.2123 -0.8985 0.0821 0.2046 -0.9107 0.0865 0.1988 -0.9019 0.0755 0.211
62.0 -0.9223 0.0673 0.2174 -0.835 0.0766 0.2165 -0.8339 0.0853 0.2077 -0.8445 0.1004 0.1913 -0.8575 0.1041 0.1861 -0.8813 0.1045 0.1833 -0.8696 0.0731 0.2166 -0.8785 0.0787 0.2101 -0.8899 0.0832 0.2043 -0.9027 0.0864 0.1998 -0.8926 0.0777 0.2096
63.0 -0.9027 0.076 0.2104 -0.8795 0.1097 0.1783 -0.8494 0.1082 0.1827 -0.8334 0.1073 0.1852 -0.8223 0.0991 0.1948 -0.8228 0.0819 0.2123 -0.8778 0.0946 0.1938 -0.868 0.0892 0.2003 -0.8614 0.0816 0.2088 -0.8561 0.0713 0.2198 -0.8732 0.0825 0.2066
64.0 -0.8984 0.0766 0.2102 -0.825 0.0895 0.2043 -0.813 0.0912 0.2038 -0.8166 0.1072 0.1871 -0.8326 0.1129 0.1796 -0.8557 0.1141 0.1761 -0.8486 0.0784 0.2133 -0.8558 0.0848 0.2061 -0.8656 0.0902 0.1996 -0.8761 0.0949 0.1937 -0.8689 0.085 0.2046
64.0 -0.8984 0.0766 0.2102 -0.825 0.0895 0.2043 -0.813 0.0912 0.2038 -0.8166 0.1072 0.1871 -0.8326 0.1129 0.1796 -0.8557 0.1141 0.1761 -0.8486 0.0784 0.2133 -0.8558 0.0848 0.2061 -0.8656 0.0902 0.1996 -0.8761 0.0949 0.1937 -0.8689 0.085 0.2046
66.0 -0.8869 0.0812 0.2066 -0.8177 0.0979 0.1965 -0.8164 0.1109 0.1833 -0.8173 0.1156 0.1783 -0.8179 0.1143 0.1796 -0.8219 0.1071 0.1866 -0.8387 0.0926 0.1998 -0.8385 0.0914 0.201 -0.8398 0.0888 0.2036 -0.8427 0.0853 0.2068 -0.8493 0.0878 0.2036
66.0 -0.8869 0.0812 0.2066 -0.8177 0.0979 0.1965 -0.8164 0.1109 0.1833 -0.8173 0.1156 0.1783 -0.8179 0.1143 0.1796 -0.8219 0.1071 0.1866 -0.8387 0.0926 0.1998 -0.8385 0.0914 0.201 -0.8398 0.0888 0.2036 -0.8427 0.0853 0.2068 -0.8493 0.0878 0.2036
66.0 -0.8869 0.0812 0.2066 -0.8177 0.0979 0.1965 -0.8164 0.1109 0.1833 -0.8173 0.1156 0.1783 -0.8179 0.1143 0.1796 -0.8219 0.1071 0.1866 -0.8387 0.0926 0.1998 -0.8385 0.0914 0.201 -0.8398 0.0888 0.2036 -0.8427 0.0853 0.2068 -0.8493 0.0878 0.2036
66.0 -0.8869 0.0812 0.2066 -0.8177 0.0979 0.1965 -0.8164 0.1109 0.1833 -0.8173 0.1156 0.1783 -0.8179 0.1143 0.1796 -0.8219 0.1071 0.1866 -0.8387 0.0926 0.1998 -0.8385 0.0914 0.201 -0.8398 0.0888 0.2036 -0.8427 0.0853 0.2068 -0.8493 0.0878 0.2036
66.0 -0.8869 0.0812 0.2066 -0.8177 0.0979 0.1965 -0.8164 0.1109 0.1833 -0.8173 0.1156 0.1783 -0.8179 0.1143 0.1796 -0.8219 0.1071 0.1866 -0.8387 0.0926 0.1998 -0.8385 0.0914 0.201 -0.8398 0.0888 0.2036 -0.8427 0.0853 0.2068 -0.8493 0.0878 0.2036
66.0 -0.8869 0.0812 0.2066 -0.8177 0.0979 0.1965 -0.8164 0.1109 0.1833 -0.8173 0.1156 0.1783 -0.8179 0.1143 0.1796 -0.8219 0.1071 0.1866 -0.8387 0.0926 0.1998 -0.8385 0.0914 0.201 -0.8398 0.0888 0.2036 -0.8427 0.0853 0.2068 -0.8493 0.0878 0.2036
66.0 -0.8869 0.0812 0.2066 -0.8177 0.0979 0.1965 -0.8164 0.1109 0.1833 -0.8173 0.1156 0.1783 -0.8179 0.1143 0.1796 -0.8219 0.1071 0.1866 -0.8387 0.0926 0.1998 -0.8385 0.0914 0.201 -0.8398 0.0888 0.2036 -0.8427 0.0853 0.2068 -0.8493 0.0878 0.2036
66.0 -0.8869 0.0812 0.2066 -0.8177 0.0979 0.1965 -0.8164 0.1109 0.1833 -0.8173 0.1156 0.1783 -0.8179 0.1143 0.1796 -0.8219 0.1071 0.1866 -0.8387 0.0926 0.1998 -0.8385 0.0914 0.201 -0.8398 0.0888 0.2036 -0.8427 0.0853 0.2068 -0.8493 0.0878 0.2036
66.0 -0.8869 0.0812 0.2066 -0.8177 0.0979 0.1965 -0.8164 0.1109 0.1833 -0.8173 0.1156 0.1783 -0.8179 0.1143 0.1796 -0.8219 0.1071 0.1866 -0.8387 0.0926 0.1998 -0.8385 0.0914 0.201 -0.8398 0.0888 0.2036 -0.8427 0.0853 0.2068 -0.8493 0.0878 0.2036
66.0 -0.8869 0.0812 0.2066 -0.8177 0.0979 0.1965 -0.8164 0.1109 0.1833 -0.8173 0.1156 0.1783 -0.8179 0.1143 0.1796 -0.8219 0.1071 0.1866 -0.8387 0.0926 0.1998 -0.8385 0.0914 0.201 -0.8398 0.0888 0.2036 -0.8427 0.0853 0.2068 -0.8493 0.0878 0.2036
66.0 -0.8869 0.0812 0.2066 -0.8177 0.0979 0.1965 -0.8164 0.1109 0.1833 -0.8173 0.1156 0.1783 -0.8179 0.1143 0.1796 -0.8219 0.1071 0.1866 -0.8387 0.0926 0.1998 -0.8385 0.0914 0.201 -0.8398 0.0888 0.2036 -0.8427 0.0853 0.2068 -0.8493 0.0878 0.2036
66.0 -0.8869 0.0812 0.2066 -0.8177 0.0979 0.1965 -0.8164 0.1109 0.1833 -0.8173 0.1156 0.1783 -0.8179 0.1143 0.1796 -0.8219 0.1071 0.1866 -0.8387 0.0926 0.1998 -0.8385 0.0914 0.201 -0.8398 0.0888 0.2036 -0.8427 0.0853 0.2068 -0.8493 0.0878 0.2036
66.0 -0.8869 0.0812 0.2066 -0.8177 0.0979 0.1965 -0.8164 0.1109 0.1833 -0.8173 0.1156 0.1783 -0.8179 0.1143 0.1796 -0.8219 0.1071 0.1866 -0.8387 0.0926 0.1998 -0.8385 0.0914 0.201 -0.8398 0.0888 0.2036 -0.8427 0.0853 0.2068 -0.8493 0.0878 0.2036
66.0 -0.8869 0.0812 0.2066 -0.8177 0.0979 0.1965 -0.8164 0.1109 0.1833 -0.8173 0.1156 0.1783 -0.8179 0.1143 0.1796 -0.8219 0.1071 0.1866 -0.8387 0.0926 0.1998 -0.8385 0.0914 0.201 -0.8398 0.0888 0.2036 -0.8427 0.0853 0.2068 -0.8493 0.0878 0.2036
66.0 -0.8869 0.0812 0.2066 -0.8177 0.0979 0.1965 -0.8164 0.1109 0.1833 -0.8173 0.1156 0.1783 -0.8179 0.1143 0.1796 -0.8219 0.1071 0.1866 -0.8387 0.0926 0.1998 -0.8385 0.0914 0.201 -0.8398 0.0888 0.2036 -0.8427 0.0853 0.2068 -0.8493 0.0878 0.2036
66.0 -0.8869 0.0812 0.2066 -0.8177 0.0979 0.1965 -0.8164 0.1109 0.1833 -0.8173 0.1156 0.1783 -0.8179 0.1143 0.1796 -0.8219 0.1071 0.1866 -0.8387 0.0926 0.1998 -0.8385 0.0914 0.201 -0.8398 0.0888 0.2036 -0.8427 0.0853 0.2068 -0.8493 0.0878 0.2036
66.0 -0.8869 0.0812 0.2066 -0.8177 0.0979 0.1965 -0.8164 0.1109 0.1833 -0.8173 0.1156 0.1783 -0.8179 0.1143 0.1796 -0.8219 0.1071 0.1866 -0.8387 0.0926 0.1998 -0.8385 0.0914 0.201 -0.8398 0.0888 0.2036 -0.8427 0.0853 0.2068 -0.8493 0.0878 0.2036
66.0 -0.8869 0.0812 0.2066 -0.8177 0.0979 0.1965 -0.8164 0.1109 0.1833 -0.8173 0.1156 0.1783 -0.8179 0.1143 0.1796 -0.8219 0.1071 0.1866 -0.8387 0.0926 0.1998 -0.8385 0.0914 0.201 -0.8398 0.0888 0.2036 -0.8427 0.0853 0.2068 -0.8493 0.0878 0.2036
66.0 -0.8869 0.0812 0.2066 -0.8177 0.0979 0.1965 -0.8164 0.1109 0.1833 -0.8173 0.1156 0.1783 -0.8179 0.1143 0.1796 -0.8219 0.1071 0.1866 -0.8387 0.0926 0.1998 -0.8385 0.0914 0.201 -0.8398 0.0888 0.2036 -0.8427 0.0853 0.2068 -0.8493 0.0878 0.2036
66.0 -0.8869 0.0812 0.2066 -0.8177 0.0979 0.1965 -0.8164 0.1109 0.1833 -0.8173 0.1156 0.1783 -0.8179 0.1143 0.1796 -0.8219 0.1071 0.1866 -0.8387 0.0926 0.1998 -0.8385 0.0914 0.201 -0.8398 0.0888 0.2036 -0.8427 0.0853 0.2068 -0.8493 0.0878 0.2036
66.0 -0.8869 0.0812 0.2066 -0.8177 0.0979 0.1965 -0.8164 0.1109 0.1833 -0.8173 0.1156 0.1783 -0.8179 0.1143 0.1796 -0.8219 0.1071 0.1866 -0.8387 0.0926 0.1998 -0.8385 0.0914 0.201 -0.8398 0.0888 0.2036 -0.8427 0.0853 0.2068 -0.8493 0.0878 0.2036
66.0 -0.8869 0.0812 0.2066 -0.8177 0.0979 0.1965 -0.8164 0.1109 0.1833 -0.8173 0.1156 0.1783 -0.8179 0.1143 0.1796 -0.8219 0.1071 0.1866 -0.8387 0.0926 0.1998 -0.8385 0.0914 0.201 -0.8398 0.0888 0.2036 -0.8427 0.0853 0.2068 -0.8493 0.0878 0.2036
66.0 -0.8869 0.0812 0.2066 -0.8177 0.0979 0.1965 -0.8164 0.1109 0.1833 -0.8173 0.1156 0.1783 -0.8179 0.1143 0.1796 -0.8219 0.1071 0.1866 -0.8387 0.0926 0.1998 -0.8385 0.0914 0.201 -0.8398 0.0888 0.2036 -0.8427 0.0853 0.2068 -0.8493 0.0878 0.2036
66.0 -0.8869 0.0812 0.2066 -0.8177 0.0979 0.1965 -0.8164 0.1109 0.1833 -0.8173 0.1156 0.1783 -0.8179 0.1143 0.1796 -0.8219 0.1071 0.1866 -0.8387 0.0926 0.1998 -0.8385 0.0914 0.201 -0.8398 0.0888 0.2036 -0.8427 0.0853 0.2068 -0.8493 0.0878 0.2036
66.0 -0.8869 0.0812 0.2066 -0.8177 0.0979 0.1965 -0.8164 0.1109 0.1833 -0.8173 0.1156 0.1783 -0.8179 0.1143 0.1796 -0.8219 0.1071 0.1866 -0.8387 0.0926 0.1998 -0.8385 0.0914 0.201 -0.8398 0.0888 0.2036 -0.8427 0.0853 0.2068 -0.8493 0.0878 0.2036
66.0 -0.8869 0.0812 0.2066 -0.8177 0.0979 0.1965 -0.8164 0.1109 0.1833 -0.8173 0.1156 0.1783 -0.8179 0.1143 0.1796 -0.8219 0.1071 0.1866 -0.8387 0.0926 0.1998 -0.8385 0.0914 0.201 -0.8398 0.0888 0.2036 -0.8427 0.0853 0.2068 -0.8493 0.0878 0.2036
66.0 -0.8869 0.0812 0.2066 -0.8177 0.0979 0.1965 -0.8164 0.1109 0.1833 -0.8173 0.1156 0.1783 -0.8179 0.1143 0.1796 -0.8219 0.1071 0.1866 -0.8387 0.0926 0.1998 -0.8385 0.0914 0.201 -0.8398 0.0888 0.2036 -0.8427 0.0853 0.2068 -0.8493 0.0878 0.2036
66.0 -0.8869 0.0812 0.2066 -0.8177 0.0979 0.1965 -0.8164 0.1109 0.1833 -0.8173 0.1156 0.1783 -0.8179 0.1143 0.1796 -0.8219 0.1071 0.1866 -0.8387 0.0926 0.1998 -0.8385 0.0914 0.201 -0.8398 0.0888 0.2036 -0.8427 0.0853 0.2068 -0.8493 0.0878 0.2036
66.0 -0.8869 0.0812 0.2066 -0.8177 0.0979 0.1965 -0.8164 0.1109 0.1833 -0.8173 0.1156 0.1783 -0.8179 0.1143 0.1796 -0.8219 0.1071 0.1866 -0.8387 0.0926 0.1998 -0.8385 0.0914 0.201 -0.8398 0.0888 0.2036 -0.8427 0.0853 0.2068 -0.8493 0.0878 0.2036
66.0 -0.8869 0.0812 0.2066 -0.8177 0.0979 0.1965 -0.8164 0.1109 0.1833 -0.8173 0.1156 0.1783 -0.8179 0.1143 0.1796 -0.8219 0.1071 0.1866 -0.8387 0.0926 0.1998 -0.8385 0.0914 0.201 -0.8398 0.0888 0.2036 -0.8427 0.0853 0.2068 -0.8493 0.0878 0.2036
66.0 -0.8869 0.0812 0.2066 -0.8177 0.0979 0.1965 -0.8164 0.1109 0.1833 -0.8173 0.1156 0.1783 -0.8179 0.1143 0.1796 -0.8219 0.1071 0.1866 -0.8387 0.0926 0.1998 -0.8385 0.0914 0.201 -0.8398 0.0888 0.2036 -0.8427 0.0853 0.2068 -0.8493 0.0878 0.2036
66.0 -0.8869 0.0812 0.2066 -0.8177 0.0979 0.1965 -0.8164 0.1109 0.1833 -0.8173 0.1156 0.1783 -0.8179 0.1143 0.1796 -0.8219 0.1071 0.1866 -0.8387 0.0926 0.1998 -0.8385 0.0914 0.201 -0.8398 0.0888 0.2036 -0.8427 0.0853 0.2068 -0.8493 0.0878 0.2036
66.0 -0.8869 0.0812 0.2066 -0.8177 0.0979 0.1965 -0.8164 0.1109 0.1833 -0.8173 0.1156 0.1783 -0.8179 0.1143 0.1796 -0.8219 0.1071 0.1866 -0.8387 0.0926 0.1998 -0.8385 0.0914 0.201 -0.8398 0.0888 0.2036 -0.8427 0.0853 0.2068 -0.8493 0.0878 0.2036
66.0 -0.8869 0.0812 0.2066 -0.8177 0.0979 0.1965 -0.8164 0.1109 0.1833 -0.8173 0.1156 0.1783 -0.8179 0.1143 0.1796 -0.8219 0.1071 0.1866 -0.8387 0.0926 0.1998 -0.8385 0.0914 0.201 -0.8398 0.0888 0.2036 -0.8427 0.0853 0.2068 -0.8493 0.0878 0.2036
66.0 -0.8869 0.0812 0.2066 -0.8177 0.0979 0.1965 -0.8164 0.1109 0.1833 -0.8173 0.1156 0.1783 -0.8179 0.1143 0.1796 -0.8219 0.1071 0.1866 -0.8387 0.0926 0.1998 -0.8385 0.0914 0.201 -0.8398 0.0888 0.2036 -0.8427 0.0853 0.2068 -0.8493 0.0878 0.2036
66.0 -0.8869 0.0812 0.2066 -0.8177 0.0979 0.1965 -0.8164 0.1109 0.1833 -0.8173 0.1156 0.1783 -0.8179 0.1143 0.1796 -0.8219 0.1071 0.1866 -0.8387 0.0926 0.1998 -0.8385 0.0914 0.201 -0.8398 0.0888 0.2036 -0.8427 0.0853 0.2068 -0.8493 0.0878 0.2036
66.0 -0.8869 0.0812 0.2066 -0.8177 0.0979 0.1965 -0.8164 0.1109 0.1833 -0.8173 0.1156 0.1783 -0.8179 0.1143 0.1796 -0.8219 0.1071 0.1866 -0.8387 0.0926 0.1998 -0.8385 0.0914 0.201 -0.8398 0.0888 0.2036 -0.8427 0.0853 0.2068 -0.8493 0.0878 0.2036
66.0 -0.8869 0.0812 0.2066 -0.8177 0.0979 0.1965 -0.8164 0.1109 0.1833 -0.8173 0.1156 0.1783 -0.8179 0.1143 0.1796 -0.8219 0.1071 0.1866 -0.8387 0.0926 0.1998 -0.8385 0.0914 0.201 -0.8398 0.0888 0.2036 -0.8427 0.0853 0.2068 -0.8493 0.0878 0.2036
104.0 -0.8857 0.0795 0.2085 -0.8412 0.1167 0.1749 -0.8244 0.1214 0.1718 -0.8192 0.1166 0.1772 -0.8156 0.1061 0.1883 -0.8123 0.0876 0.2075 -0.8474 0.1067 0.1845 -0.8393 0.101 0.1911 -0.8326 0.0928 0.2002 -0.8272 0.0819 0.2118 -0.8464 0.0924 0.1992
105.0 -0.8886 0.081 0.2067 -0.8137 0.0953 0.1994 -0.8168 0.1132 0.1808 -0.8272 0.1173 0.1756 -0.8364 0.1198 0.1722 -0.8538 0.1186 0.1716 -0.8365 0.0947 0.1978 -0.846 0.0989 0.1926 -0.8569 0.1011 0.1893 -0.8685 0.102 0.1872 -0.8593 0.0955 0.1947
106.0 -0.8997 0.074 0.2128 -0.8116 0.0834 0.2119 -0.8148 0.1019 0.1926 -0.8221 0.1131 0.1804 -0.8371 0.1185 0.1735 -0.8647 0.1202 0.1689 -0.8426 0.0798 0.2124 -0.8547 0.0886 0.2023 -0.8691 0.0952 0.1941 -0.8857 0.0997 0.1879 -0.8704 0.0875 0.2019
107.0 -0.9077 0.0747 0.2112 -0.8742 0.1141 0.1743 -0.8374 0.1154 0.1766 -0.8221 0.1131 0.1804 -0.8151 0.1031 0.1914 -0.8163 0.0803 0.2145 -0.8705 0.0981 0.191 -0.8621 0.0906 0.1994 -0.8561 0.0811 0.2098 -0.8531 0.0693 0.2222 -0.8699 0.0828 0.2067
108.0 -0.9248 0.0669 0.2175 -0.8303 0.0748 0.2188 -0.8246 0.0975 0.1961 -0.8415 0.1087 0.183 -0.8579 0.1114 0.1787 -0.8851 0.1114 0.176 -0.8648 0.0756 0.2145 -0.8759 0.0839 0.205 -0.8892 0.0894 0.198 -0.9047 0.0928 0.193 -0.8919 0.0817 0.2056
109.0 -0.9441 0.0613 0.2214 -0.8456 0.0715 0.2207 -0.8388 0.0932 0.1992 -0.8505 0.1044 0.1865 -0.8704 0.1078 0.181 -0.8993 0.107 0.179 -0.8807 0.071 0.2177 -0.8907 0.0782 0.2093 -0.9049 0.0836 0.2024 -0.9204 0.087 0.1973 -0.9082 0.0762 0.2096
110.0 -0.9629 0.0581 0.2227 -0.8633 0.0673 0.2232 -0.8523 0.0895 0.2016 -0.8603 0.1001 0.19 -0.8762 0.1058 0.1825 -0.9043 0.1051 0.1805 -0.8983 0.0662 0.2208 -0.9058 0.0738 0.2124 -0.9175 0.0801 0.2047 -0.9314 0.0843 0.199 -0.9232 0.0725 0.2119
111.0 -0.9801 0.0558 0.2234 -0.8759 0.0637 0.2256 -0.8662 0.084 0.2058 -0.8752 0.095 0.1937 -0.891 0.0996 0.1874 -0.9193 0.1006 0.1835 -0.9135 0.0623 0.2233 -0.9217 0.0692 0.2155 -0.9324 0.075 0.2084 -0.9465 0.0799 0.2021 -0.9388 0.0684 0.2145
112.0 -0.9981 0.0534 0.2241 -0.8953 0.0593 0.2282 -0.8858 0.0801 0.2079 -0.891 0.0898 0.1974 -0.9034 0.0954 0.1904 -0.9249 0.0974 0.1863 -0.9289 0.0602 0.2239 -0.9363 0.0672 0.2161 -0.9463 0.0738 0.2083 -0.9577 0.079 0.2019 -0.9535 0.0667 0.2148
113.0 -1.0139 0.0531 0.2228 -0.9146 0.0585 0.2271 -0.8997 0.0789 0.2078 -0.9065 0.0877 0.198 -0.9205 0.0925 0.1917 -0.9469 0.0926 0.189 -0.9456 0.0598 0.2227 -0.9532 0.068 0.2136 -0.9639 0.0739 0.2065 -0.977 0.0782 0.2008 -0.9707 0.0666 0.2133
114.0 -1.0333 0.0486 0.2254 -0.9282 0.0561 0.2282 -0.9195 0.0768 0.2079 -0.9266 0.0868 0.1969 -0.9404 0.0905 0.1919 -0.9651 0.0908 0.1891 -0.9661 0.0564 0.2241 -0.9743 0.0633 0.2163 -0.9842 0.0693 0.2092 -0.9965 0.0743 0.2028 -0.9909 0.0624 0.2156
115.0 -1.0473 0.0479 0.2247 -0.9491 0.0551 0.2272 -0.9362 0.0715 0.2117 -0.9414 0.0812 0.2013 -0.951 0.086 0.1954 -0.9733 0.0872 0.1919 -0.9824 0.0542 0.2247 -0.9881 0.0614 0.2168 -0.9971 0.0675 0.2097 -1.0067 0.0723 0.2038 -1.0043 0.0607 0.2159
116.0 -1.0631 0.0476 0.2235 -0.9654 0.0523 0.2284 -0.9536 0.0704 0.2111 -0.959 0.0812 0.1995 -0.9704 0.0858 0.1936 -0.9953 0.0873 0.1896 -0.9978 0.0516 0.2259 -1.0036 0.0593 0.2174 -1.0125 0.0655 0.2103 -1.024 0.0706 0.2038 -1.0202 0.0589 0.2162
117.0 -1.0709 0.0472 0.2231 -0.9776 0.0518 0.2277 -0.9689 0.0726 0.2073 -0.9748 0.0809 0.1982 -0.9879 0.0853 0.1925 -1.0125 0.085 0.1903 -1.0078 0.0533 0.2232 -1.015 0.0596 0.216 -1.0248 0.065 0.2095 -1.0377 0.0682 0.205 -1.0312 0.0587 0.2154
118.0 -1.0925 0.0449 0.2234 -0.9924 0.0511 0.227 -0.985 0.0692 0.2092 -0.9875 0.078 0.1999 -0.9969 0.0816 0.1953 -1.02 0.0828 0.1918 -1.0239 0.0499 0.2251 -1.0304 0.0569 0.2172 -1.0393 0.0625 0.2107 -1.0507 0.067 0.2049 -1.0474 0.0562 0.2162
119.0 -1.105 0.0456 0.2213 -1.0103 0.0474 0.2289 -0.9961 0.0671 0.2103 -0.9995 0.0764 0.2004 -1.0118 0.0814 0.194 -1.0358 0.0825 0.1906 -1.0396 0.049 0.2244 -1.0453 0.0567 0.2159 -1.0543 0.0629 0.2088 -1.0649 0.0682 0.2023 -1.0618 0.0565 0.2146
120.0 -1.1173 0.0458 0.2199 -1.0232 0.0457 0.2294 -1.0099 0.0652 0.2108 -1.0097 0.0744 0.2014 -1.0238 0.0792 0.1951 -1.0521 0.0803 0.1912 -1.0528 0.049 0.2231 -1.0583 0.0556 0.2158 -1.0672 0.0611 0.2093 -1.0793 0.065 0.2041 -1.075 0.0553 0.2144
121.0 -1.1295 0.0454 0.2192 -1.0354 0.0502 0.2236 -1.0216 0.0667 0.2081 -1.0248 0.0754 0.1989 -1.035 0.0783 0.1949 -1.0635 0.08 0.1904 -1.0651 0.0492 0.2217 -1.0708 0.0564 0.2138 -1.0805 0.0618 0.2073 -1.0927 0.0662 0.2015 -1.0877 0.0558 0.2127
122.0 -1.1399 0.0495 0.214 -1.047 0.051 0.2216 -1.0333 0.0682 0.2055 -1.0363 0.0757 0.1975 -1.0454 0.0775 0.1947 -1.068 0.0757 0.1943 -1.076 0.0508 0.219 -1.0806 0.0575 0.2117 -1.0885 0.0619 0.2063 -1.0985 0.0642 0.203 -1.0967 0.0568 0.2108
123.0 -1.1541 0.05 0.212 -1.0551 0.0524 0.2194 -1.0476 0.0699 0.2023 -1.0488 0.0764 0.1954 -1.0585 0.077 0.1939 -1.085 0.0722 0.1962 -1.0859 0.0525 0.2162 -1.0922 0.0584 0.2096 -1.101 0.0633 0.2037 -1.1119 0.0649 0.201 -1.109 0.0578 0.2085
124.0 -1.1772 0.0512 0.2085 -1.0842 0.0576 0.2112 -1.0707 0.071 0.1988 -1.072 0.0782 0.1913 -1.0798 0.0778 0.191 -1.0952 0.0702 0.1972 -1.1124 0.0532 0.2129 -1.1158 0.057 0.2086 -1.1215 0.0599 0.2051 -1.1304 0.0605 0.2036 -1.1315 0.0564 0.2078
124.0 -1.1772 0.0512 0.2085 -1.0842 0.0576 0.2112 -1.0707 0.071 0.1988 -1.072 0.0782 0.1913 -1.0798 0.0778 0.191 -1.0952 0.0702 0.1972 -1.1124 0.0532 0.2129 -1.1158 0.057 0.2086 -1.1215 0.0599 0.2051 -1.1304 0.0605 0.2036 -1.1315 0.0564 0.2078
124.0 -1.1772 0.0512 0.2085 -1.0842 0.0576 0.2112 -1.0707 0.071 0.1988 -1.072 0.0782 0.1913 -1.0798 0.0778 0.191 -1.0952 0.0702 0.1972 -1.1124 0.0532 0.2129 -1.1158 0.057 0.2086 -1.1215 0.0599 0.2051 -1.1304 0.0605 0.2036 -1.1315 0.0564 0.2078
124.0 -1.1772 0.0512 0.2085 -1.0842 0.0576 0.2112 -1.0707 0.071 0.1988 -1.072 0.0782 0.1913 -1.0798 0.0778 0.191 -1.0952 0.0702 0.1972 -1.1124 0.0532 0.2129 -1.1158 0.057 0.2086 -1.1215 0.0599 0.2051 -1.1304 0.0605 0.2036 -1.1315 0.0564 0.2078
124.0 -1.1772 0.0512 0.2085 -1.0842 0.0576 0.2112 -1.0707 0.071 0.1988 -1.072 0.0782 0.1913 -1.0798 0.0778 0.191 -1.0952 0.0702 0.1972 -1.1124 0.0532 0.2129 -1.1158 0.057 0.2086 -1.1215 0.0599 0.2051 -1.1304 0.0605 0.2036 -1.1315 0.0564 0.2078
124.0 -1.1772 0.0512 0.2085 -1.0842 0.0576 0.2112 -1.0707 0.071 0.1988 -1.072 0.0782 0.1913 -1.0798 0.0778 0.191 -1.0952 0.0702 0.1972 -1.1124 0.0532 0.2129 -1.1158 0.057 0.2086 -1.1215 0.0599 0.2051 -1.1304 0.0605 0.2036 -1.1315 0.0564 0.2078
124.0 -1.1772 0.0512 0.2085 -1.0842 0.0576 0.2112 -1.0707 0.071 0.1988 -1.072 0.0782 0.1913 -1.0798 0.0778 0.191 -1.0952 0.0702 0.1972 -1.1124 0.0532 0.2129 -1.1158 0.057 0.2086 -1.1215 0.0599 0.2051 -1.1304 0.0605 0.2036 -1.1315 0.0564 0.2078
124.0 -1.1772 0.0512 0.2085 -1.0842 0.0576 0.2112 -1.0707 0.071 0.1988 -1.072 0.0782 0.1913 -1.0798 0.0778 0.191 -1.0952 0.0702 0.1972 -1.1124 0.0532 0.2129 -1.1158 0.057 0.2086 -1.1215 0.0599 0.2051 -1.1304 0.0605 0.2036 -1.1315 0.0564 0.2078
124.0 -1.1772 0.0512 0.2085 -1.0842 0.0576 0.2112 -1.0707 0.071 0.1988 -1.072 0.0782 0.1913 -1.0798 0.0778 0.191 -1.0952 0.0702 0.1972 -1.1124 0.0532 0.2129 -1.1158 0.057 0.2086 -1.1215 0.0599 0.2051 -1.1304 0.0605 0.2036 -1.1315 0.0564 0.2078
124.0 -1.1772 0.0512 0.2085 -1.0842 0.0576 0.2112 -1.0707 0.071 0.1988 -1.072 0.0782 0.1913 -1.0798 0.0778 0.191 -1.0952 0.0702 0.1972 -1.1124 0.0532 0.2129 -1.1158 0.057 0.2086 -1.1215 0.0599 0.2051 -1.1304 0.0605 0.2036 -1.1315 0.0564 0.2078
124.0 -1.1772 0.0512 0.2085 -1.0842 0.0576 0.2112 -1.0707 0.071 0.1988 -1.072 0.0782 0.1913 -1.0798 0.0778 0.191 -1.0952 0.0702 0.1972 -1.1124 0.0532 0.2129 -1.1158 0.057 0.2086 -1.1215 0.0599 0.2051 -1.1304 0.0605 0.2036 -1.1315 0.0564 0.2078
124.0 -1.1772 0.0512 0.2085 -1.0842 0.0576 0.2112 -1.0707 0.071 0.1988 -1.072 0.0782 0.1913 -1.0798 0.0778 0.191 -1.0952 0.0702 0.1972 -1.1124 0.0532 0.2129 -1.1158 0.057 0.2086 -1.1215 0.0599 0.2051 -1.1304 0.0605 0.2036 -1.1315 0.0564 0.2078
124.0 -1.1772 0.0512 0.2085 -1.0842 0.0576 0.2112 -1.0707 0.071 0.1988 -1.072 0.0782 0.1913 -1.0798 0.0778 0.191 -1.0952 0.0702 0.1972 -1.1124 0.0532 0.2129 -1.1158 0.057 0.2086 -1.1215 0.0599 0.2051 -1.1304 0.0605 0.2036 -1.1315 0.0564 0.2078
124.0 -1.1772 0.0512 0.2085 -1.0842 0.0576 0.2112 -1.0707 0.071 0.1988 -1.072 0.0782 0.1913 -1.0798 0.0778 0.191 -1.0952 0.0702 0.1972 -1.1124 0.0532 0.2129 -1.1158 0.057 0.2086 -1.1215 0.0599 0.2051 -1.1304 0.0605 0.2036 -1.1315 0.0564 0.2078
124.0 -1.1772 0.0512 0.2085 -1.0842 0.0576 0.2112 -1.0707 0.071 0.1988 -1.072 0.0782 0.1913 -1.0798 0.0778 0.191 -1.0952 0.0702 0.1972 -1.1124 0.0532 0.2129 -1.1158 0.057 0.2086 -1.1215 0.0599 0.2051 -1.1304 0.0605 0.2036 -1.1315 0.0564 0.2078
124.0 -1.1772 0.0512 0.2085 -1.0842 0.0576 0.2112 -1.0707 0.071 0.1988 -1.072 0.0782 0.1913 -1.0798 0.0778 0.191 -1.0952 0.0702 0.1972 -1.1124 0.0532 0.2129 -1.1158 0.057 0.2086 -1.1215 0.0599 0.2051 -1.1304 0.0605 0.2036 -1.1315 0.0564 0.2078
124.0 -1.1772 0.0512 0.2085 -1.0842 0.0576 0.2112 -1.0707 0.071 0.1988 -1.072 0.0782 0.1913 -1.0798 0.0778 0.191 -1.0952 0.0702 0.1972 -1.1124 0.0532 0.2129 -1.1158 0.057 0.2086 -1.1215 0.0599 0.2051 -1.1304 0.0605 0.2036 -1.1315 0.0564 0.2078
124.0 -1.1772 0.0512 0.2085 -1.0842 0.0576 0.2112 -1.0707 0.071 0.1988 -1.072 0.0782 0.1913 -1.0798 0.0778 0.191 -1.0952 0.0702 0.1972 -1.1124 0.0532 0.2129 -1.1158 0.057 0.2086 -1.1215 0.0599 0.2051 -1.1304 0.0605 0.2036 -1.1315 0.0564 0.2078
124.0 -1.1772 0.0512 0.2085 -1.0842 0.0576 0.2112 -1.0707 0.071 0.1988 -1.072 0.0782 0.1913 -1.0798 0.0778 0.191 -1.0952 0.0702 0.1972 -1.1124 0.0532 0.2129 -1.1158 0.057 0.2086 -1.1215 0.0599 0.2051 -1.1304 0.0605 0.2036 -1.1315 0.0564 0.2078
124.0 -1.1772 0.0512 0.2085 -1.0842 0.0576 0.2112 -1.0707 0.071 0.1988 -1.072 0.0782 0.1913 -1.0798 0.0778 0.191 -1.0952 0.0702 0.1972 -1.1124 0.0532 0.2129 -1.1158 0.057 0.2086 -1.1215 0.0599 0.2051 -1.1304 0.0605 0.2036 -1.1315 0.0564 0.2078
124.0 -1.1772 0.0512 0.2085 -1.0842 0.0576 0.2112 -1.0707 0.071 0.1988 -1.072 0.0782 0.1913 -1.0798 0.0778 0.191 -1.0952 0.0702 0.1972 -1.1124 0.0532 0.2129 -1.1158 0.057 0.2086 -1.1215 0.0599 0.2051 -1.1304 0.0605 0.2036 -1.1315 0.0564 0.2078
124.0 -1.1772 0.0512 0.2085 -1.0842 0.0576 0.2112 -1.0707 0.071 0.1988 -1.072 0.0782 0.1913 -1.0798 0.0778 0.191 -1.0952 0.0702 0.1972 -1.1124 0.0532 0.2129 -1.1158 0.057 0.2086 -1.1215 0.0599 0.2051 -1.1304 0.0605 0.2036 -1.1315 0.0564 0.2078
124.0 -1.1772 0.0512 0.2085 -1.0842 0.0576 0.2112 -1.0707 0.071 0.1988 -1.072 0.0782 0.1913 -1.0798 0.0778 0.191 -1.0952 0.0702 0.1972 -1.1124 0.0532 0.2129 -1.1158 0.057 0.2086 -1.1215 0.0599 0.2051 -1.1304 0.0605 0.2036 -1.1315 0.0564 0.2078
124.0 -1.1772 0.0512 0.2085 -1.0842 0.0576 0.2112 -1.0707 0.071 0.1988 -1.072 0.0782 0.1913 -1.0798 0.0778 0.191 -1.0952 0.0702 0.1972 -1.1124 0.0532 0.2129 -1.1158 0.057 0.2086 -1.1215 0.0599 0.2051 -1.1304 0.0605 0.2036 -1.1315 0.0564 0.2078
124.0 -1.1772 0.0512 0.2085 -1.0842 0.0576 0.2112 -1.0707 0.071 0.1988 -1.072 0.0782 0.1913 -1.0798 0.0778 0.191 -1.0952 0.0702 0.1972 -1.1124 0.0532 0.2129 -1.1158 0.057 0.2086 -1.1215 0.0599 0.2051 -1.1304 0.0605 0.2036 -1.1315 0.0564 0.2078
124.0 -1.1772 0.0512 0.2085 -1.0842 0.0576 0.2112 -1.0707 0.071 0.1988 -1.072 0.0782 0.1913 -1.0798 0.0778 0.191 -1.0952 0.0702 0.1972 -1.1124 0.0532 0.2129 -1.1158 0.057 0.2086 -1.1215 0.0599 0.2051 -1.1304 0.0605 0.2036 -1.1315 0.0564 0.2078
124.0 -1.1772 0.0512 0.2085 -1.0842 0.0576 0.2112 -1.0707 0.071 0.1988 -1.072 0.0782 0.1913 -1.0798 0.0778 0.191 -1.0952 0.0702 0.1972 -1.1124 0.0532 0.2129 -1.1158 0.057 0.2086 -1.1215 0.0599 0.2051 -1.1304 0.0605 0.2036 -1.1315 0.0564 0.2078
124.0 -1.1772 0.0512 0.2085 -1.0842 0.0576 0.2112 -1.0707 0.071 0.1988 -1.072 0.0782 0.1913 -1.0798 0.0778 0.191 -1.0952 0.0702 0.1972 -1.1124 0.0532 0.2129 -1.1158 0.057 0.2086 -1.1215 0.0599 0.2051 -1.1304 0.0605 0.2036 -1.1315 0.0564 0.2078
124.0 -1.1772 0.0512 0.2085 -1.0842 0.0576 0.2112 -1.0707 0.071 0.1988 -1.072 0.0782 0.1913 -1.0798 0.0778 0.191 -1.0952 0.0702 0.1972 -1.1124 0.0532 0.2129 -1.1158 0.057 0.2086 -1.1215 0.0599 0.2051 -1.1304 0.0605 0.2036 -1.1315 0.0564 0.2078
124.0 -1.1772 0.0512 0.2085 -1.0842 0.0576 0.2112 -1.0707 0.071 0.1988 -1.072 0.0782 0.1913 -1.0798 0.0778 0.191 -1.0952 0.0702 0.1972 -1.1124 0.0532 0.2129 -1.1158 0.057 0.2086 -1.1215 0.0599 0.2051 -1.1304 0.0605 0.2036 -1.1315 0.0564 0.2078
124.0 -1.1772 0.0512 0.2085 -1.0842 0.0576 0.2112 -1.0707 0.071 0.1988 -1.072 0.0782 0.1913 -1.0798 0.0778 0.191 -1.0952 0.0702 0.1972 -1.1124 0.0532 0.2129 -1.1158 0.057 0.2086 -1.1215 0.0599 0.2051 -1.1304 0.0605 0.2036 -1.1315 0.0564 0.2078
124.0 -1.1772 0.0512 0.2085 -1.0842 0.0576 0.2112 -1.0707 0.071 0.1988 -1.072 0.0782 0.1913 -1.0798 0.0778 0.191 -1.0952 0.0702 0.1972 -1.1124 0.0532 0.2129 -1.1158 0.057 0.2086 -1.1215 0.0599 0.2051 -1.1304 0.0605 0.2036 -1.1315 0.0564 0.2078
124.0 -1.1772 0.0512 0.2085 -1.0842 0.0576 0.2112 -1.0707 0.071 0.1988 -1.072 0.0782 0.1913 -1.0798 0.0778 0.191 -1.0952 0.0702 0.1972 -1.1124 0.0532 0.2129 -1.1158 0.057 0.2086 -1.1215 0.0599 0.2051 -1.1304 0.0605 0.2036 -1.1315 0.0564 0.2078
124.0 -1.1772 0.0512 0.2085 -1.0842 0.0576 0.2112 -1.0707 0.071 0.1988 -1.072 0.0782 0.1913 -1.0798 0.0778 0.191 -1.0952 0.0702 0.1972 -1.1124 0.0532 0.2129 -1.1158 0.057 0.2086 -1.1215 0.0599 0.2051 -1.1304 0.0605 0.2036 -1.1315 0.0564 0.2078
124.0 -1.1772 0.0512 0.2085 -1.0842 0.0576 0.2112 -1.0707 0.071 0.1988 -1.072 0.0782 0.1913 -1.0798 0.0778 0.191 -1.0952 0.0702 0.1972 -1.1124 0.0532 0.2129 -1.1158 0.057 0.2086 -1.1215 0.0599 0.2051 -1.1304 0.0605 0.2036 -1.1315 0.0564 0.2078
124.0 -1.1772 0.0512 0.2085 -1.0842 0.0576 0.2112 -1.0707 0.071 0.1988 -1.072 0.0782 0.1913 -1.0798 0.0778 0.191 -1.0952 0.0702 0.1972 -1.1124 0.0532 0.2129 -1.1158 0.057 0.2086 -1.1215 0.0599 0.2051 -1.1304 0.0605 0.2036 -1.1315 0.0564 0.2078
