1.0 -1.3603 0.0167 0.2256 -1.3013 0.0014 0.2471 -1.2346 -0.003 0.2582 -1.2246 0.0106 0.2453 -1.2325 0.0254 0.2294 -1.256 0.0393 0.2128 -1.3018 -0.0109 0.2596 -1.2957 -0.0003 0.2493 -1.2959 0.0107 0.2381 -1.3006 0.0223 0.2258 -1.3109 0.0077 0.2397
2.0 -1.3612 0.0172 0.225 -1.3014 0.002 0.2464 -1.2353 -0.0037 0.2589 -1.2236 0.0101 0.2459 -1.2325 0.0254 0.2294 -1.2577 0.0385 0.2135 -1.3018 -0.0109 0.2596 -1.2957 -0.0003 0.2493 -1.2959 0.0107 0.2381 -1.3005 0.0217 0.2264 -1.311 0.0077 0.2397
3.0 -1.3602 0.0161 0.2262 -1.3013 0.0014 0.2471 -1.2335 -0.0041 0.2594 -1.2245 0.01 0.246 -1.2335 0.0259 0.2288 -1.2558 0.0381 0.2141 -1.3018 -0.0109 0.2596 -1.2966 -0.0004 0.2494 -1.2959 0.0107 0.2381 -1.2996 0.0218 0.2264 -1.3108 0.0075 0.2399
4.0 -1.3602 0.0161 0.2262 -1.3021 0.0007 0.2477 -1.2335 -0.0041 0.2594 -1.2245 0.01 0.246 -1.2326 0.026 0.2288 -1.2561 0.0399 0.2122 -1.3025 -0.0116 0.2602 -1.2975 -0.0005 0.2494 -1.2968 0.0106 0.2381 -1.2996 0.0218 0.2264 -1.3113 0.0073 0.2401
5.0 -1.3586 0.0169 0.2256 -1.3021 0.0007 0.2477 -1.2343 -0.0042 0.2595 -1.2244 0.0094 0.2466 -1.2325 0.0254 0.2294 -1.2558 0.0381 0.2141 -1.3018 -0.0109 0.2596 -1.2949 -0.0001 0.2493 -1.295 0.0108 0.2381 -1.2987 0.0219 0.2264 -1.3098 0.0077 0.2398
6.0 -1.3585 0.0163 0.2262 -1.3029 0.0006 0.2478 -1.2335 -0.0041 0.2594 -1.2254 0.0098 0.246 -1.2324 0.0248 0.23 -1.2559 0.0387 0.2135 -1.3018 -0.0109 0.2596 -1.2957 -0.0003 0.2493 -1.295 0.0108 0.2381 -1.2997 0.0224 0.2258 -1.3101 0.0077 0.2398
7.0 -1.3593 0.0162 0.2262 -1.3022 0.0013 0.2471 -1.2344 -0.0036 0.2588 -1.2245 0.01 0.246 -1.2326 0.026 0.2288 -1.2558 0.0381 0.2141 -1.3018 -0.0109 0.2596 -1.2957 -0.0003 0.2493 -1.295 0.0108 0.2381 -1.2997 0.0224 0.2258 -1.3103 0.0077 0.2398
8.0 -1.3594 0.0168 0.2256 -1.3021 0.0007 0.2477 -1.2342 -0.0048 0.2601 -1.2253 0.0093 0.2466 -1.2325 0.0254 0.2294 -1.2552 0.0394 0.2128 -1.3027 -0.011 0.2596 -1.2966 -0.0004 0.2494 -1.295 0.0108 0.2381 -1.2988 0.0225 0.2257 -1.3105 0.0078 0.2397
9.0 -1.3593 0.0162 0.2262 -1.3012 0.0008 0.2477 -1.2335 -0.0041 0.2594 -1.2244 0.0094 0.2466 -1.2333 0.0253 0.2294 -1.2558 0.0381 0.2141 -1.3018 -0.0109 0.2596 -1.2957 -0.0003 0.2493 -1.2949 0.0102 0.2387 -1.2996 0.0218 0.2264 -1.3103 0.0074 0.24
10.0 -1.3593 0.0162 0.2262 -1.3028 3.528e-06 0.2484 -1.2335 -0.0041 0.2594 -1.2244 0.0094 0.2466 -1.2332 0.0247 0.2301 -1.255 0.0382 0.214 -1.3018 -0.0109 0.2596 -1.2956 -0.0009 0.25 -1.2949 0.0102 0.2387 -1.2987 0.0219 0.2264 -1.3101 0.0073 0.2402
11.0 -1.3604 0.0173 0.225 -1.3037 -0.0001 0.2484 -1.2342 -0.0048 0.2601 -1.2243 0.0088 0.2472 -1.2325 0.0254 0.2294 -1.2551 0.0388 0.2134 -1.3028 -0.0104 0.259 -1.2966 -0.0004 0.2494 -1.2958 0.0101 0.2387 -1.2996 0.0218 0.2264 -1.311 0.0077 0.2397
12.0 -1.3603 0.0167 0.2256 -1.3028 3.528e-06 0.2484 -1.2352 -0.0043 0.2595 -1.2235 0.0095 0.2465 -1.2324 0.0248 0.23 -1.2551 0.0388 0.2134 -1.3025 -0.0116 0.2602 -1.2965 -0.001 0.25 -1.2949 0.0102 0.2387 -1.2996 0.0218 0.2264 -1.3108 0.0072 0.2402
13.0 -1.3605 0.0179 0.2244 -1.3036 -0.0007 0.249 -1.2342 -0.0048 0.2601 -1.2243 0.0088 0.2472 -1.2315 0.0249 0.23 -1.255 0.0382 0.214 -1.3035 -0.0111 0.2596 -1.2966 -0.0004 0.2494 -1.2958 0.0101 0.2387 -1.2996 0.0218 0.2264 -1.3112 0.0077 0.2397
14.0 -1.3611 0.0166 0.2257 -1.3013 0.0014 0.2471 -1.2335 -0.0041 0.2594 -1.2227 0.0096 0.2465 -1.2316 0.0255 0.2294 -1.2558 0.0381 0.2141 -1.3018 -0.0109 0.2596 -1.2957 -0.0003 0.2493 -1.2958 0.0101 0.2387 -1.3004 0.0211 0.227 -1.311 0.0073 0.2401
15.0 -1.3602 0.0161 0.2262 -1.3021 0.0007 0.2477 -1.2325 -0.0046 0.26 -1.2244 0.0094 0.2466 -1.2332 0.0247 0.2301 -1.2558 0.0381 0.2141 -1.3008 -0.0113 0.2602 -1.2948 -0.0007 0.2499 -1.2941 0.0103 0.2387 -1.2987 0.0219 0.2264 -1.3097 0.0073 0.2403
16.0 -1.3586 0.0169 0.2256 -1.3029 0.0006 0.2478 -1.2335 -0.0041 0.2594 -1.2243 0.0088 0.2472 -1.2332 0.0247 0.2301 -1.2557 0.0375 0.2147 -1.3009 -0.0107 0.2595 -1.2948 -0.0007 0.2499 -1.2941 0.0103 0.2387 -1.2987 0.0219 0.2264 -1.3094 0.0075 0.24
17.0 -1.3592 0.0156 0.2268 -1.3011 0.0002 0.2483 -1.2326 -0.004 0.2594 -1.2238 0.0107 0.2453 -1.2324 0.0248 0.23 -1.255 0.0382 0.214 -1.3008 -0.0113 0.2602 -1.2948 -0.0007 0.2499 -1.2949 0.0102 0.2387 -1.2996 0.0218 0.2264 -1.3099 0.0071 0.2404
18.0 -1.3594 0.0168 0.2256 -1.3019 -0.0005 0.249 -1.2335 -0.0041 0.2594 -1.2236 0.0101 0.2459 -1.2315 0.0249 0.23 -1.255 0.0382 0.214 -1.3009 -0.0107 0.2595 -1.2948 -0.0007 0.2499 -1.2941 0.0103 0.2387 -1.2987 0.0219 0.2264 -1.3096 0.0075 0.24
19.0 -1.3611 0.0166 0.2257 -1.3012 0.0008 0.2477 -1.2327 -0.0034 0.2588 -1.2229 0.0108 0.2453 -1.2324 0.0248 0.23 -1.254 0.0377 0.2146 -1.3017 -0.0114 0.2602 -1.2956 -0.0009 0.25 -1.2949 0.0102 0.2387 -1.2996 0.0218 0.2264 -1.3106 0.0073 0.2402
20.0 -1.363 0.0169 0.2251 -1.3028 3.528e-06 0.2484 -1.2337 -0.0029 0.2582 -1.2219 0.0103 0.2459 -1.2313 0.0237 0.2312 -1.2542 0.0389 0.2134 -1.3027 -0.011 0.2596 -1.2956 -0.0009 0.25 -1.2949 0.0102 0.2387 -1.2996 0.0218 0.2264 -1.3112 0.0074 0.24
21.0 -1.3621 0.017 0.2251 -1.3035 -0.0013 0.2496 -1.2335 -0.0041 0.2594 -1.2227 0.0096 0.2465 -1.2315 0.0249 0.23 -1.255 0.0382 0.214 -1.3018 -0.0109 0.2596 -1.2949 -0.0001 0.2493 -1.2949 0.0102 0.2387 -1.2996 0.0218 0.2264 -1.3107 0.0076 0.2398
22.0 -1.3613 0.0178 0.2244 -1.3043 -0.0014 0.2497 -1.2344 -0.0036 0.2588 -1.2228 0.0102 0.2459 -1.2315 0.0249 0.23 -1.2559 0.0387 0.2135 -1.3035 -0.0111 0.2596 -1.2966 -0.0004 0.2494 -1.2949 0.0102 0.2387 -1.2996 0.0218 0.2264 -1.3112 0.0077 0.2397
23.0 -1.3612 0.0172 0.225 -1.3027 -0.0006 0.249 -1.2336 -0.0035 0.2588 -1.2228 0.0102 0.2459 -1.2314 0.0243 0.2306 -1.2559 0.0387 0.2135 -1.3025 -0.0116 0.2602 -1.2965 -0.001 0.25 -1.2957 0.0095 0.2394 -1.2996 0.0218 0.2264 -1.3111 0.0072 0.2402
24.0 -1.362 0.0164 0.2257 -1.3027 -0.0006 0.249 -1.2343 -0.0042 0.2595 -1.2228 0.0102 0.2459 -1.2314 0.0243 0.2306 -1.255 0.0382 0.214 -1.3025 -0.0116 0.2602 -1.2965 -0.001 0.25 -1.2957 0.0095 0.2394 -1.3004 0.0211 0.227 -1.3114 0.0069 0.2405
25.0 -1.3584 0.0157 0.2268 -1.3019 -0.0005 0.249 -1.2334 -0.0047 0.26 -1.2244 0.0094 0.2466 -1.2313 0.0237 0.2312 -1.2556 0.0369 0.2153 -1.3008 -0.0113 0.2602 -1.2947 -0.0013 0.2506 -1.2948 0.0096 0.2393 -1.2986 0.0213 0.227 -1.3095 0.0068 0.2408
26.0 -1.3594 0.0168 0.2256 -1.3019 -0.0005 0.249 -1.2326 -0.004 0.2594 -1.2229 0.0108 0.2453 -1.2314 0.0243 0.2306 -1.254 0.0377 0.2146 -1.3008 -0.0113 0.2602 -1.2948 -0.0007 0.2499 -1.294 0.0097 0.2393 -1.2986 0.0213 0.227 -1.3095 0.0072 0.2404
27.0 -1.3593 0.0162 0.2262 -1.3027 -0.0006 0.249 -1.2341 -0.0054 0.2607 -1.2235 0.0095 0.2465 -1.2323 0.0242 0.2306 -1.2559 0.0387 0.2135 -1.3034 -0.0117 0.2603 -1.2955 -0.0015 0.2506 -1.2948 0.0096 0.2393 -1.2986 0.0213 0.227 -1.3103 0.0068 0.2407
28.0 -1.3605 0.0179 0.2244 -1.3034 -0.0019 0.2503 -1.2342 -0.0048 0.2601 -1.2235 0.0095 0.2465 -1.2306 0.0244 0.2306 -1.2551 0.0388 0.2134 -1.3027 -0.011 0.2596 -1.2956 -0.0009 0.25 -1.2948 0.0096 0.2393 -1.2986 0.0213 0.227 -1.3104 0.0074 0.24
29.0 -1.3592 0.0156 0.2268 -1.3019 -0.0005 0.249 -1.2334 -0.0047 0.26 -1.2236 0.0101 0.2459 -1.2323 0.0242 0.2306 -1.255 0.0382 0.214 -1.3008 -0.0113 0.2602 -1.2948 -0.0007 0.2499 -1.294 0.0097 0.2393 -1.2986 0.0213 0.227 -1.3095 0.0069 0.2406
30.0 -1.3584 0.0157 0.2268 -1.3028 3.528e-06 0.2484 -1.2333 -0.0053 0.2607 -1.2234 0.0089 0.2472 -1.2313 0.0237 0.2312 -1.2541 0.0383 0.214 -1.3008 -0.0113 0.2602 -1.2947 -0.0013 0.2506 -1.2931 0.0099 0.2393 -1.2978 0.0215 0.2269 -1.3089 0.0069 0.2407
31.0 -1.3593 0.0162 0.2262 -1.3027 -0.0006 0.249 -1.2335 -0.0041 0.2594 -1.2228 0.0102 0.2459 -1.2306 0.0244 0.2306 -1.2549 0.0376 0.2147 -1.3017 -0.0114 0.2602 -1.2948 -0.0007 0.2499 -1.294 0.0097 0.2393 -1.2995 0.0212 0.227 -1.3098 0.007 0.2405
32.0 -1.3603 0.0167 0.2256 -1.3019 -0.0005 0.249 -1.2335 -0.0041 0.2594 -1.2227 0.0096 0.2465 -1.2306 0.0244 0.2306 -1.2541 0.0383 0.214 -1.3017 -0.0114 0.2602 -1.2955 -0.0015 0.2506 -1.294 0.0097 0.2393 -1.2986 0.0213 0.227 -1.31 0.007 0.2405
33.0 -1.3593 0.0162 0.2262 -1.3019 -0.0005 0.249 -1.2326 -0.004 0.2594 -1.2245 0.01 0.246 -1.2324 0.0248 0.23 -1.2549 0.0376 0.2147 -1.3008 -0.0113 0.2602 -1.2948 -0.0007 0.2499 -1.2941 0.0103 0.2387 -1.2995 0.0212 0.227 -1.3097 0.0071 0.2404
34.0 -1.3596 0.018 0.2243 -1.3043 -0.0014 0.2497 -1.2341 -0.0054 0.2607 -1.2242 0.0082 0.2478 -1.2324 0.0248 0.23 -1.2551 0.0388 0.2134 -1.3036 -0.0105 0.259 -1.2966 -0.0004 0.2494 -1.2949 0.0102 0.2387 -1.2987 0.0219 0.2264 -1.3107 0.0079 0.2396
35.0 -1.3593 0.0162 0.2262 -1.302 0.0001 0.2483 -1.2336 -0.0035 0.2588 -1.2238 0.0107 0.2453 -1.2324 0.0248 0.23 -1.255 0.0382 0.214 -1.3008 -0.0113 0.2602 -1.2948 -0.0007 0.2499 -1.2948 0.0096 0.2393 -1.2995 0.0212 0.227 -1.3098 0.007 0.2405
36.0 -1.3592 0.0156 0.2268 -1.3011 0.0002 0.2483 -1.2335 -0.0041 0.2594 -1.2235 0.0095 0.2465 -1.2324 0.0248 0.23 -1.2557 0.0375 0.2147 -1.3008 -0.0113 0.2602 -1.2947 -0.0013 0.2506 -1.2948 0.0096 0.2393 -1.2995 0.0212 0.227 -1.3098 0.0068 0.2408
37.0 -1.3604 0.0173 0.225 -1.3036 -0.0007 0.249 -1.2336 -0.0035 0.2588 -1.2236 0.0101 0.2459 -1.2324 0.0248 0.23 -1.2559 0.0387 0.2135 -1.3025 -0.0116 0.2602 -1.2956 -0.0009 0.25 -1.2957 0.0095 0.2394 -1.2995 0.0212 0.227 -1.3107 0.0071 0.2403
38.0 -1.3593 0.0162 0.2262 -1.3019 -0.0005 0.249 -1.2336 -0.0035 0.2588 -1.2238 0.0107 0.2453 -1.2314 0.0243 0.2306 -1.2558 0.0381 0.2141 -1.3008 -0.0113 0.2602 -1.2939 -0.0006 0.2499 -1.2941 0.0103 0.2387 -1.2986 0.0213 0.227 -1.3094 0.0072 0.2404
39.0 -1.3601 0.0155 0.2269 -1.3012 0.0008 0.2477 -1.2335 -0.0041 0.2594 -1.2235 0.0095 0.2465 -1.2343 0.0257 0.2289 -1.2557 0.0375 0.2147 -1.3008 -0.0113 0.2602 -1.2956 -0.0009 0.25 -1.2957 0.0095 0.2394 -1.3004 0.0211 0.227 -1.3105 0.0068 0.2407
40.0 -1.3595 0.0174 0.225 -1.3037 -0.0001 0.2484 -1.2351 -0.0049 0.2601 -1.2253 0.0093 0.2466 -1.2324 0.0248 0.23 -1.2552 0.0394 0.2128 -1.3035 -0.0111 0.2596 -1.2966 -0.0004 0.2494 -1.2958 0.0101 0.2387 -1.2996 0.0218 0.2264 -1.311 0.0076 0.2398
41.0 -1.3586 0.0169 0.2256 -1.3036 -0.0007 0.249 -1.2342 -0.0048 0.2601 -1.2253 0.0093 0.2466 -1.2324 0.0248 0.23 -1.256 0.0393 0.2128 -1.3027 -0.011 0.2596 -1.2957 -0.0003 0.2493 -1.2941 0.0103 0.2387 -1.2987 0.0219 0.2264 -1.31 0.0076 0.2399
42.0 -1.3592 0.0156 0.2268 -1.3029 0.0006 0.2478 -1.2326 -0.004 0.2594 -1.2245 0.01 0.246 -1.2332 0.0247 0.2301 -1.2558 0.0381 0.2141 -1.3008 -0.0113 0.2602 -1.2948 -0.0007 0.2499 -1.2949 0.0102 0.2387 -1.2995 0.0212 0.227 -1.3098 0.007 0.2405
43.0 -1.3582 0.0151 0.2274 -1.3013 0.0014 0.2471 -1.2343 -0.0042 0.2595 -1.2243 0.0088 0.2472 -1.2325 0.0254 0.2294 -1.2557 0.0375 0.2147 -1.3008 -0.0113 0.2602 -1.2948 -0.0007 0.2499 -1.2949 0.0102 0.2387 -1.2995 0.0212 0.227 -1.3097 0.0069 0.2406
44.0 -1.3593 0.0162 0.2262 -1.3021 0.0007 0.2477 -1.2335 -0.0041 0.2594 -1.2236 0.0101 0.2459 -1.2324 0.0248 0.23 -1.2558 0.0381 0.2141 -1.3017 -0.0114 0.2602 -1.2956 -0.0009 0.25 -1.2949 0.0102 0.2387 -1.2996 0.0218 0.2264 -1.3102 0.0072 0.2403
45.0 -1.3594 0.0168 0.2256 -1.302 0.0001 0.2483 -1.2327 -0.0034 0.2588 -1.2238 0.0107 0.2453 -1.2332 0.0247 0.2301 -1.2558 0.0381 0.2141 -1.3017 -0.0114 0.2602 -1.2956 -0.0009 0.25 -1.2948 0.0096 0.2393 -1.2995 0.0212 0.227 -1.3102 0.0071 0.2404
46.0 -1.3593 0.0162 0.2262 -1.301 -0.0004 0.2489 -1.2327 -0.0034 0.2588 -1.2229 0.0108 0.2453 -1.2316 0.0255 0.2294 -1.256 0.0393 0.2128 -1.3018 -0.0109 0.2596 -1.2948 -0.0007 0.2499 -1.2949 0.0102 0.2387 -1.2996 0.0218 0.2264 -1.3101 0.0073 0.2402
47.0 -1.3603 0.0167 0.2256 -1.3011 0.0002 0.2483 -1.232 -0.0026 0.2581 -1.223 0.0114 0.2447 -1.2325 0.0254 0.2294 -1.255 0.0382 0.214 -1.301 -0.0101 0.2589 -1.2949 -0.0001 0.2493 -1.295 0.0108 0.2381 -1.2996 0.0218 0.2264 -1.3102 0.0078 0.2397
48.0 -1.3603 0.0167 0.2256 -1.2996 0.0017 0.247 -1.2319 -0.0032 0.2587 -1.222 0.0109 0.2452 -1.2308 0.0256 0.2293 -1.2543 0.0395 0.2128 -1.3017 -0.0114 0.2602 -1.2965 -0.001 0.25 -1.2949 0.0102 0.2387 -1.2987 0.0219 0.2264 -1.3104 0.0073 0.2402
49.0 -1.3558 0.0161 0.2267 -1.2986 0.0012 0.2476 -1.2309 -0.0037 0.2593 -1.2218 0.0097 0.2465 -1.2298 0.0251 0.2299 -1.2525 0.0392 0.2133 -1.3 -0.0112 0.2601 -1.2939 -0.0006 0.2499 -1.2932 0.0105 0.2386 -1.2969 0.0216 0.2269 -1.308 0.0073 0.2405
50.0 -1.3574 0.0152 0.2274 -1.3009 -0.001 0.2495 -1.23 -0.0036 0.2593 -1.2209 0.0092 0.2471 -1.2289 0.0252 0.2299 -1.2525 0.0392 0.2133 -1.2991 -0.0111 0.2601 -1.2929 -0.0011 0.2505 -1.2922 0.01 0.2392 -1.2969 0.0216 0.2269 -1.3077 0.0069 0.2408
51.0 -1.3547 0.015 0.2279 -1.298 -0.0024 0.2513 -1.2291 -0.0041 0.2599 -1.221 0.0098 0.2464 -1.2288 0.0246 0.2305 -1.2523 0.038 0.2146 -1.2989 -0.0123 0.2613 -1.2938 -0.0012 0.2505 -1.2921 0.0094 0.2398 -1.296 0.0211 0.2275 -1.3071 0.0064 0.2414
52.0 -1.3538 0.0151 0.2279 -1.2977 -0.0042 0.2532 -1.2283 -0.0034 0.2592 -1.2201 0.0099 0.2464 -1.2271 0.0249 0.2305 -1.2515 0.0387 0.2139 -1.298 -0.0122 0.2613 -1.2912 -0.0009 0.2504 -1.2905 0.0102 0.2392 -1.2943 0.0219 0.2268 -1.3056 0.0068 0.2411
53.0 -1.3512 0.0149 0.2284 -1.2958 -0.0052 0.2543 -1.2267 -0.0026 0.2585 -1.2185 0.0108 0.2457 -1.2263 0.025 0.2304 -1.2498 0.0389 0.2138 -1.293 -0.0109 0.2605 -1.2878 -0.0004 0.2503 -1.288 0.0106 0.2391 -1.2935 0.022 0.2268 -1.3027 0.0072 0.241
54.0 -1.3459 0.015 0.2288 -1.2931 -0.0054 0.2549 -1.2243 -0.001 0.2572 -1.216 0.0117 0.245 -1.2248 0.0264 0.2291 -1.2509 0.04 0.2126 -1.2896 -0.0104 0.2603 -1.2852 -6.313e-05 0.2502 -1.2862 0.0108 0.239 -1.2918 0.0223 0.2267 -1.2997 0.0075 0.241
55.0 -1.346 0.0156 0.2282 -1.2936 -0.0073 0.2568 -1.2202 0.0002 0.2564 -1.2128 0.0134 0.2436 -1.2223 0.0274 0.2284 -1.2484 0.0409 0.2119 -1.2871 -0.0095 0.2596 -1.2827 0.0009 0.2495 -1.2845 0.011 0.2389 -1.29 0.0225 0.2266 -1.2981 0.0081 0.2406
56.0 -1.3357 0.0169 0.2278 -1.2909 -0.0076 0.2573 -1.2175 -8.106e-05 0.2569 -1.21 0.0125 0.2448 -1.2197 0.0277 0.2283 -1.2458 0.0413 0.2118 -1.2827 -0.0095 0.2601 -1.2792 0.0007 0.25 -1.2801 0.011 0.2394 -1.2856 0.0225 0.2271 -1.2927 0.0083 0.2409
57.0 -1.3316 0.0138 0.2314 -1.2883 -0.0078 0.2578 -1.2149 0.0003 0.2568 -1.2065 0.0124 0.2453 -1.2155 0.0289 0.2275 -1.2433 0.0416 0.2117 -1.2791 -0.0096 0.2606 -1.2747 0.0001 0.251 -1.2756 0.0104 0.2404 -1.2829 0.0216 0.2282 -1.2888 0.0073 0.2423
58.0 -1.3264 0.0139 0.2318 -1.2745 -0.0059 0.2573 -1.2088 0.0005 0.2572 -1.1996 0.0133 0.245 -1.2121 0.0294 0.2274 -1.2371 0.0419 0.2121 -1.2746 -0.0102 0.2616 -1.2702 -0.0005 0.2521 -1.272 0.0097 0.2416 -1.2785 0.0216 0.2287 -1.2843 0.0069 0.2432
59.0 -1.3274 0.015 0.2306 -1.2753 -0.0067 0.2579 -1.2034 -1.505e-05 0.2583 -1.1951 0.0127 0.2461 -1.2068 0.0295 0.2278 -1.2319 0.042 0.2125 -1.2721 -0.0099 0.2615 -1.2668 0.0006 0.2513 -1.2668 0.0104 0.2414 -1.2723 0.0218 0.2291 -1.2811 0.0076 0.2428
60.0 -1.3211 0.014 0.2322 -1.2666 -0.0061 0.2582 -1.1981 8.429e-05 0.2587 -1.1889 0.0123 0.2471 -1.2016 0.0296 0.2282 -1.2256 0.0416 0.2135 -1.2641 -0.01 0.2625 -1.2597 -0.0003 0.2529 -1.2606 0.01 0.2424 -1.2669 0.0207 0.2307 -1.2745 0.0069 0.2442
61.0 -1.3149 0.0136 0.2332 -1.2543 -0.0057 0.259 -1.1901 -0.0007 0.2602 -1.1826 0.012 0.2481 -1.1925 0.0283 0.2304 -1.2185 0.0407 0.2151 -1.2568 -0.0115 0.2647 -1.2533 -0.0013 0.2546 -1.2541 0.0084 0.2446 -1.2605 0.0198 0.2324 -1.2679 0.0058 0.2459
62.0 -1.3069 0.0135 0.2342 -1.248 -0.0066 0.2606 -1.182 -0.0014 0.2618 -1.1714 0.0129 0.2483 -1.1837 0.0283 0.2313 -1.2098 0.0413 0.2154 -1.2491 -0.0105 0.2644 -1.2446 -0.0007 0.2549 -1.2454 0.009 0.2449 -1.2527 0.0202 0.2327 -1.2598 0.0063 0.2462
63.0 -1.2915 0.0107 0.2386 -1.2171 -0.0025 0.2594 -1.1706 -0.0017 0.2632 -1.1648 0.0107 0.2511 -1.1755 0.0264 0.2341 -1.2014 0.0387 0.2188 -1.2366 -0.0112 0.2664 -1.2347 -0.0024 0.2576 -1.2373 0.0076 0.2471 -1.2444 0.0183 0.2355 -1.2489 0.0046 0.249
64.0 -1.283 0.0076 0.2426 -1.2077 -0.0055 0.2634 -1.1598 -0.0027 0.2653 -1.155 0.0102 0.2526 -1.1661 0.0282 0.2331 -1.1925 0.0381 0.2204 -1.2285 -0.0126 0.2686 -1.2276 -0.0027 0.2586 -1.2312 0.0078 0.2475 -1.2375 0.0186 0.2358 -1.2415 0.0038 0.2506
65.0 -1.277 0.0084 0.2424 -1.1973 -0.0047 0.2636 -1.1517 -0.004 0.2675 -1.1451 0.0085 0.2554 -1.1568 0.0252 0.2371 -1.1854 0.0378 0.2213 -1.2196 -0.0132 0.2701 -1.2177 -0.0038 0.2607 -1.2212 0.0061 0.2502 -1.2292 0.0167 0.2386 -1.2329 0.0028 0.2524
66.0 -1.2741 0.0118 0.2391 -1.2002 -0.0081 0.2669 -1.1436 -0.0048 0.2691 -1.1375 0.0107 0.2538 -1.1514 0.0247 0.2381 -1.1763 0.036 0.2241 -1.2127 -0.0123 0.2699 -1.2101 -0.0021 0.2598 -1.2136 0.0078 0.2493 -1.2207 0.0184 0.2377 -1.2262 0.0047 0.2511
67.0 -1.2652 0.0112 0.2407 -1.1829 -0.0064 0.2668 -1.1341 -0.0041 0.2693 -1.1296 0.0106 0.2548 -1.1424 0.0235 0.2403 -1.1685 0.0365 0.2244 -1.2029 -0.0128 0.2714 -1.2003 -0.0027 0.2613 -1.2038 0.0073 0.2508 -1.211 0.0185 0.2386 -1.2167 0.0043 0.2525
68.0 -1.2554 0.0107 0.2422 -1.173 -0.0081 0.2696 -1.1237 -0.0033 0.2695 -1.122 0.0122 0.2539 -1.1347 0.0245 0.24 -1.1598 0.037 0.2247 -1.1933 -0.0127 0.2722 -1.1916 -0.0021 0.2615 -1.1961 0.0083 0.2505 -1.2033 0.0195 0.2383 -1.2079 0.0047 0.2529
69.0 -1.2448 0.0103 0.2436 -1.1549 -0.0057 0.2689 -1.1142 -0.002 0.2692 -1.1098 0.0132 0.254 -1.1253 0.0264 0.239 -1.1512 0.0382 0.2244 -1.1811 -0.0117 0.2724 -1.1812 -0.0013 0.2618 -1.1858 0.0097 0.2501 -1.1939 0.0208 0.2379 -1.1973 0.0056 0.2532
70.0 -1.2223 0.0127 0.2434 -1.1361 -0.0074 0.2725 -1.09 0.0006 0.2689 -1.0867 0.017 0.2525 -1.0999 0.0317 0.2361 -1.1244 0.0412 0.224 -1.1604 -0.0095 0.2722 -1.1596 0.001 0.2616 -1.1633 0.0121 0.2498 -1.1706 0.0234 0.2376 -1.1752 0.0079 0.2529
71.0 -1.1958 0.012 0.2467 -1.1107 -0.0119 0.2796 -1.0616 0.0039 0.2684 -1.06 0.02 0.2521 -1.0732 0.0353 0.2351 -1.0985 0.0441 0.2236 -1.1313 -0.0049 0.2705 -1.1322 0.0053 0.2599 -1.1367 0.0157 0.2488 -1.1455 0.0261 0.2373 -1.1483 0.0108 0.2526
72.0 -1.1862 0.0121 0.2476 -1.098 -0.0139 0.2829 -1.0505 0.006 0.2673 -1.0524 0.0216 0.2512 -1.0638 0.0365 0.2347 -1.0907 0.0445 0.2239 -1.1215 -0.0055 0.2719 -1.1243 0.0052 0.2608 -1.1305 0.0159 0.2492 -1.1385 0.0265 0.2376 -1.1402 0.0108 0.2534
73.0 -1.1819 0.0127 0.2474 -1.0891 -0.0145 0.2844 -1.0435 0.0063 0.2677 -1.0437 0.0222 0.2514 -1.0533 0.0367 0.2356 -1.0793 0.0448 0.2247 -1.1128 -0.0049 0.2722 -1.1138 0.006 0.261 -1.1201 0.0167 0.2494 -1.129 0.0271 0.2379 -1.1315 0.0115 0.2536
74.0 -1.1722 0.0127 0.2483 -1.0796 -0.0138 0.2847 -1.0375 0.0071 0.2674 -1.0377 0.023 0.2512 -1.0479 0.0362 0.2366 -1.0733 0.0456 0.2245 -1.1042 -0.0037 0.2719 -1.1053 0.0071 0.2607 -1.1114 0.0173 0.2497 -1.1203 0.0277 0.2382 -1.1227 0.0122 0.2538
75.0 -1.166 0.0124 0.2493 -1.0681 -0.0141 0.2861 -1.0301 0.0099 0.2653 -1.0296 0.0222 0.2528 -1.0402 0.0373 0.2363 -1.0655 0.0461 0.2248 -1.0965 -0.0027 0.2716 -1.0992 0.0079 0.2605 -1.1055 0.0187 0.2488 -1.1151 0.0284 0.238 -1.1165 0.0129 0.2536
76.0 -1.1575 0.0141 0.2484 -1.0642 -0.0112 0.2835 -1.0265 0.0098 0.2658 -1.0246 0.0235 0.252 -1.0351 0.0386 0.2355 -1.0604 0.0474 0.224 -1.0878 -0.0021 0.2719 -1.0882 0.01 0.2594 -1.0946 0.0214 0.2472 -1.1052 0.0322 0.2351 -1.1067 0.0151 0.2524
77.0 -1.1456 0.0163 0.2473 -1.057 -0.0022 0.2751 -1.0192 0.0181 0.258 -1.0173 0.0275 0.2486 -1.0273 0.039 0.2358 -1.0524 0.0417 0.2305 -1.079 0.0027 0.2678 -1.0806 0.0123 0.2579 -1.0893 0.0215 0.2476 -1.1014 0.0302 0.2374 -1.0992 0.0166 0.2516
78.0 -1.1366 0.0151 0.2494 -1.0483 -0.0115 0.2853 -1.0131 0.0135 0.2634 -1.0114 0.029 0.2477 -1.0237 0.0438 0.2313 -1.0494 0.0501 0.2223 -1.0736 0.0022 0.2688 -1.0756 0.0136 0.2571 -1.0835 0.0235 0.2461 -1.0949 0.0336 0.2347 -1.0928 0.0176 0.2512
79.0 -1.1287 0.0156 0.2497 -1.0343 -0.0114 0.2867 -1.0058 0.0169 0.2606 -1.0057 0.0316 0.2456 -1.0189 0.0463 0.2292 -1.0427 0.0516 0.2214 -1.0657 0.0021 0.2698 -1.0686 0.0139 0.2574 -1.0776 0.0249 0.2453 -1.089 0.035 0.2338 -1.0859 0.0183 0.2512
80.0 -1.1223 0.014 0.252 -1.0244 -0.0125 0.2888 -1.0012 0.0206 0.2573 -1.0003 0.0359 0.2416 -1.0143 0.0506 0.2253 -1.038 0.0553 0.2181 -1.0581 0.0043 0.2682 -1.0619 0.016 0.2559 -1.0699 0.0266 0.2443 -1.0813 0.036 0.2335 -1.0787 0.0194 0.2508
81.0 -1.1162 0.0142 0.2524 -1.0175 -0.0116 0.2885 -0.9954 0.0226 0.2558 -0.9964 0.0383 0.2396 -1.0095 0.053 0.2233 -1.034 0.0571 0.2167 -1.0522 0.0057 0.2674 -1.0569 0.0173 0.2551 -1.0649 0.0278 0.2435 -1.0771 0.0372 0.2328 -1.0735 0.0205 0.2502
82.0 -1.11 0.0144 0.2528 -1.0105 -0.0112 0.2889 -0.9913 0.0243 0.2544 -0.9907 0.0409 0.2375 -1.0063 0.0547 0.2219 -1.0298 0.0582 0.2159 -1.0463 0.0071 0.2665 -1.0511 0.0193 0.2536 -1.0599 0.0297 0.2421 -1.072 0.0385 0.2319 -1.0679 0.0218 0.2494
83.0 -1.1048 0.0145 0.2532 -1.007 -0.0114 0.2894 -0.988 0.026 0.253 -0.9857 0.0428 0.2361 -1.0005 0.0567 0.2204 -1.024 0.0602 0.2145 -1.0396 0.0093 0.265 -1.0436 0.0216 0.2521 -1.0524 0.032 0.2405 -1.0644 0.0401 0.231 -1.061 0.0235 0.2484
84.0 -1.1013 0.015 0.2531 -1.0009 -0.0112 0.2898 -0.9809 0.0306 0.249 -0.9818 0.0458 0.2334 -0.9958 0.0604 0.2171 -1.0175 0.0636 0.2117 -1.0354 0.0098 0.2649 -1.0403 0.0232 0.2507 -1.0492 0.0336 0.2392 -1.0604 0.0425 0.229 -1.0573 0.0248 0.2474
85.0 -1.0962 0.0157 0.2529 -0.9957 -0.0105 0.2896 -0.9735 0.0335 0.2469 -0.9744 0.0486 0.2313 -0.9879 0.0602 0.2181 -1.0115 0.0644 0.2115 -1.0286 0.0114 0.264 -1.0343 0.024 0.2505 -1.0432 0.0344 0.2389 -1.0554 0.0438 0.2282 -1.0515 0.0259 0.2469
86.0 -1.0882 0.0155 0.2538 -0.9904 -0.011 0.2906 -0.9673 0.038 0.2429 -0.9648 0.0542 0.2265 -0.9823 0.0634 0.2153 -1.0072 0.065 0.2113 -1.0229 0.014 0.2619 -1.0286 0.0266 0.2484 -1.0391 0.0362 0.2375 -1.0519 0.0443 0.228 -1.0462 0.0273 0.2459
87.0 -1.082 0.0151 0.2548 -0.9862 -0.0098 0.2898 -0.9619 0.0375 0.2439 -0.9619 0.0527 0.2283 -0.9748 0.0657 0.2138 -0.9998 0.0678 0.2091 -1.0171 0.016 0.2604 -1.0237 0.0285 0.2469 -1.0341 0.0381 0.2361 -1.047 0.0461 0.2266 -1.0408 0.0288 0.245
88.0 -1.0757 0.0142 0.2564 -0.9818 -0.0098 0.2903 -0.9599 0.0414 0.2401 -0.9599 0.0561 0.2251 -0.9726 0.0684 0.2112 -0.9966 0.07 0.2072 -1.0106 0.0193 0.2577 -1.0171 0.0312 0.2448 -1.0275 0.0402 0.2346 -1.041 0.047 0.2264 -1.0344 0.0304 0.244
89.0 -1.0703 0.0137 0.2575 -0.9782 -0.0099 0.2908 -0.9591 0.0415 0.24 -0.9565 0.0571 0.2243 -0.9667 0.0698 0.2104 -0.99 0.0722 0.2056 -1.0051 0.0231 0.2543 -1.0116 0.035 0.2415 -1.0218 0.0428 0.2325 -1.0351 0.0484 0.2255 -1.0288 0.0326 0.2422
90.0 -1.0668 0.0135 0.258 -0.9741 -0.0082 0.2893 -0.9592 0.0421 0.2394 -0.9518 0.0602 0.2217 -0.961 0.0724 0.2083 -0.9832 0.0737 0.2048 -1.0012 0.0261 0.2517 -1.0068 0.0375 0.2394 -1.0169 0.0453 0.2304 -1.0294 0.051 0.2234 -1.0242 0.0347 0.2406
91.0 -1.0659 0.0137 0.2579 -0.9699 -0.007 0.2886 -0.9544 0.0446 0.2374 -0.9472 0.0639 0.2184 -0.9577 0.0735 0.2075 -0.9807 0.0746 0.204 -0.9988 0.027 0.251 -1.0052 0.0384 0.2387 -1.0145 0.0463 0.2297 -1.0286 0.0517 0.2228 -1.0226 0.0354 0.24
92.0 -1.0606 0.0132 0.259 -0.9661 -0.004 0.2859 -0.9534 0.0441 0.238 -0.9367 0.0641 0.2192 -0.9499 0.0745 0.2072 -0.973 0.0757 0.2037 -0.9954 0.0281 0.2502 -1.0009 0.0389 0.2385 -1.011 0.0467 0.2296 -1.0233 0.0518 0.2232 -1.0182 0.0357 0.2401
93.0 -1.0604 0.012 0.2602 -0.964 -0.0007 0.2827 -0.9499 0.0446 0.2378 -0.9324 0.0647 0.219 -0.9439 0.0753 0.207 -0.9695 0.0755 0.2042 -0.9915 0.0304 0.2482 -0.9968 0.0407 0.2371 -1.0067 0.0473 0.2294 -1.0207 0.0515 0.2237 -1.0152 0.0364 0.2397
94.0 -1.0465 0.0132 0.2603 -0.9454 0.0085 0.2751 -0.912 0.0589 0.227 -0.9141 0.0659 0.2196 -0.928 0.0701 0.2139 -0.9528 0.0711 0.2105 -0.9685 0.0402 0.2404 -0.9761 0.0484 0.2313 -0.9886 0.054 0.2243 -1.005 0.0573 0.2193 -0.9969 0.0426 0.2351
95.0 -1.0397 0.0147 0.2594 -0.9361 0.011 0.2735 -0.9045 0.0562 0.2304 -0.9084 0.0636 0.2225 -0.9242 0.0682 0.2162 -0.9482 0.0699 0.2121 -0.9615 0.04 0.2414 -0.97 0.0486 0.2317 -0.984 0.0534 0.2254 -1.0014 0.0572 0.2198 -0.9913 0.0428 0.2356
96.0 -1.0389 0.0149 0.2594 -0.9327 0.0115 0.2734 -0.9026 0.0553 0.2316 -0.9057 0.0634 0.223 -0.9221 0.0667 0.218 -0.9468 0.067 0.2152 -0.9606 0.0401 0.2414 -0.9699 0.048 0.2323 -0.9832 0.0535 0.2254 -0.9996 0.0568 0.2204 -0.9904 0.0427 0.2358
97.0 -1.0346 0.0154 0.2592 -0.932 0.0122 0.2727 -0.9007 0.0549 0.2322 -0.9045 0.0611 0.2254 -0.9217 0.0643 0.2205 -0.9488 0.068 0.214 -0.9588 0.0397 0.2419 -0.9672 0.0477 0.2329 -0.9805 0.0533 0.2259 -0.9987 0.0569 0.2204 -0.988 0.0426 0.236
98.0 -1.0347 0.016 0.2586 -0.9293 0.0119 0.2732 -0.9014 0.0536 0.2334 -0.9067 0.059 0.2274 -0.925 0.0626 0.2219 -0.9483 0.0656 0.2165 -0.9578 0.0392 0.2425 -0.9671 0.0472 0.2335 -0.9805 0.0533 0.2259 -0.9971 0.0578 0.2197 -0.9874 0.0427 0.236
99.0 -1.0331 0.0169 0.2579 -0.9294 0.0125 0.2726 -0.8992 0.0514 0.2359 -0.9045 0.0562 0.2304 -0.921 0.0601 0.2248 -0.9482 0.065 0.2171 -0.9588 0.0397 0.2419 -0.9672 0.0477 0.2329 -0.9798 0.054 0.2252 -0.9964 0.0585 0.219 -0.987 0.0434 0.2354
100.0 -1.0341 0.0179 0.2567 -0.9285 0.0127 0.2726 -0.9014 0.0487 0.2384 -0.906 0.0548 0.2317 -0.9234 0.0586 0.2262 -0.9461 0.0628 0.2196 -0.9611 0.0382 0.2433 -0.9688 0.0469 0.2336 -0.9805 0.0533 0.2259 -0.9955 0.0586 0.219 -0.988 0.043 0.2357
101.0 -1.0334 0.0187 0.256 -0.9278 0.0134 0.2719 -0.9033 0.0497 0.2373 -0.9163 0.0534 0.2321 -0.9327 0.0567 0.2272 -0.951 0.0603 0.2216 -0.9605 0.0395 0.242 -0.9689 0.0475 0.2329 -0.9815 0.0538 0.2253 -0.9972 0.0584 0.219 -0.9883 0.0436 0.2351
102.0 -1.0288 0.0175 0.2577 -0.9277 0.0128 0.2726 -0.9084 0.0484 0.2381 -0.918 0.0532 0.2322 -0.9353 0.0563 0.2273 -0.9571 0.0601 0.2212 -0.9577 0.0386 0.2431 -0.9662 0.0467 0.2341 -0.9787 0.0529 0.2264 -0.9945 0.0581 0.2196 -0.9852 0.0428 0.2362
103.0 -1.028 0.0182 0.2571 -0.9271 0.0147 0.2707 -0.9117 0.0473 0.2388 -0.922 0.0508 0.2342 -0.9383 0.0535 0.2299 -0.9578 0.0594 0.2219 -0.9568 0.0388 0.2431 -0.9662 0.0467 0.2341 -0.9787 0.0529 0.2264 -0.9938 0.0588 0.2189 -0.9847 0.0431 0.2359
104.0 -1.0245 0.018 0.2576 -0.9274 0.0165 0.2688 -0.9151 0.0462 0.2396 -0.9328 0.0469 0.2372 -0.9495 0.052 0.2303 -0.9649 0.0597 0.2209 -0.9543 0.0391 0.243 -0.9644 0.0469 0.234 -0.977 0.0532 0.2264 -0.9947 0.0587 0.2189 -0.983 0.0432 0.236
105.0 -1.0203 0.0192 0.2568 -0.9277 0.0183 0.2669 -0.9164 0.0436 0.2421 -0.9316 0.0452 0.239 -0.9484 0.0509 0.2315 -0.9645 0.0573 0.2234 -0.9519 0.0407 0.2416 -0.9629 0.0483 0.2327 -0.9755 0.0546 0.2251 -0.9929 0.0589 0.2189 -0.9807 0.0443 0.235
106.0 -1.0159 0.0192 0.2572 -0.9275 0.022 0.2632 -0.9213 0.0417 0.2436 -0.9391 0.043 0.2405 -0.9533 0.0484 0.2336 -0.9675 0.0544 0.226 -0.9478 0.0424 0.2402 -0.9597 0.05 0.2313 -0.9721 0.0556 0.2243 -0.9896 0.06 0.2181 -0.977 0.0454 0.2342
107.0 -1.0159 0.0192 0.2572 -0.9278 0.0237 0.2613 -0.9239 0.0414 0.2437 -0.9385 0.0443 0.2392 -0.9518 0.0498 0.2323 -0.9668 0.0551 0.2254 -0.9477 0.0418 0.2409 -0.9596 0.0494 0.2319 -0.972 0.055 0.2249 -0.9895 0.0594 0.2187 -0.9769 0.045 0.2347
108.0 -1.0144 0.0206 0.2559 -0.9272 0.0251 0.26 -0.9264 0.0404 0.2444 -0.9435 0.043 0.2401 -0.9568 0.0485 0.2331 -0.9718 0.0538 0.2262 -0.9453 0.0434 0.2395 -0.9573 0.0515 0.23 -0.9706 0.0571 0.223 -0.9882 0.062 0.2162 -0.9752 0.0469 0.2329
109.0 -1.0136 0.0213 0.2553 -0.9266 0.027 0.2581 -0.9264 0.0404 0.2444 -0.9451 0.0422 0.2408 -0.9568 0.0485 0.2331 -0.9726 0.0531 0.2268 -0.9453 0.0434 0.2395 -0.9565 0.0516 0.23 -0.9699 0.0578 0.2224 -0.9873 0.0621 0.2162 -0.9745 0.0473 0.2327
110.0 -1.0129 0.022 0.2546 -0.9302 0.0271 0.2577 -0.9305 0.0393 0.2452 -0.9485 0.0411 0.2415 -0.9592 0.047 0.2344 -0.9725 0.0525 0.2275 -0.9454 0.044 0.2389 -0.9567 0.0528 0.2287 -0.97 0.0584 0.2217 -0.9874 0.0627 0.2155 -0.9745 0.048 0.2319
111.0 -1.0121 0.0228 0.254 -0.9296 0.029 0.2558 -0.9305 0.0393 0.2452 -0.9493 0.041 0.2415 -0.96 0.0469 0.2345 -0.9733 0.0524 0.2275 -0.9455 0.0446 0.2383 -0.9558 0.053 0.2287 -0.9682 0.0586 0.2217 -0.9858 0.0636 0.2149 -0.9735 0.0485 0.2315
112.0 -1.0149 0.0236 0.2528 -0.9289 0.0297 0.2551 -0.9314 0.0391 0.2452 -0.9509 0.0402 0.2422 -0.9625 0.0459 0.2352 -0.975 0.0522 0.2276 -0.9462 0.0433 0.2395 -0.9565 0.0516 0.23 -0.969 0.0579 0.2223 -0.9858 0.0636 0.2149 -0.9745 0.048 0.2319
113.0 -1.0141 0.0243 0.2522 -0.9292 0.0315 0.2533 -0.9299 0.0406 0.2439 -0.951 0.0408 0.2416 -0.9619 0.0473 0.2339 -0.9744 0.0535 0.2263 -0.9454 0.044 0.2389 -0.9558 0.053 0.2287 -0.9683 0.0592 0.221 -0.9851 0.0643 0.2142 -0.9738 0.0489 0.231
114.0 -1.0107 0.0248 0.252 -0.9308 0.0307 0.2539 -0.9324 0.0396 0.2446 -0.9519 0.0407 0.2416 -0.9619 0.0473 0.2339 -0.9735 0.0536 0.2262 -0.942 0.0444 0.2388 -0.9531 0.0527 0.2292 -0.9666 0.0594 0.221 -0.9842 0.0644 0.2142 -0.9713 0.0491 0.231
115.0 -1.0126 0.0257 0.2509 -0.9309 0.0313 0.2533 -0.9357 0.0386 0.2454 -0.9528 0.0405 0.2417 -0.9619 0.0473 0.2339 -0.9745 0.0541 0.2257 -0.9429 0.0443 0.2388 -0.9531 0.0527 0.2292 -0.9649 0.0597 0.2209 -0.9826 0.0652 0.2135 -0.9712 0.0495 0.2307
116.0 -1.0126 0.0257 0.2509 -0.9317 0.0306 0.254 -0.9323 0.039 0.2453 -0.9528 0.0405 0.2417 -0.9619 0.0473 0.2339 -0.9728 0.0543 0.2256 -0.9428 0.0437 0.2394 -0.9531 0.0527 0.2292 -0.9649 0.0597 0.2209 -0.9826 0.0652 0.2135 -0.9712 0.0494 0.2308
117.0 -1.0109 0.026 0.2508 -0.9317 0.0306 0.254 -0.9348 0.0387 0.2454 -0.9545 0.0403 0.2417 -0.9637 0.0476 0.2334 -0.9755 0.0546 0.2251 -0.941 0.044 0.2393 -0.9523 0.0528 0.2292 -0.9649 0.0597 0.2209 -0.9836 0.0657 0.2129 -0.9705 0.0496 0.2306
118.0 -1.011 0.0266 0.2502 -0.9324 0.0298 0.2546 -0.934 0.0388 0.2453 -0.9535 0.0398 0.2423 -0.9637 0.0476 0.2334 -0.9755 0.0546 0.2251 -0.9409 0.0434 0.24 -0.9513 0.0523 0.2298 -0.9649 0.0597 0.2209 -0.9826 0.0652 0.2135 -0.9702 0.0494 0.2309
119.0 -1.0119 0.0265 0.2502 -0.9324 0.0298 0.2546 -0.9348 0.0387 0.2454 -0.9545 0.0403 0.2417 -0.9644 0.0469 0.234 -0.9753 0.054 0.2257 -0.9408 0.0428 0.2406 -0.9512 0.0517 0.2304 -0.9638 0.0586 0.2221 -0.9825 0.0646 0.2141 -0.97 0.0488 0.2315
120.0 -1.011 0.0266 0.2502 -0.9333 0.0297 0.2547 -0.9357 0.0386 0.2454 -0.9545 0.0403 0.2417 -0.9637 0.0476 0.2334 -0.9755 0.0546 0.2251 -0.9401 0.0435 0.2399 -0.9513 0.0523 0.2298 -0.964 0.0598 0.2209 -0.9826 0.0652 0.2135 -0.9698 0.0495 0.2308
121.0 -1.0126 0.0257 0.2509 -0.9348 0.0283 0.256 -0.9366 0.0384 0.2454 -0.9546 0.0409 0.2411 -0.9645 0.0475 0.2334 -0.9771 0.0537 0.2258 -0.94 0.0429 0.2406 -0.9512 0.0517 0.2304 -0.9638 0.0586 0.2221 -0.9825 0.0646 0.2141 -0.97 0.0487 0.2316
122.0 -1.0109 0.026 0.2508 -0.9358 0.0294 0.2548 -0.939 0.0375 0.2461 -0.9546 0.0409 0.2411 -0.9654 0.0474 0.2334 -0.9772 0.0543 0.2251 -0.9401 0.0435 0.2399 -0.9513 0.0523 0.2298 -0.9649 0.0597 0.2209 -0.9835 0.0651 0.2135 -0.9701 0.0493 0.231
123.0 -1.0111 0.0272 0.2496 -0.939 0.0271 0.2568 -0.934 0.0388 0.2453 -0.9536 0.0404 0.2417 -0.9635 0.0464 0.2346 -0.9736 0.0542 0.2256 -0.9408 0.0428 0.2406 -0.9512 0.0517 0.2304 -0.9638 0.0586 0.2221 -0.9816 0.0647 0.2141 -0.9697 0.049 0.2313
124.0 -1.0126 0.0257 0.2509 -0.9365 0.0281 0.256 -0.9358 0.0392 0.2448 -0.9537 0.041 0.2411 -0.9654 0.0474 0.2334 -0.9763 0.0545 0.2251 -0.9418 0.0432 0.24 -0.953 0.0521 0.2298 -0.9657 0.059 0.2216 -0.9842 0.0644 0.2142 -0.9715 0.0489 0.2313
125.0 -1.0099 0.0255 0.2514 -0.9376 0.0292 0.2548 -0.9341 0.0394 0.2447 -0.9536 0.0404 0.2417 -0.9645 0.0475 0.2334 -0.9746 0.0547 0.225 -0.94 0.0429 0.2406 -0.9512 0.0517 0.2304 -0.9647 0.0585 0.2222 -0.9834 0.0645 0.2141 -0.9698 0.0486 0.2317
126.0 -1.01 0.0261 0.2508 -0.9374 0.028 0.2561 -0.9314 0.0391 0.2452 -0.9518 0.0401 0.2423 -0.9619 0.0473 0.2339 -0.9746 0.0547 0.225 -0.9409 0.0434 0.24 -0.9513 0.0523 0.2298 -0.9631 0.0593 0.2215 -0.9817 0.0653 0.2134 -0.9694 0.0493 0.2311
127.0 -1.0099 0.0255 0.2514 -0.9366 0.0287 0.2554 -0.9388 0.0363 0.2474 -0.9545 0.0403 0.2417 -0.9628 0.0477 0.2333 -0.9756 0.0552 0.2244 -0.9401 0.0435 0.2399 -0.9504 0.0525 0.2297 -0.9639 0.0592 0.2215 -0.9817 0.0653 0.2134 -0.9692 0.0492 0.2312
128.0 -1.0109 0.026 0.2508 -0.9375 0.0286 0.2554 -0.9357 0.0386 0.2454 -0.9545 0.0403 0.2417 -0.9637 0.0476 0.2334 -0.9746 0.0547 0.225 -0.9409 0.0434 0.24 -0.9513 0.0523 0.2298 -0.9639 0.0592 0.2215 -0.9825 0.0646 0.2141 -0.9699 0.0491 0.2312
129.0 -1.0099 0.0255 0.2514 -0.9367 0.0293 0.2548 -0.9331 0.0389 0.2453 -0.9528 0.0405 0.2417 -0.9637 0.0476 0.2334 -0.9755 0.0546 0.2251 -0.9401 0.0435 0.2399 -0.9513 0.0523 0.2298 -0.9648 0.0591 0.2215 -0.9834 0.0645 0.2141 -0.9699 0.049 0.2313
130.0 -1.0099 0.0255 0.2514 -0.9375 0.0286 0.2554 -0.9332 0.0395 0.2447 -0.9537 0.041 0.2411 -0.9663 0.0473 0.2335 -0.9763 0.0545 0.2251 -0.9401 0.0435 0.2399 -0.9504 0.0525 0.2297 -0.9639 0.0592 0.2215 -0.9835 0.0651 0.2135 -0.9696 0.0491 0.2312
131.0 -1.01 0.0261 0.2508 -0.9367 0.0293 0.2548 -0.9331 0.0389 0.2453 -0.9528 0.0405 0.2417 -0.9644 0.0469 0.234 -0.9761 0.0533 0.2263 -0.9409 0.0434 0.24 -0.9512 0.0517 0.2304 -0.9647 0.0585 0.2222 -0.9825 0.0646 0.2141 -0.9699 0.0489 0.2315
132.0 -1.0098 0.0249 0.252 -0.9367 0.0293 0.2548 -0.9331 0.0389 0.2453 -0.9519 0.0407 0.2416 -0.9627 0.0471 0.2339 -0.9752 0.0534 0.2263 -0.9401 0.0435 0.2399 -0.9503 0.0519 0.2303 -0.9638 0.0586 0.2221 -0.9825 0.0646 0.2141 -0.9693 0.0487 0.2317
133.0 -1.01 0.0261 0.2508 -0.9356 0.0282 0.256 -0.9331 0.0389 0.2453 -0.9519 0.0407 0.2416 -0.9619 0.0473 0.2339 -0.9753 0.054 0.2257 -0.9409 0.0434 0.24 -0.9512 0.0517 0.2304 -0.9648 0.0591 0.2215 -0.9825 0.0646 0.2141 -0.9699 0.049 0.2313
134.0 -1.0108 0.0254 0.2514 -0.9357 0.0288 0.2554 -0.9357 0.0386 0.2454 -0.9545 0.0403 0.2417 -0.9628 0.0477 0.2333 -0.9745 0.0541 0.2257 -0.941 0.044 0.2393 -0.9513 0.0523 0.2298 -0.964 0.0598 0.2209 -0.9826 0.0652 0.2135 -0.97 0.0493 0.231
135.0 -1.0118 0.0259 0.2508 -0.9365 0.0281 0.256 -0.9347 0.0381 0.246 -0.9519 0.0407 0.2416 -0.9627 0.0471 0.2339 -0.9755 0.0546 0.2251 -0.9408 0.0428 0.2406 -0.9512 0.0517 0.2304 -0.9648 0.0591 0.2215 -0.9825 0.0646 0.2141 -0.9702 0.0488 0.2315
136.0 -1.0108 0.0254 0.2514 -0.9375 0.0286 0.2554 -0.9357 0.0386 0.2454 -0.9528 0.0405 0.2417 -0.9627 0.0471 0.2339 -0.9753 0.054 0.2257 -0.9409 0.0434 0.24 -0.9513 0.0523 0.2298 -0.9648 0.0591 0.2215 -0.9825 0.0646 0.2141 -0.9701 0.049 0.2314
137.0 -1.0117 0.0253 0.2515 -0.9366 0.0287 0.2554 -0.9349 0.0393 0.2447 -0.9538 0.0416 0.2405 -0.9645 0.0475 0.2334 -0.9763 0.0545 0.2251 -0.9419 0.0438 0.2394 -0.953 0.0521 0.2298 -0.9657 0.059 0.2216 -0.9835 0.0651 0.2135 -0.9711 0.0491 0.2311
138.0 -1.0117 0.0253 0.2515 -0.9365 0.0281 0.256 -0.934 0.0388 0.2453 -0.9529 0.0411 0.2411 -0.9628 0.0477 0.2333 -0.9746 0.0547 0.225 -0.9418 0.0432 0.24 -0.953 0.0521 0.2298 -0.9657 0.059 0.2216 -0.9843 0.065 0.2135 -0.9713 0.0489 0.2313
139.0 -1.0108 0.0254 0.2514 -0.9356 0.0282 0.256 -0.9322 0.0384 0.2459 -0.9509 0.0402 0.2422 -0.9627 0.0471 0.2339 -0.9745 0.0541 0.2257 -0.9419 0.0438 0.2394 -0.9531 0.0527 0.2292 -0.9658 0.0595 0.2209 -0.9835 0.0651 0.2135 -0.971 0.0493 0.2309
140.0 -1.0127 0.0263 0.2502 -0.9355 0.0276 0.2566 -0.9331 0.0389 0.2453 -0.951 0.0408 0.2416 -0.9619 0.0473 0.2339 -0.9744 0.0535 0.2263 -0.9429 0.0443 0.2388 -0.9541 0.0532 0.2286 -0.9667 0.06 0.2204 -0.9836 0.0657 0.2129 -0.972 0.0499 0.2302
141.0 -1.0135 0.0256 0.2509 -0.9363 0.0269 0.2573 -0.9304 0.0387 0.2458 -0.9492 0.0404 0.2422 -0.9617 0.0467 0.2345 -0.9744 0.0535 0.2263 -0.9437 0.0442 0.2388 -0.955 0.0531 0.2286 -0.9667 0.06 0.2204 -0.9836 0.0657 0.2129 -0.9725 0.0497 0.2303
142.0 -1.0136 0.0262 0.2503 -0.9371 0.0268 0.2573 -0.933 0.0383 0.2459 -0.9495 0.0422 0.2403 -0.9603 0.0487 0.2326 -0.9728 0.0543 0.2256 -0.9454 0.044 0.2389 -0.955 0.0531 0.2286 -0.9667 0.06 0.2204 -0.9836 0.0657 0.2129 -0.9729 0.0498 0.2302
143.0 -1.0127 0.0263 0.2502 -0.9397 0.0264 0.2574 -0.9314 0.0391 0.2452 -0.9478 0.0424 0.2402 -0.9595 0.0488 0.2326 -0.9718 0.0538 0.2262 -0.9455 0.0446 0.2383 -0.9551 0.0537 0.228 -0.9676 0.0599 0.2204 -0.9843 0.065 0.2135 -0.973 0.0499 0.2301
144.0 -1.0141 0.0243 0.2522 -0.938 0.0266 0.2573 -0.9271 0.0397 0.2451 -0.9444 0.0429 0.2401 -0.9559 0.0487 0.2331 -0.9701 0.0541 0.2261 -0.9465 0.045 0.2377 -0.9568 0.0534 0.2281 -0.9685 0.0598 0.2204 -0.9853 0.0655 0.213 -0.9742 0.0496 0.2303
145.0 -1.0176 0.0238 0.2523 -0.9416 0.0268 0.2569 -0.9266 0.0416 0.2432 -0.9463 0.0439 0.2389 -0.9578 0.049 0.2325 -0.9703 0.0553 0.2249 -0.9479 0.043 0.2396 -0.9583 0.052 0.2294 -0.97 0.0584 0.2217 -0.9859 0.0642 0.2142 -0.9759 0.0483 0.2315
146.0 -1.0186 0.0249 0.2511 -0.9396 0.0258 0.258 -0.9231 0.0421 0.243 -0.9403 0.0447 0.2387 -0.9575 0.0472 0.2344 -0.9712 0.0552 0.2249 -0.9504 0.0421 0.2403 -0.9598 0.0506 0.2307 -0.9716 0.0575 0.2224 -0.9875 0.0633 0.2149 -0.9776 0.0477 0.2319
147.0 -1.0305 0.0221 0.2528 -0.9368 0.025 0.2592 -0.9153 0.0474 0.2383 -0.9256 0.0509 0.2338 -0.943 0.0553 0.2276 -0.9592 0.0623 0.2188 -0.9582 0.0416 0.24 -0.9667 0.0497 0.231 -0.9793 0.0565 0.2227 -0.9944 0.0624 0.2152 -0.9858 0.0465 0.2323
148.0 -1.0379 0.0193 0.255 -0.9399 0.0221 0.2618 -0.9122 0.0503 0.2357 -0.9183 0.055 0.2304 -0.9337 0.0572 0.2266 -0.9533 0.0637 0.218 -0.9662 0.0418 0.2391 -0.9729 0.05 0.23 -0.9846 0.0564 0.2223 -0.9997 0.0623 0.2148 -0.9922 0.046 0.2322
149.0 -1.0404 0.0183 0.2557 -0.9396 0.0209 0.263 -0.9108 0.0523 0.2338 -0.9163 0.0583 0.2271 -0.9325 0.0604 0.2234 -0.952 0.0663 0.2154 -0.9641 0.0402 0.2409 -0.9727 0.0488 0.2312 -0.9844 0.0552 0.2235 -1.0003 0.061 0.216 -0.9924 0.0447 0.2335
150.0 -1.0419 0.0169 0.257 -0.9408 0.0177 0.2662 -0.9134 0.052 0.2339 -0.9139 0.0598 0.2258 -0.9279 0.0641 0.2201 -0.9496 0.0678 0.2141 -0.9679 0.0415 0.2391 -0.9755 0.0497 0.2301 -0.987 0.0555 0.223 -1.002 0.0608 0.2161 -0.9949 0.0449 0.2331
151.0 -1.0442 0.0154 0.2583 -0.9407 0.0171 0.2668 -0.914 0.0555 0.2302 -0.9144 0.0628 0.2227 -0.9267 0.0673 0.2169 -0.9463 0.0689 0.2133 -0.9696 0.0413 0.2392 -0.9772 0.0495 0.2301 -0.9889 0.0558 0.2225 -1.0029 0.0606 0.2161 -0.9966 0.0445 0.2333
152.0 -1.0466 0.0138 0.2597 -0.943 0.015 0.2688 -0.9116 0.0565 0.2295 -0.9148 0.0646 0.2208 -0.9295 0.0687 0.2152 -0.9536 0.0704 0.2111 -0.9695 0.0407 0.2398 -0.9779 0.0487 0.2308 -0.9913 0.0549 0.2232 -1.0088 0.0592 0.217 -0.9988 0.0435 0.2341
153.0 -1.0499 0.0128 0.2604 -0.9461 0.0127 0.2708 -0.9162 0.0577 0.2278 -0.9183 0.0647 0.2204 -0.9305 0.0692 0.2146 -0.9527 0.0705 0.2111 -0.9738 0.0401 0.24 -0.9822 0.0482 0.231 -0.9947 0.0538 0.2239 -1.012 0.0576 0.2184 -1.0025 0.0425 0.2347
154.0 -1.0532 0.0111 0.2618 -0.951 0.0102 0.2728 -0.9213 0.057 0.228 -0.9209 0.0644 0.2205 -0.9288 0.0694 0.2145 -0.952 0.0712 0.2104 -0.9771 0.0391 0.2407 -0.9847 0.0472 0.2317 -0.9973 0.0535 0.224 -1.0138 0.0573 0.2184 -1.0052 0.0416 0.2353
155.0 -1.0574 0.0099 0.2626 -0.9541 0.008 0.2748 -0.9406 0.0465 0.2368 -0.9241 0.0627 0.2218 -0.9324 0.0702 0.2134 -0.9583 0.0722 0.2088 -0.9837 0.0364 0.2429 -0.9897 0.0453 0.2331 -1.0013 0.0517 0.2254 -1.0179 0.0556 0.2198 -1.01 0.0398 0.2368
156.0 -1.0607 0.0089 0.2633 -0.9581 0.0056 0.2769 -0.9452 0.0477 0.2351 -0.9304 0.0637 0.2202 -0.9423 0.0713 0.2113 -0.9699 0.073 0.2067 -0.9877 0.034 0.2449 -0.9955 0.0433 0.2346 -1.008 0.0496 0.227 -1.0246 0.054 0.2207 -1.0153 0.038 0.2381
157.0 -1.0658 0.0082 0.2635 -0.9623 0.0044 0.2776 -0.9462 0.0481 0.2346 -0.9384 0.0639 0.2193 -0.9529 0.0717 0.2098 -0.9804 0.0728 0.2059 -0.9925 0.0315 0.247 -0.9996 0.0415 0.236 -1.0122 0.0484 0.2277 -1.0296 0.0522 0.2222 -1.0199 0.0364 0.2393
158.0 -1.0729 0.0084 0.2626 -0.9671 0.002 0.2797 -0.9477 0.0516 0.2309 -0.9447 0.0648 0.2176 -0.961 0.0724 0.2083 -0.9875 0.0731 0.2049 -0.9976 0.0302 0.2478 -1.0055 0.0401 0.2368 -1.0182 0.0476 0.228 -1.0357 0.0519 0.2218 -1.026 0.0357 0.2394
159.0 -1.0791 0.0082 0.2622 -0.9731 0.0011 0.2799 -0.9457 0.0555 0.227 -0.9497 0.0684 0.2135 -0.9684 0.0745 0.2054 -0.9938 0.0741 0.2033 -1.0029 0.0307 0.2467 -1.0126 0.0404 0.2359 -1.0252 0.0473 0.2276 -1.0426 0.051 0.222 -1.0325 0.0355 0.2389
160.0 -1.086 0.0079 0.2618 -0.9798 -0.001 0.2814 -0.9531 0.0527 0.2292 -0.9561 0.0694 0.2118 -0.9737 0.075 0.2044 -1.005 0.0726 0.2037 -1.0096 0.0286 0.2483 -1.0185 0.039 0.2367 -1.032 0.0457 0.2285 -1.0494 0.0501 0.2223 -1.0391 0.0343 0.2395
161.0 -1.0918 0.0059 0.2633 -0.9858 -0.0018 0.2817 -0.9594 0.0531 0.2282 -0.9646 0.0677 0.2128 -0.9824 0.0744 0.2041 -1.0138 0.0726 0.2028 -1.0165 0.0277 0.2485 -1.0262 0.038 0.237 -1.0396 0.0441 0.2294 -1.057 0.0478 0.2239 -1.0462 0.0327 0.2404
162.0 -1.1024 0.0057 0.2625 -0.9944 -0.003 0.282 -0.9658 0.0498 0.2309 -0.9712 0.0655 0.2143 -0.9892 0.0729 0.205 -1.0207 0.0717 0.2031 -1.0266 0.0251 0.2502 -1.0363 0.0354 0.2387 -1.049 0.0428 0.2298 -1.0664 0.0466 0.2242 -1.0561 0.0311 0.2411
163.0 -1.1102 0.0052 0.2621 -1.0047 -0.0043 0.2824 -0.9733 0.0475 0.2325 -0.9806 0.0637 0.2153 -0.9986 0.071 0.206 -1.0291 0.0693 0.2047 -1.0349 0.0221 0.2524 -1.0438 0.0331 0.2402 -1.0575 0.0411 0.2307 -1.0742 0.0455 0.2245 -1.0641 0.0294 0.242
164.0 -1.1197 0.004 0.2625 -1.0146 -0.0081 0.2853 -0.9814 0.0434 0.2359 -0.9906 0.0605 0.2175 -1.0051 0.0683 0.2081 -1.0359 0.0684 0.2049 -1.0441 0.0197 0.254 -1.0523 0.0314 0.2412 -1.0651 0.0388 0.2323 -1.0818 0.0439 0.2254 -1.0726 0.0275 0.2431
165.0 -1.1282 0.0028 0.2628 -1.0223 -0.0092 0.2856 -0.9885 0.0388 0.2399 -0.9944 0.0575 0.2202 -1.0124 0.0649 0.2109 -1.0417 0.0664 0.2064 -1.0532 0.0166 0.2562 -1.0615 0.0283 0.2434 -1.0735 0.0371 0.2332 -1.0895 0.0428 0.2257 -1.0812 0.0255 0.2443
166.0 -1.1388 0.0026 0.262 -1.0317 -0.011 0.2866 -0.9968 0.0358 0.2421 -1.001 0.0548 0.2223 -1.0181 0.0623 0.213 -1.0485 0.0649 0.2073 -1.0624 0.0135 0.2584 -1.0698 0.026 0.245 -1.0819 0.0347 0.2348 -1.0971 0.0412 0.2267 -1.09 0.0236 0.2454
167.0 -1.1466 0.0022 0.2617 -1.042 -0.0124 0.287 -1.0057 0.0316 0.2456 -1.0109 0.051 0.2252 -1.0281 0.0591 0.2152 -1.0577 0.0618 0.2095 -1.07 0.0119 0.2593 -1.0775 0.0243 0.2459 -1.0897 0.0337 0.2351 -1.1049 0.0402 0.227 -1.0977 0.0224 0.2458
168.0 -1.1586 0.0005 0.2621 -1.0532 -0.0139 0.2874 -1.0139 0.028 0.2484 -1.0225 0.047 0.2281 -1.038 0.0553 0.2181 -1.0671 0.0605 0.2099 -1.0794 0.01 0.2603 -1.0868 0.0224 0.2469 -1.0981 0.0313 0.2367 -1.1141 0.0377 0.2286 -1.1074 0.0204 0.2469
169.0 -1.1693 0.0009 0.2607 -1.0653 -0.015 0.2873 -1.0274 0.025 0.2502 -1.0297 0.043 0.2315 -1.0475 0.054 0.2185 -1.0765 0.0587 0.2109 -1.0913 0.0078 0.2614 -1.097 0.0205 0.2479 -1.1084 0.0299 0.2371 -1.1237 0.037 0.2283 -1.1179 0.0192 0.2471
170.0 -1.1797 0.0001 0.2605 -1.0772 -0.0172 0.2883 -1.0373 0.0212 0.2531 -1.04 0.0416 0.2319 -1.0586 0.0519 0.2195 -1.0874 0.056 0.2125 -1.1007 0.0065 0.2618 -1.1065 0.0192 0.2483 -1.1178 0.0286 0.2375 -1.133 0.0351 0.2293 -1.1276 0.0179 0.2475
171.0 -1.1902 -6.504e-05 0.2596 -1.0894 -0.0182 0.2882 -1.0468 0.0199 0.2534 -1.0519 0.0388 0.2337 -1.0678 0.0494 0.2212 -1.0976 0.054 0.2136 -1.1126 0.0037 0.2635 -1.1176 0.0171 0.2493 -1.128 0.0267 0.2385 -1.1433 0.0337 0.2297 -1.1383 0.0162 0.2481
172.0 -1.2031 -0.0018 0.2601 -1.1041 -0.0196 0.2881 -1.057 0.0179 0.2545 -1.0622 0.0374 0.2341 -1.0781 0.048 0.2216 -1.1088 0.0525 0.214 -1.1246 0.0021 0.2639 -1.1295 0.0149 0.2504 -1.14 0.0244 0.2396 -1.1544 0.0316 0.2308 -1.1503 0.0142 0.249
173.0 -1.2181 -0.0014 0.2582 -1.118 -0.0203 0.2874 -1.0714 0.0148 0.2563 -1.0723 0.0348 0.2357 -1.0899 0.0452 0.2233 -1.1209 0.0514 0.2138 -1.1383 0.0002 0.2645 -1.1425 0.0137 0.2503 -1.1529 0.0233 0.2394 -1.1675 0.0311 0.23 -1.1639 0.0134 0.2485
174.0 -1.2307 -3.108e-05 0.2556 -1.1338 -0.0206 0.2862 -1.085 0.0123 0.2574 -1.086 0.0329 0.2362 -1.1038 0.044 0.2232 -1.1339 0.0503 0.2137 -1.1507 0.0004 0.2631 -1.1547 0.0133 0.2495 -1.1642 0.0224 0.2393 -1.1779 0.0303 0.2298 -1.1756 0.0133 0.2474
175.0 -1.2423 0.0008 0.2535 -1.1519 -0.0181 0.2819 -1.0989 0.011 0.2573 -1.0987 0.03 0.238 -1.1139 0.0414 0.2248 -1.146 0.0487 0.2142 -1.1662 -0.0017 0.2637 -1.1693 0.0113 0.2501 -1.1781 0.0211 0.2392 -1.1919 0.0296 0.2291 -1.1895 0.0122 0.2471
176.0 -1.2565 0.002 0.2509 -1.1625 -0.0177 0.2804 -1.1103 0.0107 0.2565 -1.1107 0.0284 0.2384 -1.1264 0.0427 0.2222 -1.1567 0.0497 0.2121 -1.1784 -0.0021 0.2629 -1.1807 0.011 0.2493 -1.1896 0.0214 0.2377 -1.2043 0.0304 0.2271 -1.2019 0.0125 0.2456
177.0 -1.2648 0.0039 0.2481 -1.1789 -0.0144 0.2754 -1.1227 0.0115 0.2545 -1.1245 0.0314 0.234 -1.1395 0.0422 0.2214 -1.1688 0.0486 0.212 -1.1875 -0.0003 0.2601 -1.1906 0.0121 0.2471 -1.1994 0.0225 0.2356 -1.2141 0.0309 0.2256 -1.2113 0.0138 0.2433
178.0 -1.2765 0.0054 0.2455 -1.1963 -0.0107 0.2698 -1.1357 0.0103 0.2544 -1.1343 0.027 0.2375 -1.1491 0.0415 0.2212 -1.1785 0.0485 0.2111 -1.2022 -0.0017 0.2601 -1.2036 0.011 0.247 -1.2116 0.0215 0.2355 -1.2255 0.0306 0.2248 -1.2239 0.0133 0.2426
179.0 -1.2824 0.0089 0.2413 -1.2089 -0.0087 0.2666 -1.146 0.009 0.2548 -1.1464 0.026 0.2373 -1.1595 0.0407 0.221 -1.1888 0.0472 0.2115 -1.2119 -0.0018 0.2592 -1.2133 0.0115 0.2455 -1.2205 0.0221 0.2339 -1.2335 0.0313 0.2232 -1.2323 0.0144 0.2406
180.0 -1.2931 0.0099 0.2393 -1.2222 -0.0081 0.2646 -1.157 0.0062 0.2565 -1.1551 0.0254 0.237 -1.1698 0.0393 0.2214 -1.1983 0.0459 0.2118 -1.2242 -0.0016 0.2578 -1.2256 0.011 0.2448 -1.2327 0.0217 0.2332 -1.2442 0.0317 0.2217 -1.244 0.0145 0.2393
181.0 -1.3001 0.0095 0.2389 -1.229 -0.0047 0.2605 -1.1674 0.0055 0.2562 -1.1655 0.0246 0.2368 -1.1793 0.0381 0.2217 -1.207 0.0453 0.2116 -1.2329 -0.0022 0.2575 -1.2342 0.0099 0.2451 -1.2414 0.0211 0.2329 -1.2529 0.0312 0.2215 -1.2523 0.0139 0.2392
182.0 -1.3122 0.0085 0.2387 -1.2245 0.0051 0.251 -1.1769 0.0042 0.2566 -1.1759 0.0239 0.2366 -1.1875 0.04 0.2189 -1.215 0.0461 0.21 -1.2433 -0.0036 0.2579 -1.2453 0.0084 0.2455 -1.2517 0.0197 0.2333 -1.2624 0.0305 0.2212 -1.263 0.0127 0.2393
183.0 -1.3232 0.0107 0.2354 -1.239 0.0074 0.2471 -1.1855 0.003 0.2569 -1.1853 0.022 0.2376 -1.197 0.0387 0.2193 -1.2221 0.0463 0.209 -1.2539 -0.0032 0.2565 -1.2542 0.009 0.244 -1.2589 0.0206 0.2317 -1.2686 0.0309 0.2202 -1.2718 0.0136 0.2376
184.0 -1.3304 0.0116 0.2338 -1.2489 0.0085 0.245 -1.1949 0.0017 0.2573 -1.1902 0.0201 0.239 -1.2013 0.0381 0.2195 -1.2281 0.0455 0.2093 -1.2634 -0.0038 0.2562 -1.2631 0.009 0.2431 -1.2669 0.0207 0.2307 -1.2756 0.0305 0.2198 -1.2799 0.0136 0.2367
185.0 -1.3361 0.0144 0.2303 -1.2613 0.0093 0.243 -1.2037 0.0018 0.2564 -1.1965 0.0211 0.2374 -1.21 0.0376 0.2192 -1.236 0.0457 0.2083 -1.2722 -0.0038 0.2553 -1.27 0.0087 0.2427 -1.273 0.0205 0.2304 -1.2802 0.0318 0.2181 -1.2863 0.0143 0.2354
186.0 -1.3407 0.0157 0.2286 -1.2723 0.0115 0.2397 -1.2107 0.0014 0.256 -1.2042 0.0194 0.2383 -1.2166 0.0349 0.2213 -1.2406 0.0463 0.2072 -1.2767 -0.0032 0.2542 -1.2737 0.0094 0.2416 -1.2765 0.0207 0.2299 -1.2847 0.0324 0.2171 -1.2905 0.015 0.2343
187.0 -1.3455 0.0175 0.2263 -1.2814 0.0133 0.2369 -1.2175 -8.106e-05 0.2569 -1.21 0.0174 0.2398 -1.2199 0.0338 0.2221 -1.2455 0.0444 0.2087 -1.2855 -0.0032 0.2533 -1.2815 0.009 0.2413 -1.2825 0.0198 0.2301 -1.2889 0.0312 0.2179 -1.2968 0.0149 0.2338
188.0 -1.3555 0.0198 0.2229 -1.2891 0.0122 0.2372 -1.2218 -0.0007 0.2571 -1.2134 0.017 0.2399 -1.2259 0.033 0.2223 -1.2499 0.0444 0.2082 -1.2918 -0.0028 0.2523 -1.2867 0.0083 0.2415 -1.2877 0.0191 0.2303 -1.2941 0.0305 0.2181 -1.3032 0.015 0.233
189.0 -1.368 0.0205 0.2209 -1.3103 0.0173 0.2299 -1.2438 -0.0006 0.2548 -1.234 0.0142 0.2407 -1.245 0.0316 0.2218 -1.2683 0.0438 0.2071 -1.3119 -0.0037 0.2512 -1.3075 0.0067 0.2411 -1.3077 0.0177 0.2298 -1.3123 0.0293 0.2175 -1.3215 0.0141 0.2321
190.0 -1.3707 0.0208 0.2204 -1.3147 0.0173 0.2295 -1.2474 0.0002 0.2537 -1.2376 0.0143 0.2402 -1.2477 0.0319 0.2213 -1.2685 0.045 0.2058 -1.3163 -0.0036 0.2508 -1.3102 0.0069 0.2405 -1.3104 0.0179 0.2293 -1.3141 0.029 0.2176 -1.3243 0.0142 0.2317
191.0 -1.3716 0.0213 0.2198 -1.3129 0.0176 0.2294 -1.2483 3.558e-05 0.2538 -1.2395 0.0153 0.239 -1.2495 0.0322 0.2207 -1.2693 0.0448 0.2059 -1.3171 -0.0038 0.2508 -1.3119 0.0067 0.2406 -1.3113 0.0184 0.2287 -1.3142 0.0296 0.217 -1.3252 0.0144 0.2314
192.0 -1.3718 0.0224 0.2186 -1.3114 0.019 0.2281 -1.2475 0.0007 0.2531 -1.2387 0.0154 0.239 -1.2486 0.0318 0.2213 -1.2703 0.0453 0.2053 -1.3156 -0.0023 0.2495 -1.3103 0.0075 0.2399 -1.3105 0.0185 0.2287 -1.3142 0.0296 0.217 -1.3245 0.0152 0.2307
193.0 -1.3708 0.0214 0.2198 -1.3113 0.0184 0.2287 -1.2466 0.0003 0.2537 -1.2385 0.0148 0.2396 -1.2488 0.033 0.22 -1.2696 0.0466 0.204 -1.3138 -0.0027 0.25 -1.3094 0.0077 0.2399 -1.3096 0.0186 0.2287 -1.3143 0.0302 0.2163 -1.3236 0.015 0.2309
194.0 -1.3698 0.0209 0.2204 -1.3096 0.0186 0.2287 -1.2458 0.001 0.253 -1.2394 0.0147 0.2397 -1.2487 0.0324 0.2207 -1.2696 0.0466 0.204 -1.3136 -0.0039 0.2513 -1.3093 0.0071 0.2405 -1.3096 0.0186 0.2287 -1.3142 0.0296 0.217 -1.3233 0.0145 0.2316
195.0 -1.3707 0.0208 0.2204 -1.3095 0.018 0.2293 -1.2465 -0.0003 0.2543 -1.2376 0.0143 0.2402 -1.2478 0.0325 0.2206 -1.2695 0.046 0.2046 -1.3144 -0.004 0.2513 -1.3093 0.0071 0.2405 -1.3095 0.018 0.2293 -1.3142 0.0296 0.217 -1.3236 0.0143 0.2317
196.0 -1.3689 0.0204 0.221 -1.3114 0.019 0.2281 -1.2446 -0.0007 0.2549 -1.2378 0.0155 0.239 -1.2487 0.0324 0.2207 -1.2704 0.0459 0.2046 -1.3128 -0.0032 0.2506 -1.3085 0.0072 0.2405 -1.3096 0.0186 0.2287 -1.3142 0.0296 0.217 -1.3228 0.0145 0.2315
197.0 -1.3697 0.0203 0.221 -1.3078 0.0183 0.2292 -1.2446 -0.0007 0.2549 -1.2368 0.015 0.2396 -1.2478 0.0325 0.2206 -1.2696 0.0466 0.204 -1.3127 -0.0038 0.2513 -1.3085 0.0072 0.2405 -1.3087 0.0187 0.2286 -1.3133 0.0297 0.2169 -1.3226 0.0144 0.2317
198.0 -1.3689 0.0204 0.221 -1.3078 0.0183 0.2292 -1.2456 -0.0002 0.2543 -1.2376 0.0143 0.2402 -1.2469 0.0326 0.2206 -1.2696 0.0466 0.204 -1.3119 -0.0037 0.2512 -1.3076 0.0073 0.2404 -1.3087 0.0187 0.2286 -1.3133 0.0297 0.2169 -1.3221 0.0145 0.2316
