1.0 -1.3803 0.0103 0.2301 -1.326 0.0018 0.2443 -1.2583 0.0017 0.251 -1.2496 0.0127 0.2407 -1.2567 0.0227 0.2297 -1.2784 0.0363 0.2137 -1.326 -0.0135 0.2599 -1.3208 -0.003 0.2497 -1.3208 0.0073 0.2391 -1.3254 0.0183 0.2274 -1.3346 0.0039 0.2412
2.0 -1.3803 0.0103 0.2301 -1.325 0.0013 0.2449 -1.258 0.0005 0.2523 -1.2497 0.0133 0.2401 -1.2568 0.0233 0.2291 -1.2784 0.0363 0.2137 -1.326 -0.0135 0.2599 -1.3199 -0.0029 0.2497 -1.32 0.0075 0.239 -1.3254 0.0183 0.2274 -1.3343 0.0039 0.2412
3.0 -1.3802 0.0097 0.2308 -1.3269 0.0016 0.2443 -1.2582 0.0011 0.2516 -1.2496 0.0127 0.2407 -1.2568 0.0233 0.2291 -1.2791 0.0356 0.2144 -1.326 -0.0135 0.2599 -1.3208 -0.003 0.2497 -1.3208 0.0073 0.2391 -1.3254 0.0183 0.2274 -1.3346 0.0038 0.2414
4.0 -1.3785 0.0099 0.2307 -1.3261 0.0024 0.2437 -1.2589 0.0004 0.2523 -1.2506 0.0132 0.2401 -1.2576 0.0232 0.2291 -1.2785 0.0369 0.2131 -1.3251 -0.0134 0.2599 -1.3199 -0.0029 0.2497 -1.32 0.0075 0.239 -1.3245 0.0185 0.2274 -1.3336 0.0039 0.2413
5.0 -1.3776 0.0101 0.2307 -1.3289 0.0032 0.2425 -1.2591 0.0016 0.251 -1.2506 0.0132 0.2401 -1.2576 0.0232 0.2291 -1.2792 0.0362 0.2137 -1.3261 -0.0129 0.2593 -1.3199 -0.0029 0.2497 -1.3199 0.0069 0.2397 -1.3244 0.0179 0.228 -1.3336 0.0038 0.2414
6.0 -1.3786 0.0105 0.2301 -1.3279 0.0027 0.2431 -1.259 0.001 0.2517 -1.2498 0.0139 0.2394 -1.2576 0.0232 0.2291 -1.2792 0.0362 0.2137 -1.326 -0.0135 0.2599 -1.3207 -0.0036 0.2503 -1.3207 0.0067 0.2397 -1.3253 0.0177 0.228 -1.3342 0.0036 0.2416
7.0 -1.3777 0.0107 0.23 -1.3271 0.0028 0.2431 -1.2572 0.0007 0.2522 -1.2505 0.0126 0.2407 -1.2567 0.0227 0.2297 -1.2791 0.0356 0.2144 -1.326 -0.0135 0.2599 -1.3198 -0.0035 0.2503 -1.3199 0.0069 0.2397 -1.3252 0.0171 0.2286 -1.3337 0.0035 0.2417
8.0 -1.3794 0.0104 0.2301 -1.3261 0.0024 0.2437 -1.2589 0.0004 0.2523 -1.2506 0.0132 0.2401 -1.2575 0.0226 0.2298 -1.2791 0.0356 0.2144 -1.3269 -0.013 0.2593 -1.3208 -0.003 0.2497 -1.3208 0.0073 0.2391 -1.3253 0.0177 0.228 -1.3346 0.0039 0.2412
9.0 -1.3786 0.0105 0.2301 -1.3269 0.0016 0.2443 -1.2589 0.0004 0.2523 -1.2497 0.0133 0.2401 -1.2577 0.0238 0.2285 -1.2792 0.0362 0.2137 -1.3268 -0.0136 0.2599 -1.3208 -0.003 0.2497 -1.3208 0.0073 0.2391 -1.3254 0.0183 0.2274 -1.3345 0.0039 0.2412
10.0 -1.3793 0.0098 0.2307 -1.327 0.0022 0.2437 -1.259 0.001 0.2517 -1.2507 0.0138 0.2395 -1.2576 0.0232 0.2291 -1.2792 0.0362 0.2137 -1.326 -0.0135 0.2599 -1.3207 -0.0036 0.2503 -1.3207 0.0067 0.2397 -1.3254 0.0183 0.2274 -1.3344 0.0036 0.2416
11.0 -1.3776 0.0101 0.2307 -1.328 0.0033 0.2425 -1.2599 0.0009 0.2517 -1.2505 0.0126 0.2407 -1.2577 0.0238 0.2285 -1.2792 0.0362 0.2137 -1.3268 -0.0136 0.2599 -1.3207 -0.0036 0.2503 -1.3207 0.0067 0.2397 -1.3252 0.0171 0.2286 -1.3342 0.0033 0.2418
12.0 -1.3803 0.0103 0.2301 -1.3252 0.0025 0.2436 -1.2589 0.0004 0.2523 -1.2515 0.0136 0.2395 -1.2576 0.0232 0.2291 -1.2791 0.0356 0.2144 -1.3268 -0.0136 0.2599 -1.3215 -0.0037 0.2503 -1.3216 0.0066 0.2397 -1.3262 0.0182 0.2274 -1.3353 0.0036 0.2415
13.0 -1.3757 0.0091 0.2318 -1.3255 0.0037 0.2424 -1.2582 0.0011 0.2516 -1.2507 0.0138 0.2395 -1.2576 0.0232 0.2291 -1.2784 0.0363 0.2137 -1.326 -0.0135 0.2599 -1.3198 -0.0035 0.2503 -1.3199 0.0069 0.2397 -1.3243 0.0173 0.2286 -1.3331 0.0032 0.2421
14.0 -1.3785 0.0099 0.2307 -1.3261 0.0024 0.2437 -1.2589 0.0004 0.2523 -1.2522 0.0123 0.2408 -1.2575 0.0226 0.2298 -1.2791 0.0356 0.2144 -1.326 -0.0135 0.2599 -1.3207 -0.0036 0.2503 -1.3206 0.0062 0.2403 -1.3252 0.0171 0.2286 -1.3342 0.0032 0.242
15.0 -1.3785 0.0099 0.2307 -1.3251 0.0019 0.2442 -1.258 0.0005 0.2523 -1.2513 0.0124 0.2408 -1.2568 0.0233 0.2291 -1.2791 0.0356 0.2144 -1.3252 -0.0128 0.2592 -1.3198 -0.0035 0.2503 -1.3199 0.0069 0.2397 -1.3244 0.0179 0.228 -1.3335 0.0037 0.2416
16.0 -1.3793 0.0098 0.2307 -1.3287 0.002 0.2438 -1.2591 0.0016 0.251 -1.2506 0.0132 0.2401 -1.2568 0.0233 0.2291 -1.2791 0.0356 0.2144 -1.3261 -0.0129 0.2593 -1.3199 -0.0029 0.2497 -1.32 0.0075 0.239 -1.3245 0.0185 0.2274 -1.334 0.004 0.2412
17.0 -1.381 0.0096 0.2308 -1.3252 0.0025 0.2436 -1.2582 0.0011 0.2516 -1.2496 0.0127 0.2407 -1.2568 0.0233 0.2291 -1.2783 0.0357 0.2143 -1.326 -0.0135 0.2599 -1.3208 -0.003 0.2497 -1.3208 0.0073 0.2391 -1.3262 0.0182 0.2274 -1.335 0.0037 0.2414
18.0 -1.3792 0.0092 0.2313 -1.325 0.0013 0.2449 -1.258 0.0005 0.2523 -1.2505 0.0126 0.2407 -1.2568 0.0233 0.2291 -1.2791 0.0356 0.2144 -1.326 -0.0135 0.2599 -1.3199 -0.0029 0.2497 -1.32 0.0075 0.239 -1.3244 0.0179 0.228 -1.3339 0.0036 0.2416
19.0 -1.3802 0.0097 0.2308 -1.3278 0.0021 0.2437 -1.2584 0.0023 0.2504 -1.2515 0.0136 0.2395 -1.2569 0.0239 0.2285 -1.2799 0.0349 0.215 -1.3261 -0.0129 0.2593 -1.3208 -0.003 0.2497 -1.3208 0.0073 0.2391 -1.3253 0.0177 0.228 -1.3346 0.0038 0.2414
20.0 -1.3802 0.0097 0.2308 -1.3252 0.0025 0.2436 -1.2583 0.0017 0.251 -1.2506 0.0132 0.2401 -1.2559 0.0234 0.2291 -1.2791 0.0356 0.2144 -1.3254 -0.0116 0.258 -1.32 -0.0023 0.249 -1.3209 0.0079 0.2385 -1.3262 0.0182 0.2274 -1.3346 0.0044 0.2407
21.0 -1.3774 0.0089 0.2319 -1.3261 0.0024 0.2437 -1.258 0.0005 0.2523 -1.2522 0.0123 0.2408 -1.2568 0.0233 0.2291 -1.28 0.0355 0.2144 -1.3259 -0.0141 0.2605 -1.3197 -0.0041 0.2509 -1.3197 0.0063 0.2403 -1.3243 0.0173 0.2286 -1.3334 0.0028 0.2424
22.0 -1.3793 0.0098 0.2307 -1.327 0.0022 0.2437 -1.259 0.001 0.2517 -1.2515 0.0136 0.2395 -1.2584 0.0225 0.2298 -1.2791 0.0356 0.2144 -1.326 -0.0135 0.2599 -1.3208 -0.003 0.2497 -1.3208 0.0073 0.2391 -1.3253 0.0177 0.228 -1.3344 0.0037 0.2415
23.0 -1.3776 0.0101 0.2307 -1.3271 0.0028 0.2431 -1.2583 0.0017 0.251 -1.2506 0.0132 0.2401 -1.2567 0.0227 0.2297 -1.28 0.0355 0.2144 -1.326 -0.0135 0.2599 -1.3207 -0.0036 0.2503 -1.3207 0.0067 0.2397 -1.3261 0.0176 0.228 -1.3342 0.0035 0.2417
24.0 -1.3802 0.0097 0.2308 -1.3242 0.0014 0.2448 -1.2582 0.0011 0.2516 -1.2515 0.0136 0.2395 -1.2584 0.0225 0.2298 -1.2792 0.0362 0.2137 -1.326 -0.0135 0.2599 -1.3208 -0.003 0.2497 -1.3208 0.0073 0.2391 -1.3261 0.0176 0.228 -1.3348 0.0036 0.2415
25.0 -1.3783 0.0094 0.2313 -1.3279 0.0027 0.2431 -1.2599 0.0009 0.2517 -1.2505 0.0126 0.2407 -1.2576 0.0232 0.2291 -1.2792 0.0362 0.2137 -1.3269 -0.013 0.2593 -1.3216 -0.0031 0.2497 -1.3208 0.0073 0.2391 -1.3261 0.0176 0.228 -1.3348 0.0036 0.2415
26.0 -1.3785 0.0099 0.2307 -1.3289 0.0032 0.2425 -1.26 0.0015 0.2511 -1.2513 0.0124 0.2408 -1.2576 0.0232 0.2291 -1.2791 0.0356 0.2144 -1.3277 -0.0137 0.26 -1.3215 -0.0037 0.2503 -1.3216 0.0066 0.2397 -1.3261 0.0176 0.228 -1.3351 0.0033 0.2418
27.0 -1.3775 0.0095 0.2313 -1.3271 0.0028 0.2431 -1.259 0.001 0.2517 -1.2514 0.013 0.2401 -1.2568 0.0233 0.2291 -1.2792 0.0362 0.2137 -1.326 -0.0135 0.2599 -1.3199 -0.0029 0.2497 -1.32 0.0075 0.239 -1.3253 0.0177 0.228 -1.3337 0.0037 0.2416
28.0 -1.3793 0.0098 0.2307 -1.3271 0.0028 0.2431 -1.2591 0.0016 0.251 -1.2513 0.0124 0.2408 -1.2585 0.0231 0.2292 -1.2792 0.0362 0.2137 -1.3268 -0.0136 0.2599 -1.3207 -0.0036 0.2503 -1.3207 0.0067 0.2397 -1.3253 0.0177 0.228 -1.3346 0.0034 0.2417
29.0 -1.3775 0.0095 0.2313 -1.327 0.0022 0.2437 -1.259 0.001 0.2517 -1.2505 0.0126 0.2407 -1.2585 0.0231 0.2292 -1.2792 0.0362 0.2137 -1.3259 -0.0141 0.2605 -1.3205 -0.0042 0.2509 -1.3207 0.0067 0.2397 -1.3243 0.0173 0.2286 -1.3338 0.003 0.2422
30.0 -1.3801 0.0091 0.2314 -1.3288 0.0026 0.2431 -1.2599 0.0009 0.2517 -1.2496 0.0127 0.2407 -1.2576 0.0232 0.2291 -1.2791 0.0356 0.2144 -1.3268 -0.0136 0.2599 -1.3207 -0.0036 0.2503 -1.3207 0.0067 0.2397 -1.3261 0.0176 0.228 -1.3349 0.0032 0.2419
31.0 -1.381 0.0096 0.2308 -1.3287 0.002 0.2438 -1.2598 0.0003 0.2523 -1.2514 0.013 0.2401 -1.2575 0.0226 0.2298 -1.28 0.0355 0.2144 -1.3277 -0.0137 0.26 -1.3215 -0.0037 0.2503 -1.3216 0.0066 0.2397 -1.3261 0.0176 0.228 -1.3356 0.0033 0.2418
32.0 -1.381 0.0096 0.2308 -1.3295 0.0019 0.2438 -1.259 0.001 0.2517 -1.2505 0.0126 0.2407 -1.2576 0.0232 0.2291 -1.28 0.0355 0.2144 -1.3268 -0.0136 0.2599 -1.3207 -0.0036 0.2503 -1.3207 0.0067 0.2397 -1.3261 0.0176 0.228 -1.3351 0.0033 0.2418
33.0 -1.3811 0.0102 0.2302 -1.3285 0.0008 0.245 -1.26 0.0015 0.2511 -1.2513 0.0124 0.2408 -1.2574 0.022 0.2304 -1.281 0.0359 0.2138 -1.326 -0.0135 0.2599 -1.3208 -0.003 0.2497 -1.3208 0.0073 0.2391 -1.3262 0.0182 0.2274 -1.335 0.0038 0.2412
34.0 -1.3838 0.0104 0.2297 -1.3268 0.001 0.2449 -1.259 0.001 0.2517 -1.2504 0.012 0.2413 -1.2576 0.0232 0.2291 -1.2809 0.0353 0.2144 -1.3261 -0.0129 0.2593 -1.3216 -0.0031 0.2497 -1.3217 0.0072 0.2391 -1.327 0.0175 0.2281 -1.336 0.0038 0.2412
35.0 -1.382 0.0101 0.2302 -1.3259 0.0012 0.2449 -1.2598 0.0003 0.2523 -1.2496 0.0127 0.2407 -1.2567 0.0227 0.2297 -1.2784 0.0363 0.2137 -1.326 -0.0135 0.2599 -1.3216 -0.0031 0.2497 -1.3208 0.0073 0.2391 -1.3253 0.0177 0.228 -1.3351 0.0037 0.2414
36.0 -1.3795 0.011 0.2295 -1.3276 0.0009 0.245 -1.2599 0.0009 0.2517 -1.2505 0.0126 0.2407 -1.2567 0.0227 0.2297 -1.2792 0.0362 0.2137 -1.3268 -0.0136 0.2599 -1.3207 -0.0036 0.2503 -1.3207 0.0067 0.2397 -1.3253 0.0177 0.228 -1.3346 0.0037 0.2415
37.0 -1.381 0.0096 0.2308 -1.3286 0.0014 0.2444 -1.259 0.001 0.2517 -1.2505 0.0126 0.2407 -1.2575 0.0226 0.2298 -1.279 0.035 0.215 -1.3268 -0.0136 0.2599 -1.3207 -0.0036 0.2503 -1.3207 0.0067 0.2397 -1.3261 0.0176 0.228 -1.3351 0.0033 0.2418
38.0 -1.381 0.0096 0.2308 -1.3287 0.002 0.2438 -1.2599 0.0009 0.2517 -1.2505 0.0126 0.2407 -1.2575 0.0226 0.2298 -1.279 0.035 0.215 -1.3268 -0.0136 0.2599 -1.3215 -0.0037 0.2503 -1.3216 0.0066 0.2397 -1.3261 0.0176 0.228 -1.3354 0.0033 0.2418
39.0 -1.3802 0.0097 0.2308 -1.3287 0.002 0.2438 -1.259 0.001 0.2517 -1.2506 0.0132 0.2401 -1.2575 0.0226 0.2298 -1.2791 0.0356 0.2144 -1.3268 -0.0136 0.2599 -1.3215 -0.0037 0.2503 -1.3207 0.0067 0.2397 -1.3261 0.0176 0.228 -1.3351 0.0033 0.2418
40.0 -1.3802 0.0097 0.2308 -1.3278 0.0021 0.2437 -1.2591 0.0016 0.251 -1.2496 0.0127 0.2407 -1.2568 0.0233 0.2291 -1.2791 0.0356 0.2144 -1.326 -0.0135 0.2599 -1.3208 -0.003 0.2497 -1.3208 0.0073 0.2391 -1.3254 0.0183 0.2274 -1.3346 0.0038 0.2414
41.0 -1.381 0.0096 0.2308 -1.3261 0.0024 0.2437 -1.2583 0.0017 0.251 -1.2496 0.0127 0.2407 -1.2559 0.0234 0.2291 -1.28 0.0355 0.2144 -1.3252 -0.0128 0.2592 -1.32 -0.0023 0.249 -1.32 0.0075 0.239 -1.3254 0.0183 0.2274 -1.3343 0.0041 0.2411
42.0 -1.3811 0.0102 0.2302 -1.3269 0.0016 0.2443 -1.2566 0.0026 0.2503 -1.2497 0.0133 0.2401 -1.256 0.024 0.2284 -1.2791 0.0356 0.2144 -1.3244 -0.0121 0.2586 -1.3191 -0.0022 0.249 -1.3191 0.0076 0.239 -1.3245 0.0185 0.2274 -1.3337 0.0044 0.2408
43.0 -1.382 0.0101 0.2302 -1.3251 0.0019 0.2442 -1.2582 0.0011 0.2516 -1.2495 0.0121 0.2413 -1.2549 0.023 0.2297 -1.2774 0.0358 0.2143 -1.3243 -0.0127 0.2592 -1.319 -0.0028 0.2496 -1.3191 0.0076 0.239 -1.3245 0.0185 0.2274 -1.3338 0.0041 0.2411
44.0 -1.3809 0.009 0.2314 -1.3269 0.0016 0.2443 -1.2573 0.0013 0.2516 -1.2496 0.0127 0.2407 -1.2558 0.0228 0.2297 -1.279 0.035 0.215 -1.3243 -0.0127 0.2592 -1.319 -0.0028 0.2496 -1.3199 0.0069 0.2397 -1.3252 0.0171 0.2286 -1.3339 0.0035 0.2417
45.0 -1.3791 0.0086 0.232 -1.3241 0.0008 0.2454 -1.2565 0.002 0.2509 -1.2496 0.0127 0.2407 -1.2558 0.0228 0.2297 -1.2791 0.0356 0.2144 -1.3234 -0.0132 0.2598 -1.3182 -0.0027 0.2496 -1.3191 0.0076 0.239 -1.3244 0.0179 0.228 -1.3328 0.0036 0.2417
46.0 -1.3783 0.0094 0.2313 -1.3251 0.0019 0.2442 -1.2564 0.0014 0.2516 -1.2496 0.0127 0.2407 -1.2559 0.0234 0.2291 -1.2782 0.0351 0.2149 -1.3242 -0.0133 0.2598 -1.3182 -0.0027 0.2496 -1.3181 0.0071 0.2396 -1.3236 0.018 0.2279 -1.3325 0.0037 0.2417
47.0 -1.3774 0.0089 0.2319 -1.3251 0.0019 0.2442 -1.2573 0.0013 0.2516 -1.2488 0.0128 0.2407 -1.255 0.0236 0.229 -1.2783 0.0357 0.2143 -1.3226 -0.0124 0.2591 -1.3173 -0.0026 0.2496 -1.3174 0.0078 0.2389 -1.3227 0.0181 0.2279 -1.3315 0.004 0.2415
48.0 -1.3775 0.0095 0.2313 -1.325 0.0013 0.2449 -1.2556 0.0015 0.2515 -1.2496 0.0127 0.2407 -1.255 0.0236 0.229 -1.2782 0.0351 0.2149 -1.3234 -0.0132 0.2598 -1.3181 -0.0033 0.2502 -1.3181 0.0071 0.2396 -1.3236 0.018 0.2279 -1.3321 0.0036 0.2418
49.0 -1.3785 0.0099 0.2307 -1.3253 0.0031 0.243 -1.2582 0.0011 0.2516 -1.2478 0.0123 0.2412 -1.2542 0.0237 0.229 -1.2783 0.0357 0.2143 -1.3252 -0.0128 0.2592 -1.319 -0.0028 0.2496 -1.319 0.007 0.2396 -1.3236 0.018 0.2279 -1.3331 0.0039 0.2414
50.0 -1.3758 0.0097 0.2312 -1.3261 0.0024 0.2437 -1.2556 0.0015 0.2515 -1.2489 0.0134 0.24 -1.255 0.0236 0.229 -1.2773 0.0352 0.2149 -1.3226 -0.0124 0.2591 -1.3173 -0.0026 0.2496 -1.3174 0.0078 0.2389 -1.3226 0.0175 0.2285 -1.3311 0.004 0.2415
51.0 -1.3777 0.0107 0.23 -1.3225 0.0016 0.2448 -1.2562 0.0002 0.2528 -1.2459 0.0114 0.2424 -1.2531 0.0226 0.2302 -1.2764 0.0347 0.2155 -1.3234 -0.0132 0.2598 -1.3172 -0.0032 0.2502 -1.3172 0.0066 0.2402 -1.3216 0.017 0.2291 -1.3314 0.0036 0.2419
52.0 -1.3589 0.0089 0.2337 -1.297 -0.0029 0.2519 -1.2341 -0.0054 0.2607 -1.2246 0.0057 0.2503 -1.2325 0.0156 0.2394 -1.2524 0.0288 0.2239 -1.3026 -0.0165 0.2652 -1.2972 -0.0072 0.2563 -1.2971 0.0026 0.2463 -1.3 0.0138 0.2345 -1.3111 0.0003 0.2472
53.0 -1.3533 0.0072 0.236 -1.2911 -0.0015 0.251 -1.2276 -0.0076 0.2636 -1.2218 0.0048 0.2515 -1.2271 0.0145 0.2411 -1.247 0.0277 0.2256 -1.2971 -0.0175 0.2669 -1.2917 -0.0083 0.2579 -1.2908 0.0016 0.2479 -1.2944 0.0121 0.2368 -1.3055 -0.001 0.2491
54.0 -1.3426 0.0062 0.238 -1.2841 -0.0011 0.2514 -1.2214 -0.0079 0.2646 -1.2148 0.0046 0.2525 -1.2207 0.0135 0.2427 -1.2387 0.0258 0.2284 -1.2907 -0.0191 0.2691 -1.2852 -0.0104 0.2608 -1.2842 -0.0005 0.2508 -1.2869 0.0095 0.2403 -1.2979 -0.0029 0.2518
55.0 -1.338 0.005 0.2397 -1.2768 -0.0026 0.2536 -1.2116 -0.0085 0.2661 -1.2067 0.0038 0.254 -1.2134 0.0121 0.2449 -1.2304 0.0232 0.2318 -1.2828 -0.0187 0.2695 -1.2773 -0.01 0.2611 -1.2755 1.955e-05 0.2511 -1.2789 0.0093 0.2412 -1.2905 -0.0029 0.2525
56.0 -1.3263 0.0036 0.2424 -1.2665 -0.0012 0.2532 -1.206 -0.0101 0.2684 -1.2033 0.0043 0.2539 -1.2082 0.0122 0.2453 -1.2232 0.0224 0.2334 -1.2754 -0.0207 0.2723 -1.2684 -0.0106 0.2627 -1.2665 -0.0012 0.2532 -1.2691 0.0082 0.2433 -1.2811 -0.0042 0.2548
57.0 -1.3217 0.0023 0.2441 -1.2547 -0.0033 0.2565 -1.1952 -0.0117 0.2711 -1.192 0.0003 0.2591 -1.1998 0.0096 0.2488 -1.2152 0.0173 0.2394 -1.2657 -0.0212 0.2738 -1.2603 -0.012 0.2648 -1.2584 -0.0025 0.2554 -1.26 0.0064 0.2461 -1.2732 -0.0054 0.2568
58.0 -1.3111 0.0019 0.2456 -1.2439 -0.0049 0.2592 -1.1867 -0.0149 0.2751 -1.1788 -0.0046 0.2654 -1.1894 0.0055 0.254 -1.2071 0.016 0.2415 -1.2565 -0.0231 0.2766 -1.251 -0.0144 0.2682 -1.25 -0.0051 0.2588 -1.2526 0.0043 0.2489 -1.2642 -0.0073 0.2596
59.0 -1.3003 0.0009 0.2477 -1.2343 -0.0042 0.2595 -1.1749 -0.0169 0.2784 -1.1679 -0.0068 0.2687 -1.1768 0.0036 0.2572 -1.1953 0.0139 0.2448 -1.2458 -0.0241 0.2786 -1.2394 -0.0153 0.2703 -1.2376 -0.0058 0.2608 -1.2392 0.0037 0.2509 -1.2525 -0.0081 0.2617
60.0 -1.2906 0.0004 0.2491 -1.2226 -0.0057 0.2621 -1.1648 -0.0192 0.2817 -1.1568 -0.0102 0.2733 -1.164 0.001 0.2611 -1.1837 0.013 0.2469 -1.2359 -0.0252 0.2808 -1.2295 -0.017 0.273 -1.2275 -0.0082 0.2642 -1.2283 0.0015 0.2542 -1.2424 -0.0097 0.2643
61.0 -1.2806 -0.0013 0.2519 -1.2103 -0.0058 0.2635 -1.1493 -0.0178 0.2818 -1.1459 -0.0069 0.271 -1.1533 3.366e-05 0.2632 -1.1723 0.0085 0.2527 -1.2241 -0.0272 0.284 -1.2186 -0.0186 0.2757 -1.2168 -0.0091 0.2663 -1.2176 0.0005 0.2563 -1.2315 -0.0111 0.2668
62.0 -1.2653 -0.0035 0.2557 -1.2001 -0.0087 0.2675 -1.1379 -0.0174 0.2826 -1.1318 -0.0068 0.2723 -1.1414 0.0029 0.2615 -1.1579 0.0061 0.2565 -1.2131 -0.03 0.288 -1.2066 -0.0218 0.2802 -1.2038 -0.0129 0.2714 -1.2036 -0.0037 0.262 -1.2185 -0.0144 0.2715
63.0 -1.2557 -0.0028 0.2559 -1.1879 -0.0083 0.2683 -1.128 -0.0185 0.2847 -1.1229 -0.0075 0.2739 -1.1321 -0.0002 0.2655 -1.1491 0.0061 0.2574 -1.2026 -0.0298 0.2888 -1.197 -0.0217 0.2811 -1.195 -0.0129 0.2723 -1.1957 -0.0039 0.263 -1.2092 -0.0142 0.2722
64.0 -1.2433 -0.0036 0.2579 -1.1738 -0.0082 0.2696 -1.1156 -0.0193 0.2867 -1.1091 -0.0111 0.279 -1.1214 -0.0012 0.2676 -1.1411 0.006 0.2583 -1.1921 -0.0296 0.2897 -1.1872 -0.0223 0.2826 -1.1852 -0.0134 0.2738 -1.1868 -0.0045 0.2645 -1.1989 -0.0147 0.2737
65.0 -1.2338 -0.0023 0.2576 -1.1606 -0.0083 0.271 -1.1035 -0.0177 0.2862 -1.0989 -0.0091 0.2779 -1.1111 0.0002 0.2672 -1.128 0.0065 0.2591 -1.1805 -0.0305 0.2917 -1.1756 -0.0231 0.2847 -1.1736 -0.0143 0.2758 -1.1744 -0.0047 0.2659 -1.1876 -0.015 0.2751
66.0 -1.2229 -0.0045 0.2609 -1.1519 -0.0077 0.2713 -1.0922 -0.0174 0.287 -1.0869 -0.0075 0.2775 -1.0983 0.0026 0.2661 -1.1175 0.0067 0.2599 -1.1683 -0.0295 0.2919 -1.1635 -0.0221 0.2848 -1.1622 -0.014 0.2766 -1.1638 -0.0051 0.2673 -1.1761 -0.015 0.2763
67.0 -1.2118 -0.0024 0.2598 -1.1361 -0.0074 0.2725 -1.0807 -0.0177 0.2885 -1.0759 -0.0097 0.2808 -1.0871 -0.0008 0.2706 -1.1087 0.0067 0.2608 -1.1562 -0.0285 0.292 -1.1512 -0.0217 0.2856 -1.1501 -0.013 0.2768 -1.1518 -0.0034 0.2669 -1.1642 -0.0138 0.2762
68.0 -1.2045 -0.0038 0.262 -1.1238 -0.0076 0.2739 -1.0677 -0.0165 0.2886 -1.0639 -0.0081 0.2803 -1.0749 -0.0004 0.2714 -1.098 0.0057 0.2629 -1.1465 -0.0284 0.2929 -1.1424 -0.0217 0.2865 -1.1412 -0.0136 0.2783 -1.1428 -0.0047 0.269 -1.1555 -0.0144 0.2778
69.0 -1.1618 -0.0017 0.2641 -1.0689 -0.0045 0.2762 -1.0168 -0.0157 0.2929 -1.0204 -0.0052 0.2818 -1.0309 0.0043 0.2709 -1.048 0.0069 0.2666 -1.098 -0.0292 0.2985 -1.0949 -0.022 0.2915 -1.0947 -0.0128 0.2821 -1.0963 -0.0039 0.2728 -1.1091 -0.0139 0.2818
70.0 -1.1536 -0.0031 0.2663 -1.0555 -0.0057 0.2788 -1.0048 -0.0141 0.2924 -1.0094 -0.0025 0.2801 -1.0245 0.0083 0.2676 -1.0444 0.0111 0.2627 -1.0848 -0.0292 0.2999 -1.0836 -0.0211 0.2917 -1.0843 -0.012 0.2824 -1.0876 -0.0033 0.2731 -1.0988 -0.0137 0.2827
71.0 -1.1387 -0.0029 0.2676 -1.0419 -0.0033 0.2776 -0.9962 -0.013 0.2921 -0.9988 -0.0029 0.2816 -1.0149 0.0083 0.2684 -1.035 0.0129 0.2617 -1.0727 -0.0282 0.3 -1.0705 -0.0206 0.2925 -1.0713 -0.0109 0.2825 -1.0747 -0.0016 0.2726 -1.0856 -0.0128 0.283
72.0 -1.1271 -0.0038 0.2697 -1.0281 -0.0014 0.2771 -0.9849 -0.0121 0.2923 -0.9905 1.381e-05 0.2794 -1.0124 0.0093 0.2677 -1.0305 0.0123 0.2628 -1.0605 -0.0272 0.3002 -1.0601 -0.0198 0.2927 -1.0617 -0.0102 0.2827 -1.0659 -0.0016 0.2735 -1.0751 -0.0125 0.2838
73.0 -1.1128 -0.0049 0.2722 -1.0135 0.0006 0.2765 -0.9719 -0.006 0.2874 -0.9805 0.0032 0.2771 -1.002 0.0101 0.2679 -1.0208 0.0124 0.2637 -1.0467 -0.0259 0.3003 -1.047 -0.0192 0.2934 -1.0494 -0.0104 0.2841 -1.0543 -0.0025 0.2756 -1.062 -0.0126 0.2851
74.0 -1.1039 -0.0055 0.2738 -1.0025 0.0033 0.2748 -0.9618 -0.0034 0.2857 -0.9674 0.0037 0.2778 -0.9819 0.011 0.269 -1.0007 0.0127 0.2654 -1.0364 -0.0245 0.2999 -1.0374 -0.0185 0.2937 -1.0405 -0.011 0.2857 -1.0445 -0.003 0.2771 -1.0525 -0.0125 0.286
75.0 -1.0924 -0.0058 0.2752 -0.9932 0.01 0.2688 -0.956 -0.0014 0.2843 -0.9557 0.0023 0.2805 -0.9718 0.0086 0.2724 -0.9906 0.0104 0.2687 -1.0268 -0.0238 0.3001 -1.0284 -0.0198 0.2958 -1.0322 -0.0129 0.2885 -1.0365 -0.0037 0.2786 -1.0433 -0.0132 0.2877
76.0 -1.0785 -0.0051 0.2759 -0.981 0.0062 0.274 -0.9465 -0.0002 0.2839 -0.9492 0.005 0.2784 -0.9634 0.011 0.2708 -0.9861 0.0147 0.2648 -1.014 -0.0215 0.299 -1.0166 -0.0169 0.2941 -1.0205 -0.0095 0.2861 -1.0254 -0.0016 0.2776 -1.031 -0.0109 0.2866
77.0 -1.0655 -0.004 0.276 -0.9701 0.0089 0.2723 -0.9383 0.0034 0.2811 -0.9417 0.0078 0.2762 -0.9525 0.0137 0.2691 -0.9717 0.0178 0.263 -1.0021 -0.0193 0.2979 -1.0038 -0.0146 0.293 -1.0069 -0.0071 0.285 -1.0127 0.0013 0.2759 -1.0182 -0.0087 0.2856
78.0 -1.0594 -0.0038 0.2764 -0.9586 0.0086 0.2738 -0.9312 0.008 0.2771 -0.936 0.0153 0.2691 -0.9591 0.0214 0.2607 -0.9807 0.0245 0.2553 -0.9936 -0.0175 0.297 -0.9965 -0.0112 0.2902 -1.0024 -0.0022 0.2804 -1.0101 0.0065 0.2708 -1.0124 -0.0056 0.283
79.0 -1.0542 -0.0031 0.2762 -0.9489 0.0136 0.2696 -0.9255 0.0106 0.275 -0.933 0.0182 0.2665 -0.9558 0.023 0.2593 -0.9755 0.0246 0.2557 -0.9867 -0.0166 0.2967 -0.9913 -0.0105 0.29 -0.9972 -0.0021 0.2809 -1.0049 0.0066 0.2712 -1.0069 -0.0051 0.283
80.0 -1.045 -0.0006 0.2746 -0.9366 0.0085 0.276 -0.9189 0.0127 0.2735 -0.9283 0.0212 0.2638 -0.9467 0.0261 0.2571 -0.9681 0.0275 0.2535 -0.9766 -0.014 0.2951 -0.9815 -0.0061 0.2865 -0.9884 0.0027 0.2768 -0.9977 0.0107 0.2678 -0.9978 -0.0015 0.2801
81.0 -1.0387 -0.001 0.2756 -0.929 0.0102 0.2751 -0.9176 0.0154 0.2709 -0.9196 0.0218 0.2641 -0.947 0.0279 0.2552 -0.9703 0.0302 0.2505 -0.9691 -0.0118 0.2935 -0.9756 -0.0047 0.2857 -0.9841 0.0033 0.2766 -0.9952 0.0116 0.2671 -0.9925 -0.0005 0.2797
82.0 -1.0306 -0.0023 0.2778 -0.9215 0.013 0.2729 -0.9149 0.02 0.2664 -0.9234 0.0286 0.2568 -0.9452 0.0324 0.2507 -0.9701 0.0339 0.2467 -0.9635 -0.0086 0.2908 -0.9717 -0.0017 0.283 -0.9829 0.0065 0.2734 -0.9957 0.0146 0.2639 -0.9889 0.0017 0.2778
83.0 -1.0265 -0.0006 0.2764 -0.9142 0.0164 0.2702 -0.9141 0.0256 0.2608 -0.926 0.0332 0.2519 -0.9402 0.0343 0.2493 -0.9594 0.0335 0.2482 -0.9562 -0.0051 0.288 -0.9659 0.0003 0.2815 -0.9767 0.0068 0.2738 -0.9884 0.0131 0.2662 -0.9828 0.0029 0.2772
84.0 -1.0239 -0.0002 0.2763 -0.9093 0.0183 0.2687 -0.9099 0.0268 0.26 -0.9194 0.031 0.2547 -0.9323 0.0341 0.2503 -0.9513 0.0322 0.2504 -0.9521 -0.0034 0.2866 -0.9616 0.0009 0.2814 -0.9723 0.0067 0.2743 -0.9831 0.0126 0.2672 -0.9786 0.0033 0.2772
85.0 -1.0194 -0.0008 0.2774 -0.9392 0.0234 0.2605 -0.9135 0.0275 0.2589 -0.9133 0.0312 0.2551 -0.9098 0.0311 0.2556 -0.9085 0.019 0.2681 -0.959 -0.0043 0.2869 -0.9589 -0.0049 0.2875 -0.9585 -0.0018 0.2844 -0.9587 0.0043 0.2781 -0.9709 -0.0015 0.2828
86.0 -1.0207 0.0014 0.2749 -0.912 0.0338 0.2526 -0.9105 0.0304 0.2563 -0.9214 0.0325 0.253 -0.9271 0.0348 0.2501 -0.9363 0.0269 0.2573 -0.9515 0.0034 0.2797 -0.9594 0.003 0.2794 -0.9669 0.0056 0.2759 -0.9737 0.0096 0.2712 -0.9744 0.0046 0.2762
87.0 -1.0168 0.0044 0.2723 -0.9094 0.0342 0.2525 -0.9054 0.0311 0.2561 -0.9135 0.0324 0.2539 -0.9272 0.0354 0.2494 -0.947 0.0328 0.2502 -0.9488 0.013 0.2703 -0.9586 0.0135 0.2688 -0.9686 0.0152 0.266 -0.9778 0.0176 0.2626 -0.9741 0.0127 0.268
88.0 -1.0136 0.011 0.2659 -0.9042 0.0343 0.2529 -0.9089 0.0361 0.2506 -0.9238 0.0408 0.2443 -0.9376 0.0444 0.2392 -0.9551 0.0439 0.238 -0.9488 0.0179 0.2653 -0.961 0.0223 0.2595 -0.9723 0.0263 0.2543 -0.9816 0.0293 0.2503 -0.9754 0.0214 0.259
89.0 -1.0088 0.0091 0.2682 -0.9047 0.0373 0.2498 -0.9154 0.0431 0.2427 -0.9398 0.0521 0.2312 -0.9609 0.0517 0.2295 -0.9849 0.0533 0.2254 -0.9481 0.0241 0.259 -0.966 0.0308 0.2503 -0.9818 0.0354 0.244 -0.9955 0.0384 0.2396 -0.98 0.0276 0.2522
90.0 -1.0143 0.0054 0.2715 -0.918 0.0428 0.2428 -0.9298 0.0552 0.2289 -0.9492 0.0606 0.2216 -0.9625 0.0661 0.2146 -0.9876 0.0688 0.2093 -0.9522 0.0272 0.2554 -0.9673 0.0331 0.2479 -0.9821 0.0372 0.2422 -0.9982 0.0387 0.2391 -0.9828 0.0283 0.2512
91.0 -1.0135 0.0055 0.2715 -0.9122 0.0448 0.2414 -0.9283 0.0567 0.2276 -0.9505 0.0628 0.2191 -0.9667 0.0649 0.2154 -0.9897 0.0655 0.2125 -0.9508 0.0292 0.2535 -0.9668 0.0356 0.2453 -0.9834 0.0395 0.2397 -1.0013 0.0413 0.2361 -0.9831 0.0302 0.2492
92.0 -1.0109 0.0058 0.2714 -0.9099 0.0469 0.2394 -0.933 0.0585 0.2253 -0.9506 0.0634 0.2185 -0.9668 0.0655 0.2147 -0.9902 0.0636 0.2144 -0.9527 0.0302 0.2523 -0.9686 0.0354 0.2454 -0.9858 0.0385 0.2405 -1.0036 0.0398 0.2374 -0.9843 0.0299 0.2494
93.0 -1.0119 0.0063 0.2708 -0.9107 0.0462 0.24 -0.9318 0.0562 0.2277 -0.9518 0.0602 0.2217 -0.9665 0.0637 0.2166 -0.9865 0.0623 0.2161 -0.9537 0.0306 0.2517 -0.9696 0.0364 0.2442 -0.9859 0.0391 0.2398 -1.0038 0.0404 0.2368 -0.985 0.0306 0.2487
94.0 -1.012 0.0069 0.2702 -0.9116 0.0467 0.2395 -0.9306 0.0545 0.2296 -0.9499 0.0593 0.2228 -0.9661 0.0613 0.2191 -0.9861 0.0599 0.2186 -0.9526 0.0296 0.2529 -0.9686 0.0354 0.2454 -0.9859 0.0391 0.2398 -1.0046 0.0403 0.2368 -0.9847 0.0302 0.249
95.0 -1.0116 0.01 0.2671 -0.9123 0.0454 0.2407 -0.9294 0.0529 0.2314 -0.9496 0.0575 0.2247 -0.9656 0.0584 0.2222 -0.9856 0.0575 0.2211 -0.9513 0.0322 0.2504 -0.9666 0.0393 0.2416 -0.9841 0.0436 0.2354 -1.0021 0.0461 0.2311 -0.9831 0.0342 0.2451
96.0 -1.0116 0.01 0.2671 -0.92 0.0443 0.241 -0.9321 0.0531 0.2309 -0.9495 0.0569 0.2253 -0.9599 0.061 0.2201 -0.9766 0.0611 0.2182 -0.9519 0.0309 0.2516 -0.9664 0.0381 0.2428 -0.9803 0.0423 0.2371 -0.9941 0.0453 0.2327 -0.9809 0.0333 0.2463
97.0 -1.0098 0.0096 0.2676 -0.9101 0.0432 0.2431 -0.9301 0.0515 0.2327 -0.9495 0.0569 0.2253 -0.9639 0.0592 0.2215 -0.9855 0.0569 0.2217 -0.9511 0.031 0.2516 -0.9674 0.0386 0.2422 -0.9848 0.0429 0.236 -1.002 0.0455 0.2317 -0.983 0.0335 0.2458
98.0 -1.0127 0.0111 0.2659 -0.9759 0.057 0.2226 -0.9528 0.0607 0.2211 -0.9482 0.0595 0.2228 -0.9384 0.059 0.2243 -0.9182 0.0489 0.2366 -0.9722 0.041 0.2393 -0.9634 0.036 0.2452 -0.9562 0.0303 0.2518 -0.9489 0.0233 0.2596 -0.9707 0.0283 0.2524
99.0 -1.0112 0.0076 0.2695 -0.9755 0.0546 0.2251 -0.9449 0.0557 0.227 -0.9491 0.0551 0.2272 -0.9451 0.0568 0.2258 -0.9334 0.0505 0.2334 -0.9664 0.0332 0.2478 -0.9625 0.0307 0.2508 -0.9595 0.0286 0.2532 -0.9545 0.0256 0.2567 -0.9708 0.0252 0.2556
100.0 -1.011 0.0113 0.2658 -0.9094 0.044 0.2425 -0.9261 0.049 0.2356 -0.9531 0.0527 0.2292 -0.972 0.055 0.2249 -0.9862 0.0556 0.223 -0.9489 0.0288 0.254 -0.965 0.0352 0.2459 -0.9808 0.0398 0.2396 -0.9945 0.0428 0.2352 -0.98 0.0316 0.2481
101.0 -1.0089 0.0097 0.2676 -0.9158 0.0455 0.2402 -0.9227 0.0495 0.2355 -0.9537 0.0508 0.2311 -0.9788 0.0486 0.2308 -0.9903 0.0489 0.2294 -0.9473 0.0297 0.2533 -0.965 0.0352 0.2459 -0.9825 0.0396 0.2397 -0.9989 0.0429 0.2347 -0.9805 0.0314 0.2482
102.0 -1.0081 0.0099 0.2676 -0.9155 0.0437 0.2421 -0.9209 0.0497 0.2354 -0.9577 0.0484 0.2331 -0.9801 0.046 0.2334 -0.9909 0.0476 0.2307 -0.9459 0.0317 0.2514 -0.9628 0.0374 0.2439 -0.9793 0.0412 0.2383 -0.994 0.0447 0.2333 -0.978 0.033 0.2469
103.0 -1.01 0.0108 0.2664 -0.9156 0.0443 0.2415 -0.9243 0.0487 0.2362 -0.9619 0.0473 0.2339 -0.9853 0.0453 0.2336 -0.9936 0.0478 0.2301 -0.9475 0.0309 0.2521 -0.9644 0.0365 0.2446 -0.9801 0.0411 0.2384 -0.9931 0.0449 0.2332 -0.979 0.0328 0.2469
104.0 -1.0083 0.0111 0.2663 -0.9172 0.0435 0.2422 -0.9215 0.0478 0.2373 -0.9481 0.0491 0.2334 -0.9723 0.0465 0.2337 -0.9848 0.0478 0.2311 -0.9481 0.029 0.254 -0.9649 0.0346 0.2465 -0.9807 0.0392 0.2403 -0.9938 0.0436 0.2345 -0.9791 0.0315 0.2483
105.0 -1.0084 0.0116 0.2657 -0.9181 0.0434 0.2422 -0.9208 0.0491 0.2361 -0.9605 0.0444 0.237 -0.9781 0.0444 0.2352 -0.9874 0.0475 0.2312 -0.9485 0.0313 0.2515 -0.9643 0.0359 0.2452 -0.9791 0.04 0.2396 -0.992 0.0438 0.2345 -0.9785 0.0325 0.2473
106.0 -1.01 0.0108 0.2664 -0.9178 0.0416 0.2441 -0.9198 0.048 0.2373 -0.952 0.0461 0.236 -0.9753 0.0436 0.2363 -0.9846 0.0466 0.2323 -0.9475 0.0309 0.2521 -0.9643 0.0359 0.2452 -0.9791 0.04 0.2396 -0.9911 0.0433 0.235 -0.9784 0.0322 0.2477
107.0 -1.0107 0.0095 0.2677 -0.9162 0.043 0.2428 -0.9216 0.0484 0.2367 -0.9612 0.0437 0.2376 -0.978 0.0439 0.2358 -0.9883 0.0474 0.2312 -0.9476 0.0315 0.2515 -0.9643 0.0359 0.2452 -0.9799 0.0399 0.2396 -0.9928 0.0431 0.2351 -0.9791 0.032 0.2478
108.0 -1.0109 0.0107 0.2664 -0.9172 0.0435 0.2422 -0.9266 0.0471 0.2375 -0.9597 0.0451 0.2363 -0.9789 0.0443 0.2352 -0.9908 0.047 0.2313 -0.9485 0.0313 0.2515 -0.9644 0.0365 0.2446 -0.9799 0.0399 0.2396 -0.9937 0.043 0.2351 -0.9795 0.0323 0.2475
109.0 -1.0092 0.0109 0.2663 -0.9179 0.0422 0.2434 -0.9205 0.0473 0.2379 -0.9591 0.0415 0.24 -0.976 0.0429 0.237 -0.9908 0.047 0.2313 -0.9486 0.0319 0.2509 -0.9645 0.0371 0.244 -0.98 0.0405 0.239 -0.9938 0.0436 0.2345 -0.9792 0.0328 0.2469
110.0 -1.0125 0.0099 0.2671 -0.9171 0.0429 0.2428 -0.9231 0.047 0.238 -0.9637 0.0427 0.2384 -0.9829 0.042 0.2372 -0.9933 0.0461 0.232 -0.9484 0.0307 0.2521 -0.9644 0.0365 0.2446 -0.98 0.0405 0.239 -0.9929 0.0437 0.2345 -0.9796 0.0323 0.2475
111.0 -1.01 0.0108 0.2664 -0.9171 0.0429 0.2428 -0.9207 0.0485 0.2367 -0.9627 0.0422 0.2389 -0.9795 0.0424 0.2371 -0.9881 0.0462 0.2324 -0.9484 0.0307 0.2521 -0.9642 0.0353 0.2459 -0.979 0.0394 0.2402 -0.992 0.0438 0.2345 -0.9787 0.032 0.2478
112.0 -1.0101 0.0114 0.2658 -0.9168 0.0411 0.2447 -0.9197 0.0474 0.2379 -0.9534 0.0441 0.238 -0.9752 0.043 0.2369 -0.9889 0.046 0.2325 -0.9486 0.0319 0.2509 -0.9645 0.0371 0.244 -0.9793 0.0412 0.2383 -0.9921 0.0444 0.2338 -0.9789 0.0332 0.2466
113.0 -1.0101 0.0114 0.2658 -0.9171 0.0429 0.2428 -0.9205 0.0473 0.2379 -0.9501 0.0452 0.2372 -0.9693 0.0444 0.2361 -0.9873 0.0469 0.2318 -0.9468 0.0316 0.2514 -0.9635 0.0366 0.2446 -0.9793 0.0412 0.2383 -0.993 0.0443 0.2339 -0.9785 0.033 0.2468
114.0 -1.011 0.0113 0.2658 -0.916 0.0418 0.244 -0.9232 0.0476 0.2374 -0.9622 0.0442 0.237 -0.9824 0.0439 0.2353 -0.9936 0.0478 0.2301 -0.9485 0.0313 0.2515 -0.9644 0.0365 0.2446 -0.9792 0.0406 0.239 -0.992 0.0438 0.2345 -0.979 0.0327 0.2471
115.0 -1.0085 0.0122 0.2651 -0.9177 0.041 0.2447 -0.9198 0.048 0.2373 -0.9549 0.0427 0.2393 -0.973 0.0409 0.2393 -0.9876 0.0438 0.2349 -0.9487 0.0325 0.2503 -0.9637 0.0378 0.2434 -0.9785 0.0419 0.2377 -0.9922 0.045 0.2332 -0.9783 0.0339 0.2459
116.0 -1.0094 0.0121 0.2651 -0.917 0.0423 0.2434 -0.9216 0.0484 0.2367 -0.9589 0.0452 0.2363 -0.9788 0.0437 0.2358 -0.9917 0.0469 0.2313 -0.9486 0.0319 0.2509 -0.9644 0.0365 0.2446 -0.9792 0.0406 0.239 -0.9921 0.0444 0.2338 -0.9787 0.0331 0.2467
117.0 -1.0118 0.0112 0.2658 -0.9171 0.0429 0.2428 -0.9217 0.049 0.2361 -0.9655 0.0431 0.2378 -0.9822 0.0427 0.2366 -0.9925 0.0462 0.232 -0.9474 0.0303 0.2527 -0.9643 0.0359 0.2452 -0.9801 0.0411 0.2384 -0.9931 0.0449 0.2332 -0.9794 0.0327 0.2471
118.0 -1.0086 0.0128 0.2644 -0.9171 0.0429 0.2428 -0.9223 0.0477 0.2374 -0.9529 0.0466 0.2354 -0.9755 0.0448 0.2351 -0.9891 0.0472 0.2312 -0.9484 0.0307 0.2521 -0.9643 0.0359 0.2452 -0.979 0.0394 0.2402 -0.9919 0.0432 0.2351 -0.9784 0.0324 0.2474
119.0 -1.0119 0.0118 0.2652 -0.9175 0.0404 0.2453 -0.9262 0.0447 0.24 -0.9627 0.0422 0.2389 -0.9812 0.0422 0.2372 -0.9922 0.045 0.2332 -0.9494 0.0312 0.2515 -0.9653 0.037 0.244 -0.9802 0.0417 0.2377 -0.9932 0.0455 0.2326 -0.98 0.0334 0.2462
120.0 -1.0085 0.0122 0.2651 -0.9168 0.0411 0.2447 -0.9232 0.0476 0.2374 -0.957 0.0448 0.2368 -0.9796 0.043 0.2365 -0.9916 0.0463 0.2319 -0.9494 0.0312 0.2515 -0.9644 0.0365 0.2446 -0.98 0.0405 0.239 -0.9939 0.0442 0.2339 -0.9792 0.0329 0.2468
121.0 -1.0101 0.0114 0.2658 -0.9178 0.0416 0.2441 -0.9224 0.0483 0.2368 -0.9612 0.0437 0.2376 -0.9822 0.0427 0.2366 -0.9916 0.0463 0.2319 -0.9476 0.0315 0.2515 -0.9636 0.0372 0.244 -0.9785 0.0419 0.2377 -0.9915 0.0457 0.2326 -0.9783 0.0336 0.2463
122.0 -1.0102 0.012 0.2651 -0.9159 0.0412 0.2446 -0.9241 0.0475 0.2374 -0.9553 0.0451 0.2368 -0.9781 0.0444 0.2352 -0.991 0.0482 0.23 -0.9493 0.0306 0.2522 -0.9644 0.0365 0.2446 -0.98 0.0405 0.239 -0.9929 0.0437 0.2345 -0.9794 0.0327 0.2471
123.0 -1.011 0.0113 0.2658 -0.918 0.0428 0.2428 -0.9223 0.0477 0.2374 -0.9663 0.0424 0.2385 -0.9856 0.0422 0.2367 -0.9942 0.0459 0.232 -0.9483 0.0301 0.2527 -0.9635 0.0366 0.2446 -0.9793 0.0412 0.2383 -0.9931 0.0449 0.2332 -0.979 0.0328 0.2469
124.0 -1.0111 0.0119 0.2652 -0.9162 0.043 0.2428 -0.9256 0.046 0.2387 -0.9605 0.0444 0.237 -0.9796 0.043 0.2365 -0.9907 0.0464 0.2319 -0.9482 0.0295 0.2534 -0.965 0.0352 0.2459 -0.9808 0.0398 0.2396 -0.9939 0.0442 0.2339 -0.9798 0.0321 0.2476
125.0 -1.0087 0.0134 0.2638 -0.9174 0.0447 0.2409 -0.9259 0.0478 0.2369 -0.9675 0.0441 0.2366 -0.9843 0.0448 0.2342 -0.9922 0.0499 0.2282 -0.9475 0.0309 0.2521 -0.9625 0.0362 0.2452 -0.9773 0.0403 0.2395 -0.9902 0.0434 0.235 -0.9773 0.0328 0.2471
126.0 -1.011 0.0113 0.2658 -0.9157 0.0449 0.2409 -0.9241 0.0475 0.2374 -0.9635 0.0464 0.2346 -0.9828 0.0463 0.2328 -0.9906 0.0507 0.2275 -0.9474 0.0303 0.2527 -0.9643 0.0359 0.2452 -0.9791 0.04 0.2396 -0.9919 0.0432 0.2351 -0.9787 0.0321 0.2477
127.0 -1.0112 0.0125 0.2645 -0.9159 0.0461 0.2396 -0.9265 0.0465 0.2382 -0.9599 0.0463 0.2351 -0.9802 0.0466 0.2327 -0.9914 0.05 0.2282 -0.9482 0.0295 0.2534 -0.9651 0.0358 0.2453 -0.9817 0.0403 0.2391 -0.9947 0.044 0.2339 -0.9802 0.0324 0.2472
128.0 -1.0126 0.0105 0.2665 -0.9128 0.0435 0.2426 -0.9204 0.0467 0.2385 -0.9488 0.0478 0.2347 -0.97 0.0486 0.2317 -0.9863 0.0513 0.2274 -0.9479 0.0278 0.2552 -0.965 0.0352 0.2459 -0.9826 0.0402 0.2391 -0.9973 0.0437 0.234 -0.9811 0.0315 0.2481
129.0 -1.0143 0.0102 0.2665 -0.9112 0.0443 0.2419 -0.9175 0.0453 0.2403 -0.9444 0.0478 0.2351 -0.9659 0.0504 0.2303 -0.986 0.0544 0.2242 -0.9467 0.0261 0.2571 -0.9637 0.0329 0.2483 -0.9814 0.0385 0.2409 -0.9971 0.0425 0.2353 -0.9807 0.0301 0.2496
130.0 -1.0105 0.0083 0.2689 -0.9122 0.0448 0.2414 -0.9258 0.0472 0.2375 -0.9464 0.0493 0.2333 -0.9631 0.0495 0.2315 -0.9812 0.052 0.2272 -0.9499 0.0293 0.2534 -0.9658 0.0345 0.2466 -0.9832 0.0383 0.241 -0.9995 0.041 0.2366 -0.9817 0.0303 0.2493
131.0 -1.0122 0.0081 0.269 -0.9111 0.0437 0.2426 -0.9239 0.0518 0.2331 -0.9441 0.0564 0.2264 -0.9584 0.0575 0.2238 -0.9751 0.0577 0.2219 -0.9496 0.0275 0.2553 -0.9657 0.0339 0.2472 -0.9832 0.0383 0.241 -0.9995 0.041 0.2366 -0.982 0.0297 0.2498
132.0 -1.0111 0.007 0.2702 -0.9113 0.0449 0.2413 -0.9249 0.0522 0.2325 -0.9446 0.0593 0.2232 -0.9599 0.061 0.2201 -0.9792 0.0608 0.2183 -0.9519 0.0254 0.2573 -0.9677 0.0306 0.2504 -0.9843 0.0351 0.2441 -1.0024 0.0375 0.2399 -0.9835 0.0271 0.2524
133.0 -1.0094 0.0072 0.2701 -0.9057 0.0432 0.2436 -0.9321 0.058 0.2259 -0.9469 0.0621 0.2202 -0.9612 0.0638 0.217 -0.9812 0.0624 0.2165 -0.95 0.0299 0.2528 -0.9674 0.0337 0.2472 -0.9847 0.0368 0.2423 -1.0017 0.0388 0.2386 -0.9826 0.0293 0.2502
134.0 -1.0114 0.0039 0.2733 -0.9167 0.0405 0.2453 -0.9136 0.0483 0.2377 -0.9373 0.0628 0.2205 -0.9546 0.0659 0.2155 -0.9811 0.0666 0.2122 -0.951 0.0206 0.2622 -0.9662 0.0271 0.2541 -0.9847 0.032 0.2473 -1.0039 0.0361 0.2412 -0.9835 0.0239 0.2556
135.0 -1.0114 0.0039 0.2733 -0.914 0.0452 0.2408 -0.9145 0.0481 0.2377 -0.9427 0.0633 0.2194 -0.963 0.0636 0.2171 -0.9852 0.0649 0.2136 -0.952 0.0211 0.2616 -0.968 0.0269 0.2541 -0.9864 0.0317 0.2474 -1.0056 0.0358 0.2412 -0.9847 0.0239 0.2555
136.0 -1.0141 0.0042 0.2728 -0.9113 0.04 0.2463 -0.914 0.0452 0.2408 -0.9374 0.0585 0.2248 -0.955 0.0634 0.218 -0.9819 0.0665 0.2122 -0.9526 0.0198 0.2629 -0.9687 0.0262 0.2548 -0.9864 0.0317 0.2474 -1.0047 0.036 0.2412 -0.9853 0.0236 0.2558
137.0 -1.0183 0.003 0.2736 -0.9125 0.0368 0.2495 -0.9125 0.0417 0.2445 -0.9387 0.0559 0.2274 -0.9562 0.0602 0.2212 -0.9845 0.0662 0.2123 -0.9517 0.0193 0.2635 -0.9661 0.0265 0.2547 -0.9837 0.0315 0.2479 -1.0021 0.0357 0.2417 -0.9844 0.0232 0.2563
138.0 -1.0214 0.0056 0.2706 -0.9142 0.0366 0.2496 -0.9142 0.0366 0.2496 -0.9321 0.0433 0.2409 -0.9546 0.0458 0.2361 -0.9804 0.0625 0.2165 -0.9571 0.0204 0.2618 -0.9725 0.0275 0.2531 -0.9883 0.0327 0.2462 -1.004 0.0367 0.2405 -0.9887 0.0246 0.2544
139.0 -1.0264 0.0037 0.272 -0.9162 0.0326 0.2534 -0.9165 0.0344 0.2515 -0.9602 0.0279 0.2538 -0.9747 0.0302 0.25 -0.9914 0.05 0.2282 -0.9574 0.0167 0.2656 -0.9727 0.0238 0.2568 -0.9886 0.029 0.2499 -1.0043 0.0336 0.2437 -0.9899 0.0214 0.2576
140.0 -1.0335 0.0046 0.2704 -0.9202 0.0303 0.2554 -0.9216 0.0331 0.2523 -0.9455 0.0391 0.2439 -0.9702 0.0394 0.2411 -0.9943 0.0465 0.2314 -0.9595 0.014 0.2682 -0.9741 0.0218 0.2587 -0.9884 0.0278 0.2512 -1.0041 0.0324 0.2449 -0.9919 0.0201 0.2587
141.0 -1.0418 0.0016 0.2726 -0.9235 0.0243 0.2612 -0.9264 0.0307 0.2544 -0.9397 0.0362 0.2474 -0.9587 0.0391 0.2425 -0.9868 0.0488 0.2299 -0.97 0.0083 0.2729 -0.9827 0.0157 0.2641 -0.9961 0.0219 0.2565 -1.011 0.0266 0.2502 -1.0003 0.0148 0.2633
142.0 -1.0516 -0.0027 0.2761 -0.9299 0.0204 0.2645 -0.9306 0.0246 0.2602 -0.9415 0.0317 0.2519 -0.9651 0.0358 0.2453 -0.996 0.0463 0.2315 -0.9784 0.001 0.2795 -0.9901 0.0074 0.2718 -1.0036 0.0141 0.2636 -1.0194 0.0193 0.2567 -1.0086 0.0078 0.2696
143.0 -1.0655 -0.0089 0.281 -1.0049 0.042 0.235 -0.9425 0.0224 0.2613 -0.9357 0.0233 0.261 -0.9467 0.0261 0.2571 -0.9589 0.0257 0.2563 -1.0008 -0.0014 0.2798 -0.9977 -0.004 0.2828 -0.9977 -0.004 0.2828 -0.9999 -0.0019 0.2803 -1.0123 -0.004 0.2813
144.0 -1.0698 -0.0095 0.2812 -0.9473 0.0095 0.2739 -0.9394 0.0143 0.2699 -0.9483 0.0253 0.2577 -0.9721 0.0306 0.2499 -1.0072 0.0399 0.2369 -0.9967 -0.01 0.289 -1.0059 -0.0027 0.2806 -1.0196 0.0053 0.2711 -1.0361 0.014 0.2605 -1.0256 -0.0006 0.2765
145.0 -1.0771 -0.0129 0.284 -0.9567 0.0076 0.2749 -0.9429 0.0095 0.2744 -0.9491 0.0197 0.2634 -0.9758 0.0264 0.2538 -1.0111 0.0369 0.2396 -1.0053 -0.016 0.2943 -1.0154 -0.0088 0.2859 -1.0283 -0.0002 0.2758 -1.045 0.0098 0.264 -1.0342 -0.0056 0.2808
146.0 -1.0824 -0.013 0.2835 -0.9638 0.003 0.2789 -0.9454 0.0085 0.2751 -0.9588 0.0196 0.2625 -0.9827 0.0255 0.2541 -1.0161 0.0356 0.2404 -1.0087 -0.0165 0.2944 -1.0188 -0.0093 0.2861 -1.0309 -0.0005 0.2759 -1.0459 0.0096 0.264 -1.0373 -0.0059 0.2808
147.0 -1.0935 -0.0145 0.284 -0.9863 0.0012 0.2786 -0.9535 0.0044 0.2785 -0.9644 0.0164 0.2652 -0.9867 0.0231 0.2561 -1.0249 0.0308 0.2445 -1.0213 -0.02 0.2968 -1.0278 -0.013 0.2889 -1.0381 -0.0046 0.2793 -1.0513 0.0053 0.268 -1.0464 -0.0094 0.2834
148.0 -1.1034 -0.0134 0.2819 -0.9939 -0.0059 0.2851 -0.961 0.0022 0.2801 -0.9672 0.0123 0.2691 -0.9912 0.0189 0.26 -1.0298 0.0283 0.2465 -1.0317 -0.0208 0.2966 -1.0383 -0.0138 0.2887 -1.0478 -0.0047 0.2785 -1.0607 0.004 0.2683 -1.0564 -0.0097 0.2828
149.0 -1.1138 -0.0142 0.2816 -1.0084 -0.0085 0.2863 -0.9691 -0.002 0.2835 -0.9759 0.0118 0.2688 -1.0006 0.0176 0.2604 -1.0372 0.0255 0.2487 -1.0412 -0.0221 0.2969 -1.0488 -0.014 0.2879 -1.0584 -0.0043 0.277 -1.0706 0.0051 0.2662 -1.0666 -0.0099 0.2819
150.0 -1.12 -0.0144 0.2813 -1.0154 -0.0088 0.2859 -0.978 -0.0062 0.287 -0.9857 0.0074 0.2723 -1.0047 0.0158 0.2618 -1.0476 0.0247 0.2485 -1.0496 -0.0244 0.2985 -1.0556 -0.0149 0.2881 -1.0654 -0.0046 0.2766 -1.0784 0.0046 0.2659 -1.0738 -0.0107 0.2821
151.0 -1.1215 -0.0158 0.2826 -1.0271 -0.0074 0.2833 -0.9849 -0.0072 0.2873 -0.998 0.0076 0.2709 -1.0192 0.0132 0.263 -1.0542 0.022 0.2506 -1.0506 -0.0234 0.2973 -1.0585 -0.0134 0.2864 -1.0699 -0.004 0.2756 -1.0829 0.0053 0.2648 -1.0767 -0.0103 0.2813
152.0 -1.1666 -0.0195 0.2818 -1.076 0.0208 0.2496 -1.0195 -0.0051 0.2817 -1.0165 -0.0023 0.2791 -1.0275 -8.489e-05 0.2758 -1.0481 0.002 0.2716 -1.0961 -0.0252 0.2947 -1.0983 -0.0274 0.2967 -1.1029 -0.0262 0.295 -1.1093 -0.0197 0.2877 -1.1146 -0.0236 0.2912
153.0 -1.1796 -0.0206 0.2817 -1.0872 0.0145 0.255 -1.0262 -0.0121 0.2882 -1.0285 -0.0039 0.2796 -1.0431 -0.001 0.2752 -1.0747 0.0033 0.2676 -1.1103 -0.0296 0.2977 -1.116 -0.0267 0.2942 -1.1242 -0.0205 0.287 -1.1328 -0.0113 0.2768 -1.1326 -0.0217 0.2875
154.0 -1.1993 -0.0233 0.2825 -1.119 -0.0198 0.2868 -1.0726 -0.0233 0.295 -1.0754 -0.0078 0.2789 -1.0908 -8.362e-05 0.2695 -1.1262 0.011 0.2546 -1.1437 -0.0347 0.2997 -1.1473 -0.0242 0.2886 -1.1535 -0.0134 0.2769 -1.1613 -0.0041 0.2666 -1.161 -0.0199 0.2828
155.0 -1.2656 -0.0218 0.2744 -1.1778 -0.0204 0.2816 -1.1216 -0.025 0.2919 -1.1232 -0.0112 0.2776 -1.1326 -0.0027 0.268 -1.1668 0.0068 0.255 -1.197 -0.0364 0.2961 -1.1991 -0.0245 0.2837 -1.2046 -0.013 0.2714 -1.2135 -0.0026 0.2599 -1.216 -0.0197 0.2771
156.0 -1.2737 -0.0205 0.2722 -1.1861 -0.0233 0.2838 -1.1375 -0.0247 0.2901 -1.138 -0.0071 0.272 -1.1497 -9.9e-05 0.2637 -1.1808 0.0165 0.2436 -1.2123 -0.0348 0.2929 -1.2142 -0.0235 0.2812 -1.2198 -0.012 0.2689 -1.2279 -0.0009 0.2567 -1.2296 -0.0183 0.2744
157.0 -1.2823 -0.0168 0.2676 -1.1981 -0.0201 0.2793 -1.1536 -0.0232 0.2869 -1.1492 -0.008 0.2718 -1.1624 0.0019 0.2604 -1.1925 0.018 0.241 -1.2274 -0.0338 0.2904 -1.2285 -0.0223 0.2786 -1.2333 -0.0102 0.2657 -1.2405 0.0011 0.2535 -1.2424 -0.0164 0.2711
158.0 -1.3031 -0.0135 0.2621 -1.2133 -0.0136 0.2711 -1.168 -0.0215 0.2837 -1.1651 -0.0077 0.2699 -1.1782 0.0016 0.2592 -1.2046 0.0169 0.2408 -1.2428 -0.031 0.286 -1.2431 -0.0194 0.2742 -1.2469 -0.0077 0.2618 -1.2542 0.0035 0.2496 -1.258 -0.0136 0.2667
159.0 -1.3186 -0.0101 0.2571 -1.2334 -0.0145 0.27 -1.1841 -0.02 0.2806 -1.1815 -0.0044 0.2649 -1.194 0.0067 0.2523 -1.2163 0.0233 0.2332 -1.2566 -0.028 0.2816 -1.256 -0.0163 0.2697 -1.2589 -0.0045 0.2573 -1.2661 0.0062 0.2457 -1.2712 -0.0105 0.2623
160.0 -1.334 -0.0079 0.2533 -1.2486 -0.0134 0.2675 -1.1966 -0.0186 0.278 -1.1924 -0.0028 0.2622 -1.2023 0.0087 0.2495 -1.2243 0.024 0.2316 -1.2717 -0.0269 0.279 -1.2694 -0.015 0.2671 -1.2723 -0.0032 0.2547 -1.2788 0.0087 0.2418 -1.2853 -0.0089 0.2592
161.0 -1.3447 -0.002 0.2462 -1.2666 -0.0159 0.2682 -1.2082 -0.0178 0.2759 -1.2029 -0.003 0.2614 -1.2111 0.0087 0.2486 -1.2341 0.0245 0.2301 -1.2808 -0.0251 0.2762 -1.2783 -0.0144 0.2655 -1.2804 -0.0025 0.2531 -1.2869 0.0095 0.2403 -1.2942 -0.0069 0.2563
162.0 -1.3485 -6.185e-05 0.2439 -1.2834 -0.0102 0.2607 -1.2213 -0.0183 0.2752 -1.2152 -0.0028 0.26 -1.221 0.0098 0.2464 -1.2457 0.0254 0.228 -1.2882 -0.0231 0.2734 -1.284 -0.0121 0.2626 -1.2859 -0.0014 0.2515 -1.2932 0.0105 0.2386 -1.3 -0.0052 0.254
163.0 -1.3536 0.0035 0.2397 -1.2935 -0.0079 0.2574 -1.2329 -0.0174 0.2731 -1.226 -0.0018 0.2579 -1.2325 0.0101 0.245 -1.2521 0.027 0.2258 -1.2996 -0.0234 0.2726 -1.2945 -0.0123 0.2618 -1.2947 -0.0013 0.2506 -1.3004 0.0113 0.237 -1.3085 -0.0044 0.2523
164.0 -1.3571 0.0037 0.2392 -1.3025 -0.0067 0.2552 -1.24 -0.0172 0.2722 -1.2329 -0.0022 0.2575 -1.2394 0.0098 0.2447 -1.2592 0.0273 0.2248 -1.3068 -0.0225 0.271 -1.3008 -0.0113 0.2602 -1.3001 -0.0002 0.2489 -1.3058 0.0118 0.236 -1.3141 -0.0037 0.2511
165.0 -1.3666 0.0073 0.2346 -1.3124 -0.0056 0.2531 -1.2491 -0.0153 0.2694 -1.2401 -0.0013 0.2559 -1.2449 0.0109 0.243 -1.2664 0.0281 0.2232 -1.3143 -0.0199 0.2676 -1.3081 -0.0099 0.2579 -1.3074 0.0012 0.2467 -1.3121 0.0128 0.2344 -1.3217 -0.0017 0.2482
166.0 -1.3701 0.0074 0.2341 -1.3186 -0.0052 0.2521 -1.2519 -0.0145 0.2683 -1.2445 -0.0013 0.2555 -1.2494 0.0115 0.2419 -1.2708 0.0281 0.2228 -1.3187 -0.0199 0.2671 -1.3127 -0.0087 0.2563 -1.312 0.0024 0.245 -1.3176 0.0139 0.2327 -1.3262 -0.001 0.247
167.0 -1.3718 0.0072 0.2342 -1.3207 -0.0036 0.2503 -1.2547 -0.0137 0.2671 -1.2468 0.0015 0.2524 -1.2534 0.014 0.239 -1.2765 0.0304 0.2199 -1.3215 -0.019 0.266 -1.3155 -0.0078 0.2551 -1.3157 0.0032 0.2439 -1.3213 0.0152 0.231 -1.3292 -0.0003 0.246
168.0 -1.3765 0.009 0.2319 -1.3243 -0.0029 0.2492 -1.2583 -0.0129 0.266 -1.2506 0.0034 0.2501 -1.2553 0.015 0.2378 -1.2775 0.0315 0.2187 -1.3252 -0.0177 0.2642 -1.3192 -0.0071 0.254 -1.3194 0.0045 0.2421 -1.3241 0.0161 0.2298 -1.3329 0.001 0.2444
169.0 -1.3781 0.0082 0.2326 -1.3263 -0.0013 0.2474 -1.2603 -0.012 0.2648 -1.2516 0.0039 0.2495 -1.2573 0.0165 0.236 -1.2786 0.0326 0.2175 -1.3279 -0.0174 0.2637 -1.321 -0.0067 0.2534 -1.3213 0.0048 0.2416 -1.3259 0.0164 0.2293 -1.3348 0.0011 0.2441
170.0 -1.3763 0.0078 0.2331 -1.3262 -0.0019 0.248 -1.2606 -0.0102 0.263 -1.2517 0.0045 0.2489 -1.2574 0.0171 0.2354 -1.2788 0.0338 0.2162 -1.3279 -0.0174 0.2637 -1.322 -0.0062 0.2529 -1.3221 0.0047 0.2416 -1.3278 0.0168 0.2287 -1.3352 0.0011 0.244
171.0 -1.3791 0.0086 0.232 -1.3246 -0.0011 0.2473 -1.2588 -0.0099 0.2629 -1.2518 0.0051 0.2483 -1.2575 0.0177 0.2348 -1.2797 0.0337 0.2162 -1.3263 -0.0166 0.263 -1.3212 -0.0055 0.2522 -1.3214 0.0054 0.241 -1.327 0.0175 0.2281 -1.335 0.0019 0.2432
172.0 -1.3773 0.0083 0.2325 -1.3262 -0.0019 0.248 -1.2588 -0.0099 0.2629 -1.2518 0.0051 0.2483 -1.2592 0.0169 0.2354 -1.2796 0.0331 0.2169 -1.328 -0.0168 0.2631 -1.3228 -0.0064 0.2529 -1.323 0.0046 0.2417 -1.3276 0.0162 0.2293 -1.3357 0.0012 0.2439
173.0 -1.3802 0.0097 0.2308 -1.3272 -0.0015 0.2474 -1.2614 -0.0103 0.263 -1.2518 0.0051 0.2483 -1.2576 0.0183 0.2341 -1.2798 0.0343 0.2156 -1.3289 -0.017 0.2631 -1.3229 -0.0058 0.2523 -1.3222 0.0053 0.241 -1.327 0.0175 0.2281 -1.3362 0.002 0.243
174.0 -1.3801 0.0091 0.2314 -1.3254 -0.0018 0.248 -1.2598 -0.0095 0.2623 -1.2528 0.0055 0.2477 -1.2584 0.0176 0.2348 -1.2789 0.0344 0.2156 -1.328 -0.0168 0.2631 -1.3229 -0.0058 0.2523 -1.3231 0.0052 0.241 -1.3279 0.0174 0.2281 -1.3364 0.0018 0.2432
175.0 -1.3791 0.0086 0.232 -1.3262 -0.0019 0.248 -1.2588 -0.0099 0.2629 -1.251 0.0058 0.2476 -1.2576 0.0183 0.2341 -1.2798 0.0343 0.2156 -1.3272 -0.0167 0.2631 -1.3221 -0.0056 0.2522 -1.3222 0.0053 0.241 -1.3287 0.0173 0.2281 -1.3359 0.0018 0.2433
176.0 -1.3783 0.0094 0.2313 -1.3301 -1.25e-05 0.2457 -1.26 -0.0083 0.2611 -1.251 0.0058 0.2476 -1.2579 0.0195 0.2329 -1.28 0.0355 0.2144 -1.3281 -0.0162 0.2625 -1.323 -0.0052 0.2517 -1.3223 0.0059 0.2404 -1.328 0.018 0.2275 -1.336 0.0024 0.2427
177.0 -1.3793 0.0098 0.2307 -1.3265 -0.0001 0.2462 -1.2583 -0.008 0.261 -1.2519 0.0057 0.2476 -1.2579 0.0195 0.2329 -1.28 0.0355 0.2144 -1.3274 -0.0155 0.2618 -1.3214 -0.0043 0.251 -1.3216 0.0066 0.2397 -1.3281 0.0186 0.2269 -1.3355 0.003 0.242
178.0 -1.3804 0.0109 0.2295 -1.3275 0.0003 0.2456 -1.2611 -0.0072 0.2599 -1.2523 0.008 0.2452 -1.2571 0.0202 0.2322 -1.2785 0.0369 0.2131 -1.3283 -0.015 0.2612 -1.3231 -0.0046 0.251 -1.3225 0.0071 0.2391 -1.3282 0.0192 0.2262 -1.3365 0.0035 0.2414
179.0 -1.3806 0.0121 0.2283 -1.3292 0.0001 0.2456 -1.2603 -0.0065 0.2592 -1.2524 0.0086 0.2445 -1.2572 0.0208 0.2316 -1.2802 0.0366 0.2131 -1.3284 -0.0144 0.2606 -1.3225 -0.0033 0.2498 -1.3226 0.0077 0.2385 -1.3273 0.0193 0.2262 -1.3363 0.0043 0.2407
180.0 -1.3796 0.0116 0.2289 -1.3284 0.0002 0.2456 -1.2595 -0.0064 0.2592 -1.2526 0.0098 0.2433 -1.2582 0.0213 0.231 -1.2795 0.0374 0.2125 -1.3277 -0.0137 0.26 -1.3225 -0.0033 0.2498 -1.3218 0.0078 0.2385 -1.3266 0.02 0.2256 -1.3356 0.0045 0.2405
181.0 -1.3804 0.0109 0.2295 -1.3275 0.0003 0.2456 -1.2595 -0.0064 0.2592 -1.2516 0.0088 0.2445 -1.2583 0.0219 0.2304 -1.2804 0.0378 0.2119 -1.3284 -0.0144 0.2606 -1.3225 -0.0033 0.2498 -1.3226 0.0077 0.2385 -1.3273 0.0193 0.2262 -1.3362 0.004 0.2409
182.0 -1.3813 0.0114 0.2289 -1.3293 0.0007 0.245 -1.2603 -0.0065 0.2592 -1.2523 0.008 0.2452 -1.2573 0.0214 0.231 -1.2804 0.0378 0.2119 -1.3285 -0.0139 0.26 -1.3225 -0.0033 0.2498 -1.3226 0.0077 0.2385 -1.3274 0.0199 0.2256 -1.3365 0.0044 0.2406
183.0 -1.3832 0.0118 0.2284 -1.3294 0.0013 0.2444 -1.2603 -0.0065 0.2592 -1.253 0.0067 0.2464 -1.2582 0.0213 0.231 -1.2805 0.0384 0.2113 -1.3277 -0.0137 0.26 -1.3226 -0.0027 0.2491 -1.3227 0.0083 0.2379 -1.3284 0.0204 0.225 -1.3369 0.0048 0.2401
184.0 -1.3813 0.0114 0.2289 -1.3303 0.0012 0.2444 -1.2604 -0.0059 0.2586 -1.2523 0.008 0.2452 -1.2583 0.0219 0.2304 -1.2814 0.0383 0.2113 -1.3278 -0.0131 0.2593 -1.3217 -0.0025 0.2491 -1.3227 0.0083 0.2379 -1.3284 0.0204 0.225 -1.3364 0.0049 0.2401
185.0 -1.3841 0.0122 0.2278 -1.3314 0.0023 0.2432 -1.2624 -0.0049 0.2574 -1.2534 0.0091 0.244 -1.2592 0.0224 0.2298 -1.2822 0.0382 0.2114 -1.3305 -0.0129 0.2588 -1.3245 -0.0017 0.248 -1.3247 0.0093 0.2367 -1.3302 0.0207 0.2245 -1.3388 0.0055 0.2391
