1.0 -0.9657 0.0339 0.2472 -0.8854 0.0075 0.2822 -0.8517 0.0212 0.2715 -0.8462 0.0348 0.2582 -0.8562 0.0469 0.2448 -0.8798 0.0559 0.2332 -0.9112 0.0144 0.2725 -0.9113 0.0248 0.2619 -0.9166 0.035 0.2509 -0.9255 0.0454 0.2394 -0.9261 0.0307 0.2544
2.0 -0.9645 0.0371 0.244 -0.8809 0.0118 0.2782 -0.8465 0.0268 0.2663 -0.8436 0.04 0.2531 -0.8546 0.0526 0.2391 -0.8794 0.0639 0.2251 -0.9102 0.0188 0.2681 -0.9113 0.0296 0.2569 -0.9158 0.0406 0.2452 -0.9249 0.0522 0.2325 -0.9253 0.0357 0.2494
3.0 -0.9603 0.0383 0.2432 -0.8753 0.015 0.2755 -0.8403 0.0313 0.2623 -0.8401 0.0454 0.2479 -0.8511 0.0579 0.234 -0.877 0.0703 0.2188 -0.905 0.0238 0.2636 -0.9067 0.0339 0.253 -0.9139 0.0446 0.2414 -0.9237 0.0555 0.2293 -0.9219 0.0392 0.2461
4.0 -0.9583 0.0422 0.2394 -0.8715 0.0185 0.2723 -0.8379 0.0328 0.261 -0.8361 0.0477 0.2459 -0.8465 0.0616 0.2307 -0.8753 0.0754 0.2137 -0.9044 0.0257 0.2617 -0.9047 0.0373 0.2498 -0.9102 0.0487 0.2375 -0.9192 0.0597 0.2254 -0.9194 0.0427 0.2428
5.0 -0.9566 0.0425 0.2393 -0.868 0.019 0.2721 -0.8328 0.0335 0.2608 -0.8321 0.0495 0.2445 -0.8441 0.0631 0.2293 -0.8728 0.0764 0.213 -0.8996 0.0282 0.2596 -0.9006 0.039 0.2484 -0.9069 0.0498 0.2368 -0.9167 0.0607 0.2247 -0.9161 0.044 0.2418
6.0 -0.9566 0.0425 0.2393 -0.8679 0.0184 0.2727 -0.8299 0.0321 0.2625 -0.8291 0.0475 0.2469 -0.8411 0.0611 0.2317 -0.8681 0.0746 0.2153 -0.8975 0.0266 0.2614 -0.8986 0.0375 0.2502 -0.904 0.0483 0.2385 -0.9147 0.0591 0.2265 -0.9143 0.0428 0.2432
7.0 -0.9583 0.0422 0.2394 -0.8679 0.0184 0.2727 -0.8302 0.029 0.2657 -0.8278 0.0452 0.2493 -0.838 0.0585 0.2347 -0.8669 0.0729 0.2171 -0.8997 0.0239 0.264 -0.9 0.0354 0.2521 -0.9046 0.047 0.2398 -0.9145 0.0579 0.2277 -0.9154 0.0413 0.2446
8.0 -0.9544 0.0397 0.2424 -0.8675 0.016 0.2752 -0.8298 0.0266 0.2681 -0.8289 0.0414 0.2531 -0.8386 0.0566 0.2366 -0.8674 0.0704 0.2196 -0.8977 0.0223 0.2658 -0.8978 0.0333 0.2545 -0.9034 0.0448 0.2423 -0.9133 0.0562 0.2295 -0.9133 0.0393 0.2469
9.0 -0.9559 0.0383 0.2437 -0.8703 0.012 0.2791 -0.8327 0.0231 0.2714 -0.8292 0.0383 0.2562 -0.8379 0.053 0.2403 -0.866 0.0675 0.2227 -0.8982 0.0204 0.2677 -0.8975 0.0315 0.2564 -0.9029 0.0424 0.2447 -0.9128 0.0533 0.2326 -0.9135 0.0372 0.249
10.0 -0.9601 0.0371 0.2445 -0.8731 0.0079 0.2829 -0.8314 0.0209 0.2738 -0.8286 0.0347 0.26 -0.8387 0.0474 0.246 -0.867 0.0631 0.2271 -0.9021 0.0174 0.2703 -0.9021 0.0278 0.2597 -0.9067 0.0388 0.248 -0.9167 0.0509 0.2347 -0.9176 0.0344 0.2514
11.0 -0.9604 0.034 0.2476 -0.877 0.005 0.2856 -0.8368 0.0165 0.2778 -0.8332 0.031 0.2633 -0.8417 0.0445 0.2486 -0.8698 0.0591 0.231 -0.9033 0.0142 0.2735 -0.9033 0.0246 0.2629 -0.9088 0.0355 0.2512 -0.9187 0.047 0.2385 -0.9189 0.0311 0.2547
12.0 -0.9636 0.0324 0.249 -0.8803 0.0033 0.287 -0.8418 0.0146 0.2792 -0.8381 0.0285 0.2653 -0.8465 0.0414 0.2513 -0.8738 0.0567 0.233 -0.908 0.0112 0.2762 -0.9073 0.0222 0.2649 -0.9119 0.0332 0.2532 -0.9218 0.0447 0.2405 -0.9225 0.0287 0.2567
13.0 -0.9659 0.0302 0.2509 -0.8863 0.0025 0.2872 -0.8483 0.0119 0.2813 -0.8437 0.0253 0.268 -0.8495 0.0386 0.2539 -0.8765 0.0569 0.2325 -0.9138 0.0091 0.2776 -0.9122 0.0198 0.267 -0.916 0.0315 0.2546 -0.9233 0.0433 0.2418 -0.9262 0.0268 0.2584
14.0 -0.97 0.0284 0.2523 -0.8897 0.002 0.2873 -0.8509 0.0115 0.2814 -0.8462 0.025 0.2681 -0.853 0.0387 0.2534 -0.8805 0.0552 0.2339 -0.9172 0.0081 0.2784 -0.9155 0.0187 0.2677 -0.9202 0.0303 0.2554 -0.9285 0.0426 0.242 -0.9303 0.0256 0.2592
15.0 -0.9716 0.0276 0.253 -0.891 -0.0006 0.2899 -0.8519 0.012 0.2809 -0.8505 0.0244 0.2683 -0.8572 0.0376 0.2542 -0.8822 0.0543 0.2346 -0.9191 0.009 0.2772 -0.9183 0.0195 0.2666 -0.922 0.0306 0.2548 -0.931 0.0416 0.2427 -0.9324 0.0257 0.2589
16.0 -0.9769 0.0275 0.2526 -0.8938 0.0002 0.2887 -0.8578 0.0106 0.2817 -0.8557 0.0237 0.2685 -0.8615 0.037 0.2544 -0.8864 0.0532 0.2354 -0.9239 0.0066 0.2793 -0.9224 0.0178 0.268 -0.9262 0.0295 0.2556 -0.9344 0.0412 0.2428 -0.9368 0.0245 0.2597
17.0 -0.9784 0.0261 0.2539 -0.8982 0.0003 0.2883 -0.8595 0.0104 0.2818 -0.855 0.025 0.2672 -0.8632 0.0367 0.2544 -0.8882 0.0535 0.2348 -0.9249 0.007 0.2787 -0.9232 0.0176 0.268 -0.9269 0.0288 0.2563 -0.936 0.0404 0.2435 -0.9379 0.024 0.2601
18.0 -0.9791 0.0254 0.2546 -0.9011 0.0017 0.2865 -0.8603 0.0097 0.2824 -0.8566 0.0242 0.2679 -0.8658 0.0364 0.2545 -0.8918 0.0543 0.2337 -0.9273 0.0055 0.28 -0.9248 0.0168 0.2687 -0.9286 0.0279 0.257 -0.9369 0.0402 0.2436 -0.9393 0.0232 0.2608
19.0 -0.9825 0.0243 0.2553 -0.9016 -0.0002 0.2884 -0.8661 0.0077 0.2839 -0.8574 0.0235 0.2686 -0.8668 0.0369 0.254 -0.8934 0.0534 0.2344 -0.929 0.0053 0.2801 -0.9273 0.0159 0.2694 -0.9311 0.0276 0.2571 -0.9403 0.0398 0.2437 -0.942 0.0226 0.2611
20.0 -0.9842 0.0241 0.2554 -0.8998 -0.0006 0.289 -0.862 0.0094 0.2825 -0.8585 0.0246 0.2674 -0.8694 0.0365 0.2541 -0.8958 0.0519 0.2357 -0.929 0.0053 0.2801 -0.9273 0.0159 0.2694 -0.9319 0.0269 0.2577 -0.941 0.0385 0.245 -0.9427 0.0221 0.2615
21.0 -0.9831 0.023 0.2566 -0.899 -0.0005 0.2889 -0.8612 0.0101 0.2818 -0.8585 0.0246 0.2674 -0.8695 0.0371 0.2534 -0.8975 0.0517 0.2358 -0.9289 0.0047 0.2807 -0.9281 0.0152 0.2701 -0.9327 0.0267 0.2578 -0.9418 0.0383 0.245 -0.9429 0.0216 0.262
22.0 -0.9864 0.0219 0.2573 -0.8982 0.0003 0.2883 -0.8614 0.0113 0.2806 -0.8603 0.0249 0.2668 -0.8704 0.0376 0.2528 -0.8983 0.0509 0.2364 -0.9288 0.0041 0.2813 -0.9289 0.015 0.2701 -0.9344 0.0259 0.2584 -0.9442 0.0368 0.2463 -0.9445 0.0208 0.2627
23.0 -0.9889 0.021 0.2581 -0.898 -0.0009 0.2895 -0.8613 0.0107 0.2812 -0.8595 0.0256 0.2662 -0.8713 0.0375 0.2529 -0.8985 0.0521 0.2352 -0.9312 0.0031 0.2821 -0.9315 0.0147 0.2702 -0.9362 0.0263 0.2579 -0.9452 0.0373 0.2458 -0.9466 0.0205 0.2628
24.0 -0.9906 0.0208 0.2581 -0.899 -0.0005 0.2889 -0.8621 0.01 0.2819 -0.8621 0.0253 0.2663 -0.8731 0.0379 0.2523 -0.9018 0.0511 0.236 -0.9305 0.0038 0.2814 -0.9315 0.0147 0.2702 -0.9369 0.0256 0.2585 -0.9467 0.0359 0.2471 -0.9473 0.0201 0.2631
25.0 -1.0018 0.0193 0.2586 -0.9153 -0.0027 0.2896 -0.8784 0.0078 0.2825 -0.8774 0.022 0.2681 -0.8884 0.0346 0.2542 -0.9171 0.0478 0.2378 -0.9435 0.0027 0.2813 -0.9444 0.013 0.2707 -0.9497 0.0232 0.2597 -0.9594 0.0335 0.2482 -0.9598 0.0183 0.2637
26.0 -1.0044 0.0189 0.2587 -0.9152 -0.0033 0.2902 -0.8802 0.0082 0.282 -0.8801 0.0223 0.2676 -0.8912 0.0354 0.253 -0.9196 0.0469 0.2385 -0.9469 0.0022 0.2814 -0.9479 0.0131 0.2702 -0.9533 0.0234 0.2592 -0.9621 0.0338 0.2477 -0.9629 0.0183 0.2634
27.0 -1.0061 0.0187 0.2587 -0.9186 -0.0037 0.2903 -0.8828 0.0078 0.2821 -0.8825 0.0213 0.2683 -0.8935 0.0339 0.2544 -0.9222 0.0471 0.238 -0.9478 0.0021 0.2815 -0.9487 0.0124 0.2709 -0.9549 0.0225 0.2599 -0.9646 0.0328 0.2484 -0.9644 0.0177 0.2639
28.0 -1.0086 0.0177 0.2595 -0.9176 -0.0042 0.2909 -0.8844 0.007 0.2827 -0.8835 0.0218 0.2677 -0.8962 0.0341 0.2538 -0.9228 0.0452 0.2399 -0.9495 0.0019 0.2815 -0.9504 0.0121 0.2709 -0.9566 0.0223 0.2599 -0.9662 0.032 0.2491 -0.9663 0.0172 0.2642
29.0 -1.0082 0.0153 0.2619 -0.9209 -0.0059 0.2923 -0.886 0.0062 0.2834 -0.8859 0.0202 0.2691 -0.8977 0.0327 0.2552 -0.9245 0.045 0.24 -0.95 -2.016e-05 0.2834 -0.951 0.0102 0.2728 -0.9573 0.021 0.2612 -0.967 0.0313 0.2497 -0.9667 0.0156 0.2658
30.0 -1.0082 0.0153 0.2619 -0.9217 -0.006 0.2923 -0.8877 0.0053 0.2841 -0.8876 0.02 0.2691 -0.9002 0.0318 0.2559 -0.926 0.0435 0.2413 -0.9519 0.0003 0.2829 -0.9528 0.0106 0.2723 -0.958 0.0203 0.2619 -0.9677 0.0306 0.2504 -0.9677 0.0154 0.2659
31.0 -1.0106 0.0144 0.2627 -0.9224 -0.0073 0.2936 -0.8873 0.0036 0.286 -0.8874 0.0188 0.2704 -0.9001 0.0312 0.2565 -0.9268 0.0428 0.2419 -0.9524 -0.0016 0.2848 -0.9533 0.0087 0.2742 -0.9587 0.019 0.2631 -0.9684 0.0293 0.2516 -0.9687 0.014 0.2673
32.0 -1.0095 0.0127 0.2645 -0.9221 -0.0091 0.2954 -0.8871 0.0024 0.2872 -0.8871 0.017 0.2722 -0.8988 0.0289 0.2589 -0.9257 0.0417 0.2431 -0.953 -0.0035 0.2866 -0.9531 0.0075 0.2754 -0.9584 0.0178 0.2644 -0.9683 0.0287 0.2523 -0.9685 0.0126 0.2686
33.0 -1.0075 0.0118 0.2657 -0.9238 -0.0093 0.2955 -0.887 0.0018 0.2878 -0.8871 0.017 0.2722 -0.8989 0.0295 0.2583 -0.9264 0.0404 0.2444 -0.9505 -0.0025 0.2859 -0.9514 0.0077 0.2753 -0.9576 0.0179 0.2643 -0.9673 0.0282 0.2529 -0.9669 0.0126 0.2688
34.0 -1.0084 0.0116 0.2657 -0.9222 -0.0085 0.2948 -0.8887 0.0015 0.2879 -0.8878 0.0163 0.2729 -0.9005 0.0287 0.259 -0.9256 0.0412 0.2437 -0.9512 -0.0032 0.2866 -0.9522 0.007 0.276 -0.9575 0.0173 0.265 -0.9681 0.0275 0.2535 -0.9675 0.012 0.2694
35.0 -1.0084 0.0116 0.2657 -0.9221 -0.0091 0.2954 -0.8871 0.0024 0.2872 -0.8872 0.0176 0.2716 -0.899 0.0301 0.2577 -0.9266 0.0416 0.2432 -0.9505 -0.0025 0.2859 -0.9514 0.0077 0.2753 -0.9576 0.0179 0.2643 -0.9682 0.0281 0.2529 -0.9672 0.0126 0.2688
36.0 -1.0103 0.0126 0.2645 -0.9222 -0.0085 0.2948 -0.8864 0.0031 0.2866 -0.8864 0.0183 0.271 -0.8989 0.0295 0.2583 -0.9266 0.0416 0.2432 -0.9513 -0.0026 0.286 -0.9531 0.0075 0.2754 -0.9586 0.0184 0.2638 -0.9691 0.0286 0.2523 -0.9685 0.0129 0.2684
37.0 -1.0096 0.0133 0.2639 -0.9223 -0.0079 0.2942 -0.8864 0.0031 0.2866 -0.8872 0.0176 0.2716 -0.8989 0.0295 0.2583 -0.9258 0.0423 0.2425 -0.9516 -0.0014 0.2847 -0.9524 0.0082 0.2748 -0.9586 0.0184 0.2638 -0.9683 0.0287 0.2523 -0.9681 0.0134 0.2679
38.0 -1.0087 0.0134 0.2638 -0.9214 -0.0078 0.2942 -0.8865 0.0037 0.2859 -0.8865 0.0189 0.2703 -0.9001 0.0312 0.2565 -0.9259 0.0429 0.2419 -0.9516 -0.0014 0.2847 -0.9533 0.0087 0.2742 -0.9587 0.019 0.2631 -0.9684 0.0293 0.2516 -0.9681 0.0138 0.2675
39.0 -1.0106 0.0144 0.2627 -0.9226 -0.0061 0.2923 -0.8874 0.0042 0.2854 -0.8866 0.0195 0.2697 -0.9001 0.0312 0.2565 -0.9261 0.0441 0.2406 -0.9525 -0.001 0.2841 -0.9534 0.0093 0.2736 -0.9588 0.0196 0.2625 -0.9685 0.0299 0.251 -0.9688 0.0144 0.2668
40.0 -1.0117 0.0155 0.2614 -0.9216 -0.0066 0.2929 -0.8867 0.0049 0.2847 -0.8858 0.0197 0.2697 -0.8984 0.0314 0.2564 -0.9252 0.0437 0.2412 -0.9535 -0.0005 0.2835 -0.9537 0.0105 0.2723 -0.9589 0.0202 0.2619 -0.9685 0.0299 0.251 -0.9692 0.0151 0.266
41.0 -1.0107 0.015 0.262 -0.9233 -0.0068 0.293 -0.8868 0.0055 0.2841 -0.8876 0.02 0.2691 -0.8993 0.0319 0.2558 -0.9262 0.0447 0.24 -0.9519 0.0003 0.2829 -0.9528 0.0106 0.2723 -0.959 0.0208 0.2613 -0.9686 0.0305 0.2504 -0.9686 0.0154 0.2658
42.0 -1.0119 0.0167 0.2602 -0.9228 -0.0049 0.2911 -0.8878 0.0059 0.2835 -0.887 0.0219 0.2672 -0.8998 0.0343 0.2534 -0.9264 0.0459 0.2388 -0.9538 0.0013 0.2817 -0.9547 0.0116 0.2711 -0.96 0.0218 0.2601 -0.9688 0.0317 0.2492 -0.9699 0.0166 0.2644
43.0 -1.0137 0.017 0.2597 -0.9229 -0.0043 0.2905 -0.888 0.0071 0.2823 -0.8871 0.0225 0.2666 -0.8999 0.0349 0.2527 -0.9273 0.0458 0.2388 -0.9539 0.0019 0.2811 -0.954 0.0123 0.2705 -0.9601 0.0224 0.2594 -0.9697 0.0315 0.2492 -0.9703 0.017 0.264
44.0 -1.013 0.0177 0.259 -0.923 -0.0037 0.2899 -0.8889 0.0076 0.2817 -0.8881 0.023 0.266 -0.9009 0.0359 0.2515 -0.9275 0.047 0.2376 -0.9539 0.0019 0.2811 -0.9548 0.0122 0.2705 -0.961 0.0223 0.2595 -0.9697 0.0315 0.2492 -0.9705 0.0171 0.2638
45.0 -1.013 0.0177 0.259 -0.9223 -0.003 0.2892 -0.8892 0.0094 0.2798 -0.8874 0.0237 0.2654 -0.8999 0.0349 0.2527 -0.9275 0.047 0.2376 -0.9533 0.0032 0.2798 -0.955 0.0134 0.2692 -0.9611 0.0229 0.2589 -0.9707 0.0326 0.248 -0.9706 0.018 0.263
46.0 -1.0138 0.0176 0.259 -0.9214 -0.0029 0.2892 -0.8873 0.0084 0.281 -0.8875 0.0243 0.2648 -0.8991 0.0356 0.2521 -0.9278 0.0488 0.2357 -0.9533 0.0032 0.2798 -0.955 0.0134 0.2692 -0.9604 0.0236 0.2582 -0.97 0.0333 0.2473 -0.9705 0.0182 0.2627
47.0 -1.0104 0.0181 0.2589 -0.9189 -0.0019 0.2885 -0.8849 0.01 0.2796 -0.8849 0.0247 0.2647 -0.8966 0.0365 0.2514 -0.9252 0.0491 0.2356 -0.9523 0.0027 0.2804 -0.9532 0.013 0.2698 -0.9586 0.0239 0.2581 -0.9683 0.0336 0.2473 -0.9686 0.0182 0.2629
48.0 -1.0061 0.0187 0.2587 -0.9171 -0.0023 0.289 -0.8815 0.0105 0.2795 -0.8814 0.0251 0.2645 -0.8932 0.037 0.2512 -0.9228 0.0501 0.2349 -0.948 0.0033 0.2802 -0.949 0.0142 0.269 -0.9552 0.0243 0.258 -0.9641 0.0347 0.2465 -0.9645 0.019 0.2625
49.0 -1.0019 0.0199 0.2579 -0.9138 -0.0012 0.2883 -0.8772 0.011 0.2793 -0.8772 0.0263 0.2637 -0.89 0.0386 0.2499 -0.9185 0.0507 0.2347 -0.9437 0.0039 0.28 -0.9456 0.0146 0.2689 -0.9509 0.0249 0.2578 -0.9606 0.0352 0.2464 -0.9605 0.0197 0.2622
50.0 -0.9958 0.0201 0.2583 -0.9069 -0.0003 0.288 -0.8704 0.0126 0.2785 -0.8704 0.0272 0.2635 -0.8831 0.0396 0.2496 -0.9134 0.052 0.2339 -0.9377 0.0047 0.2798 -0.9387 0.0156 0.2686 -0.9449 0.0257 0.2576 -0.9546 0.036 0.2461 -0.9543 0.0204 0.2621
51.0 -0.9889 0.021 0.2581 -0.9001 0.0012 0.2871 -0.8626 0.013 0.2788 -0.8626 0.0283 0.2632 -0.8751 0.0394 0.2505 -0.9021 0.0529 0.2341 -0.9299 0.0057 0.2795 -0.931 0.0166 0.2683 -0.9371 0.0268 0.2573 -0.9469 0.0371 0.2458 -0.9468 0.0214 0.2618
52.0 -0.9813 0.0226 0.2571 -0.8908 0.0031 0.2861 -0.8547 0.0129 0.2797 -0.8523 0.0297 0.2628 -0.864 0.0409 0.2501 -0.891 0.0544 0.2337 -0.9239 0.0066 0.2793 -0.9258 0.0173 0.2681 -0.9304 0.0283 0.2564 -0.9391 0.0381 0.2455 -0.9401 0.0226 0.2613
53.0 -0.9614 0.0247 0.257 -0.8742 0.0041 0.2867 -0.8338 0.0144 0.2802 -0.833 0.0298 0.2645 -0.844 0.0424 0.2506 -0.8728 0.0562 0.2336 -0.9049 0.0085 0.2792 -0.9059 0.0194 0.268 -0.9113 0.0296 0.2569 -0.9183 0.0397 0.246 -0.9204 0.0244 0.2614
54.0 -0.9526 0.0247 0.2579 -0.8667 0.0063 0.2852 -0.8224 0.0148 0.281 -0.8216 0.0301 0.2653 -0.8326 0.0427 0.2514 -0.8642 0.0574 0.2332 -0.896 0.0079 0.2807 -0.8962 0.0189 0.2695 -0.9016 0.0297 0.2578 -0.9096 0.0403 0.2462 -0.9112 0.0243 0.2624
55.0 -0.9329 0.0273 0.2571 -0.8438 0.0064 0.2874 -0.8 0.0172 0.2807 -0.8027 0.0327 0.2646 -0.8095 0.0464 0.2499 -0.8444 0.0594 0.2331 -0.8744 0.0102 0.2805 -0.8754 0.021 0.2693 -0.8817 0.0318 0.2577 -0.8907 0.0428 0.2455 -0.891 0.0266 0.262
56.0 -0.9165 0.0295 0.2565 -0.8249 0.0089 0.2867 -0.8 0.0172 0.2807 -0.8031 0.0351 0.2621 -0.8053 0.0476 0.2491 -0.8304 0.065 0.2288 -0.8556 0.0133 0.2791 -0.8566 0.0242 0.2679 -0.863 0.0355 0.2557 -0.8729 0.0464 0.2436 -0.8729 0.0298 0.2606
57.0 -0.909 0.0318 0.255 -0.8166 0.0113 0.2851 -0.7999 0.0166 0.2813 -0.8028 0.0333 0.264 -0.8055 0.0488 0.2478 -0.8238 0.0677 0.2267 -0.8497 0.0147 0.2783 -0.85 0.0263 0.2664 -0.8555 0.0378 0.2541 -0.8646 0.0494 0.2414 -0.8658 0.032 0.259
58.0 -0.9022 0.0333 0.2541 -0.8157 0.0163 0.2801 -0.7993 0.013 0.2851 -0.8022 0.0297 0.2677 -0.8052 0.047 0.2497 -0.8106 0.0726 0.2231 -0.8396 0.0173 0.2766 -0.8389 0.0284 0.2654 -0.8436 0.04 0.2531 -0.8535 0.0515 0.2403 -0.8556 0.0341 0.2579
59.0 -0.8937 0.0351 0.2531 -0.8048 0.0196 0.2778 -0.8001 0.0178 0.2801 -0.8037 0.0381 0.259 -0.806 0.0512 0.2454 -0.8097 0.0727 0.223 -0.8321 0.0196 0.2751 -0.8324 0.0311 0.2632 -0.837 0.0427 0.2509 -0.846 0.0537 0.2388 -0.8482 0.0364 0.2562
60.0 -0.8651 0.0426 0.2483 -0.8086 0.0661 0.2298 -0.8055 0.0488 0.2478 -0.804 0.0399 0.2571 -0.8024 0.0309 0.2665 -0.8001 0.0178 0.2801 -0.8056 0.0494 0.2472 -0.804 0.0399 0.2571 -0.8025 0.0315 0.2658 -0.8061 0.0219 0.2753 -0.8167 0.037 0.2588
60.0 -0.8651 0.0426 0.2483 -0.8086 0.0661 0.2298 -0.8055 0.0488 0.2478 -0.804 0.0399 0.2571 -0.8024 0.0309 0.2665 -0.8001 0.0178 0.2801 -0.8056 0.0494 0.2472 -0.804 0.0399 0.2571 -0.8025 0.0315 0.2658 -0.8061 0.0219 0.2753 -0.8167 0.037 0.2588
60.0 -0.8651 0.0426 0.2483 -0.8086 0.0661 0.2298 -0.8055 0.0488 0.2478 -0.804 0.0399 0.2571 -0.8024 0.0309 0.2665 -0.8001 0.0178 0.2801 -0.8056 0.0494 0.2472 -0.804 0.0399 0.2571 -0.8025 0.0315 0.2658 -0.8061 0.0219 0.2753 -0.8167 0.037 0.2588
60.0 -0.8651 0.0426 0.2483 -0.8086 0.0661 0.2298 -0.8055 0.0488 0.2478 -0.804 0.0399 0.2571 -0.8024 0.0309 0.2665 -0.8001 0.0178 0.2801 -0.8056 0.0494 0.2472 -0.804 0.0399 0.2571 -0.8025 0.0315 0.2658 -0.8061 0.0219 0.2753 -0.8167 0.037 0.2588
60.0 -0.8651 0.0426 0.2483 -0.8086 0.0661 0.2298 -0.8055 0.0488 0.2478 -0.804 0.0399 0.2571 -0.8024 0.0309 0.2665 -0.8001 0.0178 0.2801 -0.8056 0.0494 0.2472 -0.804 0.0399 0.2571 -0.8025 0.0315 0.2658 -0.8061 0.0219 0.2753 -0.8167 0.037 0.2588
60.0 -0.8651 0.0426 0.2483 -0.8086 0.0661 0.2298 -0.8055 0.0488 0.2478 -0.804 0.0399 0.2571 -0.8024 0.0309 0.2665 -0.8001 0.0178 0.2801 -0.8056 0.0494 0.2472 -0.804 0.0399 0.2571 -0.8025 0.0315 0.2658 -0.8061 0.0219 0.2753 -0.8167 0.037 0.2588
60.0 -0.8651 0.0426 0.2483 -0.8086 0.0661 0.2298 -0.8055 0.0488 0.2478 -0.804 0.0399 0.2571 -0.8024 0.0309 0.2665 -0.8001 0.0178 0.2801 -0.8056 0.0494 0.2472 -0.804 0.0399 0.2571 -0.8025 0.0315 0.2658 -0.8061 0.0219 0.2753 -0.8167 0.037 0.2588
60.0 -0.8651 0.0426 0.2483 -0.8086 0.0661 0.2298 -0.8055 0.0488 0.2478 -0.804 0.0399 0.2571 -0.8024 0.0309 0.2665 -0.8001 0.0178 0.2801 -0.8056 0.0494 0.2472 -0.804 0.0399 0.2571 -0.8025 0.0315 0.2658 -0.8061 0.0219 0.2753 -0.8167 0.037 0.2588
60.0 -0.8651 0.0426 0.2483 -0.8086 0.0661 0.2298 -0.8055 0.0488 0.2478 -0.804 0.0399 0.2571 -0.8024 0.0309 0.2665 -0.8001 0.0178 0.2801 -0.8056 0.0494 0.2472 -0.804 0.0399 0.2571 -0.8025 0.0315 0.2658 -0.8061 0.0219 0.2753 -0.8167 0.037 0.2588
60.0 -0.8651 0.0426 0.2483 -0.8086 0.0661 0.2298 -0.8055 0.0488 0.2478 -0.804 0.0399 0.2571 -0.8024 0.0309 0.2665 -0.8001 0.0178 0.2801 -0.8056 0.0494 0.2472 -0.804 0.0399 0.2571 -0.8025 0.0315 0.2658 -0.8061 0.0219 0.2753 -0.8167 0.037 0.2588
60.0 -0.8651 0.0426 0.2483 -0.8086 0.0661 0.2298 -0.8055 0.0488 0.2478 -0.804 0.0399 0.2571 -0.8024 0.0309 0.2665 -0.8001 0.0178 0.2801 -0.8056 0.0494 0.2472 -0.804 0.0399 0.2571 -0.8025 0.0315 0.2658 -0.8061 0.0219 0.2753 -0.8167 0.037 0.2588
60.0 -0.8651 0.0426 0.2483 -0.8086 0.0661 0.2298 -0.8055 0.0488 0.2478 -0.804 0.0399 0.2571 -0.8024 0.0309 0.2665 -0.8001 0.0178 0.2801 -0.8056 0.0494 0.2472 -0.804 0.0399 0.2571 -0.8025 0.0315 0.2658 -0.8061 0.0219 0.2753 -0.8167 0.037 0.2588
60.0 -0.8651 0.0426 0.2483 -0.8086 0.0661 0.2298 -0.8055 0.0488 0.2478 -0.804 0.0399 0.2571 -0.8024 0.0309 0.2665 -0.8001 0.0178 0.2801 -0.8056 0.0494 0.2472 -0.804 0.0399 0.2571 -0.8025 0.0315 0.2658 -0.8061 0.0219 0.2753 -0.8167 0.037 0.2588
60.0 -0.8651 0.0426 0.2483 -0.8086 0.0661 0.2298 -0.8055 0.0488 0.2478 -0.804 0.0399 0.2571 -0.8024 0.0309 0.2665 -0.8001 0.0178 0.2801 -0.8056 0.0494 0.2472 -0.804 0.0399 0.2571 -0.8025 0.0315 0.2658 -0.8061 0.0219 0.2753 -0.8167 0.037 0.2588
60.0 -0.8651 0.0426 0.2483 -0.8086 0.0661 0.2298 -0.8055 0.0488 0.2478 -0.804 0.0399 0.2571 -0.8024 0.0309 0.2665 -0.8001 0.0178 0.2801 -0.8056 0.0494 0.2472 -0.804 0.0399 0.2571 -0.8025 0.0315 0.2658 -0.8061 0.0219 0.2753 -0.8167 0.037 0.2588
60.0 -0.8651 0.0426 0.2483 -0.8086 0.0661 0.2298 -0.8055 0.0488 0.2478 -0.804 0.0399 0.2571 -0.8024 0.0309 0.2665 -0.8001 0.0178 0.2801 -0.8056 0.0494 0.2472 -0.804 0.0399 0.2571 -0.8025 0.0315 0.2658 -0.8061 0.0219 0.2753 -0.8167 0.037 0.2588
60.0 -0.8651 0.0426 0.2483 -0.8086 0.0661 0.2298 -0.8055 0.0488 0.2478 -0.804 0.0399 0.2571 -0.8024 0.0309 0.2665 -0.8001 0.0178 0.2801 -0.8056 0.0494 0.2472 -0.804 0.0399 0.2571 -0.8025 0.0315 0.2658 -0.8061 0.0219 0.2753 -0.8167 0.037 0.2588
60.0 -0.8651 0.0426 0.2483 -0.8086 0.0661 0.2298 -0.8055 0.0488 0.2478 -0.804 0.0399 0.2571 -0.8024 0.0309 0.2665 -0.8001 0.0178 0.2801 -0.8056 0.0494 0.2472 -0.804 0.0399 0.2571 -0.8025 0.0315 0.2658 -0.8061 0.0219 0.2753 -0.8167 0.037 0.2588
60.0 -0.8651 0.0426 0.2483 -0.8086 0.0661 0.2298 -0.8055 0.0488 0.2478 -0.804 0.0399 0.2571 -0.8024 0.0309 0.2665 -0.8001 0.0178 0.2801 -0.8056 0.0494 0.2472 -0.804 0.0399 0.2571 -0.8025 0.0315 0.2658 -0.8061 0.0219 0.2753 -0.8167 0.037 0.2588
60.0 -0.8651 0.0426 0.2483 -0.8086 0.0661 0.2298 -0.8055 0.0488 0.2478 -0.804 0.0399 0.2571 -0.8024 0.0309 0.2665 -0.8001 0.0178 0.2801 -0.8056 0.0494 0.2472 -0.804 0.0399 0.2571 -0.8025 0.0315 0.2658 -0.8061 0.0219 0.2753 -0.8167 0.037 0.2588
60.0 -0.8651 0.0426 0.2483 -0.8086 0.0661 0.2298 -0.8055 0.0488 0.2478 -0.804 0.0399 0.2571 -0.8024 0.0309 0.2665 -0.8001 0.0178 0.2801 -0.8056 0.0494 0.2472 -0.804 0.0399 0.2571 -0.8025 0.0315 0.2658 -0.8061 0.0219 0.2753 -0.8167 0.037 0.2588
60.0 -0.8651 0.0426 0.2483 -0.8086 0.0661 0.2298 -0.8055 0.0488 0.2478 -0.804 0.0399 0.2571 -0.8024 0.0309 0.2665 -0.8001 0.0178 0.2801 -0.8056 0.0494 0.2472 -0.804 0.0399 0.2571 -0.8025 0.0315 0.2658 -0.8061 0.0219 0.2753 -0.8167 0.037 0.2588
60.0 -0.8651 0.0426 0.2483 -0.8086 0.0661 0.2298 -0.8055 0.0488 0.2478 -0.804 0.0399 0.2571 -0.8024 0.0309 0.2665 -0.8001 0.0178 0.2801 -0.8056 0.0494 0.2472 -0.804 0.0399 0.2571 -0.8025 0.0315 0.2658 -0.8061 0.0219 0.2753 -0.8167 0.037 0.2588
60.0 -0.8651 0.0426 0.2483 -0.8086 0.0661 0.2298 -0.8055 0.0488 0.2478 -0.804 0.0399 0.2571 -0.8024 0.0309 0.2665 -0.8001 0.0178 0.2801 -0.8056 0.0494 0.2472 -0.804 0.0399 0.2571 -0.8025 0.0315 0.2658 -0.8061 0.0219 0.2753 -0.8167 0.037 0.2588
60.0 -0.8651 0.0426 0.2483 -0.8086 0.0661 0.2298 -0.8055 0.0488 0.2478 -0.804 0.0399 0.2571 -0.8024 0.0309 0.2665 -0.8001 0.0178 0.2801 -0.8056 0.0494 0.2472 -0.804 0.0399 0.2571 -0.8025 0.0315 0.2658 -0.8061 0.0219 0.2753 -0.8167 0.037 0.2588
60.0 -0.8651 0.0426 0.2483 -0.8086 0.0661 0.2298 -0.8055 0.0488 0.2478 -0.804 0.0399 0.2571 -0.8024 0.0309 0.2665 -0.8001 0.0178 0.2801 -0.8056 0.0494 0.2472 -0.804 0.0399 0.2571 -0.8025 0.0315 0.2658 -0.8061 0.0219 0.2753 -0.8167 0.037 0.2588
60.0 -0.8651 0.0426 0.2483 -0.8086 0.0661 0.2298 -0.8055 0.0488 0.2478 -0.804 0.0399 0.2571 -0.8024 0.0309 0.2665 -0.8001 0.0178 0.2801 -0.8056 0.0494 0.2472 -0.804 0.0399 0.2571 -0.8025 0.0315 0.2658 -0.8061 0.0219 0.2753 -0.8167 0.037 0.2588
60.0 -0.8651 0.0426 0.2483 -0.8086 0.0661 0.2298 -0.8055 0.0488 0.2478 -0.804 0.0399 0.2571 -0.8024 0.0309 0.2665 -0.8001 0.0178 0.2801 -0.8056 0.0494 0.2472 -0.804 0.0399 0.2571 -0.8025 0.0315 0.2658 -0.8061 0.0219 0.2753 -0.8167 0.037 0.2588
60.0 -0.8651 0.0426 0.2483 -0.8086 0.0661 0.2298 -0.8055 0.0488 0.2478 -0.804 0.0399 0.2571 -0.8024 0.0309 0.2665 -0.8001 0.0178 0.2801 -0.8056 0.0494 0.2472 -0.804 0.0399 0.2571 -0.8025 0.0315 0.2658 -0.8061 0.0219 0.2753 -0.8167 0.037 0.2588
60.0 -0.8651 0.0426 0.2483 -0.8086 0.0661 0.2298 -0.8055 0.0488 0.2478 -0.804 0.0399 0.2571 -0.8024 0.0309 0.2665 -0.8001 0.0178 0.2801 -0.8056 0.0494 0.2472 -0.804 0.0399 0.2571 -0.8025 0.0315 0.2658 -0.8061 0.0219 0.2753 -0.8167 0.037 0.2588
60.0 -0.8651 0.0426 0.2483 -0.8086 0.0661 0.2298 -0.8055 0.0488 0.2478 -0.804 0.0399 0.2571 -0.8024 0.0309 0.2665 -0.8001 0.0178 0.2801 -0.8056 0.0494 0.2472 -0.804 0.0399 0.2571 -0.8025 0.0315 0.2658 -0.8061 0.0219 0.2753 -0.8167 0.037 0.2588
60.0 -0.8651 0.0426 0.2483 -0.8086 0.0661 0.2298 -0.8055 0.0488 0.2478 -0.804 0.0399 0.2571 -0.8024 0.0309 0.2665 -0.8001 0.0178 0.2801 -0.8056 0.0494 0.2472 -0.804 0.0399 0.2571 -0.8025 0.0315 0.2658 -0.8061 0.0219 0.2753 -0.8167 0.037 0.2588
60.0 -0.8651 0.0426 0.2483 -0.8086 0.0661 0.2298 -0.8055 0.0488 0.2478 -0.804 0.0399 0.2571 -0.8024 0.0309 0.2665 -0.8001 0.0178 0.2801 -0.8056 0.0494 0.2472 -0.804 0.0399 0.2571 -0.8025 0.0315 0.2658 -0.8061 0.0219 0.2753 -0.8167 0.037 0.2588
60.0 -0.8651 0.0426 0.2483 -0.8086 0.0661 0.2298 -0.8055 0.0488 0.2478 -0.804 0.0399 0.2571 -0.8024 0.0309 0.2665 -0.8001 0.0178 0.2801 -0.8056 0.0494 0.2472 -0.804 0.0399 0.2571 -0.8025 0.0315 0.2658 -0.8061 0.0219 0.2753 -0.8167 0.037 0.2588
60.0 -0.8651 0.0426 0.2483 -0.8086 0.0661 0.2298 -0.8055 0.0488 0.2478 -0.804 0.0399 0.2571 -0.8024 0.0309 0.2665 -0.8001 0.0178 0.2801 -0.8056 0.0494 0.2472 -0.804 0.0399 0.2571 -0.8025 0.0315 0.2658 -0.8061 0.0219 0.2753 -0.8167 0.037 0.2588
60.0 -0.8651 0.0426 0.2483 -0.8086 0.0661 0.2298 -0.8055 0.0488 0.2478 -0.804 0.0399 0.2571 -0.8024 0.0309 0.2665 -0.8001 0.0178 0.2801 -0.8056 0.0494 0.2472 -0.804 0.0399 0.2571 -0.8025 0.0315 0.2658 -0.8061 0.0219 0.2753 -0.8167 0.037 0.2588
60.0 -0.8651 0.0426 0.2483 -0.8086 0.0661 0.2298 -0.8055 0.0488 0.2478 -0.804 0.0399 0.2571 -0.8024 0.0309 0.2665 -0.8001 0.0178 0.2801 -0.8056 0.0494 0.2472 -0.804 0.0399 0.2571 -0.8025 0.0315 0.2658 -0.8061 0.0219 0.2753 -0.8167 0.037 0.2588
60.0 -0.8651 0.0426 0.2483 -0.8086 0.0661 0.2298 -0.8055 0.0488 0.2478 -0.804 0.0399 0.2571 -0.8024 0.0309 0.2665 -0.8001 0.0178 0.2801 -0.8056 0.0494 0.2472 -0.804 0.0399 0.2571 -0.8025 0.0315 0.2658 -0.8061 0.0219 0.2753 -0.8167 0.037 0.2588
60.0 -0.8651 0.0426 0.2483 -0.8086 0.0661 0.2298 -0.8055 0.0488 0.2478 -0.804 0.0399 0.2571 -0.8024 0.0309 0.2665 -0.8001 0.0178 0.2801 -0.8056 0.0494 0.2472 -0.804 0.0399 0.2571 -0.8025 0.0315 0.2658 -0.8061 0.0219 0.2753 -0.8167 0.037 0.2588
60.0 -0.8651 0.0426 0.2483 -0.8086 0.0661 0.2298 -0.8055 0.0488 0.2478 -0.804 0.0399 0.2571 -0.8024 0.0309 0.2665 -0.8001 0.0178 0.2801 -0.8056 0.0494 0.2472 -0.804 0.0399 0.2571 -0.8025 0.0315 0.2658 -0.8061 0.0219 0.2753 -0.8167 0.037 0.2588
60.0 -0.8651 0.0426 0.2483 -0.8086 0.0661 0.2298 -0.8055 0.0488 0.2478 -0.804 0.0399 0.2571 -0.8024 0.0309 0.2665 -0.8001 0.0178 0.2801 -0.8056 0.0494 0.2472 -0.804 0.0399 0.2571 -0.8025 0.0315 0.2658 -0.8061 0.0219 0.2753 -0.8167 0.037 0.2588
60.0 -0.8651 0.0426 0.2483 -0.8086 0.0661 0.2298 -0.8055 0.0488 0.2478 -0.804 0.0399 0.2571 -0.8024 0.0309 0.2665 -0.8001 0.0178 0.2801 -0.8056 0.0494 0.2472 -0.804 0.0399 0.2571 -0.8025 0.0315 0.2658 -0.8061 0.0219 0.2753 -0.8167 0.037 0.2588
60.0 -0.8651 0.0426 0.2483 -0.8086 0.0661 0.2298 -0.8055 0.0488 0.2478 -0.804 0.0399 0.2571 -0.8024 0.0309 0.2665 -0.8001 0.0178 0.2801 -0.8056 0.0494 0.2472 -0.804 0.0399 0.2571 -0.8025 0.0315 0.2658 -0.8061 0.0219 0.2753 -0.8167 0.037 0.2588
60.0 -0.8651 0.0426 0.2483 -0.8086 0.0661 0.2298 -0.8055 0.0488 0.2478 -0.804 0.0399 0.2571 -0.8024 0.0309 0.2665 -0.8001 0.0178 0.2801 -0.8056 0.0494 0.2472 -0.804 0.0399 0.2571 -0.8025 0.0315 0.2658 -0.8061 0.0219 0.2753 -0.8167 0.037 0.2588
60.0 -0.8651 0.0426 0.2483 -0.8086 0.0661 0.2298 -0.8055 0.0488 0.2478 -0.804 0.0399 0.2571 -0.8024 0.0309 0.2665 -0.8001 0.0178 0.2801 -0.8056 0.0494 0.2472 -0.804 0.0399 0.2571 -0.8025 0.0315 0.2658 -0.8061 0.0219 0.2753 -0.8167 0.037 0.2588
60.0 -0.8651 0.0426 0.2483 -0.8086 0.0661 0.2298 -0.8055 0.0488 0.2478 -0.804 0.0399 0.2571 -0.8024 0.0309 0.2665 -0.8001 0.0178 0.2801 -0.8056 0.0494 0.2472 -0.804 0.0399 0.2571 -0.8025 0.0315 0.2658 -0.8061 0.0219 0.2753 -0.8167 0.037 0.2588
60.0 -0.8651 0.0426 0.2483 -0.8086 0.0661 0.2298 -0.8055 0.0488 0.2478 -0.804 0.0399 0.2571 -0.8024 0.0309 0.2665 -0.8001 0.0178 0.2801 -0.8056 0.0494 0.2472 -0.804 0.0399 0.2571 -0.8025 0.0315 0.2658 -0.8061 0.0219 0.2753 -0.8167 0.037 0.2588
60.0 -0.8651 0.0426 0.2483 -0.8086 0.0661 0.2298 -0.8055 0.0488 0.2478 -0.804 0.0399 0.2571 -0.8024 0.0309 0.2665 -0.8001 0.0178 0.2801 -0.8056 0.0494 0.2472 -0.804 0.0399 0.2571 -0.8025 0.0315 0.2658 -0.8061 0.0219 0.2753 -0.8167 0.037 0.2588
60.0 -0.8651 0.0426 0.2483 -0.8086 0.0661 0.2298 -0.8055 0.0488 0.2478 -0.804 0.0399 0.2571 -0.8024 0.0309 0.2665 -0.8001 0.0178 0.2801 -0.8056 0.0494 0.2472 -0.804 0.0399 0.2571 -0.8025 0.0315 0.2658 -0.8061 0.0219 0.2753 -0.8167 0.037 0.2588
60.0 -0.8651 0.0426 0.2483 -0.8086 0.0661 0.2298 -0.8055 0.0488 0.2478 -0.804 0.0399 0.2571 -0.8024 0.0309 0.2665 -0.8001 0.0178 0.2801 -0.8056 0.0494 0.2472 -0.804 0.0399 0.2571 -0.8025 0.0315 0.2658 -0.8061 0.0219 0.2753 -0.8167 0.037 0.2588
60.0 -0.8651 0.0426 0.2483 -0.8086 0.0661 0.2298 -0.8055 0.0488 0.2478 -0.804 0.0399 0.2571 -0.8024 0.0309 0.2665 -0.8001 0.0178 0.2801 -0.8056 0.0494 0.2472 -0.804 0.0399 0.2571 -0.8025 0.0315 0.2658 -0.8061 0.0219 0.2753 -0.8167 0.037 0.2588
60.0 -0.8651 0.0426 0.2483 -0.8086 0.0661 0.2298 -0.8055 0.0488 0.2478 -0.804 0.0399 0.2571 -0.8024 0.0309 0.2665 -0.8001 0.0178 0.2801 -0.8056 0.0494 0.2472 -0.804 0.0399 0.2571 -0.8025 0.0315 0.2658 -0.8061 0.0219 0.2753 -0.8167 0.037 0.2588
60.0 -0.8651 0.0426 0.2483 -0.8086 0.0661 0.2298 -0.8055 0.0488 0.2478 -0.804 0.0399 0.2571 -0.8024 0.0309 0.2665 -0.8001 0.0178 0.2801 -0.8056 0.0494 0.2472 -0.804 0.0399 0.2571 -0.8025 0.0315 0.2658 -0.8061 0.0219 0.2753 -0.8167 0.037 0.2588
60.0 -0.8651 0.0426 0.2483 -0.8086 0.0661 0.2298 -0.8055 0.0488 0.2478 -0.804 0.0399 0.2571 -0.8024 0.0309 0.2665 -0.8001 0.0178 0.2801 -0.8056 0.0494 0.2472 -0.804 0.0399 0.2571 -0.8025 0.0315 0.2658 -0.8061 0.0219 0.2753 -0.8167 0.037 0.2588
60.0 -0.8651 0.0426 0.2483 -0.8086 0.0661 0.2298 -0.8055 0.0488 0.2478 -0.804 0.0399 0.2571 -0.8024 0.0309 0.2665 -0.8001 0.0178 0.2801 -0.8056 0.0494 0.2472 -0.804 0.0399 0.2571 -0.8025 0.0315 0.2658 -0.8061 0.0219 0.2753 -0.8167 0.037 0.2588
60.0 -0.8651 0.0426 0.2483 -0.8086 0.0661 0.2298 -0.8055 0.0488 0.2478 -0.804 0.0399 0.2571 -0.8024 0.0309 0.2665 -0.8001 0.0178 0.2801 -0.8056 0.0494 0.2472 -0.804 0.0399 0.2571 -0.8025 0.0315 0.2658 -0.8061 0.0219 0.2753 -0.8167 0.037 0.2588
60.0 -0.8651 0.0426 0.2483 -0.8086 0.0661 0.2298 -0.8055 0.0488 0.2478 -0.804 0.0399 0.2571 -0.8024 0.0309 0.2665 -0.8001 0.0178 0.2801 -0.8056 0.0494 0.2472 -0.804 0.0399 0.2571 -0.8025 0.0315 0.2658 -0.8061 0.0219 0.2753 -0.8167 0.037 0.2588
60.0 -0.8651 0.0426 0.2483 -0.8086 0.0661 0.2298 -0.8055 0.0488 0.2478 -0.804 0.0399 0.2571 -0.8024 0.0309 0.2665 -0.8001 0.0178 0.2801 -0.8056 0.0494 0.2472 -0.804 0.0399 0.2571 -0.8025 0.0315 0.2658 -0.8061 0.0219 0.2753 -0.8167 0.037 0.2588
60.0 -0.8651 0.0426 0.2483 -0.8086 0.0661 0.2298 -0.8055 0.0488 0.2478 -0.804 0.0399 0.2571 -0.8024 0.0309 0.2665 -0.8001 0.0178 0.2801 -0.8056 0.0494 0.2472 -0.804 0.0399 0.2571 -0.8025 0.0315 0.2658 -0.8061 0.0219 0.2753 -0.8167 0.037 0.2588
60.0 -0.8651 0.0426 0.2483 -0.8086 0.0661 0.2298 -0.8055 0.0488 0.2478 -0.804 0.0399 0.2571 -0.8024 0.0309 0.2665 -0.8001 0.0178 0.2801 -0.8056 0.0494 0.2472 -0.804 0.0399 0.2571 -0.8025 0.0315 0.2658 -0.8061 0.0219 0.2753 -0.8167 0.037 0.2588
60.0 -0.8651 0.0426 0.2483 -0.8086 0.0661 0.2298 -0.8055 0.0488 0.2478 -0.804 0.0399 0.2571 -0.8024 0.0309 0.2665 -0.8001 0.0178 0.2801 -0.8056 0.0494 0.2472 -0.804 0.0399 0.2571 -0.8025 0.0315 0.2658 -0.8061 0.0219 0.2753 -0.8167 0.037 0.2588
60.0 -0.8651 0.0426 0.2483 -0.8086 0.0661 0.2298 -0.8055 0.0488 0.2478 -0.804 0.0399 0.2571 -0.8024 0.0309 0.2665 -0.8001 0.0178 0.2801 -0.8056 0.0494 0.2472 -0.804 0.0399 0.2571 -0.8025 0.0315 0.2658 -0.8061 0.0219 0.2753 -0.8167 0.037 0.2588
60.0 -0.8651 0.0426 0.2483 -0.8086 0.0661 0.2298 -0.8055 0.0488 0.2478 -0.804 0.0399 0.2571 -0.8024 0.0309 0.2665 -0.8001 0.0178 0.2801 -0.8056 0.0494 0.2472 -0.804 0.0399 0.2571 -0.8025 0.0315 0.2658 -0.8061 0.0219 0.2753 -0.8167 0.037 0.2588
60.0 -0.8651 0.0426 0.2483 -0.8086 0.0661 0.2298 -0.8055 0.0488 0.2478 -0.804 0.0399 0.2571 -0.8024 0.0309 0.2665 -0.8001 0.0178 0.2801 -0.8056 0.0494 0.2472 -0.804 0.0399 0.2571 -0.8025 0.0315 0.2658 -0.8061 0.0219 0.2753 -0.8167 0.037 0.2588
60.0 -0.8651 0.0426 0.2483 -0.8086 0.0661 0.2298 -0.8055 0.0488 0.2478 -0.804 0.0399 0.2571 -0.8024 0.0309 0.2665 -0.8001 0.0178 0.2801 -0.8056 0.0494 0.2472 -0.804 0.0399 0.2571 -0.8025 0.0315 0.2658 -0.8061 0.0219 0.2753 -0.8167 0.037 0.2588
60.0 -0.8651 0.0426 0.2483 -0.8086 0.0661 0.2298 -0.8055 0.0488 0.2478 -0.804 0.0399 0.2571 -0.8024 0.0309 0.2665 -0.8001 0.0178 0.2801 -0.8056 0.0494 0.2472 -0.804 0.0399 0.2571 -0.8025 0.0315 0.2658 -0.8061 0.0219 0.2753 -0.8167 0.037 0.2588
60.0 -0.8651 0.0426 0.2483 -0.8086 0.0661 0.2298 -0.8055 0.0488 0.2478 -0.804 0.0399 0.2571 -0.8024 0.0309 0.2665 -0.8001 0.0178 0.2801 -0.8056 0.0494 0.2472 -0.804 0.0399 0.2571 -0.8025 0.0315 0.2658 -0.8061 0.0219 0.2753 -0.8167 0.037 0.2588
60.0 -0.8651 0.0426 0.2483 -0.8086 0.0661 0.2298 -0.8055 0.0488 0.2478 -0.804 0.0399 0.2571 -0.8024 0.0309 0.2665 -0.8001 0.0178 0.2801 -0.8056 0.0494 0.2472 -0.804 0.0399 0.2571 -0.8025 0.0315 0.2658 -0.8061 0.0219 0.2753 -0.8167 0.037 0.2588
60.0 -0.8651 0.0426 0.2483 -0.8086 0.0661 0.2298 -0.8055 0.0488 0.2478 -0.804 0.0399 0.2571 -0.8024 0.0309 0.2665 -0.8001 0.0178 0.2801 -0.8056 0.0494 0.2472 -0.804 0.0399 0.2571 -0.8025 0.0315 0.2658 -0.8061 0.0219 0.2753 -0.8167 0.037 0.2588
60.0 -0.8651 0.0426 0.2483 -0.8086 0.0661 0.2298 -0.8055 0.0488 0.2478 -0.804 0.0399 0.2571 -0.8024 0.0309 0.2665 -0.8001 0.0178 0.2801 -0.8056 0.0494 0.2472 -0.804 0.0399 0.2571 -0.8025 0.0315 0.2658 -0.8061 0.0219 0.2753 -0.8167 0.037 0.2588
60.0 -0.8651 0.0426 0.2483 -0.8086 0.0661 0.2298 -0.8055 0.0488 0.2478 -0.804 0.0399 0.2571 -0.8024 0.0309 0.2665 -0.8001 0.0178 0.2801 -0.8056 0.0494 0.2472 -0.804 0.0399 0.2571 -0.8025 0.0315 0.2658 -0.8061 0.0219 0.2753 -0.8167 0.037 0.2588
60.0 -0.8651 0.0426 0.2483 -0.8086 0.0661 0.2298 -0.8055 0.0488 0.2478 -0.804 0.0399 0.2571 -0.8024 0.0309 0.2665 -0.8001 0.0178 0.2801 -0.8056 0.0494 0.2472 -0.804 0.0399 0.2571 -0.8025 0.0315 0.2658 -0.8061 0.0219 0.2753 -0.8167 0.037 0.2588
60.0 -0.8651 0.0426 0.2483 -0.8086 0.0661 0.2298 -0.8055 0.0488 0.2478 -0.804 0.0399 0.2571 -0.8024 0.0309 0.2665 -0.8001 0.0178 0.2801 -0.8056 0.0494 0.2472 -0.804 0.0399 0.2571 -0.8025 0.0315 0.2658 -0.8061 0.0219 0.2753 -0.8167 0.037 0.2588
60.0 -0.8651 0.0426 0.2483 -0.8086 0.0661 0.2298 -0.8055 0.0488 0.2478 -0.804 0.0399 0.2571 -0.8024 0.0309 0.2665 -0.8001 0.0178 0.2801 -0.8056 0.0494 0.2472 -0.804 0.0399 0.2571 -0.8025 0.0315 0.2658 -0.8061 0.0219 0.2753 -0.8167 0.037 0.2588
60.0 -0.8651 0.0426 0.2483 -0.8086 0.0661 0.2298 -0.8055 0.0488 0.2478 -0.804 0.0399 0.2571 -0.8024 0.0309 0.2665 -0.8001 0.0178 0.2801 -0.8056 0.0494 0.2472 -0.804 0.0399 0.2571 -0.8025 0.0315 0.2658 -0.8061 0.0219 0.2753 -0.8167 0.037 0.2588
60.0 -0.8651 0.0426 0.2483 -0.8086 0.0661 0.2298 -0.8055 0.0488 0.2478 -0.804 0.0399 0.2571 -0.8024 0.0309 0.2665 -0.8001 0.0178 0.2801 -0.8056 0.0494 0.2472 -0.804 0.0399 0.2571 -0.8025 0.0315 0.2658 -0.8061 0.0219 0.2753 -0.8167 0.037 0.2588
60.0 -0.8651 0.0426 0.2483 -0.8086 0.0661 0.2298 -0.8055 0.0488 0.2478 -0.804 0.0399 0.2571 -0.8024 0.0309 0.2665 -0.8001 0.0178 0.2801 -0.8056 0.0494 0.2472 -0.804 0.0399 0.2571 -0.8025 0.0315 0.2658 -0.8061 0.0219 0.2753 -0.8167 0.037 0.2588
60.0 -0.8651 0.0426 0.2483 -0.8086 0.0661 0.2298 -0.8055 0.0488 0.2478 -0.804 0.0399 0.2571 -0.8024 0.0309 0.2665 -0.8001 0.0178 0.2801 -0.8056 0.0494 0.2472 -0.804 0.0399 0.2571 -0.8025 0.0315 0.2658 -0.8061 0.0219 0.2753 -0.8167 0.037 0.2588
60.0 -0.8651 0.0426 0.2483 -0.8086 0.0661 0.2298 -0.8055 0.0488 0.2478 -0.804 0.0399 0.2571 -0.8024 0.0309 0.2665 -0.8001 0.0178 0.2801 -0.8056 0.0494 0.2472 -0.804 0.0399 0.2571 -0.8025 0.0315 0.2658 -0.8061 0.0219 0.2753 -0.8167 0.037 0.2588
60.0 -0.8651 0.0426 0.2483 -0.8086 0.0661 0.2298 -0.8055 0.0488 0.2478 -0.804 0.0399 0.2571 -0.8024 0.0309 0.2665 -0.8001 0.0178 0.2801 -0.8056 0.0494 0.2472 -0.804 0.0399 0.2571 -0.8025 0.0315 0.2658 -0.8061 0.0219 0.2753 -0.8167 0.037 0.2588
60.0 -0.8651 0.0426 0.2483 -0.8086 0.0661 0.2298 -0.8055 0.0488 0.2478 -0.804 0.0399 0.2571 -0.8024 0.0309 0.2665 -0.8001 0.0178 0.2801 -0.8056 0.0494 0.2472 -0.804 0.0399 0.2571 -0.8025 0.0315 0.2658 -0.8061 0.0219 0.2753 -0.8167 0.037 0.2588
60.0 -0.8651 0.0426 0.2483 -0.8086 0.0661 0.2298 -0.8055 0.0488 0.2478 -0.804 0.0399 0.2571 -0.8024 0.0309 0.2665 -0.8001 0.0178 0.2801 -0.8056 0.0494 0.2472 -0.804 0.0399 0.2571 -0.8025 0.0315 0.2658 -0.8061 0.0219 0.2753 -0.8167 0.037 0.2588
60.0 -0.8651 0.0426 0.2483 -0.8086 0.0661 0.2298 -0.8055 0.0488 0.2478 -0.804 0.0399 0.2571 -0.8024 0.0309 0.2665 -0.8001 0.0178 0.2801 -0.8056 0.0494 0.2472 -0.804 0.0399 0.2571 -0.8025 0.0315 0.2658 -0.8061 0.0219 0.2753 -0.8167 0.037 0.2588
60.0 -0.8651 0.0426 0.2483 -0.8086 0.0661 0.2298 -0.8055 0.0488 0.2478 -0.804 0.0399 0.2571 -0.8024 0.0309 0.2665 -0.8001 0.0178 0.2801 -0.8056 0.0494 0.2472 -0.804 0.0399 0.2571 -0.8025 0.0315 0.2658 -0.8061 0.0219 0.2753 -0.8167 0.037 0.2588
60.0 -0.8651 0.0426 0.2483 -0.8086 0.0661 0.2298 -0.8055 0.0488 0.2478 -0.804 0.0399 0.2571 -0.8024 0.0309 0.2665 -0.8001 0.0178 0.2801 -0.8056 0.0494 0.2472 -0.804 0.0399 0.2571 -0.8025 0.0315 0.2658 -0.8061 0.0219 0.2753 -0.8167 0.037 0.2588
60.0 -0.8651 0.0426 0.2483 -0.8086 0.0661 0.2298 -0.8055 0.0488 0.2478 -0.804 0.0399 0.2571 -0.8024 0.0309 0.2665 -0.8001 0.0178 0.2801 -0.8056 0.0494 0.2472 -0.804 0.0399 0.2571 -0.8025 0.0315 0.2658 -0.8061 0.0219 0.2753 -0.8167 0.037 0.2588
60.0 -0.8651 0.0426 0.2483 -0.8086 0.0661 0.2298 -0.8055 0.0488 0.2478 -0.804 0.0399 0.2571 -0.8024 0.0309 0.2665 -0.8001 0.0178 0.2801 -0.8056 0.0494 0.2472 -0.804 0.0399 0.2571 -0.8025 0.0315 0.2658 -0.8061 0.0219 0.2753 -0.8167 0.037 0.2588
147.0 -0.8577 0.0253 0.2667 -0.8087 0.0667 0.2292 -0.8057 0.05 0.2466 -0.8039 0.0393 0.2578 -0.8018 0.0273 0.2702 -0.7992 0.0124 0.2857 -0.8046 0.0434 0.2534 -0.8029 0.0339 0.2633 -0.8013 0.0243 0.2733 -0.7995 0.0142 0.2838 -0.8132 0.0282 0.2681
147.0 -0.8577 0.0253 0.2667 -0.8087 0.0667 0.2292 -0.8057 0.05 0.2466 -0.8039 0.0393 0.2578 -0.8018 0.0273 0.2702 -0.7992 0.0124 0.2857 -0.8046 0.0434 0.2534 -0.8029 0.0339 0.2633 -0.8013 0.0243 0.2733 -0.7995 0.0142 0.2838 -0.8132 0.0282 0.2681
147.0 -0.8577 0.0253 0.2667 -0.8087 0.0667 0.2292 -0.8057 0.05 0.2466 -0.8039 0.0393 0.2578 -0.8018 0.0273 0.2702 -0.7992 0.0124 0.2857 -0.8046 0.0434 0.2534 -0.8029 0.0339 0.2633 -0.8013 0.0243 0.2733 -0.7995 0.0142 0.2838 -0.8132 0.0282 0.2681
150.0 -0.8641 0.0214 0.2701 -0.8078 0.0619 0.2342 -0.8075 0.0449 0.2517 -0.8109 0.034 0.2624 -0.8081 0.0234 0.2735 -0.8015 0.0158 0.282 -0.8033 0.0363 0.2609 -0.8016 0.0261 0.2714 -0.7998 0.016 0.282 -0.7979 0.0052 0.2931 -0.8133 0.021 0.2755
150.0 -0.8641 0.0214 0.2701 -0.8078 0.0619 0.2342 -0.8075 0.0449 0.2517 -0.8109 0.034 0.2624 -0.8081 0.0234 0.2735 -0.8015 0.0158 0.282 -0.8033 0.0363 0.2609 -0.8016 0.0261 0.2714 -0.7998 0.016 0.282 -0.7979 0.0052 0.2931 -0.8133 0.021 0.2755
150.0 -0.8641 0.0214 0.2701 -0.8078 0.0619 0.2342 -0.8075 0.0449 0.2517 -0.8109 0.034 0.2624 -0.8081 0.0234 0.2735 -0.8015 0.0158 0.282 -0.8033 0.0363 0.2609 -0.8016 0.0261 0.2714 -0.7998 0.016 0.282 -0.7979 0.0052 0.2931 -0.8133 0.021 0.2755
153.0 -0.8872 0.0079 0.2816 -0.796 -0.0055 0.3043 -0.7993 0.013 0.2851 -0.8014 0.0249 0.2727 -0.8034 0.0369 0.2602 -0.8157 0.0517 0.2439 -0.8199 0.0053 0.2909 -0.8234 0.0152 0.2804 -0.8321 0.0245 0.2701 -0.8457 0.0318 0.2613 -0.8416 0.0169 0.2768
154.0 -0.9051 -0.0007 0.2885 -0.8125 -0.0218 0.3193 -0.7955 -0.0085 0.3074 -0.7989 0.0112 0.2869 -0.802 0.0285 0.2689 -0.8337 0.0389 0.2552 -0.8385 -0.0088 0.3034 -0.8412 0.0012 0.2929 -0.8499 0.011 0.282 -0.8638 0.0196 0.272 -0.8597 0.0045 0.2878
155.0 -0.9125 -0.0035 0.2907 -0.8168 -0.0272 0.3245 -0.7949 -0.0121 0.3111 -0.7984 0.0082 0.29 -0.8015 0.0255 0.272 -0.837 0.0378 0.2559 -0.845 -0.0121 0.3062 -0.8477 -0.0015 0.2951 -0.8574 0.0082 0.2842 -0.872 0.0166 0.2741 -0.8669 0.0015 0.2901
156.0 -0.9174 -0.0054 0.2921 -0.8262 -0.0291 0.3255 -0.7941 -0.0162 0.3155 -0.7977 0.0041 0.2944 -0.8029 0.0235 0.274 -0.8459 0.033 0.26 -0.8535 -0.0139 0.3072 -0.8563 -0.0026 0.2954 -0.8659 0.0065 0.2851 -0.8805 0.0149 0.2751 -0.8747 -0.0001 0.291
157.0 -0.9235 -0.0062 0.2924 -0.8325 -0.033 0.3288 -0.7941 -0.0162 0.3155 -0.7976 0.0035 0.295 -0.8139 0.0214 0.275 -0.8526 0.0315 0.2609 -0.8594 -0.0153 0.308 -0.8623 -0.004 0.2962 -0.8709 0.0052 0.286 -0.8847 0.0137 0.2759 -0.8801 -0.0013 0.2917
158.0 -0.9322 -0.0068 0.2921 -0.8404 -0.0335 0.3285 -0.7956 -0.0177 0.3168 -0.7974 0.0023 0.2962 -0.8208 0.0205 0.2753 -0.8594 0.0299 0.2618 -0.8688 -0.0171 0.309 -0.8708 -0.0052 0.2966 -0.8787 0.0047 0.2856 -0.8917 0.0134 0.2755 -0.8884 -0.0022 0.2918
159.0 -0.9384 -0.0064 0.2911 -0.848 -0.0351 0.3294 -0.8079 -0.0181 0.316 -0.8094 0.0006 0.2967 -0.8303 0.0192 0.2756 -0.8664 0.0296 0.2614 -0.8766 -0.0176 0.3087 -0.8777 -0.0061 0.2968 -0.8856 0.0038 0.2859 -0.8986 0.0124 0.2758 -0.8954 -0.0028 0.2917
160.0 -0.9455 -0.0061 0.2901 -0.8552 -0.0342 0.3278 -0.8148 -0.019 0.3163 -0.8154 -0.0002 0.2969 -0.839 0.0186 0.2754 -0.8756 0.0271 0.263 -0.8819 -0.0177 0.3082 -0.8838 -0.0064 0.2965 -0.8926 0.0035 0.2856 -0.9055 0.0121 0.2754 -0.9019 -0.0029 0.2912
161.0 -0.9516 -0.0063 0.2897 -0.8624 -0.0334 0.3262 -0.8217 -0.0193 0.3159 -0.8232 -0.0012 0.2972 -0.846 0.0189 0.2744 -0.881 0.0276 0.262 -0.8906 -0.0183 0.308 -0.8916 -0.0074 0.2968 -0.8995 0.0025 0.2858 -0.9124 0.0112 0.2757 -0.9091 -0.0037 0.2912
162.0 -0.9569 -0.0058 0.2887 -0.8685 -0.0336 0.3258 -0.8295 -0.0204 0.3162 -0.8285 -0.0007 0.2962 -0.8523 0.0193 0.2734 -0.8881 0.0279 0.261 -0.8967 -0.0185 0.3076 -0.8977 -0.0076 0.2964 -0.9057 0.0029 0.2848 -0.9178 0.0117 0.2747 -0.915 -0.0035 0.2904
163.0 -0.9615 -0.0052 0.2876 -0.8748 -0.0326 0.3242 -0.8356 -0.0206 0.3158 -0.8345 -0.0015 0.2964 -0.8582 0.0179 0.2742 -0.8924 0.0273 0.2612 -0.9028 -0.0187 0.3072 -0.9039 -0.0072 0.2954 -0.911 0.0028 0.2844 -0.9222 0.0117 0.2742 -0.9203 -0.0033 0.2898
164.0 -0.9668 -0.0047 0.2866 -0.8819 -0.0324 0.3232 -0.8417 -0.0208 0.3154 -0.8413 -0.0031 0.2973 -0.8633 0.0172 0.2744 -0.8983 0.0259 0.262 -0.9074 -0.0175 0.3055 -0.9083 -0.0072 0.2949 -0.9162 0.0027 0.284 -0.9283 0.0115 0.2738 -0.9254 -0.003 0.289
165.0 -0.9712 -0.0047 0.2861 -0.8863 -0.0323 0.3228 -0.846 -0.0214 0.3156 -0.8466 -0.0032 0.2969 -0.8685 0.0165 0.2746 -0.9034 0.0252 0.2622 -0.9126 -0.0182 0.3057 -0.9135 -0.0079 0.2951 -0.9205 0.0021 0.2841 -0.9326 0.0109 0.274 -0.9301 -0.0036 0.289
166.0 -0.974 -0.0039 0.285 -0.8932 -0.0333 0.3231 -0.8521 -0.0216 0.3152 -0.8525 -0.0046 0.2977 -0.8726 0.0147 0.276 -0.9078 0.0252 0.2618 -0.9163 -0.0168 0.304 -0.9171 -0.0072 0.294 -0.9249 0.0022 0.2837 -0.9377 0.0096 0.2748 -0.934 -0.0032 0.2883
167.0 -0.981 -0.0042 0.2846 -0.8985 -0.0334 0.3226 -0.8591 -0.022 0.3149 -0.8586 -0.0048 0.2974 -0.8788 0.0151 0.275 -0.914 0.025 0.2614 -0.9239 -0.0185 0.3049 -0.9249 -0.0082 0.2943 -0.931 0.0019 0.2833 -0.9432 0.0113 0.2725 -0.9408 -0.0035 0.2879
168.0 -0.9861 -0.0049 0.2848 -0.9028 -0.0339 0.3228 -0.8663 -0.0211 0.3133 -0.8638 -0.0055 0.2976 -0.8831 0.0145 0.2752 -0.9178 0.0269 0.2591 -0.9292 -0.0186 0.3045 -0.9301 -0.0083 0.2939 -0.9363 0.0018 0.2829 -0.9485 0.0112 0.2721 -0.9461 -0.0038 0.2876
169.0 -0.9913 -0.0056 0.285 -0.9073 -0.0333 0.3217 -0.8724 -0.0213 0.3129 -0.8701 -0.0045 0.2959 -0.8892 0.0143 0.2748 -0.9247 0.026 0.2593 -0.9338 -0.0174 0.3028 -0.9346 -0.0077 0.2928 -0.9416 0.0017 0.2825 -0.9546 0.011 0.2717 -0.9512 -0.0036 0.287
170.0 -0.9949 -0.0049 0.2839 -0.9123 -0.0346 0.3225 -0.8758 -0.0224 0.3136 -0.8746 -0.0039 0.2949 -0.8935 0.0137 0.275 -0.9299 0.0253 0.2595 -0.9382 -0.0174 0.3023 -0.9382 -0.0076 0.2923 -0.946 0.0018 0.282 -0.9579 0.0099 0.2725 -0.955 -0.0036 0.2866
171.0 -1.0011 -0.0051 0.2835 -0.9177 -0.0341 0.3215 -0.8801 -0.0229 0.3138 -0.8789 -0.0045 0.295 -0.8979 0.0137 0.2745 -0.9306 0.0246 0.2602 -0.9417 -0.0178 0.3024 -0.9425 -0.0082 0.2925 -0.9503 0.0012 0.2822 -0.9623 0.0099 0.272 -0.9596 -0.004 0.2865
172.0 -1.0045 -0.0055 0.2837 -0.921 -0.0352 0.3223 -0.8835 -0.0234 0.3139 -0.8822 -0.0055 0.2958 -0.8995 0.0129 0.2752 -0.9334 0.0254 0.259 -0.9459 -0.0184 0.3026 -0.9459 -0.0086 0.2926 -0.9528 0.0008 0.2823 -0.9649 0.0096 0.2721 -0.9628 -0.0044 0.2867
173.0 -1.0061 -0.0064 0.2843 -0.9242 -0.0368 0.3236 -0.8877 -0.0246 0.3147 -0.8856 -0.0066 0.2965 -0.9021 0.0126 0.2753 -0.936 0.0251 0.2591 -0.9483 -0.0199 0.304 -0.9484 -0.0096 0.2933 -0.9553 -0.0001 0.283 -0.9664 0.0082 0.2734 -0.9649 -0.0056 0.2876
174.0 -1.0131 -0.0067 0.284 -0.9286 -0.0368 0.3232 -0.8899 -0.0267 0.3167 -0.887 -0.0086 0.2985 -0.9053 0.0109 0.2767 -0.9365 0.0232 0.261 -0.9531 -0.023 0.3066 -0.9531 -0.0126 0.296 -0.9593 -0.0025 0.285 -0.9698 0.0071 0.2742 -0.9697 -0.0076 0.2892
175.0 -1.015 -0.0106 0.2878 -0.9338 -0.0424 0.3284 -0.8968 -0.0325 0.3219 -0.8956 -0.0147 0.3038 -0.9121 0.0045 0.2826 -0.9473 0.0144 0.2689 -0.9576 -0.0273 0.3106 -0.9576 -0.0169 0.2999 -0.9637 -0.0074 0.2896 -0.9749 0.0015 0.2794 -0.9738 -0.0121 0.2935
176.0 -1.0159 -0.0107 0.2878 -0.9354 -0.0432 0.3291 -0.8993 -0.0335 0.3227 -0.8981 -0.0156 0.3045 -0.9146 0.0035 0.2833 -0.9498 0.0135 0.2697 -0.9603 -0.0271 0.31 -0.9594 -0.0172 0.3 -0.9654 -0.0076 0.2896 -0.9757 0.0008 0.28 -0.9753 -0.0124 0.2935
177.0 -1.0193 -0.0112 0.288 -0.9408 -0.0427 0.328 -0.905 -0.0361 0.3248 -0.903 -0.0175 0.3059 -0.9168 0.0008 0.2859 -0.953 0.0118 0.271 -0.9653 -0.0283 0.3109 -0.9643 -0.019 0.3015 -0.9695 -0.0094 0.291 -0.979 -0.0003 0.2808 -0.9795 -0.0136 0.2944
178.0 -1.0202 -0.0113 0.288 -0.94 -0.042 0.3274 -0.905 -0.0361 0.3248 -0.9029 -0.0181 0.3066 -0.9159 0.0009 0.2858 -0.953 0.0118 0.271 -0.966 -0.0297 0.3121 -0.9642 -0.0196 0.3021 -0.9694 -0.01 0.2917 -0.979 -0.0003 0.2808 -0.9798 -0.0142 0.2949
179.0 -1.0193 -0.0112 0.288 -0.9393 -0.0413 0.3267 -0.9021 -0.0375 0.3265 -0.8995 -0.0176 0.3064 -0.9148 -0.0002 0.287 -0.9518 0.0101 0.2729 -0.9651 -0.0295 0.3121 -0.9642 -0.0196 0.3021 -0.9694 -0.01 0.2917 -0.9797 -0.0016 0.2821 -0.9796 -0.0144 0.2952
180.0 -1.0173 -0.0128 0.2898 -0.9393 -0.0413 0.3267 -0.9029 -0.0382 0.3272 -0.8993 -0.0188 0.3077 -0.914 -3.746e-05 0.287 -0.9518 0.0101 0.2729 -0.964 -0.0306 0.3133 -0.9632 -0.0201 0.3027 -0.9676 -0.0103 0.2922 -0.9772 -0.0006 0.2813 -0.9779 -0.0149 0.2959
181.0 -1.0173 -0.0128 0.2898 -0.9383 -0.0418 0.3273 -0.9002 -0.0385 0.3277 -0.8984 -0.0187 0.3076 -0.9137 -0.0018 0.2889 -0.9498 0.0086 0.2747 -0.9615 -0.0303 0.3132 -0.9606 -0.0204 0.3032 -0.9658 -0.0107 0.2928 -0.9753 -0.0016 0.2825 -0.9761 -0.0151 0.2963
182.0 -1.0165 -0.0126 0.2897 -0.9374 -0.0423 0.3279 -0.8984 -0.0389 0.3282 -0.8967 -0.0185 0.3076 -0.9129 -0.0011 0.2882 -0.9489 0.0087 0.2746 -0.9615 -0.0303 0.3132 -0.9606 -0.0204 0.3032 -0.9658 -0.0107 0.2928 -0.9753 -0.0016 0.2825 -0.9759 -0.0151 0.2963
183.0 -1.0157 -0.0119 0.2891 -0.9355 -0.0427 0.3284 -0.8975 -0.0387 0.3282 -0.8947 -0.0194 0.3087 -0.9118 -0.0022 0.2894 -0.9481 0.0088 0.2746 -0.9596 -0.0306 0.3138 -0.9587 -0.0207 0.3037 -0.9639 -0.0111 0.2933 -0.9743 -0.0021 0.2831 -0.9745 -0.0153 0.2966
184.0 -1.0138 -0.0129 0.2903 -0.9347 -0.0425 0.3284 -0.8957 -0.0391 0.3288 -0.894 -0.0187 0.3081 -0.9093 -0.0018 0.2893 -0.9463 0.0084 0.2751 -0.9579 -0.0304 0.3137 -0.957 -0.0205 0.3037 -0.9622 -0.0108 0.2933 -0.9727 -0.0012 0.2824 -0.9727 -0.0152 0.2967
185.0 -1.013 -0.0122 0.2896 -0.9338 -0.0424 0.3284 -0.8966 -0.0392 0.3288 -0.8939 -0.0193 0.3087 -0.9076 -0.001 0.2886 -0.9438 0.0094 0.2744 -0.9572 -0.0297 0.313 -0.9563 -0.0198 0.303 -0.9615 -0.0101 0.2926 -0.971 -0.001 0.2824 -0.9718 -0.0146 0.2961
186.0 -1.0103 -0.0124 0.2901 -0.9329 -0.0429 0.329 -0.894 -0.0389 0.3287 -0.8931 -0.0186 0.3081 -0.9068 -0.0009 0.2886 -0.9446 0.0093 0.2745 -0.9563 -0.0296 0.313 -0.9554 -0.0197 0.303 -0.9606 -0.01 0.2926 -0.9701 -0.0009 0.2823 -0.9706 -0.0145 0.2962
187.0 -1.0103 -0.0124 0.2901 -0.9322 -0.0416 0.3277 -0.8941 -0.0383 0.3281 -0.8923 -0.0185 0.308 -0.9059 -0.0008 0.2886 -0.9429 0.0095 0.2744 -0.9547 -0.0287 0.3123 -0.9538 -0.0188 0.3023 -0.959 -0.0092 0.2919 -0.9694 -0.0002 0.2817 -0.9694 -0.0139 0.2957
188.0 -1.0097 -0.0111 0.2888 -0.9306 -0.0408 0.327 -0.8924 -0.038 0.328 -0.8898 -0.0175 0.3073 -0.9052 -7.078e-05 0.2879 -0.9423 0.0108 0.2731 -0.9547 -0.0287 0.3123 -0.9538 -0.0188 0.3023 -0.959 -0.0092 0.2919 -0.9694 -0.0002 0.2817 -0.9693 -0.0136 0.2954
189.0 -1.0089 -0.0104 0.2882 -0.9305 -0.0414 0.3276 -0.8915 -0.0379 0.328 -0.8898 -0.0175 0.3073 -0.9035 0.0002 0.2879 -0.9397 0.0112 0.273 -0.953 -0.0285 0.3123 -0.9521 -0.0186 0.3022 -0.9581 -0.0091 0.2918 -0.9685 -6.951e-05 0.2816 -0.9681 -0.0133 0.2952
190.0 -1.0072 -0.0102 0.2881 -0.9287 -0.0417 0.3282 -0.8916 -0.0373 0.3274 -0.8881 -0.0173 0.3072 -0.9025 -0.0003 0.2884 -0.9382 0.0126 0.2717 -0.9521 -0.0284 0.3122 -0.9512 -0.0185 0.3022 -0.9556 -0.0087 0.2917 -0.9651 0.0004 0.2815 -0.9662 -0.0131 0.2952
191.0 -1.0063 -0.0101 0.2881 -0.9278 -0.0416 0.3281 -0.889 -0.037 0.3273 -0.8871 -0.0178 0.3078 -0.9008 -8.745e-05 0.2884 -0.9364 0.0122 0.2723 -0.9513 -0.0283 0.3122 -0.9503 -0.0184 0.3022 -0.9556 -0.0087 0.2917 -0.9651 0.0004 0.2815 -0.9657 -0.013 0.2951
192.0 -1.0063 -0.0101 0.2881 -0.9261 -0.0414 0.3281 -0.8881 -0.0375 0.3278 -0.8854 -0.0176 0.3078 -0.9008 -8.745e-05 0.2884 -0.9372 0.0121 0.2723 -0.9503 -0.0288 0.3128 -0.9495 -0.0183 0.3021 -0.9547 -0.0086 0.2917 -0.9643 0.0011 0.2808 -0.965 -0.0129 0.2951
193.0 -1.0053 -0.0111 0.2893 -0.9252 -0.0413 0.328 -0.8871 -0.0379 0.3284 -0.8836 -0.0179 0.3083 -0.899 -0.0005 0.2889 -0.9363 0.0116 0.2729 -0.9502 -0.0294 0.3134 -0.9484 -0.0193 0.3033 -0.9536 -0.0097 0.2929 -0.9633 2.983e-05 0.2821 -0.9642 -0.0139 0.2962
194.0 -1.0042 -0.0122 0.2905 -0.9242 -0.0423 0.3292 -0.887 -0.0385 0.3291 -0.8842 -0.0192 0.3096 -0.8988 -0.001 0.2895 -0.9352 0.0105 0.2741 -0.9491 -0.0304 0.3146 -0.9474 -0.0204 0.3045 -0.9527 -0.0101 0.2935 -0.9622 -0.001 0.2833 -0.9631 -0.0149 0.2973
195.0 -1.0024 -0.0126 0.2911 -0.9237 -0.0447 0.3317 -0.8866 -0.0409 0.3315 -0.8822 -0.0208 0.3114 -0.8976 -0.0033 0.292 -0.934 0.0089 0.2759 -0.9472 -0.0314 0.3158 -0.9463 -0.0215 0.3057 -0.9516 -0.0112 0.2947 -0.9611 -0.0021 0.2845 -0.9617 -0.0158 0.2984
196.0 -0.9996 -0.0134 0.2922 -0.9227 -0.0458 0.3329 -0.8872 -0.0422 0.3328 -0.8827 -0.0227 0.3133 -0.8981 -0.0052 0.2939 -0.9306 0.0093 0.2758 -0.9469 -0.0332 0.3176 -0.946 -0.0233 0.3076 -0.9503 -0.0135 0.2972 -0.96 -0.0032 0.2857 -0.9606 -0.0173 0.3001
197.0 -0.9976 -0.015 0.294 -0.9225 -0.047 0.3342 -0.888 -0.0429 0.3335 -0.8817 -0.0238 0.3145 -0.8962 -0.0062 0.2951 -0.9322 0.0085 0.2765 -0.9484 -0.0346 0.3189 -0.9458 -0.0245 0.3089 -0.9502 -0.0141 0.2978 -0.959 -0.0043 0.2869 -0.9602 -0.0185 0.3013
198.0 -0.9984 -0.0151 0.294 -0.9223 -0.0482 0.3354 -0.8861 -0.0439 0.3346 -0.8815 -0.025 0.3157 -0.8968 -0.0075 0.2963 -0.9318 0.0061 0.279 -0.9458 -0.0343 0.3188 -0.9439 -0.0248 0.3094 -0.9492 -0.0152 0.299 -0.9588 -0.0055 0.2881 -0.9592 -0.019 0.3019
199.0 -0.9975 -0.0156 0.2946 -0.9213 -0.0487 0.336 -0.8885 -0.0449 0.3354 -0.8814 -0.0256 0.3163 -0.896 -0.0074 0.2963 -0.9309 0.0062 0.2789 -0.9482 -0.0358 0.3202 -0.9464 -0.0258 0.3101 -0.9499 -0.0159 0.2996 -0.9588 -0.0055 0.2881 -0.9601 -0.0197 0.3025
200.0 -0.9983 -0.0157 0.2947 -0.9204 -0.0486 0.336 -0.8851 -0.0444 0.3352 -0.8804 -0.026 0.3169 -0.895 -0.0079 0.2969 -0.9308 0.0056 0.2795 -0.9457 -0.0349 0.3195 -0.9448 -0.025 0.3094 -0.9483 -0.0151 0.299 -0.9578 -0.006 0.2887 -0.959 -0.0193 0.3022
201.0 -0.9966 -0.0155 0.2946 -0.9213 -0.0487 0.336 -0.8852 -0.0438 0.3346 -0.8805 -0.0254 0.3163 -0.8932 -0.0082 0.2974 -0.9309 0.0062 0.2789 -0.944 -0.0346 0.3194 -0.9431 -0.0247 0.3094 -0.9474 -0.0149 0.2989 -0.9572 -0.0046 0.2874 -0.9577 -0.0189 0.3019
202.0 -0.9983 -0.0157 0.2947 -0.9198 -0.0472 0.3347 -0.8826 -0.0434 0.3345 -0.8806 -0.0249 0.3157 -0.8935 -0.0064 0.2956 -0.931 0.0068 0.2783 -0.9457 -0.0349 0.3195 -0.944 -0.0243 0.3088 -0.9484 -0.0145 0.2983 -0.9573 -0.004 0.2868 -0.9587 -0.0187 0.3016
203.0 -0.994 -0.0151 0.2945 -0.9189 -0.0471 0.3347 -0.8871 -0.0428 0.3334 -0.8782 -0.0233 0.3144 -0.8946 -0.0054 0.2944 -0.9289 0.0096 0.2757 -0.9449 -0.0341 0.3188 -0.9432 -0.0241 0.3088 -0.9476 -0.0137 0.2977 -0.9573 -0.004 0.2868 -0.9574 -0.0182 0.3013
204.0 -0.9889 -0.0144 0.2943 -0.9139 -0.0458 0.3338 -0.8813 -0.0408 0.332 -0.8762 -0.02 0.3112 -0.8916 -0.0025 0.2918 -0.9265 0.0111 0.2744 -0.9391 -0.0321 0.3173 -0.9383 -0.0217 0.3067 -0.9437 -0.0114 0.2957 -0.9532 -0.0023 0.2854 -0.9526 -0.0164 0.2999
205.0 -0.9844 -0.015 0.2954 -0.9095 -0.0458 0.3343 -0.8754 -0.0394 0.3311 -0.872 -0.0188 0.3104 -0.8876 -0.0001 0.2897 -0.9215 0.013 0.2729 -0.9349 -0.031 0.3166 -0.935 -0.0206 0.3059 -0.9411 -0.011 0.2956 -0.9515 -0.002 0.2853 -0.9494 -0.0159 0.2997
206.0 -0.9829 -0.0136 0.2941 -0.9076 -0.0462 0.3349 -0.8723 -0.0372 0.3291 -0.8703 -0.0186 0.3103 -0.8859 9.457e-05 0.2897 -0.9207 0.0131 0.2729 -0.934 -0.0314 0.3171 -0.9332 -0.021 0.3065 -0.9394 -0.0108 0.2955 -0.9498 -0.0012 0.2847 -0.9478 -0.0156 0.2996
207.0 -0.9808 -0.0152 0.2958 -0.9053 -0.0447 0.3335 -0.8716 -0.0359 0.3278 -0.8688 -0.0171 0.309 -0.8832 -0.0002 0.2902 -0.9172 0.0136 0.2728 -0.9302 -0.0279 0.3139 -0.9302 -0.0181 0.3039 -0.9369 -0.0098 0.2948 -0.949 -0.0011 0.2846 -0.9454 -0.0144 0.2986
208.0 -0.9785 -0.0136 0.2945 -0.9036 -0.0444 0.3334 -0.8697 -0.0368 0.329 -0.8652 -0.0173 0.3095 -0.8817 0.0013 0.2889 -0.9158 0.0156 0.2708 -0.9291 -0.029 0.3151 -0.9291 -0.0192 0.3051 -0.9352 -0.0096 0.2947 -0.9455 -0.0006 0.2845 -0.9435 -0.0144 0.2988
