1.0 -1.3242 0.0264 0.2192 -1.2631 0.0041 0.2481 -1.2176 0.0207 0.2357 -1.2145 0.0382 0.2181 -1.227 0.0493 0.2055 -1.251 0.0559 0.1964 -1.2694 0.0204 0.2308 -1.2693 0.0296 0.2215 -1.2741 0.0369 0.2135 -1.2823 0.0437 0.2057 -1.2839 0.0314 0.2182
2.0 -1.3243 0.027 0.2186 -1.2631 0.0041 0.2481 -1.2184 0.0206 0.2357 -1.2145 0.0382 0.2181 -1.2271 0.0499 0.2048 -1.2518 0.0551 0.1971 -1.2695 0.021 0.2302 -1.2694 0.0302 0.2208 -1.2742 0.0375 0.2129 -1.2823 0.0437 0.2057 -1.2839 0.0319 0.2177
3.0 -1.325 0.0263 0.2193 -1.2639 0.004 0.2481 -1.2184 0.0206 0.2357 -1.2137 0.0389 0.2174 -1.2271 0.0499 0.2048 -1.2518 0.0551 0.1971 -1.2695 0.021 0.2302 -1.2694 0.0302 0.2208 -1.2742 0.0375 0.2129 -1.2833 0.0442 0.2051 -1.2843 0.0318 0.2177
4.0 -1.325 0.0263 0.2193 -1.2648 0.0039 0.2481 -1.2184 0.0206 0.2357 -1.2154 0.0381 0.2181 -1.228 0.0498 0.2049 -1.2518 0.0551 0.1971 -1.2704 0.0209 0.2303 -1.2703 0.0301 0.2209 -1.2751 0.0373 0.2129 -1.284 0.0435 0.2058 -1.285 0.0316 0.2178
5.0 -1.3259 0.0262 0.2193 -1.2658 0.0044 0.2476 -1.2194 0.021 0.2351 -1.2154 0.0381 0.2181 -1.228 0.0498 0.2049 -1.2519 0.0557 0.1964 -1.2704 0.0209 0.2303 -1.2703 0.0301 0.2209 -1.2751 0.0373 0.2129 -1.2832 0.0436 0.2058 -1.285 0.0316 0.2178
6.0 -1.3259 0.0262 0.2193 -1.2658 0.0044 0.2476 -1.2193 0.0204 0.2358 -1.2162 0.038 0.2182 -1.2288 0.0497 0.2049 -1.2527 0.0556 0.1965 -1.2713 0.0208 0.2303 -1.2711 0.0299 0.2209 -1.2759 0.0372 0.213 -1.284 0.0435 0.2058 -1.2856 0.0315 0.2179
7.0 -1.3259 0.0262 0.2193 -1.2659 0.005 0.2469 -1.2194 0.021 0.2351 -1.2163 0.0386 0.2175 -1.2298 0.0502 0.2043 -1.2528 0.0562 0.1958 -1.2714 0.0214 0.2297 -1.2712 0.0305 0.2203 -1.2752 0.0379 0.2123 -1.2833 0.0442 0.2051 -1.2854 0.032 0.2173
8.0 -1.3276 0.026 0.2194 -1.2658 0.0044 0.2476 -1.2193 0.0204 0.2358 -1.2163 0.0386 0.2175 -1.2298 0.0502 0.2043 -1.2537 0.0561 0.1959 -1.2713 0.0208 0.2303 -1.272 0.0298 0.2209 -1.276 0.0378 0.2124 -1.285 0.0439 0.2052 -1.2864 0.0317 0.2176
9.0 -1.3276 0.026 0.2194 -1.2667 0.0049 0.247 -1.2203 0.0209 0.2352 -1.2163 0.0386 0.2175 -1.2306 0.0495 0.205 -1.253 0.0568 0.1952 -1.2722 0.0212 0.2297 -1.2721 0.0304 0.2203 -1.276 0.0378 0.2124 -1.285 0.0439 0.2052 -1.2866 0.0319 0.2174
10.0 -1.3268 0.0267 0.2187 -1.2676 0.0048 0.247 -1.2202 0.0203 0.2358 -1.2163 0.0386 0.2175 -1.2298 0.0502 0.2043 -1.253 0.0568 0.1952 -1.2722 0.0212 0.2297 -1.2712 0.0305 0.2203 -1.276 0.0378 0.2124 -1.2841 0.0441 0.2052 -1.2861 0.0321 0.2172
11.0 -1.3277 0.0266 0.2187 -1.2675 0.0042 0.2476 -1.221 0.0202 0.2358 -1.2163 0.0386 0.2175 -1.2298 0.0502 0.2043 -1.2546 0.056 0.1959 -1.2713 0.0208 0.2303 -1.2712 0.0305 0.2203 -1.276 0.0378 0.2124 -1.285 0.0439 0.2052 -1.2862 0.0319 0.2174
12.0 -1.3285 0.0259 0.2194 -1.2675 0.0042 0.2476 -1.2219 0.0201 0.2359 -1.2163 0.0386 0.2175 -1.2307 0.0501 0.2044 -1.2553 0.0553 0.1966 -1.2722 0.0212 0.2297 -1.2721 0.0304 0.2203 -1.2769 0.0377 0.2124 -1.2859 0.0438 0.2052 -1.2871 0.0318 0.2174
13.0 -1.3276 0.026 0.2194 -1.2698 0.0026 0.249 -1.2226 0.0194 0.2365 -1.2179 0.0377 0.2182 -1.2306 0.0495 0.205 -1.2544 0.0548 0.1972 -1.273 0.0205 0.2304 -1.2728 0.0297 0.221 -1.2776 0.037 0.213 -1.2858 0.0432 0.2059 -1.2874 0.0313 0.2179
14.0 -1.3285 0.0259 0.2194 -1.27 0.0032 0.2483 -1.2218 0.0195 0.2365 -1.2178 0.0371 0.2188 -1.2303 0.0483 0.2062 -1.2552 0.0547 0.1972 -1.2746 0.0197 0.231 -1.2736 0.029 0.2216 -1.2784 0.0363 0.2137 -1.2866 0.0431 0.2059 -1.2883 0.0308 0.2183
15.0 -1.3301 0.025 0.2201 -1.2707 0.0025 0.249 -1.2225 0.0188 0.2371 -1.2176 0.0359 0.2201 -1.2302 0.0477 0.2068 -1.2551 0.0541 0.1978 -1.2745 0.0191 0.2317 -1.2735 0.0284 0.2223 -1.2784 0.0363 0.2137 -1.2865 0.0425 0.2065 -1.2886 0.0303 0.2188
16.0 -1.3301 0.025 0.2201 -1.2715 0.0018 0.2497 -1.2224 0.0182 0.2378 -1.2175 0.0353 0.2207 -1.2301 0.0471 0.2075 -1.2552 0.0547 0.1972 -1.2745 0.0191 0.2317 -1.2743 0.0283 0.2223 -1.2783 0.0357 0.2143 -1.2865 0.0425 0.2065 -1.2887 0.0301 0.219
17.0 -1.331 0.0255 0.2195 -1.2714 0.0012 0.2503 -1.2234 0.0187 0.2372 -1.2176 0.0359 0.2201 -1.2311 0.0476 0.2069 -1.256 0.054 0.1978 -1.2754 0.019 0.2317 -1.2743 0.0283 0.2223 -1.2783 0.0357 0.2143 -1.2874 0.0424 0.2066 -1.2893 0.0302 0.2189
18.0 -1.3309 0.0249 0.2201 -1.2723 0.0017 0.2497 -1.2233 0.0181 0.2378 -1.2184 0.0352 0.2207 -1.2301 0.0471 0.2075 -1.2552 0.0547 0.1972 -1.2754 0.019 0.2317 -1.2743 0.0283 0.2223 -1.2791 0.0356 0.2144 -1.2874 0.0424 0.2066 -1.2894 0.03 0.219
19.0 -1.3309 0.0249 0.2201 -1.2724 0.0023 0.2491 -1.2234 0.0187 0.2372 -1.2184 0.0352 0.2207 -1.231 0.047 0.2075 -1.2552 0.0547 0.1972 -1.2754 0.019 0.2317 -1.2743 0.0283 0.2223 -1.2791 0.0356 0.2144 -1.2882 0.0423 0.2066 -1.2896 0.03 0.219
20.0 -1.3309 0.0249 0.2201 -1.2723 0.0017 0.2497 -1.2235 0.0193 0.2366 -1.2176 0.0359 0.2201 -1.2311 0.0476 0.2069 -1.2561 0.0546 0.1972 -1.2755 0.0196 0.2311 -1.2744 0.0289 0.2217 -1.2792 0.0362 0.2137 -1.2874 0.0424 0.2066 -1.2895 0.0304 0.2186
21.0 -1.3311 0.0261 0.2189 -1.2717 0.003 0.2484 -1.2235 0.0193 0.2366 -1.2177 0.0365 0.2195 -1.2313 0.0487 0.2056 -1.2561 0.0546 0.1972 -1.2755 0.0196 0.2311 -1.2746 0.0295 0.221 -1.2793 0.0368 0.2131 -1.2883 0.0429 0.206 -1.2898 0.031 0.218
22.0 -1.3301 0.025 0.2201 -1.2724 0.0023 0.2491 -1.2235 0.0193 0.2366 -1.2186 0.0364 0.2195 -1.2312 0.0482 0.2063 -1.257 0.055 0.1966 -1.2755 0.0196 0.2311 -1.2744 0.0289 0.2217 -1.2792 0.0362 0.2137 -1.2883 0.0429 0.206 -1.2895 0.0305 0.2185
23.0 -1.331 0.0255 0.2195 -1.2716 0.0024 0.249 -1.2235 0.0193 0.2366 -1.2177 0.0365 0.2195 -1.2312 0.0482 0.2063 -1.2552 0.0547 0.1972 -1.2754 0.019 0.2317 -1.2743 0.0283 0.2223 -1.2792 0.0362 0.2137 -1.2875 0.043 0.2059 -1.2895 0.0304 0.2186
24.0 -1.331 0.0255 0.2195 -1.2715 0.0018 0.2497 -1.2243 0.0185 0.2372 -1.2185 0.0358 0.2201 -1.2311 0.0476 0.2069 -1.256 0.054 0.1978 -1.2755 0.0196 0.2311 -1.2744 0.0289 0.2217 -1.2792 0.0362 0.2137 -1.2883 0.0429 0.206 -1.2897 0.0306 0.2184
25.0 -1.331 0.0255 0.2195 -1.2715 0.0018 0.2497 -1.2234 0.0187 0.2372 -1.2176 0.0359 0.2201 -1.2311 0.0476 0.2069 -1.256 0.054 0.1978 -1.2755 0.0196 0.2311 -1.2744 0.0289 0.2217 -1.2792 0.0362 0.2137 -1.2875 0.043 0.2059 -1.2895 0.0306 0.2184
26.0 -1.3292 0.0251 0.22 -1.2731 0.001 0.2503 -1.2234 0.0187 0.2372 -1.2186 0.0364 0.2195 -1.2303 0.0483 0.2062 -1.2552 0.0547 0.1972 -1.2754 0.019 0.2317 -1.2744 0.0289 0.2217 -1.2792 0.0362 0.2137 -1.2875 0.043 0.2059 -1.2891 0.0304 0.2186
27.0 -1.3309 0.0249 0.2201 -1.2714 0.0012 0.2503 -1.2234 0.0187 0.2372 -1.2177 0.0365 0.2195 -1.2311 0.0476 0.2069 -1.256 0.054 0.1978 -1.2745 0.0191 0.2317 -1.2744 0.0289 0.2217 -1.2784 0.0363 0.2137 -1.2875 0.043 0.2059 -1.2891 0.0304 0.2186
28.0 -1.3301 0.025 0.2201 -1.2714 0.0012 0.2503 -1.2234 0.0187 0.2372 -1.2176 0.0359 0.2201 -1.2311 0.0476 0.2069 -1.256 0.054 0.1978 -1.2754 0.019 0.2317 -1.2744 0.0289 0.2217 -1.2792 0.0362 0.2137 -1.2874 0.0424 0.2066 -1.2893 0.0303 0.2187
29.0 -1.3301 0.025 0.2201 -1.2714 0.0012 0.2503 -1.2234 0.0187 0.2372 -1.2176 0.0359 0.2201 -1.2302 0.0477 0.2068 -1.256 0.054 0.1978 -1.2754 0.019 0.2317 -1.2743 0.0283 0.2223 -1.2791 0.0356 0.2144 -1.2882 0.0423 0.2066 -1.2894 0.03 0.219
30.0 -1.3292 0.0251 0.22 -1.2705 0.0013 0.2502 -1.2226 0.0194 0.2365 -1.2177 0.0365 0.2195 -1.2304 0.0489 0.2056 -1.2552 0.0547 0.1972 -1.2736 0.0192 0.2316 -1.2736 0.029 0.2216 -1.2775 0.0364 0.2137 -1.2865 0.0425 0.2065 -1.2881 0.0305 0.2187
31.0 -1.3265 0.0249 0.2206 -1.2689 0.0021 0.2496 -1.2218 0.0195 0.2365 -1.217 0.0372 0.2188 -1.2297 0.0496 0.2049 -1.2536 0.0555 0.1965 -1.2729 0.0199 0.231 -1.2719 0.0292 0.2216 -1.2767 0.0365 0.2136 -1.2858 0.0432 0.2059 -1.2867 0.0308 0.2185
32.0 -1.3258 0.0256 0.2199 -1.2654 0.0026 0.2494 -1.2192 0.0198 0.2364 -1.2153 0.0375 0.2187 -1.228 0.0498 0.2049 -1.252 0.0563 0.1958 -1.2712 0.0202 0.2309 -1.2702 0.0295 0.2215 -1.2749 0.0367 0.2136 -1.2831 0.043 0.2064 -1.285 0.031 0.2185
33.0 -1.324 0.0252 0.2205 -1.2628 0.0024 0.2499 -1.2167 0.0208 0.2357 -1.2137 0.0389 0.2174 -1.2272 0.0505 0.2042 -1.2503 0.0566 0.1957 -1.2686 0.0205 0.2308 -1.2684 0.0297 0.2214 -1.2732 0.037 0.2135 -1.2815 0.0438 0.2057 -1.2831 0.0312 0.2184
34.0 -1.3221 0.0249 0.221 -1.2592 0.0022 0.2504 -1.2143 0.0217 0.2349 -1.2112 0.0393 0.2173 -1.2246 0.0509 0.2041 -1.2487 0.0574 0.1951 -1.266 0.0209 0.2307 -1.2657 0.0294 0.222 -1.2707 0.0373 0.2134 -1.2797 0.044 0.2056 -1.2809 0.0313 0.2185
35.0 -1.3186 0.0247 0.2215 -1.2574 0.0019 0.251 -1.2125 0.022 0.2349 -1.2077 0.0397 0.2172 -1.2212 0.0513 0.204 -1.2444 0.058 0.1949 -1.2634 0.0212 0.2306 -1.2632 0.0298 0.2219 -1.268 0.0371 0.2139 -1.2771 0.0438 0.2062 -1.278 0.0313 0.2188
36.0 -1.315 0.0246 0.222 -1.2531 0.0024 0.2508 -1.209 0.0218 0.2354 -1.205 0.0395 0.2177 -1.2185 0.0511 0.2045 -1.2417 0.0577 0.1954 -1.2598 0.0205 0.2317 -1.2596 0.0297 0.2223 -1.2653 0.0368 0.2144 -1.2744 0.0435 0.2067 -1.2748 0.031 0.2194
37.0 -1.3115 0.0245 0.2225 -1.2504 0.0022 0.2513 -1.2056 0.0223 0.2352 -1.2009 0.0406 0.2169 -1.2151 0.0515 0.2044 -1.238 0.057 0.1965 -1.2556 0.0216 0.2309 -1.2562 0.0301 0.2222 -1.261 0.0374 0.2143 -1.2709 0.044 0.2065 -1.271 0.0315 0.2193
38.0 -1.3088 0.0242 0.223 -1.247 0.0027 0.2512 -1.2014 0.0235 0.2344 -1.1984 0.0416 0.2162 -1.2116 0.052 0.2042 -1.2345 0.0569 0.197 -1.252 0.0215 0.2314 -1.2528 0.0306 0.2221 -1.2584 0.0378 0.2142 -1.2683 0.0438 0.2071 -1.2681 0.0316 0.2195
39.0 -1.3054 0.0247 0.2229 -1.2427 0.0032 0.251 -1.198 0.0245 0.2337 -1.1949 0.0421 0.2161 -1.2073 0.0526 0.2041 -1.2303 0.058 0.1962 -1.2486 0.022 0.2313 -1.2493 0.031 0.2219 -1.255 0.0382 0.214 -1.2648 0.0442 0.2069 -1.2646 0.032 0.2194
40.0 -1.3019 0.0252 0.2227 -1.2392 0.0037 0.2509 -1.1938 0.0257 0.2329 -1.1909 0.0438 0.2147 -1.204 0.0537 0.2033 -1.227 0.0591 0.1955 -1.2452 0.0224 0.2311 -1.2459 0.0315 0.2218 -1.2515 0.0387 0.2139 -1.2614 0.0447 0.2068 -1.2612 0.0325 0.2193
41.0 -1.2975 0.0251 0.2232 -1.2349 0.0043 0.2507 -1.1895 0.0263 0.2327 -1.1874 0.0443 0.2145 -1.1989 0.0543 0.2031 -1.2234 0.059 0.196 -1.2408 0.0224 0.2316 -1.2416 0.0321 0.2216 -1.2472 0.0393 0.2137 -1.2571 0.0453 0.2066 -1.2568 0.0328 0.2194
42.0 -1.2931 0.0251 0.2236 -1.2297 0.0044 0.2512 -1.1862 0.0273 0.232 -1.183 0.0443 0.215 -1.1955 0.0554 0.2024 -1.2193 0.0607 0.1946 -1.2365 0.023 0.2314 -1.2372 0.0321 0.2221 -1.2429 0.0398 0.2136 -1.2528 0.0458 0.2065 -1.2525 0.0332 0.2194
43.0 -1.2898 0.0262 0.2229 -1.2253 0.0044 0.2516 -1.1819 0.0279 0.2318 -1.1796 0.0447 0.2149 -1.1929 0.0558 0.2023 -1.2159 0.0612 0.1944 -1.233 0.0235 0.2313 -1.2337 0.0325 0.222 -1.2395 0.0403 0.2134 -1.2494 0.0463 0.2063 -1.2491 0.0338 0.2192
44.0 -1.2853 0.0256 0.224 -1.2227 0.0047 0.2515 -1.1776 0.0285 0.2317 -1.1764 0.0464 0.2135 -1.1895 0.0562 0.2021 -1.2125 0.0617 0.1943 -1.2287 0.0241 0.2311 -1.2303 0.033 0.2218 -1.2361 0.0408 0.2133 -1.2451 0.0469 0.2062 -1.2451 0.0341 0.2193
45.0 -1.2827 0.0259 0.2239 -1.2183 0.0047 0.252 -1.1734 0.0297 0.2309 -1.1712 0.0471 0.2133 -1.1863 0.0579 0.2008 -1.2099 0.062 0.1942 -1.2253 0.0245 0.231 -1.2269 0.0335 0.2217 -1.2325 0.0406 0.2138 -1.2415 0.0468 0.2067 -1.2418 0.0343 0.2194
46.0 -1.2793 0.0264 0.2237 -1.2138 0.0041 0.253 -1.1708 0.03 0.2308 -1.1688 0.0486 0.212 -1.1837 0.0582 0.2007 -1.2058 0.0638 0.1928 -1.2219 0.025 0.2309 -1.2235 0.0345 0.2209 -1.2292 0.0417 0.213 -1.2382 0.0478 0.2059 -1.2384 0.0351 0.2189
47.0 -1.2759 0.0269 0.2236 -1.2113 0.005 0.2523 -1.1674 0.0305 0.2306 -1.1654 0.0491 0.2118 -1.1811 0.0586 0.2006 -1.2032 0.0641 0.1927 -1.2184 0.0254 0.2307 -1.2192 0.0351 0.2208 -1.2258 0.0422 0.2129 -1.2356 0.0482 0.2058 -1.235 0.0355 0.2188
48.0 -1.2723 0.0267 0.2241 -1.2078 0.0049 0.2528 -1.1641 0.0316 0.2299 -1.162 0.0496 0.2117 -1.1769 0.0598 0.1998 -1.2007 0.0651 0.192 -1.215 0.0259 0.2306 -1.2167 0.0355 0.2207 -1.2223 0.0426 0.2128 -1.2322 0.0486 0.2057 -1.2317 0.0359 0.2188
49.0 -1.2689 0.0272 0.2239 -1.2043 0.0054 0.2527 -1.1598 0.0321 0.2297 -1.1579 0.0513 0.2103 -1.1727 0.0609 0.199 -1.1967 0.0669 0.1905 -1.2117 0.027 0.2299 -1.2124 0.036 0.2205 -1.219 0.0437 0.212 -1.2287 0.0491 0.2055 -1.2281 0.0366 0.2184
50.0 -1.2663 0.0275 0.2238 -1.1992 0.0061 0.2525 -1.1547 0.0334 0.2289 -1.1536 0.0519 0.2101 -1.1693 0.0614 0.1989 -1.1942 0.0678 0.1898 -1.2074 0.0275 0.2297 -1.209 0.0371 0.2198 -1.2155 0.0442 0.2119 -1.2255 0.0508 0.2042 -1.2247 0.0374 0.2179
51.0 -1.262 0.0281 0.2237 -1.1949 0.0066 0.2523 -1.1513 0.0339 0.2288 -1.1501 0.0524 0.21 -1.166 0.0625 0.1981 -1.1907 0.0683 0.1897 -1.2039 0.028 0.2296 -1.2047 0.0377 0.2196 -1.2112 0.0447 0.2117 -1.2221 0.0512 0.204 -1.2208 0.038 0.2177
52.0 -1.2602 0.0277 0.2242 -1.1889 0.0074 0.2521 -1.1471 0.0351 0.228 -1.1469 0.054 0.2086 -1.1617 0.063 0.1979 -1.1873 0.0687 0.1896 -1.1995 0.028 0.23 -1.2012 0.0375 0.2201 -1.2078 0.0452 0.2116 -1.2194 0.051 0.2045 -1.2176 0.0379 0.2181
53.0 -1.2232 0.0278 0.2278 -1.147 0.0094 0.2542 -1.1076 0.0404 0.2264 -1.1092 0.0597 0.2065 -1.1231 0.0689 0.1958 -1.1511 0.073 0.1888 -1.1605 0.0314 0.2304 -1.1633 0.0421 0.2192 -1.1706 0.049 0.2114 -1.1831 0.0546 0.2044 -1.1802 0.041 0.2186
54.0 -1.2189 0.0284 0.2276 -1.1416 0.0089 0.2552 -1.1034 0.0416 0.2257 -1.1041 0.061 0.2057 -1.1189 0.07 0.195 -1.1458 0.0731 0.1892 -1.1562 0.032 0.2302 -1.1589 0.042 0.2197 -1.1664 0.0496 0.2112 -1.1779 0.0553 0.2042 -1.1757 0.0415 0.2186
55.0 -1.2137 0.0285 0.2281 -1.1354 0.0086 0.2562 -1.0982 0.0423 0.2255 -1.0989 0.0611 0.2061 -1.1129 0.0708 0.1948 -1.1399 0.0745 0.1884 -1.151 0.0321 0.2306 -1.1536 0.0421 0.2201 -1.1611 0.0497 0.2117 -1.1727 0.0554 0.2046 -1.1704 0.0416 0.219
56.0 -1.2101 0.0284 0.2285 -1.1301 0.0087 0.2567 -1.0922 0.0431 0.2252 -1.0929 0.0619 0.2059 -1.1076 0.0709 0.1952 -1.1347 0.0746 0.1888 -1.1458 0.0328 0.2304 -1.1485 0.0428 0.2199 -1.1558 0.0498 0.2121 -1.1674 0.0555 0.205 -1.1655 0.0419 0.2192
57.0 -1.2032 0.0287 0.2289 -1.1249 0.0088 0.2571 -1.0862 0.0439 0.225 -1.0868 0.0628 0.2057 -1.1026 0.0722 0.1944 -1.1278 0.0755 0.1885 -1.1388 0.0331 0.2308 -1.1423 0.043 0.2203 -1.1498 0.0506 0.2118 -1.1613 0.0558 0.2054 -1.1591 0.0422 0.2194
58.0 -1.1987 0.0281 0.23 -1.119 0.0102 0.2562 -1.0812 0.0458 0.2235 -1.0826 0.0633 0.2055 -1.0983 0.0728 0.1942 -1.1227 0.0768 0.1877 -1.1343 0.0325 0.2319 -1.1371 0.0431 0.2207 -1.1446 0.0507 0.2123 -1.1561 0.0565 0.2052 -1.1541 0.0422 0.22
59.0 -1.1934 0.0282 0.2304 -1.1137 0.0103 0.2567 -1.0751 0.046 0.2239 -1.0775 0.0646 0.2047 -1.0922 0.073 0.1946 -1.1183 0.0768 0.1881 -1.1284 0.0339 0.231 -1.1319 0.0438 0.2205 -1.1394 0.0514 0.2121 -1.151 0.0571 0.205 -1.1488 0.0429 0.2198
60.0 -1.1871 0.0272 0.232 -1.1066 0.01 0.2576 -1.0701 0.0473 0.2231 -1.0723 0.0653 0.2045 -1.0871 0.0743 0.1938 -1.1112 0.076 0.1897 -1.1232 0.034 0.2314 -1.1268 0.0445 0.2203 -1.1342 0.0521 0.2119 -1.1466 0.0571 0.2055 -1.1436 0.043 0.2202
61.0 -1.1818 0.0273 0.2324 -1.1014 0.0101 0.2581 -1.0647 0.0468 0.2242 -1.0672 0.066 0.2043 -1.0819 0.0744 0.1942 -1.106 0.0767 0.1895 -1.1179 0.0341 0.2318 -1.1214 0.044 0.2214 -1.1298 0.0521 0.2123 -1.1413 0.0572 0.2059 -1.1385 0.043 0.2208
62.0 -1.1765 0.0274 0.2329 -1.0934 0.0099 0.259 -1.0576 0.0465 0.2251 -1.0592 0.0659 0.2052 -1.075 0.0753 0.194 -1.1007 0.0768 0.19 -1.1118 0.0343 0.2322 -1.1154 0.0449 0.2211 -1.1237 0.0523 0.2127 -1.1369 0.0572 0.2063 -1.1329 0.0432 0.2211
63.0 -1.1713 0.0275 0.2333 -1.089 0.0099 0.2594 -1.0526 0.0478 0.2243 -1.0541 0.0666 0.205 -1.0697 0.0754 0.1944 -1.0948 0.0782 0.1891 -1.1057 0.0346 0.2326 -1.1101 0.0449 0.2215 -1.1185 0.0524 0.2131 -1.1309 0.058 0.2061 -1.1273 0.0435 0.2213
64.0 -1.1676 0.0268 0.2344 -1.0812 0.0104 0.2598 -1.0473 0.0479 0.2247 -1.0482 0.068 0.2042 -1.0637 0.0763 0.1941 -1.0896 0.0783 0.1895 -1.1005 0.0353 0.2324 -1.105 0.0456 0.2213 -1.1133 0.0531 0.2129 -1.1256 0.0581 0.2065 -1.1224 0.0438 0.2215
65.0 -1.1616 0.0276 0.2342 -1.0769 0.011 0.2596 -1.0429 0.0479 0.2252 -1.0439 0.0686 0.204 -1.0593 0.0762 0.1946 -1.0844 0.079 0.1893 -1.0953 0.0359 0.2322 -1.0998 0.0463 0.2211 -1.1081 0.0538 0.2127 -1.1205 0.0588 0.2063 -1.1171 0.0445 0.2213
66.0 -1.1573 0.0282 0.234 -1.0724 0.0103 0.2607 -1.038 0.0498 0.2237 -1.0395 0.0685 0.2044 -1.0541 0.0769 0.1944 -1.0793 0.0797 0.1891 -1.0901 0.036 0.2326 -1.0945 0.0464 0.2216 -1.103 0.0545 0.2125 -1.1154 0.0601 0.2055 -1.1121 0.0451 0.2212
67.0 -1.1521 0.0283 0.2344 -1.0664 0.0112 0.2604 -1.0318 0.05 0.2241 -1.0342 0.0686 0.2049 -1.0497 0.0769 0.1948 -1.0739 0.0792 0.1902 -1.0856 0.0354 0.2337 -1.0893 0.0465 0.222 -1.0986 0.0544 0.213 -1.111 0.0601 0.206 -1.1073 0.045 0.2218
68.0 -1.1456 0.0267 0.2367 -1.062 0.0111 0.2609 -1.0267 0.0507 0.2239 -1.0282 0.0694 0.2046 -1.0437 0.0777 0.1946 -1.0685 0.0787 0.1912 -1.0796 0.0362 0.2335 -1.0839 0.046 0.223 -1.0931 0.0534 0.2146 -1.1054 0.0584 0.2082 -1.1015 0.0442 0.2232
69.0 -1.1414 0.0279 0.2359 -1.0576 0.0111 0.2614 -1.0223 0.0507 0.2244 -1.0247 0.0693 0.2051 -1.0392 0.0771 0.1957 -1.0641 0.0786 0.1917 -1.076 0.0361 0.234 -1.0795 0.046 0.2235 -1.0887 0.0533 0.2151 -1.101 0.0584 0.2087 -1.0973 0.0444 0.2234
70.0 -1.1343 0.027 0.2375 -1.0531 0.0105 0.2624 -1.017 0.0508 0.2248 -1.0177 0.0696 0.2055 -1.0332 0.0779 0.1955 -1.0596 0.078 0.1927 -1.0708 0.0362 0.2344 -1.0743 0.0461 0.2239 -1.0834 0.0528 0.2161 -1.0956 0.0573 0.2104 -1.0916 0.0439 0.2245
71.0 -1.1289 0.0265 0.2385 -1.0477 0.01 0.2635 -1.0117 0.0503 0.2258 -1.0133 0.0696 0.2059 -1.0287 0.0773 0.1965 -1.0552 0.078 0.1932 -1.0655 0.0363 0.2348 -1.069 0.0462 0.2243 -1.0781 0.0529 0.2166 -1.0903 0.0574 0.2108 -1.0864 0.0439 0.225
72.0 -1.1244 0.0259 0.2396 -1.0407 0.0103 0.2638 -1.0082 0.0508 0.2257 -1.0089 0.0696 0.2064 -1.0252 0.0772 0.197 -1.0491 0.0782 0.1936 -1.061 0.0357 0.2359 -1.0655 0.0461 0.2248 -1.0737 0.0529 0.217 -1.0859 0.0574 0.2112 -1.0821 0.0436 0.2257
73.0 -1.1199 0.0253 0.2407 -1.0363 0.0103 0.2643 -1.002 0.0504 0.2267 -1.0029 0.0704 0.2061 -1.0182 0.0775 0.1974 -1.043 0.0784 0.194 -1.0549 0.0359 0.2363 -1.0593 0.0463 0.2252 -1.0684 0.053 0.2174 -1.0806 0.0575 0.2117 -1.0766 0.0436 0.2262
74.0 -1.0753 0.027 0.2433 -0.9981 0.0082 0.2703 -0.9583 0.052 0.2294 -0.9553 0.0701 0.2112 -0.9707 0.0778 0.2018 -0.9947 0.0789 0.1983 -1.0119 0.0368 0.2396 -1.0153 0.0461 0.2297 -1.0236 0.053 0.2219 -1.0358 0.0574 0.2162 -1.0324 0.0441 0.2301
75.0 -1.0726 0.0268 0.2438 -0.9955 0.0085 0.2702 -0.9565 0.0516 0.23 -0.9508 0.0695 0.2122 -0.966 0.076 0.2041 -0.9901 0.0776 0.2 -1.0084 0.0367 0.2401 -1.0118 0.046 0.2302 -1.02 0.0528 0.2224 -1.0331 0.0572 0.2167 -1.0292 0.0439 0.2306
76.0 -1.0708 0.0264 0.2444 -0.9935 0.0069 0.272 -0.9556 0.0518 0.2299 -0.9481 0.0693 0.2128 -0.9625 0.0759 0.2046 -0.9873 0.0768 0.2012 -1.0058 0.037 0.24 -1.0091 0.0458 0.2307 -1.0173 0.0526 0.2229 -1.0303 0.0563 0.2178 -1.0267 0.0436 0.2312
77.0 -1.0682 0.0268 0.2443 -0.99 0.0068 0.2725 -0.9495 0.052 0.2303 -0.9452 0.0678 0.2145 -0.9587 0.0745 0.2063 -0.9829 0.0768 0.2016 -1.002 0.0351 0.2423 -1.0045 0.0445 0.2324 -1.0127 0.0514 0.2246 -1.0259 0.0563 0.2183 -1.0227 0.0428 0.2324
78.0 -1.0648 0.0272 0.2441 -0.9873 0.0066 0.273 -0.9459 0.0518 0.2308 -0.9425 0.0676 0.2151 -0.956 0.0743 0.2068 -0.9803 0.0771 0.2015 -0.9995 0.0361 0.2416 -1.0028 0.0448 0.2324 -1.011 0.0516 0.2246 -1.0232 0.0561 0.2188 -1.0203 0.0432 0.2323
79.0 -1.0621 0.027 0.2447 -0.9864 0.0067 0.273 -0.9436 0.0534 0.2295 -0.939 0.0674 0.2155 -0.9533 0.0735 0.208 -0.9775 0.0763 0.2027 -0.996 0.0365 0.2415 -0.9993 0.0452 0.2322 -1.0075 0.0515 0.2251 -1.0197 0.0559 0.2193 -1.0169 0.0432 0.2325
80.0 -1.0585 0.0263 0.2458 -0.9829 0.0065 0.2734 -0.94 0.0533 0.2299 -0.9355 0.0673 0.216 -0.9497 0.0733 0.2085 -0.9747 0.0754 0.2038 -0.9943 0.0368 0.2414 -0.9975 0.0449 0.2328 -1.0055 0.0505 0.2262 -1.0186 0.0549 0.2205 -1.0149 0.0427 0.2333
81.0 -1.0565 0.0253 0.2469 -0.9804 0.0075 0.2727 -0.9367 0.0543 0.2292 -0.9319 0.0672 0.2165 -0.9462 0.0732 0.2089 -0.9712 0.0753 0.2043 -0.9924 0.0358 0.2426 -0.9957 0.0445 0.2333 -1.0037 0.0502 0.2268 -1.0159 0.0546 0.221 -1.0128 0.0421 0.2341
82.0 -1.0531 0.0258 0.2468 -0.9792 0.0058 0.2746 -0.9325 0.0555 0.2284 -0.9293 0.0675 0.2164 -0.9443 0.0728 0.2095 -0.9693 0.0749 0.2048 -0.9898 0.0361 0.2425 -0.9939 0.0442 0.2339 -1.002 0.0504 0.2267 -1.0142 0.0548 0.221 -1.0106 0.0423 0.2342
83.0 -1.0521 0.0253 0.2474 -0.9758 0.0063 0.2744 -0.9307 0.0551 0.229 -0.9268 0.0679 0.2163 -0.9418 0.0732 0.2094 -0.9668 0.0753 0.2047 -0.988 0.0358 0.243 -0.992 0.0438 0.2345 -1.0002 0.05 0.2273 -1.0123 0.0539 0.2221 -1.0089 0.0418 0.2349
84.0 -1.0496 0.0256 0.2473 -0.9731 0.006 0.2749 -0.9297 0.0546 0.2295 -0.9248 0.0669 0.2175 -0.9391 0.0729 0.2099 -0.9641 0.075 0.2053 -0.9869 0.0347 0.2442 -0.9901 0.0428 0.2356 -0.9982 0.0491 0.2285 -1.0096 0.0536 0.2226 -1.0069 0.0412 0.2357
85.0 -1.0469 0.0254 0.2478 -0.9713 0.0057 0.2755 -0.9269 0.0538 0.2307 -0.9229 0.0659 0.2187 -0.938 0.0718 0.2111 -0.964 0.0744 0.2059 -0.9841 0.0339 0.2454 -0.9883 0.0425 0.2362 -0.9964 0.0487 0.229 -1.0087 0.0537 0.2226 -1.0049 0.0408 0.2362
86.0 -1.0461 0.0261 0.2472 -0.9702 0.0046 0.2767 -0.9241 0.053 0.2318 -0.921 0.065 0.2198 -0.9353 0.0716 0.2116 -0.9612 0.0736 0.207 -0.9831 0.0328 0.2466 -0.9864 0.0415 0.2374 -0.9946 0.0483 0.2296 -1.0079 0.0539 0.2226 -1.0036 0.0405 0.2367
87.0 -1.0442 0.0251 0.2483 -0.9674 0.0037 0.2778 -0.9207 0.0534 0.2317 -0.9157 0.0651 0.2203 -0.9336 0.0718 0.2116 -0.9604 0.0743 0.2064 -0.9788 0.0334 0.2464 -0.9837 0.0413 0.2379 -0.9928 0.048 0.2301 -1.0068 0.0528 0.2238 -1.0012 0.0401 0.2373
88.0 -1.0433 0.0253 0.2483 -0.9672 0.0025 0.2791 -0.9198 0.0535 0.2317 -0.9157 0.0651 0.2203 -0.9318 0.0715 0.2121 -0.9586 0.074 0.2069 -0.976 0.0325 0.2476 -0.981 0.041 0.2384 -0.9909 0.0476 0.2307 -1.0051 0.053 0.2237 -0.9993 0.0399 0.2377
89.0 -1.0424 0.0248 0.2489 -0.9645 0.0023 0.2796 -0.9221 0.0514 0.2336 -0.9121 0.0644 0.2214 -0.928 0.0701 0.2139 -0.9558 0.0731 0.2081 -0.9751 0.0326 0.2475 -0.9793 0.0412 0.2383 -0.9892 0.0478 0.2306 -1.0024 0.0528 0.2242 -0.9977 0.0398 0.2379
90.0 -1.0412 0.0231 0.2507 -0.9631 -0.0006 0.2827 -0.9389 0.0418 0.2418 -0.9109 0.0627 0.2232 -0.9242 0.0682 0.2162 -0.9544 0.0702 0.2111 -0.976 0.0325 0.2476 -0.9782 0.0402 0.2395 -0.9872 0.0463 0.2324 -1.0011 0.0505 0.2267 -0.9967 0.0385 0.2394
91.0 -1.0402 0.0226 0.2513 -0.9613 -0.0009 0.2832 -0.9135 0.0526 0.2333 -0.9099 0.0622 0.2238 -0.9229 0.0659 0.2187 -0.9552 0.0695 0.2118 -0.9725 0.033 0.2474 -0.9773 0.0403 0.2395 -0.9871 0.0457 0.233 -1.0011 0.0505 0.2267 -0.9957 0.0384 0.2396
92.0 -1.0401 0.022 0.2519 -0.9605 -0.0008 0.2832 -0.9182 0.0489 0.2366 -0.9121 0.0595 0.2264 -0.9242 0.0633 0.2212 -0.9539 0.0673 0.2142 -0.9743 0.0327 0.2475 -0.979 0.0394 0.2402 -0.9878 0.045 0.2337 -1.0018 0.0492 0.228 -0.9966 0.0377 0.2403
93.0 -1.0395 0.0233 0.2507 -0.9579 -0.0005 0.2831 -0.9743 0.0279 0.2525 -0.9211 0.0509 0.2342 -0.9222 0.0618 0.223 -0.9535 0.0649 0.2167 -0.9801 0.0307 0.249 -0.9824 0.039 0.2403 -0.9897 0.0453 0.2331 -1.0004 0.0512 0.226 -0.9984 0.0379 0.2398
94.0 -1.0403 0.0232 0.2507 -0.9597 -0.0001 0.2825 -0.9764 0.03 0.2501 -0.9096 0.0555 0.2306 -0.9304 0.0533 0.2308 -0.9561 0.0596 0.2218 -0.9776 0.0317 0.2483 -0.9798 0.0393 0.2402 -0.9888 0.0454 0.2331 -1.0002 0.05 0.2273 -0.9973 0.0379 0.2399
95.0 -1.0391 0.0209 0.2531 -0.961 0.0022 0.2801 -0.9137 0.0434 0.2427 -0.913 0.0496 0.2364 -0.9378 0.0456 0.238 -0.9584 0.0477 0.2338 -0.9705 0.0314 0.2492 -0.9753 0.0387 0.2413 -0.9852 0.0447 0.2342 -0.9973 0.0486 0.229 -0.9935 0.0369 0.2414
96.0 -1.0382 0.0211 0.2531 -0.9611 0.0028 0.2795 -0.9138 0.044 0.242 -0.9166 0.0448 0.2409 -0.9444 0.0429 0.2401 -0.9643 0.0463 0.2346 -0.9698 0.0321 0.2486 -0.9753 0.0387 0.2413 -0.9852 0.0447 0.2342 -0.9981 0.0485 0.2291 -0.9933 0.037 0.2412
97.0 -1.0382 0.0211 0.2531 -0.9622 0.0038 0.2783 -0.9179 0.0422 0.2434 -0.9183 0.0446 0.241 -0.9431 0.0406 0.2426 -0.9602 0.0481 0.2332 -0.9698 0.0321 0.2486 -0.9754 0.0393 0.2407 -0.9852 0.0447 0.2342 -0.9981 0.0485 0.2291 -0.9933 0.0371 0.2411
98.0 -1.039 0.0204 0.2538 -0.9615 0.0052 0.277 -0.9159 0.0461 0.2396 -0.9331 0.034 0.2503 -0.9487 0.0374 0.2453 -0.9609 0.0468 0.2345 -0.9706 0.032 0.2486 -0.9762 0.0386 0.2413 -0.986 0.0446 0.2342 -0.9975 0.0498 0.2278 -0.9938 0.0371 0.2411
99.0 -1.0374 0.0218 0.2525 -0.9634 0.0061 0.2758 -0.9174 0.0447 0.2409 -0.9425 0.0322 0.2513 -0.9566 0.0376 0.2443 -0.9678 0.0458 0.2348 -0.9706 0.032 0.2486 -0.9762 0.0386 0.2413 -0.9861 0.0452 0.2336 -0.9983 0.0497 0.2278 -0.9937 0.0374 0.2408
100.0 -1.0348 0.0215 0.253 -0.9636 0.0073 0.2746 -0.9172 0.0435 0.2422 -0.9473 0.0297 0.2533 -0.959 0.036 0.2457 -0.9668 0.0454 0.2354 -0.9689 0.0323 0.2485 -0.9753 0.0387 0.2413 -0.9843 0.0448 0.2342 -0.9966 0.0499 0.2278 -0.992 0.0374 0.2409
101.0 -1.0306 0.0227 0.2522 -0.9663 0.0076 0.2741 -0.911 0.048 0.2382 -0.9551 0.0286 0.2536 -0.9686 0.0354 0.2454 -0.9807 0.0441 0.2353 -0.9646 0.0328 0.2484 -0.972 0.0398 0.2405 -0.9818 0.0458 0.2334 -0.995 0.0507 0.2271 -0.9888 0.0384 0.2403
102.0 -1.0322 0.0219 0.2529 -0.9673 0.008 0.2735 -0.9108 0.0468 0.2394 -0.9579 0.0295 0.2525 -0.9712 0.0356 0.2449 -0.9831 0.0432 0.236 -0.9656 0.0333 0.2478 -0.9721 0.0404 0.2399 -0.9818 0.0458 0.2334 -0.9951 0.0513 0.2265 -0.9894 0.0385 0.2401
103.0 -1.0314 0.0226 0.2522 -0.9683 0.0085 0.2729 -0.9096 0.0451 0.2413 -0.9641 0.0298 0.2515 -0.9749 0.0363 0.2438 -0.9859 0.044 0.2348 -0.9656 0.0333 0.2478 -0.9721 0.0404 0.2399 -0.9819 0.0464 0.2328 -0.9952 0.0519 0.2258 -0.9892 0.0389 0.2397
104.0 -1.0315 0.0232 0.2516 -0.9699 0.0077 0.2736 -0.9102 0.0438 0.2425 -0.9647 0.0285 0.2528 -0.9747 0.0351 0.245 -0.985 0.0435 0.2354 -0.9672 0.0325 0.2485 -0.9729 0.0403 0.24 -0.9811 0.0465 0.2328 -0.9944 0.052 0.2258 -0.9894 0.0389 0.2397
105.0 -1.033 0.0218 0.2529 -0.9716 0.0075 0.2736 -0.9134 0.0416 0.2445 -0.9649 0.0297 0.2515 -0.9765 0.0355 0.2445 -0.9858 0.0434 0.2355 -0.9664 0.0332 0.2478 -0.973 0.0409 0.2393 -0.982 0.047 0.2322 -0.9961 0.0518 0.2259 -0.9901 0.0389 0.2396
106.0 -1.0322 0.0219 0.2529 -0.9715 0.0069 0.2743 -0.9158 0.0406 0.2452 -0.9651 0.0309 0.2503 -0.9758 0.0362 0.2438 -0.9841 0.0436 0.2354 -0.9681 0.033 0.2479 -0.9738 0.0401 0.24 -0.9819 0.0464 0.2328 -0.9951 0.0513 0.2265 -0.9902 0.0385 0.24
107.0 -1.0331 0.0224 0.2523 -0.9715 0.0069 0.2743 -0.9165 0.0393 0.2465 -0.9661 0.0314 0.2497 -0.9758 0.0362 0.2438 -0.9841 0.0436 0.2354 -0.9681 0.033 0.2479 -0.9729 0.0403 0.24 -0.9811 0.0465 0.2328 -0.9943 0.0514 0.2264 -0.9899 0.0387 0.2399
108.0 -1.033 0.0218 0.2529 -0.9717 0.0081 0.273 -0.9171 0.038 0.2478 -0.9661 0.0314 0.2497 -0.9759 0.0368 0.2432 -0.9841 0.0436 0.2354 -0.9673 0.0331 0.2479 -0.973 0.0409 0.2393 -0.9811 0.0465 0.2328 -0.9951 0.0513 0.2265 -0.9899 0.0387 0.2399
109.0 -1.0324 0.0231 0.2516 -0.9717 0.0081 0.273 -0.9188 0.0378 0.2479 -0.9662 0.032 0.2491 -0.976 0.0374 0.2426 -0.9842 0.0442 0.2348 -0.9673 0.0331 0.2479 -0.973 0.0409 0.2393 -0.9812 0.0471 0.2322 -0.9943 0.0514 0.2264 -0.9896 0.0391 0.2395
110.0 -1.0332 0.023 0.2517 -0.9716 0.0075 0.2736 -0.922 0.0355 0.2499 -0.9654 0.0321 0.249 -0.9742 0.0376 0.2425 -0.9816 0.0446 0.2347 -0.9698 0.0321 0.2486 -0.9746 0.0394 0.2406 -0.9827 0.0457 0.2335 -0.9949 0.0501 0.2277 -0.991 0.0381 0.2404
111.0 -1.0331 0.0224 0.2523 -0.9725 0.0073 0.2737 -0.9237 0.0353 0.2499 -0.9671 0.0319 0.2491 -0.9751 0.0375 0.2425 -0.9825 0.0445 0.2347 -0.9672 0.0325 0.2485 -0.9729 0.0403 0.24 -0.9819 0.0464 0.2328 -0.995 0.0507 0.2271 -0.99 0.0384 0.2401
112.0 -1.0314 0.0226 0.2522 -0.9726 0.0079 0.273 -0.9321 0.0329 0.2515 -0.9688 0.0317 0.2492 -0.9753 0.0387 0.2413 -0.9817 0.0452 0.2341 -0.968 0.0324 0.2485 -0.9738 0.0401 0.24 -0.9818 0.0458 0.2334 -0.9942 0.0508 0.227 -0.9898 0.0383 0.2402
113.0 -1.0314 0.0226 0.2522 -0.9717 0.0081 0.273 -0.9337 0.0321 0.2522 -0.9678 0.0312 0.2498 -0.9736 0.0389 0.2412 -0.9817 0.0452 0.2341 -0.9671 0.0319 0.2491 -0.972 0.0398 0.2405 -0.9801 0.046 0.2334 -0.9933 0.0509 0.227 -0.9888 0.0382 0.2404
114.0 -1.0323 0.0225 0.2523 -0.9707 0.0076 0.2736 -0.9355 0.0325 0.2516 -0.9662 0.032 0.2491 -0.9727 0.0391 0.2412 -0.9816 0.0446 0.2347 -0.968 0.0324 0.2485 -0.9728 0.0397 0.2406 -0.9809 0.0453 0.234 -0.994 0.0502 0.2277 -0.9896 0.038 0.2406
115.0 -1.0331 0.0224 0.2523 -0.9706 0.007 0.2742 -0.9363 0.0318 0.2523 -0.9661 0.0314 0.2497 -0.9735 0.0384 0.2419 -0.9809 0.0453 0.234 -0.9681 0.033 0.2479 -0.9738 0.0401 0.24 -0.9818 0.0458 0.2334 -0.994 0.0502 0.2277 -0.9902 0.0383 0.2403
116.0 -1.0331 0.0224 0.2523 -0.9707 0.0076 0.2736 -0.937 0.0311 0.2529 -0.9644 0.0316 0.2496 -0.9718 0.0386 0.2418 -0.9791 0.0455 0.234 -0.9698 0.0321 0.2486 -0.9754 0.0393 0.2407 -0.9833 0.0444 0.2347 -0.9956 0.0488 0.229 -0.9914 0.0374 0.2411
117.0 -1.0323 0.0225 0.2523 -0.9707 0.0076 0.2736 -0.939 0.032 0.2518 -0.967 0.0313 0.2497 -0.9745 0.0388 0.2413 -0.9817 0.0452 0.2341 -0.9672 0.0325 0.2485 -0.9728 0.0397 0.2406 -0.9809 0.0453 0.234 -0.9939 0.0496 0.2283 -0.9894 0.0379 0.2407
118.0 -1.0313 0.022 0.2528 -0.9717 0.0081 0.273 -0.9407 0.0318 0.2518 -0.9677 0.0306 0.2504 -0.9751 0.0375 0.2425 -0.9817 0.0452 0.2341 -0.9671 0.0319 0.2491 -0.9719 0.0392 0.2412 -0.98 0.0454 0.234 -0.9931 0.0498 0.2283 -0.9887 0.0376 0.2411
119.0 -1.0323 0.0225 0.2523 -0.9708 0.0082 0.273 -0.9399 0.0325 0.2512 -0.967 0.0313 0.2497 -0.9743 0.0382 0.2419 -0.9817 0.0452 0.2341 -0.9671 0.0319 0.2491 -0.9727 0.0391 0.2412 -0.9809 0.0453 0.234 -0.994 0.0502 0.2277 -0.9894 0.0378 0.2408
120.0 -1.0324 0.0231 0.2516 -0.9707 0.0076 0.2736 -0.9439 0.0301 0.2532 -0.9653 0.0315 0.2497 -0.9735 0.0384 0.2419 -0.9809 0.0453 0.234 -0.968 0.0324 0.2485 -0.9728 0.0397 0.2406 -0.9809 0.0453 0.234 -0.9931 0.0498 0.2283 -0.9894 0.038 0.2406
121.0 -1.0305 0.0221 0.2528 -0.971 0.0094 0.2717 -0.9442 0.0319 0.2513 -0.9677 0.0306 0.2504 -0.9767 0.0367 0.2432 -0.9833 0.0444 0.2347 -0.9654 0.0321 0.249 -0.9711 0.0399 0.2405 -0.9801 0.046 0.2334 -0.9923 0.0505 0.2276 -0.9879 0.0381 0.2407
122.0 -1.0313 0.022 0.2528 -0.97 0.0083 0.2729 -0.9493 0.0306 0.2522 -0.9671 0.0319 0.2491 -0.9736 0.0389 0.2412 -0.9817 0.0452 0.2341 -0.9679 0.0318 0.2491 -0.9727 0.0391 0.2412 -0.9809 0.0453 0.234 -0.9931 0.0498 0.2283 -0.9892 0.0376 0.2411
123.0 -1.0314 0.0226 0.2522 -0.9709 0.0088 0.2724 -0.951 0.0304 0.2522 -0.9671 0.0319 0.2491 -0.9736 0.0389 0.2412 -0.9817 0.0452 0.2341 -0.9679 0.0318 0.2491 -0.9727 0.0391 0.2412 -0.9808 0.0447 0.2346 -0.9931 0.0498 0.2283 -0.9892 0.0376 0.2411
124.0 -1.0314 0.0226 0.2522 -0.9701 0.0089 0.2723 -0.9459 0.0317 0.2514 -0.9671 0.0319 0.2491 -0.9769 0.0379 0.242 -0.9834 0.0449 0.2341 -0.9662 0.032 0.2491 -0.9719 0.0392 0.2412 -0.98 0.0454 0.234 -0.9924 0.0511 0.227 -0.9884 0.038 0.2407
125.0 -1.0335 0.0241 0.2504 -0.97 0.0083 0.2729 -0.9474 0.0303 0.2527 -0.9655 0.0327 0.2484 -0.9737 0.0395 0.2406 -0.9835 0.0455 0.2335 -0.9688 0.0317 0.2492 -0.9736 0.0389 0.2412 -0.9817 0.0452 0.2341 -0.994 0.0502 0.2277 -0.9903 0.038 0.2405
126.0 -1.035 0.0227 0.2517 -0.9707 0.0076 0.2736 -0.9413 0.0305 0.2531 -0.9653 0.0315 0.2497 -0.9743 0.0382 0.2419 -0.9834 0.0449 0.2341 -0.969 0.0328 0.2479 -0.9737 0.0395 0.2406 -0.981 0.0459 0.2334 -0.9932 0.0504 0.2276 -0.9904 0.0383 0.2403
127.0 -1.0334 0.0236 0.251 -0.9707 0.0076 0.2736 -0.9335 0.0309 0.2534 -0.9617 0.0314 0.2501 -0.9701 0.0388 0.2417 -0.9793 0.0461 0.2333 -0.968 0.0324 0.2485 -0.9737 0.0395 0.2406 -0.9817 0.0452 0.2341 -0.9939 0.0496 0.2283 -0.9902 0.0381 0.2405
128.0 -1.0332 0.023 0.2517 -0.9691 0.0084 0.2729 -0.9287 0.034 0.2507 -0.961 0.0321 0.2495 -0.9694 0.0401 0.2404 -0.9787 0.048 0.2314 -0.9689 0.0323 0.2485 -0.9753 0.0387 0.2413 -0.9834 0.0449 0.2341 -0.9957 0.0494 0.2284 -0.9913 0.0377 0.2408
129.0 -1.0349 0.0221 0.2524 -0.9672 0.0074 0.2741 -0.924 0.0371 0.2481 -0.9524 0.0333 0.2492 -0.9606 0.0401 0.2414 -0.9696 0.0511 0.2292 -0.9705 0.0314 0.2492 -0.9769 0.0379 0.242 -0.9858 0.0434 0.2355 -0.9973 0.0486 0.229 -0.9931 0.0367 0.2416
130.0 -1.0382 0.0211 0.2531 -0.9661 0.0064 0.2753 -0.9145 0.0433 0.2427 -0.9371 0.0365 0.2473 -0.9471 0.0431 0.2396 -0.9627 0.052 0.2289 -0.9694 0.0303 0.2504 -0.9759 0.0368 0.2432 -0.9847 0.0423 0.2367 -0.9978 0.0467 0.2309 -0.9932 0.0354 0.2429
131.0 -1.0383 0.0217 0.2525 -0.9651 0.0053 0.2765 -0.9144 0.0427 0.2433 -0.9167 0.0454 0.2403 -0.9371 0.0463 0.2373 -0.9568 0.0534 0.2281 -0.9705 0.0314 0.2492 -0.9752 0.0381 0.2419 -0.9841 0.0436 0.2354 -0.9971 0.0474 0.2303 -0.993 0.0364 0.2419
132.0 -1.0392 0.0215 0.2525 -0.9648 0.0041 0.2777 -0.9138 0.044 0.242 -0.9169 0.0466 0.239 -0.9333 0.0499 0.2341 -0.9574 0.057 0.2244 -0.9715 0.0319 0.2486 -0.9761 0.038 0.242 -0.985 0.0435 0.2354 -0.9978 0.0467 0.2309 -0.9939 0.0363 0.2419
133.0 -1.04 0.0214 0.2526 -0.9645 0.0023 0.2796 -0.913 0.0447 0.2414 -0.9154 0.048 0.2377 -0.9311 0.0526 0.2315 -0.9561 0.0596 0.2218 -0.9706 0.032 0.2486 -0.9761 0.038 0.242 -0.985 0.0435 0.2354 -0.9978 0.0467 0.2309 -0.9939 0.0363 0.2419
134.0 -1.0392 0.0215 0.2525 -0.9635 0.0012 0.2808 -0.913 0.0447 0.2414 -0.9132 0.0508 0.2351 -0.9274 0.0562 0.2282 -0.9549 0.0628 0.2187 -0.9723 0.0318 0.2487 -0.9769 0.0379 0.242 -0.9867 0.0433 0.2355 -0.9995 0.0464 0.231 -0.9949 0.0362 0.2419
135.0 -1.0416 0.0206 0.2532 -0.9651 0.0004 0.2815 -0.9136 0.0483 0.2377 -0.9129 0.0539 0.232 -0.9284 0.0573 0.227 -0.956 0.0639 0.2174 -0.9723 0.0318 0.2487 -0.9769 0.0379 0.242 -0.9866 0.0427 0.2361 -1.0004 0.0463 0.231 -0.9956 0.0359 0.2422
136.0 -1.0407 0.0201 0.2538 -0.9652 0.001 0.2809 -0.918 0.0483 0.2372 -0.9141 0.0561 0.2296 -0.9289 0.0602 0.2239 -0.9572 0.0656 0.2156 -0.9742 0.0322 0.2481 -0.9779 0.0384 0.2414 -0.9874 0.0426 0.2361 -1.0003 0.0457 0.2317 -0.9961 0.0358 0.2422
137.0 -1.0432 0.0198 0.2539 -0.9668 0.0002 0.2816 -0.9192 0.05 0.2354 -0.9136 0.058 0.2277 -0.9284 0.0622 0.222 -0.9573 0.0662 0.215 -0.9768 0.0324 0.2476 -0.9805 0.038 0.2415 -0.99 0.0422 0.2362 -1.002 0.0455 0.2317 -0.9985 0.0356 0.2422
138.0 -1.0441 0.0197 0.254 -0.9696 0.001 0.2804 -0.9196 0.0469 0.2385 -0.9145 0.0579 0.2277 -0.9304 0.0637 0.2202 -0.9599 0.0664 0.2145 -0.9776 0.0317 0.2483 -0.9813 0.0379 0.2415 -0.991 0.0427 0.2357 -1.0038 0.0459 0.2312 -0.9996 0.0356 0.2421
139.0 -1.0451 0.0201 0.2534 -0.973 0.0005 0.2806 -0.9236 0.0451 0.2399 -0.9172 0.0588 0.2266 -0.9323 0.0641 0.2196 -0.9619 0.0674 0.2133 -0.9809 0.0306 0.249 -0.9839 0.0376 0.2416 -0.9927 0.0425 0.2357 -1.0056 0.0456 0.2312 -1.0016 0.0353 0.2422
140.0 -1.0476 0.0198 0.2535 -0.9774 0.0006 0.2801 -0.9275 0.047 0.2376 -0.9208 0.0589 0.2261 -0.9358 0.0642 0.2192 -0.9654 0.0675 0.2128 -0.9825 0.0298 0.2497 -0.9864 0.0366 0.2424 -0.9944 0.0422 0.2358 -1.0074 0.046 0.2307 -1.0037 0.0349 0.2424
141.0 -1.0495 0.0202 0.2529 -0.9809 9.649e-05 0.2802 -0.9278 0.0488 0.2357 -0.9226 0.0593 0.2255 -0.9376 0.0646 0.2186 -0.9663 0.0674 0.2128 -0.9835 0.0303 0.2491 -0.9874 0.0377 0.2411 -0.9963 0.0432 0.2346 -1.0093 0.047 0.2295 -1.0052 0.0357 0.2415
142.0 -1.0522 0.0204 0.2524 -0.9836 0.0009 0.2791 -0.9328 0.0469 0.2372 -0.9269 0.0587 0.2257 -0.9411 0.0641 0.2187 -0.9697 0.067 0.213 -0.9887 0.0296 0.2493 -0.9917 0.0371 0.2413 -0.9998 0.0427 0.2348 -1.0128 0.0471 0.229 -1.009 0.0354 0.2414
143.0 -1.0547 0.0201 0.2525 -0.9871 0.0005 0.2792 -0.9336 0.0468 0.2372 -0.9278 0.0586 0.2257 -0.9429 0.0645 0.2182 -0.9714 0.0667 0.213 -0.9894 0.0289 0.25 -0.9926 0.037 0.2413 -1.0015 0.0425 0.2348 -1.0147 0.0475 0.2285 -1.0106 0.0352 0.2414
144.0 -1.0565 0.0198 0.2526 -0.9896 -0.0005 0.2799 -0.9372 0.0469 0.2367 -0.9311 0.0575 0.2265 -0.9445 0.0636 0.2189 -0.9731 0.0665 0.2131 -0.991 0.028 0.2507 -0.9942 0.0362 0.242 -1.0032 0.0423 0.2349 -1.0164 0.0472 0.2285 -1.0123 0.0347 0.2417
145.0 -1.066 0.0191 0.2523 -0.9991 -0.0011 0.2797 -0.9536 0.0404 0.2417 -0.9413 0.0555 0.2275 -0.9548 0.0623 0.2193 -0.9836 0.0657 0.2129 -1.0034 0.0282 0.2493 -1.0047 0.036 0.2412 -1.0128 0.0416 0.2346 -1.025 0.0461 0.2289 -1.0224 0.0342 0.2413
146.0 -1.0686 0.0188 0.2524 -1.0007 -0.002 0.2804 -0.9561 0.0395 0.2424 -0.9446 0.0545 0.2282 -0.9565 0.062 0.2193 -0.9872 0.0664 0.2118 -1.006 0.0279 0.2494 -1.0082 0.0355 0.2413 -1.0153 0.0413 0.2347 -1.0277 0.0463 0.2283 -1.0251 0.0339 0.2412
147.0 -1.0808 0.0184 0.2516 -1.0139 -0.0019 0.279 -0.9632 0.0397 0.2415 -0.9562 0.0553 0.2262 -0.9697 0.0621 0.218 -0.9998 0.0678 0.2091 -1.0188 0.0261 0.2499 -1.0204 0.0351 0.2406 -1.0278 0.042 0.2327 -1.0401 0.0471 0.2263 -1.0376 0.0337 0.2402
148.0 -1.0845 0.0191 0.2505 -1.0173 -0.003 0.2798 -0.9667 0.0399 0.241 -0.9629 0.0532 0.2277 -0.9732 0.0616 0.2181 -1.0024 0.068 0.2086 -1.0223 0.0257 0.25 -1.0239 0.0346 0.2407 -1.0312 0.0416 0.2329 -1.0428 0.0473 0.2258 -1.0409 0.0336 0.24
149.0 -1.0887 0.0179 0.2513 -1.0208 -0.0029 0.2793 -0.9688 0.0414 0.2392 -0.963 0.0538 0.2271 -0.9756 0.0607 0.2188 -1.0066 0.0669 0.2094 -1.0249 0.0253 0.2501 -1.0273 0.0341 0.2408 -1.0347 0.0411 0.233 -1.047 0.0461 0.2266 -1.0445 0.0329 0.2404
150.0 -1.0932 0.0185 0.2502 -1.0242 -0.0033 0.2794 -0.9705 0.0412 0.2392 -0.9663 0.0528 0.2278 -0.9791 0.0602 0.219 -1.0091 0.0659 0.2101 -1.0283 0.0248 0.2502 -1.0307 0.0337 0.241 -1.0372 0.0407 0.2331 -1.0497 0.0464 0.2261 -1.0478 0.0328 0.2401
151.0 -1.0964 0.0169 0.2516 -1.0285 -0.0039 0.2796 -0.9755 0.0399 0.2401 -0.9731 0.0512 0.2287 -0.9834 0.0596 0.2191 -1.0124 0.0649 0.2109 -1.0317 0.0244 0.2504 -1.0342 0.0332 0.2411 -1.0414 0.0396 0.2339 -1.0539 0.0452 0.2269 -1.0515 0.0318 0.2408
152.0 -1.0999 0.017 0.2511 -1.0319 -0.005 0.2803 -0.9785 0.0371 0.2427 -0.9747 0.0504 0.2294 -0.9876 0.0584 0.2199 -1.0158 0.0638 0.2116 -1.036 0.0238 0.2505 -1.0385 0.0326 0.2413 -1.0457 0.039 0.234 -1.0573 0.0447 0.227 -1.0555 0.0314 0.2408
153.0 -1.1042 0.0164 0.2513 -1.0362 -0.0055 0.2805 -0.987 0.0353 0.2436 -0.9836 0.051 0.2279 -0.9927 0.0577 0.2201 -1.0202 0.0638 0.2112 -1.0404 0.0238 0.2501 -1.0419 0.0322 0.2414 -1.0493 0.0391 0.2336 -1.0607 0.0443 0.2271 -1.0593 0.0312 0.2407
154.0 -1.1085 0.0158 0.2515 -1.0406 -0.0055 0.2801 -0.9906 0.0354 0.2431 -0.9862 0.0507 0.228 -0.9962 0.0573 0.2203 -1.0235 0.0627 0.2119 -1.0447 0.0232 0.2502 -1.0462 0.0316 0.2415 -1.0536 0.0385 0.2337 -1.0659 0.0436 0.2273 -1.0638 0.0306 0.2409
155.0 -1.1128 0.0153 0.2516 -1.0448 -0.0067 0.2808 -0.995 0.0355 0.2427 -0.9895 0.0496 0.2287 -0.9997 0.0574 0.2198 -1.0279 0.0628 0.2115 -1.0482 0.0228 0.2504 -1.0505 0.031 0.2417 -1.0579 0.038 0.2339 -1.0702 0.043 0.2275 -1.0679 0.03 0.241
156.0 -1.1164 0.0154 0.2511 -1.0483 -0.0066 0.2804 -0.9967 0.0352 0.2428 -0.9929 0.0486 0.2295 -1.0049 0.0567 0.22 -1.0322 0.0622 0.2117 -1.0516 0.0223 0.2505 -1.054 0.0311 0.2412 -1.0614 0.0381 0.2334 -1.0737 0.0431 0.227 -1.0714 0.03 0.2407
157.0 -1.1198 0.0149 0.2513 -1.0519 -0.0064 0.2799 -1.0001 0.0348 0.2429 -0.9952 0.047 0.2308 -1.0071 0.0546 0.2219 -1.0348 0.0618 0.2118 -1.0549 0.0212 0.2513 -1.0575 0.0307 0.2414 -1.0649 0.0376 0.2335 -1.0763 0.0428 0.2271 -1.0747 0.0295 0.2409
158.0 -1.1236 0.0163 0.2495 -1.0564 -0.0058 0.2788 -1.0017 0.0339 0.2436 -0.996 0.0463 0.2315 -1.0106 0.0541 0.2221 -1.0391 0.0613 0.2119 -1.0593 0.0213 0.2508 -1.0619 0.0307 0.2409 -1.0693 0.0376 0.2331 -1.0808 0.0434 0.226 -1.079 0.0299 0.2401
159.0 -1.1282 0.0175 0.2478 -1.0599 -0.0057 0.2783 -1.0052 0.0335 0.2437 -0.9994 0.0458 0.2316 -1.0139 0.0531 0.2228 -1.0408 0.061 0.212 -1.0636 0.0207 0.251 -1.0662 0.0301 0.2411 -1.0729 0.0384 0.232 -1.0837 0.0448 0.2243 -1.0829 0.0303 0.2392
160.0 -1.1316 0.017 0.248 -1.0642 -0.0063 0.2785 -1.0079 0.0337 0.2432 -1.0029 0.0454 0.2318 -1.0183 0.0531 0.2224 -1.0461 0.0609 0.2116 -1.0672 0.0208 0.2505 -1.0688 0.0298 0.2412 -1.0762 0.0373 0.2327 -1.0879 0.0437 0.2251 -1.0863 0.0297 0.2395
161.0 -1.1379 0.018 0.2464 -1.0677 -0.0061 0.278 -1.0123 0.0337 0.2427 -1.0073 0.0454 0.2313 -1.0209 0.0527 0.2225 -1.0505 0.0609 0.2111 -1.0706 0.0204 0.2506 -1.073 0.0292 0.2413 -1.0798 0.0374 0.2322 -1.0923 0.0437 0.2246 -1.0907 0.0297 0.239
162.0 -1.1414 0.0175 0.2465 -1.0738 -0.0069 0.2782 -1.0172 0.0318 0.2442 -1.0125 0.0453 0.2309 -1.027 0.0525 0.2221 -1.0557 0.0608 0.2107 -1.0759 0.0203 0.2502 -1.0776 0.0298 0.2403 -1.0842 0.0375 0.2318 -1.0957 0.0432 0.2247 -1.0949 0.0297 0.2387
163.0 -1.1459 0.0181 0.2454 -1.0766 -0.0055 0.2765 -1.0233 0.0316 0.2438 -1.0179 0.0458 0.2298 -1.0324 0.053 0.221 -1.06 0.0603 0.2109 -1.0804 0.0209 0.2491 -1.082 0.0298 0.2398 -1.0885 0.0369 0.2319 -1.1001 0.0432 0.2243 -1.0994 0.0298 0.2381
164.0 -1.1518 0.0167 0.2463 -1.0827 -0.0063 0.2767 -1.0286 0.0315 0.2434 -1.024 0.0456 0.2294 -1.0359 0.0531 0.2205 -1.0644 0.0603 0.2104 -1.0856 0.0208 0.2487 -1.0872 0.0297 0.2394 -1.0946 0.0367 0.2316 -1.1053 0.0425 0.2245 -1.1049 0.0293 0.2381
165.0 -1.1573 0.0178 0.2446 -1.0889 -0.0059 0.2757 -1.0356 0.0312 0.243 -1.0293 0.0455 0.229 -1.043 0.0534 0.2196 -1.0697 0.0602 0.21 -1.0918 0.0206 0.2483 -1.0925 0.0296 0.239 -1.0991 0.0373 0.2305 -1.1107 0.043 0.2234 -1.1103 0.0297 0.2372
166.0 -1.159 0.0176 0.2447 -1.0932 -0.0065 0.2758 -1.0391 0.0313 0.2425 -1.0326 0.0444 0.2298 -1.0463 0.0523 0.2203 -1.0749 0.0601 0.2096 -1.0969 0.0199 0.2485 -1.0977 0.0295 0.2386 -1.1051 0.0365 0.2307 -1.1158 0.0423 0.2236 -1.1149 0.0292 0.2372
167.0 -1.1661 0.0179 0.2437 -1.0984 -0.0066 0.2754 -1.0443 0.0306 0.2427 -1.0387 0.0442 0.2294 -1.0534 0.0526 0.2193 -1.081 0.0593 0.2098 -1.1014 0.0205 0.2474 -1.103 0.0294 0.2381 -1.1104 0.0364 0.2303 -1.1211 0.0422 0.2232 -1.1204 0.0293 0.2366
168.0 -1.1695 0.0174 0.2438 -1.1028 -0.0066 0.275 -1.0488 0.0312 0.2416 -1.0431 0.0442 0.2289 -1.0577 0.052 0.2195 -1.0862 0.0592 0.2094 -1.1067 0.0204 0.247 -1.1083 0.0293 0.2377 -1.1156 0.0363 0.2299 -1.1264 0.0427 0.2222 -1.1253 0.0292 0.2361
169.0 -1.1756 0.0172 0.2434 -1.109 -0.0068 0.2746 -1.0534 0.0325 0.24 -1.0494 0.0446 0.2279 -1.0647 0.0517 0.2192 -1.0923 0.059 0.209 -1.112 0.0203 0.2466 -1.1144 0.0291 0.2373 -1.1209 0.0362 0.2295 -1.1325 0.0419 0.2224 -1.1311 0.0289 0.2358
170.0 -1.1793 0.0179 0.2423 -1.1141 -0.0075 0.2748 -1.0593 0.031 0.2408 -1.0537 0.044 0.2281 -1.0691 0.0517 0.2187 -1.0958 0.0585 0.2091 -1.1172 0.0202 0.2462 -1.1188 0.0291 0.2369 -1.1254 0.0368 0.2284 -1.1371 0.0431 0.2207 -1.1355 0.0294 0.2349
171.0 -1.1846 0.0184 0.2413 -1.1185 -0.0075 0.2743 -1.0646 0.0309 0.2404 -1.0606 0.0437 0.2277 -1.0742 0.051 0.2189 -1.1029 0.0588 0.2081 -1.1224 0.0195 0.2464 -1.1239 0.0284 0.2371 -1.1314 0.036 0.2286 -1.1431 0.0423 0.2209 -1.1411 0.0289 0.2349
172.0 -1.1898 0.0177 0.2415 -1.1255 -0.0078 0.274 -1.0707 0.0307 0.24 -1.0669 0.0441 0.2267 -1.0804 0.0508 0.2185 -1.1081 0.0587 0.2077 -1.1276 0.0194 0.246 -1.1301 0.0282 0.2367 -1.1375 0.0358 0.2282 -1.1484 0.0422 0.2205 -1.1467 0.0287 0.2346
173.0 -1.1968 0.0174 0.2411 -1.1307 -0.0085 0.2742 -1.0764 0.0281 0.2421 -1.0717 0.0416 0.2288 -1.087 0.0487 0.22 -1.1139 0.0567 0.2092 -1.1338 0.0192 0.2456 -1.1362 0.028 0.2363 -1.1437 0.0355 0.2278 -1.1544 0.0414 0.2208 -1.1529 0.0283 0.2343
174.0 -1.2027 0.016 0.242 -1.1357 -0.0098 0.275 -1.0823 0.0267 0.2429 -1.0767 0.0397 0.2302 -1.093 0.0479 0.2203 -1.1208 0.0557 0.2095 -1.1398 0.0183 0.2458 -1.1422 0.0272 0.2365 -1.1497 0.0347 0.2281 -1.1613 0.0411 0.2204 -1.1591 0.0275 0.2346
175.0 -1.2074 0.0129 0.2447 -1.143 -0.0132 0.2778 -1.0914 0.0237 0.2452 -1.0906 0.0341 0.2345 -1.1043 0.0421 0.2251 -1.1319 0.0438 0.2205 -1.1487 0.0141 0.2493 -1.1511 0.0229 0.24 -1.1567 0.0295 0.2327 -1.1665 0.0355 0.2256 -1.1661 0.023 0.2385
176.0 -1.2139 0.0145 0.2424 -1.1491 -0.0135 0.2774 -1.0939 0.0227 0.2459 -1.0892 0.0362 0.2326 -1.1039 0.0446 0.2226 -1.1319 0.0536 0.2105 -1.1527 0.0166 0.2463 -1.1542 0.0256 0.237 -1.1616 0.0325 0.2292 -1.1731 0.0377 0.2227 -1.1711 0.0254 0.2355
177.0 -1.2253 0.0147 0.241 -1.1585 -0.0153 0.2784 -1.1065 0.0192 0.2483 -1.102 0.0338 0.2337 -1.1158 0.0423 0.2236 -1.1448 0.0519 0.211 -1.1637 0.0145 0.2474 -1.1653 0.0235 0.238 -1.1727 0.0304 0.2302 -1.1843 0.0368 0.2225 -1.1823 0.024 0.2358
178.0 -1.2296 0.0142 0.2412 -1.1662 -0.0164 0.2787 -1.1126 0.019 0.2479 -1.1106 0.0327 0.2341 -1.1236 0.0413 0.2239 -1.1499 0.0512 0.2112 -1.1696 0.0131 0.2482 -1.1713 0.0226 0.2383 -1.1789 0.0308 0.2292 -1.1897 0.0373 0.2215 -1.1878 0.0236 0.2357
179.0 -1.2461 0.0125 0.2412 -1.1862 -0.0178 0.2782 -1.1308 0.0171 0.2479 -1.1261 0.0306 0.2347 -1.1408 0.0396 0.224 -1.168 0.0487 0.2119 -1.187 0.012 0.2476 -1.1887 0.0215 0.2377 -1.1962 0.0291 0.2293 -1.207 0.0355 0.2216 -1.205 0.0221 0.2355
180.0 -1.2696 0.0112 0.2402 -1.212 -0.0213 0.2792 -1.1563 0.0124 0.2502 -1.1515 0.0253 0.2375 -1.1663 0.0343 0.2268 -1.1922 0.0467 0.2116 -1.2129 0.0091 0.248 -1.2137 0.0187 0.238 -1.2204 0.0264 0.2296 -1.2313 0.0335 0.2212 -1.2296 0.0198 0.2354
181.0 -1.2757 0.011 0.2398 -1.2181 -0.0215 0.2788 -1.164 0.0108 0.2511 -1.1593 0.0243 0.2378 -1.1723 0.0335 0.2271 -1.1964 0.0455 0.2124 -1.219 0.0089 0.2476 -1.2199 0.0185 0.2377 -1.2265 0.0262 0.2292 -1.2374 0.0333 0.2209 -1.2357 0.0196 0.235
182.0 -1.2819 0.0114 0.2388 -1.2258 -0.0226 0.2791 -1.169 0.0095 0.2519 -1.1654 0.0241 0.2374 -1.1783 0.0327 0.2273 -1.2043 0.0451 0.2121 -1.2251 0.0081 0.2479 -1.2259 0.0177 0.2379 -1.2326 0.026 0.2288 -1.2427 0.0332 0.2204 -1.2416 0.0193 0.2348
183.0 -1.2878 0.01 0.2397 -1.2312 -0.0221 0.2781 -1.1786 0.0088 0.2517 -1.174 0.0229 0.2378 -1.1863 0.0328 0.2264 -1.211 0.0435 0.213 -1.2329 0.0076 0.2475 -1.2337 0.0173 0.2376 -1.2395 0.025 0.2291 -1.2495 0.0322 0.2207 -1.2487 0.0184 0.2349
184.0 -1.2965 0.0094 0.2394 -1.2389 -0.0231 0.2784 -1.1863 0.0078 0.252 -1.1818 0.0224 0.2374 -1.1923 0.032 0.2266 -1.2172 0.0433 0.2126 -1.2399 0.0073 0.2472 -1.2406 0.0163 0.2378 -1.2464 0.0247 0.2287 -1.2573 0.0312 0.221 -1.2561 0.0178 0.2348
185.0 -1.3028 0.0098 0.2384 -1.2458 -0.0241 0.2786 -1.1921 0.0058 0.2534 -1.1869 0.0212 0.2383 -1.1991 0.0305 0.2275 -1.2242 0.0436 0.2116 -1.2467 0.0064 0.2474 -1.2476 0.016 0.2375 -1.2534 0.0244 0.2283 -1.2635 0.0316 0.22 -1.2628 0.0176 0.2343
186.0 -1.3096 0.0089 0.2386 -1.2527 -0.025 0.2789 -1.2 0.0059 0.2525 -1.1945 0.0195 0.2392 -1.2044 0.031 0.2264 -1.2311 0.0427 0.2119 -1.2528 0.0055 0.2477 -1.2527 0.0153 0.2377 -1.2586 0.0237 0.2285 -1.2696 0.0314 0.2196 -1.2687 0.017 0.2344
187.0 -1.3187 0.0101 0.2365 -1.2596 -0.0259 0.2792 -1.2051 0.0046 0.2533 -1.2004 0.0181 0.24 -1.2111 0.0289 0.228 -1.2355 0.0427 0.2114 -1.2589 0.0053 0.2473 -1.2597 0.015 0.2373 -1.2647 0.0235 0.2282 -1.2748 0.0307 0.2198 -1.2753 0.0169 0.2338
188.0 -1.3247 0.0093 0.2367 -1.2656 -0.0267 0.2794 -1.2111 0.0038 0.2536 -1.2073 0.0172 0.2403 -1.218 0.0279 0.2282 -1.2416 0.0425 0.211 -1.2658 0.0044 0.2476 -1.2657 0.0142 0.2376 -1.2707 0.0227 0.2284 -1.2809 0.0305 0.2194 -1.2815 0.0162 0.2339
189.0 -1.3314 0.0077 0.2376 -1.2741 -0.0285 0.2804 -1.2177 0.0011 0.2557 -1.2122 0.0153 0.2417 -1.2222 0.0268 0.229 -1.2476 0.0411 0.2119 -1.2718 0.0036 0.2478 -1.2718 0.014 0.2372 -1.2768 0.0224 0.228 -1.2869 0.0296 0.2197 -1.2878 0.0155 0.234
190.0 -1.3385 0.008 0.2366 -1.281 -0.0288 0.28 -1.2257 0.0019 0.2541 -1.2202 0.0154 0.2408 -1.2301 0.0269 0.2281 -1.2528 0.041 0.2115 -1.2795 0.0025 0.2481 -1.2795 0.0123 0.2381 -1.2836 0.0209 0.2289 -1.2938 0.0287 0.2199 -1.295 0.0145 0.2343
191.0 -1.3463 0.007 0.2369 -1.2872 -0.029 0.2796 -1.2341 -0.0005 0.2557 -1.227 0.0139 0.2417 -1.2362 0.0267 0.2277 -1.2587 0.0395 0.2123 -1.2855 0.0017 0.2483 -1.2855 0.0115 0.2383 -1.2905 0.02 0.2292 -1.2997 0.0273 0.2208 -1.3015 0.0135 0.2347
192.0 -1.3532 0.0066 0.2366 -1.294 -0.03 0.2799 -1.2402 -0.0007 0.2553 -1.2338 0.013 0.242 -1.2424 0.0265 0.2273 -1.2648 0.0393 0.2119 -1.2915 0.0009 0.2486 -1.2906 0.0108 0.2385 -1.2956 0.0193 0.2294 -1.3049 0.0272 0.2204 -1.3072 0.013 0.2347
193.0 -1.3576 0.0067 0.2361 -1.3017 -0.0316 0.2808 -1.2454 -0.0014 0.2555 -1.2398 0.0122 0.2422 -1.2484 0.0257 0.2275 -1.2708 0.0379 0.2128 -1.2977 0.0007 0.2482 -1.2959 0.0107 0.2381 -1.3009 0.0192 0.2289 -1.3101 0.0265 0.2206 -1.3124 0.0128 0.2344
194.0 -1.3638 0.0064 0.2357 -1.3079 -0.0312 0.2798 -1.2513 -0.0028 0.2564 -1.2449 0.0109 0.243 -1.2534 0.0244 0.2283 -1.2768 0.0371 0.213 -1.3028 3.528e-06 0.2484 -1.3019 0.0099 0.2383 -1.3061 0.0185 0.2291 -1.3144 0.0259 0.2207 -1.3178 0.0122 0.2345
195.0 -1.3662 0.0055 0.2365 -1.3137 -0.0332 0.2813 -1.2572 -0.0042 0.2572 -1.2509 0.0101 0.2432 -1.2586 0.0237 0.2285 -1.2801 0.0361 0.2138 -1.3079 -0.0013 0.2492 -1.3061 0.0087 0.2391 -1.3103 0.0173 0.2299 -1.3194 0.0246 0.2215 -1.322 0.011 0.2353
196.0 -1.3721 0.0041 0.2373 -1.3197 -0.034 0.2815 -1.2615 -0.0048 0.2574 -1.2545 0.0102 0.2428 -1.2627 0.0219 0.23 -1.2841 0.0337 0.2158 -1.3121 -0.0025 0.25 -1.3112 0.0074 0.24 -1.3153 0.016 0.2307 -1.3236 0.0235 0.2223 -1.3269 0.0097 0.2361
197.0 -1.3746 0.0031 0.238 -1.3248 -0.0353 0.2823 -1.2665 -0.0067 0.2588 -1.2593 0.0077 0.2448 -1.2687 0.0211 0.2302 -1.2891 0.0324 0.2166 -1.3171 -0.0038 0.2508 -1.3153 0.0063 0.2407 -1.3194 0.0143 0.2322 -1.3286 0.0216 0.2238 -1.331 0.0083 0.2371
198.0 -1.3798 0.0024 0.2382 -1.3299 -0.036 0.2825 -1.2706 -0.0079 0.2596 -1.2636 0.0071 0.245 -1.2734 0.018 0.2329 -1.2949 0.0304 0.2181 -1.3222 -0.0051 0.2516 -1.3204 0.005 0.2416 -1.3236 0.0131 0.2329 -1.3319 0.0205 0.2245 -1.3356 0.0072 0.2378
199.0 -1.3842 0.0025 0.2378 -1.3345 -0.0348 0.2808 -1.2748 -0.009 0.2604 -1.2679 0.0065 0.2451 -1.2761 0.0183 0.2323 -1.2982 0.0287 0.2195 -1.3265 -0.0056 0.2518 -1.3247 0.0044 0.2417 -1.3279 0.0125 0.2331 -1.3362 0.0199 0.2247 -1.3399 0.0067 0.2378
200.0 -1.3875 0.0014 0.2385 -1.3387 -0.036 0.2816 -1.2807 -0.0105 0.2613 -1.2728 0.0047 0.2466 -1.2813 0.0176 0.2325 -1.3015 0.0277 0.2202 -1.3316 -0.0063 0.252 -1.3289 0.0032 0.2425 -1.3322 0.0119 0.2333 -1.3396 0.0189 0.2254 -1.3439 0.0058 0.2383
201.0 -1.3918 0.0008 0.2387 -1.3422 -0.0365 0.2817 -1.2833 -0.0108 0.2614 -1.2753 0.0037 0.2473 -1.2837 0.0166 0.2333 -1.304 0.0267 0.2209 -1.3342 -0.0067 0.2521 -1.3324 0.0033 0.242 -1.3356 0.0115 0.2334 -1.344 0.0189 0.225 -1.3476 0.0056 0.2382
202.0 -1.3955 0.0015 0.2376 -1.3465 -0.037 0.2819 -1.2875 -0.012 0.2621 -1.2788 0.0033 0.2474 -1.2879 0.0155 0.2341 -1.3082 0.0255 0.2217 -1.3385 -0.0073 0.2523 -1.3359 0.0029 0.2422 -1.3391 0.011 0.2335 -1.3465 0.0185 0.2251 -1.3511 0.0053 0.2381
203.0 -1.3988 0.0005 0.2384 -1.3483 -0.0367 0.2814 -1.2885 -0.0115 0.2616 -1.2822 0.0028 0.2476 -1.2899 0.0164 0.2329 -1.311 0.0264 0.2206 -1.3412 -0.007 0.2517 -1.3384 0.0025 0.2423 -1.3415 0.01 0.2343 -1.3499 0.0175 0.2258 -1.354 0.0047 0.2385
204.0 -1.3989 0.0011 0.2377 -1.3518 -0.0365 0.2809 -1.2911 -0.0118 0.2617 -1.2829 0.0021 0.2482 -1.2914 0.015 0.2342 -1.3125 0.025 0.2219 -1.342 -0.0071 0.2518 -1.3393 0.0024 0.2423 -1.3425 0.0105 0.2337 -1.3499 0.0175 0.2258 -1.3545 0.0049 0.2383
205.0 -1.4005 0.0003 0.2384 -1.3527 -0.0367 0.2809 -1.2928 -0.0121 0.2617 -1.2847 0.0018 0.2483 -1.293 0.0142 0.2349 -1.3142 0.0247 0.222 -1.3438 -0.0074 0.2518 -1.341 0.0022 0.2424 -1.3442 0.0103 0.2337 -1.3524 0.0171 0.2259 -1.3564 0.0045 0.2385
206.0 -1.4023 0.0006 0.2379 -1.3538 -0.0356 0.2797 -1.2937 -0.0116 0.2611 -1.2856 0.0023 0.2477 -1.294 0.0152 0.2337 -1.316 0.0251 0.2214 -1.3446 -0.0075 0.2519 -1.342 0.0027 0.2418 -1.3451 0.0102 0.2338 -1.3534 0.0176 0.2254 -1.3575 0.0047 0.2381
207.0 -1.4025 0.0018 0.2366 -1.353 -0.0349 0.279 -1.2937 -0.0116 0.2611 -1.2866 0.0028 0.2471 -1.294 0.0152 0.2337 -1.3153 0.0258 0.2208 -1.3448 -0.0063 0.2506 -1.342 0.0027 0.2418 -1.3452 0.0108 0.2332 -1.3534 0.0176 0.2254 -1.3576 0.0053 0.2375
208.0 -1.4024 0.0012 0.2372 -1.3548 -0.0345 0.2785 -1.2955 -0.0118 0.2612 -1.2866 0.0028 0.2471 -1.2961 0.0168 0.2319 -1.317 0.0256 0.2208 -1.3465 -0.0065 0.2507 -1.3437 0.0024 0.2418 -1.3469 0.0105 0.2332 -1.3551 0.0174 0.2254 -1.3589 0.005 0.2377
209.0 -1.4073 0.0036 0.2343 -1.3588 -0.032 0.2755 -1.2993 -0.0099 0.2589 -1.2912 0.004 0.2454 -1.2997 0.0175 0.2308 -1.3206 0.0263 0.2197 -1.3511 -0.0053 0.249 -1.3483 0.0036 0.2401 -1.3515 0.0118 0.2315 -1.3589 0.0187 0.2237 -1.3634 0.0065 0.2357
210.0 -1.4074 0.0042 0.2337 -1.358 -0.0313 0.2749 -1.3011 -0.0095 0.2583 -1.293 0.0044 0.2449 -1.3014 0.0173 0.2308 -1.3216 0.0268 0.2191 -1.3513 -0.0047 0.2484 -1.3493 0.0041 0.2396 -1.3524 0.0116 0.2316 -1.3598 0.0192 0.2231 -1.364 0.0069 0.2353
211.0 -1.4074 0.0042 0.2337 -1.3599 -0.0309 0.2743 -1.3011 -0.0095 0.2583 -1.293 0.0044 0.2449 -1.3014 0.0173 0.2308 -1.3224 0.0267 0.2192 -1.3521 -0.0048 0.2484 -1.3501 0.004 0.2396 -1.3524 0.0116 0.2316 -1.3607 0.0191 0.2231 -1.3645 0.0068 0.2353
212.0 -1.4075 0.0048 0.2331 -1.3607 -0.031 0.2743 -1.303 -0.0092 0.2577 -1.294 0.0049 0.2443 -1.3032 0.0171 0.2309 -1.3234 0.0272 0.2186 -1.353 -0.0049 0.2484 -1.3501 0.004 0.2396 -1.3533 0.0121 0.231 -1.3607 0.0191 0.2231 -1.3649 0.007 0.235
213.0 -1.4075 0.0048 0.2331 -1.3618 -0.0299 0.2731 -1.3038 -0.0093 0.2578 -1.295 0.0053 0.2437 -1.3041 0.0175 0.2303 -1.3243 0.027 0.2186 -1.353 -0.0049 0.2484 -1.351 0.0039 0.2396 -1.3542 0.012 0.231 -1.3608 0.0197 0.2225 -1.3653 0.0071 0.2349
214.0 -1.4093 0.0052 0.2325 -1.3625 -0.0307 0.2738 -1.3037 -0.0099 0.2584 -1.2956 0.004 0.245 -1.304 0.0169 0.2309 -1.3233 0.0266 0.2192 -1.3548 -0.0046 0.2479 -1.3519 0.0038 0.2397 -1.3541 0.0114 0.2316 -1.3615 0.0184 0.2238 -1.3663 0.0068 0.2351
215.0 -1.4092 0.0046 0.2331 -1.3634 -0.0308 0.2738 -1.3046 -0.01 0.2584 -1.2956 0.004 0.245 -1.3039 0.0163 0.2316 -1.3241 0.0258 0.2198 -1.3547 -0.0052 0.2485 -1.3519 0.0038 0.2397 -1.355 0.0119 0.231 -1.3624 0.0188 0.2232 -1.3666 0.0068 0.2351
216.0 -1.4109 0.0043 0.2332 -1.3634 -0.0308 0.2738 -1.3046 -0.01 0.2584 -1.2955 0.0034 0.2456 -1.3048 0.0162 0.2316 -1.3232 0.026 0.2198 -1.3556 -0.0053 0.2485 -1.3527 0.0037 0.2397 -1.3558 0.0112 0.2317 -1.3633 0.0187 0.2232 -1.3676 0.0065 0.2353
217.0 -1.41 0.0045 0.2332 -1.3625 -0.0307 0.2738 -1.3046 -0.01 0.2584 -1.2955 0.0034 0.2456 -1.3039 0.0163 0.2316 -1.3241 0.0258 0.2198 -1.3547 -0.0052 0.2485 -1.3519 0.0038 0.2397 -1.3549 0.0113 0.2317 -1.3624 0.0188 0.2232 -1.3668 0.0066 0.2352
218.0 -1.4109 0.0043 0.2332 -1.3633 -0.0314 0.2744 -1.3053 -0.0107 0.2591 -1.2963 0.0027 0.2462 -1.3038 0.0157 0.2322 -1.3241 0.0258 0.2198 -1.3556 -0.0053 0.2485 -1.3527 0.0037 0.2397 -1.3549 0.0113 0.2317 -1.3623 0.0182 0.2238 -1.3673 0.0064 0.2354
219.0 -1.4118 0.0042 0.2332 -1.3633 -0.0314 0.2744 -1.3053 -0.0107 0.2591 -1.2952 0.0016 0.2475 -1.3036 0.0146 0.2334 -1.3239 0.0247 0.2211 -1.3554 -0.0059 0.2492 -1.3526 0.0031 0.2403 -1.3558 0.0112 0.2317 -1.3623 0.0182 0.2238 -1.3676 0.0062 0.2356
220.0 -1.4126 0.0041 0.2333 -1.3633 -0.0314 0.2744 -1.3052 -0.0113 0.2597 -1.2951 0.001 0.2481 -1.3036 0.0146 0.2334 -1.3239 0.0247 0.2211 -1.3563 -0.006 0.2492 -1.3526 0.0031 0.2403 -1.3557 0.0106 0.2323 -1.3622 0.0176 0.2244 -1.3679 0.0059 0.2359
221.0 -1.4118 0.0042 0.2332 -1.3632 -0.032 0.2751 -1.3052 -0.0113 0.2597 -1.2951 0.001 0.2481 -1.3036 0.0146 0.2334 -1.3239 0.0247 0.2211 -1.3563 -0.006 0.2492 -1.3526 0.0031 0.2403 -1.3557 0.0106 0.2323 -1.3622 0.0176 0.2244 -1.3677 0.0059 0.2359
222.0 -1.4126 0.0041 0.2333 -1.3632 -0.032 0.2751 -1.3061 -0.0114 0.2597 -1.2959 0.0009 0.2481 -1.3035 0.014 0.234 -1.3239 0.0247 0.2211 -1.3562 -0.0066 0.2498 -1.3534 0.0023 0.241 -1.3557 0.0106 0.2323 -1.3622 0.0176 0.2244 -1.368 0.0056 0.2362
223.0 -1.4143 0.0039 0.2333 -1.3633 -0.0314 0.2744 -1.3052 -0.0113 0.2597 -1.2958 0.0003 0.2487 -1.3044 0.0138 0.2341 -1.3239 0.0247 0.2211 -1.3562 -0.0066 0.2498 -1.3534 0.0023 0.241 -1.3557 0.0106 0.2323 -1.3622 0.0176 0.2244 -1.3684 0.0056 0.2362
224.0 -1.4134 0.0034 0.2339 -1.3642 -0.0315 0.2745 -1.306 -0.012 0.2604 -1.2958 0.0003 0.2487 -1.3052 0.0137 0.2341 -1.3246 0.0239 0.2217 -1.3561 -0.0072 0.2504 -1.3533 0.0017 0.2416 -1.3564 0.0099 0.233 -1.3638 0.0168 0.2251 -1.3686 0.0049 0.2368
225.0 -1.4117 0.0036 0.2339 -1.3648 -0.0328 0.2758 -1.3068 -0.0121 0.2604 -1.2968 0.0008 0.2481 -1.3061 0.0136 0.2341 -1.3248 0.0251 0.2205 -1.3562 -0.0066 0.2498 -1.3533 0.0017 0.2416 -1.3556 0.01 0.2329 -1.3622 0.0176 0.2244 -1.3678 0.0053 0.2365
226.0 -1.4125 0.0035 0.2339 -1.3649 -0.0322 0.2751 -1.3067 -0.0127 0.261 -1.2977 0.0007 0.2482 -1.3061 0.0136 0.2341 -1.3248 0.0251 0.2205 -1.357 -0.0073 0.2505 -1.3541 0.0016 0.2416 -1.3563 0.0093 0.2336 -1.363 0.0169 0.2251 -1.3686 0.0048 0.2369
227.0 -1.4124 0.0029 0.2345 -1.3649 -0.0322 0.2751 -1.3068 -0.0121 0.2604 -1.2978 0.0013 0.2476 -1.3068 0.0129 0.2348 -1.3246 0.0239 0.2217 -1.357 -0.0073 0.2505 -1.3533 0.0017 0.2416 -1.3555 0.0094 0.2336 -1.3621 0.017 0.2251 -1.368 0.0048 0.237
228.0 -1.4125 0.0035 0.2339 -1.3648 -0.0328 0.2758 -1.3067 -0.0127 0.261 -1.2977 0.0007 0.2482 -1.3068 0.0129 0.2348 -1.3247 0.0245 0.2211 -1.3569 -0.0079 0.2511 -1.354 0.001 0.2422 -1.3555 0.0094 0.2336 -1.3621 0.017 0.2251 -1.3682 0.0046 0.2372
229.0 -1.4124 0.0029 0.2345 -1.3639 -0.0327 0.2757 -1.306 -0.012 0.2604 -1.2978 0.0013 0.2476 -1.3061 0.0136 0.2341 -1.3247 0.0245 0.2211 -1.3561 -0.0072 0.2504 -1.3533 0.0017 0.2416 -1.3555 0.0094 0.2336 -1.3621 0.017 0.2251 -1.3679 0.0048 0.237
230.0 -1.4124 0.0029 0.2345 -1.3639 -0.0327 0.2757 -1.3067 -0.0127 0.261 -1.2977 0.0007 0.2482 -1.306 0.013 0.2348 -1.3246 0.0239 0.2217 -1.3569 -0.0079 0.2511 -1.354 0.001 0.2422 -1.3555 0.0094 0.2336 -1.363 0.0169 0.2251 -1.3683 0.0045 0.2373
231.0 -1.4124 0.0029 0.2345 -1.3639 -0.0327 0.2757 -1.3059 -0.0126 0.261 -1.2969 0.0014 0.2475 -1.3061 0.0136 0.2341 -1.3247 0.0245 0.2211 -1.357 -0.0073 0.2505 -1.3533 0.0017 0.2416 -1.3563 0.0093 0.2336 -1.363 0.0169 0.2251 -1.3684 0.0047 0.237
232.0 -1.4124 0.0029 0.2345 -1.3633 -0.0314 0.2744 -1.3051 -0.0119 0.2603 -1.2961 0.0021 0.2469 -1.3051 0.0131 0.2347 -1.3239 0.0247 0.2211 -1.3561 -0.0072 0.2504 -1.3533 0.0017 0.2416 -1.3555 0.0094 0.2336 -1.3621 0.017 0.2251 -1.3679 0.0048 0.237
233.0 -1.4134 0.0034 0.2339 -1.3625 -0.0307 0.2738 -1.306 -0.012 0.2604 -1.296 0.0015 0.2475 -1.3053 0.0143 0.2335 -1.3248 0.0251 0.2205 -1.3562 -0.0066 0.2498 -1.3534 0.0023 0.241 -1.3556 0.01 0.2329 -1.3621 0.017 0.2251 -1.3681 0.0052 0.2365
234.0 -1.4117 0.0036 0.2339 -1.3634 -0.0308 0.2738 -1.3053 -0.0107 0.2591 -1.2963 0.0027 0.2462 -1.3054 0.0149 0.2329 -1.3249 0.0257 0.2199 -1.3562 -0.0066 0.2498 -1.3525 0.0025 0.2409 -1.3547 0.0101 0.2329 -1.3622 0.0176 0.2244 -1.3675 0.0054 0.2364
235.0 -1.4109 0.0043 0.2332 -1.3618 -0.0299 0.2731 -1.3054 -0.0101 0.2585 -1.2953 0.0022 0.2468 -1.3038 0.0157 0.2322 -1.3241 0.0258 0.2198 -1.3554 -0.0059 0.2492 -1.3526 0.0031 0.2403 -1.3549 0.0113 0.2317 -1.3623 0.0182 0.2238 -1.3672 0.0062 0.2356
236.0 -1.4092 0.0046 0.2331 -1.3618 -0.0299 0.2731 -1.3053 -0.0107 0.2591 -1.2965 0.0039 0.245 -1.3048 0.0162 0.2316 -1.3241 0.0258 0.2198 -1.3556 -0.0053 0.2485 -1.3527 0.0037 0.2397 -1.3549 0.0113 0.2317 -1.3624 0.0188 0.2232 -1.367 0.0066 0.2352
237.0 -1.4083 0.0047 0.2331 -1.3611 -0.0286 0.2719 -1.3046 -0.01 0.2584 -1.2965 0.0039 0.245 -1.3039 0.0163 0.2316 -1.325 0.0263 0.2193 -1.3546 -0.0058 0.2491 -1.3518 0.0032 0.2403 -1.3541 0.0114 0.2316 -1.3616 0.0189 0.2232 -1.3661 0.0065 0.2355
