1.0 -1.2045 0.0261 0.2314 -1.1308 0.0226 0.2423 -1.0746 0.0332 0.237 -1.0766 0.0495 0.2202 -1.0902 0.0568 0.2114 -1.1117 0.0588 0.2072 -1.1373 0.0144 0.2501 -1.1382 0.0247 0.2395 -1.1433 0.0337 0.2297 -1.1536 0.0421 0.2201 -1.1554 0.0282 0.2342
2.0 -1.2036 0.0262 0.2314 -1.1325 0.0218 0.243 -1.0738 0.0334 0.237 -1.0757 0.0496 0.2202 -1.0893 0.0569 0.2114 -1.1109 0.0595 0.2066 -1.1382 0.0143 0.2501 -1.1382 0.0247 0.2395 -1.1425 0.0339 0.2297 -1.1511 0.0431 0.2194 -1.1547 0.0284 0.234
3.0 -1.2027 0.0263 0.2314 -1.132 0.0243 0.2405 -1.0722 0.0342 0.2363 -1.0751 0.0509 0.2189 -1.0869 0.0579 0.2107 -1.1102 0.0602 0.2059 -1.1366 0.0151 0.2494 -1.1374 0.0248 0.2395 -1.1425 0.0339 0.2297 -1.1519 0.0424 0.22 -1.1542 0.0285 0.234
4.0 -1.2025 0.0251 0.2326 -1.1302 0.0239 0.2411 -1.0704 0.0344 0.2362 -1.0743 0.0516 0.2183 -1.0877 0.0577 0.2107 -1.1093 0.0603 0.2059 -1.1358 0.0158 0.2488 -1.1366 0.0255 0.2388 -1.1426 0.0345 0.229 -1.1519 0.0424 0.22 -1.1539 0.0287 0.2339
5.0 -1.2018 0.0259 0.232 -1.131 0.0238 0.2411 -1.0703 0.0338 0.2369 -1.0735 0.0517 0.2183 -1.087 0.0585 0.21 -1.1084 0.0604 0.2059 -1.1349 0.0159 0.2487 -1.1359 0.0262 0.2382 -1.1418 0.0352 0.2284 -1.1512 0.0437 0.2188 -1.1531 0.0294 0.2332
6.0 -1.2027 0.0263 0.2314 -1.1326 0.0224 0.2424 -1.0703 0.0338 0.2369 -1.0726 0.0518 0.2182 -1.0869 0.0579 0.2107 -1.1076 0.0606 0.2058 -1.1332 0.0162 0.2487 -1.1341 0.0264 0.2381 -1.1393 0.0355 0.2283 -1.1487 0.044 0.2187 -1.1516 0.0297 0.233
7.0 -1.1942 0.0275 0.231 -1.122 0.0275 0.2382 -1.0613 0.0375 0.234 -1.0649 0.0529 0.2179 -1.0773 0.0585 0.2109 -1.0999 0.0622 0.2049 -1.1249 0.0191 0.2465 -1.1259 0.0294 0.2359 -1.1317 0.0378 0.2268 -1.141 0.0457 0.2177 -1.1435 0.0319 0.2316
8.0 -1.1943 0.0281 0.2304 -1.121 0.027 0.2388 -1.0604 0.0376 0.234 -1.0632 0.0531 0.2179 -1.0755 0.0582 0.2115 -1.0983 0.063 0.2042 -1.1241 0.0192 0.2464 -1.125 0.0295 0.2359 -1.1309 0.0379 0.2267 -1.1411 0.0463 0.2171 -1.1431 0.0322 0.2313
9.0 -1.1943 0.0281 0.2304 -1.1193 0.0272 0.2388 -1.0588 0.0384 0.2333 -1.0616 0.0539 0.2172 -1.0731 0.0597 0.2101 -1.0976 0.0637 0.2036 -1.1232 0.0194 0.2464 -1.1241 0.0296 0.2358 -1.13 0.038 0.2267 -1.1394 0.0465 0.2171 -1.1422 0.0323 0.2313
10.0 -1.1926 0.0289 0.2297 -1.1177 0.028 0.2381 -1.0582 0.0397 0.232 -1.0591 0.0549 0.2164 -1.0725 0.061 0.2088 -1.0961 0.0652 0.2023 -1.1225 0.0201 0.2458 -1.1234 0.0303 0.2352 -1.1284 0.0388 0.226 -1.1378 0.0473 0.2164 -1.1409 0.0331 0.2306
11.0 -1.1917 0.0284 0.2303 -1.1171 0.0294 0.2368 -1.0566 0.0406 0.2313 -1.0594 0.0567 0.2146 -1.0727 0.0622 0.2076 -1.0953 0.0659 0.2016 -1.1215 0.0196 0.2463 -1.1225 0.0304 0.2351 -1.1285 0.0394 0.2254 -1.1378 0.0473 0.2164 -1.1404 0.033 0.2307
12.0 -1.1927 0.0295 0.2291 -1.1177 0.028 0.2381 -1.0573 0.0399 0.232 -1.0577 0.0569 0.2145 -1.0695 0.0639 0.2062 -1.0955 0.0671 0.2004 -1.1216 0.0202 0.2457 -1.1226 0.031 0.2345 -1.1277 0.0401 0.2247 -1.1379 0.0479 0.2158 -1.1405 0.0338 0.23
13.0 -1.1935 0.0288 0.2298 -1.1175 0.0269 0.2393 -1.0575 0.0411 0.2307 -1.0578 0.0575 0.2139 -1.0721 0.0641 0.2057 -1.0954 0.0665 0.201 -1.1208 0.0203 0.2457 -1.1218 0.0312 0.2345 -1.1277 0.0401 0.2247 -1.138 0.0485 0.2151 -1.1404 0.0338 0.23
14.0 -1.1909 0.0292 0.2297 -1.1145 0.0297 0.2367 -1.0568 0.0418 0.2301 -1.0587 0.058 0.2133 -1.0713 0.0642 0.2057 -1.0947 0.0672 0.2003 -1.1217 0.0208 0.2451 -1.1226 0.031 0.2345 -1.1286 0.04 0.2248 -1.1388 0.0478 0.2158 -1.1405 0.0338 0.23
15.0 -1.1901 0.0293 0.2296 -1.116 0.0283 0.238 -1.0568 0.0418 0.2301 -1.0579 0.0581 0.2133 -1.0713 0.0642 0.2057 -1.0956 0.0677 0.1997 -1.1207 0.0197 0.2463 -1.1225 0.0304 0.2351 -1.1277 0.0401 0.2247 -1.1363 0.0487 0.2151 -1.1395 0.0337 0.2302
16.0 -1.1902 0.0299 0.229 -1.1138 0.031 0.2354 -1.0567 0.0412 0.2307 -1.0579 0.0581 0.2133 -1.0705 0.065 0.205 -1.0947 0.0672 0.2003 -1.1199 0.0204 0.2457 -1.1218 0.0312 0.2345 -1.1269 0.0402 0.2247 -1.1363 0.0487 0.2151 -1.139 0.0341 0.2298
17.0 -1.1909 0.0292 0.2297 -1.1122 0.0318 0.2347 -1.0557 0.0407 0.2313 -1.0579 0.0581 0.2133 -1.0721 0.0641 0.2057 -1.0945 0.066 0.2016 -1.1191 0.0211 0.245 -1.1209 0.0313 0.2345 -1.1277 0.0401 0.2247 -1.1371 0.048 0.2157 -1.1392 0.0339 0.2299
18.0 -1.1911 0.0303 0.2284 -1.1146 0.0303 0.2361 -1.0557 0.0407 0.2313 -1.0578 0.0575 0.2139 -1.0712 0.0636 0.2063 -1.0936 0.0661 0.2015 -1.12 0.021 0.245 -1.1218 0.0312 0.2345 -1.1277 0.0401 0.2247 -1.1371 0.048 0.2157 -1.1395 0.0341 0.2297
19.0 -1.1937 0.03 0.2285 -1.1142 0.0279 0.2386 -1.0556 0.0401 0.2319 -1.0569 0.0576 0.2139 -1.0713 0.0642 0.2057 -1.0927 0.0662 0.2015 -1.1209 0.0209 0.2451 -1.1218 0.0312 0.2345 -1.1269 0.0402 0.2247 -1.1372 0.0486 0.2151 -1.1401 0.0342 0.2296
20.0 -1.192 0.0302 0.2285 -1.1143 0.0285 0.2379 -1.0549 0.0408 0.2313 -1.0578 0.0575 0.2139 -1.0704 0.0644 0.2056 -1.0926 0.0656 0.2021 -1.1191 0.0211 0.245 -1.121 0.0319 0.2338 -1.127 0.0408 0.2241 -1.1363 0.0487 0.2151 -1.1391 0.0346 0.2293
21.0 -1.1901 0.0293 0.2296 -1.112 0.0306 0.236 -1.054 0.0409 0.2312 -1.0569 0.0576 0.2139 -1.0686 0.064 0.2062 -1.0917 0.0652 0.2027 -1.1183 0.0212 0.245 -1.1209 0.0313 0.2345 -1.1276 0.0395 0.2253 -1.1379 0.0479 0.2158 -1.139 0.0338 0.23
22.0 -1.1892 0.0294 0.2296 -1.1119 0.03 0.2366 -1.0531 0.041 0.2312 -1.056 0.0571 0.2144 -1.0685 0.0634 0.2068 -1.0917 0.0652 0.2027 -1.1182 0.0207 0.2456 -1.1201 0.0314 0.2344 -1.126 0.0404 0.2247 -1.1363 0.0487 0.2151 -1.138 0.0341 0.2299
23.0 -1.1882 0.0289 0.2302 -1.1109 0.0296 0.2372 -1.054 0.0409 0.2312 -1.0561 0.0577 0.2138 -1.0685 0.0634 0.2068 -1.0919 0.0663 0.2015 -1.1189 0.0199 0.2462 -1.1217 0.0306 0.2351 -1.1275 0.0389 0.226 -1.1369 0.0474 0.2163 -1.1387 0.0332 0.2308
24.0 -1.1891 0.0288 0.2302 -1.1108 0.029 0.2378 -1.0538 0.0397 0.2325 -1.0559 0.0566 0.2151 -1.0692 0.0627 0.2075 -1.0917 0.0652 0.2027 -1.1189 0.0199 0.2462 -1.1208 0.0307 0.2351 -1.1267 0.039 0.2259 -1.1369 0.0474 0.2163 -1.1385 0.0332 0.2308
25.0 -1.1892 0.0294 0.2296 -1.1125 0.0281 0.2385 -1.0537 0.0391 0.2331 -1.0567 0.0564 0.2151 -1.0691 0.0621 0.2081 -1.0916 0.0646 0.2033 -1.1188 0.0193 0.2469 -1.1207 0.0301 0.2357 -1.1267 0.039 0.2259 -1.1369 0.0474 0.2163 -1.1385 0.0331 0.2309
26.0 -1.19 0.0287 0.2303 -1.1101 0.0297 0.2372 -1.0527 0.0387 0.2337 -1.0548 0.0555 0.2163 -1.0683 0.0622 0.2081 -1.0898 0.0648 0.2033 -1.1181 0.0201 0.2462 -1.1199 0.0302 0.2357 -1.1257 0.0386 0.2265 -1.1359 0.0464 0.2175 -1.1379 0.0328 0.2312
27.0 -1.1865 0.0291 0.2301 -1.1065 0.0296 0.2376 -1.0526 0.0381 0.2343 -1.0536 0.0538 0.2181 -1.0654 0.0608 0.2098 -1.0889 0.0643 0.2039 -1.1164 0.0203 0.2461 -1.1181 0.0304 0.2356 -1.1239 0.0382 0.2271 -1.135 0.0465 0.2175 -1.136 0.0329 0.2313
28.0 -1.1839 0.0295 0.23 -1.1048 0.0298 0.2376 -1.0499 0.0378 0.2348 -1.051 0.0541 0.218 -1.0628 0.0611 0.2097 -1.0878 0.0632 0.2051 -1.1146 0.0205 0.2461 -1.1163 0.0301 0.2361 -1.1221 0.0378 0.2276 -1.1331 0.0455 0.2187 -1.134 0.0327 0.2317
29.0 -1.1805 0.03 0.2299 -1.103 0.0294 0.2381 -1.0463 0.0371 0.2359 -1.0473 0.0528 0.2197 -1.0601 0.0609 0.2102 -1.0851 0.063 0.2056 -1.1117 0.0191 0.2478 -1.1126 0.0287 0.2379 -1.1184 0.0371 0.2287 -1.1286 0.0449 0.2198 -1.1304 0.032 0.2328
30.0 -1.1787 0.0296 0.2304 -1.1002 0.0286 0.2393 -1.0434 0.0356 0.2377 -1.0455 0.0525 0.2203 -1.0583 0.0605 0.2108 -1.0821 0.0609 0.208 -1.109 0.0182 0.249 -1.1106 0.0278 0.2391 -1.1166 0.0367 0.2293 -1.1269 0.0451 0.2197 -1.1283 0.0315 0.2335
31.0 -1.1681 0.0292 0.2319 -1.0937 0.0313 0.2371 -1.0418 0.0365 0.237 -1.0435 0.0515 0.2215 -1.0547 0.0598 0.2119 -1.0786 0.0608 0.2085 -1.1055 0.0187 0.2488 -1.1069 0.0265 0.2408 -1.1135 0.0341 0.2323 -1.1238 0.0425 0.2227 -1.1235 0.0302 0.2353
32.0 -1.165 0.032 0.2293 -1.0934 0.0301 0.2384 -1.0391 0.0362 0.2375 -1.0407 0.0507 0.2226 -1.0507 0.0572 0.2149 -1.0759 0.0606 0.209 -1.1039 0.0195 0.2482 -1.1045 0.028 0.2394 -1.1111 0.0357 0.231 -1.1213 0.0434 0.222 -1.1212 0.0317 0.234
33.0 -1.1663 0.0294 0.2318 -1.0922 0.0278 0.2408 -1.0352 0.0343 0.2399 -1.0352 0.049 0.2249 -1.0442 0.0551 0.2177 -1.0714 0.0599 0.2101 -1.1008 0.0169 0.2512 -1.1016 0.0266 0.2412 -1.1066 0.035 0.232 -1.116 0.0435 0.2224 -1.1183 0.0303 0.2357
34.0 -1.1418 0.0297 0.234 -1.0689 0.0304 0.2406 -1.0112 0.0326 0.2439 -1.012 0.0472 0.229 -1.0231 0.0555 0.2194 -1.0495 0.0605 0.2117 -1.0779 0.0169 0.2534 -1.078 0.0273 0.2428 -1.0831 0.0364 0.233 -1.0925 0.0449 0.2234 -1.0947 0.031 0.2373
35.0 -1.1395 0.0318 0.2321 -1.0684 0.028 0.243 -1.0064 0.0302 0.2469 -1.0064 0.0455 0.2313 -1.0158 0.054 0.2216 -1.0431 0.0589 0.214 -1.0734 0.0163 0.2545 -1.0734 0.0261 0.2445 -1.0785 0.0352 0.2347 -1.0879 0.0437 0.2251 -1.0905 0.0306 0.2381
36.0 -1.1356 0.0299 0.2344 -1.0614 0.0277 0.244 -1.001 0.0297 0.2479 -0.9989 0.0429 0.2347 -1.0105 0.0535 0.2227 -1.0357 0.0568 0.2168 -1.0672 0.0159 0.2555 -1.0679 0.025 0.2461 -1.0738 0.0334 0.237 -1.084 0.0418 0.2274 -1.0857 0.0292 0.2401
37.0 -1.1279 0.0309 0.2341 -1.0506 0.0316 0.2411 -0.995 0.0306 0.2477 -0.9928 0.0431 0.2351 -1.0048 0.0512 0.2256 -1.0286 0.0566 0.2178 -1.061 0.0155 0.2565 -1.0607 0.0241 0.2477 -1.0667 0.0331 0.238 -1.0752 0.0417 0.2283 -1.0783 0.0291 0.2409
38.0 -1.1226 0.031 0.2345 -1.0517 0.0278 0.2449 -0.9879 0.0303 0.2487 -0.985 0.0435 0.2354 -0.996 0.0512 0.2265 -1.0222 0.055 0.22 -1.0538 0.0147 0.2581 -1.0536 0.0239 0.2487 -1.0578 0.0325 0.2395 -1.0672 0.041 0.2299 -1.071 0.0286 0.2421
39.0 -1.1147 0.0309 0.2355 -1.044 0.0288 0.2446 -0.9815 0.0287 0.2509 -0.9797 0.0436 0.2359 -0.9907 0.0513 0.2269 -1.0172 0.0569 0.2186 -1.0483 0.0136 0.2597 -1.0466 0.0236 0.2497 -1.0509 0.0334 0.2392 -1.0604 0.0425 0.229 -1.0642 0.0288 0.2426
40.0 -1.1039 0.0293 0.2382 -1.0379 0.0297 0.2444 -0.9761 0.0282 0.2519 -0.9719 0.0441 0.2362 -0.9847 0.0521 0.2267 -1.0111 0.0571 0.219 -1.0395 0.0136 0.2607 -1.038 0.0248 0.2493 -1.0414 0.0341 0.2395 -1.0509 0.0432 0.2292 -1.0547 0.029 0.2434
41.0 -1.1013 0.0297 0.2381 -1.0334 0.029 0.2454 -0.9715 0.027 0.2536 -0.9692 0.0438 0.2367 -0.9811 0.0514 0.2278 -1.0074 0.0564 0.2201 -1.0366 0.0121 0.2624 -1.0359 0.0232 0.2511 -1.0394 0.0331 0.2407 -1.0489 0.0422 0.2304 -1.0524 0.0281 0.2445
42.0 -1.1004 0.0298 0.238 -1.0306 0.0282 0.2466 -0.9681 0.0275 0.2535 -0.9637 0.0427 0.2384 -0.9728 0.0494 0.2306 -1.0005 0.0567 0.2204 -1.0358 0.0122 0.2624 -1.0341 0.0228 0.2517 -1.0376 0.0327 0.2412 -1.0464 0.0426 0.2303 -1.0509 0.028 0.2447
43.0 -1.0971 0.0308 0.2373 -1.0255 0.0289 0.2464 -0.9628 0.0276 0.2539 -0.9603 0.0432 0.2382 -0.9704 0.051 0.2292 -0.9986 0.0563 0.221 -1.0298 0.013 0.2621 -1.0291 0.0241 0.2509 -1.0324 0.0334 0.241 -1.0421 0.0431 0.2301 -1.0461 0.0289 0.2443
44.0 -1.0929 0.032 0.2365 -1.0211 0.0289 0.2468 -0.9585 0.0282 0.2538 -0.9559 0.0432 0.2387 -0.9653 0.0517 0.229 -0.9934 0.0564 0.2214 -1.0262 0.0129 0.2626 -1.0246 0.0235 0.252 -1.028 0.0334 0.2415 -1.0377 0.0431 0.2306 -1.0419 0.029 0.2446
45.0 -1.091 0.031 0.2377 -1.0174 0.0281 0.2479 -0.954 0.0275 0.2548 -0.9514 0.0426 0.2397 -0.9626 0.0514 0.2296 -0.9874 0.0572 0.2212 -1.0227 0.0128 0.2631 -1.0204 0.0247 0.2512 -1.0239 0.0346 0.2407 -1.0326 0.0444 0.2298 -1.0381 0.0295 0.2445
46.0 -1.0858 0.0317 0.2375 -1.0129 0.0275 0.249 -0.9511 0.0261 0.2566 -0.9486 0.0417 0.2409 -0.9599 0.0512 0.2301 -0.9846 0.0564 0.2223 -1.019 0.012 0.2642 -1.0175 0.0233 0.2529 -1.0211 0.0338 0.2418 -1.029 0.0437 0.2309 -1.0345 0.0289 0.2455
47.0 -1.083 0.0309 0.2386 -1.0071 0.0295 0.2475 -0.946 0.0268 0.2564 -0.9433 0.0418 0.2413 -0.9538 0.0514 0.2305 -0.9804 0.0576 0.2215 -1.0138 0.0121 0.2646 -1.0113 0.0235 0.2533 -1.0149 0.034 0.2422 -1.0227 0.0433 0.2319 -1.0292 0.0288 0.2461
48.0 -1.0758 0.03 0.2402 -1.0044 0.0293 0.2481 -0.9422 0.0255 0.2581 -0.9386 0.04 0.2436 -0.951 0.0505 0.2316 -0.9759 0.057 0.2226 -1.0101 0.0114 0.2658 -1.0077 0.0227 0.2544 -1.0112 0.0326 0.2439 -1.0191 0.0426 0.233 -1.0248 0.0279 0.2475
49.0 -1.0634 0.0293 0.2422 -0.992 0.0285 0.2501 -0.9313 0.0233 0.2615 -0.927 0.0391 0.2457 -0.9383 0.0486 0.2349 -0.9632 0.055 0.2258 -0.9985 0.0105 0.2678 -0.9951 0.0214 0.2571 -0.9978 0.0314 0.2465 -1.0056 0.0407 0.2362 -1.0121 0.0267 0.25
50.0 -1.061 0.0308 0.2409 -0.989 0.0265 0.2524 -0.9277 0.0232 0.2619 -0.9235 0.039 0.2462 -0.9337 0.0474 0.2366 -0.9585 0.0532 0.2282 -0.995 0.0104 0.2683 -0.9932 0.0204 0.2582 -0.9975 0.0296 0.2484 -1.0054 0.0395 0.2375 -1.0104 0.0262 0.2507
51.0 -1.0537 0.0294 0.2431 -0.9849 0.0283 0.251 -0.9231 0.0219 0.2636 -0.9199 0.0389 0.2466 -0.931 0.0471 0.2371 -0.9542 0.0538 0.228 -0.9906 0.0104 0.2687 -0.9888 0.0204 0.2587 -0.9913 0.0298 0.2488 -0.9992 0.0398 0.2379 -1.0047 0.0259 0.2514
52.0 -1.0545 0.0286 0.2437 -0.9785 0.0267 0.2533 -0.9188 0.0225 0.2635 -0.9164 0.0387 0.2471 -0.9285 0.0475 0.237 -0.9523 0.0528 0.2292 -0.9884 0.0082 0.2712 -0.9877 0.0193 0.2599 -0.9905 0.0299 0.2488 -0.9974 0.0394 0.2384 -1.0037 0.0251 0.2524
53.0 -1.0429 0.0278 0.2458 -0.9722 0.0257 0.2549 -0.9115 0.0211 0.2657 -0.9081 0.0368 0.2499 -0.9196 0.0469 0.2385 -0.9435 0.0528 0.2301 -0.9804 0.0075 0.2727 -0.978 0.0188 0.2614 -0.9806 0.0288 0.2509 -0.9885 0.0388 0.2399 -0.9941 0.0243 0.2541
54.0 -1.0393 0.0276 0.2463 -0.9686 0.0256 0.2554 -0.907 0.0204 0.2668 -0.9045 0.0361 0.251 -0.9157 0.0449 0.2409 -0.9407 0.0519 0.2312 -0.9786 0.0071 0.2733 -0.9761 0.0178 0.2626 -0.9788 0.0285 0.2514 -0.9858 0.0385 0.2405 -0.9917 0.0239 0.2548
55.0 -1.0385 0.0277 0.2462 -0.966 0.0259 0.2553 -0.9042 0.0196 0.2679 -0.8999 0.0349 0.2527 -0.9103 0.0444 0.2419 -0.9361 0.0507 0.2329 -0.975 0.007 0.2738 -0.9715 0.0172 0.2636 -0.9743 0.0279 0.2525 -0.9812 0.0373 0.2422 -0.9881 0.0234 0.2557
56.0 -1.0366 0.0268 0.2474 -0.9588 0.0251 0.2569 -0.9008 0.0201 0.2678 -0.898 0.0345 0.2533 -0.9094 0.044 0.2425 -0.9337 0.0523 0.2316 -0.9714 0.0063 0.2749 -0.9697 0.0169 0.2642 -0.9715 0.027 0.2536 -0.9777 0.0372 0.2426 -0.9854 0.0228 0.2566
57.0 -1.0304 0.027 0.2478 -0.9579 0.0246 0.2575 -0.8963 0.0195 0.2688 -0.8937 0.0351 0.2531 -0.905 0.0439 0.2429 -0.9309 0.0514 0.2327 -0.9697 0.0065 0.2748 -0.9671 0.0172 0.2641 -0.969 0.028 0.2529 -0.9751 0.0375 0.2425 -0.9823 0.0232 0.2564
58.0 -1.0082 0.0257 0.2513 -0.9348 0.0234 0.261 -0.8723 0.0184 0.2723 -0.8707 0.0339 0.2566 -0.8829 0.0433 0.2458 -0.906 0.0499 0.2367 -0.9456 0.0049 0.2789 -0.9414 0.0158 0.2681 -0.9423 0.0261 0.2575 -0.9484 0.0356 0.2471 -0.9572 0.0216 0.2606
59.0 -1.0081 0.0251 0.2519 -0.9286 0.023 0.262 -0.8695 0.017 0.274 -0.8658 0.0315 0.2595 -0.878 0.0409 0.2488 -0.9007 0.0494 0.2378 -0.9437 0.0039 0.28 -0.9394 0.0143 0.2699 -0.9411 0.0244 0.2593 -0.9455 0.0342 0.2489 -0.9556 0.0204 0.262
60.0 -1.0009 0.0243 0.2535 -0.9249 0.0223 0.2631 -0.8625 0.0173 0.2744 -0.8607 0.0322 0.2593 -0.8727 0.0404 0.2498 -0.8971 0.0493 0.2383 -0.9358 0.0037 0.281 -0.9323 0.014 0.2709 -0.934 0.0241 0.2603 -0.9409 0.033 0.2506 -0.9488 0.0198 0.2633
61.0 -0.9974 0.0241 0.254 -0.9204 0.0217 0.2642 -0.8579 0.0161 0.2761 -0.8553 0.0317 0.2604 -0.8675 0.041 0.2496 -0.8914 0.047 0.2412 -0.9322 0.0036 0.2815 -0.9287 0.0139 0.2713 -0.9305 0.024 0.2608 -0.9366 0.0336 0.2504 -0.9451 0.0198 0.2636
62.0 -0.9949 0.0251 0.2533 -0.9133 0.0214 0.2651 -0.8534 0.0155 0.2772 -0.8499 0.0306 0.262 -0.8613 0.0407 0.2506 -0.8837 0.048 0.2409 -0.9276 0.0024 0.2832 -0.9242 0.0132 0.2724 -0.926 0.0234 0.2619 -0.9321 0.0329 0.2515 -0.941 0.0194 0.2645
63.0 -0.9931 0.0247 0.2539 -0.9087 0.0202 0.2668 -0.8472 0.0157 0.2776 -0.8455 0.0306 0.2625 -0.8569 0.0407 0.2511 -0.8802 0.0479 0.2414 -0.9223 0.0025 0.2836 -0.9189 0.0127 0.2735 -0.9197 0.0224 0.2635 -0.9259 0.0326 0.2525 -0.936 0.019 0.2654
64.0 -0.9877 0.0242 0.2549 -0.9037 0.0215 0.266 -0.8402 0.0154 0.2785 -0.8392 0.0302 0.2635 -0.8507 0.0403 0.2521 -0.8764 0.0466 0.2431 -0.9163 0.0033 0.2834 -0.9137 0.0134 0.2733 -0.9154 0.023 0.2633 -0.9214 0.0325 0.253 -0.9309 0.0193 0.2656
65.0 -0.985 0.024 0.2554 -0.8975 0.0211 0.267 -0.8359 0.016 0.2784 -0.8349 0.0308 0.2633 -0.8463 0.0403 0.2525 -0.8737 0.0463 0.2436 -0.911 0.0028 0.2844 -0.9092 0.0128 0.2743 -0.9118 0.0229 0.2638 -0.9197 0.0328 0.2529 -0.9274 0.019 0.2662
66.0 -0.9798 0.0241 0.2558 -0.8904 0.0209 0.268 -0.8296 0.0156 0.2794 -0.8295 0.0297 0.265 -0.8401 0.0405 0.2529 -0.8685 0.0464 0.244 -0.9074 0.0027 0.2849 -0.9047 0.0122 0.2754 -0.9073 0.0222 0.2649 -0.9144 0.0323 0.2539 -0.9227 0.0187 0.267
67.0 -0.9736 0.0237 0.2568 -0.8878 0.0212 0.2679 -0.8245 0.0163 0.2792 -0.8243 0.0304 0.2648 -0.8348 0.04 0.254 -0.8633 0.0471 0.2438 -0.9021 0.0022 0.2859 -0.8994 0.0123 0.2758 -0.9021 0.0223 0.2653 -0.9091 0.0324 0.2543 -0.9172 0.0186 0.2677
68.0 -0.971 0.024 0.2567 -0.8833 0.0206 0.269 -0.8201 0.0163 0.2796 -0.8163 0.0296 0.2664 -0.8303 0.0394 0.255 -0.8566 0.0492 0.2423 -0.8969 0.0029 0.2857 -0.8943 0.013 0.2756 -0.896 0.0231 0.2651 -0.903 0.0326 0.2547 -0.9122 0.0191 0.2676
69.0 -0.9683 0.0238 0.2573 -0.88 0.0168 0.2732 -0.8184 0.0165 0.2796 -0.8147 0.0311 0.2651 -0.8269 0.0404 0.2543 -0.8519 0.0474 0.2446 -0.894 0.0014 0.2875 -0.8905 0.0117 0.2774 -0.8932 0.0217 0.2668 -0.9002 0.0318 0.2559 -0.9092 0.0181 0.269
70.0 -0.9611 0.0229 0.2589 -0.8745 0.0206 0.2699 -0.8104 0.0164 0.2805 -0.8029 0.029 0.2683 -0.8208 0.0406 0.2547 -0.8468 0.0481 0.2444 -0.8912 0.0006 0.2886 -0.8877 0.0108 0.2785 -0.8888 0.0217 0.2673 -0.895 0.0324 0.2557 -0.9048 0.0177 0.2698
71.0 -0.9541 0.0233 0.2592 -0.8665 0.0204 0.2708 -0.8026 0.0168 0.2808 -0.802 0.0285 0.2689 -0.8185 0.0422 0.2533 -0.8443 0.0491 0.2437 -0.8842 0.0009 0.289 -0.8817 0.0116 0.2783 -0.8854 0.0228 0.2665 -0.8933 0.0327 0.2556 -0.8998 0.0183 0.2697
72.0 -0.9523 0.0229 0.2598 -0.8635 0.0184 0.2732 -0.8014 0.0152 0.2826 -0.8019 0.0279 0.2696 -0.8158 0.0419 0.2539 -0.8407 0.0489 0.2442 -0.8814 7.791e-05 0.2901 -0.8798 0.0107 0.2794 -0.8826 0.0219 0.2677 -0.8898 0.0325 0.2561 -0.8972 0.0176 0.2706
73.0 -0.9532 0.0228 0.2598 -0.8618 0.0186 0.2731 -0.7996 0.0148 0.2832 -0.8016 0.0261 0.2714 -0.8086 0.0411 0.2554 -0.8379 0.0475 0.246 -0.8772 0.0007 0.29 -0.8755 0.0113 0.2793 -0.8791 0.0218 0.2682 -0.8871 0.0323 0.2566 -0.8944 0.0178 0.2708
74.0 -0.9495 0.022 0.2609 -0.8572 0.0223 0.2698 -0.8 0.0172 0.2807 -0.802 0.0285 0.2689 -0.8042 0.041 0.2559 -0.8329 0.0494 0.2445 -0.8726 4.458e-05 0.291 -0.8711 0.0112 0.2797 -0.8748 0.0224 0.268 -0.8837 0.0328 0.2565 -0.8903 0.0177 0.2712
75.0 -0.948 0.0235 0.2596 -0.8546 0.0226 0.2697 -0.7995 0.0142 0.2838 -0.8016 0.0261 0.2714 -0.8039 0.0393 0.2578 -0.8321 0.0495 0.2445 -0.8728 0.0006 0.2904 -0.8702 0.0114 0.2797 -0.873 0.022 0.2686 -0.8801 0.0326 0.257 -0.8888 0.018 0.271
76.0 -0.9445 0.0233 0.2601 -0.8501 0.022 0.2708 -0.7994 0.0136 0.2844 -0.8016 0.0261 0.2714 -0.8042 0.041 0.2559 -0.8303 0.0497 0.2444 -0.8693 0.0011 0.2903 -0.8687 0.0128 0.2784 -0.8724 0.0239 0.2667 -0.8796 0.0345 0.2551 -0.8869 0.0191 0.2701
77.0 -0.9419 0.0237 0.26 -0.8486 0.0234 0.2695 -0.7995 0.0142 0.2838 -0.8016 0.0261 0.2714 -0.804 0.0399 0.2571 -0.8287 0.0506 0.2437 -0.865 0.0017 0.2901 -0.8645 0.014 0.2776 -0.8683 0.0257 0.2653 -0.8763 0.0362 0.2537 -0.8832 0.0202 0.2693
78.0 -0.9393 0.024 0.2599 -0.8433 0.0235 0.2699 -0.7994 0.0136 0.2844 -0.8017 0.0267 0.2708 -0.8043 0.0416 0.2553 -0.8261 0.0509 0.2436 -0.8624 0.002 0.29 -0.8627 0.0136 0.2782 -0.8664 0.0247 0.2664 -0.8744 0.0352 0.2549 -0.8811 0.0199 0.2699
79.0 -0.9357 0.0233 0.261 -0.8397 0.0228 0.271 -0.7991 0.0118 0.2863 -0.8015 0.0255 0.272 -0.8043 0.0416 0.2553 -0.8218 0.0515 0.2435 -0.859 0.0025 0.2899 -0.8593 0.0141 0.278 -0.863 0.0252 0.2663 -0.8718 0.0356 0.2548 -0.8777 0.0201 0.27
80.0 -0.9289 0.0248 0.2601 -0.8342 0.0217 0.2727 -0.7989 0.0112 0.2869 -0.8011 0.0237 0.2739 -0.804 0.0399 0.2571 -0.8192 0.0512 0.244 -0.8538 0.0032 0.2897 -0.8542 0.0154 0.2772 -0.858 0.0271 0.2649 -0.8651 0.0371 0.2539 -0.872 0.0215 0.2691
81.0 -0.9287 0.0236 0.2614 -0.8317 0.0227 0.272 -0.7987 0.01 0.2882 -0.8014 0.0249 0.2727 -0.8038 0.0387 0.2584 -0.8157 0.0517 0.2439 -0.8512 0.0029 0.2902 -0.8522 0.0138 0.279 -0.8566 0.0242 0.2679 -0.8655 0.0346 0.2564 -0.8708 0.0198 0.271
82.0 -0.9136 0.0226 0.2639 -0.8029 0.0339 0.2633 -0.7989 0.0112 0.2869 -0.8019 0.0279 0.2696 -0.8043 0.0416 0.2553 -0.806 0.0512 0.2454 -0.8293 0.0035 0.2918 -0.8308 0.0124 0.2825 -0.837 0.0226 0.2715 -0.8451 0.0337 0.2594 -0.8512 0.0189 0.2738
83.0 -0.9076 0.024 0.263 -0.8016 0.0261 0.2714 -0.7989 0.0112 0.2869 -0.8018 0.0273 0.2702 -0.804 0.0399 0.2571 -0.806 0.0512 0.2454 -0.8309 0.0026 0.2925 -0.831 0.0136 0.2813 -0.8356 0.0246 0.2696 -0.8427 0.0352 0.258 -0.8496 0.02 0.2729
84.0 -0.9026 0.0253 0.2622 -0.8008 0.022 0.2758 -0.7989 0.0112 0.2869 -0.8018 0.0273 0.2702 -0.8038 0.0387 0.2584 -0.8059 0.0506 0.246 -0.8294 0.0041 0.2912 -0.8303 0.0143 0.2806 -0.834 0.0254 0.2689 -0.8403 0.0362 0.2573 -0.8473 0.0211 0.2721
85.0 -0.9024 0.0241 0.2635 -0.8038 0.0387 0.2584 -0.7995 0.0142 0.2838 -0.8021 0.0291 0.2683 -0.8033 0.0363 0.2609 -0.8048 0.0446 0.2522 -0.8275 0.0037 0.2918 -0.8309 0.0075 0.2875 -0.8366 0.0153 0.279 -0.8429 0.026 0.2674 -0.8481 0.0153 0.2778
86.0 -0.8936 0.0241 0.2644 -0.7989 0.0112 0.2869 -0.7992 0.0124 0.2857 -0.8013 0.0243 0.2733 -0.8031 0.0351 0.2621 -0.8051 0.0464 0.2503 -0.8255 0.0021 0.2936 -0.8273 0.0123 0.283 -0.8301 0.0235 0.2713 -0.8348 0.0351 0.259 -0.8423 0.0194 0.2742
87.0 -0.8899 0.0234 0.2655 -0.7982 0.007 0.2913 -0.7992 0.0124 0.2857 -0.8009 0.0226 0.2751 -0.8029 0.0339 0.2633 -0.8049 0.0452 0.2516 -0.8248 0.0028 0.2929 -0.8258 0.0137 0.2817 -0.8279 0.0256 0.2693 -0.8316 0.0367 0.2576 -0.84 0.0205 0.2734
88.0 -0.8882 0.0236 0.2654 -0.7984 0.0082 0.29 -0.7992 0.0124 0.2857 -0.8008 0.022 0.2758 -0.8029 0.0339 0.2633 -0.805 0.0458 0.2509 -0.8194 0.0023 0.294 -0.8194 0.0127 0.2833 -0.8214 0.0241 0.2716 -0.8261 0.0356 0.2593 -0.8349 0.0197 0.2747
89.0 -0.8818 0.022 0.2677 -0.7996 0.0148 0.2832 -0.8004 0.0196 0.2782 -0.8018 0.0273 0.2702 -0.8036 0.0375 0.2596 -0.8052 0.047 0.2497 -0.8079 0.0021 0.2954 -0.8098 0.0128 0.2842 -0.8143 0.0238 0.2725 -0.8227 0.0361 0.2591 -0.8273 0.0194 0.2758
89.0 -0.8818 0.022 0.2677 -0.7996 0.0148 0.2832 -0.8004 0.0196 0.2782 -0.8018 0.0273 0.2702 -0.8036 0.0375 0.2596 -0.8052 0.047 0.2497 -0.8079 0.0021 0.2954 -0.8098 0.0128 0.2842 -0.8143 0.0238 0.2725 -0.8227 0.0361 0.2591 -0.8273 0.0194 0.2758
89.0 -0.8818 0.022 0.2677 -0.7996 0.0148 0.2832 -0.8004 0.0196 0.2782 -0.8018 0.0273 0.2702 -0.8036 0.0375 0.2596 -0.8052 0.047 0.2497 -0.8079 0.0021 0.2954 -0.8098 0.0128 0.2842 -0.8143 0.0238 0.2725 -0.8227 0.0361 0.2591 -0.8273 0.0194 0.2758
89.0 -0.8818 0.022 0.2677 -0.7996 0.0148 0.2832 -0.8004 0.0196 0.2782 -0.8018 0.0273 0.2702 -0.8036 0.0375 0.2596 -0.8052 0.047 0.2497 -0.8079 0.0021 0.2954 -0.8098 0.0128 0.2842 -0.8143 0.0238 0.2725 -0.8227 0.0361 0.2591 -0.8273 0.0194 0.2758
89.0 -0.8818 0.022 0.2677 -0.7996 0.0148 0.2832 -0.8004 0.0196 0.2782 -0.8018 0.0273 0.2702 -0.8036 0.0375 0.2596 -0.8052 0.047 0.2497 -0.8079 0.0021 0.2954 -0.8098 0.0128 0.2842 -0.8143 0.0238 0.2725 -0.8227 0.0361 0.2591 -0.8273 0.0194 0.2758
89.0 -0.8818 0.022 0.2677 -0.7996 0.0148 0.2832 -0.8004 0.0196 0.2782 -0.8018 0.0273 0.2702 -0.8036 0.0375 0.2596 -0.8052 0.047 0.2497 -0.8079 0.0021 0.2954 -0.8098 0.0128 0.2842 -0.8143 0.0238 0.2725 -0.8227 0.0361 0.2591 -0.8273 0.0194 0.2758
89.0 -0.8818 0.022 0.2677 -0.7996 0.0148 0.2832 -0.8004 0.0196 0.2782 -0.8018 0.0273 0.2702 -0.8036 0.0375 0.2596 -0.8052 0.047 0.2497 -0.8079 0.0021 0.2954 -0.8098 0.0128 0.2842 -0.8143 0.0238 0.2725 -0.8227 0.0361 0.2591 -0.8273 0.0194 0.2758
89.0 -0.8818 0.022 0.2677 -0.7996 0.0148 0.2832 -0.8004 0.0196 0.2782 -0.8018 0.0273 0.2702 -0.8036 0.0375 0.2596 -0.8052 0.047 0.2497 -0.8079 0.0021 0.2954 -0.8098 0.0128 0.2842 -0.8143 0.0238 0.2725 -0.8227 0.0361 0.2591 -0.8273 0.0194 0.2758
89.0 -0.8818 0.022 0.2677 -0.7996 0.0148 0.2832 -0.8004 0.0196 0.2782 -0.8018 0.0273 0.2702 -0.8036 0.0375 0.2596 -0.8052 0.047 0.2497 -0.8079 0.0021 0.2954 -0.8098 0.0128 0.2842 -0.8143 0.0238 0.2725 -0.8227 0.0361 0.2591 -0.8273 0.0194 0.2758
89.0 -0.8818 0.022 0.2677 -0.7996 0.0148 0.2832 -0.8004 0.0196 0.2782 -0.8018 0.0273 0.2702 -0.8036 0.0375 0.2596 -0.8052 0.047 0.2497 -0.8079 0.0021 0.2954 -0.8098 0.0128 0.2842 -0.8143 0.0238 0.2725 -0.8227 0.0361 0.2591 -0.8273 0.0194 0.2758
89.0 -0.8818 0.022 0.2677 -0.7996 0.0148 0.2832 -0.8004 0.0196 0.2782 -0.8018 0.0273 0.2702 -0.8036 0.0375 0.2596 -0.8052 0.047 0.2497 -0.8079 0.0021 0.2954 -0.8098 0.0128 0.2842 -0.8143 0.0238 0.2725 -0.8227 0.0361 0.2591 -0.8273 0.0194 0.2758
89.0 -0.8818 0.022 0.2677 -0.7996 0.0148 0.2832 -0.8004 0.0196 0.2782 -0.8018 0.0273 0.2702 -0.8036 0.0375 0.2596 -0.8052 0.047 0.2497 -0.8079 0.0021 0.2954 -0.8098 0.0128 0.2842 -0.8143 0.0238 0.2725 -0.8227 0.0361 0.2591 -0.8273 0.0194 0.2758
89.0 -0.8818 0.022 0.2677 -0.7996 0.0148 0.2832 -0.8004 0.0196 0.2782 -0.8018 0.0273 0.2702 -0.8036 0.0375 0.2596 -0.8052 0.047 0.2497 -0.8079 0.0021 0.2954 -0.8098 0.0128 0.2842 -0.8143 0.0238 0.2725 -0.8227 0.0361 0.2591 -0.8273 0.0194 0.2758
89.0 -0.8818 0.022 0.2677 -0.7996 0.0148 0.2832 -0.8004 0.0196 0.2782 -0.8018 0.0273 0.2702 -0.8036 0.0375 0.2596 -0.8052 0.047 0.2497 -0.8079 0.0021 0.2954 -0.8098 0.0128 0.2842 -0.8143 0.0238 0.2725 -0.8227 0.0361 0.2591 -0.8273 0.0194 0.2758
89.0 -0.8818 0.022 0.2677 -0.7996 0.0148 0.2832 -0.8004 0.0196 0.2782 -0.8018 0.0273 0.2702 -0.8036 0.0375 0.2596 -0.8052 0.047 0.2497 -0.8079 0.0021 0.2954 -0.8098 0.0128 0.2842 -0.8143 0.0238 0.2725 -0.8227 0.0361 0.2591 -0.8273 0.0194 0.2758
89.0 -0.8818 0.022 0.2677 -0.7996 0.0148 0.2832 -0.8004 0.0196 0.2782 -0.8018 0.0273 0.2702 -0.8036 0.0375 0.2596 -0.8052 0.047 0.2497 -0.8079 0.0021 0.2954 -0.8098 0.0128 0.2842 -0.8143 0.0238 0.2725 -0.8227 0.0361 0.2591 -0.8273 0.0194 0.2758
89.0 -0.8818 0.022 0.2677 -0.7996 0.0148 0.2832 -0.8004 0.0196 0.2782 -0.8018 0.0273 0.2702 -0.8036 0.0375 0.2596 -0.8052 0.047 0.2497 -0.8079 0.0021 0.2954 -0.8098 0.0128 0.2842 -0.8143 0.0238 0.2725 -0.8227 0.0361 0.2591 -0.8273 0.0194 0.2758
89.0 -0.8818 0.022 0.2677 -0.7996 0.0148 0.2832 -0.8004 0.0196 0.2782 -0.8018 0.0273 0.2702 -0.8036 0.0375 0.2596 -0.8052 0.047 0.2497 -0.8079 0.0021 0.2954 -0.8098 0.0128 0.2842 -0.8143 0.0238 0.2725 -0.8227 0.0361 0.2591 -0.8273 0.0194 0.2758
89.0 -0.8818 0.022 0.2677 -0.7996 0.0148 0.2832 -0.8004 0.0196 0.2782 -0.8018 0.0273 0.2702 -0.8036 0.0375 0.2596 -0.8052 0.047 0.2497 -0.8079 0.0021 0.2954 -0.8098 0.0128 0.2842 -0.8143 0.0238 0.2725 -0.8227 0.0361 0.2591 -0.8273 0.0194 0.2758
89.0 -0.8818 0.022 0.2677 -0.7996 0.0148 0.2832 -0.8004 0.0196 0.2782 -0.8018 0.0273 0.2702 -0.8036 0.0375 0.2596 -0.8052 0.047 0.2497 -0.8079 0.0021 0.2954 -0.8098 0.0128 0.2842 -0.8143 0.0238 0.2725 -0.8227 0.0361 0.2591 -0.8273 0.0194 0.2758
89.0 -0.8818 0.022 0.2677 -0.7996 0.0148 0.2832 -0.8004 0.0196 0.2782 -0.8018 0.0273 0.2702 -0.8036 0.0375 0.2596 -0.8052 0.047 0.2497 -0.8079 0.0021 0.2954 -0.8098 0.0128 0.2842 -0.8143 0.0238 0.2725 -0.8227 0.0361 0.2591 -0.8273 0.0194 0.2758
89.0 -0.8818 0.022 0.2677 -0.7996 0.0148 0.2832 -0.8004 0.0196 0.2782 -0.8018 0.0273 0.2702 -0.8036 0.0375 0.2596 -0.8052 0.047 0.2497 -0.8079 0.0021 0.2954 -0.8098 0.0128 0.2842 -0.8143 0.0238 0.2725 -0.8227 0.0361 0.2591 -0.8273 0.0194 0.2758
89.0 -0.8818 0.022 0.2677 -0.7996 0.0148 0.2832 -0.8004 0.0196 0.2782 -0.8018 0.0273 0.2702 -0.8036 0.0375 0.2596 -0.8052 0.047 0.2497 -0.8079 0.0021 0.2954 -0.8098 0.0128 0.2842 -0.8143 0.0238 0.2725 -0.8227 0.0361 0.2591 -0.8273 0.0194 0.2758
89.0 -0.8818 0.022 0.2677 -0.7996 0.0148 0.2832 -0.8004 0.0196 0.2782 -0.8018 0.0273 0.2702 -0.8036 0.0375 0.2596 -0.8052 0.047 0.2497 -0.8079 0.0021 0.2954 -0.8098 0.0128 0.2842 -0.8143 0.0238 0.2725 -0.8227 0.0361 0.2591 -0.8273 0.0194 0.2758
89.0 -0.8818 0.022 0.2677 -0.7996 0.0148 0.2832 -0.8004 0.0196 0.2782 -0.8018 0.0273 0.2702 -0.8036 0.0375 0.2596 -0.8052 0.047 0.2497 -0.8079 0.0021 0.2954 -0.8098 0.0128 0.2842 -0.8143 0.0238 0.2725 -0.8227 0.0361 0.2591 -0.8273 0.0194 0.2758
89.0 -0.8818 0.022 0.2677 -0.7996 0.0148 0.2832 -0.8004 0.0196 0.2782 -0.8018 0.0273 0.2702 -0.8036 0.0375 0.2596 -0.8052 0.047 0.2497 -0.8079 0.0021 0.2954 -0.8098 0.0128 0.2842 -0.8143 0.0238 0.2725 -0.8227 0.0361 0.2591 -0.8273 0.0194 0.2758
89.0 -0.8818 0.022 0.2677 -0.7996 0.0148 0.2832 -0.8004 0.0196 0.2782 -0.8018 0.0273 0.2702 -0.8036 0.0375 0.2596 -0.8052 0.047 0.2497 -0.8079 0.0021 0.2954 -0.8098 0.0128 0.2842 -0.8143 0.0238 0.2725 -0.8227 0.0361 0.2591 -0.8273 0.0194 0.2758
89.0 -0.8818 0.022 0.2677 -0.7996 0.0148 0.2832 -0.8004 0.0196 0.2782 -0.8018 0.0273 0.2702 -0.8036 0.0375 0.2596 -0.8052 0.047 0.2497 -0.8079 0.0021 0.2954 -0.8098 0.0128 0.2842 -0.8143 0.0238 0.2725 -0.8227 0.0361 0.2591 -0.8273 0.0194 0.2758
89.0 -0.8818 0.022 0.2677 -0.7996 0.0148 0.2832 -0.8004 0.0196 0.2782 -0.8018 0.0273 0.2702 -0.8036 0.0375 0.2596 -0.8052 0.047 0.2497 -0.8079 0.0021 0.2954 -0.8098 0.0128 0.2842 -0.8143 0.0238 0.2725 -0.8227 0.0361 0.2591 -0.8273 0.0194 0.2758
89.0 -0.8818 0.022 0.2677 -0.7996 0.0148 0.2832 -0.8004 0.0196 0.2782 -0.8018 0.0273 0.2702 -0.8036 0.0375 0.2596 -0.8052 0.047 0.2497 -0.8079 0.0021 0.2954 -0.8098 0.0128 0.2842 -0.8143 0.0238 0.2725 -0.8227 0.0361 0.2591 -0.8273 0.0194 0.2758
89.0 -0.8818 0.022 0.2677 -0.7996 0.0148 0.2832 -0.8004 0.0196 0.2782 -0.8018 0.0273 0.2702 -0.8036 0.0375 0.2596 -0.8052 0.047 0.2497 -0.8079 0.0021 0.2954 -0.8098 0.0128 0.2842 -0.8143 0.0238 0.2725 -0.8227 0.0361 0.2591 -0.8273 0.0194 0.2758
89.0 -0.8818 0.022 0.2677 -0.7996 0.0148 0.2832 -0.8004 0.0196 0.2782 -0.8018 0.0273 0.2702 -0.8036 0.0375 0.2596 -0.8052 0.047 0.2497 -0.8079 0.0021 0.2954 -0.8098 0.0128 0.2842 -0.8143 0.0238 0.2725 -0.8227 0.0361 0.2591 -0.8273 0.0194 0.2758
89.0 -0.8818 0.022 0.2677 -0.7996 0.0148 0.2832 -0.8004 0.0196 0.2782 -0.8018 0.0273 0.2702 -0.8036 0.0375 0.2596 -0.8052 0.047 0.2497 -0.8079 0.0021 0.2954 -0.8098 0.0128 0.2842 -0.8143 0.0238 0.2725 -0.8227 0.0361 0.2591 -0.8273 0.0194 0.2758
89.0 -0.8818 0.022 0.2677 -0.7996 0.0148 0.2832 -0.8004 0.0196 0.2782 -0.8018 0.0273 0.2702 -0.8036 0.0375 0.2596 -0.8052 0.047 0.2497 -0.8079 0.0021 0.2954 -0.8098 0.0128 0.2842 -0.8143 0.0238 0.2725 -0.8227 0.0361 0.2591 -0.8273 0.0194 0.2758
89.0 -0.8818 0.022 0.2677 -0.7996 0.0148 0.2832 -0.8004 0.0196 0.2782 -0.8018 0.0273 0.2702 -0.8036 0.0375 0.2596 -0.8052 0.047 0.2497 -0.8079 0.0021 0.2954 -0.8098 0.0128 0.2842 -0.8143 0.0238 0.2725 -0.8227 0.0361 0.2591 -0.8273 0.0194 0.2758
89.0 -0.8818 0.022 0.2677 -0.7996 0.0148 0.2832 -0.8004 0.0196 0.2782 -0.8018 0.0273 0.2702 -0.8036 0.0375 0.2596 -0.8052 0.047 0.2497 -0.8079 0.0021 0.2954 -0.8098 0.0128 0.2842 -0.8143 0.0238 0.2725 -0.8227 0.0361 0.2591 -0.8273 0.0194 0.2758
89.0 -0.8818 0.022 0.2677 -0.7996 0.0148 0.2832 -0.8004 0.0196 0.2782 -0.8018 0.0273 0.2702 -0.8036 0.0375 0.2596 -0.8052 0.047 0.2497 -0.8079 0.0021 0.2954 -0.8098 0.0128 0.2842 -0.8143 0.0238 0.2725 -0.8227 0.0361 0.2591 -0.8273 0.0194 0.2758
89.0 -0.8818 0.022 0.2677 -0.7996 0.0148 0.2832 -0.8004 0.0196 0.2782 -0.8018 0.0273 0.2702 -0.8036 0.0375 0.2596 -0.8052 0.047 0.2497 -0.8079 0.0021 0.2954 -0.8098 0.0128 0.2842 -0.8143 0.0238 0.2725 -0.8227 0.0361 0.2591 -0.8273 0.0194 0.2758
89.0 -0.8818 0.022 0.2677 -0.7996 0.0148 0.2832 -0.8004 0.0196 0.2782 -0.8018 0.0273 0.2702 -0.8036 0.0375 0.2596 -0.8052 0.047 0.2497 -0.8079 0.0021 0.2954 -0.8098 0.0128 0.2842 -0.8143 0.0238 0.2725 -0.8227 0.0361 0.2591 -0.8273 0.0194 0.2758
89.0 -0.8818 0.022 0.2677 -0.7996 0.0148 0.2832 -0.8004 0.0196 0.2782 -0.8018 0.0273 0.2702 -0.8036 0.0375 0.2596 -0.8052 0.047 0.2497 -0.8079 0.0021 0.2954 -0.8098 0.0128 0.2842 -0.8143 0.0238 0.2725 -0.8227 0.0361 0.2591 -0.8273 0.0194 0.2758
89.0 -0.8818 0.022 0.2677 -0.7996 0.0148 0.2832 -0.8004 0.0196 0.2782 -0.8018 0.0273 0.2702 -0.8036 0.0375 0.2596 -0.8052 0.047 0.2497 -0.8079 0.0021 0.2954 -0.8098 0.0128 0.2842 -0.8143 0.0238 0.2725 -0.8227 0.0361 0.2591 -0.8273 0.0194 0.2758
89.0 -0.8818 0.022 0.2677 -0.7996 0.0148 0.2832 -0.8004 0.0196 0.2782 -0.8018 0.0273 0.2702 -0.8036 0.0375 0.2596 -0.8052 0.047 0.2497 -0.8079 0.0021 0.2954 -0.8098 0.0128 0.2842 -0.8143 0.0238 0.2725 -0.8227 0.0361 0.2591 -0.8273 0.0194 0.2758
89.0 -0.8818 0.022 0.2677 -0.7996 0.0148 0.2832 -0.8004 0.0196 0.2782 -0.8018 0.0273 0.2702 -0.8036 0.0375 0.2596 -0.8052 0.047 0.2497 -0.8079 0.0021 0.2954 -0.8098 0.0128 0.2842 -0.8143 0.0238 0.2725 -0.8227 0.0361 0.2591 -0.8273 0.0194 0.2758
89.0 -0.8818 0.022 0.2677 -0.7996 0.0148 0.2832 -0.8004 0.0196 0.2782 -0.8018 0.0273 0.2702 -0.8036 0.0375 0.2596 -0.8052 0.047 0.2497 -0.8079 0.0021 0.2954 -0.8098 0.0128 0.2842 -0.8143 0.0238 0.2725 -0.8227 0.0361 0.2591 -0.8273 0.0194 0.2758
89.0 -0.8818 0.022 0.2677 -0.7996 0.0148 0.2832 -0.8004 0.0196 0.2782 -0.8018 0.0273 0.2702 -0.8036 0.0375 0.2596 -0.8052 0.047 0.2497 -0.8079 0.0021 0.2954 -0.8098 0.0128 0.2842 -0.8143 0.0238 0.2725 -0.8227 0.0361 0.2591 -0.8273 0.0194 0.2758
89.0 -0.8818 0.022 0.2677 -0.7996 0.0148 0.2832 -0.8004 0.0196 0.2782 -0.8018 0.0273 0.2702 -0.8036 0.0375 0.2596 -0.8052 0.047 0.2497 -0.8079 0.0021 0.2954 -0.8098 0.0128 0.2842 -0.8143 0.0238 0.2725 -0.8227 0.0361 0.2591 -0.8273 0.0194 0.2758
89.0 -0.8818 0.022 0.2677 -0.7996 0.0148 0.2832 -0.8004 0.0196 0.2782 -0.8018 0.0273 0.2702 -0.8036 0.0375 0.2596 -0.8052 0.047 0.2497 -0.8079 0.0021 0.2954 -0.8098 0.0128 0.2842 -0.8143 0.0238 0.2725 -0.8227 0.0361 0.2591 -0.8273 0.0194 0.2758
89.0 -0.8818 0.022 0.2677 -0.7996 0.0148 0.2832 -0.8004 0.0196 0.2782 -0.8018 0.0273 0.2702 -0.8036 0.0375 0.2596 -0.8052 0.047 0.2497 -0.8079 0.0021 0.2954 -0.8098 0.0128 0.2842 -0.8143 0.0238 0.2725 -0.8227 0.0361 0.2591 -0.8273 0.0194 0.2758
89.0 -0.8818 0.022 0.2677 -0.7996 0.0148 0.2832 -0.8004 0.0196 0.2782 -0.8018 0.0273 0.2702 -0.8036 0.0375 0.2596 -0.8052 0.047 0.2497 -0.8079 0.0021 0.2954 -0.8098 0.0128 0.2842 -0.8143 0.0238 0.2725 -0.8227 0.0361 0.2591 -0.8273 0.0194 0.2758
89.0 -0.8818 0.022 0.2677 -0.7996 0.0148 0.2832 -0.8004 0.0196 0.2782 -0.8018 0.0273 0.2702 -0.8036 0.0375 0.2596 -0.8052 0.047 0.2497 -0.8079 0.0021 0.2954 -0.8098 0.0128 0.2842 -0.8143 0.0238 0.2725 -0.8227 0.0361 0.2591 -0.8273 0.0194 0.2758
89.0 -0.8818 0.022 0.2677 -0.7996 0.0148 0.2832 -0.8004 0.0196 0.2782 -0.8018 0.0273 0.2702 -0.8036 0.0375 0.2596 -0.8052 0.047 0.2497 -0.8079 0.0021 0.2954 -0.8098 0.0128 0.2842 -0.8143 0.0238 0.2725 -0.8227 0.0361 0.2591 -0.8273 0.0194 0.2758
89.0 -0.8818 0.022 0.2677 -0.7996 0.0148 0.2832 -0.8004 0.0196 0.2782 -0.8018 0.0273 0.2702 -0.8036 0.0375 0.2596 -0.8052 0.047 0.2497 -0.8079 0.0021 0.2954 -0.8098 0.0128 0.2842 -0.8143 0.0238 0.2725 -0.8227 0.0361 0.2591 -0.8273 0.0194 0.2758
89.0 -0.8818 0.022 0.2677 -0.7996 0.0148 0.2832 -0.8004 0.0196 0.2782 -0.8018 0.0273 0.2702 -0.8036 0.0375 0.2596 -0.8052 0.047 0.2497 -0.8079 0.0021 0.2954 -0.8098 0.0128 0.2842 -0.8143 0.0238 0.2725 -0.8227 0.0361 0.2591 -0.8273 0.0194 0.2758
89.0 -0.8818 0.022 0.2677 -0.7996 0.0148 0.2832 -0.8004 0.0196 0.2782 -0.8018 0.0273 0.2702 -0.8036 0.0375 0.2596 -0.8052 0.047 0.2497 -0.8079 0.0021 0.2954 -0.8098 0.0128 0.2842 -0.8143 0.0238 0.2725 -0.8227 0.0361 0.2591 -0.8273 0.0194 0.2758
89.0 -0.8818 0.022 0.2677 -0.7996 0.0148 0.2832 -0.8004 0.0196 0.2782 -0.8018 0.0273 0.2702 -0.8036 0.0375 0.2596 -0.8052 0.047 0.2497 -0.8079 0.0021 0.2954 -0.8098 0.0128 0.2842 -0.8143 0.0238 0.2725 -0.8227 0.0361 0.2591 -0.8273 0.0194 0.2758
89.0 -0.8818 0.022 0.2677 -0.7996 0.0148 0.2832 -0.8004 0.0196 0.2782 -0.8018 0.0273 0.2702 -0.8036 0.0375 0.2596 -0.8052 0.047 0.2497 -0.8079 0.0021 0.2954 -0.8098 0.0128 0.2842 -0.8143 0.0238 0.2725 -0.8227 0.0361 0.2591 -0.8273 0.0194 0.2758
89.0 -0.8818 0.022 0.2677 -0.7996 0.0148 0.2832 -0.8004 0.0196 0.2782 -0.8018 0.0273 0.2702 -0.8036 0.0375 0.2596 -0.8052 0.047 0.2497 -0.8079 0.0021 0.2954 -0.8098 0.0128 0.2842 -0.8143 0.0238 0.2725 -0.8227 0.0361 0.2591 -0.8273 0.0194 0.2758
89.0 -0.8818 0.022 0.2677 -0.7996 0.0148 0.2832 -0.8004 0.0196 0.2782 -0.8018 0.0273 0.2702 -0.8036 0.0375 0.2596 -0.8052 0.047 0.2497 -0.8079 0.0021 0.2954 -0.8098 0.0128 0.2842 -0.8143 0.0238 0.2725 -0.8227 0.0361 0.2591 -0.8273 0.0194 0.2758
89.0 -0.8818 0.022 0.2677 -0.7996 0.0148 0.2832 -0.8004 0.0196 0.2782 -0.8018 0.0273 0.2702 -0.8036 0.0375 0.2596 -0.8052 0.047 0.2497 -0.8079 0.0021 0.2954 -0.8098 0.0128 0.2842 -0.8143 0.0238 0.2725 -0.8227 0.0361 0.2591 -0.8273 0.0194 0.2758
89.0 -0.8818 0.022 0.2677 -0.7996 0.0148 0.2832 -0.8004 0.0196 0.2782 -0.8018 0.0273 0.2702 -0.8036 0.0375 0.2596 -0.8052 0.047 0.2497 -0.8079 0.0021 0.2954 -0.8098 0.0128 0.2842 -0.8143 0.0238 0.2725 -0.8227 0.0361 0.2591 -0.8273 0.0194 0.2758
89.0 -0.8818 0.022 0.2677 -0.7996 0.0148 0.2832 -0.8004 0.0196 0.2782 -0.8018 0.0273 0.2702 -0.8036 0.0375 0.2596 -0.8052 0.047 0.2497 -0.8079 0.0021 0.2954 -0.8098 0.0128 0.2842 -0.8143 0.0238 0.2725 -0.8227 0.0361 0.2591 -0.8273 0.0194 0.2758
150.0 -0.9004 0.0281 0.2596 -0.8077 0.0308 0.266 -0.8044 0.0422 0.2547 -0.8059 0.0506 0.246 -0.8071 0.0578 0.2385 -0.8095 0.0715 0.2243 -0.8187 0.0183 0.2777 -0.8204 0.0285 0.2672 -0.8276 0.0391 0.2556 -0.8373 0.0494 0.2441 -0.8409 0.0327 0.2608
151.0 -0.9047 0.0275 0.2598 -0.8061 0.0267 0.2703 -0.8046 0.0434 0.2534 -0.8066 0.0548 0.2416 -0.8079 0.0625 0.2336 -0.8094 0.0709 0.2249 -0.8223 0.0191 0.2766 -0.8262 0.0314 0.2636 -0.8333 0.0414 0.2527 -0.8437 0.051 0.2418 -0.8461 0.0341 0.2589
152.0 -0.9116 0.0265 0.2601 -0.809 0.0282 0.2686 -0.8047 0.044 0.2528 -0.8065 0.0542 0.2423 -0.8082 0.0637 0.2323 -0.8096 0.0721 0.2236 -0.828 0.0165 0.2787 -0.8318 0.0282 0.2663 -0.8382 0.0395 0.2541 -0.8488 0.0497 0.2426 -0.8517 0.0321 0.2604
153.0 -0.919 0.0286 0.2572 -0.8149 0.0317 0.2644 -0.8043 0.0416 0.2553 -0.8063 0.053 0.2435 -0.8079 0.0625 0.2336 -0.8094 0.0709 0.2249 -0.8335 0.0175 0.277 -0.8362 0.0282 0.2659 -0.8423 0.0377 0.2555 -0.8512 0.0481 0.244 -0.8564 0.032 0.2599
154.0 -0.9221 0.0263 0.2592 -0.8041 0.0258 0.2715 -0.8037 0.0381 0.259 -0.8062 0.0524 0.2441 -0.8082 0.0637 0.2323 -0.8131 0.0716 0.2238 -0.8385 0.0163 0.2778 -0.8432 0.0278 0.2655 -0.8522 0.0388 0.2534 -0.8636 0.0489 0.242 -0.8639 0.0316 0.2596
155.0 -0.9273 0.0257 0.2594 -0.8083 0.0246 0.2723 -0.8024 0.0309 0.2665 -0.8054 0.0482 0.2485 -0.8077 0.0613 0.2348 -0.8242 0.0701 0.2242 -0.85 0.0165 0.2764 -0.8537 0.0276 0.2647 -0.8618 0.0388 0.2525 -0.8741 0.0487 0.2411 -0.8734 0.0315 0.2588
156.0 -0.9351 0.0252 0.2591 -0.8271 0.0263 0.2687 -0.8036 0.0375 0.2596 -0.8059 0.0506 0.246 -0.8077 0.0613 0.2348 -0.8266 0.0686 0.2255 -0.8565 0.0132 0.2792 -0.8593 0.0244 0.2674 -0.8673 0.035 0.2559 -0.8781 0.0463 0.2432 -0.8793 0.0288 0.2609
157.0 -0.9423 0.0261 0.2575 -0.8201 0.0316 0.264 -0.8033 0.0363 0.2609 -0.8064 0.0536 0.2429 -0.808 0.0631 0.2329 -0.836 0.0673 0.2259 -0.8629 0.0148 0.2769 -0.8675 0.0258 0.2652 -0.8755 0.0363 0.2537 -0.8869 0.0464 0.2422 -0.887 0.0299 0.2591
158.0 -0.9462 0.0231 0.2602 -0.8237 0.0317 0.2635 -0.803 0.0345 0.2627 -0.8066 0.0548 0.2416 -0.8169 0.0632 0.232 -0.8412 0.0666 0.2261 -0.8643 0.0128 0.2788 -0.8707 0.0241 0.2666 -0.8807 0.0362 0.2532 -0.8933 0.0473 0.2406 -0.891 0.0287 0.2599
159.0 -0.9507 0.0237 0.2591 -0.8311 0.0289 0.2657 -0.8032 0.0357 0.2615 -0.8119 0.0498 0.2462 -0.8259 0.0595 0.2349 -0.8488 0.0649 0.227 -0.8708 0.0143 0.2766 -0.8764 0.0264 0.2637 -0.8862 0.0373 0.2516 -0.8985 0.0472 0.2402 -0.8965 0.0298 0.2582
160.0 -0.954 0.0227 0.2598 -0.8342 0.0315 0.2627 -0.8037 0.0381 0.259 -0.8213 0.0485 0.2466 -0.8317 0.0575 0.2364 -0.8546 0.0629 0.2285 -0.8768 0.0135 0.2768 -0.884 0.0248 0.2646 -0.8939 0.0363 0.2519 -0.9064 0.0468 0.2399 -0.903 0.0288 0.2586
161.0 -0.9648 0.0236 0.2578 -0.8523 0.0248 0.2678 -0.8221 0.0331 0.2622 -0.8309 0.0478 0.2463 -0.8432 0.0578 0.2349 -0.8652 0.0627 0.2277 -0.89 0.0136 0.2755 -0.8946 0.0252 0.2632 -0.9036 0.0362 0.251 -0.916 0.0467 0.239 -0.9138 0.0291 0.2573
162.0 -0.9711 0.0246 0.2561 -0.8609 0.0236 0.2681 -0.8299 0.0321 0.2625 -0.8381 0.0487 0.2447 -0.8493 0.0576 0.2345 -0.8728 0.0611 0.2286 -0.8994 0.0123 0.2758 -0.9041 0.0239 0.2635 -0.9113 0.0351 0.2513 -0.9228 0.0452 0.2399 -0.9217 0.0282 0.2573
163.0 -0.9848 0.0228 0.2567 -0.8679 0.0233 0.2677 -0.8525 0.0309 0.2615 -0.8581 0.0478 0.2436 -0.8692 0.0555 0.2347 -0.891 0.0599 0.228 -0.9166 0.01 0.2765 -0.9221 0.0215 0.2642 -0.9303 0.0326 0.252 -0.9409 0.0434 0.24 -0.939 0.026 0.2579
164.0 -0.9911 0.0232 0.2557 -0.8726 0.0251 0.2654 -0.8587 0.0306 0.2611 -0.8641 0.0464 0.2445 -0.8753 0.0553 0.2343 -0.8963 0.0598 0.2276 -0.9229 0.011 0.2749 -0.9284 0.0218 0.2632 -0.9364 0.0324 0.2517 -0.9468 0.0419 0.2408 -0.9451 0.0261 0.2572
165.0 -0.9991 0.0239 0.2541 -0.8906 0.0221 0.2667 -0.8647 0.0298 0.2614 -0.8693 0.0463 0.2441 -0.8814 0.0551 0.2339 -0.9024 0.0595 0.2272 -0.93 0.0112 0.2739 -0.9346 0.0222 0.2622 -0.9426 0.0327 0.2507 -0.9522 0.0424 0.2398 -0.9517 0.0265 0.2561
166.0 -1.0035 0.0239 0.2536 -0.8985 0.0222 0.2658 -0.8727 0.0306 0.2598 -0.878 0.0457 0.2438 -0.8892 0.0546 0.2336 -0.9085 0.0593 0.2268 -0.9361 0.011 0.2735 -0.9408 0.0226 0.2612 -0.9481 0.0338 0.249 -0.9585 0.0434 0.2382 -0.9574 0.027 0.2551
167.0 -1.0053 0.0243 0.2531 -0.9039 0.0227 0.2648 -0.8769 0.0294 0.2606 -0.8833 0.0456 0.2434 -0.8945 0.0545 0.2332 -0.9138 0.0592 0.2264 -0.9404 0.0104 0.2737 -0.9444 0.0227 0.2607 -0.9516 0.034 0.2485 -0.9613 0.0443 0.237 -0.9606 0.0271 0.2546
168.0 -1.0124 0.0245 0.2521 -0.9116 0.0217 0.2651 -0.883 0.0292 0.2602 -0.8884 0.0449 0.2436 -0.8989 0.0545 0.2327 -0.9199 0.059 0.226 -0.9475 0.0107 0.2727 -0.9506 0.0231 0.2597 -0.957 0.0345 0.2475 -0.9675 0.0441 0.2366 -0.967 0.0274 0.2537
169.0 -1.0191 0.0224 0.2536 -0.9029 0.0271 0.2604 -0.8903 0.0306 0.258 -0.8964 0.0451 0.2426 -0.9076 0.054 0.2324 -0.9261 0.0588 0.2257 -0.9535 0.0099 0.2729 -0.9582 0.0215 0.2606 -0.9655 0.0327 0.2484 -0.9752 0.043 0.2369 -0.9743 0.0259 0.2545
170.0 -1.0199 0.0223 0.2536 -0.9108 0.0273 0.2594 -0.8954 0.0293 0.2588 -0.903 0.043 0.2441 -0.9128 0.0533 0.2326 -0.932 0.0574 0.2265 -0.9578 0.0093 0.2731 -0.9625 0.0209 0.2608 -0.9698 0.0321 0.2486 -0.9795 0.0424 0.2371 -0.9779 0.0254 0.2546
171.0 -1.0286 0.0217 0.2534 -0.9179 0.0275 0.2584 -0.9008 0.0304 0.2572 -0.9094 0.044 0.2425 -0.9196 0.0523 0.2329 -0.9373 0.0579 0.2255 -0.9629 0.008 0.2739 -0.9677 0.0202 0.261 -0.9759 0.0319 0.2482 -0.9858 0.0434 0.2355 -0.9842 0.0251 0.2544
172.0 -1.0349 0.0221 0.2524 -0.9181 0.0287 0.2572 -0.908 0.0313 0.2556 -0.9139 0.0446 0.2414 -0.9251 0.0534 0.2312 -0.9427 0.0584 0.2244 -0.9675 0.0092 0.2722 -0.973 0.0207 0.2599 -0.9811 0.0318 0.2478 -0.991 0.0427 0.2357 -0.9895 0.0253 0.2536
173.0 -1.0394 0.0227 0.2513 -0.9259 0.0277 0.2575 -0.9124 0.0313 0.2551 -0.9203 0.0461 0.2392 -0.9312 0.0532 0.2308 -0.9481 0.0589 0.2234 -0.9735 0.0084 0.2725 -0.9792 0.0205 0.2596 -0.9874 0.0322 0.2468 -0.9971 0.0425 0.2353 -0.9953 0.0253 0.2531
174.0 -1.0734 0.0261 0.2445 -0.9838 0.0321 0.2473 -0.9526 0.0345 0.2479 -0.9616 0.0461 0.2352 -0.9735 0.0536 0.2262 -0.9894 0.0588 0.2194 -1.0053 0.0139 0.2637 -1.0082 0.0257 0.2513 -1.0145 0.0365 0.2397 -1.024 0.0456 0.2294 -1.0251 0.0296 0.2457
175.0 -1.0823 0.0267 0.2429 -0.9964 0.0334 0.2446 -0.9589 0.0354 0.2463 -0.968 0.047 0.2335 -0.9781 0.0548 0.2245 -0.9941 0.0606 0.217 -1.0116 0.0149 0.2621 -1.0146 0.0267 0.2497 -1.0207 0.0369 0.2387 -1.0312 0.0464 0.2279 -1.0321 0.0303 0.2443
176.0 -1.0843 0.0283 0.2412 -1.0017 0.0339 0.2436 -0.9687 0.0359 0.2448 -0.9753 0.0485 0.2313 -0.988 0.0559 0.2224 -1.0037 0.0599 0.2168 -1.0196 0.0156 0.2605 -1.0217 0.0276 0.2481 -1.0279 0.0377 0.2371 -1.0366 0.0469 0.2268 -1.038 0.0312 0.2427
177.0 -1.095 0.0287 0.2397 -1.0071 0.0344 0.2425 -0.9741 0.037 0.2431 -0.986 0.0495 0.2292 -1.0002 0.0555 0.2217 -1.0147 0.0578 0.2178 -1.0283 0.0151 0.2602 -1.0297 0.0277 0.2472 -1.036 0.0385 0.2355 -1.0446 0.0477 0.2253 -1.0467 0.0315 0.2416
178.0 -1.0941 0.0288 0.2397 -1.0105 0.034 0.2427 -0.9794 0.0369 0.2427 -0.9913 0.0494 0.2288 -1.0031 0.0569 0.2199 -1.0187 0.0603 0.2149 -1.0339 0.0168 0.2579 -1.0352 0.0288 0.2455 -1.0406 0.0397 0.2338 -1.0491 0.0483 0.2242 -1.0506 0.0325 0.2402
179.0 -1.0948 0.0281 0.2403 -1.0064 0.0351 0.2419 -0.9874 0.0377 0.2411 -0.998 0.0479 0.2297 -1.0081 0.0551 0.2213 -1.023 0.0598 0.215 -1.0393 0.0173 0.2569 -1.0423 0.0297 0.2439 -1.0478 0.0405 0.2322 -1.0554 0.0487 0.2232 -1.0559 0.0328 0.2393
180.0 -1.0973 0.0271 0.241 -1.0066 0.0314 0.2456 -0.9929 0.0388 0.2395 -1.0025 0.0485 0.2286 -1.0124 0.0545 0.2215 -1.028 0.0585 0.2159 -1.0447 0.0177 0.2559 -1.0485 0.0295 0.2435 -1.0546 0.0396 0.2325 -1.0622 0.0477 0.2234 -1.0615 0.0323 0.2393
181.0 -1.1075 0.0251 0.2421 -1.0233 0.0365 0.2388 -0.9971 0.0376 0.2403 -1.0064 0.0504 0.2263 -1.0156 0.0577 0.2179 -1.0336 0.0602 0.2136 -1.0514 0.0162 0.2567 -1.0551 0.0273 0.245 -1.0612 0.0369 0.2346 -1.0706 0.0454 0.225 -1.0692 0.0302 0.2407
182.0 -1.1156 0.0259 0.2405 -1.0389 0.035 0.2388 -1.0016 0.0382 0.2392 -1.0105 0.0486 0.2277 -1.0198 0.0565 0.2187 -1.0369 0.0591 0.2143 -1.0548 0.0152 0.2575 -1.0575 0.0258 0.2464 -1.0645 0.0358 0.2354 -1.0748 0.0442 0.2258 -1.0734 0.0294 0.2411
183.0 -1.127 0.0256 0.2397 -1.0431 0.0338 0.2396 -1.0057 0.0364 0.2406 -1.0137 0.047 0.229 -1.0257 0.0551 0.2195 -1.0446 0.0575 0.2153 -1.0616 0.0142 0.2578 -1.0643 0.0243 0.2472 -1.0713 0.0343 0.2363 -1.0824 0.0426 0.2267 -1.0813 0.0282 0.2415
184.0 -1.1271 0.0262 0.2391 -1.0464 0.0328 0.2403 -1.0091 0.036 0.2407 -1.0207 0.0466 0.2287 -1.0308 0.0544 0.2197 -1.0489 0.0569 0.2154 -1.0635 0.0146 0.2572 -1.0654 0.0259 0.2454 -1.0724 0.0354 0.2351 -1.0835 0.0437 0.2255 -1.0824 0.0292 0.2405
185.0 -1.1306 0.0263 0.2386 -1.0491 0.033 0.2398 -1.0111 0.0369 0.2396 -1.0242 0.0468 0.2282 -1.0334 0.0541 0.2198 -1.0507 0.0572 0.2149 -1.0661 0.0148 0.2567 -1.0691 0.0267 0.2443 -1.0752 0.0362 0.2339 -1.0853 0.044 0.225 -1.0853 0.0296 0.2397
186.0 -1.1359 0.0262 0.2382 -1.0534 0.0325 0.24 -1.0187 0.0353 0.2405 -1.0301 0.0454 0.2291 -1.0395 0.0539 0.2194 -1.0542 0.0574 0.2144 -1.073 0.0139 0.257 -1.0749 0.0247 0.2458 -1.081 0.0342 0.2354 -1.0904 0.0427 0.2258 -1.091 0.0283 0.2404
187.0 -1.1377 0.0266 0.2376 -1.0588 0.0329 0.2389 -1.0216 0.0367 0.2387 -1.0313 0.047 0.2272 -1.043 0.0534 0.2196 -1.0577 0.0569 0.2145 -1.0747 0.0137 0.257 -1.0767 0.025 0.2452 -1.0829 0.0352 0.2342 -1.0914 0.0438 0.2246 -1.0927 0.0289 0.2397
188.0 -1.15 0.0267 0.2362 -1.0664 0.0313 0.2398 -1.0371 0.0347 0.2393 -1.046 0.0457 0.2272 -1.0555 0.0548 0.2169 -1.0718 0.0574 0.2126 -1.0915 0.0139 0.2552 -1.0942 0.0245 0.244 -1.0995 0.0348 0.233 -1.1081 0.0434 0.2233 -1.1087 0.0287 0.2384
189.0 -1.1723 0.028 0.2327 -1.0878 0.0333 0.2357 -1.0524 0.0369 0.2355 -1.0573 0.0496 0.222 -1.0724 0.0555 0.2145 -1.0897 0.0587 0.2095 -1.106 0.0162 0.2514 -1.1078 0.0269 0.2402 -1.113 0.036 0.2304 -1.1223 0.0439 0.2214 -1.1243 0.0302 0.2352
190.0 -1.1723 0.028 0.2327 -1.0915 0.034 0.2346 -1.056 0.0376 0.2344 -1.0626 0.0501 0.221 -1.0753 0.057 0.2127 -1.0924 0.0596 0.2084 -1.1104 0.0162 0.2509 -1.1114 0.0271 0.2397 -1.1166 0.0367 0.2293 -1.126 0.0452 0.2197 -1.1273 0.0307 0.2345
191.0 -1.182 0.0285 0.2312 -1.0971 0.0357 0.2323 -1.0604 0.0376 0.234 -1.0645 0.0505 0.2204 -1.0798 0.0576 0.2116 -1.0951 0.0598 0.2078 -1.1123 0.0172 0.2497 -1.1148 0.0266 0.2398 -1.12 0.0363 0.2294 -1.1293 0.0442 0.2204 -1.1317 0.0306 0.2341
192.0 -1.1864 0.0285 0.2307 -1.0989 0.0361 0.2317 -1.0653 0.04 0.231 -1.0709 0.0521 0.2182 -1.0843 0.0582 0.2106 -1.0996 0.0604 0.2068 -1.1143 0.0187 0.2479 -1.1177 0.028 0.2381 -1.1238 0.0376 0.2277 -1.1331 0.0455 0.2187 -1.1351 0.0317 0.2326
193.0 -1.1898 0.0275 0.2315 -1.1016 0.0363 0.2312 -1.068 0.0403 0.2305 -1.0755 0.0533 0.2165 -1.0907 0.0598 0.2083 -1.1069 0.0619 0.2046 -1.1179 0.0189 0.2474 -1.1215 0.0294 0.2363 -1.1283 0.0382 0.2266 -1.1386 0.0466 0.217 -1.1392 0.0321 0.2318
194.0 -1.195 0.0274 0.2311 -1.1057 0.0346 0.2326 -1.0722 0.0397 0.2307 -1.079 0.0528 0.2166 -1.0932 0.0588 0.209 -1.1084 0.0604 0.2059 -1.1214 0.019 0.247 -1.1257 0.0282 0.2371 -1.1333 0.0369 0.2274 -1.1428 0.0454 0.2178 -1.1436 0.0314 0.2321
195.0 -1.1945 0.0293 0.2292 -1.1095 0.0365 0.2303 -1.0741 0.04 0.2301 -1.0815 0.0525 0.2167 -1.095 0.0592 0.2085 -1.1105 0.062 0.2041 -1.1233 0.02 0.2458 -1.126 0.03 0.2353 -1.1329 0.0394 0.2249 -1.1423 0.0479 0.2153 -1.1438 0.0333 0.2301
196.0 -1.1953 0.0292 0.2292 -1.1112 0.0362 0.2303 -1.076 0.041 0.229 -1.0844 0.0539 0.2149 -1.0978 0.06 0.2073 -1.1132 0.0623 0.2036 -1.1268 0.0195 0.2459 -1.1303 0.0294 0.2354 -1.1372 0.0389 0.2251 -1.1466 0.0474 0.2155 -1.1472 0.0329 0.2302
197.0 -1.1999 0.0304 0.2275 -1.1123 0.0373 0.2291 -1.0779 0.042 0.2278 -1.0855 0.055 0.2137 -1.0988 0.0605 0.2067 -1.114 0.0621 0.2036 -1.1261 0.0208 0.2446 -1.1296 0.0307 0.2342 -1.1366 0.0402 0.2238 -1.146 0.0487 0.2142 -1.1476 0.0341 0.2289
198.0 -1.1983 0.0312 0.2268 -1.114 0.0371 0.2292 -1.0796 0.0417 0.2279 -1.0872 0.0548 0.2138 -1.1007 0.0615 0.2056 -1.1152 0.0638 0.2018 -1.1297 0.0209 0.2442 -1.1332 0.0308 0.2337 -1.1392 0.0404 0.2233 -1.1487 0.0495 0.213 -1.1498 0.0346 0.2282
199.0 -1.1975 0.0313 0.2268 -1.1165 0.0361 0.2299 -1.0805 0.0416 0.2279 -1.0871 0.0542 0.2144 -1.1015 0.0608 0.2062 -1.1177 0.0629 0.2025 -1.1298 0.0215 0.2435 -1.1324 0.0316 0.233 -1.1392 0.0404 0.2233 -1.1495 0.0488 0.2137 -1.1497 0.0347 0.2281
200.0 -1.1966 0.0314 0.2268 -1.1157 0.0369 0.2293 -1.0807 0.0428 0.2267 -1.0897 0.0538 0.2145 -1.1031 0.0599 0.2069 -1.1178 0.0635 0.2019 -1.1306 0.0214 0.2436 -1.1333 0.0314 0.2331 -1.1393 0.041 0.2227 -1.1496 0.0494 0.2131 -1.1499 0.0349 0.2278
