1.0 -1.067 0.0245 0.2467 -0.9676 -0.0201 0.3022 -0.9027 0.0058 0.2822 -0.9008 0.025 0.2628 -0.9237 0.0506 0.2343 -0.9645 0.0725 0.2078 -0.985 0.0087 0.271 -0.9842 0.0241 0.2554 -0.9909 0.0372 0.2413 -1.0052 0.0487 0.2281 -1.0064 0.0286 0.2485
2.0 -1.0695 0.0291 0.2418 -0.9678 -0.014 0.296 -0.9101 0.0127 0.2744 -0.9112 0.0345 0.2519 -0.9346 0.0576 0.226 -0.9781 0.0799 0.1989 -0.9881 0.0162 0.263 -0.988 0.0309 0.248 -0.9964 0.0438 0.234 -1.0116 0.0552 0.2209 -1.0107 0.035 0.2415
3.0 -1.0719 0.0324 0.2382 -0.9713 -0.009 0.2905 -0.9128 0.0184 0.2682 -0.9156 0.0394 0.2465 -0.9383 0.0633 0.2199 -0.9807 0.0844 0.194 -0.9906 0.0208 0.2581 -0.9906 0.0354 0.2431 -0.9989 0.0477 0.2297 -1.014 0.0585 0.2172 -1.0132 0.039 0.2373
4.0 -1.074 0.0346 0.2358 -0.9738 -0.0051 0.2862 -0.9161 0.0223 0.264 -0.9172 0.0435 0.2422 -0.9402 0.0642 0.2187 -0.983 0.0878 0.1904 -0.9913 0.0243 0.2544 -0.992 0.0383 0.2401 -1.0011 0.0505 0.2267 -1.017 0.0606 0.2148 -1.0151 0.0417 0.2343
5.0 -1.0733 0.0359 0.2345 -0.9748 -0.0046 0.2856 -0.9156 0.0242 0.2621 -0.9193 0.0457 0.2398 -0.9424 0.067 0.2157 -0.9837 0.0864 0.1917 -0.9924 0.026 0.2526 -0.9932 0.0406 0.2376 -1.0024 0.0528 0.2242 -1.0181 0.0623 0.213 -1.0159 0.0435 0.2324
6.0 -1.0737 0.0377 0.2326 -0.9758 -0.0035 0.2844 -0.9167 0.0253 0.2609 -0.9197 0.0474 0.2379 -0.945 0.0666 0.2158 -0.9836 0.0859 0.1923 -0.9928 0.0278 0.2507 -0.9933 0.0412 0.237 -1.0025 0.0534 0.2236 -1.0174 0.063 0.2123 -1.0159 0.0446 0.2313
7.0 -1.0729 0.0384 0.232 -0.9759 -0.0029 0.2838 -0.9167 0.0253 0.2609 -0.9187 0.047 0.2385 -0.9434 0.0675 0.2151 -0.9811 0.0868 0.1916 -0.9928 0.0278 0.2507 -0.9933 0.0412 0.237 -1.0024 0.0528 0.2242 -1.0164 0.0625 0.2129 -1.0156 0.0445 0.2314
8.0 -1.0432 0.0296 0.2439 -0.9534 -0.0212 0.3048 -0.8902 0.005 0.2842 -0.8906 0.0269 0.2617 -0.9151 0.0517 0.234 -0.9544 0.0702 0.2111 -0.9663 0.0124 0.2691 -0.9654 0.0272 0.254 -0.9737 0.0395 0.2406 -0.9878 0.0499 0.2287 -0.9873 0.0317 0.2473
9.0 -1.0443 0.0306 0.2427 -0.9536 -0.02 0.3035 -0.8912 0.0055 0.2836 -0.8898 0.0277 0.2611 -0.9144 0.0524 0.2333 -0.953 0.0723 0.2092 -0.9664 0.013 0.2684 -0.9654 0.0272 0.254 -0.972 0.0398 0.2405 -0.9853 0.0508 0.228 -0.9867 0.0323 0.2467
10.0 -1.0434 0.0307 0.2427 -0.9527 -0.0199 0.3035 -0.8902 0.005 0.2842 -0.8889 0.0278 0.2611 -0.9145 0.053 0.2327 -0.9528 0.0711 0.2105 -0.9656 0.0132 0.2684 -0.9645 0.0273 0.254 -0.972 0.0398 0.2405 -0.9853 0.0508 0.228 -0.9862 0.0324 0.2467
11.0 -1.0434 0.0307 0.2427 -0.9521 -0.0186 0.3022 -0.8904 0.0062 0.283 -0.8899 0.0283 0.2605 -0.9127 0.0527 0.2333 -0.9521 0.0718 0.2098 -0.9664 0.013 0.2684 -0.9654 0.0272 0.254 -0.9728 0.0397 0.2406 -0.9853 0.0508 0.228 -0.9867 0.0323 0.2467
12.0 -1.0435 0.0313 0.2421 -0.9511 -0.0191 0.3028 -0.8903 0.0056 0.2836 -0.8898 0.0277 0.2611 -0.9127 0.0527 0.2333 -0.9512 0.0719 0.2098 -0.9656 0.0132 0.2684 -0.9645 0.0273 0.254 -0.9711 0.0399 0.2405 -0.9845 0.0509 0.2279 -0.9858 0.0325 0.2466
13.0 -1.0417 0.031 0.2426 -0.9492 -0.0201 0.304 -0.8886 0.0058 0.2835 -0.888 0.0273 0.2616 -0.9104 0.0499 0.2363 -0.9495 0.0721 0.2097 -0.9646 0.0127 0.269 -0.9636 0.0269 0.2546 -0.9702 0.0394 0.2411 -0.9835 0.0504 0.2285 -0.9847 0.0321 0.2472
14.0 -1.04 0.0312 0.2426 -0.9484 -0.0193 0.3033 -0.8886 0.0058 0.2835 -0.888 0.0273 0.2616 -0.9098 0.0512 0.235 -0.9484 0.0711 0.2109 -0.9637 0.0128 0.269 -0.9618 0.0271 0.2545 -0.9693 0.0395 0.2411 -0.9827 0.0505 0.2285 -0.9835 0.0322 0.2471
15.0 -1.0379 0.0297 0.2444 -0.9468 -0.0185 0.3026 -0.8868 0.0055 0.2841 -0.887 0.0268 0.2622 -0.9089 0.0513 0.235 -0.9483 0.0705 0.2115 -0.9619 0.0124 0.2695 -0.9609 0.0266 0.2551 -0.9682 0.0384 0.2423 -0.9816 0.0495 0.2297 -0.9821 0.0313 0.2482
16.0 -1.0366 0.0323 0.2418 -0.9435 -0.0175 0.3019 -0.8861 0.0068 0.2828 -0.8853 0.027 0.2622 -0.9051 0.0494 0.2373 -0.9424 0.0719 0.2107 -0.961 0.0125 0.2695 -0.96 0.0267 0.2551 -0.9666 0.0393 0.2416 -0.9791 0.0504 0.229 -0.9807 0.0322 0.2474
17.0 -1.0347 0.0313 0.243 -0.942 -0.016 0.3006 -0.8852 0.0063 0.2834 -0.8842 0.026 0.2634 -0.9024 0.0492 0.2379 -0.9388 0.0711 0.2118 -0.9593 0.0128 0.2694 -0.9582 0.0264 0.2556 -0.9657 0.0388 0.2422 -0.9782 0.0499 0.2295 -0.9792 0.0318 0.2479
18.0 -1.0346 0.0307 0.2436 -0.9386 -0.015 0.2998 -0.8836 0.0071 0.2827 -0.8836 0.0273 0.2621 -0.9013 0.0481 0.2391 -0.936 0.0703 0.2129 -0.9594 0.0134 0.2688 -0.9591 0.0263 0.2557 -0.9657 0.0388 0.2422 -0.9782 0.0499 0.2295 -0.9794 0.0318 0.248
19.0 -1.0292 0.0302 0.2446 -0.9364 -0.0128 0.2979 -0.8836 0.0071 0.2827 -0.8835 0.0267 0.2627 -0.9011 0.0469 0.2403 -0.9363 0.0672 0.2161 -0.9585 0.0129 0.2694 -0.9581 0.0258 0.2562 -0.9647 0.0383 0.2428 -0.9763 0.0496 0.2301 -0.9774 0.0314 0.2486
20.0 -1.0247 0.0296 0.2457 -0.933 -0.0118 0.2971 -0.8838 0.0083 0.2815 -0.8837 0.0279 0.2615 -0.9001 0.0464 0.2409 -0.9336 0.0669 0.2166 -0.9575 0.0124 0.27 -0.9581 0.0258 0.2562 -0.9646 0.0377 0.2434 -0.9762 0.049 0.2307 -0.9762 0.0309 0.2492
21.0 -1.0212 0.0295 0.2462 -0.9311 -0.0078 0.2933 -0.8869 0.011 0.2785 -0.8832 0.0304 0.259 -0.8986 0.0478 0.2396 -0.9329 0.0677 0.2159 -0.9594 0.0134 0.2688 -0.9599 0.0261 0.2557 -0.9655 0.0382 0.2428 -0.9771 0.0489 0.2308 -0.9766 0.0312 0.2488
22.0 -1.0241 0.0309 0.2444 -0.9305 -0.0059 0.2914 -0.8856 0.0136 0.2759 -0.8825 0.0311 0.2583 -0.8979 0.0486 0.2389 -0.9328 0.0671 0.2165 -0.9586 0.0135 0.2688 -0.9591 0.0263 0.2557 -0.9654 0.0376 0.2434 -0.9771 0.0489 0.2308 -0.9768 0.0314 0.2486
23.0 -1.024 0.0303 0.2451 -0.9296 -0.0064 0.292 -0.8856 0.0136 0.2759 -0.8835 0.0316 0.2577 -0.899 0.0502 0.2371 -0.9335 0.0663 0.2172 -0.9578 0.0142 0.2681 -0.9591 0.0263 0.2557 -0.9663 0.0375 0.2434 -0.9771 0.0489 0.2308 -0.9768 0.0314 0.2486
24.0 -1.0231 0.0304 0.245 -0.9297 -0.0058 0.2914 -0.8865 0.0141 0.2753 -0.8854 0.0325 0.2566 -0.9009 0.0506 0.2365 -0.9345 0.0668 0.2166 -0.9588 0.0147 0.2675 -0.96 0.0267 0.2551 -0.9674 0.0386 0.2422 -0.9782 0.0499 0.2295 -0.9775 0.0321 0.2479
25.0 -1.0286 0.0315 0.2434 -0.9305 -0.0059 0.2914 -0.8866 0.0146 0.2747 -0.8845 0.0326 0.2565 -0.9016 0.0499 0.2372 -0.9346 0.0674 0.216 -0.9596 0.0146 0.2675 -0.96 0.0267 0.2551 -0.9673 0.038 0.2429 -0.9789 0.0492 0.2302 -0.9789 0.032 0.2478
26.0 -1.0269 0.0318 0.2433 -0.9314 -0.0061 0.2914 -0.8859 0.0154 0.2741 -0.8847 0.0338 0.2553 -0.8991 0.0508 0.2365 -0.9355 0.0673 0.216 -0.9588 0.0147 0.2675 -0.96 0.0267 0.2551 -0.9664 0.0381 0.2428 -0.9789 0.0492 0.2302 -0.9782 0.0321 0.2478
27.0 -1.026 0.0319 0.2433 -0.9297 -0.0058 0.2914 -0.8866 0.0146 0.2747 -0.8847 0.0338 0.2553 -0.9 0.0507 0.2365 -0.9355 0.0673 0.216 -0.9596 0.0146 0.2675 -0.9609 0.0266 0.2551 -0.9681 0.0379 0.2429 -0.9789 0.0492 0.2302 -0.9787 0.032 0.2478
28.0 -1.0194 0.0291 0.2468 -0.9206 -0.0022 0.2885 -0.8844 0.0168 0.2727 -0.8828 0.0378 0.2515 -0.8969 0.053 0.2345 -0.9283 0.0664 0.2176 -0.955 0.0134 0.2692 -0.9571 0.0253 0.2568 -0.9644 0.0365 0.2446 -0.976 0.0478 0.232 -0.9744 0.0304 0.2499
29.0 -1.0149 0.0285 0.2478 -0.9163 -0.0016 0.2884 -0.8809 0.0172 0.2726 -0.8785 0.0383 0.2513 -0.8926 0.0535 0.2343 -0.9221 0.0667 0.218 -0.9515 0.0132 0.2697 -0.9544 0.025 0.2574 -0.9609 0.037 0.2445 -0.9726 0.0482 0.2318 -0.9709 0.0304 0.2502
30.0 -1.0122 0.0282 0.2484 -0.9121 -0.001 0.2882 -0.8765 0.0172 0.2731 -0.875 0.0388 0.2512 -0.8892 0.0546 0.2336 -0.9177 0.0666 0.2185 -0.9479 0.0131 0.2702 -0.95 0.025 0.2578 -0.9565 0.037 0.2449 -0.9672 0.0477 0.2329 -0.9668 0.0302 0.2508
31.0 -1.0086 0.0281 0.2488 -0.907 0.0003 0.2874 -0.8732 0.0183 0.2723 -0.8707 0.0394 0.251 -0.8848 0.0546 0.234 -0.9161 0.0675 0.2178 -0.9427 0.0132 0.2706 -0.9448 0.0251 0.2582 -0.952 0.0364 0.246 -0.9637 0.0476 0.2334 -0.9624 0.0301 0.2514
32.0 -1.0051 0.028 0.2493 -0.9008 -8.745e-05 0.2884 -0.8689 0.0189 0.2722 -0.8663 0.0394 0.2514 -0.8804 0.0546 0.2345 -0.9116 0.0669 0.2188 -0.94 0.0129 0.2712 -0.9421 0.0249 0.2587 -0.9486 0.0368 0.2459 -0.9593 0.0476 0.2338 -0.959 0.03 0.2518
33.0 -0.9997 0.0275 0.2504 -0.8938 0.0002 0.2887 -0.8627 0.0185 0.2732 -0.8612 0.0401 0.2512 -0.8761 0.0552 0.2343 -0.9063 0.0664 0.2199 -0.9322 0.0134 0.2715 -0.9351 0.0252 0.2591 -0.9424 0.0364 0.2469 -0.9547 0.0464 0.2355 -0.9528 0.0298 0.2527
34.0 -0.9962 0.0273 0.2509 -0.8898 0.0026 0.2867 -0.8591 0.0184 0.2736 -0.8575 0.0393 0.2524 -0.8735 0.0549 0.2349 -0.9037 0.0667 0.2198 -0.9285 0.0127 0.2726 -0.9306 0.0246 0.2602 -0.9387 0.0357 0.248 -0.9502 0.0458 0.2366 -0.9488 0.0292 0.2536
35.0 -0.9936 0.0277 0.2508 -0.8838 0.0034 0.2865 -0.8557 0.0188 0.2735 -0.8542 0.0404 0.2516 -0.8673 0.0551 0.2352 -0.8993 0.0667 0.2202 -0.925 0.0125 0.2731 -0.9271 0.0245 0.2607 -0.9352 0.0356 0.2485 -0.9468 0.0468 0.2358 -0.9455 0.0294 0.2538
36.0 -0.9928 0.0278 0.2507 -0.8785 0.0035 0.2869 -0.8504 0.0189 0.2739 -0.8482 0.0412 0.2514 -0.8648 0.0555 0.2351 -0.8957 0.0666 0.2207 -0.9206 0.0125 0.2735 -0.9227 0.0244 0.2611 -0.9309 0.0362 0.2483 -0.9433 0.0467 0.2363 -0.942 0.0295 0.254
37.0 -0.9802 0.0264 0.2534 -0.8707 0.004 0.2872 -0.8452 0.019 0.2744 -0.843 0.0419 0.2512 -0.8596 0.0562 0.2349 -0.8923 0.067 0.2206 -0.916 0.0113 0.2752 -0.9199 0.0236 0.2623 -0.9288 0.0346 0.2501 -0.9405 0.0459 0.2375 -0.9371 0.0284 0.2557
38.0 -0.9767 0.0263 0.2538 -0.8629 0.0044 0.2875 -0.8392 0.0198 0.2741 -0.838 0.0432 0.2503 -0.8537 0.0576 0.2341 -0.8869 0.0665 0.2216 -0.9107 0.0114 0.2756 -0.9155 0.0236 0.2627 -0.9238 0.0359 0.2493 -0.9354 0.0472 0.2366 -0.9324 0.0289 0.2556
39.0 -0.9597 0.0249 0.2569 -0.8365 0.0098 0.2846 -0.8188 0.0238 0.2721 -0.8163 0.0498 0.2458 -0.8362 0.063 0.2303 -0.8669 0.0674 0.2227 -0.8896 0.0112 0.2779 -0.8943 0.0234 0.265 -0.9034 0.035 0.2523 -0.9158 0.0455 0.2402 -0.9126 0.028 0.2585
40.0 -0.9478 0.0223 0.2608 -0.8266 0.0081 0.2874 -0.8028 0.0284 0.269 -0.8064 0.0536 0.2429 -0.8278 0.0653 0.2287 -0.8601 0.0689 0.2218 -0.8749 0.0132 0.2774 -0.8823 0.025 0.2646 -0.893 0.0358 0.2525 -0.908 0.046 0.2406 -0.9012 0.0284 0.2592
41.0 -0.9019 0.0163 0.2716 -0.7976 0.0035 0.295 -0.801 0.0231 0.2745 -0.8037 0.0381 0.259 -0.8067 0.0554 0.241 -0.8084 0.0649 0.2311 -0.8284 0.0085 0.2868 -0.8351 0.0216 0.2727 -0.8444 0.0344 0.2587 -0.856 0.0457 0.246 -0.8531 0.0253 0.2672
42.0 -0.8934 0.0131 0.2756 -0.7981 0.0064 0.2919 -0.8005 0.0202 0.2776 -0.803 0.0345 0.2627 -0.8055 0.0488 0.2478 -0.8078 0.0619 0.2342 -0.8097 0.0073 0.2898 -0.8155 0.0206 0.2757 -0.8274 0.033 0.2618 -0.8434 0.0437 0.2493 -0.8379 0.0235 0.2704
43.0 -0.8755 0.0162 0.2743 -0.7979 0.0052 0.2931 -0.8 0.0172 0.2807 -0.8027 0.0278 0.2696 -0.8039 0.0393 0.2578 -0.8068 0.056 0.2404 -0.7983 0.0076 0.2906 -0.8006 0.0208 0.277 -0.8046 0.0337 0.2634 -0.8178 0.0435 0.2521 -0.8194 0.0243 0.2715
43.0 -0.8755 0.0162 0.2743 -0.7979 0.0052 0.2931 -0.8 0.0172 0.2807 -0.8027 0.0278 0.2696 -0.8039 0.0393 0.2578 -0.8068 0.056 0.2404 -0.7983 0.0076 0.2906 -0.8006 0.0208 0.277 -0.8046 0.0337 0.2634 -0.8178 0.0435 0.2521 -0.8194 0.0243 0.2715
43.0 -0.8755 0.0162 0.2743 -0.7979 0.0052 0.2931 -0.8 0.0172 0.2807 -0.8027 0.0278 0.2696 -0.8039 0.0393 0.2578 -0.8068 0.056 0.2404 -0.7983 0.0076 0.2906 -0.8006 0.0208 0.277 -0.8046 0.0337 0.2634 -0.8178 0.0435 0.2521 -0.8194 0.0243 0.2715
43.0 -0.8755 0.0162 0.2743 -0.7979 0.0052 0.2931 -0.8 0.0172 0.2807 -0.8027 0.0278 0.2696 -0.8039 0.0393 0.2578 -0.8068 0.056 0.2404 -0.7983 0.0076 0.2906 -0.8006 0.0208 0.277 -0.8046 0.0337 0.2634 -0.8178 0.0435 0.2521 -0.8194 0.0243 0.2715
43.0 -0.8755 0.0162 0.2743 -0.7979 0.0052 0.2931 -0.8 0.0172 0.2807 -0.8027 0.0278 0.2696 -0.8039 0.0393 0.2578 -0.8068 0.056 0.2404 -0.7983 0.0076 0.2906 -0.8006 0.0208 0.277 -0.8046 0.0337 0.2634 -0.8178 0.0435 0.2521 -0.8194 0.0243 0.2715
43.0 -0.8755 0.0162 0.2743 -0.7979 0.0052 0.2931 -0.8 0.0172 0.2807 -0.8027 0.0278 0.2696 -0.8039 0.0393 0.2578 -0.8068 0.056 0.2404 -0.7983 0.0076 0.2906 -0.8006 0.0208 0.277 -0.8046 0.0337 0.2634 -0.8178 0.0435 0.2521 -0.8194 0.0243 0.2715
43.0 -0.8755 0.0162 0.2743 -0.7979 0.0052 0.2931 -0.8 0.0172 0.2807 -0.8027 0.0278 0.2696 -0.8039 0.0393 0.2578 -0.8068 0.056 0.2404 -0.7983 0.0076 0.2906 -0.8006 0.0208 0.277 -0.8046 0.0337 0.2634 -0.8178 0.0435 0.2521 -0.8194 0.0243 0.2715
43.0 -0.8755 0.0162 0.2743 -0.7979 0.0052 0.2931 -0.8 0.0172 0.2807 -0.8027 0.0278 0.2696 -0.8039 0.0393 0.2578 -0.8068 0.056 0.2404 -0.7983 0.0076 0.2906 -0.8006 0.0208 0.277 -0.8046 0.0337 0.2634 -0.8178 0.0435 0.2521 -0.8194 0.0243 0.2715
43.0 -0.8755 0.0162 0.2743 -0.7979 0.0052 0.2931 -0.8 0.0172 0.2807 -0.8027 0.0278 0.2696 -0.8039 0.0393 0.2578 -0.8068 0.056 0.2404 -0.7983 0.0076 0.2906 -0.8006 0.0208 0.277 -0.8046 0.0337 0.2634 -0.8178 0.0435 0.2521 -0.8194 0.0243 0.2715
43.0 -0.8755 0.0162 0.2743 -0.7979 0.0052 0.2931 -0.8 0.0172 0.2807 -0.8027 0.0278 0.2696 -0.8039 0.0393 0.2578 -0.8068 0.056 0.2404 -0.7983 0.0076 0.2906 -0.8006 0.0208 0.277 -0.8046 0.0337 0.2634 -0.8178 0.0435 0.2521 -0.8194 0.0243 0.2715
43.0 -0.8755 0.0162 0.2743 -0.7979 0.0052 0.2931 -0.8 0.0172 0.2807 -0.8027 0.0278 0.2696 -0.8039 0.0393 0.2578 -0.8068 0.056 0.2404 -0.7983 0.0076 0.2906 -0.8006 0.0208 0.277 -0.8046 0.0337 0.2634 -0.8178 0.0435 0.2521 -0.8194 0.0243 0.2715
43.0 -0.8755 0.0162 0.2743 -0.7979 0.0052 0.2931 -0.8 0.0172 0.2807 -0.8027 0.0278 0.2696 -0.8039 0.0393 0.2578 -0.8068 0.056 0.2404 -0.7983 0.0076 0.2906 -0.8006 0.0208 0.277 -0.8046 0.0337 0.2634 -0.8178 0.0435 0.2521 -0.8194 0.0243 0.2715
43.0 -0.8755 0.0162 0.2743 -0.7979 0.0052 0.2931 -0.8 0.0172 0.2807 -0.8027 0.0278 0.2696 -0.8039 0.0393 0.2578 -0.8068 0.056 0.2404 -0.7983 0.0076 0.2906 -0.8006 0.0208 0.277 -0.8046 0.0337 0.2634 -0.8178 0.0435 0.2521 -0.8194 0.0243 0.2715
43.0 -0.8755 0.0162 0.2743 -0.7979 0.0052 0.2931 -0.8 0.0172 0.2807 -0.8027 0.0278 0.2696 -0.8039 0.0393 0.2578 -0.8068 0.056 0.2404 -0.7983 0.0076 0.2906 -0.8006 0.0208 0.277 -0.8046 0.0337 0.2634 -0.8178 0.0435 0.2521 -0.8194 0.0243 0.2715
43.0 -0.8755 0.0162 0.2743 -0.7979 0.0052 0.2931 -0.8 0.0172 0.2807 -0.8027 0.0278 0.2696 -0.8039 0.0393 0.2578 -0.8068 0.056 0.2404 -0.7983 0.0076 0.2906 -0.8006 0.0208 0.277 -0.8046 0.0337 0.2634 -0.8178 0.0435 0.2521 -0.8194 0.0243 0.2715
43.0 -0.8755 0.0162 0.2743 -0.7979 0.0052 0.2931 -0.8 0.0172 0.2807 -0.8027 0.0278 0.2696 -0.8039 0.0393 0.2578 -0.8068 0.056 0.2404 -0.7983 0.0076 0.2906 -0.8006 0.0208 0.277 -0.8046 0.0337 0.2634 -0.8178 0.0435 0.2521 -0.8194 0.0243 0.2715
43.0 -0.8755 0.0162 0.2743 -0.7979 0.0052 0.2931 -0.8 0.0172 0.2807 -0.8027 0.0278 0.2696 -0.8039 0.0393 0.2578 -0.8068 0.056 0.2404 -0.7983 0.0076 0.2906 -0.8006 0.0208 0.277 -0.8046 0.0337 0.2634 -0.8178 0.0435 0.2521 -0.8194 0.0243 0.2715
43.0 -0.8755 0.0162 0.2743 -0.7979 0.0052 0.2931 -0.8 0.0172 0.2807 -0.8027 0.0278 0.2696 -0.8039 0.0393 0.2578 -0.8068 0.056 0.2404 -0.7983 0.0076 0.2906 -0.8006 0.0208 0.277 -0.8046 0.0337 0.2634 -0.8178 0.0435 0.2521 -0.8194 0.0243 0.2715
43.0 -0.8755 0.0162 0.2743 -0.7979 0.0052 0.2931 -0.8 0.0172 0.2807 -0.8027 0.0278 0.2696 -0.8039 0.0393 0.2578 -0.8068 0.056 0.2404 -0.7983 0.0076 0.2906 -0.8006 0.0208 0.277 -0.8046 0.0337 0.2634 -0.8178 0.0435 0.2521 -0.8194 0.0243 0.2715
43.0 -0.8755 0.0162 0.2743 -0.7979 0.0052 0.2931 -0.8 0.0172 0.2807 -0.8027 0.0278 0.2696 -0.8039 0.0393 0.2578 -0.8068 0.056 0.2404 -0.7983 0.0076 0.2906 -0.8006 0.0208 0.277 -0.8046 0.0337 0.2634 -0.8178 0.0435 0.2521 -0.8194 0.0243 0.2715
43.0 -0.8755 0.0162 0.2743 -0.7979 0.0052 0.2931 -0.8 0.0172 0.2807 -0.8027 0.0278 0.2696 -0.8039 0.0393 0.2578 -0.8068 0.056 0.2404 -0.7983 0.0076 0.2906 -0.8006 0.0208 0.277 -0.8046 0.0337 0.2634 -0.8178 0.0435 0.2521 -0.8194 0.0243 0.2715
43.0 -0.8755 0.0162 0.2743 -0.7979 0.0052 0.2931 -0.8 0.0172 0.2807 -0.8027 0.0278 0.2696 -0.8039 0.0393 0.2578 -0.8068 0.056 0.2404 -0.7983 0.0076 0.2906 -0.8006 0.0208 0.277 -0.8046 0.0337 0.2634 -0.8178 0.0435 0.2521 -0.8194 0.0243 0.2715
43.0 -0.8755 0.0162 0.2743 -0.7979 0.0052 0.2931 -0.8 0.0172 0.2807 -0.8027 0.0278 0.2696 -0.8039 0.0393 0.2578 -0.8068 0.056 0.2404 -0.7983 0.0076 0.2906 -0.8006 0.0208 0.277 -0.8046 0.0337 0.2634 -0.8178 0.0435 0.2521 -0.8194 0.0243 0.2715
43.0 -0.8755 0.0162 0.2743 -0.7979 0.0052 0.2931 -0.8 0.0172 0.2807 -0.8027 0.0278 0.2696 -0.8039 0.0393 0.2578 -0.8068 0.056 0.2404 -0.7983 0.0076 0.2906 -0.8006 0.0208 0.277 -0.8046 0.0337 0.2634 -0.8178 0.0435 0.2521 -0.8194 0.0243 0.2715
43.0 -0.8755 0.0162 0.2743 -0.7979 0.0052 0.2931 -0.8 0.0172 0.2807 -0.8027 0.0278 0.2696 -0.8039 0.0393 0.2578 -0.8068 0.056 0.2404 -0.7983 0.0076 0.2906 -0.8006 0.0208 0.277 -0.8046 0.0337 0.2634 -0.8178 0.0435 0.2521 -0.8194 0.0243 0.2715
43.0 -0.8755 0.0162 0.2743 -0.7979 0.0052 0.2931 -0.8 0.0172 0.2807 -0.8027 0.0278 0.2696 -0.8039 0.0393 0.2578 -0.8068 0.056 0.2404 -0.7983 0.0076 0.2906 -0.8006 0.0208 0.277 -0.8046 0.0337 0.2634 -0.8178 0.0435 0.2521 -0.8194 0.0243 0.2715
43.0 -0.8755 0.0162 0.2743 -0.7979 0.0052 0.2931 -0.8 0.0172 0.2807 -0.8027 0.0278 0.2696 -0.8039 0.0393 0.2578 -0.8068 0.056 0.2404 -0.7983 0.0076 0.2906 -0.8006 0.0208 0.277 -0.8046 0.0337 0.2634 -0.8178 0.0435 0.2521 -0.8194 0.0243 0.2715
43.0 -0.8755 0.0162 0.2743 -0.7979 0.0052 0.2931 -0.8 0.0172 0.2807 -0.8027 0.0278 0.2696 -0.8039 0.0393 0.2578 -0.8068 0.056 0.2404 -0.7983 0.0076 0.2906 -0.8006 0.0208 0.277 -0.8046 0.0337 0.2634 -0.8178 0.0435 0.2521 -0.8194 0.0243 0.2715
43.0 -0.8755 0.0162 0.2743 -0.7979 0.0052 0.2931 -0.8 0.0172 0.2807 -0.8027 0.0278 0.2696 -0.8039 0.0393 0.2578 -0.8068 0.056 0.2404 -0.7983 0.0076 0.2906 -0.8006 0.0208 0.277 -0.8046 0.0337 0.2634 -0.8178 0.0435 0.2521 -0.8194 0.0243 0.2715
43.0 -0.8755 0.0162 0.2743 -0.7979 0.0052 0.2931 -0.8 0.0172 0.2807 -0.8027 0.0278 0.2696 -0.8039 0.0393 0.2578 -0.8068 0.056 0.2404 -0.7983 0.0076 0.2906 -0.8006 0.0208 0.277 -0.8046 0.0337 0.2634 -0.8178 0.0435 0.2521 -0.8194 0.0243 0.2715
43.0 -0.8755 0.0162 0.2743 -0.7979 0.0052 0.2931 -0.8 0.0172 0.2807 -0.8027 0.0278 0.2696 -0.8039 0.0393 0.2578 -0.8068 0.056 0.2404 -0.7983 0.0076 0.2906 -0.8006 0.0208 0.277 -0.8046 0.0337 0.2634 -0.8178 0.0435 0.2521 -0.8194 0.0243 0.2715
43.0 -0.8755 0.0162 0.2743 -0.7979 0.0052 0.2931 -0.8 0.0172 0.2807 -0.8027 0.0278 0.2696 -0.8039 0.0393 0.2578 -0.8068 0.056 0.2404 -0.7983 0.0076 0.2906 -0.8006 0.0208 0.277 -0.8046 0.0337 0.2634 -0.8178 0.0435 0.2521 -0.8194 0.0243 0.2715
43.0 -0.8755 0.0162 0.2743 -0.7979 0.0052 0.2931 -0.8 0.0172 0.2807 -0.8027 0.0278 0.2696 -0.8039 0.0393 0.2578 -0.8068 0.056 0.2404 -0.7983 0.0076 0.2906 -0.8006 0.0208 0.277 -0.8046 0.0337 0.2634 -0.8178 0.0435 0.2521 -0.8194 0.0243 0.2715
43.0 -0.8755 0.0162 0.2743 -0.7979 0.0052 0.2931 -0.8 0.0172 0.2807 -0.8027 0.0278 0.2696 -0.8039 0.0393 0.2578 -0.8068 0.056 0.2404 -0.7983 0.0076 0.2906 -0.8006 0.0208 0.277 -0.8046 0.0337 0.2634 -0.8178 0.0435 0.2521 -0.8194 0.0243 0.2715
43.0 -0.8755 0.0162 0.2743 -0.7979 0.0052 0.2931 -0.8 0.0172 0.2807 -0.8027 0.0278 0.2696 -0.8039 0.0393 0.2578 -0.8068 0.056 0.2404 -0.7983 0.0076 0.2906 -0.8006 0.0208 0.277 -0.8046 0.0337 0.2634 -0.8178 0.0435 0.2521 -0.8194 0.0243 0.2715
43.0 -0.8755 0.0162 0.2743 -0.7979 0.0052 0.2931 -0.8 0.0172 0.2807 -0.8027 0.0278 0.2696 -0.8039 0.0393 0.2578 -0.8068 0.056 0.2404 -0.7983 0.0076 0.2906 -0.8006 0.0208 0.277 -0.8046 0.0337 0.2634 -0.8178 0.0435 0.2521 -0.8194 0.0243 0.2715
43.0 -0.8755 0.0162 0.2743 -0.7979 0.0052 0.2931 -0.8 0.0172 0.2807 -0.8027 0.0278 0.2696 -0.8039 0.0393 0.2578 -0.8068 0.056 0.2404 -0.7983 0.0076 0.2906 -0.8006 0.0208 0.277 -0.8046 0.0337 0.2634 -0.8178 0.0435 0.2521 -0.8194 0.0243 0.2715
43.0 -0.8755 0.0162 0.2743 -0.7979 0.0052 0.2931 -0.8 0.0172 0.2807 -0.8027 0.0278 0.2696 -0.8039 0.0393 0.2578 -0.8068 0.056 0.2404 -0.7983 0.0076 0.2906 -0.8006 0.0208 0.277 -0.8046 0.0337 0.2634 -0.8178 0.0435 0.2521 -0.8194 0.0243 0.2715
43.0 -0.8755 0.0162 0.2743 -0.7979 0.0052 0.2931 -0.8 0.0172 0.2807 -0.8027 0.0278 0.2696 -0.8039 0.0393 0.2578 -0.8068 0.056 0.2404 -0.7983 0.0076 0.2906 -0.8006 0.0208 0.277 -0.8046 0.0337 0.2634 -0.8178 0.0435 0.2521 -0.8194 0.0243 0.2715
43.0 -0.8755 0.0162 0.2743 -0.7979 0.0052 0.2931 -0.8 0.0172 0.2807 -0.8027 0.0278 0.2696 -0.8039 0.0393 0.2578 -0.8068 0.056 0.2404 -0.7983 0.0076 0.2906 -0.8006 0.0208 0.277 -0.8046 0.0337 0.2634 -0.8178 0.0435 0.2521 -0.8194 0.0243 0.2715
43.0 -0.8755 0.0162 0.2743 -0.7979 0.0052 0.2931 -0.8 0.0172 0.2807 -0.8027 0.0278 0.2696 -0.8039 0.0393 0.2578 -0.8068 0.056 0.2404 -0.7983 0.0076 0.2906 -0.8006 0.0208 0.277 -0.8046 0.0337 0.2634 -0.8178 0.0435 0.2521 -0.8194 0.0243 0.2715
43.0 -0.8755 0.0162 0.2743 -0.7979 0.0052 0.2931 -0.8 0.0172 0.2807 -0.8027 0.0278 0.2696 -0.8039 0.0393 0.2578 -0.8068 0.056 0.2404 -0.7983 0.0076 0.2906 -0.8006 0.0208 0.277 -0.8046 0.0337 0.2634 -0.8178 0.0435 0.2521 -0.8194 0.0243 0.2715
43.0 -0.8755 0.0162 0.2743 -0.7979 0.0052 0.2931 -0.8 0.0172 0.2807 -0.8027 0.0278 0.2696 -0.8039 0.0393 0.2578 -0.8068 0.056 0.2404 -0.7983 0.0076 0.2906 -0.8006 0.0208 0.277 -0.8046 0.0337 0.2634 -0.8178 0.0435 0.2521 -0.8194 0.0243 0.2715
43.0 -0.8755 0.0162 0.2743 -0.7979 0.0052 0.2931 -0.8 0.0172 0.2807 -0.8027 0.0278 0.2696 -0.8039 0.0393 0.2578 -0.8068 0.056 0.2404 -0.7983 0.0076 0.2906 -0.8006 0.0208 0.277 -0.8046 0.0337 0.2634 -0.8178 0.0435 0.2521 -0.8194 0.0243 0.2715
43.0 -0.8755 0.0162 0.2743 -0.7979 0.0052 0.2931 -0.8 0.0172 0.2807 -0.8027 0.0278 0.2696 -0.8039 0.0393 0.2578 -0.8068 0.056 0.2404 -0.7983 0.0076 0.2906 -0.8006 0.0208 0.277 -0.8046 0.0337 0.2634 -0.8178 0.0435 0.2521 -0.8194 0.0243 0.2715
43.0 -0.8755 0.0162 0.2743 -0.7979 0.0052 0.2931 -0.8 0.0172 0.2807 -0.8027 0.0278 0.2696 -0.8039 0.0393 0.2578 -0.8068 0.056 0.2404 -0.7983 0.0076 0.2906 -0.8006 0.0208 0.277 -0.8046 0.0337 0.2634 -0.8178 0.0435 0.2521 -0.8194 0.0243 0.2715
43.0 -0.8755 0.0162 0.2743 -0.7979 0.0052 0.2931 -0.8 0.0172 0.2807 -0.8027 0.0278 0.2696 -0.8039 0.0393 0.2578 -0.8068 0.056 0.2404 -0.7983 0.0076 0.2906 -0.8006 0.0208 0.277 -0.8046 0.0337 0.2634 -0.8178 0.0435 0.2521 -0.8194 0.0243 0.2715
43.0 -0.8755 0.0162 0.2743 -0.7979 0.0052 0.2931 -0.8 0.0172 0.2807 -0.8027 0.0278 0.2696 -0.8039 0.0393 0.2578 -0.8068 0.056 0.2404 -0.7983 0.0076 0.2906 -0.8006 0.0208 0.277 -0.8046 0.0337 0.2634 -0.8178 0.0435 0.2521 -0.8194 0.0243 0.2715
43.0 -0.8755 0.0162 0.2743 -0.7979 0.0052 0.2931 -0.8 0.0172 0.2807 -0.8027 0.0278 0.2696 -0.8039 0.0393 0.2578 -0.8068 0.056 0.2404 -0.7983 0.0076 0.2906 -0.8006 0.0208 0.277 -0.8046 0.0337 0.2634 -0.8178 0.0435 0.2521 -0.8194 0.0243 0.2715
43.0 -0.8755 0.0162 0.2743 -0.7979 0.0052 0.2931 -0.8 0.0172 0.2807 -0.8027 0.0278 0.2696 -0.8039 0.0393 0.2578 -0.8068 0.056 0.2404 -0.7983 0.0076 0.2906 -0.8006 0.0208 0.277 -0.8046 0.0337 0.2634 -0.8178 0.0435 0.2521 -0.8194 0.0243 0.2715
43.0 -0.8755 0.0162 0.2743 -0.7979 0.0052 0.2931 -0.8 0.0172 0.2807 -0.8027 0.0278 0.2696 -0.8039 0.0393 0.2578 -0.8068 0.056 0.2404 -0.7983 0.0076 0.2906 -0.8006 0.0208 0.277 -0.8046 0.0337 0.2634 -0.8178 0.0435 0.2521 -0.8194 0.0243 0.2715
43.0 -0.8755 0.0162 0.2743 -0.7979 0.0052 0.2931 -0.8 0.0172 0.2807 -0.8027 0.0278 0.2696 -0.8039 0.0393 0.2578 -0.8068 0.056 0.2404 -0.7983 0.0076 0.2906 -0.8006 0.0208 0.277 -0.8046 0.0337 0.2634 -0.8178 0.0435 0.2521 -0.8194 0.0243 0.2715
43.0 -0.8755 0.0162 0.2743 -0.7979 0.0052 0.2931 -0.8 0.0172 0.2807 -0.8027 0.0278 0.2696 -0.8039 0.0393 0.2578 -0.8068 0.056 0.2404 -0.7983 0.0076 0.2906 -0.8006 0.0208 0.277 -0.8046 0.0337 0.2634 -0.8178 0.0435 0.2521 -0.8194 0.0243 0.2715
43.0 -0.8755 0.0162 0.2743 -0.7979 0.0052 0.2931 -0.8 0.0172 0.2807 -0.8027 0.0278 0.2696 -0.8039 0.0393 0.2578 -0.8068 0.056 0.2404 -0.7983 0.0076 0.2906 -0.8006 0.0208 0.277 -0.8046 0.0337 0.2634 -0.8178 0.0435 0.2521 -0.8194 0.0243 0.2715
43.0 -0.8755 0.0162 0.2743 -0.7979 0.0052 0.2931 -0.8 0.0172 0.2807 -0.8027 0.0278 0.2696 -0.8039 0.0393 0.2578 -0.8068 0.056 0.2404 -0.7983 0.0076 0.2906 -0.8006 0.0208 0.277 -0.8046 0.0337 0.2634 -0.8178 0.0435 0.2521 -0.8194 0.0243 0.2715
43.0 -0.8755 0.0162 0.2743 -0.7979 0.0052 0.2931 -0.8 0.0172 0.2807 -0.8027 0.0278 0.2696 -0.8039 0.0393 0.2578 -0.8068 0.056 0.2404 -0.7983 0.0076 0.2906 -0.8006 0.0208 0.277 -0.8046 0.0337 0.2634 -0.8178 0.0435 0.2521 -0.8194 0.0243 0.2715
43.0 -0.8755 0.0162 0.2743 -0.7979 0.0052 0.2931 -0.8 0.0172 0.2807 -0.8027 0.0278 0.2696 -0.8039 0.0393 0.2578 -0.8068 0.056 0.2404 -0.7983 0.0076 0.2906 -0.8006 0.0208 0.277 -0.8046 0.0337 0.2634 -0.8178 0.0435 0.2521 -0.8194 0.0243 0.2715
43.0 -0.8755 0.0162 0.2743 -0.7979 0.0052 0.2931 -0.8 0.0172 0.2807 -0.8027 0.0278 0.2696 -0.8039 0.0393 0.2578 -0.8068 0.056 0.2404 -0.7983 0.0076 0.2906 -0.8006 0.0208 0.277 -0.8046 0.0337 0.2634 -0.8178 0.0435 0.2521 -0.8194 0.0243 0.2715
43.0 -0.8755 0.0162 0.2743 -0.7979 0.0052 0.2931 -0.8 0.0172 0.2807 -0.8027 0.0278 0.2696 -0.8039 0.0393 0.2578 -0.8068 0.056 0.2404 -0.7983 0.0076 0.2906 -0.8006 0.0208 0.277 -0.8046 0.0337 0.2634 -0.8178 0.0435 0.2521 -0.8194 0.0243 0.2715
43.0 -0.8755 0.0162 0.2743 -0.7979 0.0052 0.2931 -0.8 0.0172 0.2807 -0.8027 0.0278 0.2696 -0.8039 0.0393 0.2578 -0.8068 0.056 0.2404 -0.7983 0.0076 0.2906 -0.8006 0.0208 0.277 -0.8046 0.0337 0.2634 -0.8178 0.0435 0.2521 -0.8194 0.0243 0.2715
43.0 -0.8755 0.0162 0.2743 -0.7979 0.0052 0.2931 -0.8 0.0172 0.2807 -0.8027 0.0278 0.2696 -0.8039 0.0393 0.2578 -0.8068 0.056 0.2404 -0.7983 0.0076 0.2906 -0.8006 0.0208 0.277 -0.8046 0.0337 0.2634 -0.8178 0.0435 0.2521 -0.8194 0.0243 0.2715
43.0 -0.8755 0.0162 0.2743 -0.7979 0.0052 0.2931 -0.8 0.0172 0.2807 -0.8027 0.0278 0.2696 -0.8039 0.0393 0.2578 -0.8068 0.056 0.2404 -0.7983 0.0076 0.2906 -0.8006 0.0208 0.277 -0.8046 0.0337 0.2634 -0.8178 0.0435 0.2521 -0.8194 0.0243 0.2715
43.0 -0.8755 0.0162 0.2743 -0.7979 0.0052 0.2931 -0.8 0.0172 0.2807 -0.8027 0.0278 0.2696 -0.8039 0.0393 0.2578 -0.8068 0.056 0.2404 -0.7983 0.0076 0.2906 -0.8006 0.0208 0.277 -0.8046 0.0337 0.2634 -0.8178 0.0435 0.2521 -0.8194 0.0243 0.2715
43.0 -0.8755 0.0162 0.2743 -0.7979 0.0052 0.2931 -0.8 0.0172 0.2807 -0.8027 0.0278 0.2696 -0.8039 0.0393 0.2578 -0.8068 0.056 0.2404 -0.7983 0.0076 0.2906 -0.8006 0.0208 0.277 -0.8046 0.0337 0.2634 -0.8178 0.0435 0.2521 -0.8194 0.0243 0.2715
43.0 -0.8755 0.0162 0.2743 -0.7979 0.0052 0.2931 -0.8 0.0172 0.2807 -0.8027 0.0278 0.2696 -0.8039 0.0393 0.2578 -0.8068 0.056 0.2404 -0.7983 0.0076 0.2906 -0.8006 0.0208 0.277 -0.8046 0.0337 0.2634 -0.8178 0.0435 0.2521 -0.8194 0.0243 0.2715
43.0 -0.8755 0.0162 0.2743 -0.7979 0.0052 0.2931 -0.8 0.0172 0.2807 -0.8027 0.0278 0.2696 -0.8039 0.0393 0.2578 -0.8068 0.056 0.2404 -0.7983 0.0076 0.2906 -0.8006 0.0208 0.277 -0.8046 0.0337 0.2634 -0.8178 0.0435 0.2521 -0.8194 0.0243 0.2715
43.0 -0.8755 0.0162 0.2743 -0.7979 0.0052 0.2931 -0.8 0.0172 0.2807 -0.8027 0.0278 0.2696 -0.8039 0.0393 0.2578 -0.8068 0.056 0.2404 -0.7983 0.0076 0.2906 -0.8006 0.0208 0.277 -0.8046 0.0337 0.2634 -0.8178 0.0435 0.2521 -0.8194 0.0243 0.2715
43.0 -0.8755 0.0162 0.2743 -0.7979 0.0052 0.2931 -0.8 0.0172 0.2807 -0.8027 0.0278 0.2696 -0.8039 0.0393 0.2578 -0.8068 0.056 0.2404 -0.7983 0.0076 0.2906 -0.8006 0.0208 0.277 -0.8046 0.0337 0.2634 -0.8178 0.0435 0.2521 -0.8194 0.0243 0.2715
43.0 -0.8755 0.0162 0.2743 -0.7979 0.0052 0.2931 -0.8 0.0172 0.2807 -0.8027 0.0278 0.2696 -0.8039 0.0393 0.2578 -0.8068 0.056 0.2404 -0.7983 0.0076 0.2906 -0.8006 0.0208 0.277 -0.8046 0.0337 0.2634 -0.8178 0.0435 0.2521 -0.8194 0.0243 0.2715
43.0 -0.8755 0.0162 0.2743 -0.7979 0.0052 0.2931 -0.8 0.0172 0.2807 -0.8027 0.0278 0.2696 -0.8039 0.0393 0.2578 -0.8068 0.056 0.2404 -0.7983 0.0076 0.2906 -0.8006 0.0208 0.277 -0.8046 0.0337 0.2634 -0.8178 0.0435 0.2521 -0.8194 0.0243 0.2715
43.0 -0.8755 0.0162 0.2743 -0.7979 0.0052 0.2931 -0.8 0.0172 0.2807 -0.8027 0.0278 0.2696 -0.8039 0.0393 0.2578 -0.8068 0.056 0.2404 -0.7983 0.0076 0.2906 -0.8006 0.0208 0.277 -0.8046 0.0337 0.2634 -0.8178 0.0435 0.2521 -0.8194 0.0243 0.2715
43.0 -0.8755 0.0162 0.2743 -0.7979 0.0052 0.2931 -0.8 0.0172 0.2807 -0.8027 0.0278 0.2696 -0.8039 0.0393 0.2578 -0.8068 0.056 0.2404 -0.7983 0.0076 0.2906 -0.8006 0.0208 0.277 -0.8046 0.0337 0.2634 -0.8178 0.0435 0.2521 -0.8194 0.0243 0.2715
43.0 -0.8755 0.0162 0.2743 -0.7979 0.0052 0.2931 -0.8 0.0172 0.2807 -0.8027 0.0278 0.2696 -0.8039 0.0393 0.2578 -0.8068 0.056 0.2404 -0.7983 0.0076 0.2906 -0.8006 0.0208 0.277 -0.8046 0.0337 0.2634 -0.8178 0.0435 0.2521 -0.8194 0.0243 0.2715
43.0 -0.8755 0.0162 0.2743 -0.7979 0.0052 0.2931 -0.8 0.0172 0.2807 -0.8027 0.0278 0.2696 -0.8039 0.0393 0.2578 -0.8068 0.056 0.2404 -0.7983 0.0076 0.2906 -0.8006 0.0208 0.277 -0.8046 0.0337 0.2634 -0.8178 0.0435 0.2521 -0.8194 0.0243 0.2715
43.0 -0.8755 0.0162 0.2743 -0.7979 0.0052 0.2931 -0.8 0.0172 0.2807 -0.8027 0.0278 0.2696 -0.8039 0.0393 0.2578 -0.8068 0.056 0.2404 -0.7983 0.0076 0.2906 -0.8006 0.0208 0.277 -0.8046 0.0337 0.2634 -0.8178 0.0435 0.2521 -0.8194 0.0243 0.2715
43.0 -0.8755 0.0162 0.2743 -0.7979 0.0052 0.2931 -0.8 0.0172 0.2807 -0.8027 0.0278 0.2696 -0.8039 0.0393 0.2578 -0.8068 0.056 0.2404 -0.7983 0.0076 0.2906 -0.8006 0.0208 0.277 -0.8046 0.0337 0.2634 -0.8178 0.0435 0.2521 -0.8194 0.0243 0.2715
43.0 -0.8755 0.0162 0.2743 -0.7979 0.0052 0.2931 -0.8 0.0172 0.2807 -0.8027 0.0278 0.2696 -0.8039 0.0393 0.2578 -0.8068 0.056 0.2404 -0.7983 0.0076 0.2906 -0.8006 0.0208 0.277 -0.8046 0.0337 0.2634 -0.8178 0.0435 0.2521 -0.8194 0.0243 0.2715
43.0 -0.8755 0.0162 0.2743 -0.7979 0.0052 0.2931 -0.8 0.0172 0.2807 -0.8027 0.0278 0.2696 -0.8039 0.0393 0.2578 -0.8068 0.056 0.2404 -0.7983 0.0076 0.2906 -0.8006 0.0208 0.277 -0.8046 0.0337 0.2634 -0.8178 0.0435 0.2521 -0.8194 0.0243 0.2715
43.0 -0.8755 0.0162 0.2743 -0.7979 0.0052 0.2931 -0.8 0.0172 0.2807 -0.8027 0.0278 0.2696 -0.8039 0.0393 0.2578 -0.8068 0.056 0.2404 -0.7983 0.0076 0.2906 -0.8006 0.0208 0.277 -0.8046 0.0337 0.2634 -0.8178 0.0435 0.2521 -0.8194 0.0243 0.2715
43.0 -0.8755 0.0162 0.2743 -0.7979 0.0052 0.2931 -0.8 0.0172 0.2807 -0.8027 0.0278 0.2696 -0.8039 0.0393 0.2578 -0.8068 0.056 0.2404 -0.7983 0.0076 0.2906 -0.8006 0.0208 0.277 -0.8046 0.0337 0.2634 -0.8178 0.0435 0.2521 -0.8194 0.0243 0.2715
43.0 -0.8755 0.0162 0.2743 -0.7979 0.0052 0.2931 -0.8 0.0172 0.2807 -0.8027 0.0278 0.2696 -0.8039 0.0393 0.2578 -0.8068 0.056 0.2404 -0.7983 0.0076 0.2906 -0.8006 0.0208 0.277 -0.8046 0.0337 0.2634 -0.8178 0.0435 0.2521 -0.8194 0.0243 0.2715
43.0 -0.8755 0.0162 0.2743 -0.7979 0.0052 0.2931 -0.8 0.0172 0.2807 -0.8027 0.0278 0.2696 -0.8039 0.0393 0.2578 -0.8068 0.056 0.2404 -0.7983 0.0076 0.2906 -0.8006 0.0208 0.277 -0.8046 0.0337 0.2634 -0.8178 0.0435 0.2521 -0.8194 0.0243 0.2715
43.0 -0.8755 0.0162 0.2743 -0.7979 0.0052 0.2931 -0.8 0.0172 0.2807 -0.8027 0.0278 0.2696 -0.8039 0.0393 0.2578 -0.8068 0.056 0.2404 -0.7983 0.0076 0.2906 -0.8006 0.0208 0.277 -0.8046 0.0337 0.2634 -0.8178 0.0435 0.2521 -0.8194 0.0243 0.2715
43.0 -0.8755 0.0162 0.2743 -0.7979 0.0052 0.2931 -0.8 0.0172 0.2807 -0.8027 0.0278 0.2696 -0.8039 0.0393 0.2578 -0.8068 0.056 0.2404 -0.7983 0.0076 0.2906 -0.8006 0.0208 0.277 -0.8046 0.0337 0.2634 -0.8178 0.0435 0.2521 -0.8194 0.0243 0.2715
43.0 -0.8755 0.0162 0.2743 -0.7979 0.0052 0.2931 -0.8 0.0172 0.2807 -0.8027 0.0278 0.2696 -0.8039 0.0393 0.2578 -0.8068 0.056 0.2404 -0.7983 0.0076 0.2906 -0.8006 0.0208 0.277 -0.8046 0.0337 0.2634 -0.8178 0.0435 0.2521 -0.8194 0.0243 0.2715
43.0 -0.8755 0.0162 0.2743 -0.7979 0.0052 0.2931 -0.8 0.0172 0.2807 -0.8027 0.0278 0.2696 -0.8039 0.0393 0.2578 -0.8068 0.056 0.2404 -0.7983 0.0076 0.2906 -0.8006 0.0208 0.277 -0.8046 0.0337 0.2634 -0.8178 0.0435 0.2521 -0.8194 0.0243 0.2715
43.0 -0.8755 0.0162 0.2743 -0.7979 0.0052 0.2931 -0.8 0.0172 0.2807 -0.8027 0.0278 0.2696 -0.8039 0.0393 0.2578 -0.8068 0.056 0.2404 -0.7983 0.0076 0.2906 -0.8006 0.0208 0.277 -0.8046 0.0337 0.2634 -0.8178 0.0435 0.2521 -0.8194 0.0243 0.2715
43.0 -0.8755 0.0162 0.2743 -0.7979 0.0052 0.2931 -0.8 0.0172 0.2807 -0.8027 0.0278 0.2696 -0.8039 0.0393 0.2578 -0.8068 0.056 0.2404 -0.7983 0.0076 0.2906 -0.8006 0.0208 0.277 -0.8046 0.0337 0.2634 -0.8178 0.0435 0.2521 -0.8194 0.0243 0.2715
43.0 -0.8755 0.0162 0.2743 -0.7979 0.0052 0.2931 -0.8 0.0172 0.2807 -0.8027 0.0278 0.2696 -0.8039 0.0393 0.2578 -0.8068 0.056 0.2404 -0.7983 0.0076 0.2906 -0.8006 0.0208 0.277 -0.8046 0.0337 0.2634 -0.8178 0.0435 0.2521 -0.8194 0.0243 0.2715
43.0 -0.8755 0.0162 0.2743 -0.7979 0.0052 0.2931 -0.8 0.0172 0.2807 -0.8027 0.0278 0.2696 -0.8039 0.0393 0.2578 -0.8068 0.056 0.2404 -0.7983 0.0076 0.2906 -0.8006 0.0208 0.277 -0.8046 0.0337 0.2634 -0.8178 0.0435 0.2521 -0.8194 0.0243 0.2715
43.0 -0.8755 0.0162 0.2743 -0.7979 0.0052 0.2931 -0.8 0.0172 0.2807 -0.8027 0.0278 0.2696 -0.8039 0.0393 0.2578 -0.8068 0.056 0.2404 -0.7983 0.0076 0.2906 -0.8006 0.0208 0.277 -0.8046 0.0337 0.2634 -0.8178 0.0435 0.2521 -0.8194 0.0243 0.2715
43.0 -0.8755 0.0162 0.2743 -0.7979 0.0052 0.2931 -0.8 0.0172 0.2807 -0.8027 0.0278 0.2696 -0.8039 0.0393 0.2578 -0.8068 0.056 0.2404 -0.7983 0.0076 0.2906 -0.8006 0.0208 0.277 -0.8046 0.0337 0.2634 -0.8178 0.0435 0.2521 -0.8194 0.0243 0.2715
43.0 -0.8755 0.0162 0.2743 -0.7979 0.0052 0.2931 -0.8 0.0172 0.2807 -0.8027 0.0278 0.2696 -0.8039 0.0393 0.2578 -0.8068 0.056 0.2404 -0.7983 0.0076 0.2906 -0.8006 0.0208 0.277 -0.8046 0.0337 0.2634 -0.8178 0.0435 0.2521 -0.8194 0.0243 0.2715
43.0 -0.8755 0.0162 0.2743 -0.7979 0.0052 0.2931 -0.8 0.0172 0.2807 -0.8027 0.0278 0.2696 -0.8039 0.0393 0.2578 -0.8068 0.056 0.2404 -0.7983 0.0076 0.2906 -0.8006 0.0208 0.277 -0.8046 0.0337 0.2634 -0.8178 0.0435 0.2521 -0.8194 0.0243 0.2715
43.0 -0.8755 0.0162 0.2743 -0.7979 0.0052 0.2931 -0.8 0.0172 0.2807 -0.8027 0.0278 0.2696 -0.8039 0.0393 0.2578 -0.8068 0.056 0.2404 -0.7983 0.0076 0.2906 -0.8006 0.0208 0.277 -0.8046 0.0337 0.2634 -0.8178 0.0435 0.2521 -0.8194 0.0243 0.2715
43.0 -0.8755 0.0162 0.2743 -0.7979 0.0052 0.2931 -0.8 0.0172 0.2807 -0.8027 0.0278 0.2696 -0.8039 0.0393 0.2578 -0.8068 0.056 0.2404 -0.7983 0.0076 0.2906 -0.8006 0.0208 0.277 -0.8046 0.0337 0.2634 -0.8178 0.0435 0.2521 -0.8194 0.0243 0.2715
43.0 -0.8755 0.0162 0.2743 -0.7979 0.0052 0.2931 -0.8 0.0172 0.2807 -0.8027 0.0278 0.2696 -0.8039 0.0393 0.2578 -0.8068 0.056 0.2404 -0.7983 0.0076 0.2906 -0.8006 0.0208 0.277 -0.8046 0.0337 0.2634 -0.8178 0.0435 0.2521 -0.8194 0.0243 0.2715
43.0 -0.8755 0.0162 0.2743 -0.7979 0.0052 0.2931 -0.8 0.0172 0.2807 -0.8027 0.0278 0.2696 -0.8039 0.0393 0.2578 -0.8068 0.056 0.2404 -0.7983 0.0076 0.2906 -0.8006 0.0208 0.277 -0.8046 0.0337 0.2634 -0.8178 0.0435 0.2521 -0.8194 0.0243 0.2715
43.0 -0.8755 0.0162 0.2743 -0.7979 0.0052 0.2931 -0.8 0.0172 0.2807 -0.8027 0.0278 0.2696 -0.8039 0.0393 0.2578 -0.8068 0.056 0.2404 -0.7983 0.0076 0.2906 -0.8006 0.0208 0.277 -0.8046 0.0337 0.2634 -0.8178 0.0435 0.2521 -0.8194 0.0243 0.2715
43.0 -0.8755 0.0162 0.2743 -0.7979 0.0052 0.2931 -0.8 0.0172 0.2807 -0.8027 0.0278 0.2696 -0.8039 0.0393 0.2578 -0.8068 0.056 0.2404 -0.7983 0.0076 0.2906 -0.8006 0.0208 0.277 -0.8046 0.0337 0.2634 -0.8178 0.0435 0.2521 -0.8194 0.0243 0.2715
43.0 -0.8755 0.0162 0.2743 -0.7979 0.0052 0.2931 -0.8 0.0172 0.2807 -0.8027 0.0278 0.2696 -0.8039 0.0393 0.2578 -0.8068 0.056 0.2404 -0.7983 0.0076 0.2906 -0.8006 0.0208 0.277 -0.8046 0.0337 0.2634 -0.8178 0.0435 0.2521 -0.8194 0.0243 0.2715
43.0 -0.8755 0.0162 0.2743 -0.7979 0.0052 0.2931 -0.8 0.0172 0.2807 -0.8027 0.0278 0.2696 -0.8039 0.0393 0.2578 -0.8068 0.056 0.2404 -0.7983 0.0076 0.2906 -0.8006 0.0208 0.277 -0.8046 0.0337 0.2634 -0.8178 0.0435 0.2521 -0.8194 0.0243 0.2715
43.0 -0.8755 0.0162 0.2743 -0.7979 0.0052 0.2931 -0.8 0.0172 0.2807 -0.8027 0.0278 0.2696 -0.8039 0.0393 0.2578 -0.8068 0.056 0.2404 -0.7983 0.0076 0.2906 -0.8006 0.0208 0.277 -0.8046 0.0337 0.2634 -0.8178 0.0435 0.2521 -0.8194 0.0243 0.2715
43.0 -0.8755 0.0162 0.2743 -0.7979 0.0052 0.2931 -0.8 0.0172 0.2807 -0.8027 0.0278 0.2696 -0.8039 0.0393 0.2578 -0.8068 0.056 0.2404 -0.7983 0.0076 0.2906 -0.8006 0.0208 0.277 -0.8046 0.0337 0.2634 -0.8178 0.0435 0.2521 -0.8194 0.0243 0.2715
43.0 -0.8755 0.0162 0.2743 -0.7979 0.0052 0.2931 -0.8 0.0172 0.2807 -0.8027 0.0278 0.2696 -0.8039 0.0393 0.2578 -0.8068 0.056 0.2404 -0.7983 0.0076 0.2906 -0.8006 0.0208 0.277 -0.8046 0.0337 0.2634 -0.8178 0.0435 0.2521 -0.8194 0.0243 0.2715
43.0 -0.8755 0.0162 0.2743 -0.7979 0.0052 0.2931 -0.8 0.0172 0.2807 -0.8027 0.0278 0.2696 -0.8039 0.0393 0.2578 -0.8068 0.056 0.2404 -0.7983 0.0076 0.2906 -0.8006 0.0208 0.277 -0.8046 0.0337 0.2634 -0.8178 0.0435 0.2521 -0.8194 0.0243 0.2715
43.0 -0.8755 0.0162 0.2743 -0.7979 0.0052 0.2931 -0.8 0.0172 0.2807 -0.8027 0.0278 0.2696 -0.8039 0.0393 0.2578 -0.8068 0.056 0.2404 -0.7983 0.0076 0.2906 -0.8006 0.0208 0.277 -0.8046 0.0337 0.2634 -0.8178 0.0435 0.2521 -0.8194 0.0243 0.2715
43.0 -0.8755 0.0162 0.2743 -0.7979 0.0052 0.2931 -0.8 0.0172 0.2807 -0.8027 0.0278 0.2696 -0.8039 0.0393 0.2578 -0.8068 0.056 0.2404 -0.7983 0.0076 0.2906 -0.8006 0.0208 0.277 -0.8046 0.0337 0.2634 -0.8178 0.0435 0.2521 -0.8194 0.0243 0.2715
43.0 -0.8755 0.0162 0.2743 -0.7979 0.0052 0.2931 -0.8 0.0172 0.2807 -0.8027 0.0278 0.2696 -0.8039 0.0393 0.2578 -0.8068 0.056 0.2404 -0.7983 0.0076 0.2906 -0.8006 0.0208 0.277 -0.8046 0.0337 0.2634 -0.8178 0.0435 0.2521 -0.8194 0.0243 0.2715
43.0 -0.8755 0.0162 0.2743 -0.7979 0.0052 0.2931 -0.8 0.0172 0.2807 -0.8027 0.0278 0.2696 -0.8039 0.0393 0.2578 -0.8068 0.056 0.2404 -0.7983 0.0076 0.2906 -0.8006 0.0208 0.277 -0.8046 0.0337 0.2634 -0.8178 0.0435 0.2521 -0.8194 0.0243 0.2715
43.0 -0.8755 0.0162 0.2743 -0.7979 0.0052 0.2931 -0.8 0.0172 0.2807 -0.8027 0.0278 0.2696 -0.8039 0.0393 0.2578 -0.8068 0.056 0.2404 -0.7983 0.0076 0.2906 -0.8006 0.0208 0.277 -0.8046 0.0337 0.2634 -0.8178 0.0435 0.2521 -0.8194 0.0243 0.2715
43.0 -0.8755 0.0162 0.2743 -0.7979 0.0052 0.2931 -0.8 0.0172 0.2807 -0.8027 0.0278 0.2696 -0.8039 0.0393 0.2578 -0.8068 0.056 0.2404 -0.7983 0.0076 0.2906 -0.8006 0.0208 0.277 -0.8046 0.0337 0.2634 -0.8178 0.0435 0.2521 -0.8194 0.0243 0.2715
43.0 -0.8755 0.0162 0.2743 -0.7979 0.0052 0.2931 -0.8 0.0172 0.2807 -0.8027 0.0278 0.2696 -0.8039 0.0393 0.2578 -0.8068 0.056 0.2404 -0.7983 0.0076 0.2906 -0.8006 0.0208 0.277 -0.8046 0.0337 0.2634 -0.8178 0.0435 0.2521 -0.8194 0.0243 0.2715
43.0 -0.8755 0.0162 0.2743 -0.7979 0.0052 0.2931 -0.8 0.0172 0.2807 -0.8027 0.0278 0.2696 -0.8039 0.0393 0.2578 -0.8068 0.056 0.2404 -0.7983 0.0076 0.2906 -0.8006 0.0208 0.277 -0.8046 0.0337 0.2634 -0.8178 0.0435 0.2521 -0.8194 0.0243 0.2715
43.0 -0.8755 0.0162 0.2743 -0.7979 0.0052 0.2931 -0.8 0.0172 0.2807 -0.8027 0.0278 0.2696 -0.8039 0.0393 0.2578 -0.8068 0.056 0.2404 -0.7983 0.0076 0.2906 -0.8006 0.0208 0.277 -0.8046 0.0337 0.2634 -0.8178 0.0435 0.2521 -0.8194 0.0243 0.2715
43.0 -0.8755 0.0162 0.2743 -0.7979 0.0052 0.2931 -0.8 0.0172 0.2807 -0.8027 0.0278 0.2696 -0.8039 0.0393 0.2578 -0.8068 0.056 0.2404 -0.7983 0.0076 0.2906 -0.8006 0.0208 0.277 -0.8046 0.0337 0.2634 -0.8178 0.0435 0.2521 -0.8194 0.0243 0.2715
43.0 -0.8755 0.0162 0.2743 -0.7979 0.0052 0.2931 -0.8 0.0172 0.2807 -0.8027 0.0278 0.2696 -0.8039 0.0393 0.2578 -0.8068 0.056 0.2404 -0.7983 0.0076 0.2906 -0.8006 0.0208 0.277 -0.8046 0.0337 0.2634 -0.8178 0.0435 0.2521 -0.8194 0.0243 0.2715
43.0 -0.8755 0.0162 0.2743 -0.7979 0.0052 0.2931 -0.8 0.0172 0.2807 -0.8027 0.0278 0.2696 -0.8039 0.0393 0.2578 -0.8068 0.056 0.2404 -0.7983 0.0076 0.2906 -0.8006 0.0208 0.277 -0.8046 0.0337 0.2634 -0.8178 0.0435 0.2521 -0.8194 0.0243 0.2715
43.0 -0.8755 0.0162 0.2743 -0.7979 0.0052 0.2931 -0.8 0.0172 0.2807 -0.8027 0.0278 0.2696 -0.8039 0.0393 0.2578 -0.8068 0.056 0.2404 -0.7983 0.0076 0.2906 -0.8006 0.0208 0.277 -0.8046 0.0337 0.2634 -0.8178 0.0435 0.2521 -0.8194 0.0243 0.2715
162.0 -0.9505 0.0476 0.2347 -0.8041 0.0405 0.2565 -0.8119 0.0852 0.21 -0.8174 0.0863 0.2083 -0.8335 0.0878 0.2052 -0.8535 0.0765 0.2147 -0.8545 0.0623 0.2291 -0.867 0.068 0.2221 -0.8817 0.0715 0.2171 -0.8948 0.071 0.2163 -0.8897 0.0641 0.2239
163.0 -0.9613 0.0443 0.237 -0.8224 0.0343 0.261 -0.8325 0.072 0.2214 -0.8466 0.0824 0.2095 -0.8624 0.0924 0.1976 -0.8886 0.0962 0.1911 -0.8707 0.0541 0.236 -0.8825 0.0665 0.2221 -0.8967 0.0768 0.2102 -0.9111 0.084 0.2013 -0.9045 0.0651 0.2213
164.0 -0.9751 0.0424 0.2375 -0.8335 0.0328 0.2614 -0.8424 0.0732 0.2193 -0.8548 0.0837 0.2073 -0.8739 0.0927 0.1962 -0.8998 0.0947 0.1915 -0.8835 0.0517 0.2371 -0.8954 0.0648 0.2226 -0.9096 0.0751 0.2106 -0.924 0.0823 0.2018 -0.9175 0.0633 0.2219
165.0 -0.9856 0.0422 0.2367 -0.8501 0.0318 0.2608 -0.8517 0.0762 0.2153 -0.8628 0.0844 0.2057 -0.8819 0.0929 0.1952 -0.9086 0.0948 0.1906 -0.8953 0.0538 0.2338 -0.907 0.0656 0.2205 -0.9209 0.0748 0.2098 -0.9353 0.0814 0.2017 -0.9288 0.0636 0.2205
166.0 -0.9926 0.0419 0.2363 -0.8605 0.031 0.2606 -0.8656 0.07 0.2202 -0.8748 0.0828 0.2062 -0.8951 0.0929 0.1939 -0.922 0.096 0.188 -0.9075 0.0485 0.238 -0.9193 0.0603 0.2248 -0.9333 0.07 0.2134 -0.9469 0.0774 0.2046 -0.9399 0.0596 0.2234
167.0 -1.002 0.0406 0.2367 -0.8701 0.0309 0.2597 -0.8759 0.0686 0.2206 -0.8833 0.0811 0.2071 -0.9 0.091 0.1953 -0.9253 0.0949 0.1888 -0.9211 0.0454 0.2398 -0.9302 0.0576 0.2264 -0.9424 0.067 0.2157 -0.956 0.0743 0.2068 -0.9504 0.057 0.2251
168.0 -1.007 0.0387 0.2382 -0.8787 0.0298 0.26 -0.882 0.0684 0.2202 -0.8932 0.0822 0.205 -0.9114 0.0907 0.1945 -0.939 0.0925 0.1899 -0.9295 0.0431 0.2414 -0.9396 0.0558 0.2274 -0.9535 0.0649 0.2167 -0.968 0.0721 0.2079 -0.9595 0.0549 0.2263
169.0 -1.0081 0.0349 0.2419 -0.8872 0.028 0.261 -0.8904 0.0661 0.2218 -0.8992 0.0814 0.2053 -0.9213 0.0869 0.1974 -0.9479 0.0882 0.1934 -0.9356 0.0429 0.241 -0.9472 0.0541 0.2283 -0.9609 0.062 0.2189 -0.9768 0.0672 0.212 -0.9657 0.0522 0.2284
170.0 -1.0108 0.0352 0.2414 -0.8946 0.0252 0.2632 -0.8962 0.0641 0.2232 -0.9032 0.079 0.2073 -0.9255 0.0858 0.1982 -0.9563 0.0859 0.195 -0.9428 0.0388 0.2444 -0.9528 0.0509 0.2311 -0.9658 0.0595 0.2209 -0.9809 0.0654 0.2134 -0.9706 0.05 0.2303
171.0 -1.017 0.0355 0.2404 -0.9011 0.0219 0.2659 -0.9014 0.064 0.2228 -0.9106 0.0762 0.2094 -0.9305 0.0845 0.199 -0.9566 0.0877 0.1931 -0.9469 0.0371 0.2458 -0.9579 0.0496 0.2319 -0.9709 0.0589 0.2211 -0.9855 0.0667 0.2117 -0.9756 0.0495 0.2302
172.0 -1.0152 0.0303 0.246 -0.9069 0.0199 0.2674 -0.9051 0.0598 0.2267 -0.9129 0.074 0.2114 -0.9368 0.08 0.203 -0.9698 0.0828 0.1967 -0.9519 0.0358 0.2466 -0.9627 0.0471 0.2339 -0.9773 0.0549 0.2245 -0.9941 0.0606 0.217 -0.9802 0.0457 0.2336
173.0 -1.0133 0.0293 0.2471 -0.9109 0.0175 0.2694 -0.9083 0.0581 0.2281 -0.9162 0.073 0.2122 -0.9395 0.0802 0.2024 -0.9742 0.0828 0.1963 -0.9528 0.0356 0.2467 -0.9635 0.0464 0.2346 -0.978 0.0542 0.2252 -0.9948 0.0593 0.2183 -0.9805 0.045 0.2344
174.0 -1.0155 0.0272 0.2491 -0.9141 0.0158 0.2708 -0.9106 0.056 0.2301 -0.9185 0.0708 0.2141 -0.9414 0.0763 0.2063 -0.9762 0.0789 0.2001 -0.9569 0.0339 0.2481 -0.9684 0.0445 0.236 -0.9828 0.0511 0.2279 -0.9995 0.0562 0.221 -0.9846 0.0426 0.2364
175.0 -1.0164 0.0271 0.2491 -0.9166 0.0149 0.2715 -0.9131 0.0551 0.2308 -0.9208 0.0693 0.2155 -0.9437 0.0741 0.2082 -0.9786 0.0774 0.2015 -0.9592 0.0323 0.2494 -0.9708 0.043 0.2374 -0.9852 0.0502 0.2286 -1.0011 0.0554 0.2217 -0.9865 0.0416 0.2372
176.0 -1.0162 0.0259 0.2504 -0.918 0.0129 0.2734 -0.9128 0.0533 0.2326 -0.9206 0.0681 0.2167 -0.9462 0.0732 0.2089 -0.9811 0.077 0.2016 -0.9607 0.0309 0.2507 -0.9713 0.0411 0.2393 -0.9858 0.0483 0.2305 -1.0017 0.0535 0.2236 -0.9871 0.0399 0.2389
177.0 -1.0176 0.0238 0.2523 -0.9186 0.0115 0.2747 -0.9132 0.0508 0.2351 -0.9202 0.0657 0.2192 -0.9432 0.0712 0.2113 -0.9743 0.0731 0.2063 -0.9596 0.0292 0.2526 -0.9703 0.04 0.2405 -0.9838 0.0467 0.2323 -0.9996 0.0519 0.2254 -0.9862 0.0384 0.2406
178.0 -1.0154 0.0217 0.2547 -0.9184 0.0104 0.2759 -0.9122 0.0503 0.2357 -0.9202 0.0657 0.2192 -0.9476 0.0712 0.2109 -0.9808 0.0752 0.2034 -0.9594 0.028 0.2538 -0.9701 0.0388 0.2417 -0.9845 0.046 0.2329 -1.0012 0.0511 0.2261 -0.9861 0.0371 0.2418
179.0 -1.0151 0.0248 0.2516 -0.9136 0.0128 0.2739 -0.9084 0.0532 0.2331 -0.9161 0.0675 0.2178 -0.9407 0.0721 0.2106 -0.9747 0.0754 0.2038 -0.957 0.0296 0.2525 -0.9677 0.0404 0.2404 -0.9814 0.0483 0.2309 -0.9974 0.0541 0.2234 -0.9837 0.0394 0.2398
180.0 -1.0122 0.0282 0.2484 -0.9119 0.0131 0.2738 -0.9084 0.0532 0.2331 -0.9153 0.0676 0.2177 -0.9373 0.0726 0.2105 -0.9706 0.0772 0.2024 -0.9569 0.029 0.2531 -0.9678 0.041 0.2398 -0.9807 0.0496 0.2296 -0.9961 0.0567 0.2209 -0.9827 0.0409 0.2383
181.0 -1.0138 0.0274 0.249 -0.9112 0.0144 0.2725 -0.9075 0.0534 0.2331 -0.9125 0.0667 0.2189 -0.9302 0.0723 0.2114 -0.9498 0.0739 0.2078 -0.9543 0.0293 0.253 -0.9642 0.0408 0.2402 -0.9755 0.0497 0.2301 -0.989 0.0564 0.2218 -0.9794 0.0407 0.2388
182.0 -1.0157 0.0284 0.2479 -0.9105 0.0151 0.2719 -0.9061 0.0554 0.2311 -0.9122 0.0698 0.2157 -0.9332 0.0743 0.2091 -0.9564 0.0761 0.205 -0.9537 0.0306 0.2517 -0.9646 0.0426 0.2384 -0.9775 0.0512 0.2283 -0.991 0.058 0.2201 -0.9805 0.0422 0.2373
183.0 -1.0167 0.0289 0.2473 -0.909 0.0165 0.2706 -0.9052 0.0555 0.2311 -0.912 0.0692 0.2164 -0.9288 0.0743 0.2095 -0.9538 0.0764 0.2049 -0.9538 0.0312 0.2511 -0.9637 0.0427 0.2384 -0.9765 0.0508 0.2289 -0.9909 0.0574 0.2207 -0.9803 0.0422 0.2372
184.0 -1.0151 0.0297 0.2466 -0.9083 0.0178 0.2693 -0.9046 0.0568 0.2298 -0.912 0.0692 0.2164 -0.9315 0.0746 0.209 -0.9547 0.0769 0.2043 -0.9522 0.0321 0.2504 -0.9629 0.0434 0.2377 -0.9759 0.0521 0.2276 -0.9902 0.0587 0.2194 -0.9793 0.0432 0.2363
185.0 -1.0167 0.0289 0.2473 -0.9076 0.0185 0.2687 -0.9021 0.0578 0.2291 -0.9097 0.0708 0.215 -0.9292 0.0767 0.207 -0.9575 0.0778 0.2031 -0.9514 0.0328 0.2497 -0.9622 0.0442 0.237 -0.975 0.0522 0.2276 -0.9901 0.0581 0.22 -0.9791 0.0432 0.2363
186.0 -1.0149 0.0285 0.2478 -0.9059 0.0194 0.268 -0.9013 0.0579 0.2291 -0.9079 0.0704 0.2156 -0.9245 0.0749 0.2094 -0.9467 0.0762 0.2058 -0.9497 0.033 0.2497 -0.9594 0.0433 0.2382 -0.9721 0.0507 0.2293 -0.9864 0.0568 0.2217 -0.9765 0.0425 0.2374
187.0 -1.0142 0.0298 0.2466 -0.9052 0.0201 0.2673 -0.9014 0.0585 0.2284 -0.9079 0.0704 0.2156 -0.9238 0.0762 0.2081 -0.9451 0.077 0.2052 -0.9471 0.0334 0.2496 -0.9568 0.0437 0.2381 -0.9688 0.0518 0.2286 -0.9822 0.0579 0.221 -0.9738 0.0433 0.2367
188.0 -1.0135 0.0305 0.2459 -0.9043 0.0202 0.2673 -0.8997 0.0593 0.2278 -0.9073 0.0723 0.2137 -0.9267 0.0776 0.2063 -0.9531 0.0777 0.2036 -0.948 0.0332 0.2496 -0.9578 0.0441 0.2375 -0.9715 0.0521 0.228 -0.9858 0.0587 0.2199 -0.9753 0.0437 0.2362
189.0 -1.0155 0.0321 0.2441 -0.9036 0.0209 0.2666 -0.899 0.06 0.2271 -0.9057 0.0732 0.213 -0.9242 0.0786 0.2056 -0.949 0.0795 0.2022 -0.9488 0.0331 0.2496 -0.9588 0.0446 0.2369 -0.9718 0.0538 0.2262 -0.9853 0.0606 0.218 -0.976 0.0448 0.235
