1.0 -1.0071 -0.001 0.2788 -0.9285 -0.0075 0.2932 -0.9263 -0.0102 0.2962 -0.9269 0.0086 0.2769 -0.9331 0.0188 0.2659 -0.9578 0.0289 0.2531 -0.9748 -0.0144 0.2956 -0.9791 -0.0052 0.2858 -0.9844 0.0051 0.2748 -0.9896 0.0148 0.2643 -0.987 -0.0001 0.2798
1.0 -1.0071 -0.001 0.2788 -0.9285 -0.0075 0.2932 -0.9263 -0.0102 0.2962 -0.9269 0.0086 0.2769 -0.9331 0.0188 0.2659 -0.9578 0.0289 0.2531 -0.9748 -0.0144 0.2956 -0.9791 -0.0052 0.2858 -0.9844 0.0051 0.2748 -0.9896 0.0148 0.2643 -0.987 -0.0001 0.2798
1.0 -1.0071 -0.001 0.2788 -0.9285 -0.0075 0.2932 -0.9263 -0.0102 0.2962 -0.9269 0.0086 0.2769 -0.9331 0.0188 0.2659 -0.9578 0.0289 0.2531 -0.9748 -0.0144 0.2956 -0.9791 -0.0052 0.2858 -0.9844 0.0051 0.2748 -0.9896 0.0148 0.2643 -0.987 -0.0001 0.2798
1.0 -1.0071 -0.001 0.2788 -0.9285 -0.0075 0.2932 -0.9263 -0.0102 0.2962 -0.9269 0.0086 0.2769 -0.9331 0.0188 0.2659 -0.9578 0.0289 0.2531 -0.9748 -0.0144 0.2956 -0.9791 -0.0052 0.2858 -0.9844 0.0051 0.2748 -0.9896 0.0148 0.2643 -0.987 -0.0001 0.2798
5.0 -1.0032 0.002 0.2761 -0.9354 -0.0084 0.2935 -0.9274 -0.0086 0.2944 -0.9245 0.0095 0.2762 -0.936 0.0202 0.2641 -0.9594 0.028 0.2538 -0.9813 -0.0122 0.2927 -0.9865 -0.0031 0.283 -0.9908 0.0067 0.2725 -0.9952 0.0165 0.2621 -0.9914 0.002 0.2773
5.0 -1.0032 0.002 0.2761 -0.9354 -0.0084 0.2935 -0.9274 -0.0086 0.2944 -0.9245 0.0095 0.2762 -0.936 0.0202 0.2641 -0.9594 0.028 0.2538 -0.9813 -0.0122 0.2927 -0.9865 -0.0031 0.283 -0.9908 0.0067 0.2725 -0.9952 0.0165 0.2621 -0.9914 0.002 0.2773
5.0 -1.0032 0.002 0.2761 -0.9354 -0.0084 0.2935 -0.9274 -0.0086 0.2944 -0.9245 0.0095 0.2762 -0.936 0.0202 0.2641 -0.9594 0.028 0.2538 -0.9813 -0.0122 0.2927 -0.9865 -0.0031 0.283 -0.9908 0.0067 0.2725 -0.9952 0.0165 0.2621 -0.9914 0.002 0.2773
5.0 -1.0032 0.002 0.2761 -0.9354 -0.0084 0.2935 -0.9274 -0.0086 0.2944 -0.9245 0.0095 0.2762 -0.936 0.0202 0.2641 -0.9594 0.028 0.2538 -0.9813 -0.0122 0.2927 -0.9865 -0.0031 0.283 -0.9908 0.0067 0.2725 -0.9952 0.0165 0.2621 -0.9914 0.002 0.2773
9.0 -1.0087 0.0031 0.2744 -0.9414 -0.0043 0.2887 -0.9284 -0.0081 0.2938 -0.9263 0.0099 0.2756 -0.9353 0.0215 0.2629 -0.9597 0.0298 0.2519 -0.9831 -0.0124 0.2928 -0.9873 -0.0032 0.283 -0.9908 0.0067 0.2725 -0.9953 0.0171 0.2614 -0.993 0.0022 0.2768
9.0 -1.0087 0.0031 0.2744 -0.9414 -0.0043 0.2887 -0.9284 -0.0081 0.2938 -0.9263 0.0099 0.2756 -0.9353 0.0215 0.2629 -0.9597 0.0298 0.2519 -0.9831 -0.0124 0.2928 -0.9873 -0.0032 0.283 -0.9908 0.0067 0.2725 -0.9953 0.0171 0.2614 -0.993 0.0022 0.2768
9.0 -1.0087 0.0031 0.2744 -0.9414 -0.0043 0.2887 -0.9284 -0.0081 0.2938 -0.9263 0.0099 0.2756 -0.9353 0.0215 0.2629 -0.9597 0.0298 0.2519 -0.9831 -0.0124 0.2928 -0.9873 -0.0032 0.283 -0.9908 0.0067 0.2725 -0.9953 0.0171 0.2614 -0.993 0.0022 0.2768
9.0 -1.0087 0.0031 0.2744 -0.9414 -0.0043 0.2887 -0.9284 -0.0081 0.2938 -0.9263 0.0099 0.2756 -0.9353 0.0215 0.2629 -0.9597 0.0298 0.2519 -0.9831 -0.0124 0.2928 -0.9873 -0.0032 0.283 -0.9908 0.0067 0.2725 -0.9953 0.0171 0.2614 -0.993 0.0022 0.2768
9.0 -1.0087 0.0031 0.2744 -0.9414 -0.0043 0.2887 -0.9284 -0.0081 0.2938 -0.9263 0.0099 0.2756 -0.9353 0.0215 0.2629 -0.9597 0.0298 0.2519 -0.9831 -0.0124 0.2928 -0.9873 -0.0032 0.283 -0.9908 0.0067 0.2725 -0.9953 0.0171 0.2614 -0.993 0.0022 0.2768
9.0 -1.0087 0.0031 0.2744 -0.9414 -0.0043 0.2887 -0.9284 -0.0081 0.2938 -0.9263 0.0099 0.2756 -0.9353 0.0215 0.2629 -0.9597 0.0298 0.2519 -0.9831 -0.0124 0.2928 -0.9873 -0.0032 0.283 -0.9908 0.0067 0.2725 -0.9953 0.0171 0.2614 -0.993 0.0022 0.2768
9.0 -1.0087 0.0031 0.2744 -0.9414 -0.0043 0.2887 -0.9284 -0.0081 0.2938 -0.9263 0.0099 0.2756 -0.9353 0.0215 0.2629 -0.9597 0.0298 0.2519 -0.9831 -0.0124 0.2928 -0.9873 -0.0032 0.283 -0.9908 0.0067 0.2725 -0.9953 0.0171 0.2614 -0.993 0.0022 0.2768
9.0 -1.0087 0.0031 0.2744 -0.9414 -0.0043 0.2887 -0.9284 -0.0081 0.2938 -0.9263 0.0099 0.2756 -0.9353 0.0215 0.2629 -0.9597 0.0298 0.2519 -0.9831 -0.0124 0.2928 -0.9873 -0.0032 0.283 -0.9908 0.0067 0.2725 -0.9953 0.0171 0.2614 -0.993 0.0022 0.2768
9.0 -1.0087 0.0031 0.2744 -0.9414 -0.0043 0.2887 -0.9284 -0.0081 0.2938 -0.9263 0.0099 0.2756 -0.9353 0.0215 0.2629 -0.9597 0.0298 0.2519 -0.9831 -0.0124 0.2928 -0.9873 -0.0032 0.283 -0.9908 0.0067 0.2725 -0.9953 0.0171 0.2614 -0.993 0.0022 0.2768
9.0 -1.0087 0.0031 0.2744 -0.9414 -0.0043 0.2887 -0.9284 -0.0081 0.2938 -0.9263 0.0099 0.2756 -0.9353 0.0215 0.2629 -0.9597 0.0298 0.2519 -0.9831 -0.0124 0.2928 -0.9873 -0.0032 0.283 -0.9908 0.0067 0.2725 -0.9953 0.0171 0.2614 -0.993 0.0022 0.2768
9.0 -1.0087 0.0031 0.2744 -0.9414 -0.0043 0.2887 -0.9284 -0.0081 0.2938 -0.9263 0.0099 0.2756 -0.9353 0.0215 0.2629 -0.9597 0.0298 0.2519 -0.9831 -0.0124 0.2928 -0.9873 -0.0032 0.283 -0.9908 0.0067 0.2725 -0.9953 0.0171 0.2614 -0.993 0.0022 0.2768
9.0 -1.0087 0.0031 0.2744 -0.9414 -0.0043 0.2887 -0.9284 -0.0081 0.2938 -0.9263 0.0099 0.2756 -0.9353 0.0215 0.2629 -0.9597 0.0298 0.2519 -0.9831 -0.0124 0.2928 -0.9873 -0.0032 0.283 -0.9908 0.0067 0.2725 -0.9953 0.0171 0.2614 -0.993 0.0022 0.2768
21.0 -1.2871 0.0608 0.1878 -1.2879 0.0301 0.2191 -1.2825 0.0144 0.2357 -1.2856 0.0121 0.2377 -1.2881 0.0417 0.2072 -1.2952 0.042 0.2062 -1.2888 0.0355 0.2135 -1.2976 0.0355 0.2126 -1.3067 0.0373 0.2098 -1.3162 0.041 0.2052 -1.2993 0.042 0.2058
21.0 -1.2871 0.0608 0.1878 -1.2879 0.0301 0.2191 -1.2825 0.0144 0.2357 -1.2856 0.0121 0.2377 -1.2881 0.0417 0.2072 -1.2952 0.042 0.2062 -1.2888 0.0355 0.2135 -1.2976 0.0355 0.2126 -1.3067 0.0373 0.2098 -1.3162 0.041 0.2052 -1.2993 0.042 0.2058
23.0 -1.2847 0.0574 0.1915 -1.2961 0.0217 0.2269 -1.286 0.0096 0.2402 -1.291 0.0077 0.2417 -1.2898 0.0415 0.2073 -1.2962 0.0424 0.2056 -1.2857 0.0329 0.2165 -1.2945 0.0329 0.2156 -1.3028 0.0348 0.2128 -1.3105 0.0387 0.2081 -1.2956 0.0393 0.2089
24.0 -0.9661 0.0064 0.2753 -0.9336 -0.0137 0.299 -0.9322 -0.0117 0.2971 -0.9297 0.0046 0.2808 -0.9385 0.0144 0.2699 -0.9578 0.024 0.2581 -0.9748 -0.0144 0.2956 -0.9798 -0.0059 0.2864 -0.9816 0.0043 0.2759 -0.9825 0.0145 0.2653 -0.977 0.001 0.2797
24.0 -1.2841 0.0587 0.1902 -1.295 0.0206 0.2281 -1.2828 0.0161 0.2339 -1.297 0.0069 0.2419 -1.2907 0.0413 0.2073 -1.2956 0.0443 0.2038 -1.2859 0.034 0.2152 -1.2964 0.0338 0.2144 -1.3048 0.0364 0.211 -1.3126 0.0408 0.2057 -1.2968 0.0408 0.2073
25.0 -0.9677 0.0055 0.276 -0.9343 -0.0144 0.2997 -0.9329 -0.0124 0.2977 -0.9305 0.0038 0.2814 -0.9385 0.0144 0.2699 -0.9595 0.0237 0.2582 -0.9747 -0.015 0.2962 -0.9797 -0.0065 0.2871 -0.9815 0.0037 0.2765 -0.9834 0.0144 0.2653 -0.9774 0.0004 0.2802
26.0 -0.9761 0.0032 0.2776 -0.9341 -0.0156 0.3009 -0.932 -0.0128 0.2983 -0.9312 0.0031 0.2821 -0.9394 0.0143 0.2699 -0.9558 0.023 0.2593 -0.9763 -0.0158 0.2969 -0.9807 -0.006 0.2865 -0.9825 0.0042 0.2759 -0.9832 0.0132 0.2666 -0.9797 -0.0002 0.2807
27.0 -1.2807 0.0598 0.1894 -1.2962 0.0223 0.2263 -1.3103 0.0124 0.2349 -1.2957 0.0346 0.2137 -1.2937 0.0434 0.2049 -1.2997 0.0322 0.2158 -1.3011 0.0357 0.2121 -1.3068 0.0379 0.2092 -1.3108 0.0405 0.2062 -1.315 0.0442 0.202 -1.3029 0.0436 0.2038
27.0 -0.9819 0.0012 0.279 -0.9326 -0.0142 0.2996 -0.9326 -0.0142 0.2996 -0.9303 0.0026 0.2826 -0.9386 0.015 0.2692 -0.9568 0.0235 0.2587 -0.9795 -0.0174 0.2983 -0.9838 -0.0082 0.2885 -0.9848 0.0026 0.2773 -0.9865 0.0122 0.2673 -0.9833 -0.0019 0.2821
28.0 -0.9778 0.0029 0.2776 -0.9319 -0.0134 0.2989 -0.9319 -0.0134 0.2989 -0.9312 0.0031 0.2821 -0.9385 0.0144 0.2699 -0.9556 0.0218 0.2605 -0.9795 -0.0174 0.2983 -0.9839 -0.0076 0.2878 -0.9858 0.0031 0.2767 -0.9866 0.0128 0.2667 -0.9827 -0.0013 0.2814
29.0 -0.9746 0.0046 0.2762 -0.9326 -0.0142 0.2996 -0.9343 -0.0144 0.2997 -0.9303 0.0026 0.2826 -0.9376 0.0145 0.2698 -0.9539 0.0221 0.2605 -0.9795 -0.0174 0.2983 -0.9839 -0.0076 0.2878 -0.9849 0.0032 0.2766 -0.9851 0.0142 0.2654 -0.9816 -0.0006 0.2809
30.0 -0.9786 0.0022 0.2783 -0.9352 -0.0145 0.2997 -0.9302 -0.0126 0.2983 -0.9287 0.0035 0.282 -0.9376 0.0145 0.2698 -0.9558 0.023 0.2593 -0.9779 -0.0166 0.2976 -0.9822 -0.0074 0.2878 -0.9841 0.0033 0.2766 -0.9857 0.0129 0.2667 -0.9817 -0.0011 0.2814
30.0 -0.9786 0.0022 0.2783 -0.9352 -0.0145 0.2997 -0.9302 -0.0126 0.2983 -0.9287 0.0035 0.282 -0.9376 0.0145 0.2698 -0.9558 0.023 0.2593 -0.9779 -0.0166 0.2976 -0.9822 -0.0074 0.2878 -0.9841 0.0033 0.2766 -0.9857 0.0129 0.2667 -0.9817 -0.0011 0.2814
32.0 -0.9927 -0.0027 0.2819 -0.9352 -0.0145 0.2997 -0.9308 -0.0145 0.3002 -0.9285 0.0023 0.2832 -0.9357 0.0135 0.271 -0.9558 0.023 0.2593 -0.9805 -0.017 0.2977 -0.984 -0.007 0.2872 -0.9858 0.0031 0.2767 -0.9882 0.0119 0.2674 -0.9862 -0.0023 0.2822
33.0 -0.9892 -0.0023 0.2818 -0.9299 -0.0144 0.3001 -0.93 -0.0138 0.2995 -0.9268 0.0031 0.2825 -0.9359 0.0147 0.2698 -0.956 0.0236 0.2587 -0.9796 -0.0168 0.2977 -0.983 -0.0075 0.2878 -0.9856 0.0019 0.2779 -0.9881 0.0113 0.268 -0.9851 -0.0027 0.2826
33.0 -0.9892 -0.0023 0.2818 -0.9299 -0.0144 0.3001 -0.93 -0.0138 0.2995 -0.9268 0.0031 0.2825 -0.9359 0.0147 0.2698 -0.956 0.0236 0.2587 -0.9796 -0.0168 0.2977 -0.983 -0.0075 0.2878 -0.9856 0.0019 0.2779 -0.9881 0.0113 0.268 -0.9851 -0.0027 0.2826
33.0 -0.9892 -0.0023 0.2818 -0.9299 -0.0144 0.3001 -0.93 -0.0138 0.2995 -0.9268 0.0031 0.2825 -0.9359 0.0147 0.2698 -0.956 0.0236 0.2587 -0.9796 -0.0168 0.2977 -0.983 -0.0075 0.2878 -0.9856 0.0019 0.2779 -0.9881 0.0113 0.268 -0.9851 -0.0027 0.2826
33.0 -0.9892 -0.0023 0.2818 -0.9299 -0.0144 0.3001 -0.93 -0.0138 0.2995 -0.9268 0.0031 0.2825 -0.9359 0.0147 0.2698 -0.956 0.0236 0.2587 -0.9796 -0.0168 0.2977 -0.983 -0.0075 0.2878 -0.9856 0.0019 0.2779 -0.9881 0.0113 0.268 -0.9851 -0.0027 0.2826
33.0 -0.9892 -0.0023 0.2818 -0.9299 -0.0144 0.3001 -0.93 -0.0138 0.2995 -0.9268 0.0031 0.2825 -0.9359 0.0147 0.2698 -0.956 0.0236 0.2587 -0.9796 -0.0168 0.2977 -0.983 -0.0075 0.2878 -0.9856 0.0019 0.2779 -0.9881 0.0113 0.268 -0.9851 -0.0027 0.2826
33.0 -0.9892 -0.0023 0.2818 -0.9299 -0.0144 0.3001 -0.93 -0.0138 0.2995 -0.9268 0.0031 0.2825 -0.9359 0.0147 0.2698 -0.956 0.0236 0.2587 -0.9796 -0.0168 0.2977 -0.983 -0.0075 0.2878 -0.9856 0.0019 0.2779 -0.9881 0.0113 0.268 -0.9851 -0.0027 0.2826
33.0 -0.9892 -0.0023 0.2818 -0.9299 -0.0144 0.3001 -0.93 -0.0138 0.2995 -0.9268 0.0031 0.2825 -0.9359 0.0147 0.2698 -0.956 0.0236 0.2587 -0.9796 -0.0168 0.2977 -0.983 -0.0075 0.2878 -0.9856 0.0019 0.2779 -0.9881 0.0113 0.268 -0.9851 -0.0027 0.2826
33.0 -0.9892 -0.0023 0.2818 -0.9299 -0.0144 0.3001 -0.93 -0.0138 0.2995 -0.9268 0.0031 0.2825 -0.9359 0.0147 0.2698 -0.956 0.0236 0.2587 -0.9796 -0.0168 0.2977 -0.983 -0.0075 0.2878 -0.9856 0.0019 0.2779 -0.9881 0.0113 0.268 -0.9851 -0.0027 0.2826
33.0 -0.9892 -0.0023 0.2818 -0.9299 -0.0144 0.3001 -0.93 -0.0138 0.2995 -0.9268 0.0031 0.2825 -0.9359 0.0147 0.2698 -0.956 0.0236 0.2587 -0.9796 -0.0168 0.2977 -0.983 -0.0075 0.2878 -0.9856 0.0019 0.2779 -0.9881 0.0113 0.268 -0.9851 -0.0027 0.2826
33.0 -0.9892 -0.0023 0.2818 -0.9299 -0.0144 0.3001 -0.93 -0.0138 0.2995 -0.9268 0.0031 0.2825 -0.9359 0.0147 0.2698 -0.956 0.0236 0.2587 -0.9796 -0.0168 0.2977 -0.983 -0.0075 0.2878 -0.9856 0.0019 0.2779 -0.9881 0.0113 0.268 -0.9851 -0.0027 0.2826
43.0 -0.9909 0.0024 0.2769 -0.9189 -0.0019 0.2885 -0.9166 -0.0053 0.2921 -0.917 0.0124 0.274 -0.9279 0.0292 0.2557 -0.9513 0.0371 0.2454 -0.9642 -0.0099 0.2921 -0.9711 -0.0004 0.2817 -0.9782 0.0102 0.2701 -0.9845 0.021 0.2585 -0.9778 0.0047 0.2759
44.0 -1.0068 0.0027 0.275 -0.9181 -0.0018 0.2884 -0.9113 -0.0052 0.2925 -0.9119 0.0131 0.2738 -0.9264 0.0307 0.2544 -0.9488 0.038 0.2446 -0.966 -0.0095 0.2915 -0.972 -0.0005 0.2818 -0.9791 0.0101 0.2702 -0.988 0.0205 0.2587 -0.9824 0.0047 0.2754
45.0 -1.0093 0.0018 0.2757 -0.9285 0.0023 0.2832 -0.9069 -0.0052 0.293 -0.9068 0.0144 0.273 -0.9205 0.0321 0.2535 -0.9456 0.0397 0.2433 -0.9634 -0.0092 0.2914 -0.9677 4.65e-05 0.2816 -0.9758 0.0112 0.2694 -0.9846 0.0216 0.2579 -0.9801 0.0051 0.2752
46.0 -1.0007 -0.002 0.2804 -0.9056 -0.0026 0.2904 -0.9039 -0.0023 0.2904 -0.9061 0.0151 0.2723 -0.9209 0.0345 0.2511 -0.9433 0.0418 0.2413 -0.955 -0.0068 0.2899 -0.9618 0.0021 0.2801 -0.9706 0.0119 0.2692 -0.982 0.0219 0.2578 -0.974 0.0054 0.2755
47.0 -0.998 -0.0022 0.2809 -0.9015 -0.0008 0.289 -0.8956 0.0006 0.2882 -0.9001 0.0159 0.2721 -0.914 0.0354 0.2508 -0.9373 0.0426 0.2411 -0.9481 -0.0059 0.2896 -0.955 0.003 0.2799 -0.9646 0.0127 0.269 -0.9769 0.0226 0.2576 -0.9685 0.006 0.2754
48.0 -0.9936 0.0026 0.2764 -0.9042 0.0043 0.2835 -0.8909 -0.0012 0.2905 -0.8932 0.0168 0.2718 -0.9083 0.038 0.2487 -0.9341 0.0443 0.2397 -0.9446 -0.006 0.2901 -0.9508 0.0042 0.2791 -0.9604 0.0139 0.2682 -0.9727 0.0238 0.2568 -0.9644 0.0077 0.2741
49.0 -0.9892 0.0026 0.2768 -0.9058 0.0084 0.2792 -0.8851 0.0008 0.289 -0.8881 0.0181 0.271 -0.9041 0.0392 0.2479 -0.9298 0.0449 0.2395 -0.9398 -0.0035 0.288 -0.9458 0.006 0.2776 -0.9555 0.0157 0.2668 -0.9686 0.0256 0.2554 -0.9598 0.0093 0.2729
50.0 -0.9927 0.0077 0.2713 -0.9149 0.0053 0.2814 -0.8807 0.0008 0.2895 -0.8831 0.0194 0.2702 -0.8999 0.0403 0.2471 -0.9248 0.0468 0.2381 -0.94 -0.0023 0.2868 -0.9435 0.0076 0.2763 -0.9521 0.0168 0.266 -0.9652 0.026 0.2553 -0.9587 0.0112 0.2711
51.0 -0.9913 0.0097 0.2694 -0.909 0.0067 0.2806 -0.8749 0.0028 0.288 -0.8765 0.0221 0.2681 -0.8931 0.0413 0.2469 -0.92 0.0492 0.236 -0.9365 -0.0019 0.2866 -0.9401 0.0086 0.2755 -0.9481 0.0192 0.264 -0.9602 0.0279 0.2538 -0.9553 0.0127 0.2699
52.0 -0.988 0.0107 0.2686 -0.9009 0.0109 0.2771 -0.8706 0.0034 0.2878 -0.8723 0.0233 0.2673 -0.8881 0.0432 0.2454 -0.9157 0.0498 0.2359 -0.9347 -0.0022 0.2872 -0.9374 0.0084 0.2761 -0.9445 0.0184 0.2651 -0.9541 0.0281 0.2542 -0.9518 0.0127 0.2702
53.0 -0.9846 0.0112 0.2685 -0.9004 0.0128 0.2752 -0.8649 0.006 0.2857 -0.8665 0.0253 0.2658 -0.8829 0.0433 0.2458 -0.9122 0.0503 0.2357 -0.9289 -0.0002 0.2857 -0.9314 0.0092 0.2758 -0.9385 0.0193 0.2649 -0.9489 0.0288 0.254 -0.9465 0.0137 0.2698
54.0 -0.9802 0.0112 0.269 -0.8936 0.0143 0.2744 -0.8591 0.008 0.2843 -0.8616 0.0272 0.2644 -0.8776 0.0434 0.2463 -0.9053 0.0506 0.2361 -0.9246 0.0004 0.2856 -0.9264 0.0105 0.275 -0.9333 0.02 0.2647 -0.9438 0.0295 0.2538 -0.9417 0.0143 0.2696
55.0 -0.9758 0.0112 0.2694 -0.8847 0.0186 0.2709 -0.854 0.0093 0.2834 -0.8559 0.0298 0.2623 -0.8716 0.0442 0.246 -0.8995 0.0526 0.2346 -0.9194 0.0011 0.2854 -0.922 0.0105 0.2755 -0.9289 0.0199 0.2651 -0.9385 0.0296 0.2542 -0.9369 0.0145 0.2699
56.0 -0.9662 0.0118 0.2697 -0.8778 0.0195 0.2706 -0.8473 0.0108 0.2826 -0.8499 0.0306 0.262 -0.8656 0.045 0.2458 -0.8932 0.0522 0.2356 -0.9124 0.0008 0.2863 -0.9165 0.0094 0.2771 -0.9235 0.0194 0.2661 -0.9332 0.0291 0.2553 -0.9304 0.0141 0.2709
57.0 -0.9609 0.0119 0.2701 -0.8691 0.0201 0.2709 -0.8404 0.0117 0.2823 -0.8449 0.0325 0.2606 -0.8615 0.0468 0.2444 -0.8873 0.0536 0.2348 -0.9046 0.0018 0.286 -0.9097 0.0109 0.2762 -0.9168 0.021 0.2653 -0.9272 0.0299 0.255 -0.9238 0.0151 0.2705
58.0 -0.9522 0.0125 0.2704 -0.8613 0.0205 0.2712 -0.8328 0.0134 0.2814 -0.8379 0.0328 0.261 -0.8545 0.0471 0.2447 -0.8804 0.0546 0.2345 -0.8969 0.0029 0.2857 -0.9011 0.0121 0.2759 -0.909 0.022 0.265 -0.9195 0.0316 0.2541 -0.9158 0.0162 0.2702
59.0 -0.9429 0.0144 0.2694 -0.8536 0.0222 0.2703 -0.8241 0.0139 0.2817 -0.8285 0.0341 0.2606 -0.8459 0.0482 0.2444 -0.8744 0.0554 0.2343 -0.8875 0.0048 0.2847 -0.8927 0.0138 0.2749 -0.9014 0.0236 0.264 -0.9119 0.0332 0.2532 -0.9073 0.018 0.2693
60.0 -0.9396 0.0154 0.2686 -0.8484 0.0223 0.2707 -0.8175 0.0167 0.2795 -0.8226 0.0355 0.2597 -0.8406 0.0483 0.2448 -0.8702 0.0566 0.2335 -0.8816 0.0062 0.2839 -0.8867 0.0152 0.2741 -0.8954 0.0245 0.2638 -0.9058 0.0334 0.2536 -0.9018 0.019 0.2688
61.0 -0.9334 0.0157 0.269 -0.8372 0.0238 0.2703 -0.8098 0.0177 0.2792 -0.8165 0.0363 0.2595 -0.8347 0.0498 0.244 -0.8643 0.058 0.2326 -0.8766 0.0075 0.2831 -0.8816 0.0159 0.2739 -0.8902 0.0252 0.2636 -0.9015 0.034 0.2534 -0.8967 0.0196 0.2686
62.0 -0.9282 0.0158 0.2695 -0.8364 0.0239 0.2703 -0.803 0.0192 0.2783 -0.8105 0.0371 0.2593 -0.8297 0.051 0.2432 -0.8592 0.0587 0.2324 -0.8706 0.0083 0.2828 -0.8756 0.0168 0.2737 -0.8841 0.0254 0.264 -0.8955 0.0348 0.2532 -0.8908 0.0202 0.2686
63.0 -0.9071 0.021 0.2661 -0.829 0.0273 0.2675 -0.8019 0.0279 0.2696 -0.8043 0.0416 0.2553 -0.8151 0.053 0.2426 -0.8389 0.0687 0.2242 -0.8449 0.0172 0.2762 -0.8482 0.026 0.267 -0.8558 0.0347 0.2573 -0.8679 0.0434 0.2471 -0.8648 0.0285 0.2627
64.0 -0.9031 0.0234 0.2641 -0.8288 0.0261 0.2687 -0.8024 0.0309 0.2665 -0.8038 0.0387 0.2584 -0.8071 0.0529 0.2435 -0.834 0.0706 0.2227 -0.842 0.0207 0.273 -0.8451 0.0288 0.2644 -0.8518 0.0365 0.2559 -0.8636 0.044 0.247 -0.8611 0.0307 0.2609
65.0 -0.9012 0.0225 0.2653 -0.8173 0.0258 0.2702 -0.8029 0.0339 0.2633 -0.8045 0.0428 0.254 -0.8084 0.0551 0.2411 -0.835 0.0711 0.2221 -0.8411 0.0208 0.2729 -0.8443 0.0289 0.2643 -0.852 0.0377 0.2546 -0.864 0.0458 0.2451 -0.8605 0.0311 0.2605
66.0 -0.8959 0.0274 0.2607 -0.8369 0.047 0.2466 -0.8042 0.041 0.2559 -0.8046 0.0434 0.2534 -0.8061 0.0518 0.2447 -0.8226 0.066 0.2285 -0.8377 0.0267 0.2672 -0.8384 0.0303 0.2635 -0.8425 0.034 0.2593 -0.8513 0.039 0.2534 -0.8532 0.0315 0.2608
66.0 -1.296 0.0516 0.1963 -1.2872 0.0314 0.2178 -1.2998 0.0328 0.2152 -1.2893 0.0336 0.2154 -1.2866 0.0327 0.2165 -1.2822 0.0327 0.217 -1.3113 0.0434 0.2031 -1.2988 0.0421 0.2057 -1.2895 0.0397 0.2091 -1.2812 0.0371 0.2126 -1.2954 0.0428 0.2054
66.0 -1.296 0.0516 0.1963 -1.2872 0.0314 0.2178 -1.2998 0.0328 0.2152 -1.2893 0.0336 0.2154 -1.2866 0.0327 0.2165 -1.2822 0.0327 0.217 -1.3113 0.0434 0.2031 -1.2988 0.0421 0.2057 -1.2895 0.0397 0.2091 -1.2812 0.0371 0.2126 -1.2954 0.0428 0.2054
68.0 -1.2944 0.0524 0.1956 -1.2926 0.0319 0.2167 -1.2936 0.033 0.2155 -1.2848 0.033 0.2164 -1.2845 0.0312 0.2183 -1.2828 0.0314 0.2182 -1.306 0.0435 0.2035 -1.2987 0.0415 0.2064 -1.2947 0.039 0.2093 -1.2924 0.0362 0.2124 -1.2973 0.0425 0.2054
69.0 -0.8891 0.0235 0.2654 -0.8035 0.032 0.2652 -0.804 0.0399 0.2571 -0.806 0.0512 0.2454 -0.808 0.0631 0.2329 -0.8232 0.0745 0.2198 -0.8211 0.0272 0.2684 -0.8278 0.0354 0.2593 -0.8371 0.0433 0.2503 -0.8497 0.0496 0.2427 -0.845 0.0358 0.2572
70.0 -1.2953 0.0572 0.1906 -1.2959 0.0358 0.2125 -1.2899 0.0317 0.2173 -1.2847 0.0324 0.2171 -1.2836 0.0307 0.2189 -1.2888 0.0306 0.2185 -1.3057 0.0466 0.2004 -1.3052 0.0437 0.2035 -1.3064 0.0404 0.2067 -1.3085 0.0377 0.2092 -1.3042 0.0451 0.2021
70.0 -0.8865 0.0238 0.2653 -0.8025 0.0315 0.2658 -0.8044 0.0422 0.2547 -0.8065 0.0542 0.2423 -0.8084 0.0649 0.2311 -0.8207 0.0749 0.2197 -0.8206 0.0291 0.2665 -0.8273 0.0373 0.2574 -0.8372 0.0439 0.2497 -0.8489 0.0503 0.242 -0.8441 0.0369 0.2562
71.0 -0.8827 0.0225 0.2671 -0.8027 0.0327 0.2646 -0.805 0.0458 0.2509 -0.8068 0.056 0.2404 -0.8088 0.0673 0.2286 -0.8184 0.077 0.2177 -0.8165 0.0308 0.2651 -0.824 0.039 0.256 -0.834 0.0456 0.2483 -0.8473 0.0511 0.2413 -0.8409 0.0378 0.2556
71.0 -1.3135 0.056 0.1901 -1.294 0.0348 0.2137 -1.2921 0.0344 0.2142 -1.2852 0.0348 0.2146 -1.2859 0.034 0.2152 -1.2902 0.0335 0.2154 -1.318 0.0462 0.1996 -1.3162 0.0464 0.1996 -1.3143 0.0455 0.2007 -1.3139 0.0431 0.2032 -1.3152 0.0474 0.1986
72.0 -0.8767 0.0233 0.2668 -0.8031 0.0351 0.2621 -0.8054 0.0482 0.2485 -0.8071 0.0578 0.2385 -0.8087 0.0667 0.2292 -0.8158 0.0773 0.2176 -0.813 0.0313 0.265 -0.8214 0.0387 0.2566 -0.8313 0.0453 0.2488 -0.8445 0.0503 0.2425 -0.8374 0.0378 0.2559
73.0 -0.8756 0.0216 0.2687 -0.8029 0.0339 0.2633 -0.8059 0.0506 0.246 -0.8075 0.0601 0.236 -0.8092 0.0697 0.2261 -0.8176 0.0777 0.2171 -0.8109 0.034 0.2624 -0.8192 0.0415 0.254 -0.8308 0.0472 0.2469 -0.8447 0.0515 0.2412 -0.8362 0.0392 0.2546
73.0 -0.8756 0.0216 0.2687 -0.8029 0.0339 0.2633 -0.8059 0.0506 0.246 -0.8075 0.0601 0.236 -0.8092 0.0697 0.2261 -0.8176 0.0777 0.2171 -0.8109 0.034 0.2624 -0.8192 0.0415 0.254 -0.8308 0.0472 0.2469 -0.8447 0.0515 0.2412 -0.8362 0.0392 0.2546
73.0 -0.8756 0.0216 0.2687 -0.8029 0.0339 0.2633 -0.8059 0.0506 0.246 -0.8075 0.0601 0.236 -0.8092 0.0697 0.2261 -0.8176 0.0777 0.2171 -0.8109 0.034 0.2624 -0.8192 0.0415 0.254 -0.8308 0.0472 0.2469 -0.8447 0.0515 0.2412 -0.8362 0.0392 0.2546
76.0 -1.2929 0.0588 0.1893 -1.2948 0.0347 0.2137 -1.2927 0.0325 0.2161 -1.2847 0.0324 0.2171 -1.2837 0.0313 0.2183 -1.2865 0.0321 0.2171 -1.3101 0.0467 0.1999 -1.3054 0.0449 0.2023 -1.3022 0.0416 0.2059 -1.3008 0.0388 0.2089 -1.3023 0.0461 0.2013
77.0 -1.295 0.0505 0.1975 -1.2944 0.0323 0.2162 -1.2989 0.0329 0.2151 -1.2855 0.0317 0.2177 -1.2842 0.0294 0.2202 -1.2824 0.029 0.2207 -1.3131 0.0438 0.2026 -1.3022 0.0416 0.2059 -1.2937 0.0385 0.2099 -1.2861 0.0352 0.214 -1.298 0.0419 0.206
78.0 -1.2915 0.051 0.1973 -1.297 0.0319 0.2163 -1.2992 0.0347 0.2133 -1.2868 0.0339 0.2153 -1.2838 0.0319 0.2177 -1.2801 0.0312 0.2188 -1.3085 0.0426 0.2043 -1.2976 0.0404 0.2076 -1.2884 0.038 0.211 -1.2817 0.0352 0.2145 -1.2935 0.0414 0.2069
79.0 -1.2909 0.0523 0.1961 -1.2959 0.0309 0.2175 -1.2933 0.0361 0.2124 -1.2834 0.035 0.2145 -1.2841 0.0337 0.2158 -1.2829 0.032 0.2176 -1.3078 0.0433 0.2036 -1.2993 0.0402 0.2076 -1.2935 0.0373 0.2112 -1.2895 0.0342 0.2148 -1.2962 0.0415 0.2066
80.0 -1.2899 0.0518 0.1967 -1.2976 0.0306 0.2176 -1.2947 0.0341 0.2143 -1.2842 0.0343 0.2152 -1.2864 0.0315 0.2178 -1.2859 0.0292 0.2202 -1.3025 0.0434 0.204 -1.2966 0.0399 0.2082 -1.2934 0.0367 0.2118 -1.2919 0.0332 0.2155 -1.2949 0.041 0.2072
80.0 -1.2899 0.0518 0.1967 -1.2976 0.0306 0.2176 -1.2947 0.0341 0.2143 -1.2842 0.0343 0.2152 -1.2864 0.0315 0.2178 -1.2859 0.0292 0.2202 -1.3025 0.0434 0.204 -1.2966 0.0399 0.2082 -1.2934 0.0367 0.2118 -1.2919 0.0332 0.2155 -1.2949 0.041 0.2072
82.0 -1.2905 0.0554 0.1929 -1.2912 0.0339 0.2148 -1.2868 0.0339 0.2153 -1.2823 0.0333 0.2163 -1.2846 0.0318 0.2177 -1.2896 0.0299 0.2191 -1.2999 0.0438 0.2039 -1.3014 0.0423 0.2052 -1.3045 0.0395 0.2078 -1.3094 0.0376 0.2093 -1.3012 0.0437 0.2038
82.0 -1.2905 0.0554 0.1929 -1.2912 0.0339 0.2148 -1.2868 0.0339 0.2153 -1.2823 0.0333 0.2163 -1.2846 0.0318 0.2177 -1.2896 0.0299 0.2191 -1.2999 0.0438 0.2039 -1.3014 0.0423 0.2052 -1.3045 0.0395 0.2078 -1.3094 0.0376 0.2093 -1.3012 0.0437 0.2038
84.0 -0.8523 0.0193 0.2734 -0.8034 0.0369 0.2602 -0.8083 0.0643 0.2317 -0.8097 0.0727 0.223 -0.8107 0.078 0.2174 -0.8159 0.0828 0.212 -0.8043 0.0416 0.2553 -0.8073 0.0486 0.2479 -0.8204 0.0535 0.2415 -0.835 0.0564 0.2371 -0.8239 0.0439 0.251
84.0 -1.2898 0.0561 0.1923 -1.2922 0.035 0.2136 -1.2886 0.0343 0.2147 -1.2822 0.0327 0.217 -1.2836 0.0307 0.2189 -1.2887 0.03 0.2191 -1.3011 0.0454 0.2021 -1.3015 0.0429 0.2046 -1.3027 0.0397 0.2078 -1.3058 0.0369 0.2104 -1.3002 0.0442 0.2034
84.0 -1.2898 0.0561 0.1923 -1.2922 0.035 0.2136 -1.2886 0.0343 0.2147 -1.2822 0.0327 0.217 -1.2836 0.0307 0.2189 -1.2887 0.03 0.2191 -1.3011 0.0454 0.2021 -1.3015 0.0429 0.2046 -1.3027 0.0397 0.2078 -1.3058 0.0369 0.2104 -1.3002 0.0442 0.2034
86.0 -0.8512 0.0182 0.2746 -0.8054 0.0482 0.2485 -0.8088 0.0673 0.2286 -0.8091 0.0691 0.2267 -0.8096 0.0721 0.2236 -0.8133 0.0728 0.2225 -0.8049 0.0452 0.2516 -0.8067 0.0505 0.246 -0.8196 0.0536 0.2415 -0.834 0.0554 0.2383 -0.8233 0.0446 0.2504
86.0 -0.8512 0.0182 0.2746 -0.8054 0.0482 0.2485 -0.8088 0.0673 0.2286 -0.8091 0.0691 0.2267 -0.8096 0.0721 0.2236 -0.8133 0.0728 0.2225 -0.8049 0.0452 0.2516 -0.8067 0.0505 0.246 -0.8196 0.0536 0.2415 -0.834 0.0554 0.2383 -0.8233 0.0446 0.2504
86.0 -0.8512 0.0182 0.2746 -0.8054 0.0482 0.2485 -0.8088 0.0673 0.2286 -0.8091 0.0691 0.2267 -0.8096 0.0721 0.2236 -0.8133 0.0728 0.2225 -0.8049 0.0452 0.2516 -0.8067 0.0505 0.246 -0.8196 0.0536 0.2415 -0.834 0.0554 0.2383 -0.8233 0.0446 0.2504
86.0 -0.8512 0.0182 0.2746 -0.8054 0.0482 0.2485 -0.8088 0.0673 0.2286 -0.8091 0.0691 0.2267 -0.8096 0.0721 0.2236 -0.8133 0.0728 0.2225 -0.8049 0.0452 0.2516 -0.8067 0.0505 0.246 -0.8196 0.0536 0.2415 -0.834 0.0554 0.2383 -0.8233 0.0446 0.2504
86.0 -0.8512 0.0182 0.2746 -0.8054 0.0482 0.2485 -0.8088 0.0673 0.2286 -0.8091 0.0691 0.2267 -0.8096 0.0721 0.2236 -0.8133 0.0728 0.2225 -0.8049 0.0452 0.2516 -0.8067 0.0505 0.246 -0.8196 0.0536 0.2415 -0.834 0.0554 0.2383 -0.8233 0.0446 0.2504
86.0 -0.8512 0.0182 0.2746 -0.8054 0.0482 0.2485 -0.8088 0.0673 0.2286 -0.8091 0.0691 0.2267 -0.8096 0.0721 0.2236 -0.8133 0.0728 0.2225 -0.8049 0.0452 0.2516 -0.8067 0.0505 0.246 -0.8196 0.0536 0.2415 -0.834 0.0554 0.2383 -0.8233 0.0446 0.2504
86.0 -0.8512 0.0182 0.2746 -0.8054 0.0482 0.2485 -0.8088 0.0673 0.2286 -0.8091 0.0691 0.2267 -0.8096 0.0721 0.2236 -0.8133 0.0728 0.2225 -0.8049 0.0452 0.2516 -0.8067 0.0505 0.246 -0.8196 0.0536 0.2415 -0.834 0.0554 0.2383 -0.8233 0.0446 0.2504
93.0 -1.29 0.0524 0.196 -1.2962 0.0327 0.2156 -1.2875 0.0332 0.2159 -1.2811 0.0316 0.2182 -1.2829 0.032 0.2176 -1.2853 0.0305 0.219 -1.3049 0.0419 0.2054 -1.3028 0.0403 0.2072 -1.3015 0.0374 0.2102 -1.3019 0.0349 0.2127 -1.3002 0.0414 0.2063
93.0 -1.29 0.0524 0.196 -1.2962 0.0327 0.2156 -1.2875 0.0332 0.2159 -1.2811 0.0316 0.2182 -1.2829 0.032 0.2176 -1.2853 0.0305 0.219 -1.3049 0.0419 0.2054 -1.3028 0.0403 0.2072 -1.3015 0.0374 0.2102 -1.3019 0.0349 0.2127 -1.3002 0.0414 0.2063
93.0 -1.29 0.0524 0.196 -1.2962 0.0327 0.2156 -1.2875 0.0332 0.2159 -1.2811 0.0316 0.2182 -1.2829 0.032 0.2176 -1.2853 0.0305 0.219 -1.3049 0.0419 0.2054 -1.3028 0.0403 0.2072 -1.3015 0.0374 0.2102 -1.3019 0.0349 0.2127 -1.3002 0.0414 0.2063
93.0 -1.29 0.0524 0.196 -1.2962 0.0327 0.2156 -1.2875 0.0332 0.2159 -1.2811 0.0316 0.2182 -1.2829 0.032 0.2176 -1.2853 0.0305 0.219 -1.3049 0.0419 0.2054 -1.3028 0.0403 0.2072 -1.3015 0.0374 0.2102 -1.3019 0.0349 0.2127 -1.3002 0.0414 0.2063
97.0 -1.2883 0.0527 0.196 -1.3036 0.0298 0.2178 -1.2955 0.0334 0.215 -1.2851 0.0342 0.2152 -1.2854 0.0311 0.2183 -1.2844 0.0306 0.2189 -1.305 0.0425 0.2047 -1.2958 0.04 0.2081 -1.2891 0.0373 0.2116 -1.2852 0.0348 0.2146 -1.2927 0.0414 0.207
97.0 -1.2883 0.0527 0.196 -1.3036 0.0298 0.2178 -1.2955 0.0334 0.215 -1.2851 0.0342 0.2152 -1.2854 0.0311 0.2183 -1.2844 0.0306 0.2189 -1.305 0.0425 0.2047 -1.2958 0.04 0.2081 -1.2891 0.0373 0.2116 -1.2852 0.0348 0.2146 -1.2927 0.0414 0.207
99.0 -1.2893 0.0531 0.1954 -1.2915 0.0308 0.218 -1.2883 0.0325 0.2166 -1.2823 0.0333 0.2163 -1.2837 0.0313 0.2183 -1.2869 0.0296 0.2197 -1.3016 0.0435 0.204 -1.3003 0.0407 0.2071 -1.3005 0.037 0.2108 -1.3034 0.0335 0.214 -1.299 0.0416 0.2063
99.0 -1.2893 0.0531 0.1954 -1.2915 0.0308 0.218 -1.2883 0.0325 0.2166 -1.2823 0.0333 0.2163 -1.2837 0.0313 0.2183 -1.2869 0.0296 0.2197 -1.3016 0.0435 0.204 -1.3003 0.0407 0.2071 -1.3005 0.037 0.2108 -1.3034 0.0335 0.214 -1.299 0.0416 0.2063
99.0 -1.2893 0.0531 0.1954 -1.2915 0.0308 0.218 -1.2883 0.0325 0.2166 -1.2823 0.0333 0.2163 -1.2837 0.0313 0.2183 -1.2869 0.0296 0.2197 -1.3016 0.0435 0.204 -1.3003 0.0407 0.2071 -1.3005 0.037 0.2108 -1.3034 0.0335 0.214 -1.299 0.0416 0.2063
99.0 -1.2893 0.0531 0.1954 -1.2915 0.0308 0.218 -1.2883 0.0325 0.2166 -1.2823 0.0333 0.2163 -1.2837 0.0313 0.2183 -1.2869 0.0296 0.2197 -1.3016 0.0435 0.204 -1.3003 0.0407 0.2071 -1.3005 0.037 0.2108 -1.3034 0.0335 0.214 -1.299 0.0416 0.2063
99.0 -1.2893 0.0531 0.1954 -1.2915 0.0308 0.218 -1.2883 0.0325 0.2166 -1.2823 0.0333 0.2163 -1.2837 0.0313 0.2183 -1.2869 0.0296 0.2197 -1.3016 0.0435 0.204 -1.3003 0.0407 0.2071 -1.3005 0.037 0.2108 -1.3034 0.0335 0.214 -1.299 0.0416 0.2063
104.0 -1.289 0.0519 0.1966 -1.2977 0.0312 0.2169 -1.2959 0.0358 0.2125 -1.2862 0.0358 0.2134 -1.2868 0.0339 0.2153 -1.2856 0.0323 0.2171 -1.3035 0.0439 0.2034 -1.295 0.0408 0.2075 -1.2907 0.0365 0.2123 -1.2884 0.0331 0.216 -1.2933 0.0412 0.2072
104.0 -1.289 0.0519 0.1966 -1.2977 0.0312 0.2169 -1.2959 0.0358 0.2125 -1.2862 0.0358 0.2134 -1.2868 0.0339 0.2153 -1.2856 0.0323 0.2171 -1.3035 0.0439 0.2034 -1.295 0.0408 0.2075 -1.2907 0.0365 0.2123 -1.2884 0.0331 0.216 -1.2933 0.0412 0.2072
104.0 -1.289 0.0519 0.1966 -1.2977 0.0312 0.2169 -1.2959 0.0358 0.2125 -1.2862 0.0358 0.2134 -1.2868 0.0339 0.2153 -1.2856 0.0323 0.2171 -1.3035 0.0439 0.2034 -1.295 0.0408 0.2075 -1.2907 0.0365 0.2123 -1.2884 0.0331 0.216 -1.2933 0.0412 0.2072
104.0 -1.289 0.0519 0.1966 -1.2977 0.0312 0.2169 -1.2959 0.0358 0.2125 -1.2862 0.0358 0.2134 -1.2868 0.0339 0.2153 -1.2856 0.0323 0.2171 -1.3035 0.0439 0.2034 -1.295 0.0408 0.2075 -1.2907 0.0365 0.2123 -1.2884 0.0331 0.216 -1.2933 0.0412 0.2072
104.0 -1.289 0.0519 0.1966 -1.2977 0.0312 0.2169 -1.2959 0.0358 0.2125 -1.2862 0.0358 0.2134 -1.2868 0.0339 0.2153 -1.2856 0.0323 0.2171 -1.3035 0.0439 0.2034 -1.295 0.0408 0.2075 -1.2907 0.0365 0.2123 -1.2884 0.0331 0.216 -1.2933 0.0412 0.2072
104.0 -1.289 0.0519 0.1966 -1.2977 0.0312 0.2169 -1.2959 0.0358 0.2125 -1.2862 0.0358 0.2134 -1.2868 0.0339 0.2153 -1.2856 0.0323 0.2171 -1.3035 0.0439 0.2034 -1.295 0.0408 0.2075 -1.2907 0.0365 0.2123 -1.2884 0.0331 0.216 -1.2933 0.0412 0.2072
104.0 -1.289 0.0519 0.1966 -1.2977 0.0312 0.2169 -1.2959 0.0358 0.2125 -1.2862 0.0358 0.2134 -1.2868 0.0339 0.2153 -1.2856 0.0323 0.2171 -1.3035 0.0439 0.2034 -1.295 0.0408 0.2075 -1.2907 0.0365 0.2123 -1.2884 0.0331 0.216 -1.2933 0.0412 0.2072
104.0 -1.289 0.0519 0.1966 -1.2977 0.0312 0.2169 -1.2959 0.0358 0.2125 -1.2862 0.0358 0.2134 -1.2868 0.0339 0.2153 -1.2856 0.0323 0.2171 -1.3035 0.0439 0.2034 -1.295 0.0408 0.2075 -1.2907 0.0365 0.2123 -1.2884 0.0331 0.216 -1.2933 0.0412 0.2072
104.0 -1.289 0.0519 0.1966 -1.2977 0.0312 0.2169 -1.2959 0.0358 0.2125 -1.2862 0.0358 0.2134 -1.2868 0.0339 0.2153 -1.2856 0.0323 0.2171 -1.3035 0.0439 0.2034 -1.295 0.0408 0.2075 -1.2907 0.0365 0.2123 -1.2884 0.0331 0.216 -1.2933 0.0412 0.2072
104.0 -1.289 0.0519 0.1966 -1.2977 0.0312 0.2169 -1.2959 0.0358 0.2125 -1.2862 0.0358 0.2134 -1.2868 0.0339 0.2153 -1.2856 0.0323 0.2171 -1.3035 0.0439 0.2034 -1.295 0.0408 0.2075 -1.2907 0.0365 0.2123 -1.2884 0.0331 0.216 -1.2933 0.0412 0.2072
114.0 -1.2945 0.053 0.195 -1.293 0.0343 0.2143 -1.2949 0.0353 0.2131 -1.287 0.0351 0.214 -1.2852 0.0348 0.2146 -1.2843 0.0349 0.2146 -1.3088 0.0444 0.2024 -1.3006 0.0425 0.2052 -1.2948 0.0396 0.2087 -1.29 0.0372 0.2117 -1.2977 0.0433 0.2046
114.0 -1.2945 0.053 0.195 -1.293 0.0343 0.2143 -1.2949 0.0353 0.2131 -1.287 0.0351 0.214 -1.2852 0.0348 0.2146 -1.2843 0.0349 0.2146 -1.3088 0.0444 0.2024 -1.3006 0.0425 0.2052 -1.2948 0.0396 0.2087 -1.29 0.0372 0.2117 -1.2977 0.0433 0.2046
114.0 -1.2945 0.053 0.195 -1.293 0.0343 0.2143 -1.2949 0.0353 0.2131 -1.287 0.0351 0.214 -1.2852 0.0348 0.2146 -1.2843 0.0349 0.2146 -1.3088 0.0444 0.2024 -1.3006 0.0425 0.2052 -1.2948 0.0396 0.2087 -1.29 0.0372 0.2117 -1.2977 0.0433 0.2046
114.0 -1.2945 0.053 0.195 -1.293 0.0343 0.2143 -1.2949 0.0353 0.2131 -1.287 0.0351 0.214 -1.2852 0.0348 0.2146 -1.2843 0.0349 0.2146 -1.3088 0.0444 0.2024 -1.3006 0.0425 0.2052 -1.2948 0.0396 0.2087 -1.29 0.0372 0.2117 -1.2977 0.0433 0.2046
114.0 -1.2945 0.053 0.195 -1.293 0.0343 0.2143 -1.2949 0.0353 0.2131 -1.287 0.0351 0.214 -1.2852 0.0348 0.2146 -1.2843 0.0349 0.2146 -1.3088 0.0444 0.2024 -1.3006 0.0425 0.2052 -1.2948 0.0396 0.2087 -1.29 0.0372 0.2117 -1.2977 0.0433 0.2046
114.0 -1.2945 0.053 0.195 -1.293 0.0343 0.2143 -1.2949 0.0353 0.2131 -1.287 0.0351 0.214 -1.2852 0.0348 0.2146 -1.2843 0.0349 0.2146 -1.3088 0.0444 0.2024 -1.3006 0.0425 0.2052 -1.2948 0.0396 0.2087 -1.29 0.0372 0.2117 -1.2977 0.0433 0.2046
114.0 -1.2945 0.053 0.195 -1.293 0.0343 0.2143 -1.2949 0.0353 0.2131 -1.287 0.0351 0.214 -1.2852 0.0348 0.2146 -1.2843 0.0349 0.2146 -1.3088 0.0444 0.2024 -1.3006 0.0425 0.2052 -1.2948 0.0396 0.2087 -1.29 0.0372 0.2117 -1.2977 0.0433 0.2046
114.0 -1.2945 0.053 0.195 -1.293 0.0343 0.2143 -1.2949 0.0353 0.2131 -1.287 0.0351 0.214 -1.2852 0.0348 0.2146 -1.2843 0.0349 0.2146 -1.3088 0.0444 0.2024 -1.3006 0.0425 0.2052 -1.2948 0.0396 0.2087 -1.29 0.0372 0.2117 -1.2977 0.0433 0.2046
114.0 -1.2945 0.053 0.195 -1.293 0.0343 0.2143 -1.2949 0.0353 0.2131 -1.287 0.0351 0.214 -1.2852 0.0348 0.2146 -1.2843 0.0349 0.2146 -1.3088 0.0444 0.2024 -1.3006 0.0425 0.2052 -1.2948 0.0396 0.2087 -1.29 0.0372 0.2117 -1.2977 0.0433 0.2046
114.0 -1.2945 0.053 0.195 -1.293 0.0343 0.2143 -1.2949 0.0353 0.2131 -1.287 0.0351 0.214 -1.2852 0.0348 0.2146 -1.2843 0.0349 0.2146 -1.3088 0.0444 0.2024 -1.3006 0.0425 0.2052 -1.2948 0.0396 0.2087 -1.29 0.0372 0.2117 -1.2977 0.0433 0.2046
114.0 -1.2945 0.053 0.195 -1.293 0.0343 0.2143 -1.2949 0.0353 0.2131 -1.287 0.0351 0.214 -1.2852 0.0348 0.2146 -1.2843 0.0349 0.2146 -1.3088 0.0444 0.2024 -1.3006 0.0425 0.2052 -1.2948 0.0396 0.2087 -1.29 0.0372 0.2117 -1.2977 0.0433 0.2046
114.0 -1.2945 0.053 0.195 -1.293 0.0343 0.2143 -1.2949 0.0353 0.2131 -1.287 0.0351 0.214 -1.2852 0.0348 0.2146 -1.2843 0.0349 0.2146 -1.3088 0.0444 0.2024 -1.3006 0.0425 0.2052 -1.2948 0.0396 0.2087 -1.29 0.0372 0.2117 -1.2977 0.0433 0.2046
114.0 -1.2945 0.053 0.195 -1.293 0.0343 0.2143 -1.2949 0.0353 0.2131 -1.287 0.0351 0.214 -1.2852 0.0348 0.2146 -1.2843 0.0349 0.2146 -1.3088 0.0444 0.2024 -1.3006 0.0425 0.2052 -1.2948 0.0396 0.2087 -1.29 0.0372 0.2117 -1.2977 0.0433 0.2046
114.0 -1.2945 0.053 0.195 -1.293 0.0343 0.2143 -1.2949 0.0353 0.2131 -1.287 0.0351 0.214 -1.2852 0.0348 0.2146 -1.2843 0.0349 0.2146 -1.3088 0.0444 0.2024 -1.3006 0.0425 0.2052 -1.2948 0.0396 0.2087 -1.29 0.0372 0.2117 -1.2977 0.0433 0.2046
114.0 -1.2945 0.053 0.195 -1.293 0.0343 0.2143 -1.2949 0.0353 0.2131 -1.287 0.0351 0.214 -1.2852 0.0348 0.2146 -1.2843 0.0349 0.2146 -1.3088 0.0444 0.2024 -1.3006 0.0425 0.2052 -1.2948 0.0396 0.2087 -1.29 0.0372 0.2117 -1.2977 0.0433 0.2046
114.0 -1.2945 0.053 0.195 -1.293 0.0343 0.2143 -1.2949 0.0353 0.2131 -1.287 0.0351 0.214 -1.2852 0.0348 0.2146 -1.2843 0.0349 0.2146 -1.3088 0.0444 0.2024 -1.3006 0.0425 0.2052 -1.2948 0.0396 0.2087 -1.29 0.0372 0.2117 -1.2977 0.0433 0.2046
114.0 -1.2945 0.053 0.195 -1.293 0.0343 0.2143 -1.2949 0.0353 0.2131 -1.287 0.0351 0.214 -1.2852 0.0348 0.2146 -1.2843 0.0349 0.2146 -1.3088 0.0444 0.2024 -1.3006 0.0425 0.2052 -1.2948 0.0396 0.2087 -1.29 0.0372 0.2117 -1.2977 0.0433 0.2046
114.0 -1.2945 0.053 0.195 -1.293 0.0343 0.2143 -1.2949 0.0353 0.2131 -1.287 0.0351 0.214 -1.2852 0.0348 0.2146 -1.2843 0.0349 0.2146 -1.3088 0.0444 0.2024 -1.3006 0.0425 0.2052 -1.2948 0.0396 0.2087 -1.29 0.0372 0.2117 -1.2977 0.0433 0.2046
114.0 -1.2945 0.053 0.195 -1.293 0.0343 0.2143 -1.2949 0.0353 0.2131 -1.287 0.0351 0.214 -1.2852 0.0348 0.2146 -1.2843 0.0349 0.2146 -1.3088 0.0444 0.2024 -1.3006 0.0425 0.2052 -1.2948 0.0396 0.2087 -1.29 0.0372 0.2117 -1.2977 0.0433 0.2046
114.0 -1.2945 0.053 0.195 -1.293 0.0343 0.2143 -1.2949 0.0353 0.2131 -1.287 0.0351 0.214 -1.2852 0.0348 0.2146 -1.2843 0.0349 0.2146 -1.3088 0.0444 0.2024 -1.3006 0.0425 0.2052 -1.2948 0.0396 0.2087 -1.29 0.0372 0.2117 -1.2977 0.0433 0.2046
114.0 -1.2945 0.053 0.195 -1.293 0.0343 0.2143 -1.2949 0.0353 0.2131 -1.287 0.0351 0.214 -1.2852 0.0348 0.2146 -1.2843 0.0349 0.2146 -1.3088 0.0444 0.2024 -1.3006 0.0425 0.2052 -1.2948 0.0396 0.2087 -1.29 0.0372 0.2117 -1.2977 0.0433 0.2046
114.0 -1.2945 0.053 0.195 -1.293 0.0343 0.2143 -1.2949 0.0353 0.2131 -1.287 0.0351 0.214 -1.2852 0.0348 0.2146 -1.2843 0.0349 0.2146 -1.3088 0.0444 0.2024 -1.3006 0.0425 0.2052 -1.2948 0.0396 0.2087 -1.29 0.0372 0.2117 -1.2977 0.0433 0.2046
114.0 -1.2945 0.053 0.195 -1.293 0.0343 0.2143 -1.2949 0.0353 0.2131 -1.287 0.0351 0.214 -1.2852 0.0348 0.2146 -1.2843 0.0349 0.2146 -1.3088 0.0444 0.2024 -1.3006 0.0425 0.2052 -1.2948 0.0396 0.2087 -1.29 0.0372 0.2117 -1.2977 0.0433 0.2046
114.0 -1.2945 0.053 0.195 -1.293 0.0343 0.2143 -1.2949 0.0353 0.2131 -1.287 0.0351 0.214 -1.2852 0.0348 0.2146 -1.2843 0.0349 0.2146 -1.3088 0.0444 0.2024 -1.3006 0.0425 0.2052 -1.2948 0.0396 0.2087 -1.29 0.0372 0.2117 -1.2977 0.0433 0.2046
114.0 -1.2945 0.053 0.195 -1.293 0.0343 0.2143 -1.2949 0.0353 0.2131 -1.287 0.0351 0.214 -1.2852 0.0348 0.2146 -1.2843 0.0349 0.2146 -1.3088 0.0444 0.2024 -1.3006 0.0425 0.2052 -1.2948 0.0396 0.2087 -1.29 0.0372 0.2117 -1.2977 0.0433 0.2046
114.0 -1.2945 0.053 0.195 -1.293 0.0343 0.2143 -1.2949 0.0353 0.2131 -1.287 0.0351 0.214 -1.2852 0.0348 0.2146 -1.2843 0.0349 0.2146 -1.3088 0.0444 0.2024 -1.3006 0.0425 0.2052 -1.2948 0.0396 0.2087 -1.29 0.0372 0.2117 -1.2977 0.0433 0.2046
114.0 -1.2945 0.053 0.195 -1.293 0.0343 0.2143 -1.2949 0.0353 0.2131 -1.287 0.0351 0.214 -1.2852 0.0348 0.2146 -1.2843 0.0349 0.2146 -1.3088 0.0444 0.2024 -1.3006 0.0425 0.2052 -1.2948 0.0396 0.2087 -1.29 0.0372 0.2117 -1.2977 0.0433 0.2046
114.0 -1.2945 0.053 0.195 -1.293 0.0343 0.2143 -1.2949 0.0353 0.2131 -1.287 0.0351 0.214 -1.2852 0.0348 0.2146 -1.2843 0.0349 0.2146 -1.3088 0.0444 0.2024 -1.3006 0.0425 0.2052 -1.2948 0.0396 0.2087 -1.29 0.0372 0.2117 -1.2977 0.0433 0.2046
114.0 -1.2945 0.053 0.195 -1.293 0.0343 0.2143 -1.2949 0.0353 0.2131 -1.287 0.0351 0.214 -1.2852 0.0348 0.2146 -1.2843 0.0349 0.2146 -1.3088 0.0444 0.2024 -1.3006 0.0425 0.2052 -1.2948 0.0396 0.2087 -1.29 0.0372 0.2117 -1.2977 0.0433 0.2046
114.0 -1.2945 0.053 0.195 -1.293 0.0343 0.2143 -1.2949 0.0353 0.2131 -1.287 0.0351 0.214 -1.2852 0.0348 0.2146 -1.2843 0.0349 0.2146 -1.3088 0.0444 0.2024 -1.3006 0.0425 0.2052 -1.2948 0.0396 0.2087 -1.29 0.0372 0.2117 -1.2977 0.0433 0.2046
114.0 -1.2945 0.053 0.195 -1.293 0.0343 0.2143 -1.2949 0.0353 0.2131 -1.287 0.0351 0.214 -1.2852 0.0348 0.2146 -1.2843 0.0349 0.2146 -1.3088 0.0444 0.2024 -1.3006 0.0425 0.2052 -1.2948 0.0396 0.2087 -1.29 0.0372 0.2117 -1.2977 0.0433 0.2046
114.0 -1.2945 0.053 0.195 -1.293 0.0343 0.2143 -1.2949 0.0353 0.2131 -1.287 0.0351 0.214 -1.2852 0.0348 0.2146 -1.2843 0.0349 0.2146 -1.3088 0.0444 0.2024 -1.3006 0.0425 0.2052 -1.2948 0.0396 0.2087 -1.29 0.0372 0.2117 -1.2977 0.0433 0.2046
114.0 -1.2945 0.053 0.195 -1.293 0.0343 0.2143 -1.2949 0.0353 0.2131 -1.287 0.0351 0.214 -1.2852 0.0348 0.2146 -1.2843 0.0349 0.2146 -1.3088 0.0444 0.2024 -1.3006 0.0425 0.2052 -1.2948 0.0396 0.2087 -1.29 0.0372 0.2117 -1.2977 0.0433 0.2046
114.0 -1.2945 0.053 0.195 -1.293 0.0343 0.2143 -1.2949 0.0353 0.2131 -1.287 0.0351 0.214 -1.2852 0.0348 0.2146 -1.2843 0.0349 0.2146 -1.3088 0.0444 0.2024 -1.3006 0.0425 0.2052 -1.2948 0.0396 0.2087 -1.29 0.0372 0.2117 -1.2977 0.0433 0.2046
114.0 -1.2945 0.053 0.195 -1.293 0.0343 0.2143 -1.2949 0.0353 0.2131 -1.287 0.0351 0.214 -1.2852 0.0348 0.2146 -1.2843 0.0349 0.2146 -1.3088 0.0444 0.2024 -1.3006 0.0425 0.2052 -1.2948 0.0396 0.2087 -1.29 0.0372 0.2117 -1.2977 0.0433 0.2046
114.0 -1.2945 0.053 0.195 -1.293 0.0343 0.2143 -1.2949 0.0353 0.2131 -1.287 0.0351 0.214 -1.2852 0.0348 0.2146 -1.2843 0.0349 0.2146 -1.3088 0.0444 0.2024 -1.3006 0.0425 0.2052 -1.2948 0.0396 0.2087 -1.29 0.0372 0.2117 -1.2977 0.0433 0.2046
114.0 -1.2945 0.053 0.195 -1.293 0.0343 0.2143 -1.2949 0.0353 0.2131 -1.287 0.0351 0.214 -1.2852 0.0348 0.2146 -1.2843 0.0349 0.2146 -1.3088 0.0444 0.2024 -1.3006 0.0425 0.2052 -1.2948 0.0396 0.2087 -1.29 0.0372 0.2117 -1.2977 0.0433 0.2046
114.0 -1.2945 0.053 0.195 -1.293 0.0343 0.2143 -1.2949 0.0353 0.2131 -1.287 0.0351 0.214 -1.2852 0.0348 0.2146 -1.2843 0.0349 0.2146 -1.3088 0.0444 0.2024 -1.3006 0.0425 0.2052 -1.2948 0.0396 0.2087 -1.29 0.0372 0.2117 -1.2977 0.0433 0.2046
114.0 -1.2945 0.053 0.195 -1.293 0.0343 0.2143 -1.2949 0.0353 0.2131 -1.287 0.0351 0.214 -1.2852 0.0348 0.2146 -1.2843 0.0349 0.2146 -1.3088 0.0444 0.2024 -1.3006 0.0425 0.2052 -1.2948 0.0396 0.2087 -1.29 0.0372 0.2117 -1.2977 0.0433 0.2046
114.0 -1.2945 0.053 0.195 -1.293 0.0343 0.2143 -1.2949 0.0353 0.2131 -1.287 0.0351 0.214 -1.2852 0.0348 0.2146 -1.2843 0.0349 0.2146 -1.3088 0.0444 0.2024 -1.3006 0.0425 0.2052 -1.2948 0.0396 0.2087 -1.29 0.0372 0.2117 -1.2977 0.0433 0.2046
114.0 -1.2945 0.053 0.195 -1.293 0.0343 0.2143 -1.2949 0.0353 0.2131 -1.287 0.0351 0.214 -1.2852 0.0348 0.2146 -1.2843 0.0349 0.2146 -1.3088 0.0444 0.2024 -1.3006 0.0425 0.2052 -1.2948 0.0396 0.2087 -1.29 0.0372 0.2117 -1.2977 0.0433 0.2046
114.0 -1.2945 0.053 0.195 -1.293 0.0343 0.2143 -1.2949 0.0353 0.2131 -1.287 0.0351 0.214 -1.2852 0.0348 0.2146 -1.2843 0.0349 0.2146 -1.3088 0.0444 0.2024 -1.3006 0.0425 0.2052 -1.2948 0.0396 0.2087 -1.29 0.0372 0.2117 -1.2977 0.0433 0.2046
114.0 -1.2945 0.053 0.195 -1.293 0.0343 0.2143 -1.2949 0.0353 0.2131 -1.287 0.0351 0.214 -1.2852 0.0348 0.2146 -1.2843 0.0349 0.2146 -1.3088 0.0444 0.2024 -1.3006 0.0425 0.2052 -1.2948 0.0396 0.2087 -1.29 0.0372 0.2117 -1.2977 0.0433 0.2046
114.0 -1.2945 0.053 0.195 -1.293 0.0343 0.2143 -1.2949 0.0353 0.2131 -1.287 0.0351 0.214 -1.2852 0.0348 0.2146 -1.2843 0.0349 0.2146 -1.3088 0.0444 0.2024 -1.3006 0.0425 0.2052 -1.2948 0.0396 0.2087 -1.29 0.0372 0.2117 -1.2977 0.0433 0.2046
114.0 -1.2945 0.053 0.195 -1.293 0.0343 0.2143 -1.2949 0.0353 0.2131 -1.287 0.0351 0.214 -1.2852 0.0348 0.2146 -1.2843 0.0349 0.2146 -1.3088 0.0444 0.2024 -1.3006 0.0425 0.2052 -1.2948 0.0396 0.2087 -1.29 0.0372 0.2117 -1.2977 0.0433 0.2046
114.0 -1.2945 0.053 0.195 -1.293 0.0343 0.2143 -1.2949 0.0353 0.2131 -1.287 0.0351 0.214 -1.2852 0.0348 0.2146 -1.2843 0.0349 0.2146 -1.3088 0.0444 0.2024 -1.3006 0.0425 0.2052 -1.2948 0.0396 0.2087 -1.29 0.0372 0.2117 -1.2977 0.0433 0.2046
114.0 -1.2945 0.053 0.195 -1.293 0.0343 0.2143 -1.2949 0.0353 0.2131 -1.287 0.0351 0.214 -1.2852 0.0348 0.2146 -1.2843 0.0349 0.2146 -1.3088 0.0444 0.2024 -1.3006 0.0425 0.2052 -1.2948 0.0396 0.2087 -1.29 0.0372 0.2117 -1.2977 0.0433 0.2046
114.0 -1.2945 0.053 0.195 -1.293 0.0343 0.2143 -1.2949 0.0353 0.2131 -1.287 0.0351 0.214 -1.2852 0.0348 0.2146 -1.2843 0.0349 0.2146 -1.3088 0.0444 0.2024 -1.3006 0.0425 0.2052 -1.2948 0.0396 0.2087 -1.29 0.0372 0.2117 -1.2977 0.0433 0.2046
114.0 -1.2945 0.053 0.195 -1.293 0.0343 0.2143 -1.2949 0.0353 0.2131 -1.287 0.0351 0.214 -1.2852 0.0348 0.2146 -1.2843 0.0349 0.2146 -1.3088 0.0444 0.2024 -1.3006 0.0425 0.2052 -1.2948 0.0396 0.2087 -1.29 0.0372 0.2117 -1.2977 0.0433 0.2046
114.0 -1.2945 0.053 0.195 -1.293 0.0343 0.2143 -1.2949 0.0353 0.2131 -1.287 0.0351 0.214 -1.2852 0.0348 0.2146 -1.2843 0.0349 0.2146 -1.3088 0.0444 0.2024 -1.3006 0.0425 0.2052 -1.2948 0.0396 0.2087 -1.29 0.0372 0.2117 -1.2977 0.0433 0.2046
114.0 -1.2945 0.053 0.195 -1.293 0.0343 0.2143 -1.2949 0.0353 0.2131 -1.287 0.0351 0.214 -1.2852 0.0348 0.2146 -1.2843 0.0349 0.2146 -1.3088 0.0444 0.2024 -1.3006 0.0425 0.2052 -1.2948 0.0396 0.2087 -1.29 0.0372 0.2117 -1.2977 0.0433 0.2046
114.0 -1.2945 0.053 0.195 -1.293 0.0343 0.2143 -1.2949 0.0353 0.2131 -1.287 0.0351 0.214 -1.2852 0.0348 0.2146 -1.2843 0.0349 0.2146 -1.3088 0.0444 0.2024 -1.3006 0.0425 0.2052 -1.2948 0.0396 0.2087 -1.29 0.0372 0.2117 -1.2977 0.0433 0.2046
166.0 -0.8868 -0.0043 0.2941 -0.7993 0.013 0.2851 -0.8021 0.0291 0.2683 -0.8048 0.0446 0.2522 -0.8089 0.0581 0.238 -0.8429 0.0615 0.2312 -0.82 0.0157 0.2802 -0.8284 0.0237 0.2712 -0.8416 0.0287 0.2648 -0.8579 0.0314 0.2605 -0.8469 0.019 0.2742
166.0 -0.8868 -0.0043 0.2941 -0.7993 0.013 0.2851 -0.8021 0.0291 0.2683 -0.8048 0.0446 0.2522 -0.8089 0.0581 0.238 -0.8429 0.0615 0.2312 -0.82 0.0157 0.2802 -0.8284 0.0237 0.2712 -0.8416 0.0287 0.2648 -0.8579 0.0314 0.2605 -0.8469 0.019 0.2742
168.0 -0.8919 -0.0056 0.2949 -0.8027 0.0077 0.2902 -0.8016 0.0261 0.2714 -0.8041 0.0405 0.2565 -0.8084 0.0551 0.2411 -0.8472 0.0609 0.2313 -0.8224 0.0093 0.2866 -0.8311 0.0191 0.2757 -0.8445 0.0252 0.2681 -0.8635 0.0282 0.2632 -0.8507 0.0152 0.2777
169.0 -0.8959 -0.008 0.2969 -0.7978 0.0047 0.2938 -0.8014 0.0249 0.2727 -0.8041 0.0405 0.2565 -0.811 0.0548 0.2412 -0.8478 0.059 0.2332 -0.8242 0.0096 0.286 -0.8328 0.0189 0.2757 -0.847 0.0243 0.2688 -0.8651 0.0273 0.2639 -0.853 0.0144 0.2783
170.0 -0.8966 -0.0087 0.2976 -0.8029 0.0034 0.2946 -0.8021 0.0291 0.2683 -0.8041 0.0405 0.2565 -0.8116 0.0535 0.2425 -0.8485 0.0583 0.2339 -0.8284 0.0085 0.2868 -0.837 0.0177 0.2765 -0.8503 0.0232 0.2696 -0.8701 0.0254 0.2653 -0.8565 0.0132 0.2792
171.0 -0.8992 -0.009 0.2977 -0.8075 -0.0003 0.2979 -0.8015 0.0255 0.272 -0.8039 0.0393 0.2578 -0.8125 0.0534 0.2425 -0.8509 0.0567 0.2352 -0.8307 0.0069 0.2882 -0.8385 0.0163 0.2778 -0.8518 0.0218 0.2709 -0.8708 0.0247 0.266 -0.8582 0.0121 0.2801
172.0 -0.9017 -0.01 0.2984 -0.8067 0.0004 0.2972 -0.7994 0.0136 0.2844 -0.8029 0.0339 0.2633 -0.8113 0.0517 0.2443 -0.8516 0.0554 0.2365 -0.8345 0.0034 0.2914 -0.8415 0.0128 0.2811 -0.8549 0.0195 0.2729 -0.8741 0.0237 0.2667 -0.8613 0.0099 0.2821
173.0 -0.906 -0.0106 0.2986 -0.8139 -0.0036 0.3006 -0.7998 0.016 0.282 -0.8029 0.0339 0.2633 -0.8144 0.0494 0.2463 -0.8521 0.0535 0.2384 -0.836 0.0019 0.2927 -0.8439 0.0119 0.2818 -0.8575 0.0192 0.273 -0.8759 0.0234 0.2668 -0.8639 0.0092 0.2826
174.0 -0.9087 -0.0103 0.298 -0.8105 -0.0081 0.3055 -0.7996 0.0148 0.2832 -0.8026 0.0321 0.2652 -0.8142 0.0482 0.2475 -0.8525 0.051 0.2409 -0.8394 0.0009 0.2935 -0.8472 0.0102 0.2832 -0.8598 0.017 0.2749 -0.879 0.0212 0.2688 -0.8668 0.0078 0.2837
175.0 -0.9119 -0.012 0.2994 -0.8173 -0.0096 0.3064 -0.7983 0.0076 0.2906 -0.8018 0.0273 0.2702 -0.8138 0.0459 0.25 -0.8538 0.0484 0.2435 -0.8417 -0.0007 0.2948 -0.8479 0.0095 0.2838 -0.8614 0.0162 0.2756 -0.8796 0.0199 0.2701 -0.8685 0.0066 0.2848
176.0 -0.9116 -0.0138 0.3013 -0.8116 -0.0119 0.3093 -0.7984 0.0082 0.29 -0.8023 0.0303 0.2671 -0.8197 0.0444 0.2509 -0.8608 0.0481 0.2431 -0.8431 -0.0027 0.2968 -0.8502 0.0074 0.2858 -0.8637 0.0141 0.2776 -0.882 0.0183 0.2714 -0.8701 0.0047 0.2866
177.0 -0.9123 -0.0145 0.3019 -0.8127 -0.0157 0.3131 -0.7979 0.0052 0.2931 -0.802 0.0285 0.2689 -0.8222 0.0435 0.2516 -0.8635 0.0483 0.2426 -0.8463 -0.0049 0.2988 -0.8533 0.0051 0.2878 -0.866 0.0125 0.2789 -0.8835 0.0169 0.2727 -0.8723 0.003 0.288
177.0 -1.2935 0.0575 0.1906 -1.2935 0.0324 0.2162 -1.3023 0.0373 0.2103 -1.2947 0.039 0.2093 -1.293 0.0392 0.2093 -1.2904 0.0396 0.2092 -1.3114 0.044 0.2025 -1.3004 0.0413 0.2064 -1.2938 0.0391 0.2093 -1.2899 0.0366 0.2123 -1.2978 0.0437 0.2042
178.0 -0.9158 -0.0149 0.3021 -0.8176 -0.0182 0.3151 -0.7977 0.0041 0.2944 -0.802 0.0285 0.2689 -0.8254 0.0418 0.253 -0.8658 0.0462 0.2446 -0.8479 -0.0058 0.2994 -0.8549 0.0043 0.2885 -0.8685 0.0116 0.2796 -0.886 0.016 0.2734 -0.8746 0.0022 0.2886
179.0 -0.9202 -0.0198 0.3066 -0.8283 -0.027 0.323 -0.7962 -0.0043 0.3031 -0.8005 0.0202 0.2776 -0.8313 0.0349 0.2595 -0.8758 0.0381 0.2518 -0.8571 -0.0131 0.306 -0.8634 -0.0024 0.2944 -0.877 0.005 0.2856 -0.8955 0.0098 0.2788 -0.8826 -0.0041 0.2943
179.0 -1.2943 0.0567 0.1912 -1.2969 0.0362 0.2119 -1.2985 0.0354 0.2126 -1.2919 0.0381 0.2105 -1.2915 0.0357 0.213 -1.294 0.0348 0.2137 -1.3077 0.0482 0.1986 -1.3009 0.0442 0.2033 -1.2984 0.0403 0.2076 -1.2971 0.0374 0.2107 -1.2997 0.0454 0.2023
180.0 -0.9262 -0.0206 0.3068 -0.8341 -0.029 0.3245 -0.7961 -0.0049 0.3037 -0.8009 0.0171 0.2808 -0.8366 0.0306 0.2634 -0.8779 0.0348 0.255 -0.8619 -0.0162 0.3087 -0.8689 -0.0062 0.2978 -0.8808 0.0014 0.2888 -0.8984 0.0063 0.282 -0.8872 -0.0071 0.2968
180.0 -1.3018 0.0545 0.1928 -1.2868 0.0339 0.2153 -1.2936 0.033 0.2155 -1.2928 0.038 0.2105 -1.2927 0.0374 0.2111 -1.2969 0.0362 0.2119 -1.3041 0.0426 0.2047 -1.3031 0.0415 0.2059 -1.3045 0.0395 0.2078 -1.3088 0.0389 0.208 -1.3044 0.0434 0.2038
181.0 -0.9293 -0.0229 0.3088 -0.838 -0.0319 0.3272 -0.7992 -0.0072 0.3057 -0.8063 0.0133 0.2841 -0.8379 0.0279 0.266 -0.8827 0.0323 0.2571 -0.8651 -0.0179 0.3101 -0.8713 -0.0077 0.2991 -0.884 -0.0003 0.2902 -0.9017 0.0053 0.2828 -0.8903 -0.0087 0.2982
182.0 -0.9445 -0.0268 0.3113 -0.8496 -0.0408 0.3351 -0.8124 -0.0175 0.3149 -0.8189 0.0049 0.2914 -0.8496 0.019 0.2739 -0.8939 0.0259 0.2625 -0.878 -0.0245 0.3156 -0.8833 -0.0142 0.3046 -0.8945 -0.006 0.295 -0.9103 -0.0008 0.2881 -0.9021 -0.0144 0.3029
182.0 -1.3008 0.054 0.1933 -1.3022 0.0367 0.2109 -1.3022 0.0367 0.2109 -1.297 0.0368 0.2113 -1.2948 0.0347 0.2137 -1.2964 0.0338 0.2144 -1.3108 0.0454 0.2012 -1.3032 0.0421 0.2053 -1.3 0.0389 0.2089 -1.2987 0.0366 0.2114 -1.3027 0.0434 0.204
183.0 -0.9496 -0.0275 0.3115 -0.8553 -0.0434 0.3372 -0.8191 -0.0196 0.3164 -0.8244 0.0011 0.2948 -0.8499 0.0159 0.277 -0.8989 0.0246 0.2633 -0.8833 -0.0246 0.3152 -0.8886 -0.0143 0.3041 -0.8995 -0.0072 0.2958 -0.9163 -0.0016 0.2884 -0.9075 -0.015 0.303
184.0 -0.9537 -0.0292 0.3129 -0.8627 -0.0469 0.34 -0.8238 -0.0227 0.3191 -0.8294 -0.0008 0.2962 -0.8559 0.0151 0.2773 -0.9039 0.0227 0.2648 -0.889 -0.0272 0.3173 -0.8934 -0.0168 0.3062 -0.9045 -0.0091 0.2973 -0.9204 -0.0034 0.2898 -0.9122 -0.0171 0.3047
185.0 -0.9596 -0.0306 0.3138 -0.8692 -0.0496 0.3421 -0.8297 -0.0241 0.32 -0.8344 -0.0021 0.297 -0.8609 0.0132 0.2787 -0.908 0.0209 0.2662 -0.8939 -0.0291 0.3187 -0.8985 -0.0181 0.307 -0.9095 -0.0104 0.2981 -0.9255 -0.0046 0.2906 -0.9174 -0.0186 0.3056
186.0 -0.9664 -0.0322 0.3146 -0.8758 -0.0523 0.3442 -0.8346 -0.0266 0.322 -0.839 -0.0064 0.301 -0.8649 0.0109 0.2807 -0.9121 0.0192 0.2676 -0.9008 -0.03 0.319 -0.9044 -0.0195 0.3079 -0.9146 -0.0117 0.2989 -0.9314 -0.0061 0.2914 -0.9235 -0.0199 0.3064
187.0 -0.9717 -0.0323 0.3142 -0.8841 -0.0552 0.3464 -0.8419 -0.03 0.3248 -0.8464 -0.0092 0.3031 -0.8705 0.0077 0.2835 -0.9137 0.0183 0.2683 -0.9064 -0.0332 0.3217 -0.9101 -0.0221 0.31 -0.9195 -0.0136 0.3003 -0.9356 -0.0072 0.2922 -0.9287 -0.0217 0.3077
188.0 -0.9778 -0.0325 0.3138 -0.8923 -0.0582 0.3486 -0.8493 -0.0328 0.327 -0.8528 -0.0126 0.3059 -0.8755 0.0064 0.2843 -0.9185 0.0158 0.2703 -0.9132 -0.0347 0.3226 -0.916 -0.0235 0.3108 -0.9254 -0.015 0.3012 -0.9398 -0.0084 0.293 -0.9344 -0.0228 0.3083
189.0 -0.982 -0.0336 0.3146 -0.8973 -0.0601 0.3501 -0.856 -0.035 0.3285 -0.8576 -0.0156 0.3086 -0.8811 0.0032 0.287 -0.9253 0.0143 0.2712 -0.9181 -0.0366 0.324 -0.9201 -0.0253 0.3122 -0.9295 -0.0168 0.3026 -0.9447 -0.0103 0.2944 -0.9389 -0.0245 0.3096
190.0 -0.9847 -0.0334 0.3141 -0.904 -0.0622 0.3516 -0.8626 -0.0371 0.33 -0.8645 -0.0166 0.3088 -0.888 0.0022 0.2873 -0.9294 0.0125 0.2726 -0.924 -0.038 0.3249 -0.9259 -0.0273 0.3137 -0.9354 -0.0182 0.3035 -0.9505 -0.0123 0.2959 -0.9441 -0.0259 0.3104
191.0 -0.9899 -0.0335 0.3137 -0.91 -0.063 0.3518 -0.8683 -0.0397 0.3321 -0.8696 -0.0173 0.309 -0.8949 0.0013 0.2875 -0.9361 0.011 0.2735 -0.9291 -0.0393 0.3257 -0.9319 -0.0281 0.3139 -0.9414 -0.019 0.3037 -0.9557 -0.013 0.2961 -0.9496 -0.0266 0.3106
192.0 -0.9943 -0.0335 0.3132 -0.9167 -0.0645 0.3527 -0.876 -0.0413 0.333 -0.877 -0.0201 0.3112 -0.8996 -0.0018 0.2902 -0.9396 0.0106 0.2736 -0.936 -0.0403 0.326 -0.9379 -0.0289 0.3142 -0.9466 -0.0197 0.3039 -0.9601 -0.013 0.2957 -0.955 -0.0271 0.3106
193.0 -0.9997 -0.033 0.3122 -0.9245 -0.0656 0.353 -0.8834 -0.0442 0.3352 -0.8821 -0.0214 0.312 -0.9036 -0.0041 0.2922 -0.9447 0.0099 0.2738 -0.9419 -0.0417 0.3268 -0.943 -0.0302 0.315 -0.9516 -0.021 0.3047 -0.9652 -0.0137 0.2959 -0.9603 -0.0279 0.3109
194.0 -1.001 -0.0356 0.3147 -0.9311 -0.0677 0.3545 -0.8877 -0.0447 0.3353 -0.8886 -0.0241 0.3141 -0.9094 -0.0061 0.2937 -0.9496 0.0074 0.2759 -0.947 -0.0424 0.327 -0.948 -0.0315 0.3158 -0.9566 -0.0229 0.3061 -0.9692 -0.016 0.2979 -0.9644 -0.0297 0.3123
195.0 -1.0055 -0.035 0.3137 -0.9353 -0.0689 0.3553 -0.8927 -0.046 0.3361 -0.8918 -0.0264 0.3161 -0.9127 -0.0072 0.2945 -0.954 0.0074 0.2754 -0.9514 -0.0424 0.3266 -0.9523 -0.0321 0.316 -0.9609 -0.0235 0.3063 -0.9735 -0.0166 0.2981 -0.9687 -0.0299 0.3121
196.0 -1.0087 -0.0366 0.315 -0.9404 -0.0702 0.3561 -0.8959 -0.0477 0.3375 -0.897 -0.0265 0.3157 -0.9161 -0.0083 0.2952 -0.9556 0.0066 0.2761 -0.9556 -0.0435 0.3273 -0.9566 -0.0327 0.3161 -0.9643 -0.0239 0.3064 -0.9778 -0.0172 0.2982 -0.9726 -0.0308 0.3126
197.0 -1.0106 -0.0363 0.3145 -0.9447 -0.0708 0.3563 -0.8992 -0.0493 0.3389 -0.8996 -0.0268 0.3158 -0.9194 -0.0093 0.296 -0.9598 0.0054 0.2769 -0.9588 -0.0452 0.3287 -0.9599 -0.0343 0.3175 -0.9676 -0.0256 0.3078 -0.9802 -0.0187 0.2996 -0.9754 -0.032 0.3136
198.0 -1.015 -0.0363 0.314 -0.9481 -0.0712 0.3564 -0.9017 -0.0503 0.3396 -0.9027 -0.0291 0.3178 -0.92 -0.0106 0.2972 -0.9632 0.0049 0.2771 -0.9623 -0.0456 0.3289 -0.9634 -0.0342 0.317 -0.9711 -0.0255 0.3073 -0.9847 -0.0181 0.2985 -0.9793 -0.0319 0.3131
199.0 -1.0194 -0.0363 0.3136 -0.9542 -0.0714 0.356 -0.9084 -0.0518 0.3405 -0.9086 -0.0305 0.3187 -0.9257 -0.0132 0.2993 -0.9673 0.0031 0.2785 -0.9675 -0.0457 0.3284 -0.9677 -0.0348 0.3172 -0.9754 -0.026 0.3075 -0.988 -0.0192 0.2992 -0.9836 -0.0324 0.3132
200.0 -1.0253 -0.0377 0.3144 -0.9662 -0.0737 0.3571 -0.9203 -0.054 0.3416 -0.9197 -0.0326 0.3197 -0.935 -0.0157 0.3009 -0.974 0.001 0.28 -0.9779 -0.0471 0.3288 -0.977 -0.0372 0.3188 -0.9838 -0.0284 0.3091 -0.9965 -0.021 0.3002 -0.9921 -0.0343 0.3143
201.0 -1.047 -0.0339 0.3084 -0.9908 -0.0739 0.3549 -0.95 -0.0605 0.3452 -0.9436 -0.0468 0.3319 -0.9447 -0.0353 0.3201 -0.955 -0.0221 0.3055 -1.0078 -0.0518 0.3306 -1.0042 -0.0422 0.3211 -1.0032 -0.0329 0.3117 -1.0056 -0.0246 0.3031 -1.0136 -0.0371 0.315
202.0 -1.0563 -0.0363 0.31 -0.9965 -0.071 0.3514 -0.9562 -0.0601 0.3442 -0.9465 -0.0454 0.3301 -0.9512 -0.0338 0.3178 -0.9605 -0.021 0.3038 -1.0115 -0.0511 0.3295 -1.007 -0.0413 0.32 -1.006 -0.032 0.3106 -1.0083 -0.0238 0.3019 -1.0178 -0.0369 0.3144
203.0 -1.0622 -0.0378 0.3109 -1.0028 -0.0707 0.3504 -0.9632 -0.0604 0.3439 -0.952 -0.0443 0.3285 -0.9559 -0.032 0.3155 -0.9653 -0.0186 0.3009 -1.0187 -0.0502 0.3279 -1.0134 -0.0403 0.3183 -1.0116 -0.0303 0.3083 -1.0132 -0.0214 0.299 -1.0238 -0.036 0.3129
204.0 -1.0636 -0.0398 0.3128 -1.0036 -0.0708 0.3504 -0.9669 -0.0597 0.3428 -0.9565 -0.0436 0.3274 -0.961 -0.0278 0.3107 -0.9734 -0.0123 0.2937 -1.0207 -0.0486 0.3261 -1.0166 -0.0371 0.3147 -1.0157 -0.0272 0.3047 -1.0181 -0.0184 0.2954 -1.0269 -0.0342 0.3107
205.0 -1.0644 -0.0405 0.3134 -1.0056 -0.0698 0.3493 -0.9665 -0.0566 0.3396 -0.9604 -0.0411 0.3244 -0.9649 -0.0258 0.3083 -0.9767 -0.0134 0.2944 -1.0209 -0.0475 0.3249 -1.0174 -0.0372 0.3148 -1.0164 -0.0279 0.3053 -1.0178 -0.0202 0.2973 -1.0274 -0.0346 0.3111
206.0 -1.0645 -0.0399 0.3128 -1.0098 -0.0704 0.3494 -0.9725 -0.0574 0.3399 -0.9638 -0.0422 0.3252 -0.9662 -0.0285 0.3109 -0.9811 -0.0134 0.294 -1.0234 -0.0484 0.3256 -1.0191 -0.0374 0.3148 -1.0183 -0.027 0.3042 -1.0208 -0.0181 0.2949 -1.0292 -0.0342 0.3105
207.0 -1.0661 -0.0407 0.3135 -1.0136 -0.0691 0.3477 -0.9764 -0.0506 0.3325 -0.9654 -0.043 0.3259 -0.9681 -0.0373 0.3197 -0.9871 -0.0246 0.3048 -1.0255 -0.0462 0.3232 -1.0227 -0.0373 0.3143 -1.0216 -0.0286 0.3055 -1.0247 -0.0211 0.2975 -1.0321 -0.0348 0.3108
208.0 -1.0659 -0.0419 0.3148 -1.0126 -0.0695 0.3483 -0.978 -0.0563 0.3382 -0.9662 -0.0431 0.3259 -0.9706 -0.0333 0.3154 -0.9849 -0.0169 0.2973 -1.0259 -0.0493 0.3263 -1.0223 -0.0397 0.3168 -1.0204 -0.0303 0.3074 -1.0229 -0.0209 0.2975 -1.0315 -0.0364 0.3125
209.0 -1.0658 -0.0425 0.3154 -1.0122 -0.0719 0.3508 -0.9759 -0.0585 0.3406 -0.9663 -0.0425 0.3253 -0.9694 -0.0301 0.3123 -0.9817 -0.0153 0.2959 -1.0256 -0.0505 0.3276 -1.0213 -0.0402 0.3174 -1.0195 -0.0302 0.3073 -1.0204 -0.0205 0.2974 -1.0305 -0.0368 0.313
210.0 -1.0691 -0.0436 0.3161 -1.0096 -0.0667 0.3457 -0.975 -0.0486 0.3306 -0.9672 -0.0426 0.3253 -0.9734 -0.0423 0.3243 -0.9949 -0.0354 0.3151 -1.024 -0.0448 0.3219 -1.0226 -0.0379 0.315 -1.0227 -0.0324 0.3093 -1.0271 -0.0269 0.3033 -1.0331 -0.0371 0.3131
211.0 -1.0689 -0.0448 0.3174 -1.0107 -0.0656 0.3445 -0.9752 -0.0474 0.3294 -0.9672 -0.0426 0.3253 -0.9733 -0.0429 0.3249 -0.9946 -0.0372 0.317 -1.0248 -0.0455 0.3225 -1.0224 -0.0391 0.3162 -1.0226 -0.033 0.31 -1.0269 -0.0281 0.3045 -1.0331 -0.0381 0.3141
212.0 -1.0696 -0.051 0.3236 -1.0051 -0.0325 0.3112 -0.9736 -0.0264 0.3081 -0.9658 -0.0406 0.3234 -0.9766 -0.0592 0.3413 -1.0083 -0.069 0.3481 -1.0226 -0.033 0.31 -1.0234 -0.038 0.315 -1.0284 -0.0448 0.3214 -1.0359 -0.0525 0.3286 -1.036 -0.0439 0.3197
213.0 -1.0703 -0.0419 0.3143 -1.0097 -0.071 0.3501 -0.9757 -0.0597 0.3419 -0.9669 -0.0444 0.3272 -0.9696 -0.0338 0.316 -0.9827 -0.0197 0.3003 -1.0266 -0.0501 0.327 -1.0223 -0.0397 0.3168 -1.0204 -0.0303 0.3074 -1.0228 -0.0214 0.2981 -1.0325 -0.0367 0.3127
214.0 -1.0738 -0.0467 0.3188 -1.0115 -0.0511 0.3295 -0.9719 -0.0311 0.313 -0.9647 -0.0417 0.3246 -0.9734 -0.0526 0.3349 -1.0019 -0.0553 0.3348 -1.0233 -0.0386 0.3156 -1.0234 -0.038 0.315 -1.027 -0.0379 0.3145 -1.0329 -0.0393 0.3154 -1.0361 -0.0401 0.3159
215.0 -1.0683 -0.0429 0.3155 -1.009 -0.0703 0.3494 -0.9761 -0.0573 0.3394 -0.9657 -0.0461 0.329 -0.9712 -0.0401 0.3223 -0.9897 -0.0249 0.3049 -1.0248 -0.0504 0.3275 -1.0221 -0.0409 0.3181 -1.0209 -0.0322 0.3093 -1.0242 -0.0235 0.3 -1.0321 -0.038 0.3141
216.0 -1.0667 -0.042 0.3148 -1.0083 -0.069 0.3481 -0.9747 -0.0553 0.3375 -0.9626 -0.0439 0.327 -0.9691 -0.0368 0.3191 -0.985 -0.0212 0.3016 -1.0242 -0.0485 0.3256 -1.0198 -0.0388 0.3161 -1.0196 -0.0296 0.3067 -1.0221 -0.0207 0.2974 -1.0305 -0.0359 0.3121
217.0 -1.0633 -0.0416 0.3147 -1.0074 -0.0694 0.3487 -0.9756 -0.0603 0.3425 -0.9626 -0.0439 0.327 -0.9672 -0.0329 0.3153 -0.9764 -0.0152 0.2963 -1.0239 -0.0503 0.3275 -1.0187 -0.0398 0.3173 -1.0161 -0.0297 0.3072 -1.0169 -0.02 0.2972 -1.0278 -0.0363 0.3128
218.0 -1.0615 -0.0419 0.3152 -1.0057 -0.0692 0.3486 -0.9745 -0.0613 0.3437 -0.9609 -0.0436 0.3269 -0.9642 -0.0294 0.3121 -0.9748 -0.0144 0.2956 -1.0239 -0.0503 0.3275 -1.0196 -0.0399 0.3173 -1.017 -0.0298 0.3072 -1.0177 -0.0208 0.2979 -1.0279 -0.0366 0.313
219.0 -1.0626 -0.0403 0.3134 -1.0065 -0.0693 0.3487 -0.995 -0.0647 0.3451 -0.9637 -0.0477 0.3308 -0.964 -0.0361 0.3189 -0.9736 -0.016 0.2974 -1.0289 -0.0522 0.3289 -1.0212 -0.0408 0.318 -1.0169 -0.0304 0.3079 -1.0169 -0.02 0.2972 -1.0293 -0.0367 0.3131
220.0 -1.0593 -0.0392 0.3126 -1.0049 -0.0685 0.348 -0.9705 -0.059 0.3417 -0.9586 -0.0415 0.325 -0.9635 -0.0287 0.3114 -0.9731 -0.0141 0.2955 -1.0216 -0.0488 0.3262 -1.0164 -0.0383 0.316 -1.0136 -0.0288 0.3065 -1.0143 -0.0197 0.2971 -1.025 -0.0349 0.3117
221.0 -1.0575 -0.0396 0.3132 -1.005 -0.0679 0.3474 -0.9763 -0.061 0.3431 -0.9591 -0.044 0.3275 -0.9649 -0.0307 0.3133 -0.9744 -0.0119 0.2931 -1.0224 -0.0489 0.3262 -1.0172 -0.0384 0.316 -1.0146 -0.0283 0.3059 -1.0154 -0.0186 0.2959 -1.0254 -0.0347 0.3114
222.0 -1.0594 -0.0386 0.312 -1.005 -0.0679 0.3474 -0.9881 -0.0638 0.3448 -0.9596 -0.0459 0.3294 -0.9596 -0.0306 0.3138 -0.9675 -0.0158 0.2978 -1.025 -0.0492 0.3263 -1.018 -0.0391 0.3166 -1.0145 -0.0289 0.3065 -1.0134 -0.0202 0.2977 -1.026 -0.0352 0.3118
223.0 -1.0591 -0.0355 0.3089 -1.0018 -0.0663 0.346 -0.9649 -0.0558 0.3389 -0.9565 -0.0388 0.3224 -0.9599 -0.024 0.3069 -0.9715 -0.0133 0.2949 -1.0184 -0.0465 0.3242 -1.0132 -0.036 0.314 -1.0122 -0.0267 0.3046 -1.0137 -0.0184 0.2959 -1.0233 -0.0326 0.3095
224.0 -1.0551 -0.038 0.3118 -1.002 -0.0651 0.3448 -0.9745 -0.051 0.3331 -0.9558 -0.0423 0.3261 -0.9629 -0.0372 0.3201 -0.9775 -0.019 0.3001 -1.0203 -0.0461 0.3236 -1.0157 -0.037 0.3147 -1.0145 -0.0289 0.3065 -1.0167 -0.0212 0.2985 -1.0245 -0.0343 0.311
225.0 -1.0565 -0.04 0.3138 -1.001 -0.0655 0.3453 -0.9684 -0.0556 0.3385 -0.9552 -0.041 0.3248 -0.9596 -0.0306 0.3138 -0.9722 -0.014 0.2955 -1.0184 -0.0465 0.3242 -1.014 -0.0367 0.3146 -1.0128 -0.0286 0.3065 -1.0142 -0.0203 0.2978 -1.0232 -0.0344 0.3114
226.0 -1.0513 -0.0399 0.3142 -1.0017 -0.0668 0.3466 -0.9732 -0.0587 0.3411 -0.9568 -0.0419 0.3255 -0.9582 -0.0286 0.3118 -0.9689 -0.0129 0.2948 -1.0189 -0.049 0.3267 -1.0128 -0.0384 0.3164 -1.0102 -0.0283 0.3064 -1.0099 -0.0197 0.2976 -1.0206 -0.0351 0.3123
227.0 -1.0531 -0.0396 0.3136 -1.0001 -0.066 0.3459 -0.9705 -0.059 0.3417 -0.9543 -0.0409 0.3248 -0.957 -0.0254 0.3087 -0.9682 -0.0116 0.2935 -1.0182 -0.0477 0.3254 -1.0122 -0.0371 0.3152 -1.0103 -0.0277 0.3057 -1.011 -0.0186 0.2964 -1.021 -0.0341 0.3113
228.0 -1.0517 -0.0376 0.3117 -0.9994 -0.0647 0.3447 -0.9717 -0.0573 0.3398 -0.9539 -0.0433 0.3273 -0.9579 -0.0304 0.3137 -0.969 -0.0124 0.2941 -1.0175 -0.047 0.3247 -1.0123 -0.0365 0.3146 -1.0104 -0.0271 0.3051 -1.011 -0.0186 0.2964 -1.0206 -0.0334 0.3105
228.0 -1.3215 0.0763 0.1685 -1.3002 0.0504 0.1971 -1.3032 0.0421 0.2053 -1.3032 0.0476 0.1997 -1.3068 0.0526 0.1942 -1.3116 0.055 0.1913 -1.3116 0.0501 0.1963 -1.3128 0.0518 0.1944 -1.3151 0.0551 0.1908 -1.3177 0.0597 0.1859 -1.3157 0.0586 0.1872
229.0 -1.052 -0.0407 0.3148 -0.9995 -0.0641 0.344 -0.9838 -0.0534 0.3347 -0.9566 -0.043 0.3268 -0.9563 -0.0345 0.318 -0.9691 -0.0166 0.2985 -1.0183 -0.0471 0.3248 -1.0129 -0.0378 0.3158 -1.0109 -0.029 0.307 -1.0113 -0.0217 0.2995 -1.0211 -0.0353 0.3124
229.0 -1.2852 0.0854 0.1628 -1.3207 0.0617 0.1835 -1.3221 0.0597 0.1854 -1.3218 0.053 0.1923 -1.3176 0.0542 0.1915 -1.3099 0.0504 0.1962 -1.311 0.0667 0.1794 -1.3048 0.0614 0.1854 -1.297 0.057 0.1907 -1.2885 0.0539 0.1947 -1.2973 0.0649 0.1826
230.0 -1.2871 0.076 0.1722 -1.3232 0.076 0.1686 -1.322 0.0591 0.186 -1.3196 0.0558 0.1897 -1.3135 0.056 0.1901 -1.3087 0.0536 0.193 -1.3097 0.0541 0.1924 -1.3038 0.0506 0.1966 -1.2984 0.0501 0.1976 -1.2931 0.0502 0.198 -1.2984 0.0562 0.1914
230.0 -1.0308 -0.0463 0.3228 -0.992 -0.0668 0.3475 -0.9727 -0.0562 0.3386 -0.9532 -0.042 0.326 -0.9528 -0.0346 0.3185 -0.9613 -0.0211 0.3038 -1.0063 -0.0504 0.3293 -1.0026 -0.0413 0.3204 -0.9997 -0.033 0.3122 -0.9991 -0.0262 0.3053 -1.0077 -0.0394 0.318
230.0 -1.0308 -0.0463 0.3228 -0.992 -0.0668 0.3475 -0.9727 -0.0562 0.3386 -0.9532 -0.042 0.326 -0.9528 -0.0346 0.3185 -0.9613 -0.0211 0.3038 -1.0063 -0.0504 0.3293 -1.0026 -0.0413 0.3204 -0.9997 -0.033 0.3122 -0.9991 -0.0262 0.3053 -1.0077 -0.0394 0.318
230.0 -1.0308 -0.0463 0.3228 -0.992 -0.0668 0.3475 -0.9727 -0.0562 0.3386 -0.9532 -0.042 0.326 -0.9528 -0.0346 0.3185 -0.9613 -0.0211 0.3038 -1.0063 -0.0504 0.3293 -1.0026 -0.0413 0.3204 -0.9997 -0.033 0.3122 -0.9991 -0.0262 0.3053 -1.0077 -0.0394 0.318
233.0 -0.9625 -0.0396 0.3226 -0.972 -0.0653 0.348 -0.9317 -0.0544 0.3408 -0.9263 -0.0402 0.3268 -0.9327 -0.0288 0.3146 -0.9446 -0.0158 0.3001 -0.9756 -0.0499 0.3319 -0.9747 -0.04 0.3218 -0.9737 -0.0307 0.3124 -0.9709 -0.0218 0.3036 -0.9715 -0.0364 0.3185
234.0 -0.9669 -0.0396 0.3222 -0.9563 -0.065 0.3492 -0.9317 -0.0544 0.3408 -0.924 -0.038 0.3249 -0.9316 -0.0299 0.3158 -0.9535 -0.0206 0.3042 -0.9757 -0.0493 0.3312 -0.9773 -0.0403 0.3219 -0.977 -0.0318 0.3132 -0.9757 -0.0243 0.3056 -0.9745 -0.037 0.3188
235.0 -0.9835 -0.04 0.3209 -0.9699 -0.0674 0.3504 -0.939 -0.0578 0.3436 -0.9264 -0.0445 0.3312 -0.9304 -0.0316 0.3176 -0.9375 -0.0166 0.3017 -0.9834 -0.0558 0.3372 -0.9815 -0.0464 0.3277 -0.9779 -0.0368 0.3182 -0.9744 -0.0265 0.3081 -0.9801 -0.0411 0.3224
236.0 -0.9808 -0.0304 0.3115 -0.9724 -0.0684 0.3511 -0.9355 -0.0579 0.3441 -0.9237 -0.0398 0.3267 -0.9328 -0.0233 0.309 -0.9345 -0.0132 0.2984 -0.9791 -0.0552 0.337 -0.9772 -0.0458 0.3276 -0.9738 -0.035 0.3168 -0.9706 -0.0236 0.3054 -0.9763 -0.038 0.3197
237.0 -0.9808 -0.0402 0.3215 -0.9647 -0.0667 0.3502 -0.9388 -0.0541 0.3398 -0.9245 -0.0405 0.3274 -0.9273 -0.0293 0.3156 -0.9411 -0.0159 0.3006 -0.9763 -0.0512 0.3331 -0.9749 -0.0437 0.3256 -0.973 -0.0349 0.3168 -0.971 -0.0261 0.308 -0.9752 -0.0392 0.321
238.0 -0.9927 -0.0375 0.3175 -0.9715 -0.0683 0.3511 -0.9382 -0.0577 0.3435 -0.9274 -0.044 0.3306 -0.9283 -0.0337 0.32 -0.9385 -0.0156 0.3005 -0.9854 -0.0543 0.3354 -0.9825 -0.0459 0.3271 -0.9789 -0.0363 0.3176 -0.9764 -0.0256 0.3069 -0.9832 -0.0399 0.3209
238.0 -0.9927 -0.0375 0.3175 -0.9715 -0.0683 0.3511 -0.9382 -0.0577 0.3435 -0.9274 -0.044 0.3306 -0.9283 -0.0337 0.32 -0.9385 -0.0156 0.3005 -0.9854 -0.0543 0.3354 -0.9825 -0.0459 0.3271 -0.9789 -0.0363 0.3176 -0.9764 -0.0256 0.3069 -0.9832 -0.0399 0.3209
240.0 -1.0013 -0.0387 0.3179 -0.9755 -0.0658 0.3481 -0.9316 -0.0549 0.3414 -0.925 -0.0376 0.3243 -0.9297 -0.026 0.312 -0.9411 -0.0159 0.3006 -0.9745 -0.051 0.3331 -0.972 -0.0402 0.3224 -0.9727 -0.0312 0.313 -0.9751 -0.0229 0.3044 -0.9791 -0.0368 0.3181
241.0 -0.9955 -0.0416 0.3214 -0.9765 -0.0702 0.3525 -0.9342 -0.0553 0.3415 -0.925 -0.0376 0.3243 -0.933 -0.027 0.3127 -0.9428 -0.0161 0.3006 -0.9753 -0.0517 0.3337 -0.9735 -0.0417 0.3237 -0.9742 -0.0326 0.3143 -0.9757 -0.0243 0.3056 -0.9789 -0.0384 0.3198
241.0 -0.9955 -0.0416 0.3214 -0.9765 -0.0702 0.3525 -0.9342 -0.0553 0.3415 -0.925 -0.0376 0.3243 -0.933 -0.027 0.3127 -0.9428 -0.0161 0.3006 -0.9753 -0.0517 0.3337 -0.9735 -0.0417 0.3237 -0.9742 -0.0326 0.3143 -0.9757 -0.0243 0.3056 -0.9789 -0.0384 0.3198
241.0 -0.9955 -0.0416 0.3214 -0.9765 -0.0702 0.3525 -0.9342 -0.0553 0.3415 -0.925 -0.0376 0.3243 -0.933 -0.027 0.3127 -0.9428 -0.0161 0.3006 -0.9753 -0.0517 0.3337 -0.9735 -0.0417 0.3237 -0.9742 -0.0326 0.3143 -0.9757 -0.0243 0.3056 -0.9789 -0.0384 0.3198
241.0 -0.9955 -0.0416 0.3214 -0.9765 -0.0702 0.3525 -0.9342 -0.0553 0.3415 -0.925 -0.0376 0.3243 -0.933 -0.027 0.3127 -0.9428 -0.0161 0.3006 -0.9753 -0.0517 0.3337 -0.9735 -0.0417 0.3237 -0.9742 -0.0326 0.3143 -0.9757 -0.0243 0.3056 -0.9789 -0.0384 0.3198
