1.0 -1.327 -0.0124 0.2587 -1.2391 -0.0372 0.2927 -1.1865 -0.0063 0.2663 -1.1831 0.0094 0.2506 -1.1976 0.0173 0.2412 -1.2233 0.023 0.2328 -1.2493 -0.019 0.2732 -1.2505 -0.0076 0.2613 -1.2583 0.0017 0.251 -1.2694 0.01 0.2415 -1.2709 -0.0055 0.2571
2.0 -1.327 -0.0124 0.2587 -1.2374 -0.037 0.2927 -1.1866 -0.0057 0.2657 -1.1832 0.01 0.25 -1.1986 0.0177 0.2406 -1.2241 0.0228 0.2328 -1.2485 -0.0189 0.2731 -1.2505 -0.0076 0.2613 -1.2575 0.0025 0.2504 -1.2695 0.0106 0.2408 -1.2706 -0.0052 0.2569
3.0 -1.327 -0.0124 0.2587 -1.2376 -0.0358 0.2914 -1.1865 -0.0063 0.2663 -1.1831 0.0094 0.2506 -1.1976 0.0173 0.2412 -1.2233 0.023 0.2328 -1.2493 -0.019 0.2732 -1.2505 -0.0076 0.2613 -1.2583 0.0017 0.251 -1.2694 0.01 0.2415 -1.2709 -0.0055 0.2571
4.0 -1.3262 -0.0123 0.2586 -1.2384 -0.0365 0.2921 -1.1865 -0.0063 0.2663 -1.1831 0.0094 0.2506 -1.1984 0.0165 0.2418 -1.2241 0.0228 0.2328 -1.2493 -0.019 0.2732 -1.2506 -0.007 0.2607 -1.2584 0.0023 0.2504 -1.2695 0.0106 0.2408 -1.2708 -0.0051 0.2567
5.0 -1.3263 -0.0117 0.258 -1.2384 -0.0365 0.2921 -1.1873 -0.0064 0.2664 -1.1831 0.0094 0.2506 -1.1967 0.0168 0.2418 -1.2241 0.0228 0.2328 -1.2493 -0.019 0.2732 -1.2505 -0.0076 0.2613 -1.2575 0.0025 0.2504 -1.2695 0.0106 0.2408 -1.2706 -0.0051 0.2567
6.0 -1.3254 -0.0116 0.258 -1.2391 -0.0372 0.2927 -1.1874 -0.0058 0.2658 -1.1838 0.0087 0.2513 -1.1985 0.0171 0.2412 -1.2241 0.0228 0.2328 -1.2502 -0.0192 0.2732 -1.2513 -0.0077 0.2614 -1.2575 0.0025 0.2504 -1.2686 0.0107 0.2408 -1.2706 -0.0051 0.2567
7.0 -1.3263 -0.0117 0.258 -1.2393 -0.036 0.2915 -1.1873 -0.0064 0.2664 -1.1839 0.0093 0.2506 -1.1984 0.0165 0.2418 -1.2241 0.0228 0.2328 -1.2503 -0.0186 0.2726 -1.2514 -0.0071 0.2607 -1.2584 0.0023 0.2504 -1.2703 0.0105 0.2409 -1.2713 -0.0049 0.2565
8.0 -1.3244 -0.0121 0.2586 -1.2384 -0.0365 0.2921 -1.1874 -0.0058 0.2658 -1.1849 0.0098 0.25 -1.1986 0.0177 0.2406 -1.2251 0.0233 0.2322 -1.2494 -0.0184 0.2725 -1.2514 -0.0071 0.2607 -1.2584 0.0023 0.2504 -1.2696 0.0112 0.2402 -1.2707 -0.0048 0.2565
9.0 -1.3236 -0.012 0.2585 -1.2383 -0.0371 0.2927 -1.1883 -0.0059 0.2658 -1.1858 0.0097 0.2501 -1.1987 0.0183 0.24 -1.2251 0.0233 0.2322 -1.2503 -0.0186 0.2726 -1.2514 -0.0071 0.2607 -1.2585 0.0029 0.2498 -1.2696 0.0112 0.2402 -1.2707 -0.0047 0.2564
10.0 -1.3246 -0.0115 0.258 -1.2384 -0.0365 0.2921 -1.1884 -0.0053 0.2652 -1.1867 0.0102 0.2495 -1.1996 0.0182 0.24 -1.2252 0.0239 0.2316 -1.2503 -0.0186 0.2726 -1.2523 -0.0072 0.2608 -1.2585 0.0029 0.2498 -1.2696 0.0112 0.2402 -1.271 -0.0046 0.2563
11.0 -1.3228 -0.0113 0.2579 -1.2384 -0.0365 0.2921 -1.1893 -0.0054 0.2652 -1.1869 0.0114 0.2483 -1.1988 0.0189 0.2393 -1.2252 0.0239 0.2316 -1.2503 -0.0186 0.2726 -1.2515 -0.0065 0.2601 -1.2593 0.0028 0.2498 -1.2696 0.0112 0.2402 -1.2707 -0.0045 0.2561
12.0 -1.3229 -0.0107 0.2573 -1.2392 -0.0366 0.2921 -1.1893 -0.0054 0.2652 -1.186 0.0109 0.2488 -1.1997 0.0188 0.2394 -1.2244 0.0246 0.231 -1.2503 -0.0186 0.2726 -1.2515 -0.0065 0.2601 -1.2586 0.0035 0.2492 -1.2697 0.0118 0.2396 -1.2706 -0.0041 0.2557
13.0 -1.3221 -0.0105 0.2572 -1.2384 -0.0365 0.2921 -1.1893 -0.0054 0.2652 -1.1862 0.0121 0.2476 -1.1997 0.0188 0.2394 -1.2252 0.0239 0.2316 -1.2504 -0.018 0.2719 -1.2525 -0.006 0.2595 -1.2594 0.0034 0.2492 -1.2698 0.0124 0.239 -1.2708 -0.0037 0.2554
14.0 -1.3239 -0.0102 0.2567 -1.2377 -0.0352 0.2908 -1.1885 -0.0047 0.2646 -1.1862 0.0121 0.2476 -1.199 0.0201 0.2381 -1.2254 0.0251 0.2304 -1.2505 -0.0174 0.2713 -1.2517 -0.0053 0.2589 -1.2587 0.0041 0.2485 -1.2698 0.0124 0.239 -1.2709 -0.0033 0.2549
15.0 -1.3239 -0.0102 0.2567 -1.2368 -0.0351 0.2908 -1.1886 -0.0041 0.2639 -1.1863 0.0127 0.247 -1.199 0.0201 0.2381 -1.2254 0.0251 0.2304 -1.2506 -0.0168 0.2707 -1.2526 -0.0054 0.2589 -1.2595 0.004 0.2486 -1.2707 0.0123 0.239 -1.2715 -0.0032 0.2548
16.0 -1.3239 -0.0102 0.2567 -1.2368 -0.0351 0.2908 -1.1886 -0.0041 0.2639 -1.1863 0.0127 0.247 -1.1991 0.0207 0.2375 -1.2254 0.0251 0.2304 -1.2498 -0.0167 0.2707 -1.2509 -0.0052 0.2588 -1.2588 0.0047 0.2479 -1.2699 0.013 0.2384 -1.2706 -0.0029 0.2545
17.0 -1.324 -0.0096 0.2561 -1.2387 -0.0347 0.2902 -1.1886 -0.0041 0.2639 -1.1862 0.0121 0.2476 -1.1991 0.0207 0.2375 -1.2255 0.0257 0.2298 -1.2498 -0.0167 0.2707 -1.2517 -0.0053 0.2589 -1.2588 0.0047 0.2479 -1.2699 0.013 0.2384 -1.2708 -0.0028 0.2544
18.0 -1.324 -0.0096 0.2561 -1.2387 -0.0347 0.2902 -1.1887 -0.0035 0.2633 -1.1862 0.0121 0.2476 -1.1983 0.0208 0.2375 -1.2255 0.0257 0.2298 -1.2498 -0.0167 0.2707 -1.2518 -0.0047 0.2583 -1.2588 0.0047 0.2479 -1.2699 0.013 0.2384 -1.2709 -0.0026 0.2543
19.0 -1.3256 -0.0104 0.2567 -1.2396 -0.0342 0.2896 -1.1887 -0.0035 0.2633 -1.1853 0.0122 0.2476 -1.199 0.0201 0.2381 -1.2264 0.0256 0.2298 -1.2507 -0.0162 0.2701 -1.2518 -0.0047 0.2583 -1.2595 0.004 0.2486 -1.2708 0.0129 0.2384 -1.2717 -0.0029 0.2544
20.0 -1.324 -0.0096 0.2561 -1.2394 -0.0354 0.2909 -1.1887 -0.0035 0.2633 -1.1862 0.0121 0.2476 -1.2 0.0206 0.2375 -1.2263 0.025 0.2304 -1.2515 -0.0169 0.2707 -1.2526 -0.0054 0.2589 -1.2595 0.004 0.2486 -1.2699 0.013 0.2384 -1.2715 -0.003 0.2545
21.0 -1.324 -0.0096 0.2561 -1.2378 -0.0346 0.2902 -1.1887 -0.0035 0.2633 -1.1862 0.0121 0.2476 -1.1984 0.0214 0.2368 -1.2255 0.0257 0.2298 -1.2498 -0.0167 0.2707 -1.251 -0.0046 0.2582 -1.2579 0.0048 0.2479 -1.2699 0.013 0.2384 -1.2705 -0.0026 0.2542
22.0 -1.323 -0.0101 0.2566 -1.2377 -0.0352 0.2908 -1.1887 -0.0035 0.2633 -1.187 0.012 0.2476 -1.1999 0.02 0.2381 -1.2254 0.0251 0.2304 -1.2498 -0.0167 0.2707 -1.2517 -0.0053 0.2589 -1.2588 0.0047 0.2479 -1.2699 0.013 0.2384 -1.2706 -0.0029 0.2545
23.0 -1.3239 -0.0102 0.2567 -1.2387 -0.0347 0.2902 -1.1887 -0.0035 0.2633 -1.1862 0.0121 0.2476 -1.2 0.0206 0.2375 -1.2263 0.025 0.2304 -1.2506 -0.0168 0.2707 -1.2517 -0.0053 0.2589 -1.2587 0.0041 0.2485 -1.2699 0.013 0.2384 -1.271 -0.003 0.2546
24.0 -1.3239 -0.0102 0.2567 -1.2388 -0.0341 0.2896 -1.188 -0.0028 0.2627 -1.1863 0.0127 0.247 -1.1992 0.0213 0.2369 -1.2265 0.0262 0.2292 -1.2499 -0.0161 0.2701 -1.2518 -0.0047 0.2583 -1.2588 0.0047 0.2479 -1.2699 0.013 0.2384 -1.2709 -0.0026 0.2543
25.0 -1.3257 -0.0098 0.2561 -1.2388 -0.0341 0.2896 -1.1879 -0.0034 0.2633 -1.1846 0.0129 0.2469 -1.1984 0.0214 0.2368 -1.2256 0.0263 0.2291 -1.2499 -0.0161 0.2701 -1.2518 -0.0047 0.2583 -1.2588 0.0047 0.2479 -1.2708 0.0129 0.2384 -1.2714 -0.0026 0.2541
26.0 -1.3239 -0.0102 0.2567 -1.2397 -0.0336 0.289 -1.1887 -0.0035 0.2633 -1.1854 0.0128 0.2469 -1.1984 0.0214 0.2368 -1.2256 0.0263 0.2291 -1.2499 -0.0161 0.2701 -1.2518 -0.0047 0.2583 -1.2596 0.0046 0.2479 -1.2716 0.0128 0.2384 -1.2714 -0.0027 0.2543
27.0 -1.3231 -0.0095 0.256 -1.2396 -0.0342 0.2896 -1.1887 -0.0035 0.2633 -1.1854 0.0128 0.2469 -1.1984 0.0214 0.2368 -1.2248 0.0264 0.2291 -1.25 -0.0155 0.2694 -1.2511 -0.004 0.2576 -1.2579 0.0048 0.2479 -1.269 0.0131 0.2383 -1.2702 -0.0022 0.2539
28.0 -1.324 -0.0096 0.2561 -1.2396 -0.0342 0.2896 -1.1887 -0.0035 0.2633 -1.1854 0.0128 0.2469 -1.1983 0.0208 0.2375 -1.2248 0.0264 0.2291 -1.2499 -0.0161 0.2701 -1.2518 -0.0047 0.2583 -1.2588 0.0047 0.2479 -1.2708 0.0129 0.2384 -1.2711 -0.0025 0.2541
29.0 -1.324 -0.0096 0.2561 -1.2396 -0.0342 0.2896 -1.1888 -0.0029 0.2627 -1.1854 0.0128 0.2469 -1.1983 0.0208 0.2375 -1.2248 0.0264 0.2291 -1.2499 -0.0161 0.2701 -1.2518 -0.0047 0.2583 -1.2588 0.0047 0.2479 -1.2708 0.0129 0.2384 -1.2711 -0.0025 0.2541
30.0 -1.3222 -0.0099 0.2566 -1.238 -0.0334 0.289 -1.1887 -0.0035 0.2633 -1.1854 0.0128 0.2469 -1.1984 0.0214 0.2368 -1.2248 0.0264 0.2291 -1.2507 -0.0162 0.2701 -1.2518 -0.0047 0.2583 -1.2588 0.0047 0.2479 -1.2708 0.0129 0.2384 -1.2709 -0.0026 0.2543
31.0 -1.3231 -0.0095 0.256 -1.2405 -0.0343 0.2897 -1.1887 -0.0035 0.2633 -1.1854 0.0128 0.2469 -1.1991 0.0207 0.2375 -1.2256 0.0263 0.2291 -1.2508 -0.0156 0.2695 -1.2519 -0.0041 0.2576 -1.2597 0.0052 0.2473 -1.2709 0.0135 0.2378 -1.2713 -0.0021 0.2536
32.0 -1.3239 -0.0102 0.2567 -1.2406 -0.0337 0.2891 -1.1896 -0.0036 0.2633 -1.1863 0.0127 0.247 -1.1991 0.0207 0.2375 -1.2256 0.0263 0.2291 -1.2508 -0.0156 0.2695 -1.2518 -0.0047 0.2583 -1.2588 0.0047 0.2479 -1.2708 0.0129 0.2384 -1.2712 -0.0026 0.2541
33.0 -1.324 -0.0096 0.2561 -1.2396 -0.0342 0.2896 -1.1887 -0.0035 0.2633 -1.1854 0.0128 0.2469 -1.1983 0.0208 0.2375 -1.2249 0.027 0.2285 -1.2508 -0.0156 0.2695 -1.2519 -0.0041 0.2576 -1.2589 0.0053 0.2473 -1.2709 0.0135 0.2378 -1.2713 -0.0021 0.2536
34.0 -1.3241 -0.009 0.2554 -1.2405 -0.0343 0.2897 -1.1897 -0.003 0.2627 -1.1854 0.0128 0.2469 -1.1992 0.0213 0.2369 -1.2249 0.027 0.2285 -1.2508 -0.0156 0.2695 -1.2519 -0.0041 0.2576 -1.2589 0.0053 0.2473 -1.2709 0.0135 0.2378 -1.2713 -0.002 0.2535
35.0 -1.3239 -0.0102 0.2567 -1.2389 -0.0335 0.289 -1.1888 -0.0029 0.2627 -1.1845 0.0123 0.2475 -1.1983 0.0208 0.2375 -1.2248 0.0264 0.2291 -1.2507 -0.0162 0.2701 -1.2519 -0.0041 0.2576 -1.2588 0.0047 0.2479 -1.2708 0.0129 0.2384 -1.2712 -0.0026 0.2541
36.0 -1.324 -0.0096 0.2561 -1.2405 -0.0343 0.2897 -1.1887 -0.0035 0.2633 -1.1854 0.0128 0.2469 -1.1984 0.0214 0.2368 -1.2248 0.0264 0.2291 -1.2508 -0.0156 0.2695 -1.2519 -0.0041 0.2576 -1.2588 0.0047 0.2479 -1.2699 0.013 0.2384 -1.2711 -0.0023 0.2539
37.0 -1.3231 -0.0095 0.256 -1.2389 -0.0335 0.289 -1.1887 -0.0035 0.2633 -1.1855 0.0134 0.2463 -1.1984 0.0214 0.2368 -1.2249 0.027 0.2285 -1.25 -0.0155 0.2694 -1.2511 -0.004 0.2576 -1.2589 0.0053 0.2473 -1.27 0.0136 0.2377 -1.2706 -0.002 0.2536
38.0 -1.3233 -0.0089 0.2554 -1.2397 -0.0336 0.289 -1.1888 -0.0029 0.2627 -1.1846 0.0129 0.2469 -1.1984 0.0214 0.2368 -1.2248 0.0264 0.2291 -1.2499 -0.0161 0.2701 -1.2511 -0.004 0.2576 -1.258 0.0054 0.2473 -1.2701 0.0142 0.2371 -1.2705 -0.0019 0.2535
39.0 -1.3223 -0.0093 0.256 -1.2373 -0.0327 0.2883 -1.1881 -0.0022 0.262 -1.1838 0.0136 0.2463 -1.1975 0.0215 0.2368 -1.2239 0.0265 0.2291 -1.25 -0.0155 0.2694 -1.2512 -0.0034 0.257 -1.2581 0.006 0.2466 -1.2701 0.0142 0.2371 -1.2703 -0.0016 0.2532
40.0 -1.3214 -0.0092 0.256 -1.2364 -0.0326 0.2883 -1.1872 -0.0021 0.262 -1.1839 0.0142 0.2456 -1.1976 0.0221 0.2362 -1.2231 0.0273 0.2284 -1.2482 -0.0152 0.2694 -1.2502 -0.0039 0.2576 -1.2572 0.0056 0.2472 -1.2684 0.0144 0.237 -1.2691 -0.0017 0.2534
41.0 -1.3206 -0.0091 0.2559 -1.2363 -0.0332 0.2889 -1.1863 -0.002 0.262 -1.1812 0.014 0.2462 -1.1966 0.0217 0.2368 -1.2231 0.0273 0.2284 -1.2474 -0.0151 0.2693 -1.2485 -0.0037 0.2575 -1.2563 0.0057 0.2472 -1.2675 0.0145 0.237 -1.2681 -0.0015 0.2534
42.0 -1.318 -0.0088 0.2558 -1.2346 -0.0329 0.2888 -1.1846 -0.0018 0.2619 -1.1821 0.0139 0.2462 -1.1959 0.0224 0.2361 -1.2224 0.028 0.2278 -1.2464 -0.0156 0.2699 -1.2477 -0.0035 0.2575 -1.2546 0.0059 0.2471 -1.2657 0.0142 0.2376 -1.2665 -0.0016 0.2536
43.0 -1.3169 -0.0098 0.257 -1.2336 -0.0334 0.2894 -1.1838 -0.0016 0.2619 -1.1804 0.0141 0.2461 -1.194 0.0214 0.2373 -1.2214 0.0275 0.2284 -1.2447 -0.0154 0.2699 -1.2458 -0.0039 0.258 -1.2536 0.0054 0.2477 -1.2647 0.0137 0.2382 -1.2652 -0.002 0.2542
44.0 -1.3134 -0.01 0.2575 -1.2309 -0.0337 0.2899 -1.1819 -0.002 0.2624 -1.1795 0.0142 0.2461 -1.1922 0.0216 0.2372 -1.2206 0.0276 0.2283 -1.2429 -0.0157 0.2704 -1.2449 -0.0044 0.2586 -1.2518 0.0051 0.2483 -1.263 0.0139 0.2381 -1.2632 -0.0022 0.2546
45.0 -1.3117 -0.0097 0.2575 -1.2293 -0.0328 0.2892 -1.1802 -0.0018 0.2624 -1.1776 0.0132 0.2473 -1.1904 0.0213 0.2378 -1.2178 0.0268 0.2295 -1.2412 -0.0155 0.2703 -1.2423 -0.004 0.2585 -1.2501 0.0053 0.2482 -1.2612 0.0136 0.2386 -1.2613 -0.0021 0.2546
46.0 -1.3108 -0.0096 0.2574 -1.2266 -0.0331 0.2898 -1.1784 -0.0021 0.2629 -1.175 0.0136 0.2472 -1.1886 0.0209 0.2383 -1.2161 0.027 0.2294 -1.2393 -0.0159 0.2709 -1.2413 -0.0045 0.2591 -1.2491 0.0048 0.2488 -1.2602 0.0131 0.2392 -1.2602 -0.0024 0.2551
47.0 -1.3099 -0.0095 0.2574 -1.2231 -0.0332 0.2902 -1.1741 -0.0016 0.2627 -1.1734 0.0144 0.2465 -1.1861 0.0219 0.2376 -1.2135 0.0273 0.2293 -1.2359 -0.0154 0.2708 -1.2379 -0.0041 0.259 -1.2457 0.0053 0.2487 -1.2568 0.0135 0.2391 -1.2572 -0.002 0.255
48.0 -1.3065 -0.009 0.2573 -1.2205 -0.0329 0.2901 -1.1731 -0.002 0.2633 -1.1707 0.0142 0.247 -1.1834 0.0216 0.2381 -1.2115 0.0264 0.2305 -1.2349 -0.0159 0.2713 -1.2361 -0.0044 0.2595 -1.2439 0.0049 0.2492 -1.255 0.0132 0.2396 -1.2553 -0.0023 0.2554
49.0 -1.3047 -0.0094 0.2578 -1.2187 -0.0332 0.2907 -1.1706 -0.0017 0.2632 -1.1672 0.014 0.2475 -1.1807 0.0208 0.2393 -1.2089 0.0261 0.231 -1.2314 -0.016 0.2718 -1.2334 -0.0047 0.26 -1.2412 0.0047 0.2497 -1.2523 0.0129 0.2402 -1.2526 -0.0025 0.2559
50.0 -1.301 -0.0101 0.2589 -1.2161 -0.0329 0.2906 -1.1679 -0.0019 0.2638 -1.1652 0.0131 0.2487 -1.1798 0.0209 0.2392 -1.2069 0.0252 0.2322 -1.2296 -0.0164 0.2724 -1.2316 -0.005 0.2606 -1.2385 0.0044 0.2503 -1.2504 0.012 0.2413 -1.2502 -0.003 0.2567
51.0 -1.3018 -0.0109 0.2596 -1.2118 -0.0323 0.2904 -1.1635 -0.002 0.2642 -1.1608 0.0131 0.2491 -1.1745 0.021 0.2397 -1.2034 0.025 0.2327 -1.226 -0.0165 0.2729 -1.2279 -0.0058 0.2617 -1.2357 0.0036 0.2514 -1.2477 0.0117 0.2419 -1.2478 -0.0036 0.2575
52.0 -1.2957 -0.0106 0.26 -1.2081 -0.0336 0.2922 -1.1599 -0.0021 0.2647 -1.1572 0.0123 0.2502 -1.1709 0.0203 0.2408 -1.1998 0.0243 0.2338 -1.2224 -0.0172 0.274 -1.2244 -0.0059 0.2622 -1.2322 0.0034 0.2519 -1.2433 0.0117 0.2423 -1.2436 -0.0037 0.2581
53.0 -1.2938 -0.011 0.2605 -1.2045 -0.0338 0.2927 -1.1571 -0.0029 0.2658 -1.1536 0.0122 0.2507 -1.1699 0.0198 0.2413 -1.1955 0.0249 0.2336 -1.2187 -0.018 0.2751 -1.2208 -0.006 0.2627 -1.2278 0.0034 0.2523 -1.2388 0.0111 0.2434 -1.24 -0.0041 0.2588
54.0 -1.2886 -0.0109 0.2609 -1.2002 -0.0332 0.2925 -1.1526 -0.0035 0.2669 -1.1489 0.0104 0.253 -1.1655 0.0198 0.2418 -1.1919 0.0247 0.2341 -1.2152 -0.0181 0.2756 -1.2163 -0.0066 0.2638 -1.2241 0.0027 0.2534 -1.2361 0.0108 0.2439 -1.2361 -0.0044 0.2595
55.0 -1.2665 -0.0116 0.2638 -1.1746 -0.0291 0.2909 -1.1311 -0.0012 0.2667 -1.1291 0.0125 0.2529 -1.1461 0.0193 0.2442 -1.1731 0.023 0.2377 -1.1925 -0.0169 0.2766 -1.1954 -0.0057 0.2648 -1.2031 0.0031 0.2551 -1.2158 0.0105 0.2462 -1.2147 -0.0041 0.2613
56.0 -1.2614 -0.0103 0.263 -1.1702 -0.0291 0.2913 -1.1249 -0.001 0.2671 -1.1239 0.0132 0.2527 -1.14 0.0195 0.2446 -1.168 0.0237 0.2375 -1.1882 -0.0163 0.2764 -1.1911 -0.0051 0.2647 -1.1996 0.0035 0.255 -1.2114 0.0105 0.2467 -1.2104 -0.0035 0.2612
57.0 -1.2596 -0.0107 0.2636 -1.1641 -0.0283 0.2911 -1.1208 0.0007 0.2657 -1.1198 0.0149 0.2513 -1.1377 0.0217 0.2426 -1.1638 0.0249 0.2367 -1.1838 -0.0163 0.2769 -1.1866 -0.0057 0.2657 -1.1944 0.0036 0.2554 -1.2063 0.0112 0.2465 -1.2061 -0.0036 0.2616
58.0 -1.2536 -0.0098 0.2633 -1.1581 -0.0275 0.2909 -1.114 0.0017 0.2654 -1.1146 0.015 0.2517 -1.1298 0.0215 0.2435 -1.1593 0.0243 0.2378 -1.1779 -0.0149 0.276 -1.1815 -0.0044 0.2649 -1.1901 0.0042 0.2552 -1.2028 0.0117 0.2464 -1.2012 -0.0026 0.2612
59.0 -1.2475 -0.0096 0.2637 -1.1521 -0.0267 0.2906 -1.1106 0.0027 0.2647 -1.1104 0.0162 0.2509 -1.1265 0.0232 0.2422 -1.1534 0.0257 0.237 -1.1728 -0.0142 0.2758 -1.1756 -0.003 0.2641 -1.1833 0.0058 0.2544 -1.1959 0.0126 0.2461 -1.195 -0.0017 0.2608
60.0 -1.2404 -0.0099 0.2647 -1.1487 -0.0262 0.2905 -1.1047 0.0041 0.2638 -1.1036 0.0177 0.25 -1.1204 0.0234 0.2426 -1.149 0.0257 0.2374 -1.1669 -0.0128 0.275 -1.1705 -0.0023 0.2639 -1.179 0.0063 0.2542 -1.1916 0.0132 0.2459 -1.1897 -0.0011 0.2607
61.0 -1.2353 -0.0086 0.2639 -1.1439 -0.0231 0.2878 -1.1004 0.0047 0.2636 -1.0983 0.0178 0.2504 -1.1118 0.0246 0.2422 -1.1414 0.0279 0.2359 -1.1626 -0.0122 0.2748 -1.1645 -0.0009 0.263 -1.1722 0.0079 0.2533 -1.1849 0.0147 0.2451 -1.1839 0.0002 0.26
62.0 -1.232 -0.0075 0.2631 -1.1361 -0.0227 0.2881 -1.0938 0.0068 0.2621 -1.0945 0.0208 0.2478 -1.1088 0.0274 0.2396 -1.1365 0.0298 0.2344 -1.1557 -0.0113 0.2745 -1.1585 -6.568e-05 0.2628 -1.1671 0.0086 0.2531 -1.1789 0.0155 0.2448 -1.1784 0.001 0.2597
63.0 -1.2251 -0.0066 0.2628 -1.1285 -0.021 0.2872 -1.0893 0.0062 0.2632 -1.0883 0.021 0.2482 -1.1045 0.028 0.2394 -1.1296 0.0307 0.2342 -1.1522 -0.0108 0.2744 -1.155 -0.0002 0.2633 -1.1627 0.0085 0.2536 -1.1736 0.0156 0.2452 -1.1737 0.0013 0.2599
64.0 -1.2199 -0.0065 0.2633 -1.1223 -0.0208 0.2876 -1.0851 0.0074 0.2624 -1.084 0.0216 0.248 -1.1002 0.0286 0.2393 -1.1279 0.0309 0.2341 -1.1454 -0.0099 0.2741 -1.149 0.0006 0.263 -1.1567 0.0093 0.2533 -1.1693 0.0162 0.2451 -1.168 0.0019 0.2598
65.0 -1.2112 -0.0059 0.2636 -1.1156 -0.0193 0.2867 -1.0798 0.0075 0.2628 -1.0789 0.0223 0.2478 -1.0948 0.0281 0.2403 -1.1225 0.0304 0.2351 -1.14 -0.0104 0.2752 -1.1436 0.0001 0.2641 -1.1513 0.0089 0.2544 -1.1639 0.0157 0.2461 -1.162 0.0017 0.2607
66.0 -1.2051 -0.0051 0.2633 -1.1104 -0.0186 0.2865 -1.073 0.009 0.2619 -1.0727 0.0219 0.2488 -1.0887 0.0283 0.2407 -1.1174 0.0311 0.2349 -1.134 -0.0096 0.2749 -1.1385 0.0008 0.2639 -1.147 0.0094 0.2542 -1.1588 0.0164 0.2459 -1.1567 0.0024 0.2604
67.0 -1.201 -0.004 0.2625 -1.1045 -0.0172 0.2857 -1.0668 0.0087 0.263 -1.0676 0.0232 0.248 -1.086 0.028 0.2412 -1.1121 0.0312 0.2354 -1.1297 -0.009 0.2748 -1.1333 0.0015 0.2637 -1.1417 0.0095 0.2546 -1.1526 0.016 0.2469 -1.1516 0.0028 0.2605
68.0 -1.1938 -0.0048 0.2641 -1.0992 -0.0171 0.2861 -1.0617 0.0093 0.2628 -1.0633 0.0238 0.2478 -1.08 0.0289 0.241 -1.1081 0.0336 0.2333 -1.1245 -0.0083 0.2746 -1.1281 0.0022 0.2635 -1.1358 0.0109 0.2538 -1.1475 0.0173 0.2461 -1.146 0.0035 0.2604
69.0 -1.1869 -0.0039 0.2639 -1.0941 -0.0164 0.2859 -1.0566 0.0106 0.2619 -1.0591 0.025 0.247 -1.0739 0.0291 0.2414 -1.1035 0.0324 0.235 -1.1184 -0.0081 0.2749 -1.1229 0.0023 0.2639 -1.1313 0.0103 0.2548 -1.143 0.0167 0.2472 -1.1405 0.0035 0.2609
70.0 -1.1825 -0.0039 0.2643 -1.0882 -0.015 0.285 -1.0522 0.0106 0.2624 -1.0555 0.0242 0.2482 -1.0713 0.0294 0.2413 -1.1012 0.0339 0.2337 -1.1134 -0.0068 0.2741 -1.1177 0.003 0.2637 -1.1262 0.011 0.2546 -1.1396 0.0172 0.247 -1.1359 0.0041 0.2608
71.0 -1.1772 -0.0038 0.2647 -1.0821 -0.0148 0.2854 -1.0453 0.0116 0.2621 -1.0478 0.0259 0.2472 -1.0626 0.03 0.2416 -1.0917 0.0352 0.2333 -1.108 -0.0073 0.2752 -1.1125 0.0031 0.2641 -1.1209 0.0111 0.2551 -1.1326 0.0175 0.2474 -1.1302 0.0041 0.2613
72.0 -1.171 -0.0042 0.2657 -1.0768 -0.0147 0.2858 -1.041 0.0121 0.262 -1.0443 0.0257 0.2477 -1.0618 0.0301 0.2415 -1.0888 0.0338 0.2351 -1.1028 -0.0066 0.275 -1.1081 0.0031 0.2646 -1.1165 0.0111 0.2555 -1.1299 0.0172 0.2479 -1.1257 0.0041 0.2617
73.0 -1.1649 -0.004 0.2661 -1.0717 -0.0134 0.285 -1.0375 0.012 0.2624 -1.0392 0.027 0.2469 -1.0548 0.0304 0.2419 -1.0827 0.034 0.2355 -1.0984 -0.0066 0.2754 -1.1037 0.0031 0.265 -1.1122 0.0117 0.2553 -1.1247 0.0179 0.2477 -1.1208 0.0044 0.2619
74.0 -1.1605 -0.004 0.2666 -1.0655 -0.0138 0.286 -1.0316 0.0134 0.2616 -1.034 0.0271 0.2473 -1.0489 0.0318 0.241 -1.0767 0.0348 0.2352 -1.0916 -0.0057 0.2752 -1.0968 0.004 0.2647 -1.1061 0.0119 0.2557 -1.1195 0.018 0.2481 -1.1149 0.0048 0.2621
75.0 -1.1544 -0.0038 0.267 -1.0605 -0.0125 0.2852 -1.0264 0.0141 0.2614 -1.0279 0.0273 0.2477 -1.0437 0.0325 0.2408 -1.0699 0.0363 0.2343 -1.0888 -0.0065 0.2763 -1.094 0.0031 0.2659 -1.1025 0.0118 0.2562 -1.1142 0.0181 0.2486 -1.1108 0.0045 0.2628
75.0 -1.0907 0.0042 0.2651 -1.0541 -0.0086 0.2818 -1.0268 0.0165 0.2589 -1.0283 0.0297 0.2452 -1.0385 0.0326 0.2413 -1.0542 0.0372 0.235 -1.0672 0.0007 0.2711 -1.0698 0.0107 0.2606 -1.0729 0.0182 0.2526 -1.0756 0.0239 0.2464 -1.0752 0.0115 0.2592
76.0 -1.1517 -0.004 0.2675 -1.0543 -0.0123 0.2856 -1.0204 0.0149 0.2612 -1.0227 0.028 0.2475 -1.0378 0.0339 0.24 -1.0623 0.038 0.2334 -1.0819 -0.0056 0.276 -1.0872 0.0047 0.265 -1.0966 0.0132 0.2554 -1.1083 0.0195 0.2477 -1.1052 0.0056 0.2623
77.0 -1.113 -0.0037 0.271 -1.0453 -0.0086 0.2827 -1.012 0.0173 0.2596 -1.0142 0.0298 0.2466 -1.0313 0.0367 0.2378 -1.0597 0.0383 0.2333 -1.0689 -0.0045 0.2762 -1.0743 0.0064 0.2645 -1.0817 0.0134 0.2567 -1.0896 0.0184 0.2507 -1.0855 0.006 0.2638
78.0 -1.1423 -0.0022 0.2665 -1.0398 -0.0097 0.2844 -1.0092 0.0164 0.2607 -1.0097 0.0292 0.2476 -1.0264 0.0343 0.2408 -1.0547 0.0347 0.2375 -1.0714 -0.0054 0.2769 -1.0766 0.0043 0.2665 -1.0859 0.0122 0.2575 -1.0983 0.0178 0.2504 -1.0949 0.0053 0.2635
79.0 -1.1154 -0.0003 0.2673 -1.0167 -0.006 0.2829 -0.9853 0.0203 0.2592 -0.9882 0.0321 0.2468 -1.0053 0.0389 0.2381 -1.0283 0.0401 0.2346 -1.045 -0.0006 0.2746 -1.05 0.0079 0.2654 -1.0584 0.0159 0.2564 -1.0699 0.0211 0.25 -1.0677 0.0088 0.2627
80.0 -1.1163 0.0001 0.2668 -1.0118 -0.0041 0.2814 -0.982 0.0219 0.2578 -0.9843 0.0351 0.2441 -1.0009 0.0389 0.2385 -1.03 0.0393 0.2353 -1.0441 -0.0005 0.2746 -1.0483 0.0087 0.2647 -1.0575 0.016 0.2564 -1.0716 0.0208 0.25 -1.0676 0.009 0.2625
81.0 -1.1093 -0.0001 0.2677 -1.0076 -0.0029 0.2806 -0.9787 0.023 0.257 -0.9817 0.0348 0.2447 -0.9965 0.0389 0.239 -1.0243 0.0419 0.2332 -1.0381 0.0003 0.2743 -1.0432 0.0094 0.2645 -1.0524 0.0167 0.2562 -1.0649 0.023 0.2485 -1.0616 0.0098 0.2623
82.0 -1.1061 0.0021 0.2657 -1.0035 -0.0011 0.2792 -0.9755 0.0246 0.2557 -0.9785 0.0371 0.2427 -0.9942 0.0411 0.237 -1.0227 0.0433 0.2319 -1.0365 0.0011 0.2736 -1.0407 0.0103 0.2638 -1.05 0.0182 0.2548 -1.0633 0.0238 0.2478 -1.0593 0.0111 0.2612
83.0 -1.1033 0.0013 0.2669 -1.0009 -0.0008 0.2791 -0.9722 0.0257 0.2549 -0.9752 0.0381 0.2419 -0.9935 0.0424 0.2358 -1.0183 0.0433 0.2324 -1.0329 0.001 0.2741 -1.0381 0.0107 0.2637 -1.0474 0.0186 0.2547 -1.0608 0.0247 0.2471 -1.0565 0.0113 0.2613
84.0 -1.0959 0.0041 0.2647 -0.996 0.0011 0.2777 -0.968 0.0269 0.2541 -0.971 0.0393 0.2411 -0.9902 0.0434 0.235 -1.0192 0.0432 0.2324 -1.0273 0.0042 0.2714 -1.0333 0.0132 0.2617 -1.0432 0.0198 0.2539 -1.0574 0.0252 0.247 -1.0514 0.0133 0.2597
85.0 -1.089 0.005 0.2644 -0.992 0.0035 0.2757 -0.9639 0.0287 0.2527 -0.9677 0.0404 0.2404 -0.9869 0.0445 0.2343 -1.0169 0.0453 0.2304 -1.0232 0.006 0.27 -1.029 0.0138 0.2615 -1.0399 0.0208 0.2532 -1.054 0.0257 0.2468 -1.047 0.0143 0.2592
86.0 -1.0875 0.0065 0.2631 -0.987 0.0048 0.2749 -0.9607 0.0309 0.2507 -0.9663 0.0424 0.2385 -0.982 0.047 0.2322 -1.0136 0.0464 0.2297 -1.0199 0.007 0.2693 -1.0266 0.0153 0.2602 -1.0374 0.0218 0.2525 -1.0531 0.0258 0.2468 -1.0449 0.0153 0.2584
87.0 -1.0841 0.0069 0.263 -0.9829 0.0065 0.2734 -0.9566 0.0321 0.2499 -0.962 0.043 0.2383 -0.9751 0.0473 0.2325 -1.0103 0.0474 0.2289 -1.0163 0.0063 0.2704 -1.0221 0.0147 0.2612 -1.0321 0.0213 0.2535 -1.0469 0.0254 0.2478 -1.0403 0.0149 0.2592
88.0 -1.0859 0.0122 0.2575 -0.9918 0.0224 0.2563 -0.9608 0.0413 0.2401 -0.9568 0.0437 0.2381 -0.9617 0.0363 0.2451 -0.9807 0.0191 0.2609 -1.0186 0.0194 0.2567 -1.0181 0.0171 0.2592 -1.0226 0.0122 0.2637 -1.0317 0.0042 0.271 -1.0354 0.013 0.2616
89.0 -1.0809 0.0086 0.2616 -1.0065 0.0412 0.2356 -0.9598 0.0457 0.2357 -0.9535 0.0447 0.2373 -0.9552 0.0341 0.248 -0.9733 0.0121 0.2687 -1.0168 0.0246 0.2517 -1.0142 0.0194 0.2572 -1.0162 0.0112 0.2654 -1.0232 0.0005 0.2756 -1.0302 0.0129 0.2623
90.0 -1.08 0.0087 0.2616 -1.0053 0.0444 0.2325 -0.957 0.0448 0.2368 -0.9515 0.0432 0.2391 -0.9544 0.0348 0.2474 -0.9739 0.0157 0.265 -1.0131 0.0232 0.2534 -1.0104 0.0181 0.2589 -1.0137 0.0116 0.2653 -1.021 0.0032 0.273 -1.0276 0.013 0.2624
91.0 -1.068 0.0103 0.2611 -0.9647 0.0133 0.2684 -0.9474 0.0352 0.2477 -0.9518 0.0449 0.2373 -0.9641 0.05 0.2309 -0.9932 0.0504 0.2276 -1.0002 0.0103 0.2679 -1.0061 0.0187 0.2587 -1.0162 0.0259 0.2504 -1.0293 0.0308 0.244 -1.024 0.0192 0.2564
92.0 -1.0658 0.0131 0.2585 -0.9625 0.016 0.2658 -0.9465 0.0402 0.2427 -0.9477 0.0467 0.2359 -0.9576 0.0478 0.2337 -0.9783 0.0408 0.2389 -0.9996 0.0165 0.2616 -1.0039 0.0214 0.2562 -1.0116 0.0247 0.2521 -1.0221 0.0245 0.2512 -1.0206 0.02 0.2559
93.0 -1.0627 0.0153 0.2566 -1.0012 0.0456 0.2317 -0.9569 0.0491 0.2325 -0.9461 0.0475 0.2352 -0.9462 0.0384 0.2445 -0.9537 0.0209 0.2617 -1.0064 0.0302 0.2469 -1.0018 0.0241 0.2536 -1.0004 0.0164 0.2616 -1.0028 0.0051 0.273 -1.0148 0.0182 0.2583
94.0 -1.0622 0.0123 0.2597 -0.9568 0.0186 0.2637 -0.9466 0.0353 0.2477 -0.9467 0.0462 0.2364 -0.9581 0.0508 0.2306 -0.9824 0.0488 0.2303 -0.9979 0.0118 0.2665 -1.0029 0.0203 0.2574 -1.012 0.027 0.2496 -1.0224 0.0311 0.2444 -1.0195 0.0205 0.2555
95.0 -1.0611 0.0113 0.2609 -0.95 0.025 0.2578 -0.9478 0.0321 0.2508 -0.9464 0.0444 0.2383 -0.9626 0.0514 0.2296 -0.9873 0.0518 0.2268 -0.9952 0.0116 0.2671 -1.002 0.0205 0.2573 -1.0121 0.0276 0.249 -1.0243 0.0321 0.2432 -1.0189 0.0206 0.2555
96.0 -1.0586 0.0122 0.2601 -0.948 0.0284 0.2546 -0.9479 0.0326 0.2502 -0.9483 0.0454 0.2371 -0.9643 0.0512 0.2296 -0.9881 0.0516 0.2268 -0.9927 0.0125 0.2663 -1.0003 0.0207 0.2573 -1.0102 0.0267 0.2501 -1.0224 0.0311 0.2444 -1.0168 0.0206 0.2557
97.0 -1.0567 0.0112 0.2613 -0.9447 0.0294 0.2539 -0.9456 0.0348 0.2483 -0.9468 0.0468 0.2358 -0.9635 0.0519 0.229 -0.9882 0.0522 0.2262 -0.9893 0.013 0.2662 -0.9985 0.0203 0.2578 -1.0083 0.0263 0.2507 -1.0214 0.0307 0.245 -1.0148 0.0203 0.2562
98.0 -1.0542 0.0122 0.2606 -0.9443 0.0325 0.2507 -0.9448 0.0355 0.2476 -0.9506 0.0482 0.2341 -0.9683 0.0537 0.2267 -0.9884 0.0534 0.2249 -0.987 0.0103 0.2692 -0.9964 0.0188 0.2596 -1.0074 0.0258 0.2513 -1.0189 0.0316 0.2442 -1.0128 0.0197 0.257
99.0 -1.0511 0.0144 0.2586 -0.9443 0.0325 0.2507 -0.9422 0.0353 0.2481 -0.9498 0.0489 0.2334 -0.9684 0.0543 0.226 -0.9887 0.0546 0.2237 -0.9863 0.011 0.2686 -0.9955 0.0183 0.2602 -1.0055 0.0255 0.2518 -1.0169 0.03 0.246 -1.0111 0.0198 0.2571
100.0 -1.0443 0.016 0.2577 -0.9412 0.0348 0.2487 -0.939 0.0375 0.2461 -0.9469 0.0474 0.2352 -0.9619 0.0527 0.2283 -0.9799 0.0546 0.2246 -0.9814 0.0135 0.2665 -0.9899 0.0215 0.2575 -0.9999 0.0287 0.2491 -1.0105 0.034 0.2427 -1.0052 0.0227 0.2547
101.0 -1.05 0.0134 0.2598 -0.9421 0.0347 0.2488 -0.9395 0.0399 0.2437 -0.9479 0.0479 0.2346 -0.9627 0.052 0.2289 -0.9808 0.0551 0.224 -0.9817 0.0146 0.2653 -0.9907 0.0214 0.2575 -1.0006 0.0274 0.2504 -1.0121 0.0325 0.244 -1.007 0.0219 0.2554
102.0 -1.0485 0.0148 0.2585 -0.9399 0.0374 0.2462 -0.9384 0.0437 0.2399 -0.9481 0.0491 0.2334 -0.9619 0.0527 0.2283 -0.9814 0.0532 0.2259 -0.9764 0.0147 0.2657 -0.9862 0.0207 0.2586 -0.9969 0.0266 0.2515 -1.0083 0.0312 0.2457 -1.0033 0.0216 0.256
103.0 -1.0439 0.0185 0.2552 -0.9414 0.036 0.2475 -0.9353 0.0466 0.2373 -0.9449 0.0508 0.232 -0.9559 0.0535 0.2281 -0.9724 0.0519 0.2281 -0.9739 0.0157 0.265 -0.9832 0.0236 0.256 -0.9924 0.0309 0.2476 -1.0022 0.0363 0.2411 -0.9991 0.025 0.253
104.0 -1.0343 0.0191 0.2555 -0.9457 0.0305 0.2526 -0.9308 0.0459 0.2383 -0.9397 0.0466 0.2368 -0.9587 0.0495 0.2319 -0.9776 0.0518 0.2277 -0.9759 0.0221 0.2582 -0.9828 0.031 0.2485 -0.9927 0.0376 0.2407 -1.0021 0.0412 0.2361 -0.9976 0.0302 0.2478
105.0 -1.0285 0.0211 0.254 -0.9451 0.0318 0.2514 -0.93 0.0461 0.2383 -0.937 0.0457 0.2379 -0.9597 0.0451 0.2363 -0.9741 0.0468 0.2331 -0.9754 0.024 0.2563 -0.9816 0.0342 0.2453 -0.9881 0.0413 0.2374 -0.9942 0.0459 0.232 -0.9935 0.0333 0.245
106.0 -1.0316 0.0183 0.2566 -0.9432 0.0314 0.2519 -0.9308 0.0459 0.2383 -0.9497 0.0434 0.2391 -0.9721 0.0453 0.2349 -0.9849 0.0484 0.2304 -0.9749 0.0162 0.2644 -0.9828 0.0261 0.2535 -0.9921 0.034 0.2444 -1.0012 0.0407 0.2367 -0.9965 0.0271 0.2511
107.0 -1.0298 0.0185 0.2565 -0.9451 0.0318 0.2514 -0.9299 0.0455 0.2389 -0.9413 0.0451 0.2381 -0.9657 0.0443 0.2366 -0.9814 0.0483 0.2309 -0.9762 0.0184 0.2619 -0.9832 0.0285 0.251 -0.9915 0.0359 0.2426 -1.0004 0.0414 0.236 -0.9962 0.0286 0.2496
108.0 -1.0293 0.0204 0.2546 -0.9445 0.0288 0.2545 -0.9291 0.0462 0.2383 -0.938 0.0468 0.2367 -0.9543 0.0495 0.2324 -0.9703 0.0504 0.2299 -0.9756 0.0252 0.2551 -0.9834 0.0346 0.2447 -0.9914 0.0402 0.2382 -0.9998 0.0427 0.2348 -0.9959 0.0326 0.2455
109.0 -1.038 0.0199 0.2543 -0.9406 0.0367 0.2468 -0.9326 0.0457 0.2384 -0.9435 0.0479 0.2351 -0.959 0.0513 0.2301 -0.9769 0.0526 0.227 -0.9755 0.0149 0.2657 -0.9841 0.0235 0.256 -0.9935 0.032 0.2464 -1.0043 0.0385 0.2387 -0.9991 0.0257 0.2522
110.0 -1.0379 0.0193 0.255 -0.9419 0.0341 0.2494 -0.9334 0.0456 0.2384 -0.9467 0.0462 0.2364 -0.9656 0.0486 0.2322 -0.9826 0.05 0.2291 -0.9732 0.0164 0.2643 -0.9807 0.0245 0.2553 -0.9909 0.0323 0.2463 -1.0016 0.0382 0.2392 -0.9969 0.0262 0.252
111.0 -1.0395 0.0184 0.2557 -0.9441 0.0313 0.252 -0.9331 0.0438 0.2403 -0.9426 0.048 0.235 -0.961 0.0523 0.2289 -0.9807 0.0545 0.2246 -0.9775 0.0158 0.2645 -0.9859 0.0238 0.2555 -0.996 0.031 0.2471 -1.0067 0.0369 0.24 -1.0011 0.0252 0.2525
112.0 -1.0428 0.0174 0.2564 -0.9434 0.032 0.2513 -0.9345 0.0418 0.2422 -0.9408 0.0476 0.2356 -0.9574 0.0521 0.2294 -0.9798 0.054 0.2252 -0.9788 0.0132 0.267 -0.9864 0.0219 0.2573 -0.9966 0.0297 0.2484 -1.0083 0.0361 0.2407 -1.0026 0.0237 0.254
113.0 -1.0428 0.0174 0.2564 -0.938 0.0364 0.2473 -0.9375 0.0438 0.2398 -0.9541 0.0483 0.2336 -0.9721 0.0507 0.2293 -0.9864 0.0519 0.2267 -0.9761 0.013 0.2676 -0.9854 0.0209 0.2586 -0.9954 0.0281 0.2502 -1.0061 0.0339 0.2431 -1.0012 0.0226 0.2552
114.0 -1.0463 0.0169 0.2565 -0.9442 0.0319 0.2513 -0.9355 0.0423 0.2416 -0.9444 0.0478 0.2351 -0.9589 0.0507 0.2307 -0.9794 0.0522 0.2271 -0.9787 0.0126 0.2677 -0.9871 0.0206 0.2586 -0.9971 0.0272 0.2509 -1.0078 0.0331 0.2438 -1.0034 0.0221 0.2555
115.0 -1.05 0.0134 0.2598 -0.9362 0.0367 0.2473 -0.9374 0.0432 0.2405 -0.9498 0.0489 0.2334 -0.9644 0.0518 0.229 -0.9837 0.0516 0.2273 -0.9783 0.0108 0.2695 -0.9884 0.018 0.2612 -0.9991 0.0239 0.2541 -1.0107 0.0297 0.247 -1.0053 0.0192 0.2583
116.0 -1.0499 0.0128 0.2604 -0.9361 0.0361 0.2479 -0.9398 0.0417 0.2418 -0.9497 0.0483 0.2341 -0.9653 0.0517 0.229 -0.9853 0.0508 0.228 -0.98 0.01 0.2702 -0.99 0.0172 0.2619 -1.0017 0.0235 0.2542 -1.0133 0.0293 0.2471 -1.007 0.0186 0.2588
117.0 -1.049 0.0123 0.261 -0.9406 0.0312 0.2524 -0.9367 0.039 0.2448 -0.9441 0.0466 0.2363 -0.9606 0.0499 0.2314 -0.9809 0.0508 0.2284 -0.982 0.0115 0.2684 -0.9913 0.0195 0.2594 -1.0012 0.0261 0.2517 -1.0118 0.0313 0.2452 -1.0071 0.0201 0.2571
118.0 -1.0481 0.0124 0.261 -0.9397 0.0313 0.2524 -0.9384 0.0388 0.2449 -0.9465 0.045 0.2377 -0.9604 0.0493 0.232 -0.9799 0.0497 0.2296 -0.9803 0.0118 0.2683 -0.9896 0.0197 0.2593 -0.9995 0.0263 0.2516 -1.01 0.031 0.2458 -1.0055 0.0202 0.2572
119.0 -1.0437 0.0124 0.2614 -0.9534 0.024 0.2586 -0.9367 0.0342 0.2498 -0.9431 0.0455 0.2376 -0.9598 0.0506 0.2307 -0.9827 0.0505 0.2285 -0.9864 0.0116 0.268 -0.9941 0.0203 0.2583 -1.0033 0.0276 0.2499 -1.014 0.0335 0.2428 -1.0083 0.0211 0.2561
120.0 -1.0479 0.0112 0.2622 -0.9454 0.0287 0.2545 -0.9385 0.0345 0.2492 -0.9437 0.0442 0.2388 -0.9578 0.049 0.2325 -0.9746 0.0498 0.23 -0.9835 0.0101 0.2697 -0.992 0.0187 0.2601 -1.0004 0.0262 0.2516 -1.0102 0.0322 0.2445 -1.0068 0.0197 0.2576
121.0 -1.0507 0.012 0.2611 -0.9452 0.0275 0.2557 -0.9401 0.0337 0.2499 -0.9447 0.0447 0.2382 -0.9586 0.0489 0.2325 -0.9789 0.0492 0.2302 -0.9869 0.0097 0.2699 -0.9955 0.0183 0.2602 -1.0047 0.0256 0.2518 -1.0136 0.0311 0.2453 -1.0103 0.0193 0.2576
122.0 -1.0548 0.0103 0.2625 -0.9503 0.0213 0.2616 -0.9415 0.0317 0.2519 -0.9444 0.0429 0.2401 -0.9576 0.0478 0.2337 -0.9807 0.0496 0.2296 -0.9915 0.0109 0.2682 -0.9991 0.019 0.2591 -1.0075 0.0264 0.2507 -1.0172 0.0318 0.2442 -1.014 0.0197 0.2569
123.0 -1.0583 0.0055 0.267 -0.9552 0.0194 0.263 -0.9439 0.0301 0.2532 -0.9445 0.0435 0.2395 -0.9604 0.0493 0.232 -0.9884 0.0479 0.2306 -0.9934 0.0063 0.2726 -1.0 0.014 0.2641 -1.0101 0.0212 0.2558 -1.0225 0.0268 0.2488 -1.0169 0.0148 0.2616
124.0 -1.0593 0.006 0.2664 -0.9592 0.0171 0.265 -0.9456 0.0299 0.2533 -0.9461 0.0427 0.2402 -0.9603 0.0487 0.2326 -0.9907 0.0464 0.2319 -0.9962 0.0072 0.2715 -1.0028 0.0148 0.263 -1.0119 0.0216 0.2552 -1.0242 0.0266 0.2488 -1.0189 0.0152 0.261
125.0 -1.052 0.0094 0.2636 -0.9691 0.0133 0.2679 -0.9457 0.0256 0.2576 -0.9456 0.0397 0.2433 -0.9565 0.0468 0.235 -0.9759 0.0472 0.2326 -0.9953 0.0073 0.2714 -1.0006 0.0176 0.2604 -1.0081 0.0251 0.2519 -1.017 0.0306 0.2454 -1.0146 0.018 0.2586
126.0 -1.0588 0.0079 0.2645 -0.9676 0.0147 0.2666 -0.9492 0.0251 0.2578 -0.9483 0.0399 0.2428 -0.961 0.0474 0.2339 -0.9879 0.0456 0.233 -1.0003 0.0054 0.2729 -1.0055 0.0151 0.2625 -1.0147 0.0224 0.2541 -1.0254 0.0283 0.247 -1.0209 0.0158 0.2602
127.0 -1.0617 0.0045 0.2678 -0.9603 0.0181 0.2638 -0.9502 0.0262 0.2566 -0.9509 0.0402 0.2422 -0.9627 0.0471 0.2339 -0.9904 0.0446 0.2338 -1.0017 0.0034 0.2748 -1.0085 0.0122 0.2651 -1.0178 0.0202 0.2561 -1.0294 0.0259 0.249 -1.0238 0.0132 0.2625
128.0 -1.0639 0.0023 0.2697 -0.9718 0.0135 0.2674 -0.9541 0.0233 0.2592 -0.9524 0.0387 0.2435 -0.9669 0.046 0.2347 -0.9988 0.0423 0.2353 -1.0075 0.0014 0.2763 -1.0136 0.011 0.2659 -1.0229 0.0189 0.2569 -1.0353 0.0245 0.2499 -1.0286 0.0116 0.2637
128.0 -1.0639 0.0023 0.2697 -0.9718 0.0135 0.2674 -0.9541 0.0233 0.2592 -0.9524 0.0387 0.2435 -0.9669 0.046 0.2347 -0.9988 0.0423 0.2353 -1.0075 0.0014 0.2763 -1.0136 0.011 0.2659 -1.0229 0.0189 0.2569 -1.0353 0.0245 0.2499 -1.0286 0.0116 0.2637
130.0 -1.0905 -0.0019 0.2714 -0.9837 0.0064 0.2735 -0.9706 0.0168 0.2642 -0.9706 0.032 0.2486 -0.984 0.0382 0.241 -1.0171 0.0361 0.2398 -1.0271 -0.0074 0.2833 -1.0322 0.0017 0.2735 -1.0416 0.0102 0.2639 -1.0552 0.0176 0.255 -1.0493 0.0041 0.2694
131.0 -1.0903 -0.0031 0.2726 -0.9847 0.0069 0.2729 -0.9739 0.0157 0.265 -0.9749 0.0314 0.2488 -0.991 0.0378 0.2407 -1.0232 0.0359 0.2394 -1.0289 -0.007 0.2827 -1.0357 0.0019 0.273 -1.0459 0.0096 0.264 -1.0592 0.0152 0.257 -1.052 0.0033 0.2699
132.0 -1.0988 -0.0048 0.2736 -0.9929 0.0034 0.2757 -0.9783 0.0157 0.2645 -0.979 0.0297 0.2502 -0.9942 0.0362 0.242 -1.0256 0.0344 0.2408 -1.0332 -0.0076 0.2829 -1.039 0.0008 0.2737 -1.0491 0.008 0.2654 -1.0634 0.014 0.2578 -1.0567 0.0021 0.2707
133.0 -1.1056 -0.0058 0.2738 -1.0016 -0.0021 0.2804 -0.9839 0.0174 0.2622 -0.9833 0.0291 0.2504 -0.9938 0.0338 0.2445 -1.0252 0.032 0.2432 -1.0368 -0.0068 0.2818 -1.0418 0.0016 0.2726 -1.0518 0.0082 0.2649 -1.0658 0.0131 0.2585 -1.0604 0.0021 0.2703
134.0 -1.1107 -0.007 0.2746 -1.0048 -0.0037 0.2818 -0.9869 0.0145 0.2649 -0.9876 0.0285 0.2505 -1.0 0.0342 0.2435 -1.0341 0.0326 0.2417 -1.0409 -0.0086 0.2832 -1.0467 -0.0008 0.2747 -1.0576 0.0062 0.2663 -1.0725 0.0109 0.2601 -1.0657 0.0001 0.2718
135.0 -1.1203 -0.0071 0.2738 -1.0247 -0.0058 0.2819 -0.9937 0.0179 0.2607 -0.9917 0.0267 0.2519 -1.0 0.0293 0.2485 -1.0321 0.0262 0.2485 -1.0481 -0.0078 0.2816 -1.052 -0.0003 0.2736 -1.0609 0.0052 0.2671 -1.0749 0.0094 0.2614 -1.0713 -0.0001 0.2715
136.0 -1.1233 -0.0106 0.277 -1.0104 -0.0069 0.2845 -0.9945 0.0129 0.2658 -0.9975 0.0247 0.2534 -1.0135 0.0305 0.2459 -1.044 0.0288 0.2446 -1.0526 -0.012 0.2855 -1.0585 -0.0037 0.2764 -1.0686 0.0035 0.268 -1.0838 0.01 0.2599 -1.0773 -0.0025 0.2734
137.0 -1.1309 -0.0122 0.2779 -1.0159 -0.0107 0.2878 -0.9987 0.0117 0.2666 -1.0018 0.0241 0.2536 -1.0174 0.0281 0.2479 -1.0489 0.0269 0.246 -1.0568 -0.0132 0.2863 -1.0635 -0.005 0.2772 -1.0745 0.0021 0.2689 -1.0896 0.008 0.2613 -1.0831 -0.004 0.2743
138.0 -1.1333 -0.0138 0.2793 -1.0261 -0.0127 0.2889 -1.0053 0.009 0.2687 -1.0058 0.0218 0.2556 -1.0207 0.0265 0.2493 -1.054 0.0257 0.2468 -1.0625 -0.0158 0.2884 -1.0685 -0.0068 0.2786 -1.0795 0.0008 0.2697 -1.0946 0.0067 0.2622 -1.0877 -0.0058 0.2756
139.0 -1.1351 -0.0134 0.2787 -1.0314 -0.0128 0.2884 -1.0093 0.0066 0.2707 -1.0097 0.0188 0.2582 -1.0256 0.0246 0.2507 -1.054 0.0257 0.2468 -1.0676 -0.0171 0.2892 -1.0727 -0.008 0.2794 -1.082 -0.0001 0.2704 -1.0955 0.0066 0.2622 -1.0906 -0.0064 0.276
140.0 -1.1422 -0.0131 0.2777 -1.0372 -0.0148 0.2899 -1.0143 0.0054 0.2715 -1.0147 0.0175 0.2591 -1.029 0.0235 0.2515 -1.0546 0.0243 0.2481 -1.072 -0.0171 0.2888 -1.0762 -0.0079 0.2789 -1.0846 -0.0005 0.2705 -1.0972 0.0064 0.2623 -1.0944 -0.0064 0.2756
141.0 -1.1473 -0.0138 0.2779 -1.0398 -0.0152 0.29 -1.0187 0.0054 0.2711 -1.0208 0.0173 0.2587 -1.0359 0.0232 0.2511 -1.0616 0.024 0.2478 -1.0763 -0.0177 0.2889 -1.0805 -0.0085 0.2791 -1.0898 -0.0006 0.2701 -1.1033 0.0062 0.2619 -1.0995 -0.0069 0.2756
142.0 -1.1532 -0.0152 0.2788 -1.0481 -0.0175 0.2916 -1.0239 0.0047 0.2713 -1.0261 0.0172 0.2583 -1.0418 0.0218 0.252 -1.0666 0.0227 0.2486 -1.0814 -0.0184 0.2891 -1.0864 -0.0099 0.28 -1.0949 -0.0019 0.2709 -1.1083 0.0043 0.2633 -1.1048 -0.0082 0.2764
143.0 -1.1599 -0.0174 0.2803 -1.0541 -0.0189 0.2924 -1.028 0.0029 0.2727 -1.0293 0.0155 0.2596 -1.0461 0.0212 0.2522 -1.0742 0.0205 0.2501 -1.0873 -0.0198 0.29 -1.0915 -0.0112 0.2808 -1.1015 -0.004 0.2724 -1.1157 0.0014 0.2655 -1.1112 -0.0102 0.2778
144.0 -1.1633 -0.0178 0.2804 -1.0584 -0.0195 0.2926 -1.0323 0.0023 0.2729 -1.0336 0.015 0.2598 -1.0511 0.0193 0.2536 -1.0794 0.0204 0.2497 -1.0925 -0.0205 0.2902 -1.0966 -0.0119 0.281 -1.1067 -0.0047 0.2726 -1.121 0.0013 0.2651 -1.116 -0.0107 0.2779
145.0 -1.1695 -0.018 0.2801 -1.0634 -0.0208 0.2934 -1.0372 0.0004 0.2743 -1.0368 0.0133 0.2612 -1.0517 0.018 0.2549 -1.0786 0.0205 0.2497 -1.0967 -0.0216 0.291 -1.1008 -0.013 0.2818 -1.1084 -0.0049 0.2727 -1.1218 0.0012 0.2651 -1.1194 -0.0113 0.2781
146.0 -1.1728 -0.0191 0.2808 -1.0686 -0.0215 0.2936 -1.0416 0.0004 0.2738 -1.0419 0.012 0.262 -1.0588 0.0183 0.2539 -1.0855 0.0202 0.2493 -1.1017 -0.0229 0.2918 -1.1061 -0.0131 0.2813 -1.1154 -0.0052 0.2723 -1.1298 0.0014 0.2641 -1.1252 -0.0118 0.2781
147.0 -1.1781 -0.0192 0.2804 -1.0735 -0.0234 0.2951 -1.0467 -0.0008 0.2747 -1.0487 0.0105 0.2629 -1.0665 0.0166 0.2548 -1.0964 0.0169 0.2516 -1.1054 -0.0222 0.2907 -1.1105 -0.0131 0.2809 -1.1206 -0.0059 0.2725 -1.1347 -0.0005 0.2656 -1.1298 -0.0122 0.278
148.0 -1.1806 -0.0195 0.2805 -1.0789 -0.0229 0.294 -1.0527 -0.0017 0.2749 -1.0521 0.01 0.263 -1.0688 0.0151 0.2562 -1.0982 0.0172 0.2511 -1.1105 -0.0229 0.2909 -1.1148 -0.0137 0.2811 -1.124 -0.0064 0.2727 -1.1375 0.0003 0.2644 -1.1335 -0.0124 0.2779
149.0 -1.1884 -0.0206 0.2808 -1.0847 -0.0249 0.2955 -1.0569 -0.0028 0.2757 -1.0574 0.0099 0.2626 -1.075 0.0155 0.2552 -1.1034 0.0165 0.2513 -1.1174 -0.0238 0.2911 -1.1217 -0.0146 0.2813 -1.1309 -0.0073 0.2729 -1.1445 3.363e-07 0.2641 -1.1406 -0.0133 0.2781
150.0 -1.2094 -0.021 0.2791 -1.1137 -0.03 0.2979 -1.0827 -0.0063 0.2767 -1.0831 0.0064 0.2636 -1.0985 0.0135 0.2548 -1.1251 0.0148 0.2509 -1.1425 -0.026 0.2909 -1.146 -0.0161 0.2804 -1.1545 -0.0081 0.2714 -1.1672 -0.0006 0.2625 -1.1639 -0.0144 0.2768
151.0 -1.2153 -0.0224 0.28 -1.1171 -0.0305 0.298 -1.0871 -0.0063 0.2762 -1.0884 0.0063 0.2632 -1.1037 0.0134 0.2544 -1.1331 0.0156 0.2493 -1.1453 -0.0252 0.2897 -1.1496 -0.016 0.2799 -1.1589 -0.0081 0.2709 -1.1724 -0.0013 0.2627 -1.1683 -0.0146 0.2766
152.0 -1.2189 -0.0223 0.2795 -1.123 -0.0319 0.2989 -1.0921 -0.0076 0.2771 -1.0945 0.0061 0.2628 -1.1098 0.0132 0.254 -1.1372 0.0138 0.2507 -1.1515 -0.0254 0.2893 -1.1558 -0.0156 0.2789 -1.1651 -0.0077 0.2699 -1.1778 -0.0008 0.2616 -1.1738 -0.0143 0.2758
153.0 -1.2241 -0.0224 0.279 -1.1283 -0.032 0.2984 -1.0983 -0.0072 0.276 -1.098 0.0057 0.2629 -1.1134 0.0134 0.2535 -1.1409 0.0145 0.2496 -1.1567 -0.0255 0.2889 -1.161 -0.0163 0.2791 -1.1694 -0.0083 0.2701 -1.182 -0.0014 0.2618 -1.1787 -0.0148 0.2758
154.0 -1.2319 -0.0234 0.2793 -1.1353 -0.0324 0.2981 -1.1027 -0.0072 0.2756 -1.1025 0.0063 0.2618 -1.1194 0.0125 0.2538 -1.1486 0.0135 0.2499 -1.1611 -0.0255 0.2885 -1.1654 -0.0163 0.2786 -1.1738 -0.0082 0.2696 -1.1872 -0.0021 0.262 -1.1839 -0.0151 0.2756
155.0 -1.2372 -0.0229 0.2783 -1.143 -0.0334 0.2984 -1.1089 -0.0074 0.2752 -1.1086 0.0061 0.2615 -1.1248 0.013 0.2527 -1.1521 0.0136 0.2494 -1.1673 -0.0251 0.2875 -1.1707 -0.0158 0.2776 -1.1792 -0.0077 0.2686 -1.1917 -0.0015 0.2609 -1.1892 -0.0146 0.2746
156.0 -1.2434 -0.0225 0.2773 -1.1484 -0.0329 0.2973 -1.1141 -0.0075 0.2748 -1.113 0.0061 0.261 -1.1292 0.0131 0.2523 -1.1585 0.0146 0.2478 -1.1725 -0.0258 0.2877 -1.1761 -0.0153 0.2766 -1.1845 -0.0072 0.2675 -1.1972 -0.0004 0.2593 -1.1948 -0.0142 0.2737
157.0 -1.2513 -0.023 0.277 -1.153 -0.0317 0.2956 -1.1187 -0.0063 0.2731 -1.1185 0.0072 0.2593 -1.1361 0.0127 0.2519 -1.163 0.0152 0.2467 -1.1788 -0.0248 0.286 -1.1822 -0.0155 0.2762 -1.1915 -0.0076 0.2672 -1.2042 -0.0007 0.2589 -1.2016 -0.0143 0.2731
158.0 -1.2541 -0.0221 0.2758 -1.1582 -0.0318 0.2952 -1.1241 -0.0058 0.272 -1.1237 0.0071 0.2589 -1.138 0.0131 0.2514 -1.1658 0.0161 0.2456 -1.1832 -0.0248 0.2856 -1.1867 -0.0149 0.2751 -1.1952 -0.0068 0.2661 -1.2078 1.613e-06 0.2578 -1.2054 -0.0137 0.2721
159.0 -1.2629 -0.0221 0.2749 -1.1638 -0.0301 0.2929 -1.1296 -0.0047 0.2704 -1.1291 0.0076 0.2579 -1.1443 0.0141 0.2497 -1.1713 0.0178 0.2433 -1.1886 -0.0243 0.2845 -1.192 -0.015 0.2747 -1.2004 -0.0069 0.2656 -1.2131 -9.773e-05 0.2574 -1.2114 -0.0137 0.2714
160.0 -1.2647 -0.0217 0.2744 -1.1684 -0.0289 0.2913 -1.1348 -0.0048 0.27 -1.1354 0.0086 0.2562 -1.1488 0.0147 0.2486 -1.1757 0.0178 0.2428 -1.1923 -0.023 0.2828 -1.1967 -0.0132 0.2724 -1.2051 -0.0051 0.2633 -1.2177 0.0011 0.2557 -1.2153 -0.0124 0.2697
161.0 -1.2692 -0.0211 0.2733 -1.1754 -0.0292 0.2909 -1.1401 -0.0049 0.2695 -1.1399 0.0092 0.2552 -1.1551 0.0157 0.247 -1.1794 0.0185 0.2417 -1.1993 -0.0233 0.2825 -1.2028 -0.0134 0.272 -1.2114 -0.0048 0.2623 -1.2231 0.0022 0.254 -1.2212 -0.0121 0.2688
162.0 -1.2746 -0.0206 0.2723 -1.1791 -0.0285 0.2898 -1.1447 -0.0037 0.2678 -1.146 0.009 0.2548 -1.1604 0.0156 0.2466 -1.1855 0.0183 0.2413 -1.2038 -0.0227 0.2814 -1.2082 -0.0129 0.2709 -1.2166 -0.0049 0.2619 -1.2284 0.0021 0.2536 -1.2263 -0.0118 0.268
163.0 -1.2807 -0.0208 0.2719 -1.1859 -0.0294 0.2901 -1.15 -0.0038 0.2674 -1.1504 0.009 0.2543 -1.1667 0.0165 0.245 -1.1908 0.0182 0.2409 -1.2101 -0.0223 0.2804 -1.2136 -0.0124 0.2699 -1.2221 -0.0038 0.2602 -1.2328 0.0021 0.2532 -1.2318 -0.0114 0.2671
164.0 -1.2868 -0.021 0.2715 -1.1913 -0.0289 0.289 -1.1553 -0.0033 0.2664 -1.1549 0.0096 0.2533 -1.1712 0.0172 0.2439 -1.1969 0.018 0.2405 -1.2153 -0.0224 0.28 -1.2188 -0.0125 0.2695 -1.2273 -0.0045 0.2604 -1.2397 0.0012 0.2534 -1.2376 -0.0118 0.267
165.0 -1.2886 -0.0207 0.2709 -1.1967 -0.0284 0.288 -1.1622 -0.0042 0.2667 -1.1619 0.0092 0.2529 -1.1764 0.0165 0.2441 -1.203 0.0178 0.2401 -1.2206 -0.0225 0.2795 -1.2241 -0.0126 0.2691 -1.2325 -0.0046 0.26 -1.2441 0.0012 0.253 -1.242 -0.0118 0.2665
166.0 -1.2957 -0.0204 0.27 -1.201 -0.029 0.2881 -1.1676 -0.0037 0.2656 -1.1664 0.0099 0.2518 -1.1817 0.017 0.2431 -1.2084 0.0183 0.2391 -1.226 -0.0214 0.2779 -1.2295 -0.0115 0.2674 -1.237 -0.0039 0.2589 -1.2487 0.0024 0.2513 -1.2474 -0.011 0.2651
167.0 -1.3038 -0.0197 0.2684 -1.2072 -0.0286 0.2871 -1.172 -0.0037 0.2652 -1.1717 0.0098 0.2514 -1.1852 0.0165 0.2432 -1.211 0.0185 0.2386 -1.2305 -0.0214 0.2774 -1.2338 -0.0121 0.2676 -1.2414 -0.0039 0.2585 -1.2531 0.0024 0.2508 -1.2525 -0.0109 0.2645
168.0 -1.3063 -0.02 0.2685 -1.2108 -0.0279 0.286 -1.1766 -0.0025 0.2635 -1.1771 0.0103 0.2504 -1.1907 0.0176 0.2415 -1.2156 0.0191 0.2375 -1.2347 -0.022 0.2776 -1.2374 -0.0119 0.2671 -1.245 -0.0038 0.258 -1.2566 0.0026 0.2503 -1.256 -0.011 0.2643
169.0 -1.31 -0.0193 0.2674 -1.2152 -0.0279 0.2856 -1.1809 -0.0031 0.2636 -1.1815 0.0103 0.2499 -1.195 0.017 0.2417 -1.2191 0.0192 0.237 -1.2384 -0.0212 0.2765 -1.2419 -0.0113 0.266 -1.2494 -0.0038 0.2575 -1.2602 0.0027 0.2498 -1.26 -0.0106 0.2634
170.0 -1.3108 -0.0194 0.2674 -1.2195 -0.0285 0.2857 -1.1844 -0.0029 0.2631 -1.1842 0.0111 0.2488 -1.1985 0.0171 0.2412 -1.2243 0.0185 0.2372 -1.2428 -0.0212 0.276 -1.2454 -0.0112 0.2655 -1.253 -0.003 0.2564 -1.2647 0.0033 0.2488 -1.2634 -0.0103 0.2628
171.0 -1.3161 -0.0195 0.267 -1.2231 -0.0283 0.2853 -1.1886 -0.0041 0.2639 -1.1893 0.0098 0.2496 -1.2037 0.0164 0.2414 -1.2278 0.0187 0.2367 -1.2471 -0.0218 0.2762 -1.2497 -0.0118 0.2657 -1.2572 -0.0042 0.2572 -1.268 0.0023 0.2495 -1.2676 -0.011 0.2631
172.0 -1.3213 -0.0202 0.2672 -1.2274 -0.0289 0.2854 -1.1929 -0.0047 0.2641 -1.1927 0.0094 0.2497 -1.207 0.0154 0.2422 -1.2311 0.0176 0.2375 -1.2522 -0.0225 0.2764 -1.2549 -0.0125 0.2659 -1.2615 -0.0048 0.2574 -1.2724 0.0023 0.2491 -1.2725 -0.0115 0.2632
173.0 -1.3247 -0.0207 0.2673 -1.2325 -0.0296 0.2856 -1.1981 -0.0054 0.2643 -1.1989 0.0092 0.2493 -1.2114 0.0154 0.2417 -1.2346 0.0172 0.2376 -1.2565 -0.0231 0.2766 -1.2592 -0.013 0.266 -1.2659 -0.0048 0.2569 -1.2759 0.0018 0.2492 -1.2764 -0.012 0.2632
174.0 -1.3619 -0.019 0.2619 -1.2668 -0.0299 0.2826 -1.2316 -0.005 0.2606 -1.2295 0.0081 0.2474 -1.242 0.0143 0.2398 -1.2663 0.0178 0.2338 -1.2891 -0.0232 0.2734 -1.2917 -0.0132 0.2629 -1.2993 -0.005 0.2539 -1.3092 0.0016 0.2461 -1.3103 -0.0118 0.2597
175.0 -1.3646 -0.0187 0.2614 -1.2695 -0.0297 0.2821 -1.2351 -0.0049 0.2601 -1.2331 0.0088 0.2463 -1.2455 0.0145 0.2393 -1.2724 0.0169 0.2341 -1.2919 -0.0223 0.2723 -1.2953 -0.013 0.2624 -1.302 -0.0048 0.2533 -1.3129 0.0023 0.245 -1.3133 -0.0113 0.2589
176.0 -1.3656 -0.0182 0.2608 -1.2711 -0.0305 0.2827 -1.2368 -0.0051 0.2602 -1.2349 0.0092 0.2457 -1.2474 0.0148 0.2387 -1.2716 0.0177 0.2334 -1.2938 -0.0214 0.2711 -1.2972 -0.0121 0.2613 -1.3048 -0.0039 0.2522 -1.3147 0.0027 0.2445 -1.3152 -0.0106 0.258
177.0 -1.3681 -0.0192 0.2615 -1.273 -0.0296 0.2816 -1.2397 -0.0037 0.2584 -1.2367 0.0095 0.2452 -1.2483 0.0153 0.2381 -1.2727 0.0187 0.2322 -1.2946 -0.0215 0.2712 -1.2981 -0.0116 0.2607 -1.3049 -0.0033 0.2516 -1.3165 0.003 0.2439 -1.3165 -0.0105 0.2578
178.0 -1.3692 -0.0175 0.2597 -1.2757 -0.0293 0.281 -1.2397 -0.0037 0.2584 -1.2385 0.0093 0.2453 -1.2501 0.0157 0.2376 -1.2745 0.0191 0.2317 -1.2982 -0.0214 0.2707 -1.3008 -0.0113 0.2602 -1.3076 -0.0031 0.2511 -1.3175 0.0035 0.2433 -1.3187 -0.01 0.257
179.0 -1.3718 -0.0179 0.2598 -1.2758 -0.0287 0.2804 -1.2416 -0.0027 0.2572 -1.2394 0.0098 0.2447 -1.2511 0.0161 0.237 -1.2752 0.0184 0.2323 -1.2992 -0.0209 0.2701 -1.3018 -0.0109 0.2596 -1.3085 -0.0026 0.2505 -1.3185 0.004 0.2427 -1.32 -0.0096 0.2565
180.0 -1.37 -0.0182 0.2603 -1.2774 -0.0295 0.2811 -1.2415 -0.0033 0.2579 -1.2403 0.0097 0.2447 -1.2521 0.0166 0.2364 -1.2772 0.0193 0.2311 -1.2993 -0.0203 0.2695 -1.3018 -0.0109 0.2596 -1.3094 -0.0027 0.2505 -1.3193 0.0039 0.2428 -1.32 -0.0096 0.2565
181.0 -1.3701 -0.0176 0.2597 -1.2758 -0.0287 0.2804 -1.2424 -0.0034 0.2579 -1.2404 0.0103 0.2441 -1.2511 0.0161 0.237 -1.2762 0.0189 0.2317 -1.2992 -0.0209 0.2701 -1.3018 -0.0109 0.2596 -1.3085 -0.0026 0.2505 -1.3193 0.0039 0.2428 -1.3198 -0.0096 0.2565
182.0 -1.3719 -0.0173 0.2592 -1.2774 -0.0295 0.2811 -1.2423 -0.004 0.2585 -1.241 0.009 0.2454 -1.252 0.016 0.237 -1.2779 0.0186 0.2318 -1.3 -0.021 0.2701 -1.3027 -0.011 0.2596 -1.3094 -0.0027 0.2505 -1.3203 0.0044 0.2422 -1.3209 -0.0095 0.2563
183.0 -1.3719 -0.0173 0.2592 -1.2775 -0.029 0.2805 -1.2422 -0.0046 0.2591 -1.24 0.0079 0.2466 -1.2519 0.0154 0.2377 -1.277 0.0182 0.2324 -1.2999 -0.0216 0.2707 -1.3025 -0.0116 0.2602 -1.3093 -0.0033 0.2511 -1.3193 0.0039 0.2428 -1.3206 -0.01 0.2568
184.0 -1.3683 -0.018 0.2603 -1.2765 -0.0294 0.2811 -1.2421 -0.0052 0.2598 -1.2409 0.0084 0.246 -1.2545 0.0157 0.2371 -1.2794 0.0172 0.2331 -1.2998 -0.0222 0.2714 -1.3024 -0.0122 0.2608 -1.3092 -0.0039 0.2517 -1.3192 0.0033 0.2434 -1.3198 -0.0106 0.2575
185.0 -1.3708 -0.0189 0.261 -1.2763 -0.0306 0.2823 -1.2422 -0.0046 0.2591 -1.24 0.0079 0.2466 -1.2518 0.0148 0.2383 -1.2758 0.0165 0.2342 -1.2997 -0.0228 0.272 -1.3015 -0.0126 0.2614 -1.3082 -0.0044 0.2523 -1.319 0.0021 0.2446 -1.3198 -0.0113 0.2583
186.0 -1.3708 -0.0189 0.261 -1.2754 -0.0311 0.2829 -1.2428 -0.0059 0.2604 -1.2399 0.0073 0.2472 -1.2516 0.0142 0.2389 -1.2759 0.0171 0.2336 -1.2989 -0.0221 0.2713 -1.3023 -0.0128 0.2615 -1.3092 -0.0039 0.2517 -1.3183 0.0028 0.244 -1.3199 -0.011 0.2579
187.0 -1.3706 -0.0195 0.2616 -1.2744 -0.0316 0.2835 -1.2427 -0.0065 0.261 -1.239 0.0074 0.2471 -1.2516 0.0142 0.2389 -1.275 0.0172 0.2336 -1.2987 -0.0233 0.2726 -1.3014 -0.0132 0.2621 -1.3082 -0.0044 0.2523 -1.3182 0.0022 0.2446 -1.3194 -0.0116 0.2586
188.0 -1.3698 -0.0194 0.2616 -1.2754 -0.0311 0.2829 -1.24 -0.0068 0.2616 -1.2379 0.0063 0.2484 -1.2497 0.0133 0.2401 -1.2748 0.016 0.2348 -1.2987 -0.0233 0.2726 -1.3013 -0.0138 0.2627 -1.308 -0.0056 0.2536 -1.3181 0.0016 0.2452 -1.3192 -0.0121 0.2591
189.0 -1.3697 -0.02 0.2622 -1.2761 -0.0318 0.2836 -1.24 -0.0068 0.2616 -1.2378 0.0057 0.249 -1.2496 0.0127 0.2407 -1.2747 0.0154 0.2354 -1.2978 -0.0237 0.2732 -1.3003 -0.0143 0.2633 -1.307 -0.0061 0.2542 -1.3179 0.001 0.2458 -1.3185 -0.0126 0.2597
190.0 -1.3689 -0.0193 0.2616 -1.2743 -0.0322 0.2841 -1.2398 -0.008 0.2628 -1.237 0.0058 0.2489 -1.2496 0.0127 0.2407 -1.2731 0.0162 0.2347 -1.2968 -0.0242 0.2737 -1.2994 -0.0142 0.2632 -1.3053 -0.0058 0.2541 -1.3162 0.0012 0.2458 -1.3173 -0.0125 0.2597
191.0 -1.368 -0.0198 0.2621 -1.2743 -0.0322 0.2841 -1.24 -0.0068 0.2616 -1.2371 0.0064 0.2483 -1.2496 0.0127 0.2407 -1.273 0.0156 0.2354 -1.2969 -0.0236 0.2731 -1.2987 -0.0135 0.2626 -1.3063 -0.0053 0.2535 -1.3162 0.0012 0.2458 -1.3172 -0.0122 0.2594
192.0 -1.3688 -0.0199 0.2622 -1.2753 -0.0317 0.2835 -1.2399 -0.0074 0.2622 -1.237 0.0058 0.2489 -1.2496 0.0127 0.2407 -1.2739 0.0155 0.2354 -1.2978 -0.0237 0.2732 -1.2996 -0.0136 0.2626 -1.3063 -0.0053 0.2535 -1.3171 0.0011 0.2458 -1.3179 -0.0123 0.2594
193.0 -1.3666 -0.0178 0.2602 -1.2727 -0.0314 0.2834 -1.2386 -0.0048 0.2596 -1.2349 0.0092 0.2457 -1.2474 0.0148 0.2387 -1.2717 0.0183 0.2328 -1.2945 -0.0221 0.2718 -1.2972 -0.0121 0.2613 -1.3049 -0.0033 0.2516 -1.3148 0.0033 0.2438 -1.3156 -0.0104 0.2577
194.0 -1.3657 -0.0176 0.2602 -1.2737 -0.0309 0.2828 -1.2378 -0.0047 0.2596 -1.2349 0.0092 0.2457 -1.2464 0.0143 0.2393 -1.2725 0.0175 0.2335 -1.2945 -0.0221 0.2718 -1.2973 -0.0115 0.2606 -1.3049 -0.0033 0.2516 -1.3149 0.0039 0.2432 -1.3155 -0.0101 0.2575
195.0 -1.3673 -0.0185 0.2609 -1.2727 -0.0314 0.2834 -1.2369 -0.0045 0.2596 -1.2348 0.0086 0.2464 -1.2464 0.0143 0.2393 -1.2716 0.0177 0.2334 -1.2944 -0.0227 0.2724 -1.2972 -0.0121 0.2613 -1.3039 -0.0038 0.2522 -1.3148 0.0033 0.2438 -1.3155 -0.0108 0.2581
196.0 -1.3665 -0.0184 0.2608 -1.2718 -0.0312 0.2834 -1.236 -0.005 0.2601 -1.2338 0.0075 0.2476 -1.2455 0.0145 0.2393 -1.2716 0.0177 0.2334 -1.2936 -0.0226 0.2724 -1.2962 -0.0125 0.2619 -1.303 -0.0037 0.2521 -1.3139 0.0028 0.2444 -1.3146 -0.0109 0.2583
197.0 -1.3664 -0.019 0.2615 -1.2717 -0.0318 0.284 -1.2351 -0.0049 0.2601 -1.233 0.0082 0.2469 -1.2446 0.014 0.2399 -1.2706 0.0172 0.234 -1.2935 -0.0232 0.273 -1.2962 -0.0125 0.2619 -1.3029 -0.0043 0.2527 -1.3139 0.0028 0.2444 -1.3146 -0.0112 0.2587
