1.0 -1.3843 0.0134 0.2266 -1.3354 -0.0197 0.2652 -1.2816 -0.0008 0.2513 -1.2741 0.0167 0.2341 -1.2822 0.0278 0.222 -1.3023 0.0373 0.2103 -1.3315 0.0029 0.2426 -1.3286 0.0118 0.2338 -1.331 0.02 0.2251 -1.3375 0.0271 0.2172 -1.3426 0.015 0.2291
2.0 -1.3843 0.0134 0.2266 -1.3354 -0.0197 0.2652 -1.2815 -0.0014 0.2519 -1.2731 0.0162 0.2347 -1.2812 0.0274 0.2226 -1.3023 0.0373 0.2103 -1.3315 0.0029 0.2426 -1.3286 0.0118 0.2338 -1.331 0.02 0.2251 -1.3376 0.0277 0.2166 -1.3426 0.0152 0.2289
3.0 -1.3843 0.0134 0.2266 -1.3346 -0.0196 0.2652 -1.2815 -0.0014 0.2519 -1.2741 0.0167 0.2341 -1.2821 0.0272 0.2226 -1.3015 0.0374 0.2102 -1.3315 0.0029 0.2426 -1.3286 0.0118 0.2338 -1.331 0.02 0.2251 -1.3376 0.0277 0.2166 -1.3426 0.0152 0.2289
4.0 -1.3843 0.0134 0.2266 -1.3354 -0.0197 0.2652 -1.2815 -0.0014 0.2519 -1.2741 0.0167 0.2341 -1.2812 0.0274 0.2226 -1.3015 0.0374 0.2102 -1.3315 0.0029 0.2426 -1.3286 0.0118 0.2338 -1.331 0.02 0.2251 -1.3376 0.0277 0.2166 -1.3426 0.0152 0.2289
5.0 -1.3844 0.014 0.2259 -1.3346 -0.0196 0.2652 -1.2807 -0.0007 0.2513 -1.2732 0.0168 0.2341 -1.2812 0.0274 0.2226 -1.3024 0.0379 0.2096 -1.3315 0.0029 0.2426 -1.3286 0.0118 0.2338 -1.331 0.02 0.2251 -1.3366 0.0272 0.2172 -1.3424 0.0152 0.2289
6.0 -1.3843 0.0134 0.2266 -1.3337 -0.0194 0.2652 -1.2815 -0.0014 0.2519 -1.2731 0.0162 0.2347 -1.2813 0.0279 0.2219 -1.3015 0.0374 0.2102 -1.3315 0.0029 0.2426 -1.3286 0.0118 0.2338 -1.331 0.02 0.2251 -1.3376 0.0277 0.2166 -1.3426 0.0152 0.2289
7.0 -1.3835 0.0135 0.2265 -1.3346 -0.0196 0.2652 -1.2815 -0.0014 0.2519 -1.2731 0.0162 0.2347 -1.2812 0.0274 0.2226 -1.3015 0.0374 0.2102 -1.3306 0.003 0.2426 -1.3286 0.0118 0.2338 -1.331 0.02 0.2251 -1.3375 0.0271 0.2172 -1.3422 0.0151 0.229
8.0 -1.3843 0.0134 0.2266 -1.3345 -0.0202 0.2658 -1.2815 -0.0014 0.2519 -1.2732 0.0168 0.2341 -1.2813 0.0279 0.2219 -1.3015 0.0374 0.2102 -1.3306 0.003 0.2426 -1.3286 0.0118 0.2338 -1.331 0.02 0.2251 -1.3375 0.0271 0.2172 -1.3424 0.0151 0.229
9.0 -1.3836 0.0141 0.2259 -1.3346 -0.0196 0.2652 -1.2815 -0.0014 0.2519 -1.2731 0.0162 0.2347 -1.2812 0.0274 0.2226 -1.3016 0.038 0.2096 -1.3306 0.003 0.2426 -1.3286 0.0118 0.2338 -1.331 0.02 0.2251 -1.3367 0.0278 0.2166 -1.3421 0.0153 0.2288
10.0 -1.3836 0.0141 0.2259 -1.3346 -0.0196 0.2652 -1.2815 -0.0014 0.2519 -1.2731 0.0162 0.2347 -1.2812 0.0274 0.2226 -1.3015 0.0374 0.2102 -1.3315 0.0029 0.2426 -1.3286 0.0118 0.2338 -1.331 0.02 0.2251 -1.3375 0.0271 0.2172 -1.3424 0.0152 0.2289
11.0 -1.3836 0.0141 0.2259 -1.3346 -0.0196 0.2652 -1.2816 -0.0008 0.2513 -1.274 0.0161 0.2348 -1.2821 0.0272 0.2226 -1.3023 0.0373 0.2103 -1.3315 0.0029 0.2426 -1.3286 0.0118 0.2338 -1.331 0.02 0.2251 -1.3376 0.0277 0.2166 -1.3424 0.0153 0.2288
12.0 -1.3835 0.0135 0.2265 -1.3346 -0.0196 0.2652 -1.2806 -0.0013 0.2519 -1.274 0.0161 0.2348 -1.2812 0.0274 0.2226 -1.3015 0.0374 0.2102 -1.3315 0.0029 0.2426 -1.3286 0.0118 0.2338 -1.331 0.02 0.2251 -1.3376 0.0277 0.2166 -1.3424 0.0152 0.2289
13.0 -1.3836 0.0141 0.2259 -1.3346 -0.0196 0.2652 -1.2807 -0.0007 0.2513 -1.2731 0.0162 0.2347 -1.2821 0.0272 0.2226 -1.3015 0.0374 0.2102 -1.3315 0.0029 0.2426 -1.3286 0.0118 0.2338 -1.331 0.02 0.2251 -1.3367 0.0278 0.2166 -1.3423 0.0153 0.2288
14.0 -1.3842 0.0128 0.2272 -1.3354 -0.0197 0.2652 -1.2815 -0.0014 0.2519 -1.274 0.0161 0.2348 -1.2812 0.0274 0.2226 -1.3014 0.0368 0.2108 -1.3315 0.0029 0.2426 -1.3286 0.0118 0.2338 -1.331 0.02 0.2251 -1.3375 0.0271 0.2172 -1.3426 0.0149 0.2292
15.0 -1.3834 0.0129 0.2271 -1.3354 -0.0197 0.2652 -1.2815 -0.0014 0.2519 -1.273 0.0156 0.2354 -1.2812 0.0274 0.2226 -1.3014 0.0368 0.2108 -1.3315 0.0029 0.2426 -1.3286 0.0118 0.2338 -1.3309 0.0194 0.2257 -1.3375 0.0271 0.2172 -1.3424 0.0148 0.2293
16.0 -1.3841 0.0122 0.2278 -1.3345 -0.0202 0.2658 -1.2815 -0.0014 0.2519 -1.2731 0.0162 0.2347 -1.2822 0.0278 0.222 -1.3022 0.0367 0.2109 -1.3315 0.0029 0.2426 -1.3286 0.0118 0.2338 -1.3317 0.0193 0.2258 -1.3383 0.027 0.2173 -1.3429 0.0146 0.2294
17.0 -1.3851 0.0127 0.2272 -1.3337 -0.0194 0.2652 -1.2815 -0.0014 0.2519 -1.274 0.0161 0.2348 -1.2812 0.0274 0.2226 -1.3014 0.0368 0.2108 -1.3315 0.0029 0.2426 -1.3286 0.0118 0.2338 -1.3309 0.0194 0.2257 -1.3375 0.0271 0.2172 -1.3427 0.0148 0.2293
18.0 -1.3843 0.0134 0.2266 -1.3346 -0.0196 0.2652 -1.2816 -0.0008 0.2513 -1.274 0.0161 0.2348 -1.2812 0.0274 0.2226 -1.3015 0.0374 0.2102 -1.3315 0.0029 0.2426 -1.3286 0.0118 0.2338 -1.331 0.02 0.2251 -1.3375 0.0271 0.2172 -1.3426 0.015 0.2291
19.0 -1.3842 0.0128 0.2272 -1.3346 -0.0196 0.2652 -1.2814 -0.002 0.2525 -1.2731 0.0162 0.2347 -1.2822 0.0278 0.222 -1.3014 0.0368 0.2108 -1.3314 0.0023 0.2432 -1.3286 0.0118 0.2338 -1.3309 0.0194 0.2257 -1.3375 0.0271 0.2172 -1.3425 0.0147 0.2294
20.0 -1.3834 0.0129 0.2271 -1.3353 -0.0203 0.2659 -1.2805 -0.0019 0.2525 -1.273 0.0156 0.2354 -1.2811 0.0268 0.2232 -1.3023 0.0373 0.2103 -1.3314 0.0023 0.2432 -1.3285 0.0112 0.2344 -1.3309 0.0194 0.2257 -1.3375 0.0271 0.2172 -1.3423 0.0146 0.2295
21.0 -1.3834 0.0129 0.2271 -1.3345 -0.0202 0.2658 -1.2815 -0.0014 0.2519 -1.273 0.0156 0.2354 -1.2811 0.0268 0.2232 -1.3022 0.0367 0.2109 -1.3314 0.0023 0.2432 -1.3285 0.0112 0.2344 -1.3309 0.0194 0.2257 -1.3375 0.0271 0.2172 -1.3423 0.0146 0.2295
22.0 -1.3842 0.0128 0.2272 -1.3353 -0.0203 0.2659 -1.2814 -0.002 0.2525 -1.273 0.0156 0.2354 -1.2811 0.0268 0.2232 -1.3013 0.0363 0.2115 -1.3314 0.0023 0.2432 -1.3286 0.0118 0.2338 -1.3309 0.0194 0.2257 -1.3375 0.0271 0.2172 -1.3425 0.0147 0.2294
23.0 -1.3834 0.0129 0.2271 -1.3353 -0.0203 0.2659 -1.2815 -0.0014 0.2519 -1.2739 0.0155 0.2354 -1.2811 0.0268 0.2232 -1.3023 0.0373 0.2103 -1.3314 0.0023 0.2432 -1.3285 0.0112 0.2344 -1.3309 0.0194 0.2257 -1.3374 0.0265 0.2179 -1.3423 0.0145 0.2297
24.0 -1.3833 0.0124 0.2278 -1.3353 -0.0203 0.2659 -1.2814 -0.002 0.2525 -1.273 0.0156 0.2354 -1.2811 0.0268 0.2232 -1.3021 0.0361 0.2115 -1.3314 0.0023 0.2432 -1.3285 0.0112 0.2344 -1.3309 0.0194 0.2257 -1.3383 0.027 0.2173 -1.3425 0.0144 0.2297
25.0 -1.3842 0.0128 0.2272 -1.3336 -0.02 0.2658 -1.2814 -0.002 0.2525 -1.2739 0.0155 0.2354 -1.2821 0.0272 0.2226 -1.3021 0.0361 0.2115 -1.3314 0.0023 0.2432 -1.3285 0.0112 0.2344 -1.3309 0.0194 0.2257 -1.3374 0.0265 0.2179 -1.3425 0.0144 0.2297
26.0 -1.3842 0.0128 0.2272 -1.3353 -0.0203 0.2659 -1.2814 -0.002 0.2525 -1.2739 0.0155 0.2354 -1.282 0.0266 0.2232 -1.3022 0.0367 0.2109 -1.3314 0.0023 0.2432 -1.3285 0.0112 0.2344 -1.3309 0.0194 0.2257 -1.3375 0.0271 0.2172 -1.3425 0.0146 0.2295
27.0 -1.3841 0.0122 0.2278 -1.3345 -0.0202 0.2658 -1.2814 -0.002 0.2525 -1.2739 0.0155 0.2354 -1.2811 0.0268 0.2232 -1.302 0.0355 0.2121 -1.3314 0.0023 0.2432 -1.3285 0.0112 0.2344 -1.3309 0.0194 0.2257 -1.3374 0.0265 0.2179 -1.3424 0.0143 0.2298
28.0 -1.3842 0.0128 0.2272 -1.3345 -0.0202 0.2658 -1.2814 -0.002 0.2525 -1.273 0.0156 0.2354 -1.2811 0.0268 0.2232 -1.3022 0.0367 0.2109 -1.3314 0.0023 0.2432 -1.3285 0.0112 0.2344 -1.3309 0.0194 0.2257 -1.3374 0.0265 0.2179 -1.3425 0.0144 0.2297
29.0 -1.3842 0.0128 0.2272 -1.3345 -0.0202 0.2658 -1.2814 -0.002 0.2525 -1.273 0.0156 0.2354 -1.282 0.0266 0.2232 -1.3021 0.0361 0.2115 -1.3314 0.0023 0.2432 -1.3285 0.0112 0.2344 -1.3309 0.0194 0.2257 -1.3375 0.0271 0.2172 -1.3425 0.0146 0.2295
30.0 -1.3842 0.0128 0.2272 -1.3344 -0.0207 0.2665 -1.2814 -0.002 0.2525 -1.2739 0.0155 0.2354 -1.2821 0.0272 0.2226 -1.3014 0.0368 0.2108 -1.3314 0.0023 0.2432 -1.3285 0.0112 0.2344 -1.3309 0.0194 0.2257 -1.3383 0.027 0.2173 -1.3427 0.0145 0.2296
31.0 -1.3841 0.0122 0.2278 -1.3353 -0.0203 0.2659 -1.2815 -0.0014 0.2519 -1.2739 0.0155 0.2354 -1.282 0.0266 0.2232 -1.3021 0.0361 0.2115 -1.3314 0.0023 0.2432 -1.3285 0.0112 0.2344 -1.3309 0.0194 0.2257 -1.3374 0.0265 0.2179 -1.3424 0.0143 0.2298
32.0 -1.3841 0.0122 0.2278 -1.3352 -0.0209 0.2665 -1.2822 -0.0021 0.2526 -1.2739 0.0155 0.2354 -1.2821 0.0272 0.2226 -1.3014 0.0368 0.2108 -1.3314 0.0023 0.2432 -1.3285 0.0112 0.2344 -1.3317 0.0193 0.2258 -1.3383 0.027 0.2173 -1.3428 0.0144 0.2297
33.0 -1.3842 0.0128 0.2272 -1.3353 -0.0203 0.2659 -1.2814 -0.002 0.2525 -1.2739 0.0155 0.2354 -1.282 0.0266 0.2232 -1.3022 0.0367 0.2109 -1.3314 0.0023 0.2432 -1.3285 0.0112 0.2344 -1.3309 0.0194 0.2257 -1.3375 0.0271 0.2172 -1.3425 0.0146 0.2295
34.0 -1.3842 0.0128 0.2272 -1.3353 -0.0203 0.2659 -1.2814 -0.002 0.2525 -1.2739 0.0155 0.2354 -1.2829 0.0271 0.2226 -1.3022 0.0367 0.2109 -1.3314 0.0023 0.2432 -1.3294 0.0111 0.2344 -1.3317 0.0193 0.2258 -1.3383 0.027 0.2173 -1.343 0.0145 0.2296
35.0 -1.3842 0.0128 0.2272 -1.3353 -0.0203 0.2659 -1.2814 -0.002 0.2525 -1.2739 0.0155 0.2354 -1.2821 0.0272 0.2226 -1.3022 0.0367 0.2109 -1.3314 0.0023 0.2432 -1.3295 0.0117 0.2338 -1.3317 0.0193 0.2258 -1.3383 0.027 0.2173 -1.343 0.0146 0.2294
36.0 -1.3843 0.0134 0.2266 -1.3353 -0.0203 0.2659 -1.2815 -0.0014 0.2519 -1.274 0.0161 0.2348 -1.2821 0.0272 0.2226 -1.3023 0.0373 0.2103 -1.3314 0.0023 0.2432 -1.3285 0.0112 0.2344 -1.3317 0.0193 0.2258 -1.3375 0.0271 0.2172 -1.3427 0.0147 0.2294
37.0 -1.3852 0.0133 0.2266 -1.3353 -0.0203 0.2659 -1.2815 -0.0014 0.2519 -1.274 0.0161 0.2348 -1.2821 0.0272 0.2226 -1.3023 0.0373 0.2103 -1.3314 0.0023 0.2432 -1.3295 0.0117 0.2338 -1.3317 0.0193 0.2258 -1.3383 0.027 0.2173 -1.3432 0.0147 0.2293
38.0 -1.3842 0.0128 0.2272 -1.3353 -0.0203 0.2659 -1.2815 -0.0014 0.2519 -1.274 0.0161 0.2348 -1.2822 0.0278 0.222 -1.3022 0.0367 0.2109 -1.3314 0.0023 0.2432 -1.3286 0.0118 0.2338 -1.3317 0.0193 0.2258 -1.3375 0.0271 0.2172 -1.3427 0.0147 0.2294
39.0 -1.3852 0.0133 0.2266 -1.3354 -0.0197 0.2652 -1.2815 -0.0014 0.2519 -1.2731 0.0162 0.2347 -1.2813 0.0279 0.2219 -1.3014 0.0368 0.2108 -1.3314 0.0023 0.2432 -1.3286 0.0118 0.2338 -1.3318 0.0199 0.2251 -1.3383 0.027 0.2173 -1.3431 0.0148 0.2292
40.0 -1.3842 0.0128 0.2272 -1.3353 -0.0203 0.2659 -1.2814 -0.002 0.2525 -1.2731 0.0162 0.2347 -1.2822 0.0278 0.222 -1.3023 0.0373 0.2103 -1.3322 0.0021 0.2433 -1.3295 0.0117 0.2338 -1.3317 0.0193 0.2258 -1.3384 0.0276 0.2167 -1.3432 0.0147 0.2293
41.0 -1.3843 0.0134 0.2266 -1.3346 -0.0196 0.2652 -1.2806 -0.0013 0.2519 -1.2741 0.0167 0.2341 -1.2822 0.0278 0.222 -1.3016 0.038 0.2096 -1.3314 0.0023 0.2432 -1.3286 0.0118 0.2338 -1.3318 0.0199 0.2251 -1.3384 0.0276 0.2167 -1.3429 0.015 0.2291
42.0 -1.3843 0.0134 0.2266 -1.3346 -0.0196 0.2652 -1.2806 -0.0013 0.2519 -1.2732 0.0168 0.2341 -1.2814 0.0285 0.2213 -1.3015 0.0374 0.2102 -1.3305 0.0024 0.2432 -1.3286 0.0118 0.2338 -1.3318 0.0199 0.2251 -1.3384 0.0276 0.2167 -1.3427 0.015 0.2291
43.0 -1.3852 0.0133 0.2266 -1.3345 -0.0202 0.2658 -1.2816 -0.0008 0.2513 -1.2731 0.0162 0.2347 -1.2813 0.0279 0.2219 -1.3016 0.038 0.2096 -1.3315 0.0029 0.2426 -1.3286 0.0118 0.2338 -1.331 0.02 0.2251 -1.3384 0.0276 0.2167 -1.3429 0.0151 0.2289
44.0 -1.3853 0.0139 0.226 -1.3346 -0.0196 0.2652 -1.2816 -0.0008 0.2513 -1.2724 0.0169 0.2341 -1.2814 0.0285 0.2213 -1.3016 0.038 0.2096 -1.3315 0.0029 0.2426 -1.3286 0.0118 0.2338 -1.331 0.02 0.2251 -1.3384 0.0276 0.2167 -1.343 0.0152 0.2288
45.0 -1.3843 0.0134 0.2266 -1.3346 -0.0196 0.2652 -1.2816 -0.0008 0.2513 -1.2723 0.0163 0.2347 -1.2814 0.0285 0.2213 -1.3016 0.038 0.2096 -1.3306 0.003 0.2426 -1.3279 0.0125 0.2331 -1.331 0.02 0.2251 -1.3376 0.0277 0.2166 -1.3423 0.0153 0.2288
46.0 -1.3844 0.014 0.2259 -1.3337 -0.0194 0.2652 -1.2807 -0.0007 0.2513 -1.2723 0.0163 0.2347 -1.2806 0.0287 0.2213 -1.3017 0.0386 0.209 -1.3306 0.003 0.2426 -1.3278 0.0119 0.2337 -1.3301 0.0201 0.2251 -1.3376 0.0277 0.2166 -1.3421 0.0153 0.2288
47.0 -1.3835 0.0135 0.2265 -1.3346 -0.0196 0.2652 -1.2807 -0.0007 0.2513 -1.2741 0.0167 0.2341 -1.2813 0.0279 0.2219 -1.3024 0.0379 0.2096 -1.3305 0.0024 0.2432 -1.3278 0.0119 0.2337 -1.331 0.02 0.2251 -1.3376 0.0277 0.2166 -1.3421 0.0151 0.229
48.0 -1.3843 0.0134 0.2266 -1.3336 -0.02 0.2658 -1.2807 -0.0007 0.2513 -1.2741 0.0167 0.2341 -1.2813 0.0279 0.2219 -1.3016 0.038 0.2096 -1.3305 0.0024 0.2432 -1.3278 0.0119 0.2337 -1.331 0.02 0.2251 -1.3376 0.0277 0.2166 -1.3422 0.0151 0.229
49.0 -1.3835 0.0135 0.2265 -1.3346 -0.0196 0.2652 -1.2816 -0.0008 0.2513 -1.2732 0.0168 0.2341 -1.2813 0.0279 0.2219 -1.3024 0.0379 0.2096 -1.3305 0.0024 0.2432 -1.3286 0.0118 0.2338 -1.331 0.02 0.2251 -1.3376 0.0277 0.2166 -1.3422 0.0151 0.229
50.0 -1.3834 0.0129 0.2271 -1.3345 -0.0202 0.2658 -1.2807 -0.0007 0.2513 -1.2731 0.0162 0.2347 -1.2821 0.0272 0.2226 -1.3023 0.0373 0.2103 -1.3305 0.0024 0.2432 -1.3286 0.0118 0.2338 -1.3318 0.0199 0.2251 -1.3384 0.0276 0.2167 -1.3426 0.0149 0.2292
51.0 -1.3834 0.0129 0.2271 -1.3346 -0.0196 0.2652 -1.2806 -0.0013 0.2519 -1.2731 0.0162 0.2347 -1.2812 0.0274 0.2226 -1.3022 0.0367 0.2109 -1.3315 0.0029 0.2426 -1.3286 0.0118 0.2338 -1.331 0.02 0.2251 -1.3376 0.0277 0.2166 -1.3424 0.0151 0.229
52.0 -1.3834 0.0129 0.2271 -1.3336 -0.02 0.2658 -1.2807 -0.0007 0.2513 -1.2732 0.0168 0.2341 -1.2812 0.0274 0.2226 -1.3023 0.0373 0.2103 -1.3306 0.003 0.2426 -1.3286 0.0118 0.2338 -1.3309 0.0194 0.2257 -1.3375 0.0271 0.2172 -1.3422 0.0148 0.2293
53.0 -1.3835 0.0135 0.2265 -1.3336 -0.02 0.2658 -1.2816 -0.0008 0.2513 -1.274 0.0161 0.2348 -1.2813 0.0279 0.2219 -1.3016 0.038 0.2096 -1.3305 0.0024 0.2432 -1.3286 0.0118 0.2338 -1.3309 0.0194 0.2257 -1.3366 0.0272 0.2172 -1.342 0.0149 0.2293
54.0 -1.3826 0.0137 0.2265 -1.3336 -0.02 0.2658 -1.2807 -0.0007 0.2513 -1.2731 0.0162 0.2347 -1.2823 0.0284 0.2213 -1.3024 0.0379 0.2096 -1.3315 0.0029 0.2426 -1.3286 0.0118 0.2338 -1.331 0.02 0.2251 -1.3375 0.0271 0.2172 -1.3422 0.0151 0.229
55.0 -1.3825 0.0131 0.2271 -1.3336 -0.02 0.2658 -1.2807 -0.0007 0.2513 -1.2731 0.0162 0.2347 -1.2812 0.0274 0.2226 -1.3015 0.0374 0.2102 -1.3306 0.003 0.2426 -1.3286 0.0118 0.2338 -1.331 0.02 0.2251 -1.3375 0.0271 0.2172 -1.342 0.015 0.2292
56.0 -1.3824 0.0125 0.2277 -1.3335 -0.0206 0.2664 -1.2796 -0.0018 0.2525 -1.273 0.0156 0.2354 -1.2811 0.0268 0.2232 -1.3006 0.0376 0.2102 -1.3305 0.0024 0.2432 -1.3277 0.0113 0.2343 -1.33 0.0195 0.2257 -1.3366 0.0272 0.2172 -1.3414 0.0146 0.2296
57.0 -1.3833 0.0124 0.2278 -1.3326 -0.0205 0.2664 -1.2796 -0.0018 0.2525 -1.273 0.0156 0.2354 -1.2803 0.0269 0.2231 -1.3013 0.0363 0.2115 -1.3304 0.0018 0.2438 -1.3277 0.0113 0.2343 -1.3299 0.0189 0.2263 -1.3364 0.026 0.2184 -1.3415 0.0141 0.2301
58.0 -1.3824 0.0125 0.2277 -1.3326 -0.0205 0.2664 -1.2795 -0.0024 0.2531 -1.272 0.0152 0.2359 -1.2801 0.0263 0.2238 -1.3003 0.0358 0.2121 -1.3295 0.0019 0.2438 -1.3267 0.0108 0.2349 -1.329 0.0191 0.2263 -1.3355 0.0261 0.2184 -1.3406 0.0141 0.2302
59.0 -1.3825 0.0131 0.2271 -1.3325 -0.0211 0.267 -1.2796 -0.0018 0.2525 -1.2719 0.0146 0.2366 -1.2811 0.0268 0.2232 -1.3005 0.037 0.2108 -1.3295 0.0019 0.2438 -1.3267 0.0108 0.2349 -1.329 0.0191 0.2263 -1.3356 0.0267 0.2178 -1.3407 0.0143 0.23
60.0 -1.3816 0.0126 0.2277 -1.3325 -0.0211 0.267 -1.2788 -0.0016 0.2524 -1.2712 0.0153 0.2359 -1.2794 0.027 0.2231 -1.3005 0.037 0.2108 -1.3295 0.0019 0.2438 -1.3267 0.0108 0.2349 -1.329 0.0191 0.2263 -1.3355 0.0261 0.2184 -1.3405 0.0141 0.2302
61.0 -1.3809 0.0139 0.2264 -1.3329 -0.0193 0.2651 -1.2791 0.0002 0.2506 -1.2714 0.0165 0.2347 -1.2804 0.0275 0.2225 -1.2998 0.0383 0.2095 -1.3288 0.0026 0.2431 -1.3261 0.0121 0.2337 -1.3284 0.0204 0.225 -1.335 0.028 0.2165 -1.3398 0.0154 0.2289
62.0 -1.3809 0.0139 0.2264 -1.331 -0.0197 0.2657 -1.2791 0.0002 0.2506 -1.2715 0.0171 0.234 -1.2797 0.0288 0.2212 -1.3 0.0389 0.2089 -1.3289 0.0032 0.2425 -1.3262 0.0127 0.233 -1.3284 0.0204 0.225 -1.335 0.028 0.2165 -1.3399 0.0156 0.2287
63.0 -1.3809 0.0139 0.2264 -1.3311 -0.0191 0.2651 -1.2782 0.0003 0.2505 -1.2707 0.0178 0.2334 -1.2797 0.0288 0.2212 -1.2998 0.0383 0.2095 -1.3281 0.0039 0.2419 -1.3262 0.0127 0.233 -1.3293 0.0209 0.2244 -1.336 0.0285 0.2159 -1.3401 0.016 0.2283
64.0 -1.3799 0.0134 0.227 -1.3304 -0.0184 0.2644 -1.2775 0.001 0.2499 -1.2699 0.0179 0.2334 -1.279 0.0295 0.2206 -1.2998 0.0383 0.2095 -1.3281 0.0039 0.2419 -1.3254 0.0134 0.2324 -1.3285 0.021 0.2244 -1.3351 0.0286 0.2159 -1.3394 0.0161 0.2283
65.0 -1.3791 0.0135 0.227 -1.3304 -0.0184 0.2644 -1.2776 0.0016 0.2493 -1.2691 0.0186 0.2327 -1.2783 0.0308 0.2193 -1.2982 0.0391 0.2088 -1.3264 0.0041 0.2418 -1.3245 0.0136 0.2324 -1.3276 0.0211 0.2244 -1.3342 0.0287 0.2159 -1.3384 0.0162 0.2283
66.0 -1.3792 0.0141 0.2264 -1.3279 -0.0174 0.2637 -1.2758 0.0012 0.2498 -1.2673 0.0182 0.2333 -1.2764 0.0298 0.2205 -1.2973 0.0386 0.2094 -1.3256 0.0043 0.2418 -1.3237 0.0137 0.2323 -1.3259 0.0213 0.2243 -1.3334 0.0289 0.2158 -1.3375 0.0164 0.2281
67.0 -1.3766 0.0145 0.2263 -1.3261 -0.0178 0.2643 -1.2739 0.0008 0.2504 -1.2657 0.0191 0.2326 -1.2755 0.03 0.2205 -1.2965 0.0393 0.2088 -1.3237 0.0039 0.2423 -1.3219 0.0133 0.2329 -1.3242 0.0216 0.2242 -1.3317 0.0291 0.2158 -1.3356 0.0165 0.2283
68.0 -1.3755 0.0134 0.2275 -1.3243 -0.0182 0.2648 -1.2713 0.0006 0.2509 -1.2638 0.0181 0.2337 -1.2738 0.0302 0.2204 -1.2948 0.0396 0.2087 -1.321 0.0037 0.2428 -1.3192 0.0131 0.2334 -1.3224 0.0212 0.2248 -1.3297 0.0281 0.2169 -1.3336 0.0159 0.2291
69.0 -1.3712 0.014 0.2273 -1.3216 -0.0184 0.2653 -1.2678 0.0011 0.2508 -1.2602 0.018 0.2342 -1.2694 0.0302 0.2208 -1.2914 0.04 0.2086 -1.3184 0.0034 0.2434 -1.3156 0.0129 0.2339 -1.3188 0.0211 0.2253 -1.3254 0.0287 0.2168 -1.3299 0.016 0.2293
70.0 -1.3693 0.013 0.2285 -1.3178 -0.0197 0.2671 -1.2643 0.0009 0.2512 -1.2567 0.0178 0.2347 -1.2669 0.0311 0.2201 -1.2879 0.0405 0.2085 -1.3148 0.0033 0.2438 -1.313 0.0127 0.2344 -1.3153 0.0209 0.2257 -1.3227 0.0279 0.2179 -1.327 0.0156 0.2301
71.0 -1.3665 0.0122 0.2296 -1.3151 -0.02 0.2676 -1.2607 0.0008 0.2517 -1.2531 0.0177 0.2352 -1.2625 0.0311 0.2206 -1.2844 0.0404 0.2089 -1.3113 0.0031 0.2443 -1.3094 0.0126 0.2349 -1.3126 0.0207 0.2263 -1.32 0.0276 0.2184 -1.324 0.0152 0.2307
72.0 -1.3647 0.0118 0.2302 -1.3099 -0.0199 0.268 -1.2572 0.0007 0.2522 -1.2487 0.0177 0.2357 -1.259 0.031 0.2211 -1.2808 0.0402 0.2094 -1.3077 0.003 0.2448 -1.3059 0.0124 0.2354 -1.3089 0.0199 0.2274 -1.3164 0.0275 0.2189 -1.3207 0.0149 0.2313
73.0 -1.3593 0.0113 0.2312 -1.3055 -0.0199 0.2685 -1.2519 0.0008 0.2526 -1.2454 0.0187 0.2349 -1.2546 0.0309 0.2215 -1.2773 0.0401 0.2099 -1.3033 0.003 0.2453 -1.3014 0.0118 0.2364 -1.3045 0.0199 0.2278 -1.3119 0.0269 0.22 -1.3161 0.0146 0.2321
74.0 -1.3549 0.0113 0.2317 -1.3028 -0.0202 0.269 -1.2476 0.0013 0.2525 -1.2418 0.018 0.236 -1.2508 0.0296 0.2232 -1.2727 0.0389 0.2116 -1.2998 0.0029 0.2458 -1.2971 0.0124 0.2363 -1.3001 0.0199 0.2283 -1.3085 0.0273 0.2199 -1.3121 0.0148 0.2324
75.0 -1.3498 0.012 0.2315 -1.2969 -0.0187 0.2681 -1.2442 0.0018 0.2523 -1.2367 0.0193 0.2352 -1.2459 0.0315 0.2218 -1.2676 0.0402 0.2108 -1.2946 0.0036 0.2456 -1.2927 0.0124 0.2367 -1.2959 0.0205 0.2281 -1.3032 0.0274 0.2203 -1.3072 0.0152 0.2324
76.0 -1.3454 0.012 0.2319 -1.2933 -0.0189 0.2686 -1.2389 0.0019 0.2528 -1.2306 0.0195 0.2356 -1.2415 0.0315 0.2223 -1.2633 0.0408 0.2106 -1.2902 0.0035 0.246 -1.2884 0.0129 0.2366 -1.2914 0.0205 0.2286 -1.2998 0.0279 0.2202 -1.303 0.0154 0.2326
77.0 -1.3401 0.0121 0.2323 -1.2865 -0.0179 0.2683 -1.233 0.0033 0.2519 -1.2254 0.0202 0.2354 -1.2362 0.0316 0.2227 -1.2581 0.0409 0.211 -1.285 0.0036 0.2464 -1.2822 0.0132 0.237 -1.2863 0.0212 0.2284 -1.2945 0.028 0.2206 -1.2976 0.0156 0.2329
78.0 -1.3341 0.0129 0.2321 -1.2812 -0.0178 0.2688 -1.2278 0.0034 0.2523 -1.2194 0.021 0.2351 -1.2303 0.033 0.2218 -1.2538 0.0414 0.2109 -1.279 0.0044 0.2462 -1.2771 0.0139 0.2368 -1.2802 0.0214 0.2288 -1.2884 0.0282 0.221 -1.2917 0.0162 0.233
79.0 -1.328 0.0131 0.2325 -1.2753 -0.0164 0.2679 -1.2226 0.0041 0.2521 -1.2143 0.0217 0.2349 -1.2258 0.0324 0.2229 -1.2494 0.0414 0.2113 -1.2728 0.0047 0.2466 -1.271 0.0141 0.2371 -1.275 0.0221 0.2286 -1.2824 0.029 0.2207 -1.2858 0.0166 0.2331
80.0 -1.3234 0.0119 0.2342 -1.2664 -0.0171 0.2694 -1.2157 0.005 0.2519 -1.2091 0.0224 0.2347 -1.2199 0.0338 0.2221 -1.2433 0.0416 0.2117 -1.2677 0.0054 0.2464 -1.2666 0.0141 0.2376 -1.2706 0.0221 0.229 -1.278 0.029 0.2212 -1.2812 0.0165 0.2337
81.0 -1.2934 0.0117 0.2374 -1.2362 -0.0185 0.2739 -1.185 0.0055 0.2544 -1.1786 0.0241 0.2361 -1.191 0.0346 0.2241 -1.2142 0.0413 0.215 -1.2369 0.0052 0.2496 -1.2359 0.0145 0.2402 -1.2408 0.0224 0.2316 -1.2499 0.0291 0.2238 -1.2514 0.0166 0.2365
82.0 -1.2882 0.0118 0.2378 -1.2294 -0.0176 0.2736 -1.178 0.0059 0.2548 -1.1715 0.0238 0.237 -1.1849 0.0349 0.2244 -1.2089 0.0414 0.2154 -1.2307 0.0049 0.2506 -1.2297 0.0148 0.2405 -1.2345 0.022 0.2326 -1.2436 0.0288 0.2248 -1.2453 0.0164 0.2373
83.0 -1.2802 0.0116 0.2388 -1.2214 -0.0177 0.2746 -1.1711 0.0062 0.2551 -1.1645 0.0242 0.2374 -1.1786 0.0339 0.2261 -1.2018 0.0411 0.2164 -1.2236 0.0046 0.2515 -1.2227 0.0145 0.2415 -1.2275 0.0218 0.2336 -1.2367 0.0291 0.2252 -1.2381 0.0163 0.2381
84.0 -1.2738 0.01 0.241 -1.2157 -0.02 0.2775 -1.1622 0.0056 0.2567 -1.1582 0.0232 0.239 -1.1699 0.0344 0.2264 -1.194 0.0416 0.2167 -1.2155 0.0038 0.2531 -1.2155 0.0136 0.2431 -1.2203 0.0209 0.2352 -1.2295 0.0282 0.2268 -1.2309 0.0153 0.2398
85.0 -1.2667 0.0098 0.242 -1.207 -0.0194 0.2778 -1.1552 0.0059 0.257 -1.1512 0.0235 0.2394 -1.1655 0.0344 0.2268 -1.1878 0.0412 0.2177 -1.2093 0.0035 0.2541 -1.2092 0.0132 0.2441 -1.2142 0.0211 0.2356 -1.2232 0.0278 0.2278 -1.2245 0.0151 0.2407
86.0 -1.2594 0.0083 0.2442 -1.1991 -0.0196 0.2787 -1.1483 0.0068 0.2567 -1.145 0.0231 0.2404 -1.1576 0.0349 0.2271 -1.1815 0.0408 0.2187 -1.2022 0.0032 0.2551 -1.2022 0.013 0.2451 -1.2071 0.0209 0.2365 -1.2162 0.0276 0.2288 -1.2174 0.0146 0.2419
87.0 -1.254 0.0078 0.2452 -1.1929 -0.02 0.2797 -1.1412 0.0065 0.2577 -1.1388 0.0228 0.2414 -1.1514 0.0345 0.2281 -1.1744 0.0405 0.2197 -1.196 0.0028 0.2561 -1.1959 0.0126 0.2461 -1.2017 0.0204 0.2376 -1.2109 0.0277 0.2292 -1.2117 0.0143 0.2428
88.0 -1.2478 0.0074 0.2462 -1.1848 -0.0207 0.2813 -1.134 0.0057 0.2593 -1.1319 0.0237 0.2411 -1.1434 0.0343 0.2291 -1.1682 0.0402 0.2207 -1.189 0.0032 0.2565 -1.1898 0.0128 0.2465 -1.1956 0.0206 0.238 -1.2048 0.0279 0.2296 -1.2054 0.0144 0.2433
89.0 -1.2418 0.0082 0.246 -1.1778 -0.0204 0.2816 -1.1279 0.0059 0.2597 -1.124 0.0235 0.2421 -1.1382 0.0344 0.2295 -1.1624 0.0422 0.2192 -1.1829 0.0034 0.2568 -1.1827 0.0125 0.2475 -1.1876 0.0204 0.2389 -1.1977 0.0276 0.2306 -1.1986 0.0144 0.244
90.0 -1.2357 0.0085 0.2464 -1.1717 -0.0202 0.282 -1.1218 0.0061 0.2601 -1.1187 0.0236 0.2425 -1.1322 0.0353 0.2293 -1.1563 0.0424 0.2196 -1.1768 0.0036 0.2572 -1.1767 0.0134 0.2472 -1.1816 0.0212 0.2387 -1.1916 0.0278 0.2309 -1.1925 0.0149 0.2441
91.0 -1.2294 0.0075 0.248 -1.1638 -0.0203 0.283 -1.1156 0.0057 0.2611 -1.1127 0.0244 0.2423 -1.1261 0.0355 0.2297 -1.1501 0.042 0.2206 -1.1697 0.0033 0.2582 -1.1705 0.013 0.2482 -1.1755 0.0215 0.2391 -1.1855 0.0281 0.2313 -1.1861 0.0147 0.245
92.0 -1.2242 0.0082 0.2478 -1.1594 -0.0203 0.2834 -1.1105 0.007 0.2603 -1.1056 0.0242 0.2432 -1.1192 0.0364 0.2294 -1.1448 0.0421 0.221 -1.1653 0.0033 0.2587 -1.1652 0.0131 0.2487 -1.1701 0.021 0.2401 -1.1792 0.0277 0.2323 -1.1808 0.0146 0.2455
93.0 -1.2171 0.0079 0.2488 -1.1533 -0.0201 0.2838 -1.1043 0.0066 0.2613 -1.0994 0.0238 0.2442 -1.1138 0.0359 0.2304 -1.1387 0.0423 0.2214 -1.1583 0.0036 0.259 -1.159 0.0127 0.2497 -1.1648 0.0205 0.2411 -1.1748 0.0277 0.2328 -1.1748 0.0145 0.2463
94.0 -1.211 0.0081 0.2492 -1.1454 -0.0197 0.2841 -1.0973 0.007 0.2616 -1.0933 0.024 0.2446 -1.1069 0.0368 0.2302 -1.1318 0.0432 0.2211 -1.1528 0.0025 0.2607 -1.1529 0.0129 0.2501 -1.1587 0.0207 0.2415 -1.1678 0.028 0.2331 -1.1686 0.0145 0.2469
95.0 -1.2066 0.0081 0.2496 -1.1375 -0.0198 0.2851 -1.0903 0.0073 0.262 -1.0881 0.0247 0.2444 -1.1007 0.0364 0.2312 -1.1264 0.0427 0.2222 -1.1467 0.0028 0.2611 -1.1468 0.0131 0.2504 -1.1525 0.0209 0.2419 -1.1617 0.0282 0.2335 -1.1629 0.0146 0.2473
96.0 -1.2012 0.0076 0.2507 -1.133 -0.0204 0.2861 -1.0841 0.0069 0.263 -1.0819 0.0243 0.2454 -1.0956 0.0371 0.231 -1.1203 0.043 0.2226 -1.1406 0.003 0.2614 -1.1414 0.0126 0.2515 -1.1464 0.0211 0.2423 -1.1564 0.0277 0.2346 -1.1572 0.0144 0.2481
97.0 -1.1953 0.009 0.2498 -1.125 -0.0206 0.2871 -1.0773 0.0085 0.2621 -1.0769 0.0262 0.244 -1.0893 0.0368 0.232 -1.1135 0.0439 0.2223 -1.1344 0.0026 0.2625 -1.1343 0.0124 0.2525 -1.1402 0.0207 0.2433 -1.1501 0.0273 0.2356 -1.1509 0.0144 0.2487
98.0 -1.188 0.0076 0.252 -1.1178 -0.0214 0.2887 -1.0704 0.0088 0.2625 -1.0701 0.0271 0.2437 -1.0833 0.0376 0.2317 -1.1091 0.0439 0.2228 -1.1282 0.0028 0.2628 -1.1282 0.0126 0.2528 -1.134 0.0204 0.2443 -1.144 0.0275 0.236 -1.1445 0.0142 0.2496
99.0 -1.1845 0.0074 0.2525 -1.1108 -0.0217 0.2896 -1.0641 0.0084 0.2635 -1.0631 0.0275 0.2441 -1.0774 0.039 0.2309 -1.103 0.0447 0.2225 -1.122 0.0024 0.2638 -1.1229 0.0127 0.2533 -1.1288 0.021 0.2441 -1.1388 0.0276 0.2364 -1.1394 0.0142 0.25
100.0 -1.178 0.0059 0.2548 -1.1065 -0.0211 0.2895 -1.0581 0.0092 0.2632 -1.056 0.0272 0.2451 -1.0712 0.0386 0.2319 -1.0968 0.0443 0.2235 -1.1142 0.0029 0.2642 -1.116 0.013 0.2536 -1.1226 0.0207 0.2451 -1.1335 0.0277 0.2368 -1.1329 0.014 0.2509
101.0 -1.17 0.0051 0.2563 -1.0966 -0.0222 0.2916 -1.0504 0.0103 0.2629 -1.0491 0.0281 0.2448 -1.066 0.0393 0.2317 -1.0924 0.0443 0.224 -1.108 0.0025 0.2652 -1.1098 0.0132 0.254 -1.1166 0.0215 0.2449 -1.1281 0.0272 0.2379 -1.1265 0.0139 0.2517
102.0 -1.1639 0.0053 0.2567 -1.0897 -0.0213 0.2913 -1.044 0.0093 0.2646 -1.043 0.0284 0.2452 -1.0581 0.0391 0.2326 -1.0846 0.0447 0.2243 -1.101 0.0028 0.2655 -1.1029 0.0136 0.2544 -1.1104 0.0217 0.2453 -1.1214 0.0288 0.237 -1.1199 0.0144 0.2518
103.0 -1.1593 0.0041 0.2584 -1.0835 -0.0217 0.2923 -1.0372 0.0102 0.2643 -1.0369 0.0286 0.2456 -1.052 0.0394 0.233 -1.0776 0.0451 0.2247 -1.0948 0.0024 0.2665 -1.0966 0.0132 0.2554 -1.1043 0.0219 0.2457 -1.1161 0.0289 0.2374 -1.1142 0.0141 0.2527
104.0 -1.1407 0.0036 0.2608 -1.0622 -0.0225 0.2953 -1.019 0.012 0.2642 -1.0196 0.0303 0.2455 -1.0347 0.0411 0.233 -1.0619 0.046 0.2253 -1.0754 0.0026 0.2683 -1.0782 0.0132 0.2572 -1.0859 0.022 0.2475 -1.0976 0.0289 0.2392 -1.0956 0.0141 0.2546
105.0 -1.1353 0.0031 0.2619 -1.056 -0.0229 0.2963 -1.012 0.0124 0.2646 -1.0127 0.0312 0.2452 -1.0277 0.0414 0.2333 -1.0532 0.0465 0.2256 -1.0693 0.0028 0.2687 -1.0722 0.014 0.2569 -1.0806 0.0221 0.2479 -1.0932 0.0289 0.2396 -1.0901 0.0142 0.255
106.0 -1.1292 0.0033 0.2623 -1.049 -0.0225 0.2966 -1.0069 0.0131 0.2644 -1.0076 0.0319 0.245 -1.0225 0.0421 0.2331 -1.0489 0.0471 0.2254 -1.0632 0.003 0.2691 -1.0659 0.0137 0.2579 -1.0736 0.0224 0.2482 -1.0854 0.0294 0.2399 -1.0835 0.0143 0.2555
107.0 -1.1231 0.0035 0.2626 -1.0429 -0.0223 0.297 -1.0017 0.0138 0.2642 -1.0025 0.0332 0.2442 -1.0166 0.0435 0.2323 -1.0438 0.0478 0.2252 -1.0562 0.0034 0.2694 -1.0598 0.0139 0.2583 -1.0675 0.0226 0.2486 -1.0793 0.0296 0.2403 -1.0772 0.0146 0.2559
108.0 -1.1168 0.0025 0.2643 -1.0367 -0.0227 0.298 -0.999 0.0135 0.2647 -0.9954 0.0329 0.2452 -1.0106 0.0443 0.2321 -1.0385 0.0479 0.2256 -1.0518 0.0033 0.2699 -1.0547 0.0146 0.2581 -1.0623 0.0233 0.2484 -1.0749 0.0296 0.2408 -1.0721 0.0147 0.2563
109.0 -1.1116 0.0032 0.2641 -1.0298 -0.0218 0.2977 -0.9929 0.0137 0.2651 -0.9911 0.0335 0.245 -1.0078 0.0435 0.2332 -1.0324 0.0481 0.226 -1.0466 0.004 0.2697 -1.0504 0.0151 0.2579 -1.0579 0.0233 0.2489 -1.0689 0.0304 0.2406 -1.0671 0.0152 0.2562
110.0 -1.1063 0.0033 0.2645 -1.0238 -0.021 0.2975 -0.9876 0.0132 0.2661 -0.9866 0.0329 0.2461 -1.0027 0.0442 0.233 -1.0297 0.0479 0.2265 -1.0422 0.004 0.2701 -1.0451 0.0152 0.2584 -1.0535 0.0233 0.2493 -1.0653 0.0302 0.241 -1.0625 0.0152 0.2567
111.0 -1.1012 0.004 0.2643 -1.0178 -0.0202 0.2973 -0.9799 0.0149 0.2652 -0.9807 0.0343 0.2453 -0.9982 0.0436 0.2341 -1.0245 0.0486 0.2263 -1.0353 0.0044 0.2705 -1.039 0.0155 0.2588 -1.0475 0.0241 0.2491 -1.0601 0.0303 0.2415 -1.0566 0.0156 0.2568
112.0 -1.0958 0.0035 0.2653 -1.0117 -0.0199 0.2977 -0.9806 0.0136 0.2665 -0.9772 0.0342 0.2457 -0.9946 0.0434 0.2346 -1.0202 0.0491 0.2262 -1.0318 0.0048 0.2703 -1.0346 0.0154 0.2592 -1.0431 0.0241 0.2495 -1.0549 0.031 0.2413 -1.052 0.0158 0.2571
113.0 -1.0915 0.0041 0.2652 -1.0081 -0.0201 0.2982 -0.9722 0.0159 0.2649 -0.9728 0.0342 0.2462 -0.9877 0.0444 0.2343 -1.0151 0.0498 0.226 -1.0273 0.0042 0.2714 -1.031 0.0153 0.2597 -1.0387 0.024 0.25 -1.0514 0.0309 0.2417 -1.048 0.0157 0.2576
114.0 -1.0871 0.0041 0.2656 -1.0021 -0.0193 0.2979 -0.9696 0.0163 0.2648 -0.971 0.0344 0.2461 -0.987 0.0451 0.2336 -1.0134 0.0501 0.2259 -1.023 0.0048 0.2713 -1.0267 0.0159 0.2595 -1.0353 0.0245 0.2499 -1.0479 0.0314 0.2416 -1.044 0.0161 0.2576
115.0 -1.0836 0.0039 0.2661 -0.9961 -0.0185 0.2977 -0.963 0.0184 0.2633 -0.9692 0.034 0.2467 -0.9842 0.0442 0.2348 -1.0107 0.0498 0.2264 -1.0179 0.0055 0.2711 -1.0224 0.0165 0.2594 -1.031 0.0251 0.2497 -1.0435 0.0313 0.2421 -1.0397 0.0165 0.2577
116.0 -1.0801 0.0044 0.266 -0.9935 -0.0181 0.2976 -0.9586 0.0184 0.2638 -0.9618 0.0369 0.2445 -0.9777 0.0475 0.232 -1.0067 0.0522 0.2244 -1.0153 0.0058 0.271 -1.0199 0.0168 0.2593 -1.0284 0.0254 0.2496 -1.0401 0.0318 0.2419 -1.0368 0.0169 0.2575
117.0 -1.0758 0.005 0.2658 -0.9875 -0.0173 0.2974 -0.9563 0.0205 0.2618 -0.961 0.0376 0.2439 -0.9777 0.0475 0.232 -1.004 0.0519 0.2249 -1.0111 0.007 0.2702 -1.0147 0.0175 0.2591 -1.0241 0.026 0.2494 -1.0367 0.0329 0.2412 -1.0325 0.0177 0.2571
118.0 -1.0714 0.005 0.2663 -0.9851 -0.0157 0.296 -0.9513 0.0224 0.2604 -0.9578 0.0392 0.2425 -0.9754 0.0491 0.2307 -1.0017 0.0535 0.2236 -1.0044 0.0091 0.2687 -1.0089 0.0195 0.2576 -1.0183 0.028 0.248 -1.0316 0.0336 0.241 -1.0269 0.019 0.2563
119.0 -1.0447 0.0129 0.2609 -0.9561 -0.0057 0.2886 -0.9294 0.0376 0.247 -0.9322 0.0586 0.2253 -0.9494 0.0666 0.2153 -0.9789 0.0694 0.2096 -0.9779 0.0231 0.257 -0.9833 0.034 0.2454 -0.9943 0.0416 0.2364 -1.0083 0.0465 0.2301 -1.0017 0.0316 0.2459
120.0 -1.0429 0.0125 0.2614 -0.9553 -0.005 0.288 -0.9273 0.0409 0.2438 -0.9288 0.0596 0.2245 -0.9479 0.0681 0.214 -0.979 0.07 0.209 -0.9763 0.0245 0.2557 -0.9817 0.0348 0.2447 -0.9926 0.0419 0.2363 -1.0075 0.0466 0.2301 -1.0002 0.0321 0.2456
121.0 -1.0387 0.0137 0.2606 -0.9537 -0.0042 0.2873 -0.9238 0.0408 0.2443 -0.9282 0.061 0.2232 -0.9453 0.0684 0.2139 -0.9769 0.0727 0.2064 -0.9738 0.0249 0.2556 -0.9791 0.0352 0.2446 -0.9901 0.0428 0.2356 -1.0059 0.0474 0.2294 -0.9975 0.0328 0.2452
122.0 -1.0383 0.0119 0.2625 -0.952 -0.0039 0.2872 -0.9239 0.0463 0.2387 -0.9268 0.063 0.2213 -0.9437 0.0692 0.2132 -0.9761 0.0734 0.2057 -0.9734 0.028 0.2525 -0.9795 0.0375 0.2421 -0.9911 0.0433 0.235 -1.0059 0.0474 0.2294 -0.9976 0.0336 0.2443
123.0 -1.0368 0.0133 0.2612 -0.9494 -0.0036 0.2871 -0.9208 0.0436 0.2417 -0.9224 0.063 0.2218 -0.9413 0.0708 0.2119 -0.9771 0.0739 0.2051 -0.97 0.0284 0.2523 -0.9769 0.0379 0.242 -0.9886 0.0443 0.2343 -1.0043 0.0482 0.2287 -0.9953 0.0344 0.2437
124.0 -1.0377 0.0132 0.2612 -0.9476 -0.004 0.2877 -0.919 0.0439 0.2416 -0.9189 0.0634 0.2216 -0.9397 0.0716 0.2112 -0.978 0.0744 0.2046 -0.9691 0.0286 0.2523 -0.9753 0.0387 0.2413 -0.987 0.0451 0.2336 -1.0035 0.049 0.228 -0.9945 0.0349 0.2433
125.0 -1.036 0.0134 0.2611 -0.9489 -0.0017 0.2852 -0.9166 0.0448 0.2409 -0.9172 0.0637 0.2216 -0.9383 0.0736 0.2093 -0.9764 0.0752 0.2039 -0.9681 0.0275 0.2535 -0.9743 0.0382 0.2419 -0.9861 0.0452 0.2336 -1.0025 0.0485 0.2286 -0.9934 0.0346 0.2438
126.0 -1.0353 0.0147 0.2599 -0.9479 -0.0022 0.2858 -0.9167 0.0454 0.2403 -0.9167 0.0656 0.2197 -0.9351 0.0753 0.2079 -0.975 0.0772 0.2019 -0.9674 0.0288 0.2522 -0.9737 0.0395 0.2406 -0.9845 0.046 0.2329 -1.0002 0.05 0.2273 -0.9922 0.0358 0.2426
127.0 -1.0353 0.0147 0.2599 -0.9468 -0.0033 0.287 -0.9144 0.0475 0.2383 -0.915 0.0658 0.2196 -0.9343 0.076 0.2072 -0.9743 0.0779 0.2013 -0.9675 0.0294 0.2516 -0.9737 0.0395 0.2406 -0.9846 0.0466 0.2323 -1.0003 0.0506 0.2267 -0.9923 0.0362 0.2422
128.0 -1.0345 0.0148 0.2598 -0.946 -0.0031 0.287 -0.9135 0.0477 0.2383 -0.9132 0.066 0.2195 -0.9325 0.0756 0.2078 -0.9735 0.0787 0.2006 -0.9675 0.0294 0.2516 -0.9738 0.0401 0.24 -0.9846 0.0466 0.2323 -1.0003 0.0506 0.2267 -0.9921 0.0363 0.2421
129.0 -1.0337 0.0156 0.2592 -0.9474 -0.0003 0.2839 -0.9138 0.0489 0.237 -0.9126 0.0673 0.2183 -0.9318 0.0764 0.2071 -0.9726 0.0782 0.2012 -0.966 0.0308 0.2503 -0.9722 0.041 0.2393 -0.9839 0.0473 0.2316 -1.0004 0.0512 0.226 -0.9912 0.0372 0.2413
130.0 -1.0329 0.0157 0.2591 -0.9454 -0.0012 0.2851 -0.9122 0.0503 0.2357 -0.9136 0.0678 0.2177 -0.9319 0.077 0.2065 -0.9718 0.0789 0.2006 -0.9662 0.032 0.2491 -0.9732 0.0414 0.2387 -0.9847 0.0472 0.2317 -1.0003 0.0506 0.2267 -0.9914 0.0374 0.2411
131.0 -1.033 0.0163 0.2585 -0.9464 -0.0007 0.2845 -0.9123 0.0509 0.2351 -0.9118 0.0681 0.2176 -0.9308 0.0759 0.2077 -0.9708 0.0784 0.2012 -0.966 0.0308 0.2503 -0.9722 0.041 0.2393 -0.984 0.0479 0.231 -1.0005 0.0518 0.2254 -0.9911 0.0376 0.2409
132.0 -1.0323 0.0176 0.2572 -0.9448 7.918e-05 0.2838 -0.9116 0.0516 0.2345 -0.9108 0.067 0.2188 -0.9307 0.0753 0.2083 -0.9698 0.0773 0.2024 -0.9655 0.0327 0.2484 -0.9715 0.0423 0.238 -0.9832 0.0486 0.2304 -0.9996 0.0519 0.2254 -0.9904 0.0386 0.2399
133.0 -1.0332 0.0175 0.2573 -0.9421 -0.0002 0.2844 -0.9122 0.0503 0.2357 -0.9123 0.0655 0.2201 -0.9312 0.0734 0.2102 -0.9696 0.0761 0.2036 -0.9654 0.0321 0.249 -0.9715 0.0423 0.238 -0.9832 0.0486 0.2304 -0.9997 0.0525 0.2248 -0.9906 0.0386 0.2399
134.0 -1.0311 0.0159 0.2591 -0.9464 0.0041 0.2795 -0.9122 0.0503 0.2357 -0.9148 0.0597 0.2258 -0.9401 0.0636 0.2193 -0.9731 0.0665 0.2131 -0.9644 0.0316 0.2496 -0.9721 0.0404 0.2399 -0.9854 0.0459 0.2329 -1.0035 0.049 0.228 -0.9913 0.0366 0.2419
135.0 -1.0303 0.016 0.259 -0.9443 0.0075 0.2763 -0.9208 0.0436 0.2417 -0.9144 0.0573 0.2283 -0.9371 0.0616 0.2217 -0.9712 0.0655 0.2143 -0.9669 0.0307 0.2503 -0.9729 0.0403 0.24 -0.9855 0.0465 0.2323 -1.0012 0.0511 0.2261 -0.9914 0.0369 0.2415
136.0 -1.032 0.0158 0.2591 -0.9453 0.008 0.2757 -0.9183 0.0446 0.241 -0.9161 0.0571 0.2284 -0.94 0.0581 0.2249 -0.9733 0.0622 0.2175 -0.9686 0.0305 0.2504 -0.9747 0.04 0.24 -0.9855 0.0465 0.2323 -1.0012 0.0511 0.2261 -0.9924 0.0368 0.2416
137.0 -1.0293 0.0155 0.2596 -0.9463 0.0084 0.2751 -0.9098 0.0512 0.235 -0.9176 0.0557 0.2297 -0.9406 0.0562 0.2268 -0.9776 0.0616 0.2177 -0.9651 0.0309 0.2503 -0.9721 0.0404 0.2399 -0.9846 0.0466 0.2323 -1.0013 0.0517 0.2254 -0.9905 0.037 0.2415
138.0 -1.0304 0.0166 0.2584 -0.9491 0.0099 0.2734 -0.9115 0.051 0.2351 -0.9177 0.0563 0.2291 -0.9458 0.0561 0.2264 -0.9752 0.0632 0.2163 -0.9659 0.0302 0.2509 -0.9738 0.0401 0.24 -0.9856 0.0471 0.2317 -1.0015 0.0529 0.2242 -0.9914 0.0374 0.2411
139.0 -1.0309 0.0147 0.2603 -0.9492 0.0105 0.2728 -0.9119 0.0534 0.2326 -0.929 0.0505 0.2339 -0.9517 0.0547 0.2273 -0.9775 0.061 0.2183 -0.9645 0.0322 0.249 -0.9739 0.0407 0.2394 -0.9873 0.0469 0.2318 -1.0038 0.0507 0.2262 -0.9921 0.0371 0.2413
140.0 -1.0287 0.0169 0.2584 -0.9529 0.0112 0.2717 -0.9106 0.056 0.2301 -0.9525 0.0442 0.2379 -0.9695 0.0505 0.2298 -0.985 0.0588 0.2198 -0.9587 0.0342 0.2475 -0.9689 0.042 0.2386 -0.9824 0.0488 0.2303 -0.9999 0.0537 0.2235 -0.9877 0.0391 0.2397
141.0 -1.0262 0.0178 0.2576 -0.9531 0.0124 0.2704 -0.91 0.0573 0.2288 -0.9555 0.0414 0.2405 -0.9716 0.0478 0.2324 -0.9873 0.0566 0.2218 -0.9554 0.0353 0.2468 -0.9664 0.043 0.2378 -0.9798 0.0491 0.2302 -0.9974 0.0541 0.2234 -0.985 0.0398 0.2392
142.0 -1.0245 0.018 0.2576 -0.9516 0.0138 0.2691 -0.9106 0.056 0.2301 -0.9563 0.0407 0.2412 -0.9725 0.0476 0.2324 -0.9862 0.0556 0.223 -0.9553 0.0347 0.2474 -0.9663 0.0424 0.2385 -0.9798 0.0491 0.2302 -0.9956 0.0543 0.2234 -0.9843 0.0397 0.2394
143.0 -1.0254 0.0185 0.257 -0.9534 0.0142 0.2686 -0.9115 0.0559 0.2301 -0.9561 0.0395 0.2424 -0.974 0.0462 0.2338 -0.987 0.0555 0.223 -0.9578 0.0344 0.2475 -0.9681 0.0427 0.2379 -0.9816 0.0495 0.2297 -0.9975 0.0547 0.2228 -0.9861 0.0399 0.239
144.0 -1.0248 0.0198 0.2557 -0.9551 0.014 0.2686 -0.9097 0.0561 0.23 -0.9587 0.0391 0.2425 -0.9756 0.0454 0.2344 -0.9877 0.0541 0.2243 -0.9554 0.0353 0.2468 -0.9656 0.0437 0.2372 -0.9791 0.0504 0.229 -0.9951 0.0562 0.2215 -0.984 0.0411 0.238
145.0 -1.0246 0.0186 0.2569 -0.9561 0.0144 0.268 -0.9113 0.0547 0.2313 -0.9605 0.0395 0.242 -0.9774 0.0458 0.2339 -0.9887 0.0546 0.2237 -0.957 0.0345 0.2475 -0.9672 0.0429 0.2379 -0.9807 0.0496 0.2296 -0.9966 0.0548 0.2228 -0.9852 0.0401 0.2389
146.0 -1.0247 0.0192 0.2563 -0.9558 0.0126 0.2699 -0.909 0.0568 0.2294 -0.9586 0.0385 0.2432 -0.9745 0.0443 0.2357 -0.9858 0.0532 0.2255 -0.9554 0.0353 0.2468 -0.9656 0.0437 0.2372 -0.9783 0.0505 0.2289 -0.9941 0.0557 0.222 -0.9836 0.0409 0.2383
147.0 -1.0255 0.0191 0.2564 -0.9578 0.0142 0.2681 -0.9097 0.0561 0.23 -0.9586 0.0385 0.2432 -0.9772 0.0446 0.2351 -0.9894 0.0539 0.2244 -0.9561 0.0346 0.2474 -0.9655 0.0431 0.2378 -0.979 0.0498 0.2296 -0.995 0.0556 0.2221 -0.9842 0.0404 0.2386
148.0 -1.0254 0.0185 0.257 -0.9587 0.0141 0.2681 -0.9096 0.0555 0.2306 -0.9614 0.0394 0.242 -0.9782 0.045 0.2345 -0.9877 0.0541 0.2243 -0.9571 0.0351 0.2468 -0.9665 0.0436 0.2372 -0.9791 0.0504 0.229 -0.9951 0.0562 0.2215 -0.9846 0.0408 0.2383
149.0 -1.0247 0.0192 0.2563 -0.9561 0.0144 0.268 -0.9096 0.0555 0.2306 -0.9605 0.0395 0.242 -0.9789 0.0443 0.2352 -0.9884 0.0534 0.2249 -0.9561 0.0346 0.2474 -0.9664 0.043 0.2378 -0.9783 0.0505 0.2289 -0.9942 0.0563 0.2214 -0.9839 0.0407 0.2384
150.0 -1.0246 0.0186 0.2569 -0.9596 0.0146 0.2675 -0.9097 0.0561 0.23 -0.9612 0.0388 0.2426 -0.9771 0.044 0.2358 -0.9866 0.0531 0.2255 -0.9553 0.0347 0.2474 -0.9655 0.0431 0.2378 -0.979 0.0498 0.2296 -0.9957 0.0549 0.2227 -0.984 0.0402 0.2389
151.0 -1.0255 0.0191 0.2564 -0.9595 0.014 0.2682 -0.9087 0.055 0.2312 -0.9632 0.0397 0.2415 -0.979 0.0449 0.2346 -0.9902 0.0532 0.225 -0.9562 0.0352 0.2468 -0.9656 0.0437 0.2372 -0.9783 0.0505 0.2289 -0.995 0.0556 0.2221 -0.9841 0.0408 0.2383
152.0 -1.0245 0.018 0.2576 -0.9596 0.0146 0.2675 -0.9088 0.0556 0.2306 -0.9632 0.0397 0.2415 -0.9798 0.0442 0.2352 -0.9893 0.0533 0.225 -0.9554 0.0353 0.2468 -0.9648 0.0438 0.2371 -0.9775 0.0512 0.2283 -0.9942 0.0563 0.2214 -0.9833 0.0409 0.2382
153.0 -1.0254 0.0185 0.257 -0.9623 0.0148 0.267 -0.9088 0.0556 0.2306 -0.9623 0.0399 0.2414 -0.9788 0.0437 0.2358 -0.9876 0.0535 0.2249 -0.9571 0.0351 0.2468 -0.9656 0.0437 0.2372 -0.9783 0.0505 0.2289 -0.9942 0.0563 0.2214 -0.9841 0.0408 0.2383
154.0 -1.0255 0.0191 0.2564 -0.9596 0.0146 0.2675 -0.9087 0.055 0.2312 -0.9641 0.0402 0.2409 -0.9799 0.0448 0.2346 -0.9894 0.0539 0.2244 -0.9553 0.0347 0.2474 -0.9648 0.0438 0.2371 -0.9774 0.0506 0.2289 -0.9942 0.0563 0.2214 -0.9834 0.0409 0.2382
155.0 -1.0263 0.0184 0.257 -0.9614 0.0143 0.2676 -0.9087 0.055 0.2312 -0.9623 0.0399 0.2414 -0.9807 0.0441 0.2353 -0.9893 0.0533 0.225 -0.957 0.0345 0.2475 -0.9665 0.0436 0.2372 -0.9791 0.0504 0.229 -0.996 0.0561 0.2215 -0.985 0.0406 0.2384
156.0 -1.0264 0.019 0.2564 -0.9623 0.0148 0.267 -0.9087 0.055 0.2312 -0.9623 0.0399 0.2414 -0.9798 0.0442 0.2352 -0.9883 0.0528 0.2256 -0.9561 0.0346 0.2474 -0.9656 0.0437 0.2372 -0.9783 0.0505 0.2289 -0.9942 0.0563 0.2214 -0.9841 0.0408 0.2383
157.0 -1.0264 0.019 0.2564 -0.9623 0.0148 0.267 -0.9087 0.055 0.2312 -0.9631 0.0391 0.2421 -0.9806 0.0435 0.2359 -0.9892 0.0527 0.2256 -0.9579 0.035 0.2469 -0.9665 0.0436 0.2372 -0.9783 0.0505 0.2289 -0.9941 0.0557 0.222 -0.9846 0.0408 0.2383
158.0 -1.0246 0.0186 0.2569 -0.9623 0.0148 0.267 -0.9087 0.055 0.2312 -0.9659 0.04 0.2409 -0.9809 0.0453 0.234 -0.9909 0.0525 0.2257 -0.9562 0.0352 0.2468 -0.9656 0.0437 0.2372 -0.9783 0.0505 0.2289 -0.995 0.0556 0.2221 -0.9839 0.0407 0.2384
159.0 -1.0265 0.0196 0.2558 -0.9623 0.0148 0.267 -0.9087 0.055 0.2312 -0.9658 0.0394 0.2416 -0.9807 0.0441 0.2353 -0.9901 0.0526 0.2256 -0.9563 0.0358 0.2462 -0.9657 0.0443 0.2366 -0.9784 0.0511 0.2283 -0.9951 0.0562 0.2215 -0.9844 0.0414 0.2377
160.0 -1.0246 0.0186 0.2569 -0.9614 0.0143 0.2676 -0.9095 0.0549 0.2313 -0.9658 0.0394 0.2416 -0.9799 0.0448 0.2346 -0.9892 0.0527 0.2256 -0.9562 0.0352 0.2468 -0.9656 0.0437 0.2372 -0.9783 0.0505 0.2289 -0.995 0.0556 0.2221 -0.9839 0.0407 0.2384
161.0 -1.0245 0.018 0.2576 -0.9615 0.0149 0.267 -0.9086 0.0544 0.2318 -0.9659 0.04 0.2409 -0.9799 0.0448 0.2346 -0.9891 0.0521 0.2262 -0.9562 0.0352 0.2468 -0.9665 0.0436 0.2372 -0.9791 0.0504 0.229 -0.9958 0.0555 0.2221 -0.9844 0.0405 0.2385
162.0 -1.0256 0.0197 0.2557 -0.9623 0.0148 0.267 -0.9087 0.055 0.2312 -0.9676 0.0398 0.241 -0.9817 0.0452 0.2341 -0.991 0.0531 0.225 -0.9563 0.0358 0.2462 -0.9666 0.0442 0.2366 -0.9791 0.0504 0.229 -0.995 0.0556 0.2221 -0.9845 0.0411 0.2379
163.0 -1.0255 0.0191 0.2564 -0.9614 0.0143 0.2676 -0.9087 0.055 0.2312 -0.9666 0.0393 0.2416 -0.9799 0.0448 0.2346 -0.9891 0.0521 0.2262 -0.9562 0.0352 0.2468 -0.9657 0.0443 0.2366 -0.9784 0.0511 0.2283 -0.9951 0.0562 0.2215 -0.9842 0.0412 0.2379
164.0 -1.0254 0.0185 0.257 -0.9623 0.0148 0.267 -0.9077 0.0546 0.2318 -0.9648 0.0389 0.2421 -0.9781 0.0444 0.2352 -0.9883 0.0528 0.2256 -0.9561 0.0346 0.2474 -0.9655 0.0431 0.2378 -0.9782 0.0499 0.2295 -0.995 0.0556 0.2221 -0.984 0.0403 0.2388
165.0 -1.0255 0.0191 0.2564 -0.9622 0.0142 0.2676 -0.9088 0.0556 0.2306 -0.9649 0.0395 0.2415 -0.9799 0.0448 0.2346 -0.9884 0.0534 0.2249 -0.9562 0.0352 0.2468 -0.9656 0.0437 0.2372 -0.9783 0.0505 0.2289 -0.995 0.0556 0.2221 -0.9841 0.0408 0.2383
166.0 -1.0255 0.0191 0.2564 -0.9614 0.0143 0.2676 -0.9087 0.055 0.2312 -0.9649 0.0395 0.2415 -0.9799 0.0448 0.2346 -0.9892 0.0527 0.2256 -0.9562 0.0352 0.2468 -0.9657 0.0443 0.2366 -0.9784 0.0511 0.2283 -0.9951 0.0562 0.2215 -0.9842 0.0412 0.2379
167.0 -1.0255 0.0191 0.2564 -0.9596 0.0146 0.2675 -0.9087 0.055 0.2312 -0.9658 0.0394 0.2416 -0.9799 0.0448 0.2346 -0.9877 0.0541 0.2243 -0.9554 0.0353 0.2468 -0.9648 0.0438 0.2371 -0.9775 0.0512 0.2283 -0.9943 0.0569 0.2208 -0.9835 0.0413 0.2379
168.0 -1.0257 0.0203 0.2551 -0.9615 0.0149 0.267 -0.9088 0.0556 0.2306 -0.9658 0.0394 0.2416 -0.9816 0.0446 0.2347 -0.9908 0.0519 0.2263 -0.9562 0.0352 0.2468 -0.9666 0.0442 0.2366 -0.9784 0.0511 0.2283 -0.9942 0.0563 0.2214 -0.9842 0.0414 0.2376
169.0 -1.0256 0.0197 0.2557 -0.9605 0.0144 0.2676 -0.9078 0.0552 0.2312 -0.9665 0.0387 0.2422 -0.9808 0.0447 0.2346 -0.9901 0.0526 0.2256 -0.9554 0.0353 0.2468 -0.9657 0.0443 0.2366 -0.9784 0.0511 0.2283 -0.9951 0.0562 0.2215 -0.984 0.0413 0.2378
170.0 -1.0247 0.0192 0.2563 -0.9596 0.0146 0.2675 -0.9087 0.055 0.2312 -0.9658 0.0394 0.2416 -0.98 0.0454 0.234 -0.9884 0.0534 0.2249 -0.9554 0.0353 0.2468 -0.9656 0.0437 0.2372 -0.9783 0.0505 0.2289 -0.995 0.0556 0.2221 -0.9838 0.0409 0.2383
171.0 -1.0255 0.0191 0.2564 -0.957 0.0143 0.2681 -0.9089 0.0562 0.23 -0.9623 0.0399 0.2414 -0.9773 0.0452 0.2345 -0.9867 0.0537 0.2249 -0.9562 0.0352 0.2468 -0.9656 0.0437 0.2372 -0.9783 0.0505 0.2289 -0.9951 0.0562 0.2215 -0.9841 0.0409 0.2381
172.0 -1.0264 0.019 0.2564 -0.9551 0.014 0.2686 -0.9087 0.055 0.2312 -0.9588 0.0397 0.2419 -0.973 0.0457 0.2343 -0.9826 0.0554 0.2235 -0.9579 0.035 0.2469 -0.9682 0.0433 0.2373 -0.98 0.0503 0.229 -0.9958 0.0555 0.2221 -0.9857 0.0406 0.2383
173.0 -1.0255 0.0191 0.2564 -0.9549 0.0128 0.2699 -0.9104 0.0548 0.2313 -0.9546 0.0409 0.2411 -0.9704 0.0461 0.2342 -0.9818 0.0556 0.2234 -0.957 0.0345 0.2475 -0.9664 0.043 0.2378 -0.9799 0.0497 0.2296 -0.9957 0.0549 0.2227 -0.9849 0.0402 0.2388
174.0 -1.0307 0.0184 0.2566 -0.9531 0.0124 0.2704 -0.9104 0.0548 0.2313 -0.9472 0.0437 0.239 -0.9607 0.0505 0.2307 -0.9763 0.0594 0.2201 -0.963 0.0337 0.2477 -0.9723 0.0416 0.2387 -0.9848 0.0478 0.2311 -0.9989 0.0526 0.2247 -0.9899 0.0388 0.2397
175.0 -1.0316 0.0183 0.2566 -0.9505 0.0127 0.2703 -0.9093 0.0537 0.2325 -0.9315 0.0495 0.2346 -0.9516 0.0541 0.2279 -0.9705 0.0614 0.2186 -0.9638 0.0335 0.2477 -0.9724 0.0422 0.2381 -0.9841 0.0485 0.2304 -0.999 0.0532 0.2241 -0.9902 0.0392 0.2394
176.0 -1.0311 0.0159 0.2591 -0.9494 0.0111 0.2721 -0.9106 0.0511 0.235 -0.9174 0.0545 0.2309 -0.939 0.0577 0.2255 -0.964 0.0647 0.2159 -0.9647 0.0334 0.2478 -0.9732 0.0414 0.2387 -0.9847 0.0472 0.2317 -0.9995 0.0513 0.226 -0.9906 0.0379 0.2406
177.0 -1.0321 0.0164 0.2585 -0.945 0.0062 0.2776 -0.9139 0.0495 0.2364 -0.9149 0.0603 0.2252 -0.9345 0.0668 0.2166 -0.9621 0.0735 0.2071 -0.969 0.0328 0.2479 -0.9751 0.0424 0.2375 -0.985 0.049 0.2298 -0.9992 0.0544 0.2229 -0.9921 0.039 0.2393
178.0 -1.035 0.0178 0.2567 -0.9471 0.0034 0.2802 -0.9138 0.0489 0.237 -0.915 0.0609 0.2246 -0.9337 0.0675 0.216 -0.9629 0.0734 0.2071 -0.9698 0.0321 0.2486 -0.9758 0.0417 0.2382 -0.9859 0.0489 0.2298 -1.0 0.0543 0.2229 -0.9933 0.039 0.2393
179.0 -1.035 0.0178 0.2567 -0.946 0.0018 0.282 -0.9147 0.0493 0.2365 -0.9134 0.0617 0.2239 -0.9297 0.0693 0.2146 -0.9604 0.0743 0.2064 -0.9699 0.0327 0.248 -0.9751 0.0424 0.2375 -0.985 0.049 0.2298 -0.9991 0.0538 0.2235 -0.9928 0.0392 0.2391
180.0 -1.036 0.0183 0.2561 -0.9467 0.001 0.2827 -0.9131 0.0502 0.2358 -0.9135 0.0623 0.2233 -0.9306 0.0698 0.214 -0.9613 0.0742 0.2064 -0.9698 0.0321 0.2486 -0.9759 0.0423 0.2376 -0.9859 0.0489 0.2298 -0.9999 0.0537 0.2235 -0.9935 0.0391 0.2391
181.0 -1.0375 0.0169 0.2574 -0.9465 -0.0002 0.2839 -0.9131 0.0502 0.2358 -0.9137 0.0635 0.2221 -0.9317 0.0709 0.2128 -0.9623 0.0747 0.2058 -0.9698 0.0321 0.2486 -0.9757 0.0411 0.2388 -0.9857 0.0477 0.2311 -1.0006 0.0524 0.2248 -0.9938 0.038 0.2401
182.0 -1.0383 0.0168 0.2575 -0.9473 -0.0009 0.2846 -0.9153 0.0474 0.2383 -0.9146 0.064 0.2215 -0.9318 0.0715 0.2121 -0.9623 0.0747 0.2058 -0.9705 0.0314 0.2492 -0.9757 0.0411 0.2388 -0.9865 0.0476 0.2311 -1.0006 0.0524 0.2248 -0.9943 0.0379 0.2403
183.0 -1.0381 0.0156 0.2587 -0.9473 -0.0009 0.2846 -0.9144 0.0475 0.2383 -0.9156 0.0645 0.2209 -0.9318 0.0715 0.2121 -0.9631 0.0746 0.2059 -0.9705 0.0314 0.2492 -0.9757 0.0411 0.2388 -0.9865 0.0476 0.2311 -1.0013 0.0517 0.2254 -0.9944 0.0375 0.2407
184.0 -1.0399 0.0159 0.2582 -0.9515 -0.002 0.2853 -0.9161 0.0473 0.2384 -0.9163 0.0632 0.2222 -0.9352 0.071 0.2123 -0.9648 0.0743 0.2059 -0.9707 0.0326 0.248 -0.9768 0.0422 0.2376 -0.9876 0.0487 0.2299 -1.0023 0.0522 0.2249 -0.9955 0.0383 0.2397
185.0 -1.0425 0.0156 0.2583 -0.9539 -0.003 0.2861 -0.9178 0.0471 0.2384 -0.9182 0.0641 0.221 -0.9362 0.0715 0.2117 -0.9667 0.0747 0.2054 -0.9723 0.0318 0.2487 -0.9784 0.0414 0.2383 -0.9892 0.0478 0.2306 -1.004 0.0519 0.2249 -0.9973 0.0377 0.2402
186.0 -1.0413 0.0139 0.2601 -0.9555 -0.0038 0.2867 -0.9202 0.0455 0.2398 -0.9208 0.0638 0.2211 -0.9388 0.0711 0.2118 -0.9685 0.0751 0.2048 -0.9723 0.0318 0.2487 -0.9793 0.0412 0.2383 -0.991 0.0482 0.23 -1.0066 0.0516 0.225 -0.9981 0.0373 0.2404
187.0 -1.0433 0.0149 0.2589 -0.9574 -0.0035 0.2862 -0.9228 0.0452 0.2399 -0.9225 0.0636 0.2211 -0.9396 0.071 0.2118 -0.9693 0.0749 0.2048 -0.9758 0.0313 0.2488 -0.982 0.0415 0.2378 -0.9929 0.0486 0.2295 -1.0078 0.0533 0.2232 -1.0003 0.0379 0.2396
188.0 -1.045 0.0147 0.259 -0.959 -0.0043 0.2869 -0.9263 0.0453 0.2394 -0.9258 0.0625 0.2219 -0.9415 0.0714 0.2113 -0.9711 0.0747 0.2049 -0.9792 0.0309 0.2489 -0.9854 0.041 0.2379 -0.9962 0.0475 0.2302 -1.0111 0.0522 0.224 -1.0034 0.0372 0.24
189.0 -1.0484 0.0142 0.2591 -0.9617 -0.004 0.2864 -0.9287 0.0438 0.2407 -0.9292 0.0614 0.2227 -0.9456 0.0702 0.212 -0.9735 0.0738 0.2056 -0.9816 0.0293 0.2503 -0.9878 0.0395 0.2393 -0.9987 0.0466 0.231 -1.0136 0.0513 0.2247 -1.006 0.0362 0.2409
190.0 -1.0503 0.0146 0.2586 -0.9633 -0.0049 0.287 -0.9322 0.0439 0.2403 -0.931 0.0618 0.2221 -0.9475 0.0706 0.2115 -0.9761 0.0734 0.2057 -0.986 0.0293 0.2498 -0.9912 0.039 0.2394 -1.0012 0.0456 0.2317 -1.0159 0.0497 0.226 -1.0089 0.0356 0.2411
191.0 -1.052 0.0143 0.2586 -0.9649 -0.0057 0.2877 -0.9311 0.0422 0.2421 -0.9307 0.06 0.224 -0.9474 0.07 0.2121 -0.9786 0.0725 0.2065 -0.9858 0.0281 0.2511 -0.9911 0.0384 0.24 -1.0019 0.0449 0.2323 -1.0168 0.0496 0.226 -1.0095 0.0351 0.2416
192.0 -1.0562 0.0131 0.2594 -0.9676 -0.0054 0.2872 -0.9358 0.0441 0.2398 -0.9358 0.0593 0.2242 -0.9515 0.0682 0.2135 -0.981 0.0709 0.2078 -0.9884 0.0278 0.2512 -0.9935 0.0369 0.2414 -1.0044 0.044 0.2331 -1.0192 0.0481 0.2274 -1.0123 0.034 0.2425
193.0 -1.0596 0.0127 0.2596 -0.9709 -0.0065 0.288 -0.9383 0.0431 0.2405 -0.9374 0.0585 0.2248 -0.9538 0.0667 0.2149 -0.9843 0.0699 0.2085 -0.9901 0.0276 0.2512 -0.9952 0.0366 0.2414 -1.0051 0.0432 0.2337 -1.0199 0.0474 0.228 -1.014 0.0335 0.2428
194.0 -1.0613 0.0124 0.2596 -0.9742 -0.0076 0.2887 -0.9408 0.0428 0.2406 -0.9399 0.0575 0.2256 -0.958 0.0655 0.2157 -0.986 0.0696 0.2086 -0.9923 0.0254 0.2532 -0.9976 0.0351 0.2428 -1.0076 0.0423 0.2344 -1.0224 0.0464 0.2288 -1.0162 0.0323 0.2438
195.0 -1.0628 0.011 0.2609 -0.9769 -0.0073 0.2882 -0.9441 0.0411 0.242 -0.9434 0.0577 0.2251 -0.9605 0.0645 0.2164 -0.9886 0.0693 0.2087 -0.9948 0.0245 0.2539 -1.0 0.0342 0.2435 -1.0109 0.0412 0.2352 -1.0258 0.0459 0.2289 -1.0189 0.0314 0.2445
196.0 -1.068 0.0103 0.2611 -0.9795 -0.0077 0.2883 -0.9506 0.0384 0.2441 -0.9451 0.0568 0.2258 -0.9621 0.0637 0.2171 -0.9893 0.0686 0.2094 -0.9984 0.0246 0.2534 -1.0036 0.0343 0.243 -1.0144 0.0408 0.2353 -1.0293 0.0455 0.229 -1.0227 0.0311 0.2444
197.0 -1.0698 0.0107 0.2606 -0.9829 -0.0081 0.2884 -0.9492 0.0404 0.2422 -0.9476 0.0565 0.2259 -0.9638 0.0635 0.2171 -0.9929 0.0687 0.2089 -1.0008 0.0237 0.2542 -1.006 0.0333 0.2437 -1.0161 0.0405 0.2354 -1.032 0.0457 0.2285 -1.0249 0.0308 0.2445
198.0 -1.0732 0.0102 0.2607 -0.9872 -0.0087 0.2886 -0.9568 0.0388 0.2431 -0.9537 0.0557 0.2261 -0.9673 0.063 0.2173 -0.9963 0.0683 0.209 -1.0042 0.0226 0.2549 -1.0094 0.0323 0.2445 -1.0203 0.0394 0.2362 -1.0353 0.0447 0.2293 -1.0285 0.0298 0.2451
199.0 -1.0757 0.0093 0.2614 -0.9888 -0.0095 0.2893 -0.9576 0.0381 0.2437 -0.956 0.0541 0.2274 -0.9707 0.0625 0.2174 -1.0006 0.0677 0.2092 -1.0075 0.0215 0.2557 -1.0127 0.0312 0.2452 -1.0237 0.0389 0.2363 -1.0379 0.0443 0.2294 -1.0315 0.0291 0.2456
200.0 -1.081 0.0092 0.261 -0.993 -0.0107 0.2901 -0.9603 0.0383 0.2432 -0.9587 0.0544 0.2269 -0.9739 0.0609 0.2188 -1.0032 0.0673 0.2093 -1.0109 0.0211 0.2558 -1.0161 0.0308 0.2454 -1.0262 0.038 0.237 -1.0412 0.0433 0.2301 -1.0351 0.0284 0.2459
201.0 -1.0844 0.0087 0.2611 -0.9956 -0.0111 0.2902 -0.9667 0.035 0.246 -0.966 0.051 0.2297 -0.9805 0.0582 0.2209 -1.0073 0.0655 0.2107 -1.0159 0.0192 0.2572 -1.0212 0.0295 0.2462 -1.0304 0.0368 0.2378 -1.0446 0.0428 0.2302 -1.0393 0.0274 0.2465
202.0 -1.0887 0.0081 0.2613 -0.9998 -0.0122 0.291 -0.9703 0.0351 0.2455 -0.9688 0.0518 0.2286 -0.9823 0.0585 0.2203 -1.0088 0.0641 0.212 -1.0209 0.0179 0.2581 -1.0255 0.0289 0.2464 -1.0347 0.0362 0.238 -1.0481 0.0423 0.2304 -1.0436 0.0267 0.2468
203.0 -1.0924 0.0089 0.2602 -1.0041 -0.0128 0.2911 -0.971 0.0344 0.2461 -0.9705 0.0516 0.2286 -0.9849 0.0582 0.2204 -1.0132 0.0641 0.2115 -1.0236 0.0181 0.2575 -1.0281 0.0285 0.2465 -1.0373 0.0358 0.2381 -1.0506 0.0414 0.2311 -1.0464 0.0266 0.2467
204.0 -1.0967 0.0083 0.2604 -1.0075 -0.0133 0.2913 -0.9727 0.0336 0.2468 -0.9763 0.0496 0.2301 -0.9927 0.0577 0.2201 -1.0174 0.063 0.2123 -1.0269 0.0171 0.2583 -1.0324 0.028 0.2466 -1.0417 0.0359 0.2376 -1.0541 0.0415 0.2306 -1.0503 0.0261 0.2467
205.0 -1.101 0.0077 0.2605 -1.0101 -0.0136 0.2914 -0.9751 0.0326 0.2475 -0.9815 0.0489 0.2303 -0.9962 0.0573 0.2203 -1.0208 0.0625 0.2125 -1.0295 0.0167 0.2584 -1.0348 0.027 0.2474 -1.045 0.0348 0.2384 -1.0584 0.0409 0.2308 -1.0537 0.0254 0.2471
206.0 -1.1045 0.0078 0.26 -1.0144 -0.0142 0.2915 -0.9769 0.033 0.247 -0.9821 0.0525 0.2266 -0.9965 0.0591 0.2184 -1.0234 0.0622 0.2126 -1.0338 0.0162 0.2586 -1.0384 0.0271 0.2469 -1.0484 0.0343 0.2385 -1.0609 0.04 0.2315 -1.0572 0.0251 0.2471
207.0 -1.1157 0.0063 0.2605 -1.0283 -0.0155 0.2914 -0.9898 0.0313 0.2475 -0.993 0.0492 0.2289 -1.0095 0.0579 0.2183 -1.0365 0.0616 0.2118 -1.0469 0.0156 0.2578 -1.0514 0.026 0.2467 -1.0615 0.0338 0.2378 -1.0758 0.0398 0.2302 -1.0703 0.0243 0.2466
208.0 -1.1192 0.0065 0.26 -1.0317 -0.0159 0.2916 -0.995 0.0306 0.2477 -0.9945 0.0477 0.2302 -1.0118 0.0564 0.2196 -1.04 0.0617 0.2113 -1.0504 0.0151 0.2579 -1.0549 0.0261 0.2463 -1.0651 0.0339 0.2373 -1.0792 0.0393 0.2303 -1.0738 0.0242 0.2464
209.0 -1.1226 0.006 0.2601 -1.0353 -0.0158 0.2911 -0.9977 0.0308 0.2472 -0.9997 0.0476 0.2298 -1.0146 0.0572 0.2185 -1.0426 0.0614 0.2114 -1.053 0.0154 0.2574 -1.0584 0.0257 0.2464 -1.0677 0.0336 0.2374 -1.0818 0.039 0.2304 -1.0767 0.0239 0.2464
210.0 -1.1263 0.0067 0.259 -1.0387 -0.0163 0.2912 -1.001 0.0297 0.2479 -1.0022 0.0467 0.2305 -1.018 0.0562 0.2192 -1.0461 0.0609 0.2116 -1.0566 0.0155 0.2569 -1.0619 0.0258 0.2459 -1.0712 0.0337 0.2369 -1.0853 0.0391 0.23 -1.0803 0.0242 0.2457
211.0 -1.1289 0.0064 0.2591 -1.0438 -0.017 0.2914 -1.0027 0.0295 0.248 -1.0056 0.0456 0.2312 -1.0214 0.0557 0.2194 -1.0505 0.0609 0.2111 -1.06 0.0151 0.2571 -1.0646 0.0261 0.2454 -1.0746 0.0332 0.237 -1.0889 0.0393 0.2295 -1.0834 0.024 0.2456
212.0 -1.1324 0.0065 0.2586 -1.0482 -0.0169 0.291 -1.0078 0.0282 0.2488 -1.008 0.0447 0.232 -1.0247 0.0546 0.2201 -1.053 0.0606 0.2112 -1.0636 0.0152 0.2566 -1.068 0.0256 0.2455 -1.0782 0.0334 0.2365 -1.0924 0.0394 0.229 -1.0869 0.024 0.2453
213.0 -1.1361 0.0072 0.2575 -1.0527 -0.0169 0.2905 -1.014 0.0286 0.2478 -1.0126 0.0459 0.2303 -1.0283 0.0548 0.2196 -1.0573 0.06 0.2114 -1.068 0.0152 0.2561 -1.0724 0.0256 0.2451 -1.0817 0.0335 0.2361 -1.096 0.0395 0.2285 -1.0908 0.0242 0.2447
214.0 -1.1405 0.0073 0.2571 -1.0577 -0.0182 0.2913 -1.0173 0.0275 0.2486 -1.0152 0.0455 0.2304 -1.0326 0.0542 0.2198 -1.0616 0.0594 0.2115 -1.0731 0.0145 0.2563 -1.0777 0.0255 0.2446 -1.087 0.0334 0.2356 -1.1011 0.0388 0.2287 -1.0959 0.0239 0.2445
215.0 -1.1439 0.0068 0.2572 -1.0637 -0.019 0.2916 -1.0231 0.0255 0.25 -1.0203 0.0443 0.2312 -1.0368 0.053 0.2206 -1.0651 0.059 0.2117 -1.0774 0.0139 0.2565 -1.0819 0.0243 0.2454 -1.092 0.0321 0.2365 -1.1054 0.0383 0.2289 -1.1001 0.0231 0.2449
216.0 -1.1491 0.0061 0.2574 -1.068 -0.0196 0.2917 -1.0258 0.0258 0.2495 -1.0264 0.044 0.2308 -1.0412 0.053 0.2201 -1.0695 0.059 0.2112 -1.0809 0.0135 0.2566 -1.0854 0.0245 0.2449 -1.0956 0.0323 0.236 -1.1097 0.0377 0.229 -1.1041 0.0228 0.2448
217.0 -1.1526 0.0062 0.2569 -1.0749 -0.0205 0.292 -1.0302 0.0258 0.249 -1.0316 0.0439 0.2304 -1.0463 0.0523 0.2203 -1.0747 0.0589 0.2108 -1.086 0.0128 0.2568 -1.0906 0.0238 0.2451 -1.1007 0.0316 0.2362 -1.1149 0.037 0.2292 -1.109 0.0223 0.2449
218.0 -1.1571 0.0068 0.2558 -1.0802 -0.0206 0.2916 -1.0345 0.0252 0.2492 -1.035 0.0429 0.2311 -1.0506 0.0518 0.2205 -1.0799 0.0582 0.211 -1.092 0.012 0.2571 -1.0974 0.0228 0.2454 -1.1069 0.0313 0.2358 -1.1201 0.0369 0.2288 -1.1147 0.022 0.2446
219.0 -1.1625 0.0073 0.2548 -1.0844 -0.0212 0.2917 -1.0388 0.0246 0.2494 -1.0393 0.0423 0.2313 -1.0548 0.0506 0.2213 -1.0842 0.0576 0.2112 -1.0973 0.0119 0.2566 -1.1018 0.0229 0.245 -1.1112 0.0308 0.2359 -1.1254 0.0368 0.2284 -1.1196 0.0219 0.2441
220.0 -1.1686 0.0071 0.2544 -1.0923 -0.0217 0.2914 -1.0439 0.0234 0.2502 -1.0444 0.0416 0.2315 -1.0609 0.0504 0.2209 -1.0902 0.0568 0.2114 -1.1025 0.0118 0.2562 -1.1071 0.0228 0.2445 -1.1164 0.0307 0.2355 -1.1306 0.0361 0.2286 -1.125 0.0217 0.2439
221.0 -1.174 0.0076 0.2534 -1.0985 -0.0213 0.2904 -1.0501 0.0237 0.2492 -1.0496 0.0409 0.2317 -1.0662 0.0503 0.2205 -1.0955 0.0567 0.211 -1.1078 0.0117 0.2558 -1.1124 0.0227 0.2441 -1.1217 0.0306 0.2351 -1.1359 0.0366 0.2275 -1.1303 0.0218 0.2432
222.0 -1.1816 0.006 0.2543 -1.1055 -0.0216 0.2901 -1.057 0.0228 0.2495 -1.0573 0.0399 0.232 -1.074 0.0498 0.2201 -1.1032 0.0557 0.2113 -1.1149 0.0119 0.2548 -1.1186 0.023 0.2431 -1.1279 0.0309 0.2341 -1.142 0.0364 0.2272 -1.137 0.0217 0.2427
223.0 -1.1871 0.0071 0.2526 -1.1126 -0.0213 0.2891 -1.0657 0.0222 0.2492 -1.0644 0.0401 0.231 -1.08 0.049 0.2204 -1.1094 0.056 0.2103 -1.122 0.0122 0.2539 -1.1256 0.0227 0.2428 -1.1349 0.0306 0.2337 -1.1483 0.0367 0.2261 -1.1436 0.0219 0.2418
224.0 -1.1969 0.0082 0.2505 -1.1205 -0.0212 0.2881 -1.0729 0.0231 0.2476 -1.0706 0.0405 0.23 -1.0871 0.0493 0.2194 -1.1158 0.057 0.2086 -1.129 0.0119 0.2535 -1.1326 0.0224 0.2424 -1.1419 0.0303 0.2334 -1.1554 0.037 0.2252 -1.1511 0.0219 0.241
225.0 -1.2039 0.0079 0.2502 -1.1276 -0.0209 0.2872 -1.0797 0.0222 0.2478 -1.0783 0.0389 0.2309 -1.095 0.0488 0.2191 -1.1245 0.0565 0.2084 -1.136 0.0121 0.2525 -1.1396 0.0226 0.2414 -1.1482 0.0313 0.2318 -1.1624 0.0373 0.2242 -1.158 0.0222 0.24
226.0 -1.212 0.0086 0.2486 -1.1355 -0.0208 0.2862 -1.0876 0.0217 0.2475 -1.0859 0.0372 0.2318 -1.1018 0.0479 0.2194 -1.1314 0.0561 0.208 -1.1439 0.0117 0.2522 -1.1475 0.0222 0.2411 -1.156 0.0308 0.2314 -1.1703 0.0368 0.2239 -1.1659 0.022 0.2394
227.0 -1.2181 0.0084 0.2482 -1.1443 -0.0208 0.2853 -1.0936 0.0209 0.2478 -1.093 0.0375 0.2309 -1.1088 0.0476 0.219 -1.1395 0.0569 0.2064 -1.1518 0.0118 0.2513 -1.1554 0.0223 0.2402 -1.164 0.031 0.2305 -1.1774 0.0371 0.2229 -1.1733 0.0221 0.2386
228.0 -1.2244 0.0094 0.2466 -1.154 -0.0208 0.2844 -1.1013 0.0199 0.2481 -1.1007 0.0364 0.2312 -1.1184 0.0469 0.2187 -1.1482 0.0563 0.2062 -1.1606 0.0119 0.2504 -1.1635 0.0231 0.2386 -1.1728 0.031 0.2296 -1.1862 0.0371 0.222 -1.1815 0.0225 0.2374
229.0 -1.2343 0.0105 0.2445 -1.1611 -0.0206 0.2835 -1.1104 0.0217 0.2453 -1.1096 0.0371 0.2296 -1.1273 0.0475 0.2172 -1.1561 0.0565 0.2052 -1.1696 0.0131 0.2482 -1.1732 0.0236 0.2371 -1.1817 0.0316 0.2281 -1.1951 0.0378 0.2205 -1.1908 0.0233 0.2357
230.0 -1.2431 0.0105 0.2436 -1.1701 -0.0193 0.2813 -1.1203 0.0228 0.2432 -1.1176 0.0372 0.2287 -1.1351 0.0471 0.2169 -1.1649 0.0565 0.2043 -1.1777 0.0138 0.2466 -1.1813 0.0243 0.2355 -1.1906 0.0323 0.2265 -1.204 0.0384 0.2189 -1.1993 0.0239 0.2342
231.0 -1.2493 0.0109 0.2426 -1.1809 -0.0178 0.2786 -1.129 0.0222 0.2429 -1.1272 0.0371 0.2278 -1.1441 0.0483 0.2147 -1.172 0.0568 0.2033 -1.1866 0.0145 0.2451 -1.1901 0.0244 0.2346 -1.1985 0.0324 0.2256 -1.2119 0.0385 0.218 -1.2073 0.0241 0.2332
232.0 -1.2572 0.011 0.2416 -1.1896 -0.0183 0.2783 -1.1385 0.021 0.2433 -1.1368 0.0365 0.2276 -1.1527 0.0471 0.2151 -1.1808 0.0568 0.2024 -1.1954 0.0145 0.2442 -1.1989 0.0244 0.2337 -1.2073 0.0324 0.2247 -1.22 0.0393 0.2164 -1.2158 0.0243 0.2321
233.0 -1.266 0.0111 0.2407 -1.2009 -0.0192 0.2781 -1.148 0.0203 0.243 -1.1463 0.0358 0.2273 -1.1623 0.0465 0.2148 -1.1903 0.0555 0.2028 -1.2041 0.0139 0.2439 -1.2077 0.0244 0.2328 -1.2161 0.0325 0.2238 -1.2295 0.0386 0.2162 -1.2247 0.0241 0.2315
234.0 -1.2766 0.0109 0.2399 -1.2106 -0.0193 0.2773 -1.1576 0.0196 0.2427 -1.1558 0.0345 0.2277 -1.1726 0.0451 0.2152 -1.1997 0.0542 0.2032 -1.2144 0.0125 0.2443 -1.2173 0.0238 0.2326 -1.2257 0.0318 0.2235 -1.2382 0.038 0.2159 -1.2344 0.0234 0.2312
235.0 -1.287 0.0101 0.2396 -1.2201 -0.02 0.277 -1.1685 0.0169 0.2444 -1.1669 0.0324 0.2287 -1.1821 0.0438 0.2156 -1.21 0.0528 0.2036 -1.2247 0.0112 0.2447 -1.2266 0.0219 0.2336 -1.235 0.0299 0.2245 -1.2477 0.0368 0.2163 -1.2442 0.022 0.2317
236.0 -1.2967 0.01 0.2388 -1.2303 -0.022 0.278 -1.178 0.0156 0.2448 -1.1754 0.0306 0.2297 -1.1906 0.0426 0.2159 -1.2177 0.0512 0.2045 -1.2333 0.01 0.2451 -1.2362 0.0212 0.2333 -1.2437 0.0294 0.2242 -1.2563 0.0356 0.2166 -1.2532 0.0212 0.2316
237.0 -1.3053 0.0094 0.2385 -1.2408 -0.0228 0.2778 -1.1883 0.0142 0.2452 -1.1849 0.03 0.2294 -1.2 0.0408 0.2169 -1.2254 0.0502 0.2048 -1.243 0.0099 0.2442 -1.2456 0.0199 0.2337 -1.2523 0.0282 0.2246 -1.2641 0.0352 0.2163 -1.2621 0.0205 0.2314
238.0 -1.3133 0.0096 0.2375 -1.2503 -0.0235 0.2776 -1.1979 0.0136 0.2449 -1.1925 0.0283 0.2304 -1.207 0.0404 0.2166 -1.2331 0.0491 0.2051 -1.2516 0.0088 0.2445 -1.2526 0.0196 0.2333 -1.2602 0.0277 0.2242 -1.2712 0.0354 0.2153 -1.2698 0.0202 0.231
239.0 -1.3255 0.0092 0.2368 -1.2588 -0.0252 0.2785 -1.2056 0.0125 0.2452 -1.2021 0.0276 0.2301 -1.2155 0.0387 0.2175 -1.2401 0.0488 0.2047 -1.262 0.008 0.2443 -1.263 0.0188 0.2331 -1.2689 0.0272 0.2239 -1.2797 0.0337 0.2162 -1.2798 0.0194 0.2309
240.0 -1.3325 0.0088 0.2364 -1.2666 -0.0257 0.2782 -1.2134 0.0121 0.2449 -1.2107 0.0265 0.2304 -1.2234 0.0388 0.2166 -1.2478 0.0477 0.205 -1.2698 0.0075 0.244 -1.2708 0.0184 0.2328 -1.2767 0.0267 0.2236 -1.2867 0.0333 0.2159 -1.2873 0.019 0.2305
241.0 -1.3396 0.0091 0.2354 -1.2755 -0.0256 0.2773 -1.2212 0.011 0.2452 -1.2175 0.025 0.2313 -1.2293 0.0374 0.2174 -1.2538 0.0463 0.2059 -1.2768 0.0072 0.2436 -1.2777 0.0174 0.233 -1.2836 0.0258 0.2239 -1.2944 0.0323 0.2162 -1.2944 0.0184 0.2304
242.0 -1.3464 0.0076 0.2363 -1.2818 -0.0246 0.2757 -1.2283 0.0113 0.2442 -1.2238 0.0259 0.2297 -1.2364 0.0377 0.2164 -1.2607 0.046 0.2055 -1.2829 0.007 0.2432 -1.2837 0.0166 0.2333 -1.2896 0.025 0.2241 -1.3004 0.0315 0.2164 -1.3006 0.0175 0.2307
243.0 -1.3636 0.0052 0.237 -1.3022 -0.0286 0.2777 -1.2492 0.0054 0.2482 -1.2449 0.0207 0.233 -1.2556 0.032 0.2203 -1.2785 0.0418 0.2081 -1.3025 0.0031 0.2452 -1.3024 0.0129 0.2352 -1.3083 0.0213 0.2261 -1.3183 0.0278 0.2184 -1.319 0.0141 0.2324
244.0 -1.3694 0.0032 0.2385 -1.3124 -0.0306 0.2787 -1.2565 0.002 0.2509 -1.252 0.016 0.237 -1.2612 0.0288 0.223 -1.2841 0.0386 0.2108 -1.3089 -0.0002 0.248 -1.3089 0.0096 0.238 -1.3139 0.0181 0.2288 -1.324 0.0252 0.2205 -1.325 0.0112 0.2347
245.0 -1.3727 0.0022 0.2392 -1.3156 -0.0323 0.2801 -1.2606 0.0002 0.2524 -1.2553 0.015 0.2378 -1.2654 0.0276 0.2238 -1.2882 0.0368 0.2122 -1.313 -0.002 0.2494 -1.3122 0.0085 0.2387 -1.3171 0.0164 0.2302 -1.3272 0.0236 0.2218 -1.3284 0.0097 0.2359
246.0 -1.375 3.813e-05 0.2412 -1.3207 -0.0336 0.2809 -1.2629 -0.0019 0.2543 -1.2584 0.0127 0.2398 -1.2693 0.0247 0.2265 -1.2921 0.0344 0.2142 -1.3154 -0.0035 0.2507 -1.3145 0.0064 0.2407 -1.3204 0.0147 0.2316 -1.3296 0.022 0.2232 -1.3309 0.0079 0.2375
247.0 -1.3783 -0.001 0.2419 -1.3224 -0.0338 0.281 -1.2668 -0.0049 0.257 -1.2597 0.0101 0.2423 -1.2716 0.0225 0.2284 -1.2954 0.0328 0.2156 -1.3195 -0.0053 0.2521 -1.3187 0.0052 0.2415 -1.3227 0.0132 0.2329 -1.3328 0.0204 0.2246 -1.3344 0.0065 0.2386
248.0 -1.3816 -0.0021 0.2427 -1.3264 -0.0362 0.283 -1.269 -0.007 0.2589 -1.2631 0.009 0.2431 -1.2756 0.0202 0.2305 -1.2983 0.0293 0.2188 -1.3235 -0.0077 0.2542 -1.3227 0.0028 0.2435 -1.3268 0.0114 0.2343 -1.336 0.0187 0.2259 -1.3381 0.0046 0.2401
249.0 -1.3833 -0.0023 0.2427 -1.3314 -0.0375 0.2838 -1.2723 -0.0087 0.2603 -1.267 0.0067 0.2451 -1.2778 0.018 0.2324 -1.298 0.0275 0.2207 -1.3259 -0.0086 0.2549 -1.325 0.0013 0.2449 -1.3292 0.0099 0.2357 -1.3384 0.0172 0.2273 -1.3404 0.0035 0.2411
250.0 -1.3875 -0.0035 0.2435 -1.3356 -0.0386 0.2846 -1.2756 -0.0098 0.2611 -1.2705 0.0062 0.2452 -1.2803 0.0171 0.2331 -1.3013 0.0265 0.2215 -1.3284 -0.0096 0.2556 -1.3275 0.0003 0.2456 -1.3317 0.0089 0.2364 -1.3409 0.0162 0.228 -1.3432 0.0025 0.2418
251.0 -1.392 -0.0029 0.2425 -1.3419 -0.0382 0.2836 -1.2824 -0.0113 0.2619 -1.2765 0.0054 0.2455 -1.2856 0.017 0.2327 -1.3065 0.0258 0.2217 -1.3346 -0.0092 0.2546 -1.3329 0.0008 0.2445 -1.3379 0.0093 0.2354 -1.3462 0.0167 0.2269 -1.3487 0.003 0.2408
252.0 -1.3957 -0.0021 0.2414 -1.3446 -0.0374 0.2825 -1.2861 -0.01 0.2602 -1.2792 0.0056 0.245 -1.2883 0.0178 0.2316 -1.311 0.0264 0.2206 -1.3373 -0.0089 0.2541 -1.3357 0.0017 0.2434 -1.3398 0.0103 0.2342 -1.349 0.0176 0.2258 -1.3515 0.0037 0.2398
253.0 -1.3975 -0.0018 0.2408 -1.3474 -0.0366 0.2813 -1.288 -0.009 0.259 -1.282 0.0065 0.2438 -1.291 0.0181 0.2311 -1.3137 0.0272 0.2194 -1.3402 -0.0075 0.2523 -1.3384 0.0025 0.2423 -1.3433 0.0104 0.2337 -1.3525 0.0177 0.2253 -1.3544 0.0043 0.2389
254.0 -1.4037 0.0035 0.2348 -1.3537 -0.0307 0.2747 -1.2943 -0.0031 0.2524 -1.2873 0.0119 0.2378 -1.2971 0.0228 0.2257 -1.3174 0.0329 0.2133 -1.3464 -0.0022 0.2463 -1.3454 0.0071 0.2369 -1.3495 0.0157 0.2277 -1.3579 0.0231 0.2193 -1.3606 0.0094 0.233
255.0 -1.4045 0.0028 0.2354 -1.3536 -0.0313 0.2753 -1.2942 -0.0037 0.253 -1.2856 0.0121 0.2377 -1.2971 0.0228 0.2257 -1.3173 0.0323 0.214 -1.3463 -0.0028 0.2469 -1.3454 0.0071 0.2369 -1.3494 0.0151 0.2283 -1.3569 0.0226 0.2199 -1.3605 0.009 0.2335
256.0 -1.4029 0.0036 0.2348 -1.3536 -0.0313 0.2753 -1.2934 -0.0036 0.253 -1.2863 0.0114 0.2384 -1.2963 0.0229 0.2256 -1.3165 0.033 0.2133 -1.3463 -0.0028 0.2469 -1.3445 0.0072 0.2369 -1.3487 0.0158 0.2277 -1.357 0.0232 0.2192 -1.3599 0.0094 0.2331
257.0 -1.403 0.0042 0.2341 -1.3529 -0.0306 0.2747 -1.2934 -0.0036 0.253 -1.2864 0.012 0.2377 -1.2963 0.0229 0.2256 -1.3164 0.0324 0.2139 -1.3456 -0.0021 0.2463 -1.3446 0.0078 0.2363 -1.3487 0.0158 0.2277 -1.3562 0.0233 0.2192 -1.3596 0.0098 0.2327
258.0 -1.4038 0.0041 0.2342 -1.3529 -0.0306 0.2747 -1.2934 -0.0036 0.253 -1.2856 0.0121 0.2377 -1.2963 0.0229 0.2256 -1.3157 0.0331 0.2133 -1.3456 -0.0021 0.2463 -1.3446 0.0078 0.2363 -1.3487 0.0158 0.2277 -1.357 0.0232 0.2192 -1.3599 0.0098 0.2327
259.0 -1.403 0.0042 0.2341 -1.3521 -0.0299 0.274 -1.2925 -0.0035 0.253 -1.2856 0.0121 0.2377 -1.2954 0.023 0.2256 -1.3157 0.0331 0.2133 -1.3447 -0.002 0.2462 -1.3438 0.0079 0.2362 -1.3478 0.0159 0.2276 -1.3562 0.0233 0.2192 -1.3591 0.0099 0.2327
260.0 -1.403 0.0042 0.2341 -1.352 -0.0305 0.2746 -1.2925 -0.0035 0.253 -1.2855 0.0115 0.2383 -1.2954 0.023 0.2256 -1.3157 0.0331 0.2133 -1.3447 -0.002 0.2462 -1.3438 0.0079 0.2362 -1.347 0.016 0.2276 -1.3562 0.0233 0.2192 -1.3589 0.0099 0.2327
261.0 -1.4012 0.0044 0.2341 -1.3512 -0.0303 0.2746 -1.2925 -0.0035 0.253 -1.2855 0.0115 0.2383 -1.2937 0.0232 0.2255 -1.3148 0.0332 0.2132 -1.3437 -0.0025 0.2468 -1.342 0.0075 0.2368 -1.346 0.0156 0.2282 -1.3543 0.023 0.2198 -1.3575 0.0096 0.2331
262.0 -1.4021 0.0043 0.2341 -1.3519 -0.0311 0.2753 -1.2934 -0.0036 0.253 -1.2846 0.0116 0.2383 -1.2945 0.0231 0.2256 -1.3147 0.0326 0.2139 -1.3446 -0.0026 0.2469 -1.3428 0.0074 0.2368 -1.3469 0.0154 0.2282 -1.3551 0.0223 0.2204 -1.3583 0.0094 0.2333
263.0 -1.4012 0.0044 0.2341 -1.3509 -0.0315 0.2758 -1.2924 -0.0041 0.2536 -1.2845 0.011 0.2389 -1.2944 0.0225 0.2262 -1.3147 0.0326 0.2139 -1.3446 -0.0026 0.2469 -1.3428 0.0074 0.2368 -1.346 0.0156 0.2282 -1.3543 0.023 0.2198 -1.3578 0.0096 0.2331
264.0 -1.4013 0.005 0.2335 -1.3511 -0.0309 0.2752 -1.2924 -0.0041 0.2536 -1.2846 0.0116 0.2383 -1.2945 0.0231 0.2256 -1.3147 0.0326 0.2139 -1.3446 -0.0026 0.2469 -1.342 0.0075 0.2368 -1.346 0.0156 0.2282 -1.3542 0.0224 0.2204 -1.3576 0.0096 0.2331
265.0 -1.4021 0.0043 0.2341 -1.3502 -0.0308 0.2752 -1.2924 -0.0041 0.2536 -1.2845 0.011 0.2389 -1.2927 0.0227 0.2261 -1.3137 0.0321 0.2144 -1.3445 -0.0032 0.2475 -1.3419 0.0069 0.2374 -1.3459 0.015 0.2288 -1.3534 0.0225 0.2204 -1.3575 0.0091 0.2336
266.0 -1.4004 0.0045 0.234 -1.3517 -0.0322 0.2765 -1.2914 -0.0052 0.2548 -1.2844 0.0104 0.2395 -1.2934 0.0214 0.2274 -1.3136 0.0315 0.2151 -1.3436 -0.0031 0.2475 -1.3419 0.0069 0.2374 -1.345 0.0151 0.2288 -1.3534 0.0225 0.2204 -1.3569 0.0092 0.2336
267.0 -1.4011 0.0038 0.2347 -1.3509 -0.0315 0.2758 -1.2912 -0.0058 0.2554 -1.2843 0.0098 0.2402 -1.2916 0.0211 0.228 -1.3127 0.031 0.2157 -1.3427 -0.0035 0.248 -1.3409 0.0065 0.238 -1.3449 0.0145 0.2294 -1.3534 0.0225 0.2204 -1.3566 0.0087 0.2341
268.0 -1.4011 0.0038 0.2347 -1.3509 -0.0315 0.2758 -1.2904 -0.0056 0.2554 -1.2834 0.0099 0.2401 -1.2917 0.0217 0.2273 -1.3128 0.0316 0.215 -1.3427 -0.0035 0.248 -1.3409 0.0065 0.238 -1.345 0.0151 0.2288 -1.3525 0.0226 0.2203 -1.3565 0.0089 0.234
269.0 -1.403 0.0042 0.2341 -1.3536 -0.0313 0.2753 -1.2931 -0.0054 0.2549 -1.2853 0.0103 0.2396 -1.2942 0.0213 0.2274 -1.3146 0.032 0.2145 -1.3453 -0.0033 0.2475 -1.3436 0.0067 0.2375 -1.3468 0.0148 0.2288 -1.3551 0.0223 0.2204 -1.3587 0.0089 0.2337
270.0 -1.4022 0.0049 0.2335 -1.3545 -0.0314 0.2754 -1.2933 -0.0042 0.2536 -1.2861 0.0102 0.2396 -1.2943 0.0219 0.2268 -1.3146 0.032 0.2145 -1.3463 -0.0028 0.2469 -1.3437 0.0073 0.2368 -1.3477 0.0153 0.2283 -1.3553 0.0235 0.2192 -1.359 0.0096 0.2329
271.0 -1.4039 0.0047 0.2336 -1.3538 -0.0301 0.2741 -1.2941 -0.0043 0.2537 -1.2855 0.0115 0.2383 -1.2962 0.0223 0.2263 -1.3155 0.0325 0.2139 -1.3464 -0.0022 0.2463 -1.3446 0.0078 0.2363 -1.3487 0.0158 0.2277 -1.3562 0.0233 0.2192 -1.36 0.0099 0.2326
272.0 -1.405 0.0058 0.2323 -1.3547 -0.0302 0.2741 -1.2951 -0.0038 0.2531 -1.2864 0.012 0.2377 -1.2971 0.0228 0.2257 -1.3165 0.033 0.2133 -1.3474 -0.0017 0.2457 -1.3455 0.0077 0.2363 -1.3488 0.0164 0.227 -1.3571 0.0238 0.2186 -1.3608 0.0104 0.232
273.0 -1.4068 0.0061 0.2318 -1.3538 -0.0301 0.2741 -1.2952 -0.0032 0.2524 -1.2875 0.0131 0.2365 -1.2973 0.024 0.2244 -1.3175 0.0335 0.2127 -1.3482 -0.0019 0.2458 -1.3465 0.0082 0.2357 -1.3498 0.0169 0.2265 -1.3571 0.0238 0.2186 -1.3617 0.0106 0.2317
274.0 -1.4051 0.0064 0.2317 -1.3549 -0.029 0.2729 -1.2954 -0.0021 0.2512 -1.2875 0.0131 0.2365 -1.2974 0.0246 0.2238 -1.3176 0.034 0.2121 -1.3484 -0.0007 0.2445 -1.3458 0.0095 0.2344 -1.3499 0.0175 0.2258 -1.3572 0.0244 0.218 -1.3613 0.0114 0.2309
275.0 -1.4058 0.0056 0.2324 -1.3558 -0.0291 0.2729 -1.2954 -0.0021 0.2512 -1.2884 0.0129 0.2366 -1.2974 0.0246 0.2238 -1.3194 0.0344 0.2115 -1.3484 -0.0007 0.2445 -1.3467 0.0094 0.2345 -1.3507 0.0174 0.2259 -1.3582 0.0249 0.2174 -1.362 0.0113 0.2309
276.0 -1.4052 0.007 0.2311 -1.3558 -0.0291 0.2729 -1.2972 -0.0017 0.2507 -1.2894 0.014 0.2354 -1.2991 0.0237 0.2245 -1.3185 0.0345 0.2115 -1.3493 -0.0008 0.2446 -1.3474 0.0086 0.2351 -1.3507 0.0174 0.2259 -1.3582 0.0249 0.2174 -1.3622 0.0114 0.2308
277.0 -1.4078 0.0066 0.2312 -1.3567 -0.0287 0.2723 -1.2981 -0.0018 0.2507 -1.2903 0.0139 0.2354 -1.2984 0.025 0.2232 -1.3195 0.035 0.2109 -1.3502 -0.0009 0.2446 -1.3484 0.0091 0.2345 -1.3516 0.0172 0.2259 -1.359 0.0242 0.2181 -1.3634 0.0113 0.2309
278.0 -1.4096 0.007 0.2307 -1.3577 -0.0282 0.2717 -1.2983 -0.0006 0.2494 -1.2914 0.015 0.2342 -1.2993 0.0249 0.2233 -1.3195 0.035 0.2109 -1.3511 -0.0004 0.244 -1.3494 0.0096 0.2339 -1.3527 0.0183 0.2247 -1.36 0.0253 0.2169 -1.3646 0.0119 0.23
279.0 -1.4113 0.0067 0.2307 -1.3577 -0.0282 0.2717 -1.301 -0.0004 0.2489 -1.2932 0.0154 0.2336 -1.3021 0.0258 0.2221 -1.3204 0.0349 0.211 -1.3521 7.082e-05 0.2434 -1.3503 0.0101 0.2334 -1.3536 0.0188 0.2241 -1.3618 0.0256 0.2163 -1.3658 0.0123 0.2296
280.0 -1.4105 0.0069 0.2307 -1.3587 -0.0277 0.2711 -1.3001 -0.0002 0.2489 -1.2932 0.0154 0.2336 -1.3012 0.0259 0.2221 -1.3214 0.036 0.2097 -1.353 -4.519e-05 0.2434 -1.3512 0.01 0.2334 -1.3544 0.0181 0.2248 -1.3618 0.0256 0.2163 -1.3662 0.0121 0.2297
281.0 -1.4131 0.0071 0.2302 -1.3623 -0.027 0.27 -1.3038 0.0005 0.2478 -1.2968 0.0161 0.2325 -1.3057 0.0265 0.221 -1.3259 0.0366 0.2087 -1.3549 0.0009 0.2423 -1.353 0.0103 0.2328 -1.3571 0.0183 0.2242 -1.3654 0.0258 0.2158 -1.3687 0.0125 0.2291
282.0 -1.4158 0.0073 0.2296 -1.3623 -0.027 0.27 -1.3048 0.0016 0.2466 -1.2978 0.0166 0.2319 -1.3067 0.027 0.2204 -1.3259 0.0366 0.2087 -1.3566 0.0007 0.2423 -1.3548 0.0107 0.2323 -1.3581 0.0194 0.223 -1.3664 0.0262 0.2152 -1.3703 0.0129 0.2285
283.0 -1.4176 0.0077 0.2291 -1.3614 -0.0268 0.27 -1.3057 0.0014 0.2466 -1.2988 0.017 0.2314 -1.3068 0.0276 0.2198 -1.3259 0.0366 0.2087 -1.3576 0.0012 0.2417 -1.3558 0.0112 0.2317 -1.3591 0.0199 0.2224 -1.3673 0.0267 0.2146 -1.3715 0.0133 0.2279
284.0 -1.4168 0.0078 0.2291 -1.3633 -0.0265 0.2694 -1.3057 0.0014 0.2466 -1.2978 0.0166 0.2319 -1.3076 0.0275 0.2198 -1.3286 0.0368 0.2082 -1.3584 0.001 0.2418 -1.3558 0.0112 0.2317 -1.3599 0.0198 0.2225 -1.3682 0.0266 0.2147 -1.3718 0.0133 0.2279
