


















































52.0 -1.3821 0.0711 0.1678 -1.3235 0.1078 0.1361 -1.2898 0.0964 0.1511 -1.292 0.0992 0.148 -1.3035 0.0995 0.1466 -1.326 0.1019 0.1419 -1.3285 0.0814 0.1626 -1.3316 0.0841 0.1596 -1.3391 0.0867 0.1561 -1.3494 0.0902 0.1515 -1.3462 0.0827 0.1595
53.0 -1.3686 0.0742 0.166 -1.3054 0.0803 0.166 -1.28 0.0904 0.1582 -1.2818 0.0957 0.1526 -1.2952 0.0969 0.15 -1.3127 0.1013 0.1438 -1.3171 0.0763 0.169 -1.3184 0.084 0.1609 -1.3239 0.09 0.1543 -1.3319 0.0956 0.1477 -1.332 0.084 0.1596
54.0 -1.3669 0.0695 0.1709 -1.2998 0.0731 0.1739 -1.2699 0.0832 0.1665 -1.272 0.0903 0.1591 -1.2821 0.0926 0.1558 -1.3006 0.098 0.1484 -1.3123 0.069 0.1769 -1.3137 0.0773 0.1682 -1.3193 0.0839 0.161 -1.3283 0.09 0.1538 -1.3281 0.078 0.1662
55.0 -1.3723 0.0651 0.1749 -1.2825 0.0901 0.1583 -1.2614 0.085 0.1656 -1.2619 0.0825 0.1681 -1.2712 0.0757 0.1741 -1.298 0.0678 0.1795 -1.3081 0.0701 0.1761 -1.3132 0.0695 0.1763 -1.3226 0.0676 0.1773 -1.3347 0.0666 0.1772 -1.3302 0.0678 0.1764
56.0 -1.3657 0.0679 0.1727 -1.261 0.0728 0.1781 -1.2507 0.0742 0.1777 -1.2507 0.0791 0.1727 -1.2593 0.0828 0.168 -1.275 0.0874 0.1617 -1.2961 0.062 0.1857 -1.2991 0.0689 0.1783 -1.3036 0.075 0.1716 -1.3099 0.0803 0.1656 -1.3149 0.0708 0.1748
57.0 -1.3533 0.0622 0.1798 -1.2537 0.0659 0.1859 -1.2403 0.0701 0.1829 -1.2414 0.0761 0.1767 -1.2525 0.0795 0.1721 -1.2691 0.084 0.1659 -1.2813 0.0579 0.1913 -1.2844 0.0654 0.1833 -1.2899 0.072 0.1761 -1.2988 0.0775 0.1695 -1.3015 0.067 0.18
58.0 -1.3433 0.0605 0.1825 -1.231 0.0671 0.1869 -1.2382 0.068 0.1853 -1.2416 0.0724 0.1804 -1.2528 0.0758 0.1759 -1.2657 0.0795 0.1707 -1.2642 0.0559 0.195 -1.2707 0.063 0.1872 -1.2788 0.0686 0.1806 -1.2873 0.0723 0.176 -1.2889 0.0641 0.1843
59.0 -1.3319 0.0553 0.1889 -1.2271 0.0597 0.1949 -1.2194 0.0613 0.1939 -1.2199 0.0692 0.1858 -1.2277 0.0731 0.1811 -1.2434 0.0777 0.1749 -1.2652 0.0515 0.1995 -1.2681 0.0578 0.1927 -1.2727 0.0639 0.186 -1.2788 0.0686 0.1806 -1.2833 0.0594 0.1895
60.0 -1.3202 0.0539 0.1916 -1.211 0.0582 0.198 -1.2085 0.0592 0.1973 -1.2106 0.0662 0.1898 -1.221 0.0703 0.1846 -1.2378 0.076 0.1772 -1.2531 0.0476 0.2046 -1.2578 0.0543 0.1973 -1.2633 0.0609 0.19 -1.2713 0.066 0.1841 -1.2731 0.0565 0.1935
61.0 -1.3119 0.0519 0.1944 -1.2244 0.0497 0.2054 -1.1954 0.0548 0.203 -1.1924 0.0626 0.1954 -1.2017 0.0656 0.1914 -1.2221 0.0714 0.1834 -1.2471 0.0436 0.2094 -1.2484 0.0507 0.2019 -1.2513 0.0576 0.1945 -1.2585 0.0634 0.188 -1.2634 0.0534 0.1976
62.0 -1.2972 0.0484 0.1994 -1.2142 0.0468 0.2093 -1.1851 0.0513 0.2076 -1.1837 0.0582 0.2007 -1.1914 0.0621 0.196 -1.2099 0.0669 0.1892 -1.2341 0.0398 0.2145 -1.2352 0.0458 0.2083 -1.2389 0.052 0.2016 -1.2452 0.0579 0.1949 -1.2501 0.0488 0.2037
63.0 -1.2818 0.0456 0.2038 -1.2003 0.0474 0.2101 -1.1731 0.0481 0.2121 -1.173 0.0572 0.2027 -1.1867 0.0603 0.1983 -1.2015 0.0644 0.1926 -1.2235 0.0345 0.2209 -1.2259 0.0428 0.2123 -1.2289 0.0503 0.2043 -1.2346 0.0575 0.1964 -1.2389 0.0461 0.2076
64.0 -1.2718 0.0439 0.2066 -1.1894 0.0404 0.2184 -1.1593 0.0444 0.2172 -1.1571 0.052 0.2096 -1.1673 0.0549 0.2056 -1.1845 0.0575 0.2013 -1.2111 0.0338 0.223 -1.2116 0.0416 0.2149 -1.2153 0.0479 0.2081 -1.2216 0.0537 0.2015 -1.2263 0.0442 0.2108
65.0 -1.2581 0.0409 0.211 -1.1774 0.0371 0.2229 -1.1455 0.0408 0.2223 -1.1418 0.0498 0.2134 -1.1503 0.0536 0.2087 -1.1701 0.0607 0.1995 -1.198 0.0294 0.2287 -1.1985 0.0373 0.2206 -1.2024 0.0447 0.2126 -1.2089 0.0512 0.2054 -1.2132 0.0407 0.2157
66.0 -1.2517 0.0399 0.2127 -1.1673 0.0348 0.2263 -1.1337 0.0387 0.2256 -1.1289 0.0467 0.2179 -1.1382 0.0497 0.2139 -1.1559 0.0504 0.2115 -1.1858 0.0299 0.2295 -1.1871 0.0376 0.2214 -1.1899 0.0433 0.2153 -1.1959 0.0474 0.2105 -1.2021 0.0396 0.2179
67.0 -1.2379 0.0363 0.2178 -1.1569 0.0411 0.2209 -1.123 0.0383 0.227 -1.1166 0.0416 0.2243 -1.1201 0.0418 0.2238 -1.1338 0.0393 0.225 -1.1772 0.031 0.2291 -1.1759 0.0336 0.2266 -1.1769 0.0347 0.2254 -1.1806 0.0354 0.2243 -1.1897 0.0342 0.2246
68.0 -1.2241 0.0326 0.2228 -1.1437 0.041 0.2222 -1.1075 0.0349 0.2321 -1.1048 0.0396 0.2276 -1.1092 0.0396 0.2271 -1.1248 0.0381 0.2271 -1.1599 0.0278 0.2341 -1.1595 0.0303 0.2316 -1.1624 0.0318 0.2298 -1.1671 0.0336 0.2275 -1.1746 0.0312 0.2292
69.0 -1.2167 0.0306 0.2257 -1.1304 0.0349 0.2298 -1.0959 0.0292 0.2391 -1.0938 0.0374 0.2309 -1.1004 0.0395 0.228 -1.1248 0.0436 0.2215 -1.1507 0.0205 0.2425 -1.1518 0.0265 0.2363 -1.1562 0.032 0.2302 -1.1634 0.0378 0.2236 -1.1678 0.0295 0.2316
70.0 -1.2058 0.029 0.2284 -1.1131 0.0421 0.2242 -1.0809 0.0336 0.236 -1.0766 0.0342 0.2359 -1.085 0.0319 0.2374 -1.106 0.0266 0.2407 -1.1384 0.0259 0.2383 -1.1398 0.0238 0.2402 -1.1439 0.0221 0.2416 -1.1518 0.0216 0.2413 -1.156 0.0245 0.2379
71.0 -1.1959 0.0273 0.2311 -1.104 0.0403 0.2269 -1.0679 0.0299 0.2411 -1.0637 0.0311 0.2404 -1.0749 0.0296 0.2408 -1.101 0.0279 0.2399 -1.1285 0.0241 0.241 -1.13 0.0227 0.2423 -1.1342 0.0215 0.2431 -1.1421 0.0217 0.2421 -1.1461 0.0235 0.2399
72.0 -1.1547 0.0182 0.2445 -1.0518 0.0186 0.2543 -1.0352 0.0239 0.2505 -1.0359 0.0281 0.2461 -1.0439 0.0282 0.2452 -1.0595 0.0273 0.2446 -1.0907 0.0146 0.2545 -1.0941 0.019 0.2497 -1.0982 0.0221 0.2461 -1.103 0.0245 0.2431 -1.1082 0.0197 0.2476
73.0 -1.0901 0.011 0.2582 -1.011 0.0363 0.2402 -0.9705 0.0265 0.2542 -0.9631 0.0245 0.2571 -0.9676 0.0196 0.2616 -0.9839 0.0125 0.2672 -1.0269 0.0171 0.2583 -1.0263 0.0135 0.262 -1.0264 0.0092 0.2664 -1.0302 0.0056 0.2697 -1.04 0.0113 0.2629
74.0 -1.0742 0.0107 0.2601 -0.9953 0.0275 0.2508 -0.9589 0.0305 0.2513 -0.9498 0.0287 0.2541 -0.9566 0.0223 0.2599 -0.9785 0.012 0.2683 -1.0204 0.0247 0.2512 -1.019 0.0218 0.2542 -1.0199 0.0168 0.2593 -1.0229 0.0091 0.2669 -1.0313 0.0166 0.2583
75.0 -1.0626 0.0147 0.2572 -0.9742 0.0273 0.2531 -0.9419 0.0341 0.2494 -0.9354 0.0319 0.2522 -0.9445 0.0233 0.2601 -0.9633 0.0104 0.2714 -1.0044 0.0293 0.2481 -1.0046 0.025 0.2524 -1.0069 0.018 0.2594 -1.0114 0.0088 0.2683 -1.018 0.0192 0.2571
76.0 -1.0567 0.0112 0.2613 -0.955 0.0134 0.2692 -0.9407 0.022 0.2618 -0.9397 0.0362 0.2474 -0.9469 0.0474 0.2352 -0.966 0.0559 0.2247 -0.9922 0.0096 0.2694 -0.9957 0.0195 0.259 -1.0026 0.0289 0.2486 -1.0109 0.0357 0.2408 -1.0116 0.021 0.2558
77.0 -1.0502 0.0091 0.2642 -0.9457 0.0152 0.2683 -0.9294 0.0278 0.257 -0.9314 0.0391 0.2452 -0.9482 0.0497 0.2328 -0.9739 0.056 0.2238 -0.9838 0.0119 0.2679 -0.9897 0.0203 0.2587 -0.9989 0.0276 0.2503 -1.0097 0.0341 0.2426 -1.0064 0.0206 0.2567
78.0 -1.0398 0.0099 0.2644 -0.9352 0.0154 0.2691 -0.9204 0.0364 0.2492 -0.9368 0.0396 0.2442 -0.9529 0.0466 0.2354 -0.9759 0.0521 0.2276 -0.9697 0.0169 0.2642 -0.9775 0.0262 0.2539 -0.9893 0.0332 0.2456 -1.0024 0.0375 0.2399 -0.9957 0.0247 0.2536
79.0 -1.0329 0.0108 0.2641 -0.9294 0.0174 0.2676 -0.9169 0.0368 0.249 -0.9382 0.0376 0.2461 -0.9454 0.0489 0.2339 -0.964 0.0598 0.2209 -0.9648 0.0188 0.2628 -0.9727 0.0287 0.2518 -0.9828 0.0365 0.2428 -0.9953 0.0421 0.2358 -0.9897 0.0274 0.2515
80.0 -1.0278 0.0121 0.2633 -0.9253 0.0192 0.2662 -0.9112 0.0345 0.2519 -0.9131 0.0502 0.2358 -0.9259 0.0582 0.2263 -0.9618 0.0619 0.2189 -0.958 0.0203 0.2619 -0.9653 0.0315 0.2497 -0.9765 0.0404 0.2395 -0.9907 0.0464 0.2319 -0.9837 0.0301 0.2492
81.0 -1.0233 0.0115 0.2644 -0.916 0.0217 0.2646 -0.9059 0.0389 0.248 -0.9082 0.0521 0.2343 -0.9194 0.0609 0.2241 -0.9578 0.0594 0.2219 -0.9579 0.0197 0.2625 -0.9642 0.0304 0.2509 -0.9747 0.04 0.24 -0.9874 0.0475 0.2312 -0.9815 0.0298 0.2498
82.0 -1.0187 0.0151 0.2611 -0.9575 0.0527 0.2287 -0.9137 0.0586 0.227 -0.9083 0.0581 0.2281 -0.9182 0.0489 0.2366 -0.9158 0.0303 0.2559 -0.9641 0.0402 0.2409 -0.9615 0.0351 0.2464 -0.9611 0.0278 0.2539 -0.9628 0.0178 0.2639 -0.9736 0.0272 0.2532
83.0 -1.0165 0.013 0.2635 -0.908 0.0258 0.2612 -0.9002 0.047 0.2403 -0.9045 0.0611 0.2254 -0.9245 0.07 0.2144 -0.9587 0.0642 0.2169 -0.9504 0.0268 0.2559 -0.9601 0.0371 0.2445 -0.9729 0.0451 0.235 -0.987 0.05 0.2286 -0.9774 0.0344 0.2455
84.0 -1.0124 0.0197 0.2571 -0.9296 0.0437 0.2408 -0.9049 0.0635 0.223 -0.8992 0.0612 0.2259 -0.9125 0.057 0.2289 -0.9261 0.0441 0.2406 -0.951 0.0408 0.2416 -0.9536 0.0404 0.2417 -0.9593 0.0378 0.2438 -0.9674 0.0337 0.2472 -0.9688 0.0345 0.2463
85.0 -1.0063 0.015 0.2625 -0.9012 0.0322 0.2553 -0.8983 0.0558 0.2314 -0.9084 0.0685 0.2175 -0.9353 0.0765 0.2067 -0.9633 0.0654 0.2152 -0.9395 0.035 0.2487 -0.9516 0.0438 0.2385 -0.9674 0.0489 0.2316 -0.9846 0.0515 0.2273 -0.9699 0.0388 0.2417
86.0 -1.0047 0.0158 0.2618 -0.8999 0.0349 0.2527 -0.9 0.0507 0.2365 -0.9128 0.0685 0.217 -0.9363 0.077 0.2061 -0.9598 0.0756 0.2051 -0.9404 0.0355 0.2481 -0.9525 0.0442 0.2379 -0.9676 0.0501 0.2304 -0.9831 0.0529 0.226 -0.9697 0.0397 0.2408
87.0 -1.0031 0.0166 0.2611 -0.8995 0.038 0.2496 -0.9001 0.0562 0.2309 -0.9202 0.0706 0.2142 -0.9472 0.0743 0.2077 -0.9643 0.0714 0.209 -0.9337 0.037 0.2472 -0.9458 0.0458 0.237 -0.9616 0.0509 0.2302 -0.979 0.0547 0.2246 -0.9646 0.041 0.24
88.0 -1.0014 0.0169 0.261 -0.9019 0.0413 0.2459 -0.9005 0.0537 0.2334 -0.9213 0.0668 0.218 -0.9494 0.0715 0.2103 -0.9658 0.0699 0.2103 -0.9331 0.0389 0.2453 -0.9452 0.0477 0.2351 -0.9602 0.053 0.2282 -0.9776 0.0567 0.2227 -0.9635 0.0426 0.2385
89.0 -1.0015 0.0175 0.2604 -0.9029 0.0424 0.2447 -0.9032 0.0539 0.2329 -0.919 0.064 0.221 -0.946 0.0671 0.2152 -0.9614 0.0699 0.2108 -0.9349 0.0393 0.2447 -0.9461 0.0475 0.2352 -0.9603 0.0536 0.2276 -0.9778 0.0579 0.2214 -0.9641 0.0432 0.2379
90.0 -1.0027 0.0191 0.2586 -0.903 0.043 0.2441 -0.9015 0.0493 0.2378 -0.9127 0.063 0.2226 -0.9473 0.0645 0.2177 -0.9595 0.0689 0.212 -0.9363 0.0373 0.2467 -0.946 0.047 0.2358 -0.9595 0.0537 0.2276 -0.9771 0.0592 0.2201 -0.9643 0.0433 0.2378
91.0 -1.0017 0.0187 0.2592 -0.9024 0.0443 0.2428 -0.9017 0.0505 0.2366 -0.9132 0.0605 0.2252 -0.9484 0.0607 0.2215 -0.9635 0.0666 0.214 -0.9343 0.0357 0.2485 -0.9431 0.0455 0.2376 -0.9574 0.0521 0.2294 -0.9742 0.0572 0.2225 -0.9621 0.0418 0.2394
92.0 -1.0002 0.0201 0.2579 -0.9022 0.0431 0.2441 -0.9016 0.0499 0.2372 -0.9123 0.0607 0.2251 -0.9483 0.0601 0.2221 -0.9643 0.0665 0.214 -0.9344 0.0363 0.2478 -0.9431 0.0455 0.2376 -0.9566 0.0522 0.2293 -0.9742 0.0572 0.2225 -0.9617 0.0423 0.239
93.0 -0.9987 0.0215 0.2566 -0.9019 0.0413 0.2459 -0.9041 0.0489 0.2379 -0.9196 0.0572 0.2279 -0.9525 0.0589 0.2229 -0.9641 0.0653 0.2153 -0.9339 0.0382 0.2459 -0.9444 0.0478 0.2351 -0.9577 0.0539 0.2275 -0.9744 0.0584 0.2213 -0.9618 0.044 0.2373
94.0 -0.9988 0.0221 0.256 -0.9038 0.0423 0.2448 -0.9034 0.0502 0.2366 -0.9162 0.0577 0.2278 -0.9523 0.0577 0.2242 -0.9631 0.0642 0.2165 -0.9371 0.0365 0.2473 -0.9459 0.0464 0.2364 -0.9585 0.0532 0.2282 -0.9744 0.0584 0.2213 -0.9629 0.0433 0.2378
95.0 -1.0007 0.0231 0.2548 -0.9173 0.0441 0.2416 -0.906 0.0499 0.2367 -0.9189 0.0579 0.2272 -0.944 0.0607 0.222 -0.9555 0.0664 0.2149 -0.9393 0.0393 0.2443 -0.9469 0.0474 0.2352 -0.9583 0.052 0.2294 -0.9719 0.0544 0.2256 -0.9634 0.0432 0.2378
96.0 -1.0025 0.0234 0.2542 -0.9574 0.0668 0.2144 -0.9341 0.0595 0.2241 -0.9267 0.0575 0.2269 -0.9154 0.0535 0.2321 -0.9053 0.0457 0.2411 -0.9513 0.0523 0.2298 -0.9461 0.0475 0.2352 -0.9448 0.0404 0.2426 -0.9448 0.03 0.2532 -0.9579 0.0387 0.243
97.0 -0.9977 0.021 0.2572 -0.9022 0.0431 0.2441 -0.9036 0.0514 0.2354 -0.9163 0.0583 0.2271 -0.9515 0.0584 0.2235 -0.964 0.0647 0.2159 -0.9339 0.0382 0.2459 -0.9434 0.0473 0.2357 -0.9568 0.0534 0.2281 -0.9734 0.0579 0.2219 -0.961 0.0436 0.2378
98.0 -1.0004 0.0213 0.2566 -0.9029 0.0424 0.2447 -0.9042 0.0495 0.2373 -0.9178 0.0569 0.2285 -0.9531 0.0576 0.2242 -0.964 0.0647 0.2159 -0.9388 0.0363 0.2474 -0.9475 0.0455 0.2371 -0.961 0.0523 0.2289 -0.9768 0.0574 0.222 -0.9649 0.0426 0.2384
99.0 -1.0024 0.0228 0.2548 -0.9599 0.0664 0.2145 -0.9266 0.0569 0.2275 -0.9195 0.0566 0.2285 -0.9137 0.0537 0.232 -0.9072 0.0467 0.2399 -0.9519 0.0504 0.2316 -0.9467 0.0462 0.2364 -0.9446 0.0392 0.2439 -0.9448 0.03 0.2532 -0.9581 0.0377 0.244
100.0 -1.0004 0.0213 0.2566 -0.903 0.043 0.2441 -0.9023 0.0486 0.2385 -0.9136 0.058 0.2277 -0.9505 0.0579 0.2241 -0.9623 0.0649 0.2158 -0.9363 0.0373 0.2467 -0.9451 0.0471 0.2358 -0.9577 0.0539 0.2275 -0.9736 0.0591 0.2206 -0.9626 0.0437 0.2374
101.0 -1.0002 0.0201 0.2579 -0.9039 0.0429 0.2442 -0.9034 0.0502 0.2366 -0.9179 0.0575 0.2278 -0.9489 0.0588 0.2234 -0.9623 0.0649 0.2158 -0.9372 0.0371 0.2467 -0.9467 0.0462 0.2364 -0.961 0.0523 0.2289 -0.9767 0.0568 0.2226 -0.9644 0.0425 0.2385
102.0 -0.9994 0.0208 0.2572 -0.9022 0.0431 0.2441 -0.9035 0.0508 0.236 -0.9154 0.0584 0.2271 -0.9505 0.0579 0.2241 -0.9647 0.0634 0.2172 -0.9346 0.0375 0.2466 -0.9442 0.0472 0.2357 -0.9585 0.0532 0.2282 -0.9751 0.0577 0.2219 -0.9624 0.0433 0.2379
103.0 -0.9995 0.0214 0.2566 -0.9035 0.0405 0.2466 -0.904 0.0483 0.2385 -0.9189 0.0579 0.2272 -0.9518 0.0602 0.2217 -0.9652 0.0663 0.2141 -0.9346 0.0375 0.2466 -0.9451 0.0471 0.2358 -0.9586 0.0538 0.2275 -0.9743 0.0578 0.2219 -0.9624 0.0435 0.2377
104.0 -1.0014 0.0218 0.2561 -0.9065 0.0425 0.2443 -0.9025 0.0498 0.2372 -0.9148 0.0597 0.2258 -0.9491 0.06 0.2222 -0.9617 0.0662 0.2145 -0.9344 0.0363 0.2478 -0.9432 0.0461 0.2369 -0.9558 0.053 0.2287 -0.9718 0.0587 0.2212 -0.9613 0.0432 0.2381
105.0 -1.0028 0.0197 0.258 -0.8999 0.0403 0.2471 -0.9027 0.0559 0.231 -0.9195 0.0664 0.2185 -0.9456 0.0702 0.212 -0.9608 0.0712 0.2095 -0.9324 0.0396 0.2446 -0.9427 0.0486 0.2344 -0.957 0.0546 0.2269 -0.9735 0.0585 0.2212 -0.9617 0.0442 0.237
106.0 -1.0025 0.0179 0.2598 -0.8997 0.0391 0.2484 -0.901 0.0616 0.2253 -0.9217 0.0692 0.2155 -0.9409 0.0733 0.2094 -0.9607 0.0706 0.2101 -0.9324 0.0396 0.2446 -0.9445 0.0484 0.2345 -0.9587 0.0544 0.2269 -0.976 0.0576 0.222 -0.9628 0.0436 0.2376
107.0 -1.0036 0.0196 0.258 -0.9047 0.0324 0.2548 -0.9012 0.0524 0.2347 -0.9136 0.0678 0.2177 -0.9333 0.0749 0.2084 -0.9557 0.0725 0.2087 -0.9369 0.0353 0.2486 -0.9484 0.046 0.2365 -0.9627 0.052 0.2289 -0.9781 0.0548 0.2245 -0.966 0.0416 0.2393
108.0 -1.0041 0.0171 0.2605 -0.9022 0.0333 0.2541 -0.8971 0.0591 0.2283 -0.9098 0.0714 0.2144 -0.9319 0.077 0.2065 -0.9531 0.0729 0.2086 -0.9388 0.0363 0.2474 -0.9499 0.0446 0.2378 -0.964 0.0494 0.2315 -0.9804 0.0527 0.2265 -0.9674 0.04 0.2407
109.0 -1.0084 0.0165 0.2607 -0.9086 0.0294 0.2575 -0.8973 0.0554 0.232 -0.9046 0.0672 0.2192 -0.9273 0.0757 0.2082 -0.9498 0.0739 0.2078 -0.9434 0.032 0.2513 -0.9537 0.041 0.2411 -0.9672 0.0477 0.2329 -0.9837 0.0516 0.2273 -0.9713 0.0378 0.2426
110.0 -1.0099 0.0151 0.262 -0.9067 0.0284 0.2586 -0.8963 0.0549 0.2326 -0.9066 0.0682 0.218 -0.9291 0.0761 0.2077 -0.9531 0.0729 0.2086 -0.9454 0.0336 0.2495 -0.9557 0.042 0.2399 -0.9699 0.048 0.2323 -0.9856 0.052 0.2267 -0.9733 0.0381 0.2421
111.0 -1.0159 0.0143 0.2622 -0.9075 0.0283 0.2587 -0.9006 0.0543 0.2328 -0.9094 0.069 0.2169 -0.9255 0.076 0.2081 -0.9515 0.0737 0.2079 -0.9501 0.0305 0.2522 -0.9597 0.0402 0.2413 -0.9724 0.0471 0.2331 -0.9855 0.0514 0.2273 -0.9767 0.0367 0.2432
112.0 -1.0176 0.0141 0.2623 -0.909 0.0269 0.26 -0.902 0.0523 0.2347 -0.9085 0.0642 0.2219 -0.9305 0.0741 0.2096 -0.9557 0.0725 0.2087 -0.9501 0.0305 0.2522 -0.9606 0.0401 0.2414 -0.9742 0.0474 0.2325 -0.9882 0.0522 0.2262 -0.9782 0.0369 0.2429
113.0 -1.0222 0.0153 0.2606 -0.9158 0.0254 0.2609 -0.9057 0.053 0.2336 -0.9088 0.0605 0.2256 -0.9353 0.0716 0.2116 -0.959 0.066 0.2151 -0.9563 0.0309 0.2512 -0.9649 0.0395 0.2415 -0.9764 0.0447 0.2351 -0.9892 0.0478 0.2306 -0.9818 0.0356 0.2438
114.0 -1.0242 0.0114 0.2644 -0.914 0.025 0.2614 -0.9067 0.0486 0.238 -0.9097 0.061 0.225 -0.9319 0.0721 0.2115 -0.9618 0.0668 0.2139 -0.9564 0.026 0.2562 -0.9661 0.0363 0.2447 -0.9779 0.0433 0.2364 -0.9918 0.0475 0.2307 -0.9833 0.0329 0.2465
115.0 -1.0277 0.0115 0.2639 -0.9204 0.0217 0.2642 -0.9091 0.0476 0.2387 -0.9536 0.0502 0.2317 -0.9654 0.0572 0.2234 -0.9757 0.0613 0.2182 -0.9552 0.0243 0.258 -0.9649 0.0346 0.2465 -0.9777 0.0421 0.2376 -0.9918 0.0475 0.2307 -0.9835 0.032 0.2474
116.0 -1.0575 0.0105 0.262 -0.9512 0.0163 0.2666 -0.9428 0.0388 0.2444 -0.9473 0.0443 0.2383 -0.9579 0.0496 0.2319 -0.9805 0.0533 0.2259 -0.9894 0.024 0.255 -0.9972 0.0333 0.2446 -1.0081 0.0398 0.2369 -1.0201 0.0431 0.2324 -1.0145 0.0301 0.2462
117.0 -1.0722 0.0091 0.2619 -0.9606 0.015 0.267 -0.9449 0.0361 0.247 -0.9461 0.0475 0.2352 -0.9605 0.0548 0.2264 -0.9882 0.0571 0.2212 -0.9982 0.0185 0.2597 -1.0052 0.0286 0.2487 -1.0154 0.0364 0.2397 -1.027 0.0427 0.2321 -1.0236 0.0271 0.2484
118.0 -1.0773 0.0085 0.2621 -0.9722 0.0159 0.2649 -0.9521 0.0418 0.2404 -0.9522 0.0522 0.2298 -0.9697 0.0621 0.218 -1.0026 0.0637 0.213 -1.0044 0.0189 0.2587 -1.0113 0.0284 0.2483 -1.0232 0.0359 0.2394 -1.0381 0.0406 0.2331 -1.0309 0.0265 0.2483
119.0 -1.0841 0.0118 0.258 -0.981 0.016 0.264 -0.9637 0.0427 0.2384 -0.97 0.0535 0.2267 -0.9877 0.059 0.2193 -1.0142 0.0597 0.216 -1.0148 0.0181 0.2584 -1.0217 0.0276 0.2481 -1.0311 0.0361 0.2385 -1.0437 0.0423 0.2308 -1.0391 0.0272 0.2468
120.0 -1.0975 0.0131 0.2554 -0.9917 0.017 0.2619 -0.9739 0.0407 0.2394 -0.9793 0.0516 0.2277 -0.9953 0.0574 0.2202 -1.0229 0.0592 0.2157 -1.0255 0.0191 0.2564 -1.0315 0.0281 0.2466 -1.0416 0.0353 0.2382 -1.053 0.0404 0.2318 -1.0498 0.0272 0.2457
121.0 -1.1082 0.0141 0.2533 -1.0 0.0189 0.2591 -0.9823 0.0433 0.236 -0.9875 0.053 0.2255 -1.0017 0.059 0.218 -1.03 0.0594 0.2147 -1.0363 0.0201 0.2543 -1.0431 0.029 0.2446 -1.0532 0.0361 0.2362 -1.0656 0.0418 0.2292 -1.0613 0.0282 0.2435
122.0 -1.1139 0.0115 0.2554 -1.0105 0.0187 0.2583 -0.9912 0.0439 0.2344 -0.9954 0.0531 0.2246 -1.0105 0.059 0.2171 -1.0387 0.0589 0.2144 -1.0442 0.0203 0.2533 -1.0519 0.029 0.2436 -1.062 0.0362 0.2353 -1.0751 0.0411 0.2289 -1.0694 0.0276 0.2433
123.0 -1.1262 0.011 0.2546 -1.0203 0.0192 0.2568 -1.0001 0.0445 0.2329 -1.0036 0.0544 0.2224 -1.0175 0.0587 0.2167 -1.0481 0.0576 0.2148 -1.0525 0.0222 0.2505 -1.0602 0.0309 0.2408 -1.071 0.0374 0.2331 -1.084 0.0418 0.2274 -1.0788 0.0287 0.2413
124.0 -1.1338 0.0143 0.2506 -1.032 0.0207 0.2541 -1.0096 0.0439 0.2326 -1.0106 0.0541 0.2221 -1.028 0.0585 0.2159 -1.0599 0.0597 0.2115 -1.0631 0.0226 0.2491 -1.0691 0.0316 0.2393 -1.079 0.0382 0.2316 -1.0921 0.0425 0.2258 -1.0874 0.0298 0.2393
125.0 -1.1443 0.0141 0.2497 -1.0399 0.0208 0.2532 -1.0176 0.044 0.2317 -1.0211 0.0539 0.2212 -1.0352 0.0593 0.2143 -1.0637 0.061 0.2098 -1.0711 0.0233 0.2475 -1.077 0.0317 0.2384 -1.086 0.0378 0.2312 -1.0984 0.0435 0.2242 -1.0954 0.0301 0.2382
126.0 -1.1567 0.0197 0.2427 -1.0517 0.0229 0.2499 -1.0286 0.0468 0.2278 -1.0292 0.0553 0.219 -1.0416 0.0603 0.2126 -1.0684 0.0628 0.2074 -1.0813 0.0262 0.2435 -1.0862 0.0341 0.235 -1.0945 0.041 0.2272 -1.1043 0.047 0.2201 -1.1046 0.0336 0.2337
127.0 -1.1655 0.0198 0.2418 -1.0628 0.0257 0.2459 -1.0368 0.0481 0.2256 -1.0402 0.0574 0.2157 -1.0551 0.0622 0.2094 -1.0791 0.0638 0.2054 -1.0894 0.027 0.242 -1.0952 0.0354 0.2328 -1.1043 0.0421 0.2251 -1.1158 0.0472 0.2186 -1.1141 0.0343 0.2321
128.0 -1.1813 0.0195 0.2405 -1.0724 0.0256 0.2451 -1.0487 0.0508 0.2217 -1.0521 0.0601 0.2118 -1.0675 0.0629 0.2074 -1.0979 0.0655 0.2017 -1.0996 0.0299 0.238 -1.1054 0.0383 0.2289 -1.1161 0.0441 0.2218 -1.1303 0.0496 0.2148 -1.1265 0.0363 0.2288
129.0 -1.1949 0.0219 0.2367 -1.088 0.029 0.24 -1.0638 0.0518 0.2191 -1.0662 0.0606 0.2099 -1.0807 0.063 0.206 -1.1095 0.0664 0.1997 -1.1143 0.0334 0.2329 -1.12 0.0412 0.2244 -1.1299 0.0472 0.2173 -1.143 0.0521 0.211 -1.1404 0.0391 0.2245
130.0 -1.2107 0.0265 0.2304 -1.0982 0.0319 0.2361 -1.0782 0.0535 0.2159 -1.0776 0.0603 0.209 -1.0868 0.0628 0.2057 -1.1114 0.0625 0.2035 -1.1307 0.0367 0.228 -1.1363 0.0439 0.2201 -1.1441 0.0483 0.2147 -1.1542 0.0506 0.2114 -1.1552 0.0412 0.2209
131.0 -1.2259 0.0281 0.2273 -1.1192 0.0364 0.2294 -1.0943 0.055 0.2128 -1.0936 0.0612 0.2065 -1.1035 0.0623 0.2044 -1.136 0.0622 0.2013 -1.1504 0.0389 0.2237 -1.1538 0.0433 0.2189 -1.1631 0.0463 0.2149 -1.1764 0.0464 0.2135 -1.1739 0.0406 0.2196
132.0 -1.2302 0.0275 0.2274 -1.1361 0.0378 0.2263 -1.1125 0.0587 0.2073 -1.1139 0.0664 0.1992 -1.1249 0.0692 0.1953 -1.1513 0.0693 0.1925 -1.1626 0.0385 0.223 -1.1682 0.0451 0.2157 -1.1771 0.0506 0.2092 -1.1893 0.055 0.2034 -1.1855 0.0433 0.2157
133.0 -1.2473 0.0295 0.2237 -1.1491 0.0415 0.2212 -1.1288 0.0614 0.2029 -1.1301 0.0685 0.1955 -1.1408 0.0695 0.1934 -1.1671 0.069 0.1913 -1.1788 0.0406 0.2192 -1.1844 0.0471 0.2119 -1.1923 0.0522 0.206 -1.2036 0.0562 0.2008 -1.2013 0.0451 0.2123
134.0 -1.2558 0.0326 0.2197 -1.1656 0.0454 0.2156 -1.1457 0.067 0.1954 -1.1483 0.0722 0.1899 -1.1584 0.0745 0.1866 -1.1792 0.0729 0.1861 -1.1927 0.0442 0.2141 -1.199 0.0501 0.2075 -1.2068 0.0545 0.2022 -1.2161 0.0575 0.1982 -1.2141 0.0478 0.2083
135.0 -1.2701 0.0343 0.2165 -1.1827 0.0474 0.2119 -1.1598 0.0676 0.1935 -1.1618 0.074 0.1867 -1.172 0.0769 0.1827 -1.195 0.0775 0.1799 -1.2079 0.0458 0.211 -1.2125 0.0519 0.2043 -1.2204 0.0569 0.1983 -1.2307 0.0604 0.1937 -1.2283 0.0499 0.2048
136.0 -1.2823 0.0388 0.2107 -1.1939 0.0513 0.2067 -1.1783 0.0724 0.1867 -1.1793 0.0784 0.1805 -1.1904 0.0812 0.1766 -1.2131 0.0805 0.175 -1.2192 0.0498 0.2058 -1.2246 0.0558 0.1991 -1.2325 0.0608 0.1932 -1.2447 0.0647 0.188 -1.2407 0.054 0.1994
137.0 -1.2996 0.042 0.2058 -1.207 0.0557 0.2009 -1.1921 0.076 0.1816 -1.1943 0.0837 0.1736 -1.2059 0.0845 0.1715 -1.2315 0.0848 0.1688 -1.2329 0.0528 0.2013 -1.2383 0.0588 0.1947 -1.2463 0.0638 0.1887 -1.2575 0.0678 0.1835 -1.2549 0.057 0.1948
138.0 -1.3116 0.0452 0.2012 -1.2252 0.0593 0.1954 -1.191 0.0695 0.1885 -1.2077 0.0849 0.171 -1.2174 0.0897 0.1651 -1.2428 0.0893 0.163 -1.2409 0.0536 0.1998 -1.2476 0.0612 0.1913 -1.2574 0.0672 0.1842 -1.2705 0.0716 0.1784 -1.2656 0.0598 0.191
139.0 -1.3274 0.0498 0.195 -1.2401 0.0689 0.1841 -1.227 0.0842 0.1699 -1.2314 0.0897 0.1638 -1.2408 0.0927 0.1598 -1.2576 0.0934 0.1573 -1.2592 0.0621 0.1892 -1.2656 0.0686 0.182 -1.2745 0.0741 0.1755 -1.2848 0.0782 0.1702 -1.2823 0.0665 0.1824
140.0 -1.3456 0.0535 0.1895 -1.2526 0.0801 0.1715 -1.2473 0.09 0.1619 -1.2534 0.0946 0.1565 -1.265 0.0955 0.1545 -1.2801 0.0965 0.1519 -1.2729 0.07 0.1798 -1.2791 0.0753 0.1738 -1.2895 0.0794 0.1685 -1.3013 0.0815 0.1653 -1.2977 0.0719 0.1754
141.0 -1.3599 0.0595 0.1819 -1.2685 0.0853 0.1646 -1.2796 0.0886 0.16 -1.2827 0.0913 0.157 -1.2895 0.0898 0.1579 -1.2878 0.0949 0.1529 -1.2773 0.0755 0.1737 -1.2783 0.0809 0.1681 -1.2816 0.0847 0.1639 -1.2857 0.0878 0.1603 -1.2966 0.0777 0.1696
141.0 -1.3599 0.0595 0.1819 -1.2685 0.0853 0.1646 -1.2796 0.0886 0.16 -1.2827 0.0913 0.157 -1.2895 0.0898 0.1579 -1.2878 0.0949 0.1529 -1.2773 0.0755 0.1737 -1.2783 0.0809 0.1681 -1.2816 0.0847 0.1639 -1.2857 0.0878 0.1603 -1.2966 0.0777 0.1696
141.0 -1.3599 0.0595 0.1819 -1.2685 0.0853 0.1646 -1.2796 0.0886 0.16 -1.2827 0.0913 0.157 -1.2895 0.0898 0.1579 -1.2878 0.0949 0.1529 -1.2773 0.0755 0.1737 -1.2783 0.0809 0.1681 -1.2816 0.0847 0.1639 -1.2857 0.0878 0.1603 -1.2966 0.0777 0.1696
141.0 -1.3599 0.0595 0.1819 -1.2685 0.0853 0.1646 -1.2796 0.0886 0.16 -1.2827 0.0913 0.157 -1.2895 0.0898 0.1579 -1.2878 0.0949 0.1529 -1.2773 0.0755 0.1737 -1.2783 0.0809 0.1681 -1.2816 0.0847 0.1639 -1.2857 0.0878 0.1603 -1.2966 0.0777 0.1696
141.0 -1.3599 0.0595 0.1819 -1.2685 0.0853 0.1646 -1.2796 0.0886 0.16 -1.2827 0.0913 0.157 -1.2895 0.0898 0.1579 -1.2878 0.0949 0.1529 -1.2773 0.0755 0.1737 -1.2783 0.0809 0.1681 -1.2816 0.0847 0.1639 -1.2857 0.0878 0.1603 -1.2966 0.0777 0.1696
141.0 -1.3599 0.0595 0.1819 -1.2685 0.0853 0.1646 -1.2796 0.0886 0.16 -1.2827 0.0913 0.157 -1.2895 0.0898 0.1579 -1.2878 0.0949 0.1529 -1.2773 0.0755 0.1737 -1.2783 0.0809 0.1681 -1.2816 0.0847 0.1639 -1.2857 0.0878 0.1603 -1.2966 0.0777 0.1696
141.0 -1.3599 0.0595 0.1819 -1.2685 0.0853 0.1646 -1.2796 0.0886 0.16 -1.2827 0.0913 0.157 -1.2895 0.0898 0.1579 -1.2878 0.0949 0.1529 -1.2773 0.0755 0.1737 -1.2783 0.0809 0.1681 -1.2816 0.0847 0.1639 -1.2857 0.0878 0.1603 -1.2966 0.0777 0.1696
141.0 -1.3599 0.0595 0.1819 -1.2685 0.0853 0.1646 -1.2796 0.0886 0.16 -1.2827 0.0913 0.157 -1.2895 0.0898 0.1579 -1.2878 0.0949 0.1529 -1.2773 0.0755 0.1737 -1.2783 0.0809 0.1681 -1.2816 0.0847 0.1639 -1.2857 0.0878 0.1603 -1.2966 0.0777 0.1696
141.0 -1.3599 0.0595 0.1819 -1.2685 0.0853 0.1646 -1.2796 0.0886 0.16 -1.2827 0.0913 0.157 -1.2895 0.0898 0.1579 -1.2878 0.0949 0.1529 -1.2773 0.0755 0.1737 -1.2783 0.0809 0.1681 -1.2816 0.0847 0.1639 -1.2857 0.0878 0.1603 -1.2966 0.0777 0.1696
141.0 -1.3599 0.0595 0.1819 -1.2685 0.0853 0.1646 -1.2796 0.0886 0.16 -1.2827 0.0913 0.157 -1.2895 0.0898 0.1579 -1.2878 0.0949 0.1529 -1.2773 0.0755 0.1737 -1.2783 0.0809 0.1681 -1.2816 0.0847 0.1639 -1.2857 0.0878 0.1603 -1.2966 0.0777 0.1696
141.0 -1.3599 0.0595 0.1819 -1.2685 0.0853 0.1646 -1.2796 0.0886 0.16 -1.2827 0.0913 0.157 -1.2895 0.0898 0.1579 -1.2878 0.0949 0.1529 -1.2773 0.0755 0.1737 -1.2783 0.0809 0.1681 -1.2816 0.0847 0.1639 -1.2857 0.0878 0.1603 -1.2966 0.0777 0.1696
141.0 -1.3599 0.0595 0.1819 -1.2685 0.0853 0.1646 -1.2796 0.0886 0.16 -1.2827 0.0913 0.157 -1.2895 0.0898 0.1579 -1.2878 0.0949 0.1529 -1.2773 0.0755 0.1737 -1.2783 0.0809 0.1681 -1.2816 0.0847 0.1639 -1.2857 0.0878 0.1603 -1.2966 0.0777 0.1696
141.0 -1.3599 0.0595 0.1819 -1.2685 0.0853 0.1646 -1.2796 0.0886 0.16 -1.2827 0.0913 0.157 -1.2895 0.0898 0.1579 -1.2878 0.0949 0.1529 -1.2773 0.0755 0.1737 -1.2783 0.0809 0.1681 -1.2816 0.0847 0.1639 -1.2857 0.0878 0.1603 -1.2966 0.0777 0.1696
141.0 -1.3599 0.0595 0.1819 -1.2685 0.0853 0.1646 -1.2796 0.0886 0.16 -1.2827 0.0913 0.157 -1.2895 0.0898 0.1579 -1.2878 0.0949 0.1529 -1.2773 0.0755 0.1737 -1.2783 0.0809 0.1681 -1.2816 0.0847 0.1639 -1.2857 0.0878 0.1603 -1.2966 0.0777 0.1696
141.0 -1.3599 0.0595 0.1819 -1.2685 0.0853 0.1646 -1.2796 0.0886 0.16 -1.2827 0.0913 0.157 -1.2895 0.0898 0.1579 -1.2878 0.0949 0.1529 -1.2773 0.0755 0.1737 -1.2783 0.0809 0.1681 -1.2816 0.0847 0.1639 -1.2857 0.0878 0.1603 -1.2966 0.0777 0.1696
141.0 -1.3599 0.0595 0.1819 -1.2685 0.0853 0.1646 -1.2796 0.0886 0.16 -1.2827 0.0913 0.157 -1.2895 0.0898 0.1579 -1.2878 0.0949 0.1529 -1.2773 0.0755 0.1737 -1.2783 0.0809 0.1681 -1.2816 0.0847 0.1639 -1.2857 0.0878 0.1603 -1.2966 0.0777 0.1696
141.0 -1.3599 0.0595 0.1819 -1.2685 0.0853 0.1646 -1.2796 0.0886 0.16 -1.2827 0.0913 0.157 -1.2895 0.0898 0.1579 -1.2878 0.0949 0.1529 -1.2773 0.0755 0.1737 -1.2783 0.0809 0.1681 -1.2816 0.0847 0.1639 -1.2857 0.0878 0.1603 -1.2966 0.0777 0.1696
141.0 -1.3599 0.0595 0.1819 -1.2685 0.0853 0.1646 -1.2796 0.0886 0.16 -1.2827 0.0913 0.157 -1.2895 0.0898 0.1579 -1.2878 0.0949 0.1529 -1.2773 0.0755 0.1737 -1.2783 0.0809 0.1681 -1.2816 0.0847 0.1639 -1.2857 0.0878 0.1603 -1.2966 0.0777 0.1696
141.0 -1.3599 0.0595 0.1819 -1.2685 0.0853 0.1646 -1.2796 0.0886 0.16 -1.2827 0.0913 0.157 -1.2895 0.0898 0.1579 -1.2878 0.0949 0.1529 -1.2773 0.0755 0.1737 -1.2783 0.0809 0.1681 -1.2816 0.0847 0.1639 -1.2857 0.0878 0.1603 -1.2966 0.0777 0.1696
141.0 -1.3599 0.0595 0.1819 -1.2685 0.0853 0.1646 -1.2796 0.0886 0.16 -1.2827 0.0913 0.157 -1.2895 0.0898 0.1579 -1.2878 0.0949 0.1529 -1.2773 0.0755 0.1737 -1.2783 0.0809 0.1681 -1.2816 0.0847 0.1639 -1.2857 0.0878 0.1603 -1.2966 0.0777 0.1696
141.0 -1.3599 0.0595 0.1819 -1.2685 0.0853 0.1646 -1.2796 0.0886 0.16 -1.2827 0.0913 0.157 -1.2895 0.0898 0.1579 -1.2878 0.0949 0.1529 -1.2773 0.0755 0.1737 -1.2783 0.0809 0.1681 -1.2816 0.0847 0.1639 -1.2857 0.0878 0.1603 -1.2966 0.0777 0.1696
141.0 -1.3599 0.0595 0.1819 -1.2685 0.0853 0.1646 -1.2796 0.0886 0.16 -1.2827 0.0913 0.157 -1.2895 0.0898 0.1579 -1.2878 0.0949 0.1529 -1.2773 0.0755 0.1737 -1.2783 0.0809 0.1681 -1.2816 0.0847 0.1639 -1.2857 0.0878 0.1603 -1.2966 0.0777 0.1696
141.0 -1.3599 0.0595 0.1819 -1.2685 0.0853 0.1646 -1.2796 0.0886 0.16 -1.2827 0.0913 0.157 -1.2895 0.0898 0.1579 -1.2878 0.0949 0.1529 -1.2773 0.0755 0.1737 -1.2783 0.0809 0.1681 -1.2816 0.0847 0.1639 -1.2857 0.0878 0.1603 -1.2966 0.0777 0.1696
141.0 -1.3599 0.0595 0.1819 -1.2685 0.0853 0.1646 -1.2796 0.0886 0.16 -1.2827 0.0913 0.157 -1.2895 0.0898 0.1579 -1.2878 0.0949 0.1529 -1.2773 0.0755 0.1737 -1.2783 0.0809 0.1681 -1.2816 0.0847 0.1639 -1.2857 0.0878 0.1603 -1.2966 0.0777 0.1696
141.0 -1.3599 0.0595 0.1819 -1.2685 0.0853 0.1646 -1.2796 0.0886 0.16 -1.2827 0.0913 0.157 -1.2895 0.0898 0.1579 -1.2878 0.0949 0.1529 -1.2773 0.0755 0.1737 -1.2783 0.0809 0.1681 -1.2816 0.0847 0.1639 -1.2857 0.0878 0.1603 -1.2966 0.0777 0.1696
141.0 -1.3599 0.0595 0.1819 -1.2685 0.0853 0.1646 -1.2796 0.0886 0.16 -1.2827 0.0913 0.157 -1.2895 0.0898 0.1579 -1.2878 0.0949 0.1529 -1.2773 0.0755 0.1737 -1.2783 0.0809 0.1681 -1.2816 0.0847 0.1639 -1.2857 0.0878 0.1603 -1.2966 0.0777 0.1696
141.0 -1.3599 0.0595 0.1819 -1.2685 0.0853 0.1646 -1.2796 0.0886 0.16 -1.2827 0.0913 0.157 -1.2895 0.0898 0.1579 -1.2878 0.0949 0.1529 -1.2773 0.0755 0.1737 -1.2783 0.0809 0.1681 -1.2816 0.0847 0.1639 -1.2857 0.0878 0.1603 -1.2966 0.0777 0.1696
141.0 -1.3599 0.0595 0.1819 -1.2685 0.0853 0.1646 -1.2796 0.0886 0.16 -1.2827 0.0913 0.157 -1.2895 0.0898 0.1579 -1.2878 0.0949 0.1529 -1.2773 0.0755 0.1737 -1.2783 0.0809 0.1681 -1.2816 0.0847 0.1639 -1.2857 0.0878 0.1603 -1.2966 0.0777 0.1696
141.0 -1.3599 0.0595 0.1819 -1.2685 0.0853 0.1646 -1.2796 0.0886 0.16 -1.2827 0.0913 0.157 -1.2895 0.0898 0.1579 -1.2878 0.0949 0.1529 -1.2773 0.0755 0.1737 -1.2783 0.0809 0.1681 -1.2816 0.0847 0.1639 -1.2857 0.0878 0.1603 -1.2966 0.0777 0.1696
141.0 -1.3599 0.0595 0.1819 -1.2685 0.0853 0.1646 -1.2796 0.0886 0.16 -1.2827 0.0913 0.157 -1.2895 0.0898 0.1579 -1.2878 0.0949 0.1529 -1.2773 0.0755 0.1737 -1.2783 0.0809 0.1681 -1.2816 0.0847 0.1639 -1.2857 0.0878 0.1603 -1.2966 0.0777 0.1696
141.0 -1.3599 0.0595 0.1819 -1.2685 0.0853 0.1646 -1.2796 0.0886 0.16 -1.2827 0.0913 0.157 -1.2895 0.0898 0.1579 -1.2878 0.0949 0.1529 -1.2773 0.0755 0.1737 -1.2783 0.0809 0.1681 -1.2816 0.0847 0.1639 -1.2857 0.0878 0.1603 -1.2966 0.0777 0.1696
141.0 -1.3599 0.0595 0.1819 -1.2685 0.0853 0.1646 -1.2796 0.0886 0.16 -1.2827 0.0913 0.157 -1.2895 0.0898 0.1579 -1.2878 0.0949 0.1529 -1.2773 0.0755 0.1737 -1.2783 0.0809 0.1681 -1.2816 0.0847 0.1639 -1.2857 0.0878 0.1603 -1.2966 0.0777 0.1696
