1.0 -1.3679 0.0047 0.2372 -1.309 -0.01 0.258 -1.2445 -0.0117 0.2661 -1.2357 -0.0013 0.2564 -1.241 0.009 0.2454 -1.2643 0.026 0.2256 -1.3123 -0.0214 0.2693 -1.306 -0.012 0.2604 -1.3051 -0.0021 0.2503 -1.3096 0.0089 0.2386 -1.3202 -0.0044 0.2512
2.0 -1.3661 0.0049 0.2371 -1.3092 -0.0088 0.2567 -1.2444 -0.0123 0.2667 -1.2349 -0.0012 0.2564 -1.2409 0.0084 0.246 -1.2635 0.0267 0.225 -1.3122 -0.022 0.27 -1.306 -0.012 0.2604 -1.3051 -0.0021 0.2503 -1.3088 0.009 0.2386 -1.3196 -0.0045 0.2513
3.0 -1.3671 0.0054 0.2365 -1.3082 -0.0093 0.2573 -1.2436 -0.0116 0.2661 -1.234 -0.0011 0.2563 -1.2401 0.0085 0.2459 -1.2634 0.0261 0.2256 -1.3114 -0.0213 0.2693 -1.3051 -0.0119 0.2603 -1.3051 -0.0021 0.2503 -1.3088 0.009 0.2386 -1.3195 -0.0042 0.251
4.0 -1.3662 0.0055 0.2365 -1.3091 -0.0094 0.2574 -1.2445 -0.0117 0.2661 -1.2348 -0.0018 0.257 -1.2393 0.0092 0.2453 -1.2635 0.0267 0.225 -1.3114 -0.0213 0.2693 -1.3043 -0.0118 0.2603 -1.3034 -0.0019 0.2503 -1.3079 0.0091 0.2386 -1.3186 -0.0041 0.251
5.0 -1.366 0.0043 0.2377 -1.3083 -0.0087 0.2567 -1.2436 -0.0116 0.2661 -1.234 -0.0011 0.2563 -1.2402 0.0091 0.2453 -1.2635 0.0267 0.225 -1.3113 -0.0219 0.2699 -1.3051 -0.0119 0.2603 -1.3042 -0.002 0.2503 -1.3079 0.0091 0.2386 -1.3189 -0.0045 0.2514
6.0 -1.3661 0.0049 0.2371 -1.3082 -0.0093 0.2573 -1.2436 -0.0116 0.2661 -1.234 -0.0011 0.2563 -1.2393 0.0092 0.2453 -1.2634 0.0261 0.2256 -1.3104 -0.0218 0.2699 -1.3043 -0.0118 0.2603 -1.3034 -0.0019 0.2503 -1.3071 0.0092 0.2385 -1.3183 -0.0043 0.2512
7.0 -1.3661 0.0049 0.2371 -1.3082 -0.0093 0.2573 -1.2428 -0.0114 0.266 -1.2341 -0.0005 0.2557 -1.2403 0.0097 0.2447 -1.2625 0.0262 0.2256 -1.3122 -0.022 0.27 -1.3051 -0.0119 0.2603 -1.3042 -0.002 0.2503 -1.3079 0.0091 0.2386 -1.3191 -0.0044 0.2513
8.0 -1.3643 0.0045 0.2376 -1.3078 -0.0068 0.2548 -1.2437 -0.011 0.2654 -1.2343 0.0007 0.2545 -1.2413 0.0101 0.2441 -1.2618 0.0269 0.2249 -1.312 -0.0226 0.2706 -1.3059 -0.0126 0.261 -1.3042 -0.002 0.2503 -1.3078 0.0085 0.2392 -1.3189 -0.0048 0.2517
9.0 -1.3634 0.0046 0.2376 -1.3087 -0.0063 0.2542 -1.2446 -0.0111 0.2655 -1.2343 0.0007 0.2545 -1.2413 0.0101 0.2441 -1.2619 0.0275 0.2243 -1.312 -0.0226 0.2706 -1.3058 -0.0132 0.2616 -1.3041 -0.0026 0.2509 -1.307 0.0086 0.2392 -1.3185 -0.005 0.252
10.0 -1.3641 0.0033 0.2389 -1.3081 -0.005 0.2529 -1.2437 -0.011 0.2654 -1.2336 0.0014 0.2538 -1.2396 0.011 0.2434 -1.2628 0.0274 0.2243 -1.312 -0.0226 0.2706 -1.3059 -0.0126 0.261 -1.3041 -0.0026 0.2509 -1.307 0.0086 0.2392 -1.3186 -0.0052 0.2521
11.0 -1.3634 0.0046 0.2376 -1.3061 -0.0065 0.2547 -1.2429 -0.0108 0.2654 -1.2335 0.0008 0.2544 -1.2404 0.0103 0.2441 -1.2619 0.0275 0.2243 -1.3112 -0.0225 0.2706 -1.305 -0.0125 0.2609 -1.3034 -0.0019 0.2503 -1.3071 0.0092 0.2385 -1.318 -0.0046 0.2516
12.0 -1.3626 0.0048 0.2376 -1.307 -0.0061 0.2542 -1.243 -0.0102 0.2648 -1.2326 0.0009 0.2544 -1.2395 0.0104 0.244 -1.261 0.0276 0.2243 -1.3103 -0.0224 0.2705 -1.3042 -0.0124 0.2609 -1.3034 -0.0019 0.2503 -1.3061 0.0087 0.2391 -1.3173 -0.0046 0.2517
13.0 -1.3614 0.0031 0.2394 -1.3046 -0.0051 0.2534 -1.2429 -0.0108 0.2654 -1.2327 0.0015 0.2538 -1.2389 0.0117 0.2428 -1.2611 0.0282 0.2236 -1.3104 -0.0218 0.2699 -1.3043 -0.0118 0.2603 -1.3035 -0.0013 0.2496 -1.3062 0.0093 0.2385 -1.3172 -0.0045 0.2516
14.0 -1.3626 0.0048 0.2376 -1.3069 -0.0067 0.2548 -1.242 -0.0107 0.2654 -1.2318 0.0016 0.2537 -1.2395 0.0104 0.244 -1.2602 0.0277 0.2242 -1.3096 -0.0217 0.2699 -1.3034 -0.0117 0.2603 -1.3026 -0.0012 0.2496 -1.3062 0.0093 0.2385 -1.3169 -0.0041 0.2512
15.0 -1.3625 0.0042 0.2382 -1.3071 -0.0055 0.2535 -1.2429 -0.0108 0.2654 -1.2336 0.0014 0.2538 -1.2396 0.011 0.2434 -1.262 0.0281 0.2237 -1.3113 -0.0219 0.2699 -1.3051 -0.0119 0.2603 -1.3034 -0.0019 0.2503 -1.3071 0.0092 0.2385 -1.3179 -0.0045 0.2515
16.0 -1.3609 0.005 0.2375 -1.3043 -0.0063 0.2547 -1.2395 -0.0098 0.2647 -1.231 0.0018 0.2537 -1.2378 0.0106 0.244 -1.2593 0.0279 0.2242 -1.3096 -0.0217 0.2699 -1.3034 -0.0117 0.2603 -1.3017 -0.0011 0.2496 -1.3046 0.0101 0.2378 -1.316 -0.0039 0.251
17.0 -1.361 0.0056 0.2369 -1.3051 -0.007 0.2553 -1.2404 -0.0099 0.2647 -1.2301 0.0019 0.2537 -1.2378 0.0106 0.244 -1.2602 0.0277 0.2242 -1.3096 -0.0217 0.2699 -1.3033 -0.0123 0.2609 -1.3025 -0.0018 0.2502 -1.3053 0.0094 0.2385 -1.3163 -0.0041 0.2513
18.0 -1.3608 0.0044 0.2381 -1.3043 -0.0063 0.2547 -1.2403 -0.0105 0.2653 -1.231 0.0018 0.2537 -1.2387 0.0105 0.244 -1.2593 0.0279 0.2242 -1.3087 -0.0216 0.2698 -1.3024 -0.0122 0.2608 -1.3016 -0.0017 0.2502 -1.3045 0.0096 0.2384 -1.3156 -0.0043 0.2515
19.0 -1.3599 0.0045 0.2381 -1.3043 -0.0063 0.2547 -1.2395 -0.0098 0.2647 -1.2302 0.0025 0.2531 -1.2387 0.0105 0.244 -1.2603 0.0283 0.2236 -1.3095 -0.0223 0.2705 -1.3033 -0.0123 0.2609 -1.3016 -0.0017 0.2502 -1.3045 0.0096 0.2384 -1.3158 -0.0044 0.2516
20.0 -1.3617 0.0049 0.2375 -1.3042 -0.0069 0.2553 -1.2395 -0.0098 0.2647 -1.23 0.0013 0.2543 -1.2378 0.0106 0.244 -1.2593 0.0279 0.2242 -1.3094 -0.0229 0.2711 -1.3032 -0.0129 0.2615 -1.3015 -0.0023 0.2508 -1.3053 0.0094 0.2385 -1.3162 -0.0047 0.2519
21.0 -1.3572 0.0043 0.2386 -1.3018 -0.006 0.2546 -1.241 -0.0112 0.266 -1.2311 0.0024 0.2531 -1.2379 0.0112 0.2434 -1.2585 0.028 0.2242 -1.3095 -0.0223 0.2705 -1.3024 -0.0122 0.2608 -1.3007 -0.0022 0.2508 -1.3027 0.0092 0.239 -1.3145 -0.0046 0.2519
22.0 -1.3599 0.0045 0.2381 -1.3045 -0.0057 0.2541 -1.2395 -0.0098 0.2647 -1.2302 0.0025 0.2531 -1.2379 0.0112 0.2434 -1.2593 0.0279 0.2242 -1.3086 -0.0222 0.2705 -1.3024 -0.0122 0.2608 -1.3015 -0.0023 0.2508 -1.3053 0.0094 0.2385 -1.3156 -0.0045 0.2517
23.0 -1.3599 0.0045 0.2381 -1.3034 -0.0068 0.2553 -1.2387 -0.0097 0.2646 -1.23 0.0013 0.2543 -1.237 0.0107 0.2439 -1.2586 0.0286 0.2235 -1.3077 -0.022 0.2704 -1.3016 -0.012 0.2608 -1.3008 -0.0016 0.2502 -1.3036 0.0097 0.2384 -1.3147 -0.0043 0.2516
24.0 -1.36 0.0051 0.2375 -1.3043 -0.0063 0.2547 -1.2387 -0.0097 0.2646 -1.2294 0.0026 0.253 -1.2371 0.0113 0.2433 -1.2586 0.0286 0.2235 -1.3087 -0.0216 0.2698 -1.3024 -0.0122 0.2608 -1.3016 -0.0017 0.2502 -1.3045 0.0096 0.2384 -1.3155 -0.0041 0.2514
25.0 -1.3599 0.0045 0.2381 -1.3043 -0.0063 0.2547 -1.2379 -0.0089 0.264 -1.2283 0.0015 0.2542 -1.2369 0.0101 0.2446 -1.2586 0.0286 0.2235 -1.3086 -0.0222 0.2705 -1.3024 -0.0122 0.2608 -1.3016 -0.0017 0.2502 -1.3045 0.0096 0.2384 -1.3154 -0.0044 0.2516
26.0 -1.3626 0.0048 0.2376 -1.3041 -0.0075 0.2559 -1.2388 -0.0091 0.264 -1.2293 0.002 0.2536 -1.2361 0.0108 0.2439 -1.2586 0.0286 0.2235 -1.3087 -0.0216 0.2698 -1.3033 -0.0123 0.2609 -1.3025 -0.0018 0.2502 -1.3053 0.0094 0.2385 -1.3165 -0.0043 0.2514
27.0 -1.3582 0.0047 0.238 -1.3036 -0.0056 0.254 -1.2386 -0.0103 0.2652 -1.2294 0.0026 0.253 -1.2371 0.0113 0.2433 -1.2585 0.028 0.2242 -1.3077 -0.022 0.2704 -1.3016 -0.012 0.2608 -1.3007 -0.0022 0.2508 -1.3035 0.0091 0.239 -1.3143 -0.0045 0.2518
28.0 -1.358 0.0036 0.2393 -1.3017 -0.0066 0.2552 -1.2387 -0.0097 0.2646 -1.2292 0.0014 0.2543 -1.2371 0.0113 0.2433 -1.2587 0.0292 0.2229 -1.3068 -0.0225 0.271 -1.3006 -0.0125 0.2614 -1.2998 -0.002 0.2508 -1.3035 0.0091 0.239 -1.3137 -0.0049 0.2523
29.0 -1.3572 0.0043 0.2386 -1.3027 -0.0055 0.254 -1.2378 -0.0095 0.2646 -1.2285 0.0027 0.253 -1.2371 0.0113 0.2433 -1.2586 0.0286 0.2235 -1.3077 -0.022 0.2704 -1.3016 -0.012 0.2608 -1.3007 -0.0022 0.2508 -1.3044 0.009 0.2391 -1.3143 -0.0046 0.2519
30.0 -1.3599 0.0045 0.2381 -1.3034 -0.0068 0.2553 -1.2389 -0.0085 0.2634 -1.2284 0.0021 0.2536 -1.2361 0.0108 0.2439 -1.2587 0.0292 0.2229 -1.3079 -0.0214 0.2698 -1.3017 -0.0114 0.2602 -1.2999 -0.0014 0.2501 -1.3036 0.0097 0.2384 -1.3146 -0.004 0.2513
31.0 -1.3619 0.0061 0.2363 -1.3034 -0.0068 0.2553 -1.2379 -0.0089 0.264 -1.2291 0.0008 0.2549 -1.2361 0.0108 0.2439 -1.2586 0.0286 0.2235 -1.3071 -0.0207 0.2691 -1.3009 -0.0107 0.2595 -1.3009 -0.001 0.2495 -1.3046 0.0101 0.2378 -1.3151 -0.0032 0.2505
32.0 -1.3593 0.0058 0.2368 -1.3026 -0.0061 0.2546 -1.2388 -0.0091 0.264 -1.2284 0.0021 0.2536 -1.2371 0.0113 0.2433 -1.2587 0.0292 0.2229 -1.3079 -0.0214 0.2698 -1.3016 -0.012 0.2608 -1.2999 -0.0014 0.2501 -1.3036 0.0097 0.2384 -1.3144 -0.0039 0.2512
33.0 -1.361 0.0056 0.2369 -1.3018 -0.006 0.2546 -1.2379 -0.0089 0.264 -1.2293 0.002 0.2536 -1.2363 0.012 0.2427 -1.2577 0.0287 0.2235 -1.307 -0.0213 0.2698 -1.3008 -0.0113 0.2602 -1.2992 -0.0007 0.2495 -1.3029 0.0104 0.2378 -1.3142 -0.0035 0.2508
34.0 -1.3619 0.0061 0.2363 -1.3026 -0.0061 0.2546 -1.2387 -0.0097 0.2646 -1.2293 0.002 0.2536 -1.2353 0.0116 0.2433 -1.2567 0.0282 0.2241 -1.308 -0.0208 0.2692 -1.3017 -0.0114 0.2602 -1.3008 -0.0016 0.2502 -1.3037 0.0103 0.2378 -1.3152 -0.0035 0.2507
35.0 -1.3555 0.0045 0.2385 -1.3002 -0.0051 0.2539 -1.2368 -0.01 0.2652 -1.2275 0.0022 0.2536 -1.2353 0.0116 0.2433 -1.2568 0.0288 0.2235 -1.306 -0.0218 0.2704 -1.299 -0.0117 0.2607 -1.2981 -0.0018 0.2507 -1.3009 0.0094 0.2389 -1.3119 -0.0043 0.2518
36.0 -1.3585 0.0065 0.2362 -1.3016 -0.0072 0.2558 -1.2369 -0.0094 0.2646 -1.2274 0.0016 0.2542 -1.2343 0.0105 0.2445 -1.2567 0.0282 0.2241 -1.3061 -0.0212 0.2697 -1.2999 -0.0118 0.2607 -1.299 -0.0019 0.2507 -1.3019 0.0099 0.2383 -1.3131 -0.0037 0.2511
37.0 -1.3594 0.0064 0.2362 -1.299 -0.0068 0.2557 -1.2343 -0.0097 0.2651 -1.2265 0.0011 0.2548 -1.2334 0.0106 0.2444 -1.2558 0.0277 0.2247 -1.3059 -0.0224 0.271 -1.2997 -0.013 0.262 -1.2989 -0.0025 0.2513 -1.3018 0.0093 0.239 -1.3131 -0.0044 0.2519
38.0 -1.3596 0.0076 0.235 -1.298 -0.0073 0.2563 -1.2349 -0.011 0.2663 -1.2252 -0.0011 0.2572 -1.2332 0.0094 0.2457 -1.2548 0.0273 0.2253 -1.3036 -0.0209 0.2696 -1.2974 -0.0109 0.26 -1.2966 -0.0004 0.2494 -1.3012 0.0106 0.2377 -1.3117 -0.0028 0.2503
39.0 -1.3604 0.0075 0.235 -1.2971 -0.0078 0.2569 -1.2356 -0.0123 0.2676 -1.226 -0.0018 0.2579 -1.2313 0.0084 0.2468 -1.2536 0.0256 0.2271 -1.3026 -0.0213 0.2702 -1.2973 -0.0115 0.2606 -1.2964 -0.0016 0.2506 -1.3001 0.0095 0.2389 -1.3114 -0.0035 0.2511
40.0 -1.3576 0.0067 0.2361 -1.2951 -0.0087 0.2581 -1.2345 -0.0134 0.2688 -1.2241 -0.0022 0.2584 -1.2302 0.0074 0.2481 -1.2518 0.0252 0.2277 -1.3015 -0.0224 0.2714 -1.2954 -0.0124 0.2618 -1.2945 -0.0025 0.2518 -1.2982 0.0086 0.2401 -1.3094 -0.0044 0.2522
41.0 -1.3584 0.0059 0.2368 -1.2934 -0.0085 0.258 -1.231 -0.0135 0.2693 -1.2223 -0.0026 0.259 -1.2274 0.0065 0.2492 -1.2517 0.0246 0.2283 -1.2997 -0.0228 0.272 -1.2935 -0.0128 0.2624 -1.2926 -0.0029 0.2523 -1.2972 0.0081 0.2407 -1.3083 -0.0049 0.2528
42.0 -1.3538 0.0047 0.2385 -1.2914 -0.0101 0.2598 -1.2283 -0.0138 0.2698 -1.2194 -0.004 0.2608 -1.2273 0.0059 0.2498 -1.249 0.0244 0.2288 -1.2969 -0.0236 0.2731 -1.2907 -0.0136 0.2635 -1.2907 -0.0039 0.2535 -1.2944 0.0072 0.2418 -1.3053 -0.0058 0.2541
43.0 -1.3512 0.0051 0.2384 -1.2886 -0.0109 0.2609 -1.2271 -0.0154 0.2717 -1.2175 -0.005 0.2619 -1.2244 0.0045 0.2516 -1.2461 0.0229 0.2306 -1.295 -0.0246 0.2743 -1.2888 -0.0146 0.2647 -1.2879 -0.0047 0.2547 -1.2916 0.0064 0.2429 -1.3029 -0.0065 0.255
44.0 -1.3484 0.0042 0.2395 -1.2858 -0.0117 0.2621 -1.2244 -0.0157 0.2722 -1.2157 -0.0053 0.2625 -1.2234 0.0034 0.2528 -1.2451 0.0218 0.2318 -1.294 -0.0251 0.2749 -1.2878 -0.0157 0.2659 -1.2868 -0.0058 0.2559 -1.2907 0.0059 0.2435 -1.3015 -0.0073 0.2559
45.0 -1.3044 -0.0008 0.2491 -1.2288 -0.0059 0.2617 -1.1733 -0.0161 0.2777 -1.1686 -0.0081 0.27 -1.177 -0.0001 0.261 -1.1959 0.0126 0.2461 -1.2462 -0.0272 0.2818 -1.2415 -0.0186 0.2735 -1.2406 -0.0087 0.2634 -1.2423 0.0008 0.2535 -1.255 -0.0109 0.2643
46.0 -1.2927 -0.0023 0.2517 -1.2141 -0.0045 0.2618 -1.158 -0.0183 0.2815 -1.154 -0.0111 0.2745 -1.1617 -0.0023 0.2648 -1.1805 0.0098 0.2505 -1.2328 -0.0278 0.2838 -1.2282 -0.0192 0.2755 -1.2272 -0.0099 0.266 -1.2287 -0.001 0.2567 -1.2419 -0.0121 0.2667
47.0 -1.2757 -0.0043 0.2554 -1.2005 -0.0063 0.265 -1.1441 -0.0171 0.2816 -1.1413 -0.0081 0.2727 -1.1488 -0.0055 0.2693 -1.1662 -0.0017 0.2637 -1.2205 -0.028 0.2852 -1.2163 -0.0219 0.2794 -1.2133 -0.0136 0.2711 -1.2137 -0.0063 0.2637 -1.2279 -0.0148 0.2709
48.0 -1.2626 -0.0037 0.2562 -1.1844 -0.0078 0.2681 -1.1282 -0.0174 0.2834 -1.1279 -0.0094 0.2753 -1.1348 -0.0048 0.27 -1.1539 -0.0013 0.2645 -1.2062 -0.0291 0.2877 -1.2013 -0.0223 0.2813 -1.1982 -0.0146 0.2737 -1.1988 -0.0061 0.265 -1.2134 -0.0152 0.2728
49.0 -1.2463 -0.0064 0.2605 -1.1662 -0.0066 0.2687 -1.1122 -0.0182 0.286 -1.1071 -0.0127 0.2808 -1.1186 -0.0069 0.2737 -1.1394 0.0013 0.2633 -1.1901 -0.0306 0.2908 -1.1859 -0.0245 0.2851 -1.1847 -0.0164 0.2769 -1.1853 -0.008 0.2682 -1.1985 -0.0172 0.2763
50.0 -1.2263 -0.0098 0.266 -1.1504 -0.0063 0.2699 -1.0964 -0.0185 0.2878 -1.093 -0.0126 0.2821 -1.1016 -0.0089 0.2774 -1.1232 -0.0057 0.272 -1.1734 -0.0308 0.2927 -1.1691 -0.0253 0.2875 -1.1675 -0.019 0.2812 -1.1688 -0.0118 0.2738 -1.181 -0.0193 0.2802
51.0 -1.2117 -0.0079 0.2654 -1.1286 -0.0052 0.271 -1.0797 -0.0181 0.2891 -1.0761 -0.0134 0.2846 -1.084 -0.0089 0.2792 -1.1015 -0.004 0.2724 -1.1566 -0.031 0.2945 -1.1524 -0.0249 0.2888 -1.1511 -0.0174 0.2812 -1.1515 -0.0101 0.2737 -1.1647 -0.0182 0.2807
52.0 -1.198 -0.0109 0.2699 -1.11 -0.0057 0.2734 -1.0595 -0.0179 0.2908 -1.0605 -0.0125 0.2852 -1.0735 -0.0081 0.2795 -1.0968 -0.0009 0.2697 -1.1389 -0.0316 0.297 -1.1372 -0.0265 0.2919 -1.1376 -0.0192 0.2844 -1.1407 -0.0117 0.2764 -1.1505 -0.02 0.2839
53.0 -1.1768 -0.0111 0.2722 -1.0889 -0.0059 0.2757 -1.044 -0.0164 0.2908 -1.0439 -0.0115 0.2858 -1.0577 -0.0084 0.2813 -1.0788 -0.0033 0.274 -1.1213 -0.0317 0.2988 -1.1195 -0.0272 0.2944 -1.1198 -0.0205 0.2875 -1.1221 -0.0122 0.2788 -1.1319 -0.0205 0.2863
54.0 -1.1693 -0.0088 0.2707 -1.0718 -0.003 0.2744 -1.029 -0.0162 0.2921 -1.0273 -0.0111 0.287 -1.0403 -0.0073 0.2819 -1.0639 -0.0032 0.2753 -1.1066 -0.0303 0.2988 -1.1056 -0.0259 0.2944 -1.1077 -0.0189 0.287 -1.111 -0.0101 0.2778 -1.1201 -0.0188 0.2858
55.0 -1.1536 -0.008 0.2713 -1.0544 -0.0019 0.275 -1.0094 -0.0129 0.2907 -1.0127 -0.0091 0.2865 -1.0268 -0.0037 0.2795 -1.0448 -0.0012 0.2752 -1.0883 -0.0291 0.2994 -1.0891 -0.0249 0.295 -1.0902 -0.0183 0.2882 -1.0925 -0.0107 0.2802 -1.1027 -0.0182 0.2868
56.0 -1.1398 -0.0067 0.2714 -1.034 0.0021 0.2729 -0.9959 -0.0093 0.2883 -0.9987 -0.0035 0.2822 -1.0163 0.0014 0.2754 -1.0362 0.0048 0.2699 -1.072 -0.0269 0.2988 -1.073 -0.0215 0.2932 -1.076 -0.014 0.2852 -1.0791 -0.0064 0.2772 -1.088 -0.0151 0.2851
57.0 -1.1241 -0.0058 0.272 -1.0169 0.005 0.2716 -0.9799 -0.0053 0.2858 -0.9835 0.0003 0.2797 -0.9998 0.003 0.2754 -1.0188 0.006 0.2705 -1.0567 -0.0242 0.2975 -1.0584 -0.0195 0.2926 -1.0614 -0.012 0.2846 -1.0645 -0.0045 0.2766 -1.073 -0.0132 0.2847
58.0 -1.1095 -0.0038 0.2715 -0.9999 0.0085 0.2697 -0.9676 -0.0006 0.2822 -0.9756 0.0051 0.2757 -0.9903 0.0086 0.2706 -1.0073 0.0106 0.2669 -1.0404 -0.0214 0.2963 -1.0429 -0.0174 0.292 -1.0467 -0.0106 0.2847 -1.0506 -0.0038 0.2773 -1.058 -0.0114 0.2843
59.0 -1.0782 -0.0014 0.2721 -0.9739 0.0157 0.265 -0.944 0.0057 0.2782 -0.95 0.0098 0.2734 -0.9635 0.0116 0.2702 -0.9805 0.013 0.2671 -1.0116 -0.0151 0.2927 -1.0146 -0.013 0.2903 -1.0189 -0.0087 0.2855 -1.0233 -0.0038 0.28 -1.0293 -0.0084 0.2841
60.0 -1.063 0.0018 0.2703 -0.9548 0.0219 0.2605 -0.9265 0.0111 0.2744 -0.9409 0.0183 0.2656 -0.9582 0.0215 0.2606 -0.9766 0.0208 0.2595 -0.9895 -0.0108 0.2906 -0.9958 -0.0099 0.2889 -1.0019 -0.0052 0.2836 -1.0081 8.046e-05 0.2775 -1.0117 -0.0048 0.2822
61.0 -1.0536 0.0037 0.2693 -0.9474 0.0248 0.2583 -0.9206 0.0125 0.2735 -0.9343 0.0204 0.2641 -0.9503 0.0213 0.2616 -0.9687 0.0213 0.2598 -0.9827 -0.0093 0.2897 -0.9882 -0.0082 0.288 -0.9942 -0.0041 0.2833 -1.0003 0.0005 0.2779 -1.0038 -0.0035 0.2816
62.0 -1.0247 0.0094 0.2663 -0.919 0.0384 0.2472 -0.9098 0.0366 0.25 -0.94 0.0429 0.2406 -0.9554 0.0408 0.2412 -0.9664 0.0381 0.2428 -0.949 0.0038 0.2796 -0.9596 0.0042 0.2782 -0.969 0.0078 0.2735 -0.9785 0.012 0.2683 -0.9762 0.0074 0.2732
63.0 -1.0187 0.0103 0.2661 -0.9154 0.0382 0.2477 -0.9101 0.0383 0.2481 -0.9328 0.042 0.2422 -0.9464 0.0396 0.2433 -0.9566 0.0376 0.2443 -0.9458 0.006 0.2776 -0.9568 0.0082 0.2743 -0.9663 0.0124 0.2691 -0.9742 0.0175 0.2631 -0.9724 0.0109 0.27
64.0 -1.0149 0.0083 0.2684 -0.9101 0.0383 0.2481 -0.9094 0.0391 0.2475 -0.9335 0.0413 0.2428 -0.9524 0.0387 0.2435 -0.9604 0.0389 0.2426 -0.9408 0.0073 0.2768 -0.9515 0.0083 0.2747 -0.9618 0.0118 0.2701 -0.9714 0.0166 0.2643 -0.9681 0.0105 0.2709
65.0 -1.0105 0.0083 0.2689 -0.9085 0.0392 0.2475 -0.9098 0.0414 0.245 -0.9392 0.0436 0.2399 -0.9539 0.0422 0.2398 -0.9599 0.0414 0.2401 -0.9399 0.0075 0.2768 -0.9509 0.0096 0.2735 -0.9605 0.0144 0.2676 -0.9701 0.0193 0.2617 -0.9664 0.0118 0.2697
66.0 -1.0103 0.0077 0.2695 -0.9052 0.0402 0.2467 -0.9132 0.0459 0.2401 -0.9465 0.045 0.2377 -0.9583 0.0422 0.2394 -0.9633 0.0403 0.2408 -0.9367 0.0091 0.2754 -0.9482 0.0094 0.274 -0.9593 0.0128 0.2694 -0.9697 0.0169 0.2642 -0.9649 0.0112 0.2705
67.0 -1.0079 0.0087 0.2688 -0.9022 0.0431 0.2441 -0.9213 0.0466 0.2386 -0.9475 0.0455 0.2371 -0.9593 0.0427 0.2388 -0.9643 0.0414 0.2396 -0.9342 0.0101 0.2747 -0.9467 0.0108 0.2727 -0.9587 0.0141 0.2681 -0.9692 0.0188 0.2623 -0.9633 0.0125 0.2693
68.0 -1.0045 0.0097 0.268 -0.9009 0.0457 0.2415 -0.9196 0.0469 0.2385 -0.9421 0.045 0.2381 -0.9547 0.0415 0.2405 -0.9604 0.0389 0.2426 -0.9327 0.0115 0.2734 -0.9453 0.0128 0.2707 -0.9574 0.0167 0.2656 -0.9679 0.0214 0.2597 -0.9616 0.0144 0.2675
69.0 -1.0029 0.0106 0.2674 -0.9003 0.0476 0.2396 -0.9234 0.0439 0.2412 -0.9461 0.0427 0.2402 -0.9582 0.0416 0.24 -0.9623 0.0399 0.2414 -0.9312 0.0129 0.2721 -0.9447 0.0147 0.2688 -0.9579 0.0197 0.2625 -0.9693 0.0243 0.2567 -0.9612 0.0164 0.2655
70.0 -1.0031 0.0117 0.2661 -0.9023 0.0486 0.2385 -0.9202 0.0504 0.2348 -0.9373 0.0475 0.2361 -0.9499 0.0446 0.2378 -0.9564 0.0413 0.2406 -0.9281 0.0152 0.2701 -0.9395 0.0148 0.2693 -0.9523 0.018 0.2648 -0.9628 0.0227 0.2589 -0.9572 0.0165 0.2658
71.0 -1.0029 0.0106 0.2674 -0.9017 0.0505 0.2366 -0.9229 0.0507 0.2343 -0.9452 0.0477 0.2351 -0.9605 0.0444 0.237 -0.9643 0.0414 0.2396 -0.9289 0.015 0.2701 -0.9422 0.0157 0.2681 -0.9551 0.0188 0.2636 -0.9665 0.0234 0.2578 -0.9591 0.0167 0.2654
72.0 -1.0029 0.0106 0.2674 -0.9026 0.0504 0.2366 -0.9283 0.0518 0.2326 -0.9456 0.0501 0.2327 -0.9585 0.0483 0.2332 -0.9606 0.045 0.2364 -0.929 0.0156 0.2695 -0.9424 0.0163 0.2675 -0.9553 0.02 0.2624 -0.9675 0.0245 0.2566 -0.9594 0.0174 0.2647
73.0 -0.9996 0.0116 0.2666 -0.902 0.0523 0.2347 -0.9269 0.0538 0.2307 -0.9476 0.051 0.2315 -0.9592 0.047 0.2344 -0.9657 0.0443 0.2366 -0.9295 0.018 0.267 -0.9429 0.0193 0.2644 -0.9557 0.0224 0.2599 -0.967 0.0264 0.2547 -0.9589 0.0195 0.2625
74.0 -0.9994 0.0104 0.2678 -0.9032 0.0539 0.2329 -0.9307 0.0551 0.229 -0.9503 0.0519 0.2303 -0.9621 0.0484 0.2327 -0.9696 0.0462 0.2342 -0.9284 0.017 0.2682 -0.9417 0.0176 0.2662 -0.9546 0.0207 0.2617 -0.9658 0.0247 0.2565 -0.958 0.0181 0.2641
75.0 -0.9994 0.0104 0.2678 -0.9032 0.0539 0.2329 -0.9268 0.0581 0.2263 -0.9515 0.0535 0.2285 -0.9647 0.0487 0.2321 -0.9721 0.0453 0.2349 -0.9286 0.0181 0.267 -0.9418 0.0182 0.2656 -0.9555 0.0212 0.2611 -0.9675 0.0245 0.2566 -0.9586 0.0185 0.2636
76.0 -0.9986 0.0111 0.2672 -0.9031 0.0533 0.2335 -0.9226 0.0593 0.2255 -0.9433 0.0571 0.2257 -0.9577 0.0539 0.2275 -0.9686 0.0506 0.2298 -0.9296 0.0186 0.2664 -0.942 0.0194 0.2644 -0.9557 0.0224 0.2599 -0.9687 0.0262 0.2548 -0.9589 0.0195 0.2625
77.0 -0.9981 0.013 0.2653 -0.9055 0.0518 0.2348 -0.9242 0.0584 0.2262 -0.9507 0.0536 0.2285 -0.9642 0.0506 0.2303 -0.9752 0.0479 0.2319 -0.9295 0.0235 0.2614 -0.9462 0.028 0.2552 -0.9628 0.0325 0.2489 -0.9793 0.0363 0.2433 -0.9632 0.0267 0.2548
78.0 -0.9969 0.0114 0.2671 -0.9089 0.0465 0.24 -0.9204 0.0565 0.2286 -0.9588 0.0446 0.2369 -0.976 0.0429 0.237 -0.9822 0.0427 0.2366 -0.9317 0.0208 0.264 -0.9456 0.025 0.2583 -0.9587 0.0294 0.2525 -0.9709 0.0338 0.2468 -0.9608 0.0241 0.2577
79.0 -0.9936 0.0124 0.2664 -0.9101 0.0481 0.2381 -0.9195 0.0566 0.2285 -0.9563 0.0456 0.2362 -0.97 0.0437 0.2367 -0.9711 0.0448 0.2355 -0.9295 0.0235 0.2614 -0.9424 0.0267 0.2569 -0.9545 0.0305 0.2517 -0.9657 0.0339 0.2472 -0.9571 0.0254 0.2567
80.0 -0.9958 0.0103 0.2683 -0.9095 0.0494 0.2369 -0.9244 0.0541 0.2306 -0.9494 0.0465 0.2359 -0.9696 0.0413 0.2392 -0.972 0.0398 0.2405 -0.9281 0.0201 0.2651 -0.9405 0.0208 0.2631 -0.9533 0.0234 0.2592 -0.9636 0.0269 0.2546 -0.9562 0.0203 0.262
81.0 -0.9951 0.011 0.2677 -0.9112 0.0492 0.2369 -0.9215 0.0527 0.2323 -0.9415 0.0463 0.2369 -0.9547 0.0415 0.2405 -0.9589 0.0403 0.2413 -0.929 0.0205 0.2645 -0.9418 0.0231 0.2606 -0.9538 0.0263 0.2561 -0.9641 0.0298 0.2515 -0.9568 0.0222 0.2601
82.0 -0.992 0.0133 0.2657 -0.9111 0.0486 0.2376 -0.9174 0.0496 0.2359 -0.9302 0.0473 0.2371 -0.9477 0.0418 0.2409 -0.9573 0.0412 0.2406 -0.9313 0.0233 0.2615 -0.9453 0.0281 0.2551 -0.9575 0.0326 0.2494 -0.9668 0.0356 0.2453 -0.9586 0.0266 0.2554
83.0 -0.9958 0.0103 0.2683 -0.9112 0.0492 0.2369 -0.9224 0.0532 0.2318 -0.9457 0.0452 0.2377 -0.9622 0.0393 0.242 -0.9657 0.0388 0.2422 -0.9306 0.0197 0.2652 -0.9434 0.0223 0.2613 -0.9554 0.0255 0.2568 -0.9657 0.029 0.2522 -0.9582 0.0214 0.2607
84.0 -0.9942 0.0111 0.2676 -0.9128 0.0484 0.2376 -0.9241 0.053 0.2318 -0.9528 0.046 0.2361 -0.9678 0.041 0.2398 -0.9729 0.0403 0.24 -0.9295 0.0235 0.2614 -0.9432 0.026 0.2575 -0.956 0.0291 0.253 -0.9662 0.032 0.2491 -0.9578 0.0243 0.2577
85.0 -0.9943 0.0117 0.267 -0.9121 0.0497 0.2364 -0.9237 0.0506 0.2343 -0.9478 0.0473 0.2352 -0.968 0.0421 0.2385 -0.9713 0.0411 0.2393 -0.9302 0.0222 0.2627 -0.9431 0.0254 0.2582 -0.9543 0.0293 0.253 -0.9646 0.0328 0.2484 -0.9573 0.0243 0.2578
86.0 -0.9951 0.011 0.2677 -0.9132 0.0508 0.2351 -0.9295 0.0486 0.2358 -0.9509 0.0451 0.2372 -0.9643 0.0414 0.2396 -0.9685 0.0402 0.2404 -0.9283 0.0212 0.2638 -0.9426 0.023 0.2606 -0.9555 0.0261 0.2561 -0.9657 0.029 0.2522 -0.9574 0.0221 0.2601
87.0 -0.9951 0.011 0.2677 -0.9117 0.0473 0.2388 -0.9281 0.0506 0.2339 -0.9494 0.0465 0.2359 -0.964 0.0396 0.2415 -0.9682 0.0384 0.2423 -0.9291 0.0211 0.2639 -0.9426 0.023 0.2606 -0.9554 0.0255 0.2568 -0.9656 0.0284 0.2528 -0.9576 0.0218 0.2603
88.0 -0.9922 0.0145 0.2644 -0.9142 0.0464 0.2396 -0.9218 0.0496 0.2355 -0.9406 0.0465 0.2368 -0.9562 0.0401 0.2418 -0.964 0.0396 0.2415 -0.9306 0.0246 0.2602 -0.9444 0.0282 0.2551 -0.9565 0.0315 0.2506 -0.9666 0.0344 0.2466 -0.9581 0.0266 0.2554
89.0 -0.9927 0.0125 0.2663 -0.9126 0.0472 0.2389 -0.93 0.0461 0.2383 -0.9458 0.0458 0.237 -0.9607 0.0407 0.2407 -0.9666 0.0393 0.2416 -0.9294 0.0229 0.262 -0.9423 0.0261 0.2575 -0.9542 0.0287 0.2536 -0.9644 0.0316 0.2496 -0.9566 0.0244 0.2578
90.0 -0.9961 0.0115 0.2671 -0.9136 0.0483 0.2377 -0.9271 0.0495 0.2351 -0.9509 0.0451 0.2372 -0.9701 0.0388 0.2417 -0.9766 0.0361 0.2438 -0.9308 0.0209 0.2639 -0.9439 0.0252 0.2582 -0.9569 0.029 0.2531 -0.9681 0.033 0.2479 -0.9592 0.0239 0.258
91.0 -0.9927 0.0125 0.2663 -0.9126 0.0472 0.2389 -0.9264 0.0508 0.2338 -0.9502 0.0458 0.2366 -0.9642 0.0408 0.2402 -0.9692 0.0389 0.2417 -0.9286 0.023 0.262 -0.9422 0.0255 0.2581 -0.955 0.028 0.2543 -0.9651 0.0309 0.2503 -0.9567 0.024 0.2582
92.0 -0.9912 0.014 0.265 -0.9134 0.0471 0.2389 -0.921 0.0503 0.2348 -0.9431 0.0406 0.2426 -0.9548 0.0372 0.2449 -0.9618 0.0369 0.2445 -0.9307 0.0252 0.2596 -0.9448 0.03 0.2532 -0.9568 0.0333 0.2487 -0.9652 0.0364 0.2447 -0.9577 0.0278 0.2542
93.0 -0.9936 0.0124 0.2664 -0.9133 0.0465 0.2395 -0.9213 0.0515 0.2336 -0.9473 0.0443 0.2383 -0.9663 0.0375 0.2434 -0.9723 0.0367 0.2437 -0.9311 0.0221 0.2627 -0.9439 0.0252 0.2582 -0.9559 0.0285 0.2537 -0.9662 0.032 0.2491 -0.9581 0.0241 0.258
94.0 -0.9924 0.0108 0.2682 -0.9115 0.051 0.2351 -0.9287 0.0487 0.2357 -0.9499 0.0446 0.2378 -0.9666 0.0393 0.2416 -0.9733 0.0372 0.2431 -0.9282 0.0206 0.2645 -0.9398 0.0215 0.2624 -0.9524 0.0235 0.2591 -0.9636 0.0269 0.2546 -0.9553 0.0207 0.2618
95.0 -0.9926 0.0119 0.267 -0.9131 0.0502 0.2358 -0.9279 0.0494 0.2351 -0.9491 0.0447 0.2378 -0.9635 0.0415 0.2396 -0.9693 0.0395 0.2411 -0.9309 0.0215 0.2633 -0.9427 0.0236 0.26 -0.9548 0.0268 0.2555 -0.9649 0.0297 0.2515 -0.9572 0.0227 0.2595
96.0 -0.9943 0.0117 0.267 -0.912 0.0491 0.237 -0.9273 0.0507 0.2338 -0.951 0.0457 0.2366 -0.9678 0.041 0.2398 -0.9725 0.0379 0.2424 -0.9301 0.0216 0.2633 -0.9427 0.0236 0.26 -0.9547 0.0262 0.2561 -0.9649 0.0297 0.2515 -0.9574 0.0226 0.2596
97.0 -0.9927 0.0125 0.2663 -0.9129 0.049 0.237 -0.9272 0.0501 0.2344 -0.9484 0.046 0.2365 -0.9617 0.0412 0.2401 -0.9675 0.0392 0.2416 -0.9293 0.0223 0.2626 -0.9421 0.0249 0.2587 -0.9549 0.0274 0.2549 -0.9642 0.0304 0.2509 -0.9566 0.0235 0.2587
98.0 -0.9942 0.0111 0.2676 -0.912 0.0491 0.237 -0.9249 0.0522 0.2325 -0.9484 0.046 0.2365 -0.9641 0.0402 0.2409 -0.9708 0.0381 0.2424 -0.93 0.021 0.2639 -0.9426 0.023 0.2606 -0.9545 0.0256 0.2567 -0.9657 0.029 0.2522 -0.9574 0.022 0.2602
99.0 -0.9926 0.0119 0.267 -0.9127 0.0478 0.2382 -0.9233 0.0531 0.2318 -0.9461 0.0475 0.2352 -0.9626 0.0416 0.2396 -0.9676 0.0398 0.241 -0.9286 0.023 0.262 -0.9423 0.0261 0.2575 -0.9543 0.0293 0.253 -0.9654 0.0321 0.249 -0.9566 0.0245 0.2577
100.0 -0.9969 0.0114 0.2671 -0.9119 0.0485 0.2376 -0.9295 0.0534 0.2308 -0.9552 0.0494 0.2324 -0.9692 0.0438 0.2367 -0.973 0.0409 0.2393 -0.9289 0.0199 0.2651 -0.9423 0.0212 0.2625 -0.9551 0.0237 0.2586 -0.9661 0.0265 0.2547 -0.9579 0.0205 0.2616
101.0 -0.9976 0.0101 0.2684 -0.9104 0.0499 0.2363 -0.9334 0.0505 0.2334 -0.9567 0.0479 0.2337 -0.971 0.0442 0.2361 -0.9724 0.0422 0.2381 -0.9296 0.0186 0.2664 -0.9421 0.02 0.2637 -0.9541 0.0233 0.2592 -0.9644 0.0267 0.2546 -0.9576 0.0197 0.2625
102.0 -0.9968 0.0108 0.2677 -0.9113 0.0498 0.2363 -0.93 0.0509 0.2333 -0.9583 0.0471 0.2344 -0.971 0.0442 0.2361 -0.9726 0.0434 0.2368 -0.9289 0.0199 0.2651 -0.9416 0.0219 0.2619 -0.9545 0.0256 0.2567 -0.9649 0.0297 0.2515 -0.9574 0.0216 0.2606
103.0 -0.998 0.0124 0.2659 -0.911 0.048 0.2382 -0.9247 0.0559 0.2287 -0.9595 0.0488 0.2326 -0.9747 0.0455 0.2344 -0.9782 0.045 0.2345 -0.9308 0.0209 0.2639 -0.9438 0.0246 0.2588 -0.9568 0.0284 0.2537 -0.968 0.0324 0.2485 -0.9595 0.0237 0.2582
104.0 -0.9986 0.0111 0.2672 -0.908 0.0515 0.2349 -0.9333 0.0548 0.2291 -0.9615 0.0504 0.2308 -0.9732 0.0469 0.2331 -0.9781 0.0444 0.2352 -0.9298 0.0198 0.2651 -0.9452 0.0226 0.2607 -0.9609 0.0266 0.2551 -0.9757 0.0307 0.2494 -0.962 0.0222 0.2595
105.0 -1.0011 0.0102 0.2679 -0.9078 0.0503 0.2362 -0.9275 0.0568 0.2276 -0.9595 0.0537 0.2276 -0.9743 0.048 0.2319 -0.9814 0.0434 0.2359 -0.9315 0.0196 0.2652 -0.9452 0.0226 0.2607 -0.9599 0.0261 0.2557 -0.9737 0.0298 0.2506 -0.9623 0.0217 0.26
106.0 -1.0002 0.0103 0.2679 -0.9098 0.0512 0.235 -0.9283 0.0567 0.2276 -0.9528 0.0558 0.2261 -0.9664 0.0534 0.2272 -0.9754 0.0491 0.2307 -0.9331 0.0188 0.2659 -0.9467 0.0212 0.2621 -0.9605 0.0242 0.2576 -0.9743 0.0279 0.2525 -0.963 0.0205 0.2612
107.0 -1.0021 0.0107 0.2673 -0.9083 0.0527 0.2337 -0.9303 0.0582 0.2258 -0.954 0.0575 0.2242 -0.9649 0.0548 0.2259 -0.9724 0.0519 0.2281 -0.9325 0.0201 0.2646 -0.947 0.023 0.2602 -0.9627 0.027 0.2546 -0.9757 0.0307 0.2494 -0.964 0.0223 0.2592
108.0 -1.0031 0.0117 0.2661 -0.9089 0.0513 0.235 -0.9216 0.0588 0.2261 -0.9473 0.0596 0.2227 -0.9602 0.0579 0.2232 -0.9709 0.054 0.2261 -0.9336 0.0217 0.2628 -0.9483 0.0253 0.2577 -0.9632 0.03 0.2514 -0.9771 0.0336 0.2464 -0.9651 0.0245 0.2569
109.0 -1.0036 0.0092 0.2686 -0.9071 0.051 0.2355 -0.9256 0.0564 0.2281 -0.95 0.0501 0.2322 -0.9626 0.0465 0.2346 -0.9694 0.045 0.2355 -0.9346 0.0173 0.2672 -0.9479 0.018 0.2652 -0.9598 0.0206 0.2613 -0.9711 0.0246 0.2561 -0.9634 0.018 0.2637
110.0 -1.0103 0.0077 0.2695 -0.9063 0.0413 0.2455 -0.9177 0.041 0.2447 -0.9559 0.0383 0.2437 -0.9673 0.038 0.2429 -0.9738 0.0401 0.24 -0.939 0.0125 0.2717 -0.9516 0.0187 0.2641 -0.9632 0.0251 0.2564 -0.974 0.031 0.2494 -0.9676 0.019 0.2622
111.0 -1.0144 0.0059 0.2709 -0.9077 0.0393 0.2474 -0.9129 0.0392 0.247 -0.9385 0.0394 0.2442 -0.9518 0.0401 0.2423 -0.9598 0.0408 0.2407 -0.9429 0.0095 0.2744 -0.9543 0.0141 0.2686 -0.965 0.02 0.2615 -0.9748 0.026 0.2544 -0.9703 0.0151 0.266
112.0 -1.0138 0.0073 0.2696 -0.9116 0.0363 0.2501 -0.9108 0.037 0.2494 -0.9419 0.0389 0.2444 -0.9604 0.0389 0.2426 -0.9678 0.041 0.2398 -0.9439 0.01 0.2738 -0.9538 0.0166 0.2661 -0.9638 0.0232 0.2583 -0.9736 0.0292 0.2512 -0.9698 0.0172 0.2638
113.0 -1.0163 0.0063 0.2704 -0.915 0.0359 0.2502 -0.9115 0.0357 0.2507 -0.9535 0.0349 0.2473 -0.9664 0.0332 0.2478 -0.9743 0.0327 0.2475 -0.946 0.0072 0.2764 -0.9576 0.013 0.2693 -0.9683 0.0189 0.2623 -0.9781 0.0243 0.2558 -0.9733 0.0139 0.2668
114.0 -1.019 0.0072 0.2692 -0.9206 0.0327 0.2529 -0.9111 0.0339 0.2526 -0.959 0.0311 0.2507 -0.973 0.0305 0.25 -0.9792 0.0309 0.2489 -0.9478 0.007 0.2765 -0.9579 0.0148 0.2675 -0.968 0.022 0.2591 -0.9778 0.028 0.252 -0.9741 0.0158 0.2649
115.0 -1.0239 0.0047 0.2713 -0.9188 0.0323 0.2535 -0.9133 0.0312 0.2551 -0.9502 0.036 0.2466 -0.9631 0.0343 0.2471 -0.9709 0.0338 0.2468 -0.9491 0.0044 0.279 -0.9599 0.0109 0.2713 -0.9707 0.0174 0.2636 -0.9803 0.0222 0.2577 -0.9768 0.0119 0.2686
116.0 -1.0288 0.0028 0.2727 -0.9216 0.0283 0.2573 -0.9118 0.0277 0.2588 -0.9267 0.0324 0.2525 -0.9416 0.0323 0.2512 -0.9583 0.0319 0.25 -0.9548 0.0018 0.2811 -0.9644 0.0066 0.2752 -0.974 0.0114 0.2694 -0.9838 0.0168 0.2629 -0.9812 0.0079 0.2723
117.0 -1.0347 0.0014 0.2736 -0.925 0.0278 0.2575 -0.9129 0.0239 0.2626 -0.9279 0.0292 0.2557 -0.9441 0.0313 0.252 -0.9625 0.0307 0.2508 -0.9605 -0.0008 0.2832 -0.9692 0.0041 0.2773 -0.9789 0.0089 0.2714 -0.9887 0.0149 0.2643 -0.9864 0.0057 0.274
118.0 -1.0401 0.0019 0.2725 -0.9264 0.0258 0.2594 -0.915 0.0206 0.2658 -0.9334 0.0254 0.259 -0.9514 0.0279 0.2547 -0.9727 0.0287 0.2518 -0.9663 -0.0028 0.2847 -0.9748 0.0009 0.28 -0.9847 0.0069 0.2729 -0.9946 0.0135 0.2652 -0.9921 0.0041 0.2751
119.0 -1.0432 -0.0004 0.2745 -0.9328 0.0219 0.2628 -0.9179 0.0172 0.2691 -0.9307 0.0203 0.2646 -0.947 0.023 0.2602 -0.9675 0.0245 0.2566 -0.9705 -0.004 0.2855 -0.9782 -0.0002 0.2808 -0.9871 0.0054 0.2742 -0.9962 0.0121 0.2665 -0.995 0.0026 0.2763
120.0 -1.0633 -0.0062 0.2784 -0.9525 0.0192 0.2635 -0.9264 0.0105 0.275 -0.9409 0.0128 0.2712 -0.9647 0.0182 0.2634 -0.9871 0.0206 0.2586 -0.988 -0.0094 0.2893 -0.9962 -0.0075 0.2865 -1.005 -0.0026 0.2805 -1.0141 0.0042 0.2728 -1.0133 -0.0043 0.2815
121.0 -1.1196 -0.0162 0.2831 -1.0034 0.0032 0.2749 -0.964 -0.0056 0.2877 -0.9698 -0.0027 0.2842 -0.9859 0.0037 0.2761 -1.0107 0.0095 0.2677 -1.0339 -0.0236 0.2992 -1.04 -0.0189 0.2938 -1.0482 -0.0121 0.286 -1.0557 -0.0045 0.2775 -1.0595 -0.015 0.2879
122.0 -1.1271 -0.019 0.2853 -1.0165 0.0026 0.2741 -0.9724 -0.0079 0.2893 -0.9765 -0.0048 0.2857 -0.9934 0.0015 0.2776 -1.0188 0.006 0.2705 -1.043 -0.0266 0.3014 -1.049 -0.0225 0.2966 -1.0573 -0.0157 0.2888 -1.0657 -0.0077 0.2798 -1.0684 -0.0183 0.2904
123.0 -1.1388 -0.0224 0.2876 -1.0448 0.0135 0.2602 -0.9878 -0.0106 0.2905 -0.9846 -0.009 0.2891 -0.9967 -0.0051 0.284 -1.0229 -0.0007 0.2769 -1.0603 -0.0283 0.3014 -1.0648 -0.0277 0.3004 -1.0719 -0.0226 0.2944 -1.0805 -0.0134 0.2841 -1.0833 -0.0229 0.2936
124.0 -1.1518 -0.0236 0.2875 -1.0584 0.011 0.2614 -0.9978 -0.0138 0.2928 -0.9939 -0.0108 0.2901 -1.0067 -0.0083 0.2862 -1.0384 -0.0028 0.2775 -1.0748 -0.0309 0.3026 -1.0793 -0.0303 0.3015 -1.0865 -0.0245 0.2949 -1.0962 -0.0143 0.2835 -1.0977 -0.0247 0.294
125.0 -1.1645 -0.0265 0.2892 -1.0665 0.0069 0.2648 -1.0087 -0.0165 0.2944 -1.0038 -0.0146 0.293 -1.0161 -0.0095 0.2866 -1.046 -0.0044 0.2784 -1.0883 -0.0346 0.305 -1.0919 -0.0338 0.3039 -1.099 -0.0287 0.2979 -1.1078 -0.0183 0.2864 -1.1103 -0.0284 0.2965
126.0 -1.1736 -0.0296 0.2915 -1.0855 0.0049 0.2649 -1.0208 -0.0181 0.2949 -1.0167 -0.0163 0.2935 -1.0307 -0.0115 0.2872 -1.0627 -0.0048 0.2772 -1.1038 -0.0361 0.305 -1.1064 -0.0364 0.3051 -1.1125 -0.0317 0.2997 -1.1213 -0.0219 0.2888 -1.1235 -0.0311 0.298
127.0 -1.1834 -0.0291 0.29 -1.0837 -0.0156 0.2861 -1.0335 -0.0211 0.2966 -1.029 -0.0162 0.2921 -1.0478 -0.0095 0.2835 -1.0887 0.0032 0.2663 -1.1146 -0.0399 0.3079 -1.1165 -0.0341 0.3017 -1.1233 -0.0252 0.292 -1.1348 -0.0152 0.2806 -1.1345 -0.0287 0.2944
128.0 -1.1896 -0.0287 0.2889 -1.0956 -0.0227 0.2922 -1.0468 -0.0253 0.2997 -1.0455 -0.0178 0.2921 -1.0621 -0.0084 0.2809 -1.1018 0.0027 0.2656 -1.1222 -0.0416 0.3088 -1.1252 -0.0347 0.3014 -1.1319 -0.0264 0.2923 -1.1433 -0.0169 0.2815 -1.1424 -0.0297 0.2946
129.0 -1.196 -0.0271 0.2867 -1.1078 -0.0238 0.292 -1.058 -0.0268 0.3001 -1.0556 -0.0204 0.2937 -1.0683 -0.0129 0.2849 -1.0908 -0.005 0.2745 -1.1309 -0.0421 0.3085 -1.1321 -0.0356 0.3017 -1.136 -0.0282 0.2937 -1.1427 -0.0199 0.2846 -1.1476 -0.0306 0.2951
130.0 -1.214 -0.0301 0.288 -1.124 -0.0266 0.2933 -1.0734 -0.0289 0.3007 -1.0726 -0.0184 0.29 -1.0867 -0.0136 0.2837 -1.1182 -0.0044 0.2712 -1.144 -0.0427 0.3078 -1.1452 -0.0361 0.301 -1.1509 -0.0284 0.2924 -1.1622 -0.0195 0.2823 -1.1633 -0.0314 0.2943
131.0 -1.2277 -0.032 0.2886 -1.1375 -0.0296 0.295 -1.0856 -0.0299 0.3005 -1.0858 -0.0183 0.2887 -1.1021 -0.0108 0.2793 -1.1309 -0.0018 0.2673 -1.1579 -0.044 0.3077 -1.1594 -0.035 0.2984 -1.1645 -0.0265 0.2892 -1.1738 -0.0186 0.2802 -1.1766 -0.0312 0.2928
132.0 -1.2398 -0.033 0.2884 -1.1496 -0.0312 0.2955 -1.0974 -0.0278 0.2972 -1.0944 -0.0195 0.289 -1.1116 -0.0121 0.2797 -1.1459 -0.0069 0.271 -1.1692 -0.0449 0.3075 -1.1706 -0.0365 0.2988 -1.1765 -0.0281 0.2897 -1.1877 -0.0193 0.2795 -1.1888 -0.0324 0.2928
133.0 -1.2524 -0.0317 0.2858 -1.1603 -0.0302 0.2934 -1.1077 -0.0292 0.2976 -1.1056 -0.021 0.2894 -1.127 -0.0092 0.2753 -1.1601 -0.0009 0.2635 -1.1795 -0.0463 0.3079 -1.181 -0.0373 0.2986 -1.188 -0.0279 0.2883 -1.1985 -0.0177 0.2768 -1.1999 -0.0322 0.2915
134.0 -1.2694 -0.0303 0.2827 -1.1838 -0.0316 0.2925 -1.1331 -0.0296 0.2955 -1.1305 -0.0195 0.2854 -1.1469 -0.0113 0.2754 -1.1827 0.0022 0.2581 -1.2016 -0.0456 0.305 -1.2031 -0.0366 0.2957 -1.2084 -0.0269 0.2853 -1.219 -0.0162 0.2732 -1.2203 -0.0311 0.2884
135.0 -1.282 -0.0283 0.2794 -1.1974 -0.0291 0.2886 -1.1454 -0.03 0.2947 -1.1429 -0.0187 0.2834 -1.1602 -0.0107 0.2734 -1.192 0.0003 0.2591 -1.2124 -0.044 0.3023 -1.214 -0.035 0.293 -1.22 -0.0261 0.2833 -1.2314 -0.016 0.2718 -1.232 -0.0299 0.286
136.0 -1.2902 -0.027 0.2772 -1.2066 -0.0267 0.2852 -1.1535 -0.0287 0.2925 -1.1537 -0.0177 0.2813 -1.171 -0.0091 0.2707 -1.2014 0.0033 0.2551 -1.2195 -0.0437 0.3013 -1.2219 -0.0349 0.2921 -1.2279 -0.0259 0.2823 -1.2375 -0.0162 0.2714 -1.2394 -0.0296 0.2849
137.0 -1.3379 -0.0206 0.266 -1.256 -0.0261 0.2797 -1.2025 -0.0255 0.2845 -1.1966 -0.0138 0.273 -1.2079 -0.0043 0.2622 -1.2402 0.0091 0.2453 -1.2698 -0.0377 0.2902 -1.2704 -0.0292 0.2815 -1.2756 -0.0195 0.271 -1.2863 -0.0088 0.259 -1.288 -0.0232 0.2735
138.0 -1.3431 -0.0158 0.2606 -1.2658 -0.0255 0.2782 -1.2107 -0.0236 0.2816 -1.2052 -0.01 0.2683 -1.2145 -0.0021 0.2593 -1.2443 0.0122 0.2417 -1.2779 -0.0369 0.2886 -1.2751 -0.0274 0.2791 -1.2797 -0.0164 0.2675 -1.2878 -0.0053 0.2553 -1.2927 -0.0204 0.2702
139.0 -1.3513 -0.0145 0.2584 -1.2731 -0.0241 0.2759 -1.217 -0.0226 0.28 -1.212 -0.011 0.2686 -1.2218 -0.0007 0.2571 -1.2508 0.0144 0.2389 -1.2834 -0.0353 0.2863 -1.2808 -0.0251 0.2762 -1.2844 -0.0146 0.2651 -1.2942 -0.0037 0.253 -1.2988 -0.0186 0.2678
140.0 -1.3571 -0.0116 0.2548 -1.2819 -0.024 0.275 -1.2242 -0.0218 0.2784 -1.2167 -0.0097 0.2669 -1.2265 0.0011 0.2548 -1.2555 0.0162 0.2365 -1.2917 -0.0333 0.2835 -1.2891 -0.0232 0.2734 -1.2917 -0.0132 0.2629 -1.3007 -0.0022 0.2508 -1.306 -0.0167 0.2651
141.0 -1.3585 -0.0087 0.2518 -1.29 -0.0227 0.2729 -1.2314 -0.0209 0.2768 -1.223 -0.0088 0.2653 -1.2327 0.0015 0.2538 -1.2593 0.0175 0.2348 -1.2964 -0.0315 0.2812 -1.2938 -0.0214 0.2711 -1.2964 -0.0114 0.2606 -1.3046 0.0004 0.2478 -1.3099 -0.0145 0.2625
142.0 -1.3625 -0.0056 0.2482 -1.2993 -0.0203 0.2695 -1.2378 -0.0193 0.2746 -1.2278 -0.0064 0.2623 -1.2377 0.0051 0.2496 -1.2649 0.0198 0.2319 -1.3014 -0.0279 0.277 -1.298 -0.0177 0.2669 -1.3006 -0.0076 0.2564 -1.3086 0.0029 0.2448 -1.3142 -0.0112 0.2587
143.0 -1.3655 -0.0036 0.2458 -1.3051 -0.0168 0.2653 -1.2434 -0.0176 0.2723 -1.2333 -0.0053 0.2607 -1.2423 0.0063 0.2479 -1.2715 0.0219 0.229 -1.308 -0.0257 0.2742 -1.3044 -0.0161 0.2647 -1.3061 -0.0065 0.2547 -1.3142 0.0046 0.2426 -1.3196 -0.0095 0.2564
144.0 -1.3706 2.147e-05 0.2416 -1.3094 -0.0125 0.2605 -1.2485 -0.014 0.2681 -1.2381 -0.0029 0.2577 -1.2473 0.0093 0.2443 -1.2737 0.0247 0.226 -1.3127 -0.0239 0.2719 -1.3084 -0.0136 0.2617 -1.3093 -0.0033 0.2511 -1.3164 0.0073 0.2395 -1.3235 -0.0067 0.2532
145.0 -1.3732 0.0003 0.2411 -1.3135 -0.0094 0.2569 -1.2523 -0.0121 0.2658 -1.2428 -0.0011 0.2554 -1.2503 0.0114 0.242 -1.2767 0.0267 0.2236 -1.3166 -0.022 0.2695 -1.3121 -0.0122 0.26 -1.313 -0.002 0.2494 -1.3193 0.0088 0.2378 -1.3268 -0.0054 0.2516
146.0 -1.3772 0.0028 0.2381 -1.3174 -0.0069 0.2539 -1.2545 -0.0094 0.2627 -1.2459 0.0016 0.2524 -1.2531 0.0122 0.2408 -1.2814 0.0285 0.2213 -1.3203 -0.0207 0.2678 -1.3159 -0.0109 0.2582 -1.3159 -0.0005 0.2476 -1.3222 0.0102 0.236 -1.3303 -0.0038 0.2496
147.0 -1.3791 0.0038 0.237 -1.3195 -0.0053 0.2521 -1.2574 -0.0079 0.261 -1.2488 0.003 0.2507 -1.2541 0.0133 0.2396 -1.2817 0.0303 0.2195 -1.3223 -0.0191 0.266 -1.3179 -0.0094 0.2564 -1.3188 0.0009 0.2459 -1.3252 0.0123 0.2336 -1.3327 -0.0023 0.2478
148.0 -1.3801 0.0042 0.2364 -1.3231 -0.0046 0.251 -1.2596 -0.0058 0.2586 -1.2508 0.0046 0.2489 -1.2551 0.0138 0.239 -1.2827 0.0308 0.2189 -1.326 -0.0184 0.2649 -1.3207 -0.0085 0.2553 -1.3216 0.0017 0.2447 -1.3279 0.0125 0.2331 -1.3352 -0.0017 0.2469
149.0 -1.3819 0.0046 0.2358 -1.3241 -0.0041 0.2504 -1.2605 -0.0053 0.258 -1.2508 0.0046 0.2489 -1.2581 0.0158 0.2366 -1.2839 0.0325 0.217 -1.3261 -0.0178 0.2643 -1.3216 -0.008 0.2547 -1.3227 0.0028 0.2435 -1.3289 0.0136 0.2319 -1.3363 -0.001 0.246
150.0 -1.382 0.0052 0.2352 -1.3245 -0.0017 0.248 -1.2623 -0.0055 0.258 -1.2518 0.0051 0.2483 -1.2592 0.0169 0.2354 -1.2847 0.0324 0.2171 -1.3271 -0.0173 0.2637 -1.3226 -0.0076 0.2541 -1.3227 0.0028 0.2435 -1.3289 0.0136 0.2319 -1.3367 -0.0007 0.2457
151.0 -1.3813 0.0059 0.2345 -1.3244 -0.0023 0.2486 -1.2616 -0.0042 0.2568 -1.252 0.0063 0.247 -1.2582 0.0164 0.236 -1.2857 0.0329 0.2165 -1.3272 -0.0167 0.2631 -1.3218 -0.0068 0.2535 -1.3228 0.0034 0.2429 -1.3292 0.0148 0.2307 -1.3364 0.0001 0.2449
152.0 -1.3822 0.0064 0.234 -1.3254 -0.0018 0.248 -1.2617 -0.0036 0.2561 -1.2521 0.0068 0.2464 -1.2573 0.0165 0.236 -1.2857 0.0329 0.2165 -1.3272 -0.0167 0.2631 -1.3227 -0.007 0.2535 -1.3236 0.0033 0.2429 -1.33 0.0147 0.2307 -1.3371 0.0001 0.2448
153.0 -1.3795 0.0061 0.2345 -1.3272 -0.0015 0.2474 -1.2625 -0.0043 0.2568 -1.2538 0.0066 0.2465 -1.2582 0.0164 0.236 -1.2849 0.0336 0.2158 -1.3289 -0.017 0.2631 -1.3227 -0.007 0.2535 -1.3228 0.0034 0.2429 -1.3291 0.0142 0.2313 -1.3366 -3.557e-05 0.2451
154.0 -1.3813 0.0059 0.2345 -1.3245 -0.0017 0.248 -1.2598 -0.0046 0.2573 -1.253 0.0067 0.2464 -1.2582 0.0164 0.236 -1.2848 0.033 0.2164 -1.3262 -0.0172 0.2636 -1.3217 -0.0074 0.2541 -1.3228 0.0034 0.2429 -1.3291 0.0142 0.2313 -1.3362 -0.0002 0.2453
155.0 -1.3823 0.007 0.2333 -1.3245 -0.0017 0.248 -1.2608 -0.0041 0.2567 -1.2521 0.0068 0.2464 -1.2574 0.0171 0.2354 -1.284 0.0331 0.2164 -1.3271 -0.0173 0.2637 -1.3227 -0.007 0.2535 -1.3229 0.004 0.2423 -1.3283 0.0149 0.2306 -1.3367 0.0003 0.2447
156.0 -1.3821 0.0058 0.2346 -1.3236 -0.0016 0.2479 -1.26 -0.0034 0.2561 -1.2521 0.0068 0.2464 -1.2574 0.0171 0.2354 -1.2848 0.033 0.2164 -1.3263 -0.0166 0.263 -1.3218 -0.0068 0.2535 -1.3228 0.0034 0.2429 -1.3291 0.0142 0.2313 -1.3364 -1.237e-05 0.2451
157.0 -1.3822 0.0064 0.234 -1.3245 -0.0017 0.248 -1.2609 -0.0035 0.2561 -1.253 0.0067 0.2464 -1.2583 0.017 0.2354 -1.2848 0.033 0.2164 -1.328 -0.0168 0.2631 -1.3228 -0.0064 0.2529 -1.3229 0.004 0.2423 -1.3282 0.0143 0.2312 -1.3368 0.0003 0.2447
