1.0 -1.3993 -0.0619 0.3021 -1.3371 -0.0352 0.2809 -1.3331 -0.053 0.2995 -1.3051 -0.0424 0.2915 -1.3067 -0.0329 0.2816 -1.3176 -0.0313 0.2789 -1.3469 -0.075 0.3206 -1.338 -0.0652 0.3116 -1.3352 -0.0563 0.3027 -1.3358 -0.0478 0.294 -1.351 -0.0612 0.3062
2.0 -1.3895 -0.0673 0.3086 -1.3354 -0.0349 0.2809 -1.3009 -0.0358 0.2851 -1.3044 -0.0411 0.2903 -1.3346 -0.0495 0.2958 -1.3471 -0.0585 0.3038 -1.3331 -0.0578 0.3045 -1.3327 -0.0651 0.312 -1.3366 -0.073 0.3196 -1.345 -0.0808 0.3268 -1.3474 -0.0688 0.3143
2.0 -1.3895 -0.0673 0.3086 -1.3354 -0.0349 0.2809 -1.3009 -0.0358 0.2851 -1.3044 -0.0411 0.2903 -1.3346 -0.0495 0.2958 -1.3471 -0.0585 0.3038 -1.3331 -0.0578 0.3045 -1.3327 -0.0651 0.312 -1.3366 -0.073 0.3196 -1.345 -0.0808 0.3268 -1.3474 -0.0688 0.3143
2.0 -1.3895 -0.0673 0.3086 -1.3354 -0.0349 0.2809 -1.3009 -0.0358 0.2851 -1.3044 -0.0411 0.2903 -1.3346 -0.0495 0.2958 -1.3471 -0.0585 0.3038 -1.3331 -0.0578 0.3045 -1.3327 -0.0651 0.312 -1.3366 -0.073 0.3196 -1.345 -0.0808 0.3268 -1.3474 -0.0688 0.3143
5.0 -1.3996 -0.065 0.3052 -1.3375 -0.0328 0.2784 -1.307 -0.0366 0.2854 -1.3104 -0.0419 0.2905 -1.3373 -0.0492 0.2953 -1.3506 -0.0584 0.3033 -1.3407 -0.0601 0.306 -1.3395 -0.0666 0.3129 -1.3419 -0.0731 0.3192 -1.3488 -0.0789 0.3245 -1.3541 -0.0687 0.3136
6.0 -1.4 -0.0681 0.3083 -1.342 -0.0377 0.283 -1.3119 -0.0385 0.2868 -1.316 -0.0451 0.2932 -1.3386 -0.0519 0.2978 -1.3578 -0.063 0.3073 -1.3431 -0.061 0.3068 -1.3419 -0.0682 0.3142 -1.3451 -0.0747 0.3206 -1.3536 -0.0814 0.3265 -1.3568 -0.0707 0.3153
7.0 -1.4035 -0.068 0.3079 -1.3421 -0.0371 0.2824 -1.3101 -0.0388 0.2874 -1.3177 -0.0454 0.2933 -1.3471 -0.0536 0.2988 -1.3567 -0.0641 0.3085 -1.345 -0.0607 0.3062 -1.3437 -0.0678 0.3137 -1.3469 -0.075 0.3206 -1.3535 -0.082 0.3272 -1.3585 -0.0707 0.3151
8.0 -1.398 -0.069 0.3095 -1.3427 -0.0384 0.2836 -1.313 -0.0374 0.2856 -1.317 -0.0447 0.2926 -1.3417 -0.0541 0.2998 -1.3552 -0.0626 0.3072 -1.3426 -0.0591 0.3049 -1.3421 -0.067 0.313 -1.3452 -0.0741 0.32 -1.3528 -0.0813 0.3265 -1.3562 -0.0701 0.3148
9.0 -1.3954 -0.0693 0.31 -1.3425 -0.0396 0.2849 -1.3147 -0.0425 0.2907 -1.3182 -0.0479 0.2958 -1.3452 -0.0546 0.3 -1.3563 -0.061 0.3054 -1.3428 -0.0628 0.3086 -1.341 -0.0681 0.3142 -1.3437 -0.0727 0.3187 -1.3508 -0.0773 0.3227 -1.3548 -0.07 0.3148
10.0 -1.401 -0.067 0.3071 -1.3402 -0.0429 0.2885 -1.3198 -0.0438 0.2915 -1.3188 -0.0443 0.2921 -1.3301 -0.0452 0.2919 -1.3434 -0.0495 0.2949 -1.3489 -0.0685 0.3139 -1.3436 -0.0684 0.3143 -1.3427 -0.0683 0.3142 -1.3471 -0.0683 0.3138 -1.3567 -0.0681 0.3127
11.0 -1.3934 -0.0703 0.3112 -1.3282 -0.0407 0.2875 -1.3157 -0.0372 0.2851 -1.319 -0.0431 0.2908 -1.3296 -0.0531 0.3 -1.3559 -0.0634 0.3079 -1.341 -0.0583 0.3042 -1.338 -0.0652 0.3116 -1.3393 -0.0727 0.3191 -1.3451 -0.0802 0.3262 -1.3514 -0.0693 0.3145
12.0 -1.3759 -0.0648 0.3074 -1.3266 -0.0301 0.2768 -1.3136 -0.0338 0.2819 -1.3102 -0.0383 0.2868 -1.3201 -0.0469 0.2946 -1.3463 -0.0633 0.3088 -1.3315 -0.0521 0.2988 -1.3278 -0.0583 0.3055 -1.3291 -0.0658 0.3131 -1.3339 -0.0738 0.3208 -1.3396 -0.063 0.3091
13.0 -1.3934 -0.0703 0.3112 -1.3429 -0.0726 0.3186 -1.3217 -0.0477 0.2953 -1.3126 -0.0398 0.2881 -1.3186 -0.0406 0.2883 -1.3392 -0.0483 0.2941 -1.3458 -0.0712 0.3169 -1.3378 -0.0664 0.3128 -1.3365 -0.0638 0.3103 -1.3395 -0.0618 0.3079 -1.3506 -0.0667 0.3118
14.0 -1.3903 -0.068 0.3092 -1.3288 -0.0322 0.2787 -1.2945 -0.0374 0.2874 -1.2909 -0.0479 0.2985 -1.3019 -0.0652 0.3152 -1.3324 -0.0871 0.3345 -1.3424 -0.0554 0.3011 -1.3435 -0.0641 0.3099 -1.3506 -0.0736 0.3189 -1.3614 -0.0824 0.3268 -1.3576 -0.0687 0.3132
15.0 -1.4084 -0.0601 0.2993 -1.3457 -0.0968 0.3431 -1.2899 -0.0685 0.3197 -1.2765 -0.0496 0.3017 -1.2868 -0.0363 0.2871 -1.318 -0.024 0.2714 -1.3476 -0.0757 0.3213 -1.3444 -0.0636 0.3093 -1.348 -0.0531 0.2982 -1.3571 -0.0415 0.2854 -1.3611 -0.0588 0.3027
16.0 -1.4092 -0.0608 0.3 -1.347 -0.0994 0.3456 -1.2746 -0.0658 0.3185 -1.2654 -0.0481 0.3013 -1.2779 -0.0369 0.2886 -1.3092 -0.0241 0.2723 -1.3442 -0.0752 0.3212 -1.342 -0.0627 0.3086 -1.3465 -0.0517 0.2969 -1.3572 -0.0409 0.2848 -1.3598 -0.0583 0.3023
17.0 -1.4137 -0.0602 0.2989 -1.3445 -0.0985 0.3449 -1.2742 -0.0627 0.3153 -1.2657 -0.0463 0.2994 -1.2773 -0.035 0.2867 -1.3066 -0.0237 0.2722 -1.3452 -0.0741 0.32 -1.3422 -0.0615 0.3074 -1.3467 -0.0505 0.2957 -1.3567 -0.039 0.2829 -1.3609 -0.0571 0.301
18.0 -1.416 -0.0617 0.3002 -1.3419 -0.0981 0.3448 -1.2708 -0.0623 0.3152 -1.2616 -0.0445 0.298 -1.274 -0.034 0.286 -1.305 -0.0229 0.2716 -1.3436 -0.0733 0.3193 -1.3414 -0.0608 0.3067 -1.346 -0.0498 0.295 -1.3575 -0.0391 0.283 -1.3609 -0.0569 0.3008
19.0 -1.4162 -0.0605 0.299 -1.3417 -0.0993 0.3461 -1.2681 -0.0625 0.3157 -1.2588 -0.0454 0.2991 -1.2728 -0.0356 0.2878 -1.3022 -0.0237 0.2727 -1.342 -0.0725 0.3186 -1.3398 -0.06 0.306 -1.3443 -0.0496 0.2949 -1.355 -0.0388 0.2829 -1.3595 -0.0563 0.3003
20.0 -1.412 -0.0599 0.2988 -1.3447 -0.1022 0.3487 -1.2651 -0.0645 0.3181 -1.2566 -0.0481 0.3022 -1.2684 -0.0357 0.2883 -1.2997 -0.0228 0.272 -1.3384 -0.0732 0.3197 -1.3362 -0.0607 0.3071 -1.3407 -0.0497 0.2954 -1.3514 -0.0389 0.2834 -1.3557 -0.0565 0.3009
21.0 -1.4091 -0.0614 0.3006 -1.3449 -0.1065 0.353 -1.2609 -0.0683 0.3223 -1.2519 -0.0493 0.3039 -1.2636 -0.0381 0.2912 -1.2956 -0.021 0.2706 -1.3338 -0.0744 0.3214 -1.3317 -0.0613 0.3082 -1.3371 -0.0504 0.2965 -1.3486 -0.0398 0.2845 -1.352 -0.0575 0.3022
22.0 -1.4044 -0.0626 0.3023 -1.3434 -0.1099 0.3567 -1.257 -0.0708 0.3253 -1.2479 -0.0524 0.3074 -1.259 -0.0393 0.2929 -1.2912 -0.021 0.271 -1.3302 -0.0745 0.3219 -1.3272 -0.0619 0.3093 -1.3327 -0.0504 0.297 -1.3451 -0.0399 0.285 -1.3479 -0.0579 0.3031
23.0 -1.4055 -0.0615 0.3011 -1.3403 -0.1126 0.3597 -1.2531 -0.0727 0.3276 -1.243 -0.0554 0.311 -1.255 -0.0418 0.2959 -1.2866 -0.0222 0.2727 -1.3265 -0.0759 0.3236 -1.3235 -0.0626 0.3104 -1.3282 -0.0511 0.2981 -1.3398 -0.0398 0.2854 -1.3447 -0.0582 0.3037
24.0 -1.402 -0.0616 0.3016 -1.3383 -0.1135 0.3609 -1.2488 -0.0721 0.3275 -1.2387 -0.0549 0.3108 -1.2503 -0.0436 0.2982 -1.2794 -0.0231 0.2743 -1.3239 -0.0755 0.3235 -1.3219 -0.0618 0.3097 -1.3266 -0.0502 0.2974 -1.3381 -0.0396 0.2853 -1.3425 -0.0578 0.3035
25.0 -1.3996 -0.0601 0.3002 -1.3374 -0.114 0.3615 -1.2482 -0.0708 0.3262 -1.2369 -0.0546 0.3108 -1.2494 -0.0435 0.2981 -1.2773 -0.0253 0.2767 -1.3221 -0.0759 0.3241 -1.3192 -0.0621 0.3102 -1.3239 -0.0505 0.2979 -1.3347 -0.0391 0.2852 -1.3399 -0.0575 0.3035
26.0 -1.3981 -0.0587 0.2989 -1.3333 -0.1122 0.3601 -1.2467 -0.0694 0.3249 -1.2353 -0.0538 0.3101 -1.2462 -0.0418 0.2968 -1.2727 -0.0265 0.2784 -1.3197 -0.0743 0.3227 -1.3168 -0.0605 0.3089 -1.3215 -0.0489 0.2966 -1.3313 -0.0381 0.2844 -1.3375 -0.0561 0.3023
27.0 -1.3948 -0.0576 0.2981 -1.3294 -0.1093 0.3574 -1.2457 -0.0699 0.3255 -1.2327 -0.0535 0.31 -1.2455 -0.0411 0.2961 -1.2726 -0.0271 0.279 -1.3187 -0.0748 0.3233 -1.3151 -0.0603 0.3088 -1.3199 -0.0481 0.2959 -1.3297 -0.0372 0.2838 -1.3356 -0.0556 0.302
28.0 -1.3959 -0.0559 0.2963 -1.3297 -0.1075 0.3556 -1.245 -0.0691 0.3248 -1.233 -0.0523 0.3087 -1.2457 -0.0399 0.2949 -1.2728 -0.0259 0.2778 -1.3182 -0.0729 0.3214 -1.3152 -0.0597 0.3082 -1.319 -0.048 0.2958 -1.3298 -0.0366 0.2831 -1.3356 -0.0546 0.301
29.0 -1.3906 -0.0564 0.2974 -1.3298 -0.1069 0.355 -1.2445 -0.0715 0.3273 -1.2339 -0.0518 0.3082 -1.2464 -0.0406 0.2955 -1.2721 -0.0246 0.2765 -1.318 -0.0741 0.3227 -1.3151 -0.0603 0.3088 -1.319 -0.048 0.2958 -1.3291 -0.0359 0.2825 -1.3344 -0.055 0.3014
30.0 -1.3942 -0.0557 0.2963 -1.3283 -0.1054 0.3537 -1.2422 -0.07 0.326 -1.2322 -0.0515 0.3081 -1.245 -0.0386 0.2936 -1.2727 -0.021 0.2728 -1.3182 -0.0729 0.3214 -1.3144 -0.0596 0.3081 -1.3191 -0.0474 0.2952 -1.3291 -0.0359 0.2825 -1.335 -0.0543 0.3007
31.0 -1.3942 -0.0557 0.2963 -1.33 -0.1057 0.3537 -1.242 -0.0712 0.3272 -1.2332 -0.0511 0.3075 -1.2452 -0.0374 0.2924 -1.2743 -0.0169 0.2685 -1.3172 -0.0734 0.322 -1.3144 -0.0596 0.3081 -1.3182 -0.0479 0.2958 -1.3291 -0.0359 0.2825 -1.3346 -0.0545 0.3009
32.0 -1.3944 -0.0545 0.295 -1.3313 -0.1034 0.3513 -1.243 -0.0701 0.326 -1.2343 -0.0494 0.3057 -1.2454 -0.0362 0.2911 -1.277 -0.0167 0.268 -1.3173 -0.0728 0.3214 -1.3144 -0.0596 0.3081 -1.3183 -0.0473 0.2952 -1.3291 -0.0359 0.2825 -1.3347 -0.054 0.3004
33.0 -1.3952 -0.0552 0.2957 -1.3305 -0.1033 0.3512 -1.2438 -0.0708 0.3266 -1.2371 -0.0485 0.3045 -1.2466 -0.0346 0.2893 -1.2816 -0.0155 0.2663 -1.3174 -0.0722 0.3208 -1.3136 -0.0589 0.3075 -1.3183 -0.0473 0.2952 -1.3291 -0.0359 0.2825 -1.3347 -0.0539 0.3003
34.0 -1.3944 -0.0545 0.295 -1.3314 -0.1028 0.3507 -1.244 -0.0696 0.3254 -1.2374 -0.0468 0.3027 -1.2504 -0.0332 0.2876 -1.2835 -0.0151 0.2657 -1.3183 -0.0723 0.3208 -1.3145 -0.059 0.3075 -1.3191 -0.0474 0.2952 -1.3292 -0.0353 0.2819 -1.3351 -0.0537 0.3001
35.0 -1.3944 -0.0545 0.295 -1.3326 -0.1011 0.3488 -1.2451 -0.0685 0.3242 -1.2393 -0.0464 0.3021 -1.2514 -0.0322 0.2863 -1.287 -0.015 0.2652 -1.3194 -0.0713 0.3196 -1.3154 -0.0585 0.3069 -1.3201 -0.0469 0.2946 -1.33 -0.0354 0.2819 -1.3359 -0.0533 0.2996
36.0 -1.3937 -0.0538 0.2944 -1.3319 -0.0998 0.3475 -1.2453 -0.0674 0.323 -1.2396 -0.0446 0.3003 -1.2523 -0.0323 0.2864 -1.2861 -0.0148 0.2652 -1.3194 -0.0713 0.3196 -1.3155 -0.0579 0.3063 -1.3193 -0.0462 0.294 -1.3301 -0.0348 0.2813 -1.3356 -0.0528 0.2991
37.0 -1.3928 -0.0537 0.2943 -1.3312 -0.0991 0.3469 -1.2443 -0.0678 0.3235 -1.2395 -0.0452 0.3009 -1.2532 -0.0324 0.2864 -1.2852 -0.0153 0.2658 -1.3175 -0.0716 0.3201 -1.3146 -0.0584 0.3069 -1.3193 -0.0462 0.294 -1.3301 -0.0348 0.2813 -1.3349 -0.0529 0.2993
38.0 -1.3911 -0.0534 0.2943 -1.332 -0.0992 0.3469 -1.2444 -0.0672 0.3229 -1.2394 -0.0458 0.3015 -1.2513 -0.0327 0.287 -1.2842 -0.0158 0.2664 -1.3175 -0.0716 0.3201 -1.3137 -0.0583 0.3069 -1.3184 -0.0467 0.2946 -1.3284 -0.0346 0.2812 -1.3338 -0.0529 0.2994
39.0 -1.3902 -0.0533 0.2942 -1.3313 -0.0985 0.3463 -1.2434 -0.0677 0.3235 -1.2386 -0.0451 0.3008 -1.2505 -0.0326 0.2869 -1.2842 -0.0158 0.2664 -1.3167 -0.0715 0.3201 -1.3137 -0.0583 0.3069 -1.3185 -0.0461 0.2939 -1.3284 -0.0346 0.2812 -1.3335 -0.0528 0.2993
40.0 -1.3913 -0.0523 0.293 -1.3295 -0.0989 0.3468 -1.2428 -0.0664 0.3222 -1.2379 -0.0444 0.3002 -1.2496 -0.0325 0.2869 -1.2824 -0.0162 0.2669 -1.3151 -0.0707 0.3194 -1.3121 -0.0574 0.3062 -1.3168 -0.0459 0.2939 -1.3258 -0.0343 0.2811 -1.3322 -0.0521 0.2987
41.0 -1.3888 -0.0513 0.2923 -1.3314 -0.0979 0.3457 -1.2435 -0.0671 0.3229 -1.237 -0.0443 0.3002 -1.2488 -0.0324 0.2869 -1.2815 -0.0161 0.2669 -1.3168 -0.0709 0.3195 -1.313 -0.0576 0.3062 -1.3168 -0.0459 0.2939 -1.3267 -0.0344 0.2811 -1.3324 -0.052 0.2986
42.0 -1.3861 -0.0516 0.2928 -1.3315 -0.0973 0.345 -1.2427 -0.067 0.3229 -1.2369 -0.0448 0.3008 -1.2478 -0.0329 0.2875 -1.2814 -0.0167 0.2675 -1.3159 -0.0708 0.3194 -1.312 -0.058 0.3068 -1.3167 -0.0465 0.2945 -1.3267 -0.0344 0.2811 -1.3315 -0.0522 0.2989
43.0 -1.3732 -0.0504 0.2929 -1.3336 -0.0952 0.3426 -1.2426 -0.0676 0.3235 -1.2348 -0.047 0.3032 -1.2467 -0.034 0.2887 -1.278 -0.0162 0.2674 -1.3141 -0.0712 0.32 -1.3101 -0.059 0.308 -1.3138 -0.0479 0.2963 -1.3238 -0.0358 0.2829 -1.327 -0.0529 0.3
44.0 -1.3723 -0.0503 0.2929 -1.3347 -0.0941 0.3414 -1.2408 -0.068 0.324 -1.2339 -0.0469 0.3032 -1.2451 -0.0331 0.288 -1.2763 -0.016 0.2673 -1.3124 -0.0709 0.3199 -1.3092 -0.0589 0.3079 -1.3129 -0.0478 0.2962 -1.3229 -0.0357 0.2829 -1.3259 -0.0527 0.3
45.0 -1.3713 -0.0508 0.2935 -1.3332 -0.0927 0.3401 -1.2399 -0.0679 0.324 -1.2329 -0.0474 0.3037 -1.2442 -0.033 0.2879 -1.2754 -0.0158 0.2673 -1.3115 -0.0708 0.3199 -1.3074 -0.0593 0.3085 -1.3111 -0.0481 0.2968 -1.3211 -0.0361 0.2834 -1.3245 -0.053 0.3004
46.0 -1.3757 -0.0508 0.293 -1.3181 -0.0882 0.337 -1.2239 -0.0639 0.3215 -1.2181 -0.0417 0.2994 -1.2307 -0.03 0.2862 -1.2607 -0.0145 0.2673 -1.299 -0.0667 0.3169 -1.2958 -0.0552 0.3056 -1.2994 -0.0447 0.2945 -1.3101 -0.034 0.2824 -1.316 -0.0503 0.2985
47.0 -1.3655 -0.0488 0.292 -1.3087 -0.0869 0.3367 -1.2192 -0.0657 0.3238 -1.2119 -0.0421 0.3004 -1.2246 -0.0297 0.2866 -1.2564 -0.0139 0.2672 -1.2924 -0.0694 0.3204 -1.2885 -0.0567 0.3078 -1.2931 -0.0451 0.2955 -1.3039 -0.0337 0.2828 -1.3087 -0.0508 0.2997
48.0 -1.3602 -0.0493 0.2931 -1.2985 -0.0898 0.3406 -1.2139 -0.0656 0.3242 -1.2083 -0.0422 0.3009 -1.2209 -0.0305 0.2877 -1.2543 -0.016 0.2696 -1.2871 -0.0693 0.3208 -1.284 -0.0573 0.3088 -1.2878 -0.0456 0.2965 -1.2986 -0.0342 0.2838 -1.3035 -0.0512 0.3006
49.0 -1.3578 -0.0477 0.2917 -1.2963 -0.0871 0.3381 -1.2104 -0.0657 0.3247 -1.2029 -0.0433 0.3026 -1.2155 -0.0316 0.2893 -1.2481 -0.0158 0.27 -1.2837 -0.0689 0.3207 -1.2797 -0.0567 0.3087 -1.2833 -0.0462 0.2976 -1.2933 -0.0341 0.2842 -1.2996 -0.0507 0.3006
50.0 -1.3478 -0.0494 0.2945 -1.2869 -0.0858 0.3377 -1.1959 -0.0631 0.3235 -1.1939 -0.0439 0.3041 -1.2087 -0.0349 0.2934 -1.2354 -0.0184 0.2739 -1.274 -0.0688 0.3216 -1.2708 -0.0574 0.3102 -1.2736 -0.0461 0.2985 -1.2827 -0.0345 0.2857 -1.2898 -0.0513 0.3021
51.0 -1.3399 -0.0496 0.2954 -1.2803 -0.0831 0.3356 -1.1924 -0.0627 0.3234 -1.1892 -0.0457 0.3064 -1.2008 -0.0351 0.2944 -1.2293 -0.0182 0.2742 -1.2672 -0.0679 0.3213 -1.2638 -0.057 0.3106 -1.2674 -0.0465 0.2995 -1.2773 -0.035 0.2867 -1.2831 -0.0512 0.3027
52.0 -1.3348 -0.0483 0.2946 -1.276 -0.0825 0.3354 -1.1989 -0.066 0.3262 -1.1913 -0.0491 0.3096 -1.2004 -0.0375 0.2969 -1.2257 -0.0183 0.2747 -1.2698 -0.0676 0.3208 -1.2638 -0.057 0.3106 -1.2647 -0.0468 0.3 -1.272 -0.0355 0.2878 -1.281 -0.051 0.3027
53.0 -1.2961 -0.0486 0.2987 -1.2719 -0.0807 0.334 -1.1782 -0.0638 0.326 -1.1734 -0.0454 0.3077 -1.1859 -0.0349 0.2957 -1.218 -0.0173 0.2744 -1.2467 -0.0694 0.3249 -1.246 -0.0583 0.3136 -1.2506 -0.0467 0.3013 -1.2597 -0.0351 0.2885 -1.2598 -0.0516 0.3054
54.0 -1.3236 -0.0468 0.2941 -1.2637 -0.0827 0.3368 -1.1883 -0.0664 0.3276 -1.1796 -0.0506 0.3123 -1.1869 -0.0387 0.2995 -1.2118 -0.0176 0.2754 -1.2587 -0.0661 0.3204 -1.2525 -0.0561 0.3107 -1.2525 -0.0463 0.3008 -1.2597 -0.0351 0.2885 -1.2694 -0.0501 0.3029
54.0 -1.2879 -0.0499 0.3009 -1.2566 -0.078 0.3328 -1.1735 -0.065 0.3277 -1.1672 -0.0458 0.3087 -1.1812 -0.0361 0.2974 -1.2102 -0.0162 0.2741 -1.2413 -0.0699 0.3259 -1.2406 -0.0588 0.3147 -1.2452 -0.0478 0.303 -1.2542 -0.0362 0.2902 -1.2538 -0.0525 0.3069
55.0 -1.2933 -0.0494 0.2998 -1.2595 -0.0815 0.336 -1.169 -0.0656 0.3287 -1.1619 -0.0463 0.3097 -1.1732 -0.0369 0.2989 -1.2054 -0.0186 0.2771 -1.2396 -0.0696 0.3259 -1.2362 -0.0588 0.3151 -1.2399 -0.0477 0.3034 -1.2491 -0.0355 0.29 -1.2516 -0.0522 0.3068
56.0 -1.3124 -0.0459 0.2943 -1.2549 -0.0827 0.3377 -1.1664 -0.0659 0.3293 -1.16 -0.0467 0.3103 -1.1706 -0.0365 0.2988 -1.2003 -0.0179 0.2769 -1.2435 -0.0671 0.3229 -1.2383 -0.0566 0.3127 -1.2401 -0.0465 0.3021 -1.2483 -0.0348 0.2894 -1.2565 -0.0502 0.3043
57.0 -1.3097 -0.0461 0.2949 -1.2486 -0.0837 0.3393 -1.1602 -0.0657 0.3297 -1.1556 -0.0467 0.3107 -1.1646 -0.0357 0.2986 -1.194 -0.0183 0.2779 -1.2382 -0.0676 0.3239 -1.2338 -0.0573 0.3138 -1.2366 -0.0466 0.3026 -1.2438 -0.0354 0.2904 -1.2524 -0.0506 0.3051
58.0 -1.3051 -0.0473 0.2965 -1.2433 -0.0836 0.3397 -1.1574 -0.0665 0.3308 -1.1536 -0.0483 0.3125 -1.1618 -0.0365 0.2997 -1.1904 -0.019 0.279 -1.2338 -0.0676 0.3244 -1.2295 -0.0567 0.3136 -1.2313 -0.0465 0.3031 -1.2395 -0.0348 0.2903 -1.2478 -0.0506 0.3056
59.0 -1.2982 -0.0464 0.2963 -1.2373 -0.0828 0.3395 -1.1614 -0.0689 0.3328 -1.1507 -0.0497 0.3143 -1.1581 -0.0379 0.3015 -1.1862 -0.0178 0.2782 -1.2313 -0.0667 0.3237 -1.2261 -0.0562 0.3135 -1.2269 -0.0466 0.3035 -1.2334 -0.0346 0.2906 -1.2432 -0.0501 0.3055
60.0 -1.2965 -0.0462 0.2962 -1.2338 -0.0823 0.3394 -1.1546 -0.0679 0.3326 -1.1453 -0.0502 0.3153 -1.1544 -0.0386 0.3026 -1.1852 -0.0183 0.2788 -1.2286 -0.0669 0.3242 -1.2234 -0.0565 0.314 -1.2243 -0.0462 0.3034 -1.2317 -0.0344 0.2906 -1.2409 -0.05 0.3057
61.0 -1.292 -0.0468 0.2973 -1.2303 -0.0824 0.3399 -1.1485 -0.0671 0.3323 -1.1413 -0.0484 0.3139 -1.1511 -0.0375 0.3018 -1.179 -0.0187 0.2798 -1.2233 -0.0674 0.3252 -1.219 -0.0565 0.3144 -1.2208 -0.0463 0.3039 -1.2281 -0.0345 0.2911 -1.2366 -0.0503 0.3064
62.0 -1.2881 -0.0487 0.2996 -1.2278 -0.0815 0.3391 -1.1494 -0.0672 0.3324 -1.1392 -0.05 0.3157 -1.1482 -0.039 0.3036 -1.1748 -0.0175 0.279 -1.2217 -0.066 0.3239 -1.2165 -0.0555 0.3137 -1.2182 -0.046 0.3038 -1.2263 -0.0349 0.2916 -1.2342 -0.0502 0.3065
63.0 -1.2848 -0.0476 0.2989 -1.2253 -0.0811 0.339 -1.139 -0.0664 0.3326 -1.1333 -0.0486 0.3149 -1.144 -0.0378 0.3028 -1.1723 -0.0166 0.2783 -1.2137 -0.0668 0.3255 -1.2103 -0.0559 0.3147 -1.213 -0.0459 0.3042 -1.222 -0.0343 0.2915 -1.2288 -0.0501 0.307
64.0 -1.284 -0.0469 0.2982 -1.2201 -0.0805 0.3388 -1.1356 -0.0654 0.3318 -1.1301 -0.0469 0.3135 -1.1416 -0.0363 0.3015 -1.1714 -0.0171 0.2789 -1.2138 -0.0662 0.3249 -1.2095 -0.0558 0.3147 -1.2113 -0.0451 0.3035 -1.2196 -0.0333 0.2907 -1.2276 -0.0495 0.3064
65.0 -1.2798 -0.0458 0.2974 -1.2179 -0.0777 0.3363 -1.1359 -0.0642 0.3306 -1.1302 -0.0463 0.3129 -1.1398 -0.0366 0.302 -1.1663 -0.0158 0.2781 -1.2094 -0.0662 0.3253 -1.206 -0.0553 0.3146 -1.2078 -0.0452 0.304 -1.2169 -0.0336 0.2913 -1.224 -0.0492 0.3065
66.0 -1.2752 -0.047 0.2991 -1.2138 -0.0759 0.3349 -1.1345 -0.0622 0.3287 -1.1265 -0.0471 0.314 -1.1363 -0.0368 0.3025 -1.163 -0.0147 0.2773 -1.208 -0.0642 0.3234 -1.2037 -0.0538 0.3132 -1.2053 -0.0443 0.3033 -1.2135 -0.0325 0.2905 -1.2211 -0.0483 0.3059
67.0 -1.2718 -0.0465 0.299 -1.2113 -0.0756 0.3348 -1.1289 -0.0639 0.3309 -1.1224 -0.0459 0.3132 -1.1321 -0.0356 0.3017 -1.1604 -0.0144 0.2772 -1.2027 -0.0641 0.3238 -1.1993 -0.0538 0.3137 -1.2019 -0.0438 0.3032 -1.211 -0.0322 0.2904 -1.2173 -0.0481 0.306
68.0 -1.2693 -0.0456 0.2983 -1.2089 -0.0741 0.3334 -1.1238 -0.0626 0.3301 -1.1182 -0.0447 0.3124 -1.1285 -0.0357 0.3022 -1.1568 -0.0151 0.2783 -1.201 -0.0638 0.3237 -1.1966 -0.0541 0.3142 -1.1991 -0.0446 0.3043 -1.2073 -0.0329 0.2915 -1.2147 -0.0482 0.3064
69.0 -1.2671 -0.0434 0.2963 -1.2048 -0.0723 0.332 -1.1212 -0.0622 0.33 -1.1155 -0.045 0.3129 -1.1241 -0.0357 0.3026 -1.1514 -0.0156 0.2794 -1.1976 -0.0634 0.3236 -1.1931 -0.0536 0.3141 -1.1948 -0.0441 0.3041 -1.2022 -0.0322 0.2913 -1.2109 -0.0473 0.3059
70.0 -1.2554 -0.0449 0.299 -1.1912 -0.0698 0.3309 -1.1066 -0.0602 0.3295 -1.0999 -0.0435 0.313 -1.111 -0.0352 0.3034 -1.1401 -0.0147 0.2795 -1.1835 -0.0633 0.3249 -1.1799 -0.0537 0.3154 -1.1833 -0.0443 0.3056 -1.1923 -0.0333 0.2934 -1.1989 -0.0479 0.3077
71.0 -1.2479 -0.0421 0.2968 -1.1755 -0.064 0.3265 -1.1005 -0.06 0.3298 -1.0959 -0.0411 0.3109 -1.1094 -0.0344 0.3027 -1.1381 -0.0162 0.2813 -1.1794 -0.0615 0.3235 -1.1774 -0.0533 0.3153 -1.1824 -0.0448 0.3062 -1.1922 -0.0339 0.294 -1.1959 -0.0471 0.3072
72.0 -1.2361 -0.0392 0.2951 -1.1597 -0.0637 0.3278 -1.0852 -0.0573 0.3286 -1.0787 -0.0388 0.3103 -1.0922 -0.032 0.302 -1.1212 -0.0121 0.2788 -1.1636 -0.0612 0.3248 -1.1601 -0.0516 0.3153 -1.1635 -0.0423 0.3054 -1.1734 -0.0308 0.2927 -1.1793 -0.045 0.3067
73.0 -1.2283 -0.0388 0.2954 -1.1537 -0.0629 0.3275 -1.0799 -0.0572 0.329 -1.0744 -0.0382 0.3101 -1.0879 -0.0315 0.3019 -1.1179 -0.0111 0.2781 -1.1592 -0.0612 0.3252 -1.1557 -0.0516 0.3157 -1.1593 -0.0411 0.3046 -1.1683 -0.0295 0.2919 -1.1742 -0.0444 0.3066
74.0 -1.2238 -0.0394 0.2965 -1.1444 -0.0556 0.3209 -1.0738 -0.057 0.3294 -1.0694 -0.0369 0.3093 -1.0845 -0.031 0.3017 -1.1184 -0.013 0.2799 -1.1532 -0.0604 0.325 -1.1521 -0.0517 0.3162 -1.1564 -0.0425 0.3064 -1.1663 -0.031 0.2937 -1.1704 -0.045 0.3076
75.0 -1.2221 -0.0392 0.2965 -1.1432 -0.0572 0.3227 -1.0702 -0.0572 0.3299 -1.065 -0.0369 0.3097 -1.0791 -0.0315 0.3028 -1.113 -0.0141 0.2816 -1.1505 -0.0607 0.3255 -1.1486 -0.0519 0.3167 -1.152 -0.0425 0.3069 -1.1618 -0.0317 0.2947 -1.167 -0.0452 0.3081
76.0 -1.2147 -0.0412 0.2993 -1.1294 -0.0609 0.3278 -1.0674 -0.058 0.3311 -1.0639 -0.038 0.3109 -1.0781 -0.0326 0.304 -1.1069 -0.0139 0.282 -1.1454 -0.06 0.3253 -1.1449 -0.0526 0.3178 -1.1509 -0.0436 0.3081 -1.1599 -0.0326 0.2959 -1.1631 -0.046 0.3093
77.0 -1.2131 -0.0398 0.298 -1.132 -0.0612 0.3279 -1.0641 -0.057 0.3303 -1.0584 -0.0391 0.3126 -1.0726 -0.0337 0.3056 -1.1015 -0.0144 0.283 -1.1429 -0.059 0.3246 -1.1425 -0.0516 0.3171 -1.1466 -0.043 0.3079 -1.1563 -0.0328 0.2964 -1.1603 -0.0453 0.3088
78.0 -1.2096 -0.0399 0.2985 -1.1108 -0.0413 0.3096 -1.0581 -0.0561 0.3301 -1.0554 -0.0411 0.315 -1.0729 -0.0368 0.3088 -1.1073 -0.0212 0.2895 -1.1369 -0.0582 0.3244 -1.1418 -0.0552 0.3208 -1.1534 -0.0495 0.3138 -1.1673 -0.0403 0.3031 -1.1618 -0.0486 0.3121
79.0 -1.2053 -0.0394 0.2983 -1.0994 -0.0361 0.3054 -1.0511 -0.0558 0.3304 -1.0495 -0.0397 0.3141 -1.0686 -0.0362 0.3086 -1.1052 -0.0234 0.2919 -1.1316 -0.0581 0.3248 -1.139 -0.0561 0.322 -1.1531 -0.0512 0.3156 -1.1687 -0.0424 0.305 -1.1596 -0.0494 0.3131
80.0 -1.1943 -0.0367 0.2966 -1.0904 -0.0171 0.287 -1.0495 -0.055 0.3297 -1.0505 -0.0441 0.3185 -1.0722 -0.0458 0.3181 -1.1227 -0.0441 0.3113 -1.1277 -0.0558 0.3228 -1.1382 -0.056 0.3219 -1.1553 -0.0534 0.3176 -1.1749 -0.0475 0.3096 -1.1581 -0.0498 0.3137
81.0 -1.1899 -0.0367 0.2971 -1.0882 -0.0248 0.295 -1.0459 -0.0557 0.3308 -1.0457 -0.0416 0.3165 -1.0665 -0.0432 0.316 -1.1157 -0.0389 0.3067 -1.1235 -0.0546 0.322 -1.1332 -0.0541 0.3205 -1.1496 -0.0508 0.3155 -1.1683 -0.0448 0.3075 -1.1529 -0.0482 0.3125
82.0 -1.1903 -0.0398 0.3002 -1.1133 -0.0575 0.326 -1.0439 -0.0567 0.332 -1.0396 -0.0414 0.3169 -1.0558 -0.0338 0.3075 -1.0909 -0.0196 0.2895 -1.1237 -0.0583 0.3257 -1.1282 -0.0528 0.3197 -1.1382 -0.0456 0.3113 -1.1514 -0.0358 0.3 -1.1464 -0.0464 0.3114
83.0 -1.1818 -0.038 0.2993 -1.076 -0.0195 0.2908 -1.034 -0.0529 0.3291 -1.0338 -0.0394 0.3154 -1.0538 -0.0403 0.3143 -1.1026 -0.0383 0.3074 -1.1133 -0.0575 0.326 -1.1248 -0.0572 0.3245 -1.1414 -0.0527 0.3183 -1.1586 -0.0447 0.3084 -1.144 -0.05 0.3153
84.0 -1.1776 -0.0368 0.2985 -1.0741 -0.0198 0.2913 -1.0307 -0.0518 0.3284 -1.0298 -0.037 0.3134 -1.0484 -0.0359 0.3103 -1.0928 -0.0291 0.2989 -1.1123 -0.058 0.3265 -1.1214 -0.0561 0.3238 -1.1356 -0.0507 0.3168 -1.1512 -0.0418 0.3062 -1.1396 -0.0487 0.3144
85.0 -1.1779 -0.0399 0.3016 -1.0776 -0.0301 0.3015 -1.028 -0.0521 0.3289 -1.024 -0.035 0.3119 -1.0397 -0.0304 0.3056 -1.0749 -0.0156 0.287 -1.1111 -0.0596 0.3284 -1.1172 -0.055 0.323 -1.1265 -0.0471 0.314 -1.1372 -0.0363 0.3019 -1.134 -0.0476 0.3138
86.0 -1.1737 -0.0388 0.3008 -1.0936 -0.0493 0.3196 -1.0246 -0.0516 0.3288 -1.0206 -0.034 0.3111 -1.0326 -0.0307 0.3066 -1.0654 -0.0144 0.2866 -1.1084 -0.0605 0.3295 -1.1082 -0.0513 0.3201 -1.1126 -0.0415 0.3097 -1.1216 -0.0299 0.2969 -1.1249 -0.0444 0.3114
87.0 -1.1737 -0.0388 0.3008 -1.0736 -0.0228 0.2944 -1.0158 -0.0468 0.3247 -1.016 -0.0303 0.3078 -1.0311 -0.0293 0.3053 -1.0658 -0.0175 0.2898 -1.1027 -0.0579 0.3274 -1.1063 -0.0523 0.3213 -1.114 -0.0435 0.3116 -1.1248 -0.0322 0.2989 -1.1243 -0.0449 0.312
88.0 -1.1738 -0.0382 0.3002 -1.0659 -0.0169 0.2892 -1.0118 -0.0444 0.3227 -1.0131 -0.0317 0.3096 -1.0277 -0.0288 0.3052 -1.0646 -0.0191 0.2916 -1.1033 -0.0592 0.3287 -1.1093 -0.0551 0.3239 -1.1187 -0.0466 0.3143 -1.1272 -0.0331 0.2996 -1.1265 -0.0464 0.3134
89.0 -1.1662 -0.0365 0.2993 -1.0603 -0.0186 0.2914 -1.0083 -0.0439 0.3225 -1.0088 -0.0312 0.3094 -1.025 -0.0291 0.3057 -1.0642 -0.0215 0.2941 -1.1008 -0.0582 0.328 -1.1066 -0.0554 0.3245 -1.1167 -0.0482 0.3161 -1.1258 -0.036 0.3027 -1.1232 -0.0469 0.3141
90.0 -1.1647 -0.0351 0.298 -1.0629 -0.0189 0.2915 -1.0058 -0.0436 0.3224 -1.0054 -0.0307 0.3093 -1.0175 -0.0268 0.3041 -1.0556 -0.0149 0.2881 -1.0973 -0.0584 0.3285 -1.1006 -0.0545 0.3242 -1.1073 -0.0463 0.3151 -1.115 -0.0327 0.3004 -1.117 -0.0454 0.3132
91.0 -1.1594 -0.035 0.2984 -1.0628 -0.0244 0.2971 -1.0058 -0.0436 0.3224 -1.0037 -0.0305 0.3092 -1.0144 -0.0246 0.3021 -1.0483 -0.0115 0.2853 -1.0964 -0.0583 0.3284 -1.0975 -0.0523 0.3222 -1.1009 -0.043 0.3124 -1.1066 -0.0303 0.2988 -1.1122 -0.0438 0.3121
92.0 -1.1546 -0.0325 0.2963 -1.0656 -0.0284 0.301 -1.0007 -0.0423 0.3216 -0.9985 -0.0298 0.309 -1.0101 -0.024 0.302 -1.0473 -0.0125 0.2866 -1.0878 -0.0571 0.3281 -1.089 -0.0505 0.3213 -1.0941 -0.0415 0.3115 -1.1025 -0.0285 0.2974 -1.1056 -0.042 0.3109
93.0 -1.1528 -0.0329 0.2969 -1.0634 -0.0306 0.3034 -0.9982 -0.0413 0.3209 -0.9962 -0.0276 0.3071 -1.0066 -0.0235 0.3018 -1.0438 -0.0121 0.2864 -1.0871 -0.0564 0.3274 -1.0881 -0.0504 0.3212 -1.0932 -0.0413 0.3114 -1.1007 -0.0289 0.298 -1.1044 -0.042 0.311
94.0 -1.1528 -0.0329 0.2969 -1.0476 -0.0107 0.2847 -0.9935 -0.0383 0.3182 -0.9928 -0.0272 0.3069 -1.0046 -0.0251 0.3036 -1.0456 -0.0172 0.2915 -1.0839 -0.0547 0.3261 -1.0887 -0.0523 0.3231 -1.096 -0.0454 0.3153 -1.1044 -0.0331 0.3019 -1.1051 -0.0437 0.3127
95.0 -1.1434 -0.031 0.2959 -1.0459 -0.0252 0.2996 -0.9848 -0.0377 0.3185 -0.9831 -0.0271 0.3078 -0.9926 -0.0235 0.3032 -1.0325 -0.0112 0.2866 -1.0737 -0.0521 0.3244 -1.0762 -0.0482 0.3202 -1.0821 -0.0398 0.311 -1.0903 -0.0281 0.2982 -1.0931 -0.0399 0.3099
96.0 -1.1416 -0.0314 0.2965 -1.0387 -0.0163 0.2912 -0.9792 -0.0345 0.3158 -0.9797 -0.0266 0.3077 -0.9899 -0.0237 0.3037 -1.0336 -0.015 0.2904 -1.0698 -0.0498 0.3224 -1.0738 -0.0467 0.3188 -1.0821 -0.0398 0.311 -1.0912 -0.0276 0.2976 -1.0917 -0.0391 0.3093
97.0 -1.1376 -0.029 0.2944 -1.0335 -0.0156 0.291 -0.9776 -0.0337 0.3151 -0.9766 -0.0244 0.3057 -0.9887 -0.0205 0.3005 -1.0293 -0.0095 0.2852 -1.0657 -0.048 0.321 -1.0673 -0.0439 0.3167 -1.0747 -0.0364 0.3082 -1.0838 -0.0248 0.2955 -1.0858 -0.0364 0.3072
98.0 -1.138 -0.0266 0.2919 -1.0303 -0.009 0.2846 -0.9731 -0.0294 0.3112 -0.9746 -0.0204 0.3019 -0.9877 -0.021 0.3011 -1.0356 -0.0189 0.2942 -1.062 -0.0438 0.3171 -1.066 -0.0413 0.3141 -1.075 -0.0352 0.307 -1.0847 -0.0249 0.2955 -1.0851 -0.0344 0.3051
99.0 -1.1334 -0.0229 0.2886 -1.0314 -0.0079 0.2834 -0.9725 -0.0275 0.3093 -0.9732 -0.0184 0.2999 -0.9867 -0.0166 0.2967 -1.0263 -0.0115 0.2876 -1.0588 -0.0422 0.3157 -1.0596 -0.0374 0.3108 -1.0644 -0.0301 0.3028 -1.0723 -0.0202 0.2919 -1.0777 -0.0306 0.302
100.0 -1.1339 -0.0254 0.2912 -1.025 -0.004 0.2801 -0.9686 -0.0245 0.3066 -0.9694 -0.0149 0.2967 -0.981 -0.014 0.2946 -1.023 -0.0105 0.2869 -1.058 -0.0415 0.3151 -1.0605 -0.0375 0.3108 -1.067 -0.0305 0.3029 -1.0741 -0.0198 0.2913 -1.0787 -0.0309 0.3023
101.0 -1.1318 -0.0221 0.288 -1.0231 -0.005 0.2812 -0.9667 -0.0206 0.3028 -0.9644 -0.0136 0.2958 -0.9869 -0.0105 0.2905 -1.0189 -0.0087 0.2855 -1.0558 -0.0393 0.3131 -1.0555 -0.0356 0.3094 -1.0586 -0.0281 0.3014 -1.0638 -0.0184 0.2909 -1.0731 -0.0287 0.3005
102.0 -1.1258 -0.0213 0.2877 -1.0236 -0.0069 0.2831 -0.9633 -0.0195 0.302 -0.9617 -0.0138 0.2964 -0.9742 -0.013 0.2943 -1.0078 -0.0121 0.29 -1.0517 -0.0376 0.3117 -1.0521 -0.0352 0.3092 -1.055 -0.0288 0.3025 -1.0609 -0.0199 0.2927 -1.0691 -0.0285 0.3008
103.0 -1.125 -0.0206 0.2871 -1.022 -0.0061 0.2825 -0.9592 -0.0184 0.3013 -0.9577 -0.0114 0.2943 -0.9697 -0.0082 0.2898 -1.0006 -0.0075 0.286 -1.0464 -0.0375 0.3121 -1.0462 -0.0338 0.3084 -1.0484 -0.0261 0.3003 -1.0534 -0.0176 0.2912 -1.0639 -0.0271 0.2998
104.0 -1.1234 -0.0198 0.2864 -1.0186 -0.0056 0.2823 -0.956 -0.0161 0.2993 -0.9546 -0.0092 0.2923 -0.9705 -0.004 0.2855 -0.9952 -0.0037 0.2827 -1.0457 -0.0367 0.3115 -1.0437 -0.0328 0.3077 -1.0441 -0.0255 0.3002 -1.0464 -0.0173 0.2915 -1.0607 -0.0264 0.2994
105.0 -1.1183 -0.0191 0.2862 -1.0146 -0.0032 0.2803 -0.9518 -0.0149 0.2985 -0.9523 -0.007 0.2904 -0.9678 -0.0042 0.286 -1.0041 -0.003 0.2811 -1.0416 -0.035 0.3101 -1.0423 -0.0308 0.3057 -1.0444 -0.0238 0.2983 -1.0495 -0.0147 0.2885 -1.0592 -0.0247 0.2978
106.0 -1.1166 -0.0182 0.2855 -1.0091 0.0006 0.277 -0.9513 -0.013 0.2966 -0.9502 -0.0043 0.2878 -0.9827 0.0005 0.2797 -1.0051 0.0029 0.2749 -1.0392 -0.0334 0.3087 -1.0398 -0.0299 0.305 -1.0429 -0.0223 0.297 -1.0481 -0.0126 0.2866 -1.0573 -0.0233 0.2966
107.0 -1.1101 -0.0155 0.2834 -1.0075 0.0014 0.2763 -0.9461 -0.0123 0.2964 -0.9493 0.0007 0.2828 -0.976 0.0026 0.2782 -0.9985 0.0056 0.2728 -1.0344 -0.0309 0.3067 -1.0341 -0.0273 0.3029 -1.0372 -0.0197 0.2949 -1.0415 -0.0105 0.2851 -1.0514 -0.0208 0.2946
108.0 -1.1063 -0.0168 0.2851 -1.0038 0.0055 0.2724 -0.9448 -0.0097 0.2938 -0.9452 -0.0024 0.2863 -0.9586 -0.0012 0.2837 -0.9958 0.0048 0.2739 -1.0318 -0.0306 0.3066 -1.0324 -0.027 0.3028 -1.0354 -0.0201 0.2955 -1.0414 -0.0111 0.2857 -1.0494 -0.0211 0.2951
109.0 -1.1013 -0.0155 0.2843 -1.0018 0.004 0.2742 -0.9428 -0.0113 0.2956 -0.9429 -0.0009 0.285 -0.959 0.0006 0.2819 -0.9945 0.0074 0.2714 -1.0284 -0.0295 0.3058 -1.0292 -0.0254 0.3015 -1.0322 -0.0184 0.2941 -1.0382 -0.0089 0.2837 -1.0459 -0.0195 0.2939
110.0 -1.0973 -0.0132 0.2822 -0.997 0.0016 0.2771 -0.9379 -0.0094 0.2942 -0.9435 0.0027 0.2813 -0.9584 0.0025 0.28 -0.986 0.0043 0.2754 -1.0243 -0.0284 0.305 -1.024 -0.0247 0.3013 -1.0261 -0.0176 0.2939 -1.0302 -0.0096 0.2853 -1.0404 -0.0187 0.2935
111.0 -1.0956 -0.0129 0.2822 -0.9952 0.0067 0.272 -0.9354 -0.0084 0.2935 -0.9417 0.0023 0.2818 -0.9523 0.0027 0.2804 -0.9734 0.0029 0.2781 -1.0192 -0.0271 0.3042 -1.0189 -0.024 0.3011 -1.0217 -0.0176 0.2943 -1.0257 -0.0102 0.2863 -1.0362 -0.0184 0.2936
112.0 -1.0905 -0.0117 0.2814 -0.9909 0.0073 0.2719 -0.9303 -0.0071 0.2926 -0.9403 0.0044 0.2799 -0.9529 0.0063 0.2767 -0.9749 0.0064 0.2744 -1.015 -0.0259 0.3034 -1.0157 -0.0217 0.2991 -1.0179 -0.0147 0.2917 -1.0218 -0.0073 0.2837 -1.0322 -0.0162 0.2918
113.0 -1.0872 -0.0106 0.2806 -0.9893 0.0081 0.2712 -0.9279 -0.0062 0.2919 -0.9371 0.0066 0.2779 -0.9498 0.0086 0.2747 -0.9737 0.0096 0.2712 -1.0117 -0.0248 0.3027 -1.0125 -0.0201 0.2977 -1.0146 -0.013 0.2903 -1.0187 -0.005 0.2817 -1.0289 -0.0147 0.2906
114.0 -1.0833 -0.0076 0.278 -0.9848 0.0075 0.2723 -0.9252 -0.0064 0.2924 -0.9349 0.0087 0.276 -0.9589 0.0104 0.2719 -0.9839 0.0125 0.2672 -1.0086 -0.0226 0.3007 -1.0071 -0.0157 0.2937 -1.0095 -0.0074 0.2851 -1.0142 -0.0001 0.2772 -1.0245 -0.0107 0.2869
115.0 -1.0834 -0.007 0.2773 -0.9844 0.01 0.2698 -0.9239 -0.0038 0.2899 -0.9349 0.0087 0.276 -0.9579 0.0099 0.2725 -0.9811 0.0117 0.2684 -1.0045 -0.0208 0.2993 -1.0055 -0.0148 0.2931 -1.0086 -0.0073 0.2851 -1.015 -0.0008 0.2778 -1.0234 -0.0102 0.2865
116.0 -1.0783 -0.0063 0.2771 -0.978 0.009 0.2714 -0.9229 -0.0043 0.2905 -0.9343 0.0107 0.2741 -0.9748 0.0107 0.27 -0.9892 0.0124 0.2668 -1.0037 -0.0201 0.2986 -1.0039 -0.014 0.2924 -1.007 -0.0065 0.2844 -1.0118 0.0008 0.2764 -1.0209 -0.0092 0.2858
117.0 -1.0766 -0.0055 0.2765 -0.9766 0.0111 0.2695 -0.9215 -0.0023 0.2886 -0.9326 0.0109 0.274 -0.9699 0.0126 0.2686 -0.9877 0.0138 0.2655 -1.0013 -0.0185 0.2973 -1.0024 -0.0126 0.2911 -1.0064 -0.0046 0.2825 -1.0129 0.0025 0.2746 -1.02 -0.0077 0.2844
118.0 -1.0732 -0.005 0.2763 -0.9805 0.013 0.2671 -0.9233 -0.0019 0.288 -0.9324 0.0097 0.2752 -0.9502 0.011 0.2722 -0.9741 0.012 0.2687 -1.0022 -0.0187 0.2973 -1.0007 -0.0124 0.291 -1.0037 -0.0048 0.283 -1.0085 0.0025 0.2751 -1.0177 -0.0077 0.2845
119.0 -1.0733 -0.0044 0.2757 -0.9788 0.0132 0.267 -0.9242 -0.002 0.288 -0.9315 0.0098 0.2752 -0.9474 0.0101 0.2733 -0.9716 0.0123 0.2686 -1.004 -0.0183 0.2967 -1.0024 -0.0126 0.2911 -1.0045 -0.0055 0.2837 -1.0084 0.0019 0.2757 -1.0185 -0.0078 0.2846
120.0 -1.0687 -0.0008 0.2724 -0.9667 0.0148 0.2666 -0.9183 0.0043 0.2822 -0.9309 0.016 0.2689 -0.948 0.0186 0.2646 -0.9711 0.0197 0.2611 -0.9951 -0.014 0.2933 -0.9954 -0.0074 0.2864 -0.9993 4.713e-05 0.2785 -1.005 0.0072 0.2706 -1.0127 -0.003 0.2802
121.0 -1.0656 0.0015 0.2704 -0.967 0.0166 0.2647 -0.9186 0.0061 0.2803 -0.9331 0.0188 0.2659 -0.9588 0.0196 0.2625 -0.979 0.0199 0.2602 -0.9953 -0.0128 0.292 -0.9947 -0.0061 0.2851 -0.9979 0.0021 0.2765 -1.0026 0.0088 0.2692 -1.0112 -0.0013 0.2787
122.0 -1.0677 0.0036 0.268 -0.9601 0.0224 0.2594 -0.9136 0.0128 0.2739 -0.929 0.0254 0.2595 -0.9414 0.0262 0.2575 -0.958 0.0252 0.2569 -0.9919 -0.0069 0.2863 -0.9928 -0.0021 0.2813 -0.9964 0.0035 0.2752 -1.0001 0.0097 0.2685 -1.0098 0.0016 0.2759
123.0 -1.0676 0.003 0.2686 -0.9584 0.0227 0.2594 -0.9141 0.0158 0.2708 -0.9273 0.0257 0.2594 -0.9414 0.0262 0.2575 -0.9588 0.0251 0.2569 -0.9912 -0.0062 0.2856 -0.9926 -0.0033 0.2826 -0.9962 0.0023 0.2765 -1.0008 0.0084 0.2698 -1.0097 0.0008 0.2766
124.0 -1.061 0.0058 0.2665 -0.9539 0.0221 0.2605 -0.9115 0.0162 0.2707 -0.9293 0.0272 0.2576 -0.946 0.0268 0.2564 -0.9624 0.0252 0.2564 -0.9889 -0.004 0.2837 -0.9896 -0.0005 0.2799 -0.9932 0.0052 0.2738 -0.9977 0.0107 0.2678 -1.0061 0.0034 0.2743
125.0 -1.0604 0.0071 0.2652 -0.9513 0.0224 0.2604 -0.9115 0.0162 0.2707 -0.9248 0.0266 0.2587 -0.9398 0.027 0.2568 -0.958 0.0252 0.2569 -0.9871 -0.0044 0.2842 -0.9887 -0.0004 0.2799 -0.9923 0.0053 0.2738 -0.9979 0.0118 0.2665 -1.0053 0.0039 0.2739
126.0 -1.0568 0.0069 0.2657 -0.9491 0.0245 0.2584 -0.9091 0.0171 0.27 -0.9261 0.0289 0.2563 -0.9429 0.0296 0.2538 -0.9612 0.0284 0.2532 -0.9829 -0.0032 0.2834 -0.9855 0.0013 0.2785 -0.9892 0.0075 0.2718 -0.9946 0.0135 0.2652 -1.0018 0.0052 0.2729
127.0 -1.0562 0.0083 0.2644 -0.948 0.0235 0.2596 -0.9092 0.0177 0.2693 -0.9244 0.0291 0.2562 -0.9403 0.0294 0.2543 -0.9584 0.0276 0.2544 -0.9822 -0.0025 0.2828 -0.9847 0.002 0.2779 -0.9894 0.0087 0.2706 -0.9958 0.0152 0.2633 -1.0017 0.0063 0.2718
128.0 -1.052 0.0094 0.2636 -0.9454 0.0238 0.2595 -0.9083 0.0178 0.2693 -0.9233 0.028 0.2574 -0.9366 0.0287 0.2554 -0.9522 0.0272 0.2554 -0.9804 -0.0023 0.2827 -0.983 0.0023 0.2778 -0.9875 0.0078 0.2717 -0.993 0.0143 0.2645 -0.9992 0.0063 0.2721
129.0 -1.0518 0.0082 0.2649 -0.9465 0.0249 0.2583 -0.9084 0.0184 0.2687 -0.9195 0.0267 0.2591 -0.932 0.0275 0.2571 -0.9478 0.0272 0.2558 -0.9822 -0.0025 0.2828 -0.9838 0.0015 0.2785 -0.9882 0.007 0.2724 -0.993 0.0143 0.2645 -0.9998 0.0057 0.2726
130.0 -1.0482 0.0081 0.2654 -0.9406 0.0263 0.2574 -0.9054 0.0213 0.2661 -0.9192 0.0298 0.256 -0.9317 0.0306 0.254 -0.9463 0.0286 0.2545 -0.977 -0.0018 0.2826 -0.9793 0.0015 0.2789 -0.9838 0.007 0.2729 -0.9883 0.0125 0.2668 -0.9953 0.0055 0.2733
131.0 -1.0465 0.0083 0.2653 -0.9389 0.0265 0.2574 -0.9055 0.0219 0.2654 -0.9172 0.0282 0.2578 -0.9275 0.0268 0.2582 -0.9422 0.0255 0.2581 -0.9764 -0.0005 0.2813 -0.9792 0.0009 0.2795 -0.9834 0.0046 0.2753 -0.988 0.0107 0.2686 -0.9947 0.0048 0.274
132.0 -1.0475 0.0088 0.2647 -0.9393 0.0289 0.2549 -0.9037 0.0215 0.266 -0.918 0.0281 0.2578 -0.9303 0.0277 0.257 -0.9447 0.0245 0.2588 -0.9773 -3.618e-05 0.2807 -0.9791 0.0003 0.2802 -0.9833 0.004 0.276 -0.9875 0.0078 0.2717 -0.9949 0.0042 0.2747
133.0 -1.0423 0.0095 0.2645 -0.935 0.0295 0.2547 -0.9022 0.0229 0.2647 -0.9136 0.0281 0.2583 -0.9261 0.0289 0.2563 -0.9389 0.0265 0.2574 -0.9731 0.0011 0.2799 -0.9741 0.0016 0.2793 -0.9783 0.0053 0.2751 -0.9825 0.0096 0.2703 -0.9901 0.0055 0.2738
134.0 -1.0417 0.0108 0.2632 -0.9291 0.0309 0.2539 -0.8988 0.024 0.2639 -0.9144 0.0323 0.2539 -0.9267 0.0324 0.2525 -0.9404 0.03 0.2537 -0.9697 0.0016 0.2798 -0.9726 0.003 0.278 -0.9767 0.0068 0.2738 -0.9819 0.011 0.269 -0.9885 0.0066 0.2728
135.0 -1.0403 0.0128 0.2613 -0.9195 0.0365 0.2491 -0.8971 0.0291 0.2589 -0.9225 0.0434 0.2418 -0.9478 0.0473 0.2352 -0.9619 0.0473 0.2339 -0.959 0.0061 0.2763 -0.9657 0.0089 0.2728 -0.9746 0.0144 0.2663 -0.9843 0.0198 0.2598 -0.9848 0.0124 0.2673
136.0 -1.0379 0.0144 0.26 -0.9182 0.0391 0.2466 -0.8956 0.0305 0.2576 -0.9245 0.045 0.24 -0.9523 0.0479 0.2342 -0.9664 0.0479 0.2328 -0.9566 0.007 0.2755 -0.9644 0.0115 0.2702 -0.9734 0.0176 0.2631 -0.9832 0.0236 0.256 -0.9831 0.0148 0.265
137.0 -1.0362 0.0146 0.2599 -0.9209 0.0393 0.2461 -0.895 0.0324 0.2557 -0.9284 0.0469 0.2376 -0.954 0.0477 0.2342 -0.9655 0.048 0.2328 -0.9568 0.0082 0.2743 -0.9644 0.0115 0.2702 -0.9734 0.0176 0.2631 -0.9831 0.023 0.2566 -0.9828 0.015 0.2648
138.0 -1.0379 0.0144 0.26 -0.9175 0.0404 0.2453 -0.8941 0.032 0.2563 -0.9135 0.0422 0.2439 -0.9351 0.0454 0.2385 -0.9517 0.0443 0.2379 -0.9575 0.0075 0.275 -0.9641 0.0097 0.2721 -0.9719 0.0141 0.2668 -0.9799 0.0198 0.2602 -0.9823 0.0131 0.2668
139.0 -1.0351 0.0135 0.2611 -0.9164 0.0387 0.2471 -0.8964 0.0353 0.2526 -0.9195 0.0463 0.2391 -0.947 0.048 0.2346 -0.9628 0.0477 0.2333 -0.9519 0.0107 0.2722 -0.9605 0.0144 0.2676 -0.9701 0.0193 0.2617 -0.9807 0.0245 0.2553 -0.9797 0.0165 0.2636
140.0 -1.0347 0.016 0.2586 -0.9165 0.0393 0.2465 -0.8946 0.035 0.2532 -0.9143 0.047 0.2389 -0.9384 0.0492 0.2343 -0.9568 0.0485 0.2331 -0.9534 0.0093 0.2736 -0.961 0.0125 0.2695 -0.9699 0.0181 0.263 -0.9797 0.0235 0.2565 -0.9798 0.0159 0.2642
141.0 -1.0319 0.0152 0.2597 -0.913 0.0398 0.2464 -0.8957 0.036 0.252 -0.9196 0.0469 0.2385 -0.9486 0.0472 0.2353 -0.9637 0.0476 0.2334 -0.9511 0.0108 0.2722 -0.9595 0.014 0.2682 -0.9693 0.0194 0.2617 -0.9799 0.0247 0.2552 -0.9783 0.0168 0.2634
142.0 -1.0302 0.0154 0.2597 -0.9142 0.0415 0.2446 -0.8928 0.0346 0.2537 -0.9091 0.0422 0.2444 -0.9276 0.0427 0.242 -0.945 0.0416 0.2414 -0.9534 0.0093 0.2736 -0.9599 0.0109 0.2713 -0.9668 0.0154 0.266 -0.9748 0.0205 0.26 -0.977 0.0143 0.2661
143.0 -1.0294 0.0161 0.259 -0.9116 0.0418 0.2445 -0.8921 0.0359 0.2524 -0.9083 0.0429 0.2437 -0.9282 0.0457 0.2388 -0.9453 0.0434 0.2395 -0.9526 0.0094 0.2735 -0.9589 0.0104 0.2719 -0.9666 0.0142 0.2672 -0.9745 0.0193 0.2613 -0.9764 0.0139 0.2666
144.0 -1.0277 0.0164 0.2589 -0.9099 0.042 0.2444 -0.8915 0.0372 0.2512 -0.9145 0.0481 0.2377 -0.939 0.0473 0.2361 -0.9538 0.0465 0.2355 -0.9492 0.0105 0.2728 -0.9575 0.0124 0.27 -0.9654 0.0174 0.264 -0.9743 0.023 0.2575 -0.9748 0.0159 0.2646
145.0 -1.0266 0.0153 0.2602 -0.9144 0.0427 0.2433 -0.8908 0.0385 0.2499 -0.9128 0.0484 0.2376 -0.9364 0.0476 0.236 -0.9519 0.0455 0.2366 -0.9502 0.011 0.2722 -0.9558 0.0126 0.2699 -0.9636 0.0171 0.2646 -0.9732 0.0219 0.2587 -0.9739 0.0156 0.2651
146.0 -1.0249 0.0155 0.2601 -0.9048 0.0482 0.2386 -0.8929 0.0456 0.2425 -0.9131 0.0502 0.2358 -0.9349 0.0491 0.2347 -0.9486 0.0472 0.2353 -0.9437 0.0137 0.2701 -0.9526 0.0143 0.2685 -0.962 0.0179 0.2639 -0.9708 0.0228 0.258 -0.9708 0.0168 0.2641
147.0 -1.0221 0.0147 0.2612 -0.9039 0.0477 0.2392 -0.8941 0.0472 0.2407 -0.9123 0.0509 0.2351 -0.9332 0.0493 0.2347 -0.946 0.047 0.2358 -0.9428 0.0138 0.27 -0.9508 0.0145 0.2685 -0.9602 0.0175 0.2644 -0.9698 0.0224 0.2586 -0.9691 0.0166 0.2645
148.0 -1.0181 0.0171 0.2592 -0.8969 0.053 0.2345 -0.8954 0.0495 0.2382 -0.9097 0.0506 0.2356 -0.927 0.0489 0.2357 -0.9395 0.0454 0.238 -0.9371 0.0164 0.2679 -0.9457 0.0152 0.2683 -0.9549 0.0176 0.2649 -0.9644 0.0219 0.2596 -0.9641 0.0176 0.264
149.0 -1.0164 0.0173 0.2591 -0.8971 0.0542 0.2333 -0.8969 0.053 0.2345 -0.9109 0.0529 0.2332 -0.9265 0.0514 0.2332 -0.939 0.0473 0.2361 -0.9373 0.0176 0.2667 -0.9441 0.0161 0.2676 -0.9533 0.0185 0.2642 -0.962 0.0228 0.2589 -0.9626 0.0184 0.2633
150.0 -1.0138 0.0176 0.259 -0.8977 0.0577 0.2296 -0.8962 0.0543 0.2332 -0.9058 0.0536 0.233 -0.916 0.0516 0.234 -0.9291 0.0462 0.2383 -0.9366 0.0189 0.2654 -0.9424 0.0163 0.2675 -0.9496 0.0177 0.2653 -0.9573 0.021 0.2612 -0.9599 0.0183 0.2637
151.0 -1.0129 0.0172 0.2596 -0.8977 0.0577 0.2296 -0.897 0.0536 0.2339 -0.9067 0.0541 0.2324 -0.9169 0.0515 0.234 -0.9283 0.0463 0.2382 -0.9366 0.0189 0.2654 -0.9425 0.0169 0.2669 -0.9489 0.0185 0.2646 -0.9556 0.0218 0.2605 -0.9593 0.0186 0.2634
152.0 -1.012 0.0173 0.2596 -0.897 0.0585 0.2289 -0.8997 0.0593 0.2278 -0.91 0.0573 0.2288 -0.9191 0.0542 0.231 -0.9285 0.0475 0.237 -0.9352 0.0209 0.2635 -0.9401 0.0184 0.2655 -0.9455 0.0189 0.2645 -0.9522 0.0223 0.2604 -0.957 0.0196 0.2627
153.0 -1.0113 0.018 0.2589 -0.8943 0.0582 0.2294 -0.9019 0.0566 0.2303 -0.9178 0.0569 0.2285 -0.9279 0.0543 0.2301 -0.9369 0.0506 0.2329 -0.9348 0.0185 0.266 -0.9406 0.0165 0.2674 -0.9479 0.018 0.2652 -0.9549 0.0225 0.2599 -0.9579 0.0187 0.2635
154.0 -1.0087 0.0183 0.2588 -0.895 0.0575 0.2301 -0.9027 0.0613 0.2254 -0.914 0.0604 0.2252 -0.9259 0.0582 0.2263 -0.9365 0.0531 0.2304 -0.9329 0.0176 0.2671 -0.9379 0.0163 0.268 -0.9453 0.0183 0.2651 -0.9522 0.0223 0.2604 -0.9554 0.0186 0.2639
155.0 -1.0095 0.0182 0.2589 -0.8939 0.0558 0.2319 -0.8987 0.0631 0.224 -0.9141 0.061 0.2246 -0.9251 0.0583 0.2262 -0.9338 0.0529 0.2309 -0.9349 0.0191 0.2653 -0.939 0.0173 0.2667 -0.9447 0.0196 0.2638 -0.9517 0.0242 0.2585 -0.956 0.0197 0.2627
156.0 -1.0087 0.0183 0.2588 -0.8952 0.0587 0.2288 -0.9031 0.0631 0.2235 -0.9169 0.0619 0.2234 -0.9262 0.0594 0.225 -0.9324 0.0549 0.229 -0.9329 0.0176 0.2671 -0.9372 0.017 0.2673 -0.9438 0.0198 0.2638 -0.9508 0.0243 0.2585 -0.9547 0.0194 0.2631
157.0 -1.0069 0.018 0.2594 -0.894 0.0564 0.2313 -0.9002 0.0617 0.2253 -0.913 0.0593 0.2264 -0.9214 0.0576 0.2273 -0.9292 0.0517 0.2326 -0.9332 0.0194 0.2653 -0.9354 0.0166 0.2679 -0.9408 0.0177 0.2662 -0.9467 0.0212 0.2621 -0.9526 0.0186 0.2642
158.0 -1.0075 0.0167 0.2607 -0.8954 0.0544 0.2332 -0.9011 0.0622 0.2247 -0.9156 0.0596 0.2259 -0.9249 0.0571 0.2275 -0.9327 0.0518 0.2322 -0.9341 0.0192 0.2653 -0.9381 0.0169 0.2673 -0.9435 0.018 0.2657 -0.9503 0.0213 0.2616 -0.9547 0.0184 0.2641
159.0 -1.0091 0.0158 0.2613 -0.8976 0.0571 0.2302 -0.9021 0.0626 0.2241 -0.9195 0.0615 0.2235 -0.9346 0.0576 0.226 -0.9419 0.0536 0.2294 -0.9314 0.019 0.2658 -0.9361 0.0159 0.2685 -0.9427 0.0181 0.2656 -0.9504 0.0219 0.2609 -0.9539 0.0181 0.2645
160.0 -1.0075 0.0167 0.2607 -0.897 0.0585 0.2289 -0.9058 0.0585 0.228 -0.9313 0.0587 0.2252 -0.9431 0.0559 0.2269 -0.9477 0.0516 0.2309 -0.9302 0.0173 0.2677 -0.9353 0.016 0.2685 -0.9428 0.0187 0.265 -0.9488 0.0228 0.2603 -0.9529 0.0183 0.2644
161.0 -1.0094 0.0176 0.2595 -0.8977 0.0577 0.2296 -0.9058 0.0585 0.228 -0.9288 0.0596 0.2245 -0.9399 0.0575 0.2256 -0.9454 0.0537 0.2289 -0.9311 0.0172 0.2677 -0.9373 0.0176 0.2667 -0.9442 0.0215 0.262 -0.9511 0.0261 0.2566 -0.9546 0.02 0.2625
162.0 -1.0086 0.0177 0.2595 -0.8954 0.0599 0.2276 -0.9127 0.0582 0.2276 -0.937 0.0561 0.2273 -0.9487 0.0527 0.2297 -0.9515 0.0486 0.2335 -0.9302 0.0173 0.2677 -0.9361 0.0159 0.2685 -0.9428 0.0187 0.265 -0.9496 0.0226 0.2603 -0.9535 0.0185 0.2642
163.0 -1.0092 0.0164 0.2607 -0.897 0.0585 0.2289 -0.9112 0.0596 0.2263 -0.9336 0.0566 0.2272 -0.9458 0.0512 0.2314 -0.9486 0.0472 0.2353 -0.9311 0.0172 0.2677 -0.9367 0.014 0.2704 -0.9432 0.0162 0.2675 -0.9491 0.0197 0.2634 -0.9539 0.0167 0.2659
164.0 -1.0095 0.0182 0.2589 -0.8959 0.0574 0.2301 -0.9085 0.0593 0.2268 -0.9328 0.0573 0.2265 -0.9445 0.0539 0.2289 -0.9483 0.0503 0.2321 -0.9309 0.016 0.2689 -0.9359 0.0147 0.2698 -0.9427 0.0181 0.2656 -0.9495 0.022 0.2609 -0.9537 0.0178 0.2648
165.0 -1.0077 0.0178 0.2594 -0.8997 0.0593 0.2278 -0.9114 0.0608 0.2251 -0.9298 0.0601 0.2239 -0.943 0.0553 0.2276 -0.9458 0.0512 0.2314 -0.9284 0.017 0.2682 -0.9351 0.0148 0.2697 -0.9426 0.0175 0.2663 -0.9486 0.0216 0.2615 -0.9525 0.0177 0.265
166.0 -1.0068 0.0174 0.26 -0.8968 0.0573 0.2301 -0.9194 0.056 0.2291 -0.9315 0.055 0.229 -0.9408 0.0525 0.2306 -0.9454 0.0489 0.2339 -0.9285 0.0175 0.2676 -0.9334 0.0157 0.269 -0.9391 0.0179 0.2661 -0.9443 0.0221 0.2613 -0.9504 0.0181 0.2648
167.0 -1.0086 0.0177 0.2595 -0.8946 0.06 0.2276 -0.9123 0.0558 0.2301 -0.9356 0.0532 0.2304 -0.9465 0.0499 0.2327 -0.9505 0.0476 0.2347 -0.93 0.0161 0.2689 -0.9376 0.0145 0.2698 -0.9444 0.0178 0.2657 -0.9512 0.0218 0.261 -0.9544 0.0176 0.265
168.0 -1.0079 0.019 0.2582 -0.8969 0.0579 0.2295 -0.9114 0.0608 0.2251 -0.9431 0.0559 0.2269 -0.952 0.051 0.231 -0.9541 0.0483 0.2336 -0.9317 0.0159 0.269 -0.9376 0.0145 0.2698 -0.9444 0.0178 0.2657 -0.9505 0.0225 0.2603 -0.9544 0.018 0.2646
169.0 -1.0086 0.0177 0.2595 -0.8961 0.0586 0.2289 -0.9096 0.0604 0.2256 -0.9312 0.0581 0.2259 -0.9437 0.054 0.2288 -0.9473 0.0498 0.2327 -0.9293 0.0168 0.2682 -0.935 0.0142 0.2703 -0.9425 0.0169 0.2669 -0.9493 0.0208 0.2622 -0.9529 0.0173 0.2654
170.0 -1.0061 0.0187 0.2587 -0.8969 0.0579 0.2295 -0.9052 0.0604 0.2261 -0.9338 0.0578 0.226 -0.9463 0.0536 0.2289 -0.949 0.049 0.2334 -0.9302 0.0173 0.2677 -0.9344 0.0161 0.2684 -0.9403 0.0196 0.2643 -0.9455 0.0244 0.2589 -0.9513 0.0192 0.2636
171.0 -1.0054 0.0194 0.2581 -0.8962 0.0592 0.2282 -0.9213 0.057 0.228 -0.9402 0.0544 0.2287 -0.9493 0.0508 0.2315 -0.9495 0.0471 0.2353 -0.9283 0.0164 0.2688 -0.9333 0.0151 0.2697 -0.9392 0.0185 0.2655 -0.9435 0.0229 0.2607 -0.9499 0.0184 0.2645
172.0 -1.0034 0.0184 0.2593 -0.8962 0.0592 0.2282 -0.905 0.0592 0.2273 -0.9264 0.0557 0.2288 -0.9364 0.0525 0.231 -0.9392 0.0485 0.2349 -0.9304 0.0185 0.2664 -0.9326 0.0158 0.269 -0.9364 0.0177 0.2666 -0.9398 0.0215 0.2624 -0.9485 0.0184 0.2647
173.0 -1.0037 0.0202 0.2574 -0.8951 0.0581 0.2295 -0.9044 0.0605 0.2261 -0.9267 0.0575 0.2269 -0.9367 0.0543 0.2292 -0.942 0.0493 0.2338 -0.9289 0.0199 0.2651 -0.9345 0.0167 0.2678 -0.9401 0.0184 0.2655 -0.946 0.0219 0.2614 -0.9506 0.0194 0.2635
174.0 -1.0037 0.0202 0.2574 -0.8952 0.0587 0.2288 -0.9109 0.0578 0.2282 -0.9324 0.0549 0.229 -0.9414 0.0512 0.2319 -0.945 0.0465 0.2364 -0.9303 0.0179 0.267 -0.9342 0.0149 0.2697 -0.939 0.0173 0.2667 -0.9431 0.0205 0.2632 -0.9501 0.0182 0.2648
175.0 -1.0047 0.0207 0.2568 -0.8946 0.06 0.2276 -0.9184 0.0556 0.2297 -0.9356 0.0532 0.2304 -0.9448 0.0502 0.2326 -0.9459 0.0464 0.2364 -0.9302 0.0173 0.2677 -0.9342 0.0149 0.2697 -0.939 0.0173 0.2667 -0.9442 0.0215 0.262 -0.9505 0.0184 0.2646
176.0 -1.0038 0.0208 0.2568 -0.8956 0.0605 0.227 -0.9145 0.0579 0.2277 -0.9283 0.0567 0.2276 -0.9391 0.0528 0.2305 -0.9434 0.0473 0.2357 -0.9269 0.0184 0.2669 -0.9326 0.0158 0.269 -0.939 0.0173 0.2667 -0.9449 0.0208 0.2626 -0.9494 0.0186 0.2644
177.0 -1.0 0.0189 0.2591 -0.8963 0.0598 0.2276 -0.9107 0.0566 0.2294 -0.9287 0.0536 0.2307 -0.9361 0.0507 0.2329 -0.9387 0.0455 0.238 -0.9306 0.0197 0.2652 -0.9317 0.0159 0.269 -0.9346 0.0173 0.2672 -0.9387 0.0204 0.2636 -0.9471 0.0185 0.2648
178.0 -1.0012 0.0206 0.2573 -0.8937 0.0601 0.2275 -0.9073 0.0571 0.2293 -0.9277 0.0531 0.2313 -0.9368 0.05 0.2336 -0.9396 0.046 0.2374 -0.9313 0.0184 0.2664 -0.9335 0.0163 0.2684 -0.9375 0.0188 0.2654 -0.9418 0.0231 0.2606 -0.9491 0.0194 0.2636
179.0 -1.0029 0.0203 0.2574 -0.8928 0.0596 0.2281 -0.9083 0.0581 0.2281 -0.9278 0.0537 0.2307 -0.9387 0.0504 0.233 -0.9431 0.0455 0.2376 -0.9314 0.019 0.2658 -0.9352 0.0154 0.2691 -0.9408 0.0177 0.2662 -0.9459 0.0213 0.262 -0.9512 0.0188 0.2641
180.0 -1.0055 0.02 0.2575 -0.8956 0.0605 0.227 -0.9111 0.059 0.2269 -0.9319 0.0568 0.2271 -0.9419 0.0536 0.2294 -0.9454 0.0489 0.2339 -0.9297 0.0192 0.2658 -0.9352 0.0154 0.2691 -0.9425 0.0169 0.2669 -0.9483 0.0204 0.2627 -0.9522 0.0184 0.2644
181.0 -1.0056 0.0206 0.2568 -0.8962 0.0592 0.2282 -0.915 0.056 0.2296 -0.9281 0.0555 0.2289 -0.9383 0.0535 0.2299 -0.9438 0.0497 0.2332 -0.9305 0.0191 0.2658 -0.9353 0.016 0.2685 -0.9408 0.0177 0.2662 -0.9468 0.0218 0.2614 -0.9518 0.019 0.2637
182.0 -1.0065 0.0211 0.2562 -0.8958 0.0617 0.2257 -0.917 0.0576 0.2278 -0.9285 0.0579 0.2264 -0.9402 0.0544 0.2287 -0.9458 0.0512 0.2314 -0.9288 0.0193 0.2657 -0.9363 0.0171 0.2673 -0.9429 0.0193 0.2644 -0.9489 0.0233 0.2596 -0.9527 0.02 0.2627
183.0 -1.0092 0.0213 0.2557 -0.8949 0.0618 0.2257 -0.912 0.0589 0.227 -0.9262 0.0594 0.225 -0.9381 0.0572 0.2261 -0.9454 0.0537 0.2289 -0.9281 0.0201 0.2651 -0.9364 0.0177 0.2666 -0.9448 0.0202 0.2632 -0.9517 0.0242 0.2585 -0.954 0.0207 0.2618
184.0 -1.0094 0.0225 0.2545 -0.8951 0.063 0.2245 -0.9119 0.0583 0.2276 -0.9289 0.0602 0.2239 -0.9417 0.0579 0.225 -0.9483 0.0552 0.2271 -0.928 0.0195 0.2657 -0.9373 0.0176 0.2667 -0.9459 0.0213 0.262 -0.9538 0.0263 0.2561 -0.9549 0.0214 0.261
185.0 -1.0077 0.0227 0.2544 -0.8949 0.0618 0.2257 -0.9084 0.0587 0.2275 -0.9227 0.0599 0.2249 -0.9338 0.0578 0.226 -0.941 0.0537 0.2294 -0.9283 0.0212 0.2638 -0.9365 0.0183 0.266 -0.9439 0.0203 0.2632 -0.9508 0.0243 0.2585 -0.9534 0.0214 0.2612
186.0 -1.0095 0.0231 0.2539 -0.895 0.0624 0.2251 -0.9108 0.0572 0.2288 -0.9286 0.0585 0.2258 -0.9406 0.0562 0.2268 -0.9479 0.0528 0.2296 -0.928 0.0195 0.2657 -0.9372 0.017 0.2673 -0.9464 0.0194 0.2639 -0.9534 0.024 0.2586 -0.9549 0.0206 0.2619
187.0 -1.0077 0.0227 0.2544 -0.896 0.0629 0.2245 -0.9137 0.0586 0.227 -0.9315 0.0599 0.224 -0.941 0.0586 0.2244 -0.9458 0.0561 0.2264 -0.9298 0.0198 0.2651 -0.9382 0.0175 0.2667 -0.9459 0.0213 0.262 -0.952 0.026 0.2566 -0.9547 0.0215 0.261
188.0 -1.0103 0.0224 0.2545 -0.8949 0.0618 0.2257 -0.9019 0.0615 0.2253 -0.9212 0.0613 0.2236 -0.9324 0.0598 0.224 -0.943 0.0553 0.2276 -0.9302 0.0222 0.2627 -0.9386 0.0199 0.2642 -0.9477 0.0217 0.2615 -0.9563 0.0254 0.2568 -0.9566 0.0223 0.2599
189.0 -1.0105 0.0236 0.2533 -0.8957 0.0611 0.2263 -0.9015 0.0591 0.2278 -0.923 0.0617 0.223 -0.9352 0.0606 0.2229 -0.9434 0.0577 0.2251 -0.9308 0.0209 0.2639 -0.9403 0.0196 0.2643 -0.9487 0.0222 0.2609 -0.9565 0.0266 0.2556 -0.9574 0.0226 0.2596
190.0 -1.0103 0.0224 0.2545 -0.8975 0.0614 0.2258 -0.8988 0.0588 0.2283 -0.9203 0.0614 0.2236 -0.9333 0.0603 0.2234 -0.9424 0.0566 0.2263 -0.9318 0.0214 0.2633 -0.9393 0.0191 0.2649 -0.9476 0.0211 0.2621 -0.9553 0.0249 0.2574 -0.9569 0.0218 0.2604
191.0 -1.0121 0.0228 0.254 -0.8964 0.0604 0.227 -0.9 0.0605 0.2265 -0.9194 0.0609 0.2241 -0.9332 0.0597 0.2241 -0.9433 0.0571 0.2257 -0.9327 0.0213 0.2634 -0.9402 0.019 0.2649 -0.9486 0.0216 0.2615 -0.9564 0.026 0.2562 -0.958 0.0221 0.26
192.0 -1.0112 0.0229 0.2539 -0.894 0.0619 0.2257 -0.9008 0.0604 0.2265 -0.9228 0.0605 0.2243 -0.935 0.0594 0.2241 -0.944 0.0558 0.227 -0.9312 0.0227 0.2621 -0.9393 0.0191 0.2649 -0.9467 0.0212 0.2621 -0.9543 0.0244 0.258 -0.9566 0.0221 0.2602
193.0 -1.0111 0.0223 0.2546 -0.8939 0.0613 0.2263 -0.9013 0.0579 0.2291 -0.9181 0.0587 0.2266 -0.9301 0.057 0.2271 -0.9399 0.0527 0.2306 -0.9328 0.0219 0.2628 -0.9391 0.0179 0.2661 -0.9464 0.0194 0.2639 -0.9532 0.0228 0.2598 -0.9565 0.0209 0.2614
194.0 -1.0121 0.0228 0.254 -0.8947 0.0606 0.2269 -0.8988 0.0588 0.2283 -0.9149 0.0603 0.2252 -0.9287 0.0591 0.2251 -0.9388 0.0565 0.2268 -0.932 0.0226 0.2621 -0.9396 0.0209 0.263 -0.9489 0.0233 0.2596 -0.9566 0.0272 0.2549 -0.9578 0.0234 0.2587
195.0 -1.0085 0.022 0.2551 -0.8947 0.0606 0.2269 -0.8974 0.056 0.2314 -0.9069 0.0547 0.2318 -0.9162 0.0528 0.2328 -0.9293 0.0474 0.237 -0.9335 0.026 0.2584 -0.9388 0.021 0.263 -0.9458 0.0207 0.2626 -0.9531 0.0222 0.2604 -0.9559 0.0224 0.2599
196.0 -1.0064 0.0205 0.2569 -0.8936 0.0595 0.2281 -0.8985 0.057 0.2302 -0.908 0.0563 0.23 -0.9156 0.0541 0.2315 -0.9244 0.0493 0.2356 -0.9363 0.0269 0.2573 -0.9387 0.0204 0.2636 -0.9436 0.0186 0.2651 -0.9482 0.0198 0.2634 -0.9547 0.0212 0.2612
197.0 -1.0065 0.0211 0.2562 -0.8934 0.0583 0.2294 -0.9051 0.0549 0.2317 -0.9123 0.0558 0.2301 -0.9194 0.056 0.2291 -0.9275 0.0519 0.2326 -0.9407 0.0269 0.2568 -0.9435 0.0229 0.2607 -0.9489 0.0233 0.2596 -0.9544 0.025 0.2574 -0.9588 0.0238 0.2581
198.0 -1.01 0.0206 0.2564 -0.892 0.0603 0.2275 -0.901 0.0567 0.2303 -0.9122 0.0552 0.2307 -0.9241 0.053 0.2318 -0.9365 0.0482 0.2354 -0.9325 0.0256 0.259 -0.9394 0.0197 0.2643 -0.9481 0.0192 0.264 -0.9564 0.0211 0.2612 -0.9573 0.0212 0.261
199.0 -1.0119 0.0216 0.2552 -0.8948 0.0612 0.2263 -0.8959 0.0574 0.2301 -0.9082 0.0575 0.2287 -0.9205 0.0571 0.2279 -0.934 0.0541 0.2297 -0.9333 0.0248 0.2597 -0.9396 0.0209 0.263 -0.9487 0.0222 0.2609 -0.958 0.0252 0.2569 -0.9583 0.0229 0.2591
200.0 -1.0121 0.0228 0.254 -0.8931 0.0614 0.2262 -0.8966 0.0567 0.2308 -0.9096 0.0555 0.2306 -0.9218 0.0545 0.2305 -0.9353 0.0514 0.2323 -0.9343 0.0253 0.2591 -0.9414 0.0207 0.2631 -0.9503 0.0213 0.2616 -0.9588 0.0251 0.2569 -0.9594 0.023 0.2589
201.0 -1.0113 0.0235 0.2533 -0.8929 0.0602 0.2275 -0.8997 0.0593 0.2278 -0.9138 0.0592 0.2264 -0.9268 0.0581 0.2263 -0.9377 0.0548 0.2286 -0.9332 0.0242 0.2603 -0.9405 0.0208 0.2631 -0.9486 0.0216 0.2615 -0.9554 0.0255 0.2568 -0.9578 0.0231 0.259
202.0 -1.0095 0.0231 0.2539 -0.8937 0.0601 0.2275 -0.8988 0.0588 0.2283 -0.91 0.0573 0.2288 -0.922 0.0557 0.2292 -0.9327 0.0518 0.2322 -0.9335 0.026 0.2584 -0.9396 0.0209 0.263 -0.9476 0.0211 0.2621 -0.9551 0.0237 0.2586 -0.9571 0.023 0.2592
203.0 -1.0109 0.0211 0.2558 -0.8946 0.06 0.2276 -0.8987 0.0582 0.229 -0.912 0.0589 0.227 -0.9223 0.0575 0.2274 -0.9322 0.0537 0.2303 -0.9369 0.0256 0.2585 -0.9414 0.0207 0.2631 -0.9476 0.0211 0.2621 -0.9541 0.0233 0.2592 -0.9582 0.0223 0.2597
204.0 -1.008 0.0196 0.2576 -0.9065 0.0529 0.2336 -0.9065 0.0578 0.2286 -0.9036 0.0563 0.2304 -0.9121 0.0546 0.2314 -0.9172 0.0484 0.2372 -0.9453 0.0281 0.2551 -0.9434 0.0223 0.2613 -0.9449 0.0208 0.2626 -0.9477 0.0217 0.2615 -0.9579 0.0225 0.2596
205.0 -1.011 0.0217 0.2552 -0.8935 0.0589 0.2288 -0.8987 0.0582 0.229 -0.9112 0.0596 0.2263 -0.9225 0.0587 0.2261 -0.9341 0.0547 0.2291 -0.9361 0.0257 0.2585 -0.9415 0.0213 0.2625 -0.9495 0.022 0.2609 -0.957 0.0247 0.2575 -0.959 0.0231 0.2589
206.0 -1.005 0.0225 0.2549 -0.8941 0.057 0.2307 -0.9018 0.056 0.231 -0.9089 0.0562 0.23 -0.9175 0.0551 0.2303 -0.9265 0.0514 0.2332 -0.937 0.0262 0.2579 -0.9406 0.0214 0.2624 -0.946 0.0219 0.2614 -0.9517 0.0242 0.2585 -0.9561 0.0232 0.259
207.0 -1.0105 0.0236 0.2533 -0.8909 0.0593 0.2287 -0.8975 0.0565 0.2308 -0.9096 0.0555 0.2306 -0.9191 0.0542 0.231 -0.9308 0.0508 0.2333 -0.9333 0.0248 0.2597 -0.9396 0.0209 0.263 -0.9484 0.021 0.2621 -0.9551 0.0237 0.2586 -0.9574 0.0228 0.2593
208.0 -1.0102 0.0218 0.2551 -0.8943 0.0582 0.2294 -0.8947 0.0557 0.2319 -0.9041 0.0538 0.2329 -0.915 0.0511 0.2346 -0.9276 0.0476 0.237 -0.9345 0.0265 0.2578 -0.9398 0.0215 0.2624 -0.9475 0.0205 0.2627 -0.9549 0.0225 0.2599 -0.9574 0.0226 0.2596
209.0 -1.0078 0.0233 0.2538 -0.8943 0.0582 0.2294 -0.8968 0.0573 0.2301 -0.9062 0.056 0.2305 -0.9164 0.054 0.2315 -0.9271 0.0495 0.2351 -0.9344 0.0259 0.2584 -0.9388 0.021 0.263 -0.9458 0.0207 0.2626 -0.9523 0.0229 0.2598 -0.9558 0.0228 0.2595
210.0 -1.0101 0.0212 0.2558 -0.894 0.0564 0.2313 -0.8963 0.0549 0.2326 -0.9074 0.0577 0.2287 -0.9185 0.0562 0.2291 -0.9301 0.0515 0.2327 -0.938 0.0266 0.2573 -0.9415 0.0213 0.2625 -0.9484 0.021 0.2621 -0.955 0.0231 0.2592 -0.9586 0.0226 0.2594
211.0 -1.0108 0.0205 0.2564 -0.8942 0.0576 0.23 -0.8943 0.0582 0.2294 -0.9047 0.0574 0.2292 -0.9159 0.0559 0.2296 -0.9264 0.0508 0.2338 -0.9381 0.0272 0.2567 -0.9406 0.0214 0.2624 -0.9467 0.0212 0.2621 -0.9541 0.0233 0.2592 -0.9581 0.0227 0.2594
212.0 -1.0086 0.0226 0.2545 -0.8952 0.0587 0.2288 -0.8926 0.0584 0.2294 -0.9066 0.0584 0.228 -0.919 0.0585 0.2266 -0.9307 0.0551 0.229 -0.9337 0.0272 0.2572 -0.9391 0.0228 0.2611 -0.9452 0.0226 0.2607 -0.9518 0.0248 0.2579 -0.9557 0.024 0.2583
213.0 -1.0101 0.0212 0.2558 -0.8899 0.0582 0.2299 -0.8997 0.0593 0.2278 -0.9126 0.0576 0.2283 -0.9222 0.0569 0.228 -0.9327 0.0518 0.2322 -0.9389 0.0265 0.2574 -0.9433 0.0217 0.2619 -0.9495 0.022 0.2609 -0.9561 0.0242 0.258 -0.9596 0.0231 0.2588
214.0 -1.0092 0.0213 0.2557 -0.8933 0.0577 0.23 -0.8977 0.0577 0.2296 -0.9064 0.0572 0.2293 -0.9167 0.0558 0.2297 -0.9275 0.0519 0.2326 -0.9363 0.0269 0.2573 -0.9406 0.0214 0.2624 -0.9467 0.0212 0.2621 -0.9532 0.0228 0.2598 -0.9572 0.0227 0.2595
215.0 -1.0103 0.0224 0.2545 -0.8944 0.0588 0.2288 -0.8922 0.0566 0.2312 -0.9073 0.0571 0.2293 -0.9185 0.0562 0.2291 -0.9312 0.0532 0.2308 -0.9343 0.0253 0.2591 -0.9406 0.0214 0.2624 -0.9487 0.0222 0.2609 -0.957 0.0247 0.2575 -0.9582 0.0232 0.2589
216.0 -1.0109 0.0211 0.2558 -0.8934 0.0583 0.2294 -0.8958 0.0568 0.2307 -0.9136 0.058 0.2277 -0.925 0.0577 0.2269 -0.9349 0.0539 0.2297 -0.9361 0.0257 0.2585 -0.9415 0.0213 0.2625 -0.9495 0.022 0.2609 -0.9569 0.0241 0.2581 -0.959 0.0228 0.2592
217.0 -1.0081 0.0202 0.2569 -0.8959 0.0574 0.2301 -0.8985 0.057 0.2302 -0.9084 0.0587 0.2275 -0.9195 0.0566 0.2285 -0.9276 0.0525 0.232 -0.9398 0.027 0.2568 -0.9423 0.0212 0.2625 -0.9475 0.0205 0.2627 -0.9531 0.0222 0.2604 -0.9582 0.0222 0.2599
218.0 -1.0102 0.0218 0.2551 -0.8961 0.0586 0.2289 -0.8904 0.0563 0.2318 -0.9105 0.0603 0.2257 -0.9253 0.0595 0.225 -0.9363 0.0568 0.2267 -0.9342 0.0247 0.2597 -0.9405 0.0208 0.2631 -0.9487 0.0222 0.2609 -0.9571 0.0253 0.2568 -0.9581 0.023 0.2591
219.0 -1.0101 0.0212 0.2558 -0.8959 0.0574 0.2301 -0.8969 0.0579 0.2295 -0.9048 0.058 0.2286 -0.9177 0.0563 0.2291 -0.929 0.0505 0.2339 -0.937 0.0262 0.2579 -0.9405 0.0208 0.2631 -0.9475 0.0205 0.2627 -0.9549 0.0225 0.2599 -0.958 0.0222 0.2599
220.0 -1.0099 0.02 0.257 -0.8925 0.0578 0.23 -0.9015 0.0591 0.2278 -0.9196 0.0621 0.2229 -0.931 0.0618 0.2221 -0.94 0.0581 0.2249 -0.9369 0.0256 0.2585 -0.9422 0.0206 0.2631 -0.9494 0.0214 0.2615 -0.9569 0.0241 0.2581 -0.9591 0.0223 0.2597
221.0 -1.0093 0.0219 0.2551 -0.8934 0.0583 0.2294 -0.9018 0.056 0.231 -0.9133 0.0562 0.2295 -0.9237 0.0555 0.2293 -0.9337 0.0523 0.2316 -0.9362 0.0263 0.2579 -0.9416 0.0219 0.2619 -0.9487 0.0222 0.2609 -0.9553 0.0249 0.2574 -0.9582 0.0234 0.2586
222.0 -1.0091 0.0207 0.2563 -0.8968 0.0573 0.2301 -0.8978 0.0583 0.2289 -0.9087 0.0599 0.2262 -0.9209 0.0595 0.2255 -0.9309 0.0563 0.2277 -0.9352 0.0258 0.2585 -0.9398 0.0215 0.2624 -0.9468 0.0218 0.2614 -0.9542 0.0238 0.2586 -0.957 0.0227 0.2595
223.0 -1.0101 0.0212 0.2558 -0.8951 0.0581 0.2295 -0.8984 0.0564 0.2308 -0.9072 0.0565 0.2299 -0.9174 0.0545 0.2309 -0.927 0.0489 0.2357 -0.9361 0.0257 0.2585 -0.9396 0.0209 0.263 -0.9466 0.0206 0.2627 -0.9531 0.0222 0.2604 -0.9571 0.0221 0.2601
224.0 -1.0087 0.0232 0.2538 -0.8917 0.0586 0.2293 -0.8999 0.055 0.2321 -0.911 0.0535 0.2326 -0.9194 0.0511 0.2341 -0.9293 0.0474 0.237 -0.9333 0.0248 0.2597 -0.9395 0.0203 0.2636 -0.9475 0.0205 0.2627 -0.9549 0.0225 0.2599 -0.9568 0.0223 0.2599
225.0 -1.0057 0.0212 0.2562 -0.8923 0.0572 0.2306 -0.9018 0.056 0.231 -0.9125 0.057 0.2289 -0.9204 0.0565 0.2286 -0.9293 0.0523 0.232 -0.9368 0.025 0.2592 -0.9405 0.0208 0.2631 -0.9467 0.0212 0.2621 -0.9525 0.0241 0.2585 -0.9565 0.0224 0.2598
226.0 -1.0087 0.0232 0.2538 -0.8936 0.0595 0.2281 -0.8975 0.0565 0.2308 -0.9097 0.0561 0.23 -0.9193 0.0554 0.2298 -0.931 0.052 0.2321 -0.9333 0.0248 0.2597 -0.9388 0.021 0.263 -0.9459 0.0213 0.262 -0.9526 0.0247 0.2579 -0.9558 0.023 0.2593
227.0 -1.0073 0.0204 0.2569 -0.8958 0.0568 0.2307 -0.8935 0.0589 0.2288 -0.9041 0.0593 0.2273 -0.9145 0.0579 0.2277 -0.9233 0.0531 0.2318 -0.9379 0.0261 0.258 -0.9406 0.0214 0.2624 -0.9459 0.0213 0.262 -0.9506 0.0231 0.2597 -0.9565 0.0224 0.2598
228.0 -1.0085 0.022 0.2551 -0.8925 0.0578 0.23 -0.8976 0.0523 0.2352 -0.9083 0.0527 0.2337 -0.9188 0.0525 0.2329 -0.9276 0.0476 0.237 -0.937 0.0262 0.2579 -0.9415 0.0213 0.2625 -0.9484 0.021 0.2621 -0.955 0.0231 0.2592 -0.9581 0.0227 0.2594
229.0 -1.0084 0.0214 0.2557 -0.8945 0.0594 0.2282 -0.8976 0.0571 0.2302 -0.9107 0.0566 0.2294 -0.9229 0.0562 0.2287 -0.9347 0.0528 0.231 -0.9335 0.026 0.2584 -0.9398 0.0215 0.2624 -0.9478 0.0223 0.2608 -0.9552 0.0243 0.258 -0.9569 0.0231 0.2591
230.0 -1.0069 0.018 0.2594 -0.8965 0.0561 0.2314 -0.9032 0.0539 0.2329 -0.9168 0.0564 0.229 -0.924 0.0572 0.2274 -0.9313 0.0538 0.2302 -0.9397 0.0264 0.2574 -0.9432 0.0211 0.2625 -0.9484 0.021 0.2621 -0.954 0.0227 0.2598 -0.9585 0.0218 0.2603
231.0 -1.0084 0.0214 0.2557 -0.8977 0.0577 0.2296 -0.8951 0.0581 0.2295 -0.9075 0.0583 0.2281 -0.9211 0.0558 0.2292 -0.9309 0.0514 0.2327 -0.935 0.0246 0.2597 -0.9394 0.0197 0.2643 -0.9456 0.0195 0.2639 -0.9531 0.0222 0.2604 -0.9563 0.0215 0.2608
232.0 -1.0093 0.0219 0.2551 -0.8928 0.0596 0.2281 -0.8983 0.0558 0.2314 -0.913 0.0545 0.2314 -0.9224 0.0532 0.2318 -0.9317 0.0507 0.2334 -0.9324 0.025 0.2596 -0.9387 0.0204 0.2636 -0.9466 0.0206 0.2627 -0.9533 0.0234 0.2592 -0.9561 0.0223 0.26
233.0 -1.0111 0.0223 0.2546 -0.8947 0.0606 0.2269 -0.8986 0.0576 0.2296 -0.9143 0.0567 0.2289 -0.9274 0.0562 0.2282 -0.9365 0.0531 0.2304 -0.9306 0.0246 0.2602 -0.9386 0.0199 0.2642 -0.9475 0.0205 0.2627 -0.955 0.0231 0.2592 -0.9566 0.0221 0.2602
234.0 -1.0082 0.0208 0.2563 -0.8944 0.0588 0.2288 -0.9018 0.056 0.231 -0.9118 0.0577 0.2282 -0.9189 0.0579 0.2272 -0.9279 0.0543 0.2301 -0.9368 0.025 0.2592 -0.9415 0.0213 0.2625 -0.9478 0.0223 0.2608 -0.9536 0.0252 0.2573 -0.9576 0.0229 0.2592
235.0 -1.0082 0.0208 0.2563 -0.8951 0.0581 0.2295 -0.8983 0.0558 0.2314 -0.9095 0.0549 0.2313 -0.9208 0.054 0.2311 -0.9324 0.05 0.234 -0.9342 0.0247 0.2597 -0.9395 0.0203 0.2636 -0.9475 0.0205 0.2627 -0.9541 0.0233 0.2592 -0.9567 0.0219 0.2603
236.0 -1.0095 0.0231 0.2539 -0.8935 0.0589 0.2288 -0.8999 0.055 0.2321 -0.914 0.0555 0.2302 -0.9254 0.0552 0.2294 -0.9365 0.0531 0.2304 -0.934 0.0241 0.2603 -0.9414 0.0207 0.2631 -0.9495 0.022 0.2609 -0.9571 0.0253 0.2568 -0.9583 0.0231 0.259
237.0 -1.0051 0.0231 0.2543 -0.8934 0.0583 0.2294 -0.8984 0.0564 0.2308 -0.9071 0.0559 0.2305 -0.9166 0.0552 0.2303 -0.9274 0.0513 0.2332 -0.9337 0.0272 0.2572 -0.9373 0.0225 0.2617 -0.9434 0.0223 0.2613 -0.9498 0.0238 0.259 -0.9539 0.0238 0.2587
238.0 -1.0102 0.0218 0.2551 -0.8933 0.0577 0.23 -0.9008 0.0555 0.2315 -0.91 0.0573 0.2288 -0.9207 0.0583 0.2267 -0.9325 0.0555 0.2284 -0.9369 0.0256 0.2585 -0.9416 0.0219 0.2619 -0.9489 0.0233 0.2596 -0.9572 0.0259 0.2562 -0.959 0.0237 0.2583
239.0 -1.0109 0.0211 0.2558 -0.8977 0.0577 0.2296 -0.8965 0.0561 0.2314 -0.9101 0.0579 0.2282 -0.9243 0.059 0.2256 -0.9365 0.058 0.2254 -0.9351 0.0252 0.2591 -0.9415 0.0213 0.2625 -0.9496 0.0226 0.2603 -0.9589 0.0257 0.2563 -0.9592 0.0232 0.2588
240.0 -1.0036 0.0196 0.258 -0.9393 0.0393 0.2443 -0.9172 0.0588 0.2266 -0.9051 0.0549 0.2317 -0.9114 0.0553 0.2307 -0.9141 0.0506 0.2352 -0.9571 0.0302 0.2518 -0.9482 0.0247 0.2584 -0.9452 0.0226 0.2607 -0.9444 0.0227 0.2607 -0.9597 0.024 0.2579
241.0 -1.0061 0.0236 0.2537 -0.8936 0.0595 0.2281 -0.8983 0.0558 0.2314 -0.9113 0.0547 0.2313 -0.9208 0.054 0.2311 -0.9318 0.0513 0.2327 -0.9333 0.0248 0.2597 -0.938 0.0218 0.2623 -0.9452 0.0226 0.2607 -0.9519 0.0254 0.2573 -0.9549 0.0236 0.2587
242.0 -1.0086 0.0226 0.2545 -0.8945 0.0594 0.2282 -0.8973 0.0554 0.232 -0.9141 0.0561 0.2296 -0.9274 0.0562 0.2282 -0.9377 0.0548 0.2286 -0.9333 0.0248 0.2597 -0.9398 0.0215 0.2624 -0.948 0.0235 0.2596 -0.9547 0.0262 0.2561 -0.9569 0.0237 0.2584
243.0 -1.0081 0.0202 0.2569 -0.8943 0.0582 0.2294 -0.9002 0.0568 0.2303 -0.9203 0.0559 0.2292 -0.9274 0.0562 0.2282 -0.9356 0.0532 0.2304 -0.9369 0.0256 0.2585 -0.9418 0.0231 0.2606 -0.9491 0.0245 0.2584 -0.9567 0.0278 0.2543 -0.9585 0.0242 0.2578
244.0 -1.0105 0.0187 0.2583 -0.8961 0.0586 0.2289 -0.9021 0.0578 0.2291 -0.9151 0.0566 0.229 -0.9255 0.0558 0.2288 -0.9355 0.0526 0.231 -0.936 0.0251 0.2591 -0.9405 0.0208 0.2631 -0.9468 0.0218 0.2614 -0.9534 0.024 0.2586 -0.9574 0.0221 0.2601
245.0 -1.0112 0.0174 0.2596 -0.8944 0.0588 0.2288 -0.8971 0.0591 0.2283 -0.9121 0.0595 0.2264 -0.9243 0.059 0.2256 -0.9352 0.0557 0.2279 -0.934 0.0241 0.2603 -0.9387 0.0204 0.2636 -0.9458 0.0207 0.2626 -0.9524 0.0235 0.2591 -0.9564 0.0212 0.2611
246.0 -1.0087 0.0183 0.2588 -0.8933 0.0577 0.23 -0.8975 0.0565 0.2308 -0.9141 0.0561 0.2296 -0.9254 0.0552 0.2294 -0.9354 0.052 0.2316 -0.9334 0.0254 0.259 -0.9388 0.021 0.263 -0.946 0.0219 0.2614 -0.9535 0.0246 0.2579 -0.9561 0.0223 0.26
247.0 -1.009 0.0152 0.262 -0.8951 0.0581 0.2295 -0.8974 0.056 0.2314 -0.9133 0.0562 0.2295 -0.9227 0.055 0.2299 -0.9334 0.0505 0.2334 -0.9396 0.0258 0.258 -0.9421 0.02 0.2637 -0.9465 0.02 0.2633 -0.952 0.0211 0.2616 -0.9579 0.0204 0.2617
248.0 -1.0063 0.0199 0.2575 -0.8942 0.0576 0.23 -0.8991 0.0557 0.2315 -0.9132 0.0557 0.2302 -0.9209 0.0546 0.2305 -0.9316 0.0501 0.234 -0.935 0.0246 0.2597 -0.9387 0.0204 0.2636 -0.9449 0.0208 0.2626 -0.9515 0.0236 0.2591 -0.9553 0.0219 0.2605
249.0 -1.0078 0.0184 0.2588 -0.8942 0.0576 0.23 -0.8992 0.0563 0.2309 -0.9125 0.057 0.2289 -0.9213 0.057 0.228 -0.9309 0.0514 0.2327 -0.9387 0.0253 0.2586 -0.9405 0.0208 0.2631 -0.9466 0.0206 0.2627 -0.9531 0.0222 0.2604 -0.9573 0.0215 0.2607
250.0 -1.0079 0.019 0.2582 -0.8933 0.0577 0.23 -0.9013 0.0579 0.2291 -0.919 0.0585 0.2266 -0.9313 0.0587 0.2252 -0.9412 0.0549 0.2281 -0.934 0.0241 0.2603 -0.9394 0.0197 0.2643 -0.9467 0.0212 0.2621 -0.9542 0.0238 0.2586 -0.9565 0.0216 0.2607
251.0 -1.0091 0.0207 0.2563 -0.8933 0.0577 0.23 -0.8966 0.0567 0.2308 -0.9152 0.0572 0.2284 -0.9293 0.0571 0.227 -0.94 0.0533 0.2299 -0.9338 0.0229 0.2616 -0.9411 0.0189 0.265 -0.9492 0.0203 0.2628 -0.9568 0.0235 0.2587 -0.958 0.0213 0.2609
252.0 -1.011 0.0217 0.2552 -0.8952 0.0587 0.2288 -0.8975 0.0565 0.2308 -0.9115 0.0559 0.2301 -0.9238 0.0561 0.2287 -0.9365 0.0531 0.2304 -0.9323 0.0244 0.2602 -0.9398 0.0215 0.2624 -0.9488 0.0228 0.2603 -0.9571 0.0253 0.2568 -0.9578 0.0231 0.259
253.0 -1.0136 0.0213 0.2553 -0.8933 0.0577 0.23 -0.8997 0.0593 0.2278 -0.9147 0.0591 0.2265 -0.9279 0.0592 0.2251 -0.9389 0.0571 0.2262 -0.9339 0.0235 0.2609 -0.9414 0.0207 0.2631 -0.9505 0.0225 0.2603 -0.9582 0.0264 0.2556 -0.9595 0.0229 0.259
254.0 -1.0091 0.0207 0.2563 -0.8943 0.0582 0.2294 -0.8962 0.0543 0.2332 -0.9078 0.0552 0.2312 -0.9193 0.0554 0.2298 -0.9318 0.0513 0.2327 -0.936 0.0251 0.2591 -0.9415 0.0213 0.2625 -0.9487 0.0222 0.2609 -0.9571 0.0253 0.2568 -0.9585 0.0229 0.2591
255.0 -1.0109 0.0211 0.2558 -0.8942 0.0576 0.23 -0.8982 0.0552 0.2321 -0.9131 0.0551 0.2308 -0.9255 0.0558 0.2288 -0.9375 0.0536 0.2298 -0.9339 0.0235 0.2609 -0.9413 0.0201 0.2637 -0.9495 0.022 0.2609 -0.9572 0.0259 0.2562 -0.9586 0.0225 0.2595
256.0 -1.0098 0.0194 0.2576 -0.8925 0.0578 0.23 -0.8944 0.0539 0.2338 -0.9049 0.0537 0.233 -0.9173 0.0539 0.2316 -0.9297 0.0498 0.2345 -0.9339 0.0235 0.2609 -0.9404 0.0202 0.2637 -0.9486 0.0216 0.2615 -0.9579 0.0246 0.2575 -0.9581 0.0219 0.2602
257.0 -1.0104 0.0181 0.2589 -0.8938 0.0552 0.2325 -0.8957 0.0562 0.2313 -0.9076 0.054 0.2324 -0.9189 0.0531 0.2322 -0.9324 0.05 0.234 -0.9338 0.0229 0.2616 -0.9393 0.0191 0.2649 -0.9474 0.0199 0.2633 -0.9558 0.023 0.2593 -0.9574 0.0206 0.2616
258.0 -1.0078 0.0184 0.2588 -0.8932 0.0522 0.2356 -0.8962 0.0543 0.2332 -0.9074 0.0528 0.2337 -0.9185 0.0507 0.2347 -0.9282 0.0457 0.2388 -0.9349 0.024 0.2603 -0.9394 0.0197 0.2643 -0.9464 0.0194 0.2639 -0.9538 0.0215 0.2611 -0.9565 0.0206 0.2617
259.0 -1.0112 0.0174 0.2596 -0.8948 0.0514 0.2363 -0.892 0.05 0.2381 -0.9055 0.0518 0.2348 -0.9204 0.0516 0.2336 -0.9347 0.0479 0.236 -0.936 0.0202 0.2641 -0.9425 0.0169 0.2669 -0.9506 0.0182 0.2647 -0.9598 0.0206 0.2613 -0.96 0.0187 0.2633
260.0 -1.0112 0.0174 0.2596 -0.8936 0.0491 0.2388 -0.8921 0.0506 0.2375 -0.9035 0.0508 0.236 -0.9176 0.0508 0.2347 -0.9315 0.0495 0.2346 -0.9348 0.0185 0.266 -0.9414 0.0158 0.2681 -0.9495 0.0172 0.2659 -0.958 0.0203 0.2619 -0.959 0.0178 0.2643
261.0 -1.0167 0.0136 0.2629 -0.9 0.0409 0.2465 -0.8868 0.0409 0.2479 -0.8986 0.043 0.2446 -0.9125 0.0417 0.2445 -0.9287 0.0389 0.2457 -0.9401 0.0135 0.2705 -0.9459 0.0115 0.272 -0.9532 0.013 0.2698 -0.9607 0.0156 0.2663 -0.9633 0.0135 0.2683
262.0 -1.0191 0.0126 0.2636 -0.8996 0.0385 0.249 -0.8873 0.0384 0.2504 -0.899 0.0399 0.2477 -0.9149 0.0402 0.2458 -0.9318 0.0366 0.2477 -0.9427 0.0132 0.2706 -0.9486 0.0118 0.2715 -0.9559 0.0132 0.2693 -0.9644 0.0164 0.2652 -0.9661 0.0134 0.268
263.0 -1.0249 0.0106 0.2651 -0.9076 0.0338 0.253 -0.893 0.0358 0.2525 -0.9127 0.0429 0.2432 -0.9332 0.0444 0.2397 -0.9492 0.0453 0.2372 -0.9488 0.0081 0.2752 -0.9553 0.0097 0.273 -0.9631 0.0141 0.2677 -0.9719 0.019 0.2618 -0.9728 0.0123 0.2686
264.0 -1.0273 0.0091 0.2664 -0.9173 0.0337 0.2522 -0.8967 0.0316 0.2564 -0.9093 0.0385 0.2481 -0.9225 0.0385 0.2467 -0.9375 0.0389 0.2448 -0.9548 0.0073 0.2755 -0.9578 0.0093 0.2731 -0.9638 0.0134 0.2683 -0.9699 0.0181 0.263 -0.9748 0.0114 0.2693
265.0 -1.0291 0.0095 0.2659 -0.9203 0.0309 0.2548 -0.8989 0.0295 0.2583 -0.9115 0.0357 0.2507 -0.9268 0.0379 0.2469 -0.9449 0.041 0.242 -0.958 0.005 0.2775 -0.9621 0.0087 0.2733 -0.9682 0.0134 0.2679 -0.9744 0.0187 0.2619 -0.9784 0.0111 0.2693
266.0 -1.0318 0.0097 0.2653 -0.9224 0.0281 0.2574 -0.8998 0.0294 0.2584 -0.9117 0.032 0.2544 -0.9222 0.0318 0.2536 -0.9382 0.0327 0.2511 -0.9631 0.0043 0.2777 -0.9652 0.0059 0.2759 -0.9693 0.0096 0.2717 -0.9746 0.0144 0.2663 -0.9808 0.0088 0.2714
267.0 -1.0318 0.0097 0.2653 -0.9265 0.0264 0.2588 -0.9027 0.0259 0.2616 -0.9105 0.0304 0.2563 -0.9239 0.0316 0.2537 -0.94 0.0331 0.2506 -0.9648 0.0041 0.2777 -0.9672 0.0074 0.2741 -0.9716 0.0123 0.2686 -0.9767 0.0165 0.2638 -0.9824 0.01 0.2699
268.0 -1.0361 0.0091 0.2655 -0.9294 0.0229 0.262 -0.9044 0.0257 0.2617 -0.9226 0.0391 0.2461 -0.9349 0.0393 0.2447 -0.9496 0.0373 0.2453 -0.9698 0.0022 0.2792 -0.972 0.005 0.2761 -0.9765 0.0105 0.2701 -0.9811 0.0166 0.2634 -0.9871 0.0087 0.2709
269.0 -1.0376 0.0077 0.2668 -0.9253 0.0192 0.2662 -0.9027 0.0259 0.2616 -0.919 0.0384 0.2472 -0.9363 0.0373 0.2467 -0.9525 0.0339 0.2485 -0.9702 -0.0003 0.2817 -0.9725 0.0024 0.2787 -0.977 0.008 0.2726 -0.9824 0.0139 0.2659 -0.9879 0.0063 0.2731
270.0 -1.0394 0.0081 0.2663 -0.9327 0.0164 0.2684 -0.9098 0.0213 0.2656 -0.9183 0.0299 0.256 -0.9352 0.0307 0.2535 -0.9537 0.0306 0.2517 -0.976 -0.0023 0.2832 -0.9778 0.0029 0.2776 -0.9817 0.0098 0.2703 -0.9872 0.0163 0.263 -0.9924 0.007 0.2721
271.0 -1.0446 0.0074 0.2665 -0.9332 0.0145 0.2703 -0.9111 0.0187 0.2682 -0.9259 0.0326 0.2525 -0.9421 0.0347 0.2488 -0.9623 0.035 0.2464 -0.975 -0.0034 0.2844 -0.9776 0.0018 0.2789 -0.9832 0.0083 0.2716 -0.9903 0.0141 0.265 -0.9941 0.0056 0.2733
272.0 -1.0426 0.0058 0.2683 -0.9347 0.013 0.2716 -0.9122 0.0198 0.267 -0.9261 0.0338 0.2513 -0.9401 0.0337 0.2499 -0.9573 0.0314 0.2506 -0.9757 -0.0041 0.285 -0.9774 0.0006 0.2801 -0.9821 0.0073 0.2728 -0.9877 0.0138 0.2655 -0.9931 0.0047 0.2743
273.0 -1.0431 0.0039 0.2702 -0.9361 0.011 0.2735 -0.9137 0.0183 0.2683 -0.9335 0.0358 0.2484 -0.9607 0.0358 0.2457 -0.9817 0.0348 0.2447 -0.9738 -0.0051 0.2862 -0.9774 0.0006 0.2801 -0.9848 0.0075 0.2723 -0.9948 0.0141 0.2645 -0.9948 0.0042 0.2747
274.0 -1.0445 0.0019 0.2721 -0.9349 0.0087 0.276 -0.9129 0.019 0.2676 -0.9337 0.037 0.2472 -0.9505 0.0378 0.2447 -0.9693 0.0346 0.2461 -0.9746 -0.0058 0.2869 -0.9788 -0.0015 0.282 -0.9845 0.0057 0.2741 -0.9926 0.0119 0.267 -0.995 0.0025 0.2764
275.0 -1.0478 0.0008 0.2728 -0.9384 0.0089 0.2755 -0.9153 0.0175 0.269 -0.9321 0.0329 0.2515 -0.9535 0.0349 0.2473 -0.9771 0.0336 0.2464 -0.9769 -0.0073 0.2882 -0.9813 -0.0024 0.2828 -0.9887 0.0045 0.2749 -0.9978 0.0113 0.2672 -0.9985 0.0014 0.2772
276.0 -1.0504 0.0005 0.2729 -0.9392 0.0082 0.2761 -0.9169 0.0167 0.2696 -0.9367 0.0342 0.2498 -0.9574 0.0369 0.245 -0.9807 0.0343 0.2453 -0.9778 -0.0074 0.2882 -0.9822 -0.0025 0.2828 -0.9895 0.0044 0.275 -0.9996 0.0116 0.2666 -0.9999 0.0013 0.2771
277.0 -1.0547 -0.0001 0.2731 -0.9443 0.0075 0.2763 -0.9208 0.0137 0.2723 -0.94 0.0331 0.2506 -0.96 0.0365 0.2451 -0.9843 0.0351 0.2441 -0.9837 -0.0088 0.2891 -0.9883 -0.0027 0.2824 -0.9958 0.0048 0.2739 -1.0067 0.0119 0.2656 -1.0058 0.001 0.2768
278.0 -1.0623 -0.0017 0.274 -0.9591 0.0067 0.2756 -0.9291 0.0108 0.2745 -0.9409 0.0281 0.2556 -0.9619 0.0326 0.2489 -0.9884 0.0333 0.2456 -0.9965 -0.0112 0.2902 -1.0009 -0.0063 0.2848 -1.0083 0.0013 0.2763 -1.0186 0.0097 0.2667 -1.0173 -0.0016 0.2784
279.0 -1.0651 -0.0009 0.2729 -0.958 0.005 0.2775 -0.9305 0.0087 0.2764 -0.9456 0.0299 0.2533 -0.9674 0.0337 0.2472 -0.9928 0.0333 0.2451 -0.9955 -0.0117 0.2908 -0.9992 -0.0054 0.2841 -1.0067 0.0021 0.2756 -1.017 0.0105 0.266 -1.0167 -0.0011 0.2779
280.0 -1.0685 -0.002 0.2736 -0.9607 0.0053 0.277 -0.9343 0.0107 0.2741 -0.95 0.0299 0.2528 -0.9718 0.0337 0.2468 -0.9971 0.0327 0.2453 -0.999 -0.0121 0.2909 -1.0027 -0.0059 0.2842 -1.0104 0.0028 0.2745 -1.0206 0.0112 0.2649 -1.0202 -0.0012 0.2776
281.0 -1.1044 -0.008 0.2763 -0.9947 -0.0061 0.2851 -0.9599 0.006 0.2763 -0.9764 0.0251 0.2551 -0.9981 0.0283 0.2497 -1.023 0.0298 0.2456 -1.0193 -0.0167 0.2936 -1.0248 -0.0101 0.2863 -1.0341 -0.0022 0.2773 -1.0469 0.0052 0.2684 -1.0459 -0.0064 0.2804
282.0 -1.1061 -0.0083 0.2763 -0.9968 -0.0094 0.2883 -0.9614 0.0046 0.2776 -0.9781 0.0243 0.2558 -0.995 0.0257 0.2527 -1.0216 0.027 0.2487 -1.0202 -0.0162 0.293 -1.026 -0.0084 0.2845 -1.0353 -0.0005 0.2755 -1.0479 0.0063 0.2672 -1.0471 -0.0054 0.2793
283.0 -1.11 -0.0112 0.279 -1.0217 0.0221 0.2537 -0.9657 0.0089 0.2728 -0.9809 0.0251 0.2546 -0.9892 0.0173 0.2618 -1.012 0.002 0.2752 -1.035 -0.0225 0.2979 -1.0429 -0.0223 0.297 -1.0544 -0.0172 0.2906 -1.0646 -0.0088 0.281 -1.0614 -0.0164 0.2891
284.0 -1.1108 -0.0113 0.279 -1.0125 0.005 0.2721 -0.9674 0.0037 0.2778 -0.9818 0.0207 0.259 -0.9979 0.0222 0.2559 -1.0262 0.0178 0.2576 -1.0339 -0.0236 0.2992 -1.0413 -0.0215 0.2963 -1.053 -0.0151 0.2887 -1.066 -0.0059 0.2779 -1.061 -0.0155 0.2882
285.0 -1.1148 -0.0137 0.2811 -1.0313 0.022 0.2528 -0.9733 0.0072 0.2737 -0.9847 0.0222 0.2573 -0.9962 0.0176 0.2608 -1.0199 0.0022 0.2743 -1.0425 -0.0247 0.2995 -1.0487 -0.0243 0.2985 -1.0592 -0.0196 0.2926 -1.0696 -0.0107 0.2824 -1.067 -0.0186 0.2908
286.0 -1.1192 -0.0137 0.2806 -1.0403 0.0232 0.2507 -0.9914 0.0152 0.2638 -0.9885 0.0235 0.2556 -0.9913 0.0146 0.2644 -1.0065 0.0009 0.2769 -1.0468 -0.0253 0.2997 -1.0512 -0.0253 0.2992 -1.059 -0.0208 0.2939 -1.0658 -0.012 0.2842 -1.0684 -0.0194 0.2915
287.0 -1.1208 -0.0145 0.2813 -1.04 0.0214 0.2526 -0.9793 0.0015 0.2789 -0.9903 0.019 0.26 -1.0004 0.0164 0.2616 -1.0201 0.0082 0.268 -1.0468 -0.0253 0.2997 -1.052 -0.0254 0.2992 -1.0608 -0.0205 0.2933 -1.0685 -0.0117 0.2836 -1.0698 -0.0195 0.2914
288.0 -1.1223 -0.0111 0.2776 -1.0404 0.0183 0.2557 -0.9782 -0.0002 0.2808 -0.9919 0.0181 0.2607 -1.006 0.0181 0.2594 -1.0307 0.0135 0.2616 -1.0486 -0.0249 0.2991 -1.055 -0.0234 0.2968 -1.0639 -0.0178 0.2903 -1.0734 -0.0087 0.2801 -1.0727 -0.0172 0.2888
289.0 -1.128 -0.0137 0.2797 -1.0493 0.019 0.2542 -0.9824 -0.0013 0.2815 -0.9974 0.0192 0.259 -1.0055 0.0151 0.2625 -1.0215 0.0013 0.2749 -1.0538 -0.0256 0.2993 -1.0582 -0.0256 0.2988 -1.0642 -0.0215 0.2941 -1.0708 -0.0139 0.2856 -1.075 -0.0201 0.2915
290.0 -1.1301 -0.017 0.2829 -1.0387 0.0088 0.2656 -0.9849 -0.0017 0.2816 -0.9958 0.0152 0.2633 -1.0147 0.0175 0.2591 -1.0437 0.0124 0.2614 -1.0558 -0.029 0.3025 -1.0616 -0.0261 0.299 -1.0707 -0.0194 0.2912 -1.0812 -0.0098 0.2804 -1.0799 -0.0202 0.2912
291.0 -1.1381 -0.0162 0.2813 -1.0514 0.0162 0.2567 -0.9917 -0.0032 0.2825 -1.0063 0.015 0.2625 -1.0172 0.0117 0.2648 -1.0371 -0.0002 0.2749 -1.0653 -0.0302 0.3029 -1.0707 -0.0291 0.3012 -1.0797 -0.023 0.2941 -1.0875 -0.0137 0.2837 -1.0883 -0.0225 0.2926
292.0 -1.1399 -0.0159 0.2808 -1.0534 0.0123 0.2606 -0.9938 -0.0065 0.2857 -1.0094 0.0121 0.2651 -1.0227 0.0128 0.2631 -1.0419 -0.0033 0.2776 -1.068 -0.03 0.3023 -1.0725 -0.0294 0.3013 -1.0804 -0.0243 0.2953 -1.088 -0.0162 0.2863 -1.0897 -0.0232 0.2932
293.0 -1.1401 -0.0147 0.2795 -1.0362 -0.0055 0.2805 -0.9973 -0.0064 0.2852 -1.0134 0.0104 0.2665 -1.0273 0.014 0.2614 -1.056 0.0119 0.2607 -1.0701 -0.0327 0.3049 -1.0777 -0.0295 0.3009 -1.0878 -0.0223 0.2925 -1.0984 -0.0121 0.281 -1.0948 -0.0223 0.2918
294.0 -1.1614 -0.0188 0.2816 -1.0722 0.0091 0.2619 -1.0144 -0.0093 0.2865 -1.0274 0.0097 0.2658 -1.0373 0.0059 0.2687 -1.0595 -0.013 0.2858 -1.089 -0.0353 0.3057 -1.0963 -0.0338 0.3034 -1.1052 -0.0283 0.2969 -1.1128 -0.0202 0.2878 -1.1129 -0.0273 0.2951
295.0 -1.1596 -0.0191 0.2822 -1.0552 -0.0173 0.2906 -1.0166 -0.0121 0.2891 -1.0295 0.0064 0.269 -1.0459 0.0096 0.264 -1.0786 0.0107 0.2597 -1.0898 -0.036 0.3063 -1.0959 -0.0313 0.3009 -1.106 -0.0235 0.292 -1.1175 -0.0135 0.2805 -1.1138 -0.0247 0.2924
296.0 -1.1689 -0.021 0.2832 -1.0774 0.009 0.2615 -1.0196 -0.01 0.2867 -1.0326 0.009 0.266 -1.0438 0.0026 0.2714 -1.0686 -0.016 0.288 -1.096 -0.0356 0.3053 -1.1032 -0.0347 0.3037 -1.1138 -0.0295 0.2973 -1.1222 -0.0214 0.2882 -1.1208 -0.0284 0.2955
297.0 -1.167 -0.022 0.2843 -1.0688 -0.0002 0.2718 -1.0228 -0.0117 0.2881 -1.0357 0.0067 0.268 -1.0489 0.0068 0.2666 -1.0784 -0.0002 0.2709 -1.0973 -0.0382 0.3079 -1.1049 -0.035 0.3038 -1.1166 -0.0286 0.2961 -1.1272 -0.0184 0.2847 -1.1226 -0.0284 0.2953
298.0 -1.1711 -0.0238 0.2857 -1.0693 -0.0222 0.2943 -1.0285 -0.0143 0.2902 -1.0408 0.006 0.2682 -1.0548 0.0103 0.2625 -1.0881 0.0149 0.2544 -1.099 -0.0385 0.3079 -1.1047 -0.0313 0.3 -1.1142 -0.0222 0.2898 -1.1265 -0.0122 0.2784 -1.1231 -0.0256 0.2924
299.0 -1.1703 -0.023 0.2851 -1.0768 -0.03 0.3014 -1.0347 -0.0139 0.2892 -1.0456 0.003 0.2709 -1.058 0.0086 0.2639 -1.0962 0.0108 0.2579 -1.1011 -0.0369 0.3061 -1.1043 -0.0282 0.2969 -1.1129 -0.0196 0.2872 -1.1259 -0.0103 0.2765 -1.1229 -0.0236 0.2904
300.0 -1.1783 -0.0229 0.2841 -1.082 -0.0252 0.296 -1.0399 -0.0146 0.2894 -1.0516 0.0022 0.2711 -1.0648 0.0071 0.2648 -1.1069 0.0063 0.2614 -1.1105 -0.0382 0.3065 -1.1139 -0.0289 0.2966 -1.1218 -0.0189 0.2857 -1.1324 -0.0088 0.2742 -1.1314 -0.0235 0.2894
301.0 -1.1842 -0.0243 0.285 -1.0892 -0.0194 0.2894 -1.0451 -0.0147 0.289 -1.055 0.0017 0.2712 -1.0691 0.0065 0.2649 -1.1062 0.0076 0.2601 -1.1133 -0.0373 0.3054 -1.1173 -0.0293 0.2968 -1.1261 -0.0195 0.2859 -1.1383 -0.0102 0.2751 -1.1358 -0.0241 0.2896
302.0 -1.1886 -0.0243 0.2845 -1.1107 -0.0022 0.2697 -1.0505 -0.0142 0.2879 -1.0603 0.0016 0.2708 -1.0751 0.0057 0.2652 -1.1119 0.005 0.2622 -1.1195 -0.0369 0.3043 -1.1224 -0.0306 0.2976 -1.1301 -0.0219 0.2879 -1.1414 -0.0124 0.2771 -1.1404 -0.0252 0.2903
303.0 -1.1932 -0.0231 0.2828 -1.115 0.0076 0.2592 -1.0546 -0.0111 0.2843 -1.0629 0.0012 0.2709 -1.0757 -0.0011 0.272 -1.1075 -0.0152 0.2833 -1.1243 -0.0345 0.3014 -1.1312 -0.0355 0.3017 -1.1413 -0.0332 0.2983 -1.1529 -0.0274 0.2913 -1.1486 -0.0307 0.2951
304.0 -1.1965 -0.0241 0.2836 -1.1183 0.0011 0.2656 -1.0595 -0.013 0.2858 -1.0694 0.0034 0.2681 -1.0837 0.0045 0.2655 -1.1185 0.0023 0.2643 -1.1279 -0.0344 0.3009 -1.132 -0.0307 0.2967 -1.141 -0.0246 0.2896 -1.1539 -0.0165 0.2801 -1.1503 -0.0261 0.2902
305.0 -1.1973 -0.0248 0.2843 -1.1165 -0.0042 0.2711 -1.0612 -0.0132 0.2858 -1.0739 0.004 0.267 -1.0895 0.0074 0.262 -1.1174 0.011 0.2555 -1.13 -0.0371 0.3035 -1.1319 -0.0313 0.2973 -1.1387 -0.023 0.2882 -1.1491 -0.0135 0.2774 -1.1494 -0.026 0.2901
306.0 -1.2019 -0.0236 0.2826 -1.1236 0.0016 0.2645 -1.0657 -0.0126 0.2848 -1.0761 0.0013 0.2696 -1.0903 0.0024 0.267 -1.1255 -0.0029 0.269 -1.135 -0.0341 0.2999 -1.1396 -0.0329 0.2983 -1.15 -0.0288 0.293 -1.1626 -0.022 0.2848 -1.1578 -0.0283 0.2917
307.0 -1.2051 -0.0204 0.2789 -1.1287 0.0052 0.2604 -1.0684 -0.0123 0.2843 -1.0788 0.0015 0.269 -1.0919 -0.0039 0.2733 -1.1204 -0.0218 0.2888 -1.1345 -0.0316 0.2974 -1.1413 -0.0332 0.2983 -1.1537 -0.0324 0.2963 -1.1665 -0.0298 0.2924 -1.1602 -0.0295 0.2927
308.0 -1.2131 -0.0251 0.283 -1.1348 8.301e-05 0.265 -1.0724 -0.0147 0.2863 -1.0838 0.0002 0.2699 -1.1003 0.0041 0.2643 -1.1305 0.0056 0.2598 -1.1408 -0.0361 0.3014 -1.1431 -0.0328 0.2978 -1.1503 -0.027 0.2912 -1.1604 -0.0193 0.2822 -1.1615 -0.0281 0.2911
309.0 -1.2172 -0.0269 0.2844 -1.1397 0.0031 0.2614 -1.0751 -0.0145 0.2858 -1.0862 -0.0013 0.2712 -1.1021 -0.001 0.2693 -1.1328 -0.0064 0.2718 -1.1428 -0.0346 0.2996 -1.1482 -0.0341 0.2986 -1.1585 -0.0306 0.294 -1.1717 -0.0251 0.287 -1.1677 -0.0303 0.2927
310.0 -1.2162 -0.0274 0.285 -1.1325 -0.0381 0.3042 -1.0796 -0.0187 0.2897 -1.0921 -0.0027 0.2721 -1.1072 0.0032 0.2645 -1.1348 0.0099 0.255 -1.1444 -0.0403 0.3053 -1.1461 -0.0308 0.2954 -1.1521 -0.0218 0.2856 -1.1626 -0.0122 0.2748 -1.1643 -0.0265 0.2892
311.0 -1.218 -0.027 0.2844 -1.1378 -0.0431 0.3088 -1.0847 -0.02 0.2905 -1.0946 -0.0036 0.2728 -1.1089 0.003 0.2646 -1.1355 0.0091 0.2556 -1.1471 -0.0401 0.3048 -1.1479 -0.0304 0.2948 -1.1539 -0.0214 0.2851 -1.1661 -0.0121 0.2743 -1.1666 -0.0262 0.2887
312.0 -1.254 -0.0325 0.2864 -1.1767 -0.052 0.3141 -1.1209 -0.0243 0.2913 -1.1298 -0.0084 0.2741 -1.1403 -0.0037 0.2683 -1.1722 0.0024 0.2589 -1.1828 -0.0424 0.3037 -1.1851 -0.0342 0.295 -1.1927 -0.0261 0.2859 -1.2056 -0.0174 0.2758 -1.204 -0.0305 0.2894
313.0 -1.2654 -0.0328 0.2856 -1.1815 -0.0496 0.3111 -1.1291 -0.0272 0.2935 -1.1365 -0.0105 0.2756 -1.1496 -0.0056 0.2693 -1.179 0.0014 0.2592 -1.1904 -0.0441 0.3046 -1.191 -0.0356 0.2959 -1.1978 -0.0267 0.2861 -1.2116 -0.0182 0.2761 -1.2113 -0.0315 0.2897
314.0 -1.2693 -0.0358 0.2883 -1.1882 -0.0566 0.3176 -1.1305 -0.0293 0.2954 -1.1399 -0.011 0.2758 -1.1531 -0.006 0.2694 -1.181 0.0024 0.258 -1.1944 -0.0464 0.3066 -1.1952 -0.0368 0.2967 -1.2029 -0.028 0.287 -1.2158 -0.0194 0.2769 -1.2155 -0.0333 0.2911
315.0 -1.2737 -0.0358 0.2878 -1.1919 -0.0559 0.3165 -1.1357 -0.03 0.2956 -1.1442 -0.0116 0.2759 -1.1572 -0.0078 0.2708 -1.186 0.0011 0.2588 -1.1988 -0.0464 0.3062 -1.1986 -0.0372 0.2968 -1.2063 -0.0285 0.2871 -1.2194 -0.0193 0.2764 -1.2194 -0.0334 0.2909
316.0 -1.2713 -0.0342 0.2865 -1.1867 -0.0301 0.2907 -1.1416 -0.0265 0.2915 -1.1478 -0.0163 0.2805 -1.1609 -0.0169 0.2797 -1.1927 -0.0157 0.2753 -1.2012 -0.0425 0.3019 -1.2053 -0.0394 0.2983 -1.2156 -0.0359 0.2937 -1.2306 -0.0306 0.2868 -1.2248 -0.0365 0.2934
317.0 -1.2759 -0.0379 0.2898 -1.2017 -0.0597 0.3194 -1.1434 -0.031 0.2959 -1.1558 -0.0156 0.2789 -1.1663 -0.0109 0.2731 -1.1907 -0.002 0.2615 -1.2081 -0.0483 0.3072 -1.2087 -0.0398 0.2984 -1.2156 -0.031 0.2887 -1.2268 -0.0221 0.2785 -1.227 -0.0358 0.2925
318.0 -1.2854 -0.0392 0.2902 -1.2092 -0.0625 0.3216 -1.1494 -0.0318 0.2961 -1.1613 -0.0145 0.2772 -1.1745 -0.0095 0.2709 -1.1969 -0.0022 0.2611 -1.2123 -0.0495 0.3079 -1.214 -0.0399 0.298 -1.2207 -0.0317 0.2889 -1.2329 -0.0223 0.2781 -1.2331 -0.0365 0.2926
319.0 -1.2883 -0.0377 0.2884 -1.2114 -0.0548 0.3135 -1.1564 -0.0322 0.2958 -1.1632 -0.0184 0.2811 -1.1771 -0.0148 0.276 -1.2027 -0.0091 0.2676 -1.2197 -0.0474 0.3051 -1.2209 -0.0409 0.2983 -1.2284 -0.0333 0.2898 -1.2411 -0.0259 0.281 -1.2397 -0.037 0.2925
320.0 -1.2975 -0.0402 0.29 -1.2197 -0.0627 0.3207 -1.1632 -0.0337 0.2967 -1.1667 -0.0189 0.2812 -1.1809 -0.0129 0.2736 -1.2045 -0.0038 0.262 -1.2256 -0.0488 0.306 -1.2245 -0.0401 0.2972 -1.2304 -0.0318 0.288 -1.2408 -0.0228 0.2778 -1.2438 -0.0367 0.2918
321.0 -1.3001 -0.0406 0.2901 -1.225 -0.0628 0.3203 -1.1669 -0.0324 0.2949 -1.1759 -0.0165 0.2778 -1.1883 -0.0108 0.2708 -1.2115 -0.0042 0.2617 -1.2293 -0.0481 0.3049 -1.2291 -0.0389 0.2955 -1.2358 -0.0313 0.287 -1.2469 -0.023 0.2774 -1.2482 -0.0364 0.291
322.0 -1.3012 -0.0395 0.2889 -1.2293 -0.0579 0.3148 -1.1732 -0.032 0.2939 -1.1801 -0.0176 0.2786 -1.1923 -0.0132 0.2728 -1.2167 -0.0043 0.2613 -1.2353 -0.0489 0.3051 -1.235 -0.0403 0.2963 -1.2409 -0.032 0.2872 -1.252 -0.0237 0.2776 -1.2529 -0.0369 0.291
323.0 -1.3064 -0.0396 0.2885 -1.234 -0.0616 0.3181 -1.1791 -0.0334 0.2948 -1.1862 -0.0178 0.2782 -1.1974 -0.0145 0.2736 -1.2224 -0.0069 0.2634 -1.2413 -0.0497 0.3053 -1.2418 -0.0418 0.2972 -1.2493 -0.0343 0.2888 -1.2613 -0.0262 0.2792 -1.26 -0.0383 0.2918
324.0 -1.3149 -0.0413 0.2894 -1.2362 -0.0588 0.3151 -1.1868 -0.0344 0.2951 -1.1905 -0.0233 0.2834 -1.2014 -0.0217 0.2807 -1.2274 -0.0185 0.2748 -1.2471 -0.0468 0.3018 -1.2506 -0.0418 0.2963 -1.261 -0.0377 0.2911 -1.275 -0.0335 0.2854 -1.2697 -0.0402 0.2928
325.0 -1.3166 -0.0416 0.2895 -1.2456 -0.0656 0.3211 -1.191 -0.0356 0.2959 -1.1944 -0.0214 0.281 -1.2059 -0.0156 0.274 -1.2316 -0.005 0.2606 -1.2511 -0.0492 0.3038 -1.2508 -0.0406 0.2951 -1.2566 -0.0328 0.2865 -1.2668 -0.0251 0.2776 -1.2684 -0.0379 0.2905
326.0 -1.3267 -0.0393 0.2861 -1.242 -0.0309 0.286 -1.198 -0.031 0.2905 -1.201 -0.029 0.2881 -1.2137 -0.0368 0.2949 -1.2469 -0.048 0.303 -1.259 -0.0393 0.2929 -1.2654 -0.0426 0.2956 -1.2773 -0.0454 0.2973 -1.2937 -0.047 0.2974 -1.2844 -0.0427 0.2939
327.0 -1.3295 -0.0433 0.29 -1.258 -0.0648 0.3191 -1.2038 -0.0379 0.297 -1.2076 -0.0262 0.2847 -1.2184 -0.0198 0.277 -1.2442 -0.008 0.2623 -1.2654 -0.0481 0.3013 -1.2651 -0.0395 0.2925 -1.2708 -0.0323 0.2846 -1.2818 -0.0246 0.2757 -1.2825 -0.0376 0.2888
328.0 -1.3365 -0.0436 0.2896 -1.261 -0.0628 0.3167 -1.2094 -0.0362 0.2947 -1.2141 -0.0241 0.2818 -1.2254 -0.0201 0.2766 -1.2513 -0.0126 0.2664 -1.2698 -0.0481 0.3008 -1.2718 -0.0416 0.294 -1.2789 -0.0359 0.2874 -1.2907 -0.0289 0.2791 -1.2895 -0.0396 0.2902
329.0 -1.3401 -0.0435 0.2892 -1.2682 -0.0668 0.3201 -1.2193 -0.04 0.2976 -1.2196 -0.0279 0.2851 -1.2297 -0.0207 0.2768 -1.2564 -0.009 0.2622 -1.2791 -0.0499 0.3018 -1.278 -0.0412 0.293 -1.282 -0.0332 0.2844 -1.2915 -0.0241 0.2742 -1.2941 -0.0384 0.2885
329.0 -1.3401 -0.0435 0.2892 -1.2682 -0.0668 0.3201 -1.2193 -0.04 0.2976 -1.2196 -0.0279 0.2851 -1.2297 -0.0207 0.2768 -1.2564 -0.009 0.2622 -1.2791 -0.0499 0.3018 -1.278 -0.0412 0.293 -1.282 -0.0332 0.2844 -1.2915 -0.0241 0.2742 -1.2941 -0.0384 0.2885
329.0 -1.3401 -0.0435 0.2892 -1.2682 -0.0668 0.3201 -1.2193 -0.04 0.2976 -1.2196 -0.0279 0.2851 -1.2297 -0.0207 0.2768 -1.2564 -0.009 0.2622 -1.2791 -0.0499 0.3018 -1.278 -0.0412 0.293 -1.282 -0.0332 0.2844 -1.2915 -0.0241 0.2742 -1.2941 -0.0384 0.2885
329.0 -1.3401 -0.0435 0.2892 -1.2682 -0.0668 0.3201 -1.2193 -0.04 0.2976 -1.2196 -0.0279 0.2851 -1.2297 -0.0207 0.2768 -1.2564 -0.009 0.2622 -1.2791 -0.0499 0.3018 -1.278 -0.0412 0.293 -1.282 -0.0332 0.2844 -1.2915 -0.0241 0.2742 -1.2941 -0.0384 0.2885
329.0 -1.3401 -0.0435 0.2892 -1.2682 -0.0668 0.3201 -1.2193 -0.04 0.2976 -1.2196 -0.0279 0.2851 -1.2297 -0.0207 0.2768 -1.2564 -0.009 0.2622 -1.2791 -0.0499 0.3018 -1.278 -0.0412 0.293 -1.282 -0.0332 0.2844 -1.2915 -0.0241 0.2742 -1.2941 -0.0384 0.2885
329.0 -1.3401 -0.0435 0.2892 -1.2682 -0.0668 0.3201 -1.2193 -0.04 0.2976 -1.2196 -0.0279 0.2851 -1.2297 -0.0207 0.2768 -1.2564 -0.009 0.2622 -1.2791 -0.0499 0.3018 -1.278 -0.0412 0.293 -1.282 -0.0332 0.2844 -1.2915 -0.0241 0.2742 -1.2941 -0.0384 0.2885
329.0 -1.3401 -0.0435 0.2892 -1.2682 -0.0668 0.3201 -1.2193 -0.04 0.2976 -1.2196 -0.0279 0.2851 -1.2297 -0.0207 0.2768 -1.2564 -0.009 0.2622 -1.2791 -0.0499 0.3018 -1.278 -0.0412 0.293 -1.282 -0.0332 0.2844 -1.2915 -0.0241 0.2742 -1.2941 -0.0384 0.2885
329.0 -1.3401 -0.0435 0.2892 -1.2682 -0.0668 0.3201 -1.2193 -0.04 0.2976 -1.2196 -0.0279 0.2851 -1.2297 -0.0207 0.2768 -1.2564 -0.009 0.2622 -1.2791 -0.0499 0.3018 -1.278 -0.0412 0.293 -1.282 -0.0332 0.2844 -1.2915 -0.0241 0.2742 -1.2941 -0.0384 0.2885
329.0 -1.3401 -0.0435 0.2892 -1.2682 -0.0668 0.3201 -1.2193 -0.04 0.2976 -1.2196 -0.0279 0.2851 -1.2297 -0.0207 0.2768 -1.2564 -0.009 0.2622 -1.2791 -0.0499 0.3018 -1.278 -0.0412 0.293 -1.282 -0.0332 0.2844 -1.2915 -0.0241 0.2742 -1.2941 -0.0384 0.2885
329.0 -1.3401 -0.0435 0.2892 -1.2682 -0.0668 0.3201 -1.2193 -0.04 0.2976 -1.2196 -0.0279 0.2851 -1.2297 -0.0207 0.2768 -1.2564 -0.009 0.2622 -1.2791 -0.0499 0.3018 -1.278 -0.0412 0.293 -1.282 -0.0332 0.2844 -1.2915 -0.0241 0.2742 -1.2941 -0.0384 0.2885
329.0 -1.3401 -0.0435 0.2892 -1.2682 -0.0668 0.3201 -1.2193 -0.04 0.2976 -1.2196 -0.0279 0.2851 -1.2297 -0.0207 0.2768 -1.2564 -0.009 0.2622 -1.2791 -0.0499 0.3018 -1.278 -0.0412 0.293 -1.282 -0.0332 0.2844 -1.2915 -0.0241 0.2742 -1.2941 -0.0384 0.2885
329.0 -1.3401 -0.0435 0.2892 -1.2682 -0.0668 0.3201 -1.2193 -0.04 0.2976 -1.2196 -0.0279 0.2851 -1.2297 -0.0207 0.2768 -1.2564 -0.009 0.2622 -1.2791 -0.0499 0.3018 -1.278 -0.0412 0.293 -1.282 -0.0332 0.2844 -1.2915 -0.0241 0.2742 -1.2941 -0.0384 0.2885
329.0 -1.3401 -0.0435 0.2892 -1.2682 -0.0668 0.3201 -1.2193 -0.04 0.2976 -1.2196 -0.0279 0.2851 -1.2297 -0.0207 0.2768 -1.2564 -0.009 0.2622 -1.2791 -0.0499 0.3018 -1.278 -0.0412 0.293 -1.282 -0.0332 0.2844 -1.2915 -0.0241 0.2742 -1.2941 -0.0384 0.2885
329.0 -1.3401 -0.0435 0.2892 -1.2682 -0.0668 0.3201 -1.2193 -0.04 0.2976 -1.2196 -0.0279 0.2851 -1.2297 -0.0207 0.2768 -1.2564 -0.009 0.2622 -1.2791 -0.0499 0.3018 -1.278 -0.0412 0.293 -1.282 -0.0332 0.2844 -1.2915 -0.0241 0.2742 -1.2941 -0.0384 0.2885
329.0 -1.3401 -0.0435 0.2892 -1.2682 -0.0668 0.3201 -1.2193 -0.04 0.2976 -1.2196 -0.0279 0.2851 -1.2297 -0.0207 0.2768 -1.2564 -0.009 0.2622 -1.2791 -0.0499 0.3018 -1.278 -0.0412 0.293 -1.282 -0.0332 0.2844 -1.2915 -0.0241 0.2742 -1.2941 -0.0384 0.2885
329.0 -1.3401 -0.0435 0.2892 -1.2682 -0.0668 0.3201 -1.2193 -0.04 0.2976 -1.2196 -0.0279 0.2851 -1.2297 -0.0207 0.2768 -1.2564 -0.009 0.2622 -1.2791 -0.0499 0.3018 -1.278 -0.0412 0.293 -1.282 -0.0332 0.2844 -1.2915 -0.0241 0.2742 -1.2941 -0.0384 0.2885
329.0 -1.3401 -0.0435 0.2892 -1.2682 -0.0668 0.3201 -1.2193 -0.04 0.2976 -1.2196 -0.0279 0.2851 -1.2297 -0.0207 0.2768 -1.2564 -0.009 0.2622 -1.2791 -0.0499 0.3018 -1.278 -0.0412 0.293 -1.282 -0.0332 0.2844 -1.2915 -0.0241 0.2742 -1.2941 -0.0384 0.2885
329.0 -1.3401 -0.0435 0.2892 -1.2682 -0.0668 0.3201 -1.2193 -0.04 0.2976 -1.2196 -0.0279 0.2851 -1.2297 -0.0207 0.2768 -1.2564 -0.009 0.2622 -1.2791 -0.0499 0.3018 -1.278 -0.0412 0.293 -1.282 -0.0332 0.2844 -1.2915 -0.0241 0.2742 -1.2941 -0.0384 0.2885
329.0 -1.3401 -0.0435 0.2892 -1.2682 -0.0668 0.3201 -1.2193 -0.04 0.2976 -1.2196 -0.0279 0.2851 -1.2297 -0.0207 0.2768 -1.2564 -0.009 0.2622 -1.2791 -0.0499 0.3018 -1.278 -0.0412 0.293 -1.282 -0.0332 0.2844 -1.2915 -0.0241 0.2742 -1.2941 -0.0384 0.2885
329.0 -1.3401 -0.0435 0.2892 -1.2682 -0.0668 0.3201 -1.2193 -0.04 0.2976 -1.2196 -0.0279 0.2851 -1.2297 -0.0207 0.2768 -1.2564 -0.009 0.2622 -1.2791 -0.0499 0.3018 -1.278 -0.0412 0.293 -1.282 -0.0332 0.2844 -1.2915 -0.0241 0.2742 -1.2941 -0.0384 0.2885
329.0 -1.3401 -0.0435 0.2892 -1.2682 -0.0668 0.3201 -1.2193 -0.04 0.2976 -1.2196 -0.0279 0.2851 -1.2297 -0.0207 0.2768 -1.2564 -0.009 0.2622 -1.2791 -0.0499 0.3018 -1.278 -0.0412 0.293 -1.282 -0.0332 0.2844 -1.2915 -0.0241 0.2742 -1.2941 -0.0384 0.2885
329.0 -1.3401 -0.0435 0.2892 -1.2682 -0.0668 0.3201 -1.2193 -0.04 0.2976 -1.2196 -0.0279 0.2851 -1.2297 -0.0207 0.2768 -1.2564 -0.009 0.2622 -1.2791 -0.0499 0.3018 -1.278 -0.0412 0.293 -1.282 -0.0332 0.2844 -1.2915 -0.0241 0.2742 -1.2941 -0.0384 0.2885
329.0 -1.3401 -0.0435 0.2892 -1.2682 -0.0668 0.3201 -1.2193 -0.04 0.2976 -1.2196 -0.0279 0.2851 -1.2297 -0.0207 0.2768 -1.2564 -0.009 0.2622 -1.2791 -0.0499 0.3018 -1.278 -0.0412 0.293 -1.282 -0.0332 0.2844 -1.2915 -0.0241 0.2742 -1.2941 -0.0384 0.2885
352.0 -1.336 -0.0167 0.2621 -1.3209 0.0128 0.2335 -1.3045 0.0248 0.2228 -1.3075 0.0317 0.2155 -1.31 0.0308 0.2162 -1.3175 0.0286 0.2177 -1.3034 -0.0068 0.2553 -1.3052 -0.0015 0.2497 -1.3095 0.0028 0.2449 -1.3161 0.0055 0.2414 -1.314 -0.0033 0.2507
352.0 -1.3955 -0.0284 0.2682 -1.3206 0.0013 0.2453 -1.297 0.0173 0.2313 -1.3028 0.025 0.2228 -1.3129 0.0274 0.2194 -1.3305 0.0225 0.2226 -1.3281 -0.0266 0.2731 -1.3333 -0.0218 0.2677 -1.3429 -0.017 0.2618 -1.3564 -0.0103 0.2536 -1.3512 -0.0208 0.2649
353.0 -1.3786 -0.0243 0.2657 -1.3398 0.0054 0.2392 -1.3059 0.0277 0.2198 -1.314 0.0339 0.2126 -1.3284 0.0307 0.2144 -1.3391 0.0263 0.2179 -1.3278 -0.0131 0.2593 -1.3332 -0.0072 0.2527 -1.3402 -0.0026 0.2473 -1.3497 0.0016 0.2421 -1.3459 -0.0091 0.2534
354.0 -1.3948 -0.0271 0.2669 -1.3432 0.0043 0.2399 -1.3155 0.0221 0.2245 -1.321 0.0287 0.2172 -1.3298 0.0287 0.2163 -1.3383 0.027 0.2173 -1.3485 -0.0202 0.2645 -1.3487 -0.0141 0.2583 -1.3526 -0.0073 0.2509 -1.358 -0.0013 0.2443 -1.3605 -0.014 0.257
355.0 -1.3952 -0.0253 0.2651 -1.3481 0.0122 0.2314 -1.3225 0.0273 0.2185 -1.3351 0.0384 0.2059 -1.3478 0.0361 0.207 -1.36 0.0302 0.2119 -1.3507 -0.0181 0.2621 -1.3459 -0.0101 0.2544 -1.3464 -0.0022 0.2463 -1.351 0.0039 0.2396 -1.3578 -0.0104 0.2535
356.0 -1.3898 -0.0258 0.2661 -1.3623 0.0079 0.2344 -1.3258 0.0256 0.2199 -1.3316 0.0389 0.2058 -1.3546 0.0345 0.2079 -1.3654 0.0307 0.2108 -1.3601 -0.0193 0.2625 -1.3512 -0.0102 0.254 -1.3492 -0.0014 0.2452 -1.3512 0.0051 0.2384 -1.3603 -0.0103 0.2532
357.0 -1.3915 -0.026 0.2662 -1.3554 0.0088 0.2342 -1.3215 0.0262 0.2197 -1.3256 0.0348 0.2105 -1.345 0.0346 0.2088 -1.3618 0.0305 0.2113 -1.3542 -0.0179 0.2616 -1.3486 -0.0098 0.2539 -1.3481 -0.0024 0.2464 -1.3519 0.0038 0.2397 -1.3589 -0.0105 0.2535
358.0 -1.394 -0.027 0.2669 -1.3524 0.0068 0.2366 -1.319 0.0222 0.224 -1.325 0.0312 0.2143 -1.3437 0.0324 0.2112 -1.3579 0.028 0.2143 -1.3522 -0.0195 0.2634 -1.3482 -0.0122 0.2564 -1.3486 -0.005 0.2489 -1.354 0.001 0.2422 -1.3594 -0.0125 0.2556
359.0 -1.3616 -0.011 0.2538 -1.3544 -0.0118 0.2554 -1.3146 0.0271 0.2195 -1.3169 0.0354 0.2108 -1.3312 0.0365 0.2083 -1.3567 0.0312 0.2111 -1.3274 -0.0003 0.2462 -1.333 0.0063 0.2389 -1.3407 0.0102 0.2342 -1.3514 0.0112 0.2321 -1.3428 0.0033 0.2411
360.0 -1.3879 -0.0267 0.2673 -1.3487 0.0005 0.2433 -1.3135 0.0157 0.2313 -1.316 0.0251 0.2214 -1.3362 0.0297 0.2147 -1.3526 0.0281 0.2147 -1.3508 -0.0224 0.2665 -1.3481 -0.0128 0.257 -1.3495 -0.0045 0.2483 -1.3551 0.0021 0.241 -1.3583 -0.0129 0.256
360.0 -1.3492 -0.0063 0.2502 -1.3363 0.0101 0.2347 -1.3157 0.0331 0.2133 -1.3222 0.0401 0.2054 -1.3318 0.0401 0.2045 -1.3566 0.0306 0.2117 -1.319 0.007 0.2396 -1.3285 0.0112 0.2344 -1.3386 0.0135 0.231 -1.35 0.0132 0.2302 -1.3371 0.0077 0.2371
361.0 -1.3499 -0.0076 0.2514 -1.3605 -0.017 0.26 -1.3152 0.0307 0.2158 -1.3279 0.0375 0.2075 -1.3368 0.0382 0.206 -1.3601 0.0308 0.2112 -1.3248 8.684e-05 0.2461 -1.3313 0.0071 0.2382 -1.3398 0.0103 0.2342 -1.3506 0.0119 0.2315 -1.3393 0.0044 0.2403
362.0 -1.3932 -0.0262 0.2662 -1.3506 0.0064 0.2371 -1.3188 0.0211 0.2253 -1.3282 0.0344 0.2106 -1.3448 0.034 0.2094 -1.3598 0.029 0.2131 -1.3544 -0.0216 0.2654 -1.3489 -0.0129 0.257 -1.3494 -0.0051 0.2489 -1.3541 0.0016 0.2416 -1.36 -0.0129 0.2558
363.0 -1.3989 -0.024 0.2633 -1.3733 0.0259 0.2149 -1.357 0.0483 0.1936 -1.3619 0.0513 0.1901 -1.3657 0.0477 0.1934 -1.367 0.0402 0.2009 -1.3606 -0.0017 0.2444 -1.3584 0.001 0.2418 -1.3607 0.0038 0.2387 -1.3647 0.0069 0.2352 -1.3687 -0.0028 0.2447
364.0 -1.4016 -0.0237 0.2628 -1.3851 0.028 0.2116 -1.3709 0.0519 0.1886 -1.376 0.0512 0.1888 -1.385 0.0421 0.1972 -1.3855 0.0353 0.2041 -1.37 0.0019 0.2397 -1.3688 0.0051 0.2366 -1.371 0.0073 0.2342 -1.3758 0.0097 0.2312 -1.3774 7.133e-05 0.2409
365.0 -1.412 -0.0294 0.2676 -1.4079 0.0371 0.2 -1.393 0.0581 0.18 -1.4008 0.057 0.1803 -1.4045 0.0529 0.1842 -1.4048 0.0449 0.1924 -1.3843 0.0079 0.2322 -1.3837 0.0099 0.2303 -1.3882 0.0105 0.2292 -1.3944 0.0108 0.2282 -1.3925 0.0019 0.2375
366.0 -1.4128 -0.0252 0.2632 -1.4077 0.0365 0.2006 -1.3957 0.0583 0.1795 -1.4038 0.0591 0.178 -1.4123 0.0524 0.1839 -1.4132 0.0425 0.1939 -1.3864 0.0052 0.2347 -1.3846 0.0097 0.2303 -1.3886 0.0129 0.2267 -1.3952 0.015 0.2238 -1.3935 0.0035 0.2358
367.0 -1.4125 -0.0264 0.2645 -1.4069 0.0367 0.2006 -1.3948 0.0578 0.1801 -1.4054 0.0582 0.1787 -1.4107 0.0532 0.1832 -1.4098 0.043 0.1938 -1.3824 0.0076 0.2327 -1.3831 0.0112 0.229 -1.3879 0.0136 0.2261 -1.396 0.0149 0.2239 -1.3924 0.0042 0.2352
368.0 -1.4117 -0.0263 0.2645 -1.4053 0.0375 0.1999 -1.3913 0.0583 0.18 -1.4018 0.0581 0.1791 -1.4074 0.0549 0.1819 -1.4092 0.0449 0.1919 -1.3817 0.0083 0.2321 -1.3831 0.0112 0.229 -1.3896 0.0133 0.2261 -1.3985 0.014 0.2246 -1.3929 0.0041 0.2353
369.0 -1.4102 -0.0249 0.2631 -1.4028 0.0384 0.1992 -1.3879 0.0588 0.1798 -1.4021 0.0593 0.1779 -1.4072 0.0537 0.1831 -1.4079 0.0426 0.1944 -1.3819 0.0095 0.2308 -1.3816 0.0126 0.2277 -1.3863 0.0144 0.2254 -1.3936 0.0159 0.2232 -1.3907 0.0055 0.234
370.0 -1.4098 -0.0218 0.26 -1.4012 0.0393 0.1985 -1.3854 0.0597 0.1791 -1.4004 0.0601 0.1772 -1.4066 0.055 0.1818 -1.409 0.0437 0.1932 -1.3794 0.0104 0.2301 -1.3808 0.0133 0.227 -1.3872 0.0149 0.2248 -1.3953 0.0156 0.2232 -1.3905 0.0065 0.233
371.0 -1.4056 -0.0206 0.2592 -1.3995 0.0395 0.1984 -1.3864 0.0602 0.1785 -1.4004 0.0601 0.1772 -1.4067 0.0556 0.1812 -1.4068 0.0464 0.1906 -1.3777 0.0107 0.23 -1.3793 0.0147 0.2257 -1.3851 0.0176 0.2222 -1.3924 0.0191 0.22 -1.388 0.0083 0.2314
372.0 -1.4064 -0.0213 0.2599 -1.3957 0.043 0.1951 -1.383 0.0612 0.1778 -1.3942 0.0597 0.1782 -1.4006 0.0509 0.1866 -1.4031 0.0402 0.1973 -1.3754 0.0128 0.2281 -1.3764 0.0133 0.2275 -1.3817 0.0132 0.2271 -1.3886 0.0129 0.2267 -1.3857 0.0062 0.2338
372.0 -1.4064 -0.0213 0.2599 -1.3957 0.043 0.1951 -1.383 0.0612 0.1778 -1.3942 0.0597 0.1782 -1.4006 0.0509 0.1866 -1.4031 0.0402 0.1973 -1.3754 0.0128 0.2281 -1.3764 0.0133 0.2275 -1.3817 0.0132 0.2271 -1.3886 0.0129 0.2267 -1.3857 0.0062 0.2338
372.0 -1.4064 -0.0213 0.2599 -1.3957 0.043 0.1951 -1.383 0.0612 0.1778 -1.3942 0.0597 0.1782 -1.4006 0.0509 0.1866 -1.4031 0.0402 0.1973 -1.3754 0.0128 0.2281 -1.3764 0.0133 0.2275 -1.3817 0.0132 0.2271 -1.3886 0.0129 0.2267 -1.3857 0.0062 0.2338
375.0 -1.3975 -0.017 0.2564 -1.3964 0.032 0.2064 -1.4025 0.0415 0.196 -1.4038 0.034 0.2036 -1.4062 0.0178 0.2199 -1.4092 0.0095 0.2281 -1.3759 0.0152 0.2256 -1.3795 0.011 0.2295 -1.3866 0.0064 0.2335 -1.3946 0.0017 0.2376 -1.3868 0.0034 0.2365
375.0 -1.3975 -0.017 0.2564 -1.3964 0.032 0.2064 -1.4025 0.0415 0.196 -1.4038 0.034 0.2036 -1.4062 0.0178 0.2199 -1.4092 0.0095 0.2281 -1.3759 0.0152 0.2256 -1.3795 0.011 0.2295 -1.3866 0.0064 0.2335 -1.3946 0.0017 0.2376 -1.3868 0.0034 0.2365
