1.0 -1.2867 -0.0216 0.2721 -1.1941 -0.0684 0.3291 -1.1239 -0.0271 0.2939 -1.1236 -0.0039 0.2702 -1.1445 0.0153 0.2485 -1.1824 0.0309 0.2287 -1.204 -0.0319 0.2908 -1.2056 -0.0174 0.2758 -1.2138 -0.0057 0.263 -1.2272 0.0053 0.2504 -1.2275 -0.0143 0.2704
2.0 -1.2866 -0.0222 0.2727 -1.195 -0.0679 0.3285 -1.1239 -0.0271 0.2939 -1.1244 -0.004 0.2702 -1.1453 0.0146 0.2491 -1.1842 0.0307 0.2288 -1.204 -0.0319 0.2908 -1.2055 -0.018 0.2765 -1.2138 -0.0057 0.263 -1.228 0.0046 0.2511 -1.2276 -0.0146 0.2708
3.0 -1.2884 -0.0219 0.2722 -1.1949 -0.0685 0.3291 -1.1255 -0.028 0.2946 -1.1244 -0.004 0.2702 -1.1452 0.014 0.2498 -1.184 0.0301 0.2294 -1.2047 -0.0326 0.2914 -1.2054 -0.0186 0.2771 -1.2137 -0.0063 0.2637 -1.227 0.0041 0.2517 -1.2279 -0.015 0.2712
4.0 -1.29 -0.0227 0.2729 -1.1965 -0.0693 0.3298 -1.1254 -0.0286 0.2952 -1.1226 -0.0044 0.2707 -1.1472 0.0155 0.248 -1.1839 0.0295 0.23 -1.2046 -0.0332 0.292 -1.2054 -0.0186 0.2771 -1.2129 -0.0062 0.2636 -1.2261 0.0042 0.2516 -1.2278 -0.0153 0.2714
5.0 -1.29 -0.0227 0.2729 -1.1965 -0.0693 0.3298 -1.1265 -0.0275 0.294 -1.1252 -0.0047 0.2708 -1.1469 0.0137 0.2498 -1.1847 0.0288 0.2307 -1.2064 -0.0334 0.2921 -1.2063 -0.0187 0.2771 -1.2145 -0.007 0.2643 -1.2278 0.0034 0.2523 -1.229 -0.0157 0.2717
6.0 -1.2909 -0.0228 0.2729 -1.1974 -0.0694 0.3298 -1.1272 -0.0282 0.2947 -1.1259 -0.0054 0.2715 -1.1477 0.0136 0.2499 -1.1848 0.0294 0.2301 -1.2064 -0.0334 0.2921 -1.207 -0.0194 0.2778 -1.2153 -0.0077 0.265 -1.2278 0.0034 0.2523 -1.2295 -0.016 0.272
7.0 -1.2917 -0.0235 0.2735 -1.1984 -0.069 0.3293 -1.1271 -0.0288 0.2953 -1.125 -0.0059 0.2721 -1.1486 0.0135 0.2499 -1.1863 0.0279 0.2314 -1.2062 -0.034 0.2927 -1.207 -0.0194 0.2778 -1.2153 -0.0077 0.265 -1.2285 0.0027 0.253 -1.2297 -0.0164 0.2724
8.0 -1.2915 -0.0241 0.2742 -1.1989 -0.0709 0.3312 -1.1281 -0.0283 0.2947 -1.1258 -0.006 0.2721 -1.1503 0.0133 0.25 -1.1856 0.0287 0.2307 -1.2071 -0.0341 0.2928 -1.2078 -0.0202 0.2784 -1.2161 -0.0078 0.265 -1.2294 0.0026 0.253 -1.2304 -0.0167 0.2727
9.0 -1.2917 -0.0235 0.2735 -1.1992 -0.0691 0.3293 -1.1289 -0.0284 0.2947 -1.1275 -0.0063 0.2722 -1.1501 0.0121 0.2512 -1.1865 0.0291 0.2301 -1.2072 -0.0335 0.2921 -1.2088 -0.0197 0.2778 -1.2161 -0.0078 0.265 -1.2295 0.0032 0.2524 -1.2306 -0.0163 0.2722
10.0 -1.2933 -0.0244 0.2742 -1.2008 -0.0699 0.33 -1.1306 -0.0287 0.2948 -1.1294 -0.0059 0.2716 -1.1528 0.0123 0.2507 -1.1881 0.0283 0.2308 -1.2098 -0.0339 0.2922 -1.2105 -0.0199 0.2779 -1.2187 -0.0082 0.2651 -1.232 0.0022 0.2531 -1.2328 -0.0168 0.2725
11.0 -1.2958 -0.0247 0.2743 -1.2035 -0.0697 0.3295 -1.1367 -0.0295 0.295 -1.1343 -0.0078 0.2731 -1.1553 0.0114 0.2514 -1.1924 0.0277 0.231 -1.2125 -0.0336 0.2917 -1.2131 -0.0203 0.278 -1.2212 -0.0091 0.2658 -1.2344 0.0013 0.2538 -1.2354 -0.0173 0.2727
12.0 -1.2942 -0.0239 0.2736 -1.2045 -0.0692 0.3289 -1.1368 -0.0289 0.2944 -1.1344 -0.0072 0.2724 -1.1571 0.0117 0.2508 -1.1934 0.0282 0.2304 -1.2125 -0.0336 0.2917 -1.2139 -0.0204 0.278 -1.2213 -0.0085 0.2652 -1.2353 0.0012 0.2539 -1.2354 -0.017 0.2725
13.0 -1.295 -0.0246 0.2743 -1.2036 -0.0691 0.3288 -1.1353 -0.0275 0.2931 -1.1336 -0.0071 0.2724 -1.1555 0.0126 0.2502 -1.1925 0.0283 0.2304 -1.2116 -0.0335 0.2917 -1.2132 -0.0197 0.2774 -1.2213 -0.0085 0.2652 -1.2346 0.0025 0.2526 -1.2351 -0.0168 0.2722
14.0 -1.2942 -0.0239 0.2736 -1.2028 -0.0689 0.3288 -1.1344 -0.0273 0.2931 -1.1329 -0.0058 0.2711 -1.1554 0.012 0.2508 -1.1917 0.0284 0.2303 -1.2109 -0.0328 0.291 -1.2123 -0.0195 0.2773 -1.2195 -0.0083 0.2651 -1.2338 0.0026 0.2526 -1.2341 -0.0164 0.2719
15.0 -1.2943 -0.0233 0.273 -1.2018 -0.0694 0.3294 -1.1344 -0.0273 0.2931 -1.132 -0.0057 0.2711 -1.1546 0.0127 0.2501 -1.1917 0.0284 0.2303 -1.2109 -0.0328 0.291 -1.2123 -0.0195 0.2773 -1.2197 -0.0077 0.2645 -1.2329 0.0027 0.2525 -1.234 -0.0161 0.2717
16.0 -1.2935 -0.0232 0.273 -1.2019 -0.0688 0.3288 -1.1334 -0.0278 0.2936 -1.132 -0.0057 0.2711 -1.1537 0.0128 0.2501 -1.1917 0.0284 0.2303 -1.21 -0.0327 0.291 -1.2115 -0.0188 0.2767 -1.2197 -0.0077 0.2645 -1.2329 0.0027 0.2525 -1.2335 -0.0159 0.2715
17.0 -1.2918 -0.0229 0.2729 -1.2009 -0.0693 0.3294 -1.1325 -0.0283 0.2942 -1.1311 -0.0061 0.2717 -1.1537 0.0128 0.2501 -1.1917 0.0284 0.2303 -1.21 -0.0327 0.291 -1.2106 -0.0193 0.2773 -1.2187 -0.0082 0.2651 -1.2329 0.0027 0.2525 -1.2328 -0.0161 0.2718
18.0 -1.2918 -0.0229 0.2729 -1.2009 -0.0693 0.3294 -1.1317 -0.0276 0.2936 -1.1312 -0.0055 0.2711 -1.1529 0.0129 0.2501 -1.19 0.0287 0.2303 -1.21 -0.0327 0.291 -1.2107 -0.0187 0.2767 -1.2188 -0.0076 0.2645 -1.2321 0.0028 0.2525 -1.2327 -0.0158 0.2715
19.0 -1.2918 -0.0229 0.2729 -1.2002 -0.0686 0.3287 -1.1317 -0.0276 0.2936 -1.1312 -0.0055 0.2711 -1.152 0.013 0.25 -1.1892 0.0294 0.2296 -1.21 -0.0327 0.291 -1.2107 -0.0187 0.2767 -1.2188 -0.0076 0.2645 -1.2321 0.0028 0.2525 -1.2327 -0.0158 0.2715
20.0 -1.2917 -0.0235 0.2735 -1.2002 -0.0686 0.3287 -1.1316 -0.0282 0.2942 -1.1312 -0.0055 0.2711 -1.1529 0.0129 0.2501 -1.19 0.0287 0.2303 -1.2091 -0.0326 0.291 -1.2098 -0.0186 0.2766 -1.2179 -0.0075 0.2644 -1.2312 0.003 0.2525 -1.2319 -0.0158 0.2716
21.0 -1.2917 -0.0235 0.2735 -1.201 -0.0687 0.3287 -1.1316 -0.0282 0.2942 -1.1312 -0.0055 0.2711 -1.1539 0.0134 0.2495 -1.1917 0.0284 0.2303 -1.2091 -0.0326 0.291 -1.2107 -0.0187 0.2767 -1.2188 -0.0076 0.2645 -1.2321 0.0028 0.2525 -1.2325 -0.0159 0.2716
22.0 -1.2917 -0.0235 0.2735 -1.2002 -0.0686 0.3287 -1.1317 -0.0276 0.2936 -1.1313 -0.0049 0.2705 -1.1521 0.0136 0.2494 -1.19 0.0287 0.2303 -1.2091 -0.0326 0.291 -1.2097 -0.0192 0.2772 -1.2179 -0.0075 0.2644 -1.2321 0.0028 0.2525 -1.2321 -0.016 0.2717
23.0 -1.2908 -0.0234 0.2735 -1.1992 -0.0691 0.3293 -1.1317 -0.0276 0.2936 -1.1304 -0.0048 0.2704 -1.1531 0.0141 0.2488 -1.1918 0.029 0.2297 -1.2083 -0.0324 0.2909 -1.2098 -0.0186 0.2766 -1.2179 -0.0075 0.2644 -1.2313 0.0035 0.2518 -1.2316 -0.0157 0.2715
24.0 -1.2907 -0.024 0.2741 -1.1993 -0.0685 0.3287 -1.1317 -0.0276 0.2936 -1.1313 -0.0049 0.2705 -1.1531 0.0141 0.2488 -1.1909 0.0292 0.2297 -1.2084 -0.0318 0.2903 -1.2098 -0.0186 0.2766 -1.2179 -0.0075 0.2644 -1.2312 0.003 0.2525 -1.2316 -0.0158 0.2716
25.0 -1.2917 -0.0235 0.2735 -1.2001 -0.0692 0.3293 -1.1319 -0.0264 0.2923 -1.1314 -0.0043 0.2698 -1.1531 0.0141 0.2488 -1.1901 0.0293 0.2296 -1.2092 -0.032 0.2903 -1.2098 -0.0186 0.2766 -1.218 -0.0069 0.2638 -1.2322 0.0034 0.2519 -1.2322 -0.0155 0.2712
26.0 -1.2909 -0.0228 0.2729 -1.2001 -0.0692 0.3293 -1.131 -0.0269 0.2929 -1.1304 -0.0048 0.2704 -1.1539 0.0134 0.2495 -1.19 0.0287 0.2303 -1.2091 -0.0326 0.291 -1.2107 -0.0187 0.2767 -1.2188 -0.0076 0.2645 -1.2322 0.0034 0.2519 -1.2323 -0.0156 0.2714
27.0 -1.2908 -0.0234 0.2735 -1.1993 -0.0685 0.3287 -1.1317 -0.0276 0.2936 -1.1313 -0.0049 0.2705 -1.1539 0.0134 0.2495 -1.1908 0.0286 0.2303 -1.2084 -0.0318 0.2903 -1.2098 -0.0186 0.2766 -1.2179 -0.0075 0.2644 -1.2321 0.0028 0.2525 -1.2318 -0.0157 0.2715
28.0 -1.2926 -0.0231 0.273 -1.201 -0.0687 0.3287 -1.1319 -0.0264 0.2923 -1.1314 -0.0043 0.2698 -1.153 0.0135 0.2494 -1.19 0.0287 0.2303 -1.2091 -0.0326 0.291 -1.2098 -0.0186 0.2766 -1.218 -0.0069 0.2638 -1.2313 0.0035 0.2518 -1.2322 -0.0155 0.2712
29.0 -1.2907 -0.024 0.2741 -1.1994 -0.0679 0.328 -1.1316 -0.0282 0.2942 -1.1313 -0.0049 0.2705 -1.1539 0.0134 0.2495 -1.1908 0.0286 0.2303 -1.2083 -0.0324 0.2909 -1.2097 -0.0192 0.2772 -1.2179 -0.0075 0.2644 -1.2312 0.003 0.2525 -1.2316 -0.016 0.2718
30.0 -1.2907 -0.024 0.2741 -1.1994 -0.0679 0.328 -1.1316 -0.0282 0.2942 -1.1312 -0.0055 0.2711 -1.153 0.0135 0.2494 -1.1892 0.0294 0.2296 -1.2083 -0.0324 0.2909 -1.2089 -0.0191 0.2772 -1.217 -0.008 0.265 -1.2311 0.0024 0.2531 -1.2312 -0.0162 0.2721
31.0 -1.2881 -0.0237 0.274 -1.1965 -0.0693 0.3298 -1.128 -0.0289 0.2953 -1.126 -0.0048 0.2709 -1.1486 0.0135 0.2499 -1.1845 0.0276 0.2319 -1.2055 -0.0333 0.2921 -1.2069 -0.02 0.2784 -1.2143 -0.0082 0.2655 -1.2275 0.0022 0.2536 -1.2285 -0.0166 0.2727
32.0 -1.2864 -0.0234 0.274 -1.1956 -0.0698 0.3304 -1.1262 -0.0287 0.2952 -1.1251 -0.0053 0.2715 -1.1476 0.013 0.2505 -1.1836 0.0277 0.2319 -1.2046 -0.0332 0.292 -1.2061 -0.0199 0.2783 -1.2143 -0.0082 0.2655 -1.2267 0.0023 0.2535 -1.2276 -0.0165 0.2727
33.0 -1.287 -0.0247 0.2752 -1.1957 -0.0692 0.3298 -1.1271 -0.0288 0.2953 -1.1242 -0.0052 0.2714 -1.1476 0.013 0.2505 -1.1834 0.0265 0.2331 -1.2046 -0.0332 0.292 -1.2052 -0.0198 0.2783 -1.2134 -0.0081 0.2655 -1.2266 0.0017 0.2542 -1.2274 -0.0168 0.2731
34.0 -1.2862 -0.0246 0.2752 -1.1956 -0.0698 0.3304 -1.1253 -0.0292 0.2958 -1.1241 -0.0058 0.272 -1.1467 0.0125 0.2511 -1.1826 0.0266 0.2331 -1.2037 -0.0336 0.2926 -1.2051 -0.0204 0.2789 -1.2133 -0.0087 0.2661 -1.2257 0.0019 0.2541 -1.2268 -0.0171 0.2734
35.0 -1.2845 -0.0244 0.2751 -1.1955 -0.0704 0.331 -1.126 -0.0299 0.2965 -1.1241 -0.0058 0.272 -1.1457 0.0121 0.2517 -1.1816 0.0261 0.2337 -1.2037 -0.0336 0.2926 -1.2043 -0.0203 0.2789 -1.2125 -0.0086 0.2661 -1.2256 0.0013 0.2547 -1.2261 -0.0171 0.2735
36.0 -1.2852 -0.0251 0.2758 -1.1939 -0.0696 0.3303 -1.1252 -0.0298 0.2964 -1.1224 -0.0056 0.272 -1.1448 0.0122 0.2516 -1.1806 0.0257 0.2343 -1.2036 -0.0342 0.2932 -1.2041 -0.0209 0.2795 -1.2124 -0.0092 0.2667 -1.2256 0.0013 0.2547 -1.2262 -0.0176 0.274
37.0 -1.2852 -0.0251 0.2758 -1.1945 -0.0709 0.3316 -1.1242 -0.0302 0.297 -1.123 -0.0069 0.2733 -1.1456 0.0115 0.2523 -1.1806 0.0257 0.2343 -1.2017 -0.0346 0.2938 -1.2033 -0.0208 0.2795 -1.2115 -0.009 0.2667 -1.2248 0.0014 0.2547 -1.2253 -0.0176 0.2741
38.0 -1.2817 -0.0252 0.2763 -1.1937 -0.0702 0.331 -1.1242 -0.0302 0.297 -1.1229 -0.0075 0.2739 -1.1445 0.0104 0.2535 -1.1781 0.026 0.2342 -1.2017 -0.0346 0.2938 -1.2034 -0.0202 0.2789 -1.2115 -0.009 0.2667 -1.2249 0.002 0.2541 -1.2246 -0.0174 0.2739
39.0 -1.2797 -0.0262 0.2775 -1.1946 -0.0703 0.331 -1.1234 -0.0301 0.297 -1.123 -0.0069 0.2733 -1.1445 0.0104 0.2535 -1.1781 0.026 0.2342 -1.2017 -0.0346 0.2938 -1.2033 -0.0208 0.2795 -1.2115 -0.009 0.2667 -1.2248 0.0014 0.2547 -1.2242 -0.0178 0.2744
40.0 -1.2807 -0.0257 0.2769 -1.1929 -0.0701 0.3309 -1.1225 -0.03 0.297 -1.1212 -0.0072 0.2738 -1.1438 0.0111 0.2528 -1.1781 0.026 0.2342 -1.2 -0.0344 0.2937 -1.2016 -0.0205 0.2794 -1.2106 -0.0089 0.2667 -1.2239 0.0015 0.2547 -1.2234 -0.0176 0.2743
41.0 -1.2807 -0.0257 0.2769 -1.1921 -0.0693 0.3303 -1.1224 -0.0306 0.2976 -1.1212 -0.0072 0.2738 -1.1429 0.0112 0.2528 -1.1772 0.0261 0.2341 -1.2009 -0.0345 0.2938 -1.2024 -0.0207 0.2795 -1.2106 -0.0089 0.2667 -1.223 0.0016 0.2546 -1.2235 -0.0176 0.2743
42.0 -1.2825 -0.0254 0.2763 -1.1912 -0.0698 0.3309 -1.1217 -0.0293 0.2963 -1.1206 -0.0059 0.2725 -1.144 0.0123 0.2516 -1.178 0.0254 0.2348 -1.1993 -0.0337 0.2931 -1.2008 -0.0198 0.2788 -1.2098 -0.0088 0.2666 -1.223 0.0016 0.2546 -1.2231 -0.0172 0.2739
43.0 -1.2809 -0.0245 0.2756 -1.1904 -0.0691 0.3302 -1.1208 -0.0298 0.2969 -1.1197 -0.0058 0.2725 -1.1431 0.0124 0.2516 -1.1781 0.026 0.2342 -1.1984 -0.0335 0.293 -1.2 -0.0197 0.2787 -1.2082 -0.008 0.2659 -1.2214 0.0024 0.254 -1.2218 -0.0167 0.2735
44.0 -1.2818 -0.0246 0.2757 -1.1894 -0.0696 0.3308 -1.12 -0.0291 0.2962 -1.1199 -0.0046 0.2713 -1.1416 0.0138 0.2502 -1.1764 0.0268 0.2335 -1.1985 -0.0329 0.2924 -1.2001 -0.0191 0.2781 -1.2083 -0.0074 0.2653 -1.2215 0.003 0.2533 -1.222 -0.0162 0.273
45.0 -1.2788 -0.0218 0.273 -1.1847 -0.0665 0.3281 -1.1171 -0.0256 0.293 -1.1158 -0.0029 0.2699 -1.1375 0.0156 0.2488 -1.1726 0.0298 0.2308 -1.1961 -0.0314 0.2911 -1.1969 -0.0169 0.2761 -1.2051 -0.0051 0.2633 -1.2184 0.0053 0.2513 -1.2191 -0.014 0.271
46.0 -1.2779 -0.0217 0.273 -1.1857 -0.066 0.3275 -1.1163 -0.0249 0.2924 -1.1158 -0.0029 0.2699 -1.1375 0.0156 0.2488 -1.1727 0.0304 0.2302 -1.1954 -0.0307 0.2904 -1.1969 -0.0169 0.2761 -1.2051 -0.0051 0.2633 -1.2185 0.0059 0.2507 -1.2188 -0.0137 0.2707
47.0 -1.2779 -0.0217 0.273 -1.1847 -0.0665 0.3281 -1.1162 -0.0255 0.293 -1.1151 -0.0021 0.2692 -1.1375 0.0156 0.2488 -1.1727 0.0304 0.2302 -1.1954 -0.0307 0.2904 -1.197 -0.0163 0.2755 -1.2053 -0.0045 0.2627 -1.2185 0.0059 0.2507 -1.2188 -0.0135 0.2705
48.0 -1.278 -0.0211 0.2724 -1.1848 -0.0659 0.3275 -1.1163 -0.0249 0.2924 -1.1152 -0.0015 0.2686 -1.1369 0.0169 0.2476 -1.1726 0.0298 0.2308 -1.1946 -0.03 0.2898 -1.1962 -0.0161 0.2755 -1.2044 -0.0044 0.2627 -1.2168 0.0061 0.2507 -1.218 -0.0131 0.2702
49.0 -1.279 -0.0206 0.2718 -1.1848 -0.0659 0.3275 -1.1165 -0.0243 0.2917 -1.1153 -0.0009 0.268 -1.1369 0.0169 0.2476 -1.1734 0.0297 0.2309 -1.1946 -0.03 0.2898 -1.1962 -0.0161 0.2755 -1.2045 -0.0038 0.262 -1.2169 0.0067 0.25 -1.2182 -0.0128 0.2698
50.0 -1.2808 -0.0202 0.2712 -1.186 -0.0642 0.3257 -1.1173 -0.0244 0.2918 -1.1144 -0.0008 0.2679 -1.1359 0.0164 0.2481 -1.1752 0.0301 0.2303 -1.1957 -0.0289 0.2886 -1.1965 -0.0144 0.2736 -1.2047 -0.0026 0.2608 -1.2187 0.0071 0.2495 -1.2193 -0.0118 0.2687
51.0 -1.2808 -0.0202 0.2712 -1.186 -0.0642 0.3257 -1.1175 -0.0232 0.2905 -1.1155 0.0002 0.2667 -1.137 0.0175 0.2469 -1.1752 0.0301 0.2303 -1.1957 -0.0289 0.2886 -1.1965 -0.0144 0.2736 -1.2046 -0.0032 0.2614 -1.2187 0.0071 0.2495 -1.2193 -0.0119 0.2689
52.0 -1.2799 -0.0201 0.2712 -1.187 -0.0638 0.3251 -1.1184 -0.0234 0.2906 -1.1163 0.0001 0.2668 -1.1379 0.018 0.2464 -1.1762 0.0305 0.2297 -1.1967 -0.0284 0.288 -1.1972 -0.0151 0.2743 -1.2055 -0.0033 0.2615 -1.2186 0.0065 0.2501 -1.2196 -0.0121 0.269
53.0 -1.2826 -0.0199 0.2707 -1.1877 -0.0645 0.3257 -1.1191 -0.0241 0.2912 -1.117 -0.0012 0.268 -1.1386 0.0167 0.2476 -1.1752 0.0301 0.2303 -1.1974 -0.0291 0.2886 -1.199 -0.0153 0.2743 -1.2063 -0.0035 0.2615 -1.2196 0.007 0.2495 -1.221 -0.0122 0.2689
54.0 -1.2817 -0.0204 0.2713 -1.1893 -0.0653 0.3264 -1.1198 -0.0254 0.2925 -1.1177 -0.0019 0.2687 -1.1385 0.0161 0.2482 -1.1741 0.0284 0.2321 -1.1982 -0.0298 0.2893 -1.1989 -0.0159 0.2749 -1.2062 -0.0041 0.2621 -1.2186 0.0065 0.2501 -1.2207 -0.0127 0.2695
55.0 -1.2817 -0.0204 0.2713 -1.1875 -0.0657 0.327 -1.1198 -0.0254 0.2925 -1.1176 -0.0025 0.2693 -1.1384 0.0155 0.2489 -1.1749 0.0283 0.2322 -1.1972 -0.0303 0.2899 -1.1988 -0.0165 0.2756 -1.2061 -0.0047 0.2627 -1.2194 0.0058 0.2508 -1.2206 -0.0132 0.27
56.0 -1.2824 -0.0211 0.2719 -1.1875 -0.0657 0.327 -1.1188 -0.0259 0.2931 -1.1157 -0.0034 0.2705 -1.1373 0.0144 0.2501 -1.1749 0.0283 0.2322 -1.1971 -0.0309 0.2905 -1.1988 -0.0165 0.2756 -1.207 -0.0048 0.2628 -1.2194 0.0058 0.2508 -1.2209 -0.0135 0.2703
57.0 -1.2817 -0.0204 0.2713 -1.1873 -0.0669 0.3282 -1.1188 -0.0259 0.2931 -1.1167 -0.003 0.2699 -1.1383 0.0149 0.2495 -1.174 0.0278 0.2328 -1.1971 -0.0309 0.2905 -1.1988 -0.0165 0.2756 -1.2061 -0.0047 0.2627 -1.2185 0.0059 0.2507 -1.2204 -0.0133 0.2702
58.0 -1.2825 -0.0205 0.2713 -1.1883 -0.0664 0.3276 -1.1188 -0.0259 0.2931 -1.1167 -0.003 0.2699 -1.1382 0.0143 0.2501 -1.173 0.0273 0.2333 -1.1971 -0.0309 0.2905 -1.1979 -0.0164 0.2755 -1.2061 -0.0047 0.2627 -1.2185 0.0059 0.2507 -1.2204 -0.0133 0.2702
59.0 -1.2826 -0.0199 0.2707 -1.1874 -0.0663 0.3276 -1.1196 -0.0266 0.2937 -1.1174 -0.0037 0.2705 -1.1382 0.0143 0.2501 -1.174 0.0278 0.2328 -1.1972 -0.0303 0.2899 -1.1987 -0.0171 0.2762 -1.207 -0.0048 0.2628 -1.2194 0.0058 0.2508 -1.221 -0.0133 0.2701
60.0 -1.2835 -0.02 0.2707 -1.1884 -0.0658 0.327 -1.1187 -0.0265 0.2937 -1.1157 -0.0034 0.2705 -1.1382 0.0143 0.2501 -1.1741 0.0284 0.2321 -1.198 -0.031 0.2905 -1.1987 -0.0171 0.2762 -1.207 -0.0048 0.2628 -1.2194 0.0058 0.2508 -1.2213 -0.0134 0.2702
61.0 -1.2815 -0.0209 0.2719 -1.1894 -0.0647 0.3258 -1.1204 -0.0267 0.2938 -1.1183 -0.0038 0.2706 -1.1389 0.0136 0.2508 -1.1747 0.0271 0.2334 -1.198 -0.031 0.2905 -1.1995 -0.0172 0.2762 -1.2077 -0.0055 0.2634 -1.2202 0.0057 0.2508 -1.2214 -0.0138 0.2706
62.0 -1.2826 -0.0199 0.2707 -1.1886 -0.0646 0.3258 -1.1214 -0.0262 0.2932 -1.1183 -0.0038 0.2706 -1.1399 0.0141 0.2502 -1.1738 0.0266 0.234 -1.1988 -0.0312 0.2906 -1.2012 -0.0174 0.2763 -1.2086 -0.0056 0.2635 -1.221 0.0049 0.2514 -1.2224 -0.0138 0.2705
63.0 -1.2819 -0.0192 0.27 -1.1894 -0.0647 0.3258 -1.1213 -0.0268 0.2938 -1.119 -0.0045 0.2712 -1.1408 0.0139 0.2502 -1.1739 0.0272 0.2334 -1.1989 -0.0306 0.2899 -1.2013 -0.0168 0.2757 -1.2087 -0.005 0.2628 -1.2203 0.0063 0.2502 -1.2222 -0.0131 0.2697
64.0 -1.2807 -0.0208 0.2719 -1.1913 -0.0643 0.3252 -1.1197 -0.026 0.2931 -1.1193 -0.0033 0.27 -1.1415 0.0132 0.2509 -1.1748 0.0277 0.2328 -1.1998 -0.0307 0.29 -1.2022 -0.017 0.2757 -1.2104 -0.0052 0.2629 -1.2229 0.0059 0.2503 -1.2232 -0.0136 0.2701
65.0 -1.281 -0.019 0.27 -1.1922 -0.0639 0.3246 -1.1205 -0.0261 0.2931 -1.1199 -0.0046 0.2713 -1.1424 0.0131 0.2509 -1.1767 0.028 0.2322 -1.2014 -0.0315 0.2907 -1.2031 -0.0171 0.2757 -1.2104 -0.0052 0.2629 -1.2229 0.0059 0.2503 -1.2238 -0.0134 0.2699
66.0 -1.2829 -0.0181 0.2688 -1.192 -0.0651 0.3259 -1.1231 -0.0264 0.2932 -1.1218 -0.0037 0.2701 -1.1434 0.0142 0.2497 -1.1774 0.0273 0.2329 -1.2015 -0.0309 0.29 -1.2031 -0.0171 0.2757 -1.2105 -0.0046 0.2623 -1.2221 0.006 0.2502 -1.224 -0.0129 0.2694
67.0 -1.2836 -0.0194 0.2701 -1.1922 -0.0639 0.3246 -1.1223 -0.0263 0.2932 -1.1217 -0.0043 0.2707 -1.1433 0.0136 0.2503 -1.1783 0.0272 0.2329 -1.2015 -0.0309 0.29 -1.2032 -0.0165 0.2751 -1.2105 -0.0046 0.2623 -1.2229 0.0059 0.2503 -1.2243 -0.0131 0.2696
68.0 -1.2828 -0.0187 0.2695 -1.1923 -0.0633 0.324 -1.1232 -0.0258 0.2926 -1.1227 -0.0038 0.2701 -1.1441 0.0129 0.251 -1.1785 0.0284 0.2317 -1.2016 -0.0303 0.2894 -1.2031 -0.0171 0.2757 -1.2113 -0.0054 0.2629 -1.2238 0.0058 0.2503 -1.2245 -0.0131 0.2696
69.0 -1.2828 -0.0187 0.2695 -1.1922 -0.0639 0.3246 -1.1232 -0.0258 0.2926 -1.1226 -0.0044 0.2707 -1.1443 0.0141 0.2497 -1.1783 0.0272 0.2329 -1.2015 -0.0309 0.29 -1.2031 -0.0171 0.2757 -1.2104 -0.0052 0.2629 -1.2228 0.0053 0.2509 -1.2241 -0.0133 0.2698
70.0 -1.2826 -0.0199 0.2707 -1.1922 -0.0639 0.3246 -1.1231 -0.0264 0.2932 -1.1227 -0.0038 0.2701 -1.1432 0.013 0.2509 -1.1767 0.028 0.2322 -1.2016 -0.0303 0.2894 -1.2032 -0.0165 0.2751 -1.2113 -0.0054 0.2629 -1.2238 0.0058 0.2503 -1.2245 -0.0132 0.2697
71.0 -1.2827 -0.0193 0.2701 -1.1922 -0.0639 0.3246 -1.1231 -0.0264 0.2932 -1.1217 -0.0043 0.2707 -1.1441 0.0129 0.251 -1.1775 0.0279 0.2323 -1.2015 -0.0309 0.29 -1.2039 -0.0172 0.2758 -1.2113 -0.0054 0.2629 -1.2238 0.0058 0.2503 -1.2246 -0.0134 0.2698
72.0 -1.2818 -0.0198 0.2707 -1.1922 -0.0639 0.3246 -1.1223 -0.0263 0.2932 -1.1218 -0.0037 0.2701 -1.1425 0.0137 0.2503 -1.1767 0.028 0.2322 -1.2016 -0.0303 0.2894 -1.204 -0.0166 0.2751 -1.2114 -0.0048 0.2623 -1.2237 0.0052 0.2509 -1.2245 -0.0132 0.2697
73.0 -1.2793 -0.0188 0.2699 -1.1918 -0.0614 0.3221 -1.1231 -0.0264 0.2932 -1.121 -0.0035 0.2701 -1.143 0.0118 0.2522 -1.1756 0.027 0.2334 -1.2016 -0.0303 0.2894 -1.204 -0.0166 0.2751 -1.2122 -0.0049 0.2623 -1.223 0.0065 0.2497 -1.224 -0.0128 0.2693
74.0 -1.2757 -0.0189 0.2704 -1.1912 -0.0595 0.3202 -1.1214 -0.0262 0.2932 -1.1215 -0.0055 0.2719 -1.1427 0.01 0.254 -1.1762 0.0256 0.2347 -1.1989 -0.0306 0.2899 -1.2022 -0.017 0.2757 -1.2104 -0.0052 0.2629 -1.2221 0.006 0.2502 -1.2219 -0.0131 0.2698
75.0 -1.2729 -0.0149 0.2666 -1.1877 -0.0547 0.3157 -1.1212 -0.0274 0.2944 -1.1192 -0.0088 0.2756 -1.1359 0.006 0.2588 -1.172 0.0213 0.2396 -1.198 -0.031 0.2905 -1.1993 -0.0184 0.2775 -1.2058 -0.0064 0.2646 -1.2157 0.005 0.2519 -1.2183 -0.0131 0.2702
76.0 -1.2694 -0.015 0.2671 -1.1857 -0.0508 0.3119 -1.1202 -0.0279 0.295 -1.1181 -0.0099 0.2768 -1.1339 0.0051 0.2599 -1.1684 0.0212 0.24 -1.1962 -0.0308 0.2905 -1.1976 -0.0182 0.2774 -1.2032 -0.0061 0.2645 -1.2139 0.0047 0.2524 -1.2161 -0.0131 0.2704
77.0 -1.2667 -0.0153 0.2676 -1.1816 -0.049 0.3105 -1.116 -0.0267 0.2942 -1.1139 -0.0087 0.276 -1.1324 0.0065 0.2586 -1.1668 0.022 0.2394 -1.1929 -0.0297 0.2897 -1.1924 -0.0175 0.2772 -1.1996 -0.0068 0.2656 -1.2103 0.0039 0.2535 -1.2124 -0.0131 0.2707
78.0 -1.2633 -0.0148 0.2674 -1.176 -0.0458 0.3078 -1.1142 -0.0271 0.2948 -1.1104 -0.0088 0.2765 -1.1299 0.0075 0.2579 -1.1634 0.0225 0.2392 -1.1903 -0.0294 0.2896 -1.1906 -0.0178 0.2777 -1.196 -0.007 0.2661 -1.2076 0.0037 0.254 -1.2096 -0.0131 0.271
79.0 -1.2529 -0.014 0.2677 -1.1665 -0.0451 0.308 -1.1081 -0.0269 0.2952 -1.1016 -0.0089 0.2774 -1.123 0.0078 0.2583 -1.1525 0.0209 0.2419 -1.1823 -0.0301 0.2912 -1.1826 -0.0186 0.2793 -1.1879 -0.0083 0.2683 -1.1986 0.0025 0.2562 -1.2008 -0.0137 0.2725
80.0 -1.2474 -0.0151 0.2693 -1.1614 -0.0438 0.3072 -1.1021 -0.026 0.2949 -1.0952 -0.0098 0.279 -1.1182 0.006 0.2606 -1.1465 0.0217 0.2417 -1.1778 -0.0308 0.2922 -1.1781 -0.0192 0.2804 -1.1826 -0.0082 0.2687 -1.1933 0.0026 0.2566 -1.1958 -0.0141 0.2735
81.0 -1.2393 -0.0159 0.2709 -1.1562 -0.0437 0.3076 -1.0976 -0.0267 0.296 -1.0927 -0.0095 0.2789 -1.1121 0.0062 0.261 -1.1427 0.0198 0.244 -1.1715 -0.0317 0.2939 -1.1727 -0.0197 0.2814 -1.1781 -0.0088 0.2698 -1.1889 0.0026 0.2571 -1.1901 -0.0147 0.2746
82.0 -1.2374 -0.0168 0.2721 -1.15 -0.0435 0.308 -1.0916 -0.0258 0.2958 -1.0867 -0.0081 0.2781 -1.105 0.0059 0.2619 -1.1331 0.0205 0.2443 -1.166 -0.0328 0.2955 -1.1672 -0.0208 0.2831 -1.1727 -0.0093 0.2708 -1.1835 0.0021 0.2581 -1.1854 -0.0155 0.2759
83.0 -1.2288 -0.0157 0.2717 -1.144 -0.0427 0.3078 -1.0864 -0.0251 0.2956 -1.0822 -0.0087 0.2792 -1.0986 0.0044 0.2642 -1.1267 0.0189 0.2465 -1.1615 -0.0334 0.2966 -1.1609 -0.0218 0.2847 -1.1673 -0.0104 0.2725 -1.1773 0.0017 0.2591 -1.1792 -0.0159 0.2769
84.0 -1.2244 -0.0157 0.2722 -1.138 -0.0419 0.3076 -1.081 -0.0256 0.2966 -1.0788 -0.0082 0.279 -1.0952 0.0048 0.2641 -1.1223 0.0189 0.247 -1.1554 -0.0332 0.297 -1.1565 -0.0218 0.2852 -1.1619 -0.0109 0.2735 -1.1727 0.0005 0.2608 -1.1742 -0.0162 0.2777
85.0 -1.2042 -0.0154 0.2739 -1.1078 -0.0384 0.307 -1.0582 -0.0201 0.2932 -1.0598 -0.0014 0.2739 -1.0736 0.0071 0.2638 -1.101 0.0181 0.2499 -1.1285 -0.0308 0.2972 -1.1304 -0.0201 0.286 -1.1374 -0.01 0.2751 -1.149 0.0006 0.263 -1.1499 -0.0151 0.279
86.0 -1.1955 -0.0148 0.2742 -1.1021 -0.0358 0.3049 -1.0524 -0.0181 0.2918 -1.0545 -0.0013 0.2743 -1.0676 0.0079 0.2636 -1.0949 0.0183 0.2503 -1.1232 -0.0307 0.2976 -1.125 -0.0206 0.2871 -1.1322 -0.0099 0.2755 -1.1429 0.0008 0.2634 -1.1438 -0.0151 0.2796
87.0 -1.123 -0.0069 0.2733 -1.0168 -0.0157 0.2929 -0.9939 -0.001 0.2801 -0.9995 0.0214 0.2566 -1.0179 0.0256 0.2504 -1.0386 0.0283 0.2456 -1.0532 -0.0188 0.2924 -1.0577 -0.0084 0.2813 -1.0663 0.0008 0.2711 -1.0783 0.0089 0.2615 -1.0757 -0.0049 0.2759
88.0 -1.117 -0.0061 0.273 -1.0055 -0.0099 0.2881 -0.9889 0.0008 0.2787 -0.9954 0.0226 0.2558 -1.0119 0.0265 0.2502 -1.0315 0.0281 0.2466 -1.0461 -0.0191 0.2934 -1.0513 -0.0094 0.283 -1.0601 0.0004 0.2721 -1.0711 0.0081 0.2631 -1.0691 -0.0052 0.2769
89.0 -1.1125 -0.0067 0.2741 -0.9891 -0.0029 0.2824 -0.983 0.0023 0.2778 -0.9913 0.0243 0.2544 -1.0078 0.0282 0.2488 -1.0272 0.0287 0.2464 -1.0398 -0.0201 0.295 -1.0468 -0.01 0.284 -1.0557 0.0004 0.2725 -1.0658 0.0082 0.2635 -1.0641 -0.0056 0.2778
90.0 -1.1037 -0.0067 0.275 -0.9853 -0.0048 0.2848 -0.9778 0.0029 0.2776 -0.9878 0.0248 0.2543 -1.0062 0.0291 0.2481 -1.0246 0.029 0.2463 -1.0331 -0.018 0.2935 -1.0402 -0.0079 0.2825 -1.0497 0.0012 0.2723 -1.0607 0.0089 0.2633 -1.0575 -0.0045 0.2773
91.0 -1.1003 -0.0062 0.2749 -0.9793 -0.004 0.2845 -0.974 0.0059 0.275 -0.9851 0.0246 0.2548 -1.0024 0.0277 0.2498 -1.0196 0.0303 0.2455 -1.0266 -0.0152 0.2914 -1.0345 -0.0053 0.2804 -1.044 0.0038 0.2702 -1.0555 0.0096 0.2631 -1.0522 -0.0027 0.276
92.0 -1.0944 -0.0048 0.274 -0.9727 -0.0012 0.2824 -0.9717 0.0081 0.273 -0.9843 0.0247 0.2548 -1.0008 0.0286 0.2492 -1.0179 0.0305 0.2454 -1.0229 -0.016 0.2925 -1.0318 -0.0056 0.281 -1.0421 0.0034 0.2707 -1.0539 0.0104 0.2625 -1.049 -0.0025 0.2761
93.0 -1.091 -0.0038 0.2733 -0.9711 -0.0004 0.2817 -0.9668 0.0099 0.2716 -0.9826 0.0249 0.2547 -0.9982 0.0289 0.2491 -1.0128 0.0318 0.2446 -1.0179 -0.0147 0.2917 -1.0258 -0.0047 0.2807 -1.0353 0.0044 0.2705 -1.0462 0.0114 0.2622 -1.0432 -0.0015 0.2757
94.0 -1.0851 -0.0024 0.2724 -0.9656 0.0034 0.2784 -0.9616 0.0106 0.2714 -0.977 0.0281 0.252 -0.993 0.029 0.2495 -1.0094 0.0323 0.2445 -1.0109 -0.0143 0.292 -1.018 -0.0037 0.2804 -1.0276 0.006 0.2696 -1.0387 0.0137 0.2606 -1.0361 -0.0001 0.275
95.0 -1.0751 0.0008 0.2701 -0.9537 0.0105 0.2723 -0.9599 0.0158 0.2663 -0.9762 0.0288 0.2513 -0.9907 0.0311 0.2475 -1.0052 0.0335 0.2437 -1.0043 -0.0116 0.2899 -1.0122 -0.0017 0.279 -1.0216 0.0068 0.2693 -1.0334 0.0138 0.261 -1.0293 0.0016 0.2739
96.0 -1.0671 6.507e-05 0.2717 -0.9489 0.0136 0.2696 -0.9521 0.0168 0.266 -0.9772 0.0293 0.2507 -0.9929 0.0284 0.2501 -1.0026 0.0289 0.2486 -1.0071 -0.0108 0.2887 -1.0135 0.0006 0.2765 -1.0196 0.0101 0.2661 -1.027 0.0177 0.2577 -1.0269 0.0035 0.2722
97.0 -1.0662 0.0002 0.2717 -0.9476 0.0113 0.2721 -0.9468 0.0218 0.2614 -0.9749 0.0314 0.2488 -0.9907 0.0311 0.2475 -1.0034 0.0331 0.2443 -0.9986 -0.009 0.2878 -1.0064 0.0003 0.2775 -1.015 0.0089 0.2678 -1.0259 0.016 0.2595 -1.0224 0.0033 0.2729
98.0 -1.0527 0.0032 0.2699 -0.9399 0.0123 0.2718 -0.9436 0.0234 0.2601 -0.9515 0.0334 0.2491 -0.9748 0.0357 0.2444 -0.9879 0.0401 0.2387 -0.986 -0.0055 0.2854 -0.9938 0.0038 0.2751 -1.0032 0.0123 0.2655 -1.0143 0.02 0.2565 -1.01 0.0068 0.2705
99.0 -1.0463 0.0071 0.2665 -0.9347 0.0228 0.2616 -0.9405 0.0306 0.2531 -0.9645 0.0273 0.254 -0.9723 0.0318 0.2487 -0.9773 0.0452 0.2345 -0.9753 -0.0016 0.2825 -0.9841 0.0088 0.271 -0.9946 0.0184 0.2602 -1.0056 0.0261 0.2512 -1.0012 0.0118 0.2663
100.0 -1.0486 0.005 0.2685 -0.9317 0.0257 0.259 -0.9357 0.0386 0.2454 -0.9751 0.0277 0.2525 -0.9894 0.0289 0.25 -0.988 0.0407 0.238 -0.9689 0.0072 0.2742 -0.9809 0.0154 0.2646 -0.9917 0.0218 0.2569 -1.0033 0.0276 0.2499 -0.9987 0.0154 0.2628
101.0 -1.046 0.0054 0.2684 -0.9315 0.0245 0.2602 -0.9333 0.0401 0.244 -0.9629 0.0434 0.2377 -0.9918 0.0377 0.2407 -0.993 0.0443 0.2339 -0.9684 0.0091 0.2723 -0.9801 0.0161 0.264 -0.9919 0.023 0.2557 -1.0025 0.0283 0.2492 -0.9978 0.0164 0.2619
102.0 -1.0477 0.0051 0.2685 -0.93 0.0259 0.2589 -0.9347 0.043 0.241 -0.9654 0.0474 0.2334 -0.9933 0.0412 0.237 -0.995 0.0458 0.2321 -0.9648 0.0139 0.2677 -0.9792 0.0205 0.2596 -0.9917 0.0267 0.2519 -1.0021 0.0308 0.2467 -0.9971 0.0194 0.2589
103.0 -1.0444 0.0062 0.2677 -0.9282 0.0261 0.2588 -0.9355 0.0423 0.2416 -0.9641 0.05 0.2309 -0.9909 0.0476 0.2307 -0.9949 0.0501 0.2277 -0.9633 0.0153 0.2664 -0.9777 0.0225 0.2576 -0.9911 0.0286 0.25 -1.0007 0.0328 0.2448 -0.9954 0.0211 0.2573
104.0 -1.0412 0.0078 0.2663 -0.9267 0.0276 0.2575 -0.9351 0.0454 0.2385 -0.9642 0.0506 0.2303 -0.9833 0.0492 0.2297 -0.9861 0.0501 0.2286 -0.9606 0.0199 0.262 -0.975 0.0271 0.2532 -0.9874 0.0322 0.2468 -0.9978 0.0363 0.2415 -0.9924 0.0247 0.254
105.0 -1.0411 0.0072 0.267 -0.9257 0.0265 0.2587 -0.9329 0.0426 0.2415 -0.9626 0.0514 0.2296 -0.9792 0.051 0.2283 -0.9868 0.0488 0.2299 -0.9595 0.0189 0.2632 -0.973 0.0256 0.255 -0.9862 0.0305 0.2486 -0.9957 0.0347 0.2433 -0.9911 0.0234 0.2554
106.0 -1.0375 0.0071 0.2674 -0.9261 0.0289 0.2563 -0.9263 0.0453 0.2394 -0.9533 0.0539 0.228 -0.9735 0.0536 0.2262 -0.9856 0.052 0.2267 -0.9597 0.0201 0.2619 -0.9742 0.0273 0.2531 -0.9876 0.0334 0.2455 -0.9963 0.0377 0.2402 -0.991 0.0251 0.2537
107.0 -1.0409 0.0066 0.2676 -0.9356 0.038 0.246 -0.9371 0.0463 0.2373 -0.9511 0.0511 0.231 -0.9645 0.0573 0.2234 -0.9527 0.0503 0.2317 -0.9693 0.0194 0.2617 -0.9741 0.0218 0.2587 -0.977 0.0232 0.257 -0.976 0.0227 0.2576 -0.9875 0.0187 0.2605
108.0 -1.04 0.0062 0.2682 -0.9263 0.035 0.25 -0.9301 0.0467 0.2377 -0.9486 0.0521 0.2303 -0.9636 0.0574 0.2234 -0.97 0.0535 0.2267 -0.964 0.0195 0.2621 -0.9728 0.0244 0.2562 -0.9821 0.0274 0.2522 -0.9868 0.0292 0.2499 -0.9892 0.0213 0.2577
109.0 -1.0408 0.006 0.2682 -0.9294 0.0376 0.247 -0.9328 0.0469 0.2372 -0.9376 0.0542 0.2292 -0.9586 0.0587 0.2225 -0.9681 0.0525 0.2279 -0.9631 0.019 0.2627 -0.9727 0.0238 0.2568 -0.9821 0.0274 0.2522 -0.9887 0.0296 0.2493 -0.9895 0.0212 0.2578
110.0 -1.0367 0.0072 0.2674 -0.92 0.0346 0.251 -0.9262 0.0447 0.24 -0.9403 0.055 0.2281 -0.9667 0.06 0.2204 -0.9837 0.0565 0.2223 -0.9595 0.0189 0.2632 -0.9741 0.0267 0.2537 -0.9875 0.0328 0.2461 -0.9972 0.0382 0.2397 -0.991 0.0247 0.254
111.0 -1.0358 0.0073 0.2674 -0.9188 0.0378 0.2479 -0.9304 0.0436 0.2408 -0.9387 0.0504 0.233 -0.9646 0.0579 0.2228 -0.9758 0.0564 0.2232 -0.9612 0.0186 0.2632 -0.973 0.0256 0.255 -0.9846 0.0314 0.2479 -0.9933 0.0357 0.2426 -0.9896 0.0237 0.2552
112.0 -1.0361 0.0091 0.2655 -0.9224 0.0379 0.2474 -0.9431 0.0504 0.2326 -0.9293 0.062 0.222 -0.9488 0.0631 0.219 -0.9592 0.0574 0.2238 -0.9614 0.0247 0.257 -0.9693 0.0297 0.2511 -0.9787 0.0328 0.2471 -0.9852 0.0349 0.2442 -0.9861 0.0263 0.253
113.0 -1.034 0.007 0.2679 -0.9182 0.0391 0.2466 -0.9253 0.0497 0.235 -0.9251 0.0632 0.2212 -0.9792 0.0608 0.2183 -0.9852 0.06 0.2186 -0.9585 0.0233 0.2588 -0.9706 0.032 0.2486 -0.9839 0.0376 0.2416 -0.9937 0.043 0.2351 -0.9881 0.0286 0.2504
114.0 -1.0336 0.0101 0.2648 -0.9188 0.0427 0.2429 -0.9234 0.0537 0.2312 -0.9303 0.0631 0.2208 -0.9796 0.0583 0.2209 -0.9867 0.0586 0.2199 -0.9558 0.0279 0.2543 -0.9688 0.0365 0.2442 -0.9822 0.0427 0.2366 -0.9937 0.0484 0.2295 -0.9868 0.0331 0.2459
115.0 -1.0294 0.0113 0.264 -0.9171 0.0429 0.2428 -0.9215 0.0582 0.2267 -0.9424 0.0615 0.2213 -0.9819 0.0562 0.2228 -0.9961 0.0567 0.2209 -0.9529 0.0314 0.251 -0.9666 0.0393 0.2416 -0.9825 0.0445 0.2347 -0.9973 0.0486 0.229 -0.9857 0.035 0.2441
116.0 -1.0304 0.0117 0.2634 -0.917 0.0423 0.2434 -0.9205 0.0571 0.2279 -0.9387 0.0608 0.2224 -0.9855 0.0569 0.2217 -0.9986 0.0563 0.221 -0.9519 0.0309 0.2516 -0.9658 0.0394 0.2416 -0.9816 0.0446 0.2347 -0.9965 0.0493 0.2284 -0.9852 0.0352 0.2439
117.0 -1.0288 0.0126 0.2627 -0.9173 0.0441 0.2416 -0.9228 0.0556 0.2293 -0.9609 0.0517 0.2295 -0.9843 0.0546 0.2242 -0.9957 0.0598 0.2177 -0.9527 0.0302 0.2523 -0.9665 0.0387 0.2422 -0.9816 0.0446 0.2347 -0.9966 0.0499 0.2278 -0.9852 0.0352 0.2439
118.0 -1.0258 0.0154 0.2601 -0.9165 0.0442 0.2415 -0.9258 0.0576 0.2269 -0.9745 0.0443 0.2357 -0.9883 0.0474 0.2312 -0.9981 0.0534 0.2241 -0.9507 0.0341 0.2485 -0.9654 0.0425 0.2384 -0.9813 0.0477 0.2315 -0.996 0.0512 0.2265 -0.9838 0.0382 0.241
119.0 -1.0279 0.0176 0.2577 -0.9175 0.0453 0.2403 -0.9246 0.0504 0.2343 -0.9462 0.053 0.2296 -0.9726 0.0531 0.2268 -0.9854 0.0563 0.2223 -0.9565 0.0315 0.2506 -0.9721 0.0404 0.2399 -0.9856 0.0471 0.2317 -0.9961 0.0518 0.2259 -0.9876 0.0377 0.2412
120.0 -1.0268 0.0165 0.2589 -0.9213 0.0466 0.2386 -0.9275 0.0519 0.2326 -0.967 0.0466 0.2341 -0.9876 0.0487 0.2299 -0.999 0.0532 0.2241 -0.9548 0.0323 0.2499 -0.9712 0.0405 0.2399 -0.9863 0.0464 0.2324 -0.9994 0.0507 0.2266 -0.9877 0.0373 0.2415
121.0 -1.027 0.0177 0.2577 -0.9186 0.0464 0.2391 -0.9253 0.0497 0.235 -0.9652 0.0462 0.2347 -0.9866 0.0482 0.2305 -0.9945 0.0526 0.2252 -0.9547 0.0317 0.2505 -0.9703 0.04 0.2405 -0.9846 0.0466 0.2323 -0.9962 0.0524 0.2252 -0.9866 0.0377 0.2412
122.0 -1.0279 0.0176 0.2577 -0.9187 0.047 0.2385 -0.9235 0.0494 0.2355 -0.9469 0.0523 0.2302 -0.9684 0.0543 0.226 -0.9846 0.0564 0.2223 -0.9553 0.0298 0.2524 -0.971 0.0393 0.2411 -0.9854 0.0459 0.2329 -0.9977 0.051 0.2266 -0.9875 0.0367 0.2421
123.0 -1.027 0.0177 0.2577 -0.9203 0.0461 0.2392 -0.9245 0.0499 0.235 -0.9562 0.0499 0.2318 -0.9832 0.0486 0.2304 -0.995 0.0507 0.2271 -0.954 0.0324 0.2498 -0.9695 0.0407 0.2398 -0.9839 0.0473 0.2316 -0.997 0.0523 0.2253 -0.9863 0.0381 0.2409
124.0 -1.0281 0.0188 0.2565 -0.9187 0.047 0.2385 -0.9253 0.0497 0.235 -0.9528 0.0509 0.2311 -0.9759 0.0521 0.2276 -0.9887 0.0546 0.2237 -0.9563 0.0309 0.2512 -0.972 0.0398 0.2405 -0.9864 0.047 0.2317 -0.9979 0.0522 0.2253 -0.9882 0.0377 0.241
125.0 -1.0288 0.0175 0.2577 -0.9193 0.0457 0.2398 -0.9273 0.0507 0.2338 -0.9721 0.0453 0.2349 -0.9866 0.0482 0.2305 -0.9952 0.0519 0.2258 -0.9545 0.0305 0.2517 -0.9719 0.0392 0.2412 -0.9863 0.0464 0.2324 -0.9987 0.0514 0.226 -0.988 0.037 0.2418
126.0 -1.0287 0.0169 0.2584 -0.9197 0.0474 0.2379 -0.9256 0.0509 0.2338 -0.9651 0.0456 0.2353 -0.984 0.0479 0.231 -0.9951 0.0513 0.2265 -0.9555 0.031 0.2511 -0.9719 0.0392 0.2412 -0.9863 0.0464 0.2324 -0.9987 0.0514 0.226 -0.9882 0.037 0.2418
127.0 -1.0297 0.0179 0.2571 -0.9176 0.0459 0.2397 -0.9236 0.05 0.2349 -0.9405 0.0556 0.2275 -0.9578 0.0594 0.2219 -0.9755 0.0601 0.2195 -0.9585 0.0282 0.2538 -0.9734 0.0378 0.2425 -0.9869 0.0445 0.2343 -0.9982 0.0491 0.2285 -0.9893 0.0355 0.2432
128.0 -1.0288 0.0175 0.2577 -0.9187 0.047 0.2385 -0.9256 0.0509 0.2338 -0.9545 0.0507 0.2311 -0.9784 0.0511 0.2283 -0.9888 0.0552 0.2231 -0.9545 0.0305 0.2517 -0.971 0.0393 0.2411 -0.9845 0.046 0.2329 -0.9969 0.0517 0.2259 -0.9872 0.037 0.2419
129.0 -1.0279 0.0176 0.2577 -0.9212 0.046 0.2392 -0.9238 0.0512 0.2337 -0.9655 0.048 0.2328 -0.9843 0.0497 0.2292 -0.9935 0.0521 0.2258 -0.9546 0.0311 0.2511 -0.9702 0.0394 0.2411 -0.9846 0.0466 0.2323 -0.9969 0.0517 0.2259 -0.9868 0.0373 0.2416
130.0 -1.0297 0.0179 0.2571 -0.9195 0.0463 0.2391 -0.9237 0.0506 0.2343 -0.9471 0.0535 0.229 -0.9746 0.0547 0.225 -0.9864 0.0568 0.2217 -0.9578 0.0289 0.2531 -0.9724 0.0373 0.2431 -0.9859 0.044 0.2348 -0.9966 0.0499 0.2278 -0.9885 0.0356 0.2432
131.0 -1.0279 0.0176 0.2577 -0.9195 0.0463 0.2391 -0.9226 0.0489 0.2361 -0.9368 0.0549 0.2286 -0.9661 0.0564 0.2241 -0.9822 0.0579 0.221 -0.9579 0.0295 0.2525 -0.9716 0.0374 0.243 -0.985 0.0435 0.2354 -0.9963 0.0481 0.2296 -0.9877 0.0352 0.2437
132.0 -1.0305 0.0172 0.2578 -0.9204 0.0467 0.2385 -0.9213 0.0515 0.2336 -0.9371 0.0567 0.2267 -0.9629 0.0581 0.2227 -0.9797 0.0589 0.2202 -0.9568 0.0284 0.2537 -0.9715 0.0368 0.2436 -0.985 0.0435 0.2354 -0.9965 0.0493 0.2284 -0.988 0.035 0.2438
133.0 -1.0277 0.0164 0.2589 -0.9184 0.0452 0.2403 -0.9214 0.0521 0.233 -0.9362 0.0562 0.2273 -0.9721 0.0556 0.2243 -0.9883 0.0577 0.2206 -0.9554 0.0304 0.2518 -0.9692 0.0389 0.2417 -0.9835 0.0455 0.2335 -0.996 0.0512 0.2265 -0.9864 0.0365 0.2425
134.0 -1.0278 0.017 0.2583 -0.9174 0.0447 0.2409 -0.9228 0.0501 0.2349 -0.927 0.0593 0.2251 -0.9519 0.0608 0.221 -0.9765 0.0605 0.2189 -0.9578 0.0289 0.2531 -0.9698 0.0376 0.243 -0.9833 0.0444 0.2347 -0.9966 0.0499 0.2278 -0.9871 0.0355 0.2434
135.0 -1.0278 0.017 0.2583 -0.9188 0.0427 0.2429 -0.9209 0.0546 0.2305 -0.9294 0.0626 0.2214 -0.9659 0.0601 0.2203 -0.9841 0.0589 0.2198 -0.9562 0.0303 0.2518 -0.9684 0.0396 0.241 -0.9828 0.0463 0.2328 -0.9968 0.0511 0.2265 -0.9864 0.0368 0.2421
136.0 -1.0314 0.0177 0.2572 -0.9181 0.0434 0.2422 -0.9192 0.05 0.2354 -0.9248 0.0614 0.2231 -0.9574 0.0619 0.2194 -0.9787 0.0633 0.2158 -0.9596 0.0292 0.2526 -0.9727 0.0391 0.2412 -0.9854 0.0459 0.2329 -0.9987 0.0514 0.226 -0.9896 0.0367 0.242
137.0 -1.033 0.0163 0.2585 -0.9169 0.0417 0.244 -0.9157 0.0547 0.2309 -0.9257 0.0619 0.2225 -0.9534 0.0643 0.2173 -0.9777 0.0622 0.217 -0.9606 0.0303 0.2513 -0.9737 0.0395 0.2406 -0.9879 0.0456 0.233 -0.9992 0.0495 0.2279 -0.9909 0.0362 0.2423
138.0 -1.0355 0.0159 0.2586 -0.9175 0.0404 0.2453 -0.9157 0.0547 0.2309 -0.9406 0.0617 0.2212 -0.9557 0.0621 0.2193 -0.9761 0.0582 0.2213 -0.9603 0.0285 0.2532 -0.9758 0.0362 0.2438 -0.99 0.0422 0.2362 -1.0031 0.0466 0.2305 -0.9929 0.0339 0.2445
139.0 -1.0373 0.0157 0.2587 -0.9199 0.0389 0.2466 -0.9184 0.0501 0.2353 -0.9374 0.0634 0.2198 -0.9568 0.0638 0.2175 -0.9762 0.0588 0.2207 -0.9617 0.0265 0.2551 -0.9764 0.0349 0.2451 -0.9908 0.0415 0.2369 -1.003 0.046 0.2311 -0.9938 0.0329 0.2454
140.0 -1.0389 0.0149 0.2594 -0.9197 0.0377 0.2479 -0.9142 0.0512 0.2346 -0.9349 0.0643 0.2191 -0.9567 0.0632 0.2181 -0.9751 0.0577 0.2219 -0.9636 0.0269 0.2546 -0.9775 0.036 0.2439 -0.9927 0.0425 0.2357 -1.0049 0.0469 0.23 -0.9955 0.0334 0.2447
141.0 -1.0391 0.0161 0.2581 -0.9194 0.0359 0.2498 -0.9136 0.0483 0.2377 -0.9237 0.0652 0.2193 -0.9386 0.0699 0.213 -0.9579 0.06 0.2213 -0.9655 0.0229 0.2584 -0.9768 0.0324 0.2476 -0.9879 0.0401 0.2387 -0.9984 0.0448 0.2328 -0.9935 0.0312 0.2471
142.0 -1.039 0.0155 0.2588 -0.9225 0.0336 0.2517 -0.9069 0.0498 0.2368 -0.9234 0.0689 0.2156 -0.9432 0.0663 0.2163 -0.9676 0.0599 0.2204 -0.9623 0.0246 0.257 -0.9754 0.0344 0.2457 -0.989 0.0417 0.2368 -1.0032 0.0472 0.2299 -0.9938 0.0327 0.2456
143.0 -1.0409 0.0164 0.2576 -0.9217 0.0337 0.2517 -0.9071 0.0461 0.2405 -0.9194 0.0658 0.2191 -0.9417 0.0677 0.215 -0.9668 0.0655 0.2147 -0.9614 0.0247 0.257 -0.9737 0.0347 0.2456 -0.9873 0.042 0.2368 -1.0016 0.048 0.2292 -0.993 0.0332 0.2452
144.0 -1.0547 0.0201 0.2525 -0.9474 0.0199 0.2633 -0.9128 0.0282 0.2582 -0.9256 0.046 0.2387 -0.9359 0.0599 0.2235 -0.9609 0.062 0.2189 -0.985 0.0136 0.266 -0.9897 0.0252 0.2537 -0.9969 0.0364 0.2415 -1.0046 0.0451 0.2318 -1.0062 0.0281 0.2491
145.0 -1.0586 0.022 0.2501 -0.9543 0.0141 0.2686 -0.9132 0.0208 0.2657 -0.9174 0.0398 0.2459 -0.938 0.0517 0.2317 -0.9645 0.0573 0.2234 -0.9847 0.0118 0.2679 -0.9885 0.0235 0.2556 -0.9966 0.0346 0.2434 -1.006 0.0431 0.2337 -1.0069 0.027 0.2501
146.0 -1.0597 0.0231 0.2489 -0.9563 0.0107 0.2718 -0.9151 0.0163 0.2702 -0.92 0.0346 0.251 -0.9379 0.0462 0.2374 -0.964 0.0543 0.2265 -0.9836 0.0107 0.2691 -0.9874 0.0224 0.2568 -0.9937 0.0332 0.2451 -1.0031 0.0417 0.2355 -1.0055 0.0262 0.2511
147.0 -1.0615 0.0234 0.2484 -0.9598 0.0103 0.2719 -0.9183 0.0146 0.2716 -0.9217 0.0289 0.2567 -0.9502 0.0311 0.2516 -0.9784 0.0414 0.2383 -0.9928 0.0083 0.2707 -0.994 0.0197 0.2589 -0.9992 0.0294 0.2485 -1.0068 0.0375 0.2394 -1.0109 0.0237 0.2532
148.0 -1.0623 0.0233 0.2484 -0.969 0.0078 0.2735 -0.9216 0.0136 0.2723 -0.9243 0.0236 0.2618 -0.939 0.0271 0.2568 -0.9696 0.0309 0.2498 -0.9929 0.0088 0.2701 -0.9948 0.0196 0.2589 -0.9998 0.0281 0.2497 -1.008 0.0343 0.2426 -1.0116 0.0228 0.2539
149.0 -1.0742 0.0205 0.2501 -0.9879 0.0254 0.2537 -0.9334 0.0205 0.264 -0.9268 0.0178 0.2675 -0.9342 0.0149 0.2697 -0.9598 0.0103 0.2719 -1.0017 0.0187 0.2592 -1.0014 0.0169 0.261 -1.0054 0.0145 0.2631 -1.0118 0.0112 0.2658 -1.0189 0.0163 0.2599
150.0 -1.0821 0.0206 0.2492 -0.9751 0.0021 0.2788 -0.9332 0.009 0.2759 -0.9298 0.0198 0.2651 -0.9462 0.028 0.2552 -0.9745 0.0388 0.2413 -1.0116 0.0051 0.2721 -1.0117 0.0155 0.2614 -1.016 0.0247 0.2516 -1.0244 0.0327 0.2426 -1.0292 0.0197 0.2554
151.0 -1.0908 0.0201 0.2489 -0.9852 -0.0005 0.2804 -0.9399 0.0075 0.2768 -0.9364 0.0177 0.2666 -0.9511 0.0261 0.2566 -0.9758 0.0362 0.2438 -1.0179 0.0055 0.2711 -1.0178 0.0153 0.2611 -1.022 0.0239 0.2519 -1.0296 0.032 0.2428 -1.0356 0.0193 0.2551
152.0 -1.0989 0.0208 0.2473 -0.9976 0.0052 0.2734 -0.9548 0.0122 0.2705 -0.9475 0.0156 0.2677 -0.9582 0.0215 0.2606 -0.9906 0.0305 0.2481 -1.0333 0.0034 0.2717 -1.0339 0.0119 0.2629 -1.0372 0.0206 0.2537 -1.0439 0.0282 0.2452 -1.0494 0.017 0.2562
153.0 -1.1049 0.02 0.2476 -1.0118 -0.0041 0.2814 -0.9635 0.0067 0.2752 -0.9551 0.014 0.2686 -0.966 0.0204 0.2609 -1.0018 0.0345 0.243 -1.0428 0.0021 0.272 -1.0418 0.0114 0.2626 -1.0453 0.0213 0.2521 -1.0531 0.0307 0.2418 -1.0576 0.0171 0.2552
154.0 -1.1927 0.0143 0.2447 -1.1106 -0.0125 0.2803 -1.0519 -0.0064 0.2799 -1.0448 0.0086 0.2652 -1.0613 0.0173 0.2546 -1.0864 0.0249 0.2444 -1.1423 -0.0125 0.2771 -1.1372 -0.0015 0.2663 -1.1365 0.0096 0.255 -1.1402 0.0207 0.2433 -1.1498 0.0061 0.2573
155.0 -1.1976 0.0118 0.2468 -1.1175 -0.0135 0.2805 -1.0612 -0.0083 0.2809 -1.0568 0.0069 0.2657 -1.0763 0.0178 0.2527 -1.0989 0.0263 0.2417 -1.1436 -0.0151 0.2797 -1.1401 -0.0049 0.2695 -1.1421 0.0064 0.2578 -1.1485 0.0178 0.2455 -1.1544 0.0032 0.2599
156.0 -1.2099 0.0119 0.2454 -1.1319 -0.0166 0.2823 -1.0747 -0.0114 0.2826 -1.0697 0.0052 0.2662 -1.0876 0.0168 0.2525 -1.1089 0.028 0.239 -1.1514 -0.0156 0.2794 -1.148 -0.0048 0.2686 -1.1499 0.006 0.2574 -1.1574 0.0184 0.244 -1.1633 0.0032 0.259
157.0 -1.2182 0.009 0.2476 -1.1419 -0.0198 0.2846 -1.0834 -0.0119 0.2823 -1.081 0.0043 0.266 -1.098 0.016 0.2523 -1.1217 0.0257 0.2401 -1.1573 -0.017 0.2802 -1.154 -0.0056 0.2688 -1.157 0.0062 0.2565 -1.1653 0.0186 0.243 -1.1704 0.0022 0.2592
158.0 -1.2306 0.0097 0.2456 -1.1512 -0.0217 0.2856 -1.0955 -0.0135 0.2828 -1.0912 0.0023 0.267 -1.1056 0.0144 0.2532 -1.1308 0.0226 0.2423 -1.1678 -0.0172 0.2794 -1.1645 -0.0064 0.2686 -1.1673 0.0049 0.2569 -1.1739 0.0174 0.2434 -1.1808 0.0017 0.2588
159.0 -1.2419 0.0088 0.2454 -1.1596 -0.024 0.2872 -1.1042 -0.0141 0.2825 -1.0999 0.0017 0.2667 -1.1115 0.0124 0.2547 -1.1326 0.0224 0.2424 -1.1779 -0.0198 0.281 -1.1746 -0.0089 0.2703 -1.1765 0.0018 0.2591 -1.1828 0.0131 0.2468 -1.1907 -0.001 0.2605
160.0 -1.2506 0.0083 0.2451 -1.1699 -0.0254 0.2876 -1.1152 -0.0162 0.2836 -1.1102 0.0003 0.2671 -1.1219 0.0116 0.2545 -1.1445 0.0202 0.2435 -1.1875 -0.0205 0.2807 -1.1849 -0.0103 0.2707 -1.1868 0.0004 0.2595 -1.1941 0.0122 0.2467 -1.2008 -0.002 0.2605
161.0 -1.254 0.0078 0.2452 -1.1788 -0.0248 0.286 -1.1245 -0.0187 0.2852 -1.1203 -0.0022 0.2688 -1.1285 0.0095 0.256 -1.154 0.0195 0.2432 -1.1977 -0.0225 0.2818 -1.1933 -0.0127 0.2722 -1.195 -0.0026 0.2617 -1.2007 0.0095 0.2488 -1.2081 -0.0041 0.2619
162.0 -1.267 0.0067 0.2451 -1.1925 -0.0272 0.2872 -1.1349 -0.0195 0.285 -1.1305 -0.0042 0.2698 -1.1394 0.0062 0.2583 -1.1605 0.0162 0.246 -1.207 -0.0249 0.2834 -1.2018 -0.0145 0.2732 -1.2028 -0.0036 0.262 -1.2076 0.0086 0.2491 -1.2172 -0.0055 0.2625
163.0 -1.2792 0.0056 0.245 -1.2028 -0.0286 0.2876 -1.1467 -0.0223 0.2867 -1.1447 -0.0086 0.2728 -1.151 0.0022 0.2612 -1.1699 0.0149 0.2463 -1.2226 -0.0258 0.2827 -1.2181 -0.0167 0.2738 -1.2174 -0.0056 0.2625 -1.2212 0.0061 0.2502 -1.2317 -0.0073 0.2629
164.0 -1.2878 0.0045 0.2453 -1.211 -0.0322 0.2904 -1.1572 -0.0225 0.2858 -1.1544 -0.0087 0.272 -1.162 -0.0005 0.2629 -1.1796 0.0099 0.2505 -1.2275 -0.0283 0.2848 -1.223 -0.0185 0.2753 -1.2231 -0.0082 0.2646 -1.2268 0.0029 0.2529 -1.2376 -0.0095 0.2646
165.0 -1.2966 0.0045 0.2444 -1.2171 -0.0324 0.29 -1.1663 -0.0213 0.2837 -1.174 -0.007 0.2684 -1.1818 0.0023 0.258 -1.1939 0.011 0.2479 -1.2342 -0.0298 0.2857 -1.2298 -0.0201 0.2761 -1.2307 -0.0098 0.2656 -1.2361 0.0011 0.2539 -1.2455 -0.0108 0.2651
166.0 -1.2983 -0.0006 0.2494 -1.2213 -0.0232 0.2802 -1.1904 -0.019 0.279 -1.1919 -0.0107 0.2703 -1.2018 0.0008 0.2576 -1.2103 0.0094 0.2479 -1.2498 -0.0313 0.2857 -1.2445 -0.0214 0.2761 -1.2436 -0.0116 0.2661 -1.2465 -0.0003 0.2543 -1.2565 -0.0131 0.2663
167.0 -1.3089 -0.0002 0.248 -1.2332 -0.026 0.2819 -1.2081 -0.0184 0.2766 -1.209 -0.0081 0.266 -1.2136 0.0029 0.2543 -1.2224 0.0078 0.2484 -1.2613 -0.031 0.2842 -1.2571 -0.0201 0.2735 -1.2572 -0.0091 0.2622 -1.2599 0.0009 0.2517 -1.2689 -0.0119 0.2639
168.0 -1.323 0.0046 0.2417 -1.2455 -0.0307 0.2855 -1.2205 -0.0182 0.2752 -1.2194 -0.0089 0.2657 -1.2288 0.0045 0.2511 -1.2384 0.0087 0.2459 -1.2697 -0.0285 0.2808 -1.2644 -0.0186 0.2712 -1.2643 -0.0088 0.2612 -1.2687 0.0009 0.2508 -1.278 -0.0101 0.2611
169.0 -1.3262 0.003 0.243 -1.2544 -0.0301 0.284 -1.2287 -0.0163 0.2724 -1.2281 -0.0046 0.2605 -1.2372 0.007 0.2477 -1.2475 0.0105 0.2431 -1.2786 -0.0279 0.2793 -1.2741 -0.0181 0.2697 -1.274 -0.0089 0.2604 -1.2783 0.0009 0.2499 -1.2862 -0.0102 0.2605
170.0 -1.3361 0.0041 0.2409 -1.266 -0.0292 0.2819 -1.2374 -0.0119 0.2671 -1.2393 -0.0012 0.2559 -1.2483 0.0104 0.2431 -1.2586 0.0139 0.2385 -1.2842 -0.0262 0.277 -1.2806 -0.0165 0.2675 -1.2814 -0.0069 0.2575 -1.2857 0.0029 0.2471 -1.2936 -0.0085 0.258
171.0 -1.3364 0.001 0.2441 -1.2634 -0.0289 0.2818 -1.2375 -0.0113 0.2664 -1.2404 0.0005 0.2541 -1.2491 0.0097 0.2438 -1.2585 0.0133 0.2392 -1.2834 -0.0255 0.2763 -1.2808 -0.0153 0.2663 -1.2825 -0.0052 0.2557 -1.2868 0.004 0.2459 -1.294 -0.0082 0.2576
172.0 -1.3368 0.0034 0.2416 -1.2626 -0.0288 0.2818 -1.2375 -0.0113 0.2664 -1.2403 -0.0001 0.2547 -1.2511 0.0113 0.242 -1.2605 0.0143 0.238 -1.2842 -0.0262 0.277 -1.2815 -0.0161 0.2669 -1.2824 -0.0058 0.2563 -1.2867 0.0034 0.2465 -1.2943 -0.0083 0.2577
173.0 -1.3343 0.0037 0.2415 -1.2608 -0.0291 0.2823 -1.2374 -0.0119 0.2671 -1.2393 -0.0012 0.2559 -1.2484 0.011 0.2425 -1.2568 0.0135 0.2391 -1.2823 -0.0265 0.2776 -1.2788 -0.0163 0.2674 -1.2798 -0.006 0.2568 -1.2841 0.0037 0.2464 -1.2919 -0.0083 0.2579
174.0 -1.3207 0.0019 0.2447 -1.2478 -0.0329 0.2875 -1.2233 -0.0168 0.2734 -1.2269 -0.0014 0.2573 -1.2383 0.0081 0.2465 -1.2466 0.0106 0.2431 -1.2695 -0.0297 0.2821 -1.2678 -0.0191 0.2714 -1.2686 -0.0094 0.2614 -1.271 -0.0006 0.2521 -1.2795 -0.0114 0.2623
175.0 -1.3205 0.0007 0.2459 -1.2484 -0.0342 0.2887 -1.2217 -0.0159 0.2727 -1.2269 -0.0014 0.2573 -1.2373 0.0076 0.2471 -1.2458 0.0108 0.243 -1.2685 -0.0302 0.2826 -1.2659 -0.0201 0.2725 -1.2658 -0.0103 0.2626 -1.2691 -0.0016 0.2533 -1.278 -0.0123 0.2634
176.0 -1.3142 -0.0052 0.2526 -1.246 -0.0332 0.288 -1.2216 -0.0165 0.2733 -1.2246 -0.0047 0.261 -1.2328 0.007 0.2482 -1.2431 0.0105 0.2436 -1.263 -0.0313 0.2843 -1.2615 -0.0201 0.273 -1.2632 -0.0099 0.2625 -1.2666 -0.0006 0.2526 -1.2737 -0.0134 0.265
177.0 -1.3153 -0.0041 0.2514 -1.2402 -0.0312 0.2865 -1.2211 -0.0146 0.2714 -1.2252 -0.0011 0.2572 -1.2329 0.0076 0.2475 -1.2405 0.0109 0.2435 -1.2624 -0.03 0.283 -1.2607 -0.0194 0.2723 -1.2625 -0.0092 0.2618 -1.2667 -1.377e-05 0.252 -1.2735 -0.0125 0.2641
178.0 -1.3159 -0.0005 0.2476 -1.2462 -0.0321 0.2868 -1.2193 -0.015 0.272 -1.2251 -0.0017 0.2579 -1.2349 0.0092 0.2457 -1.2423 0.0112 0.2429 -1.2633 -0.0295 0.2824 -1.2608 -0.0188 0.2717 -1.2616 -0.0091 0.2618 -1.265 0.0002 0.2519 -1.2733 -0.0115 0.2631
179.0 -1.3129 -0.0026 0.25 -1.2379 -0.0291 0.2846 -1.2196 -0.0132 0.2701 -1.2246 0.0002 0.256 -1.2332 0.0094 0.2457 -1.2407 0.0121 0.2422 -1.2617 -0.0287 0.2818 -1.2609 -0.0182 0.2711 -1.2618 -0.0079 0.2605 -1.266 0.0007 0.2513 -1.2727 -0.0113 0.2629
180.0 -1.3124 -0.0007 0.2481 -1.2421 -0.0303 0.2854 -1.2188 -0.0125 0.2695 -1.2228 0.0004 0.2559 -1.2326 0.0107 0.2444 -1.2392 0.0135 0.2409 -1.2618 -0.0281 0.2811 -1.2592 -0.0179 0.271 -1.2601 -0.0077 0.2605 -1.2635 0.0016 0.2506 -1.2714 -0.0105 0.2623
181.0 -1.3127 -0.0038 0.2513 -1.2391 -0.0274 0.2827 -1.2198 -0.012 0.2689 -1.2219 -6.44e-05 0.2565 -1.2298 0.0099 0.2455 -1.2375 0.0137 0.2408 -1.2599 -0.029 0.2823 -1.2583 -0.0178 0.271 -1.2601 -0.0077 0.2605 -1.2645 0.0021 0.25 -1.2711 -0.0112 0.263
