1.0 -1.041 0.097 0.1751 -1.0649 0.0682 0.2023 -1.0671 0.0654 0.2049 -1.0262 0.0984 0.1752 -1.0246 0.109 0.1645 -1.0384 0.1127 0.1594 -1.0537 0.0746 0.1969 -1.0561 0.0828 0.1882 -1.056 0.0926 0.1782 -1.056 0.1023 0.1682 -1.0525 0.0899 0.1813
2.0 -1.0563 0.084 0.187 -1.0641 0.0683 0.2023 -1.0337 0.0858 0.1874 -1.021 0.1034 0.1706 -1.0231 0.1105 0.1632 -1.0358 0.113 0.1593 -1.0532 0.0765 0.195 -1.0548 0.0854 0.1857 -1.0561 0.0932 0.1776 -1.059 0.0995 0.1709 -1.0559 0.0877 0.1832
3.0 -1.0646 0.0816 0.1886 -1.0606 0.0687 0.2021 -1.0257 0.0905 0.1833 -1.017 0.1058 0.1686 -1.0208 0.1126 0.1613 -1.0352 0.1143 0.1581 -1.0583 0.0758 0.1952 -1.0583 0.0855 0.1852 -1.0598 0.0939 0.1765 -1.0609 0.1005 0.1697 -1.0604 0.0875 0.183
4.0 -1.0706 0.0753 0.1944 -1.0583 0.0703 0.2008 -1.0228 0.094 0.1801 -1.0189 0.1067 0.1674 -1.0244 0.1127 0.1608 -1.038 0.1152 0.1569 -1.0566 0.076 0.1951 -1.0567 0.0864 0.1845 -1.058 0.0941 0.1764 -1.0608 0.0999 0.1703 -1.0605 0.0863 0.1842
5.0 -1.0606 0.0834 0.1871 -1.0654 0.0657 0.2048 -1.0239 0.0902 0.1839 -1.0174 0.1033 0.1711 -1.0215 0.1113 0.1625 -1.0352 0.1143 0.1581 -1.056 0.0773 0.1938 -1.0559 0.0871 0.1838 -1.0573 0.0948 0.1758 -1.0584 0.1014 0.169 -1.0576 0.0888 0.1819
6.0 -1.0643 0.0798 0.1904 -1.064 0.0677 0.2029 -1.0257 0.0905 0.1833 -1.016 0.1053 0.1692 -1.0215 0.1113 0.1625 -1.0367 0.1129 0.1594 -1.0564 0.0748 0.1964 -1.0581 0.0843 0.1864 -1.0603 0.092 0.1784 -1.0632 0.0983 0.1716 -1.0605 0.0859 0.1846
7.0 -1.0529 0.0899 0.1812 -1.0613 0.0723 0.1984 -1.027 0.0879 0.1859 -1.0184 0.1038 0.1705 -1.0213 0.1101 0.1638 -1.0333 0.1134 0.1592 -1.0579 0.0734 0.1977 -1.0587 0.083 0.1877 -1.0594 0.0921 0.1784 -1.0592 0.1007 0.1696 -1.0576 0.0878 0.1829
8.0 -1.0721 0.0739 0.1957 -1.0575 0.071 0.2001 -1.0226 0.0928 0.1813 -1.0172 0.107 0.1674 -1.0217 0.1125 0.1613 -1.0359 0.1136 0.1587 -1.059 0.0745 0.1965 -1.0597 0.0835 0.1871 -1.0619 0.0912 0.1791 -1.0629 0.0965 0.1735 -1.0631 0.0839 0.1864
9.0 -1.0722 0.0745 0.1951 -1.0586 0.0721 0.1989 -1.0194 0.0945 0.1799 -1.0162 0.1065 0.1679 -1.0217 0.1125 0.1613 -1.0359 0.1136 0.1587 -1.0581 0.0746 0.1964 -1.0599 0.0847 0.1859 -1.0621 0.0924 0.1778 -1.0641 0.0988 0.1711 -1.0633 0.085 0.1853
10.0 -1.0746 0.073 0.1964 -1.0567 0.0717 0.1995 -1.0196 0.0956 0.1787 -1.0156 0.1078 0.1667 -1.0217 0.1125 0.1613 -1.0368 0.1135 0.1588 -1.059 0.0745 0.1965 -1.0608 0.0846 0.1859 -1.063 0.0922 0.1779 -1.0659 0.0986 0.1711 -1.0646 0.0846 0.1856
11.0 -1.0736 0.0725 0.197 -1.0577 0.0722 0.1989 -1.0203 0.0943 0.18 -1.0154 0.1066 0.1679 -1.0217 0.1125 0.1613 -1.0351 0.1137 0.1587 -1.0571 0.0735 0.1976 -1.0588 0.0836 0.1871 -1.062 0.0918 0.1785 -1.0648 0.0975 0.1723 -1.0633 0.0838 0.1865
12.0 -1.0729 0.0738 0.1957 -1.0583 0.0703 0.2008 -1.0225 0.0922 0.1819 -1.0152 0.1054 0.1692 -1.0197 0.1115 0.1625 -1.0348 0.1119 0.1605 -1.0572 0.0741 0.197 -1.0589 0.0842 0.1865 -1.062 0.0918 0.1785 -1.0648 0.0975 0.1723 -1.0632 0.0843 0.186
13.0 -1.0729 0.0738 0.1957 -1.0585 0.0715 0.1996 -1.0212 0.0948 0.1794 -1.0145 0.1067 0.1679 -1.0206 0.1114 0.1625 -1.0342 0.1138 0.1587 -1.058 0.074 0.197 -1.0589 0.0842 0.1865 -1.0604 0.0926 0.1778 -1.0622 0.0978 0.1722 -1.0625 0.0845 0.1859
14.0 -1.0759 0.0703 0.199 -1.0595 0.0725 0.1984 -1.02 0.0931 0.1812 -1.016 0.1053 0.1692 -1.0216 0.1119 0.1619 -1.036 0.1142 0.1581 -1.0604 0.0724 0.1984 -1.0622 0.0826 0.1878 -1.0645 0.0908 0.1792 -1.0664 0.0967 0.173 -1.0659 0.0826 0.1875
15.0 -1.0765 0.069 0.2003 -1.0595 0.0725 0.1984 -1.0195 0.0951 0.1793 -1.0145 0.1067 0.1679 -1.0206 0.1114 0.1625 -1.0349 0.1125 0.1599 -1.062 0.0716 0.1991 -1.0638 0.0817 0.1885 -1.0661 0.09 0.1799 -1.0671 0.0954 0.1743 -1.0671 0.0815 0.1884
16.0 -1.0753 0.0722 0.1971 -1.0585 0.0715 0.1996 -1.0203 0.0943 0.18 -1.0154 0.1066 0.1679 -1.0207 0.112 0.1619 -1.0357 0.1124 0.16 -1.0563 0.0742 0.197 -1.0572 0.0845 0.1864 -1.0612 0.0919 0.1784 -1.0647 0.0969 0.1729 -1.0629 0.0839 0.1864
17.0 -1.0719 0.0727 0.197 -1.0559 0.0718 0.1995 -1.0216 0.0917 0.1825 -1.0159 0.1047 0.1698 -1.0213 0.1101 0.1638 -1.0349 0.1125 0.1599 -1.0613 0.0723 0.1984 -1.0613 0.0827 0.1878 -1.0619 0.0912 0.1791 -1.0621 0.0972 0.1728 -1.0637 0.0832 0.187
18.0 -1.0784 0.07 0.1991 -1.0586 0.0721 0.1989 -1.021 0.0936 0.1806 -1.0154 0.1066 0.1679 -1.0206 0.1114 0.1625 -1.0348 0.1119 0.1605 -1.0594 0.0719 0.199 -1.0613 0.0827 0.1878 -1.0645 0.0908 0.1792 -1.0664 0.0967 0.173 -1.066 0.0824 0.1876
19.0 -1.0741 0.0706 0.1989 -1.0586 0.0721 0.1989 -1.0232 0.0909 0.1832 -1.015 0.1048 0.1698 -1.0203 0.1096 0.1644 -1.0338 0.1114 0.1611 -1.0613 0.0723 0.1984 -1.0614 0.0833 0.1872 -1.0628 0.091 0.1791 -1.0638 0.097 0.1729 -1.0647 0.0828 0.1873
20.0 -1.0774 0.0689 0.2003 -1.0576 0.0716 0.1995 -1.0201 0.0937 0.1806 -1.0153 0.106 0.1685 -1.0215 0.1113 0.1625 -1.0357 0.1124 0.16 -1.0602 0.0712 0.1996 -1.062 0.0814 0.1891 -1.0643 0.0896 0.1804 -1.0662 0.0955 0.1743 -1.066 0.0813 0.1887
21.0 -1.0763 0.0727 0.1965 -1.0603 0.0718 0.199 -1.021 0.0936 0.1806 -1.0153 0.106 0.1685 -1.0206 0.1114 0.1625 -1.0349 0.1125 0.1599 -1.0596 0.0731 0.1977 -1.0606 0.0834 0.1871 -1.0628 0.091 0.1791 -1.0655 0.0968 0.173 -1.065 0.0834 0.1867
22.0 -1.0783 0.0694 0.1997 -1.0587 0.0727 0.1983 -1.0187 0.0958 0.1787 -1.0162 0.1065 0.1679 -1.0216 0.1119 0.1619 -1.0358 0.113 0.1593 -1.0595 0.0725 0.1984 -1.0622 0.0826 0.1878 -1.0645 0.0908 0.1792 -1.0672 0.0959 0.1737 -1.0663 0.0823 0.1877
23.0 -1.0768 0.0708 0.1984 -1.0595 0.0725 0.1984 -1.0201 0.0937 0.1806 -1.0155 0.1072 0.1673 -1.0208 0.1126 0.1613 -1.0351 0.1137 0.1587 -1.0578 0.0728 0.1983 -1.0596 0.0829 0.1877 -1.0619 0.0912 0.1791 -1.0647 0.0969 0.1729 -1.0642 0.0829 0.1873
24.0 -1.0773 0.0683 0.2009 -1.0603 0.0718 0.199 -1.0201 0.0937 0.1806 -1.0163 0.1071 0.1673 -1.0225 0.1124 0.1613 -1.0365 0.1117 0.1606 -1.0562 0.0736 0.1976 -1.0579 0.0832 0.1877 -1.0618 0.0906 0.1797 -1.0652 0.095 0.1748 -1.0637 0.0821 0.1881
25.0 -1.0759 0.0703 0.199 -1.0578 0.0728 0.1983 -1.0196 0.0956 0.1787 -1.0164 0.1077 0.1667 -1.0225 0.1124 0.1613 -1.0376 0.1128 0.1594 -1.0579 0.0734 0.1977 -1.0597 0.0835 0.1871 -1.0628 0.091 0.1791 -1.0655 0.0968 0.173 -1.0644 0.083 0.1872
26.0 -1.0734 0.0713 0.1983 -1.057 0.0729 0.1983 -1.0212 0.0948 0.1794 -1.0163 0.1071 0.1673 -1.0225 0.1124 0.1613 -1.0351 0.1137 0.1587 -1.0554 0.0743 0.1969 -1.0546 0.0848 0.1863 -1.0569 0.0925 0.1783 -1.0605 0.0981 0.1722 -1.0602 0.0842 0.1864
27.0 -1.075 0.0705 0.199 -1.059 0.0696 0.2015 -1.0206 0.0961 0.1781 -1.0148 0.1085 0.166 -1.0218 0.1131 0.1607 -1.0334 0.1139 0.1586 -1.0564 0.0748 0.1964 -1.0572 0.0845 0.1864 -1.0603 0.092 0.1784 -1.0631 0.0977 0.1723 -1.0624 0.0839 0.1865
28.0 -1.0735 0.0719 0.1976 -1.0593 0.0714 0.1996 -1.0188 0.0964 0.178 -1.0137 0.1074 0.1672 -1.0191 0.1128 0.1612 -1.03 0.115 0.1579 -1.0545 0.0738 0.1975 -1.0546 0.0848 0.1863 -1.057 0.093 0.1776 -1.0589 0.0989 0.1715 -1.0597 0.0845 0.1861
29.0 -1.0738 0.0688 0.2008 -1.0294 0.0815 0.1922 -1.0112 0.098 0.1771 -1.0114 0.109 0.1659 -1.0216 0.1119 0.1619 -1.0348 0.1119 0.1605 -1.0428 0.0773 0.1952 -1.0486 0.0856 0.1861 -1.0567 0.0913 0.1795 -1.0645 0.0957 0.1742 -1.0573 0.0837 0.1871
30.0 -1.0738 0.0688 0.2008 -1.0235 0.0878 0.1863 -1.0106 0.0944 0.1808 -1.0051 0.108 0.1675 -1.0109 0.1115 0.1634 -1.0225 0.1124 0.1613 -1.0423 0.0749 0.1977 -1.0456 0.0836 0.1884 -1.0504 0.0909 0.1805 -1.0558 0.0963 0.1745 -1.0536 0.0829 0.1884
31.0 -1.0785 0.0651 0.2041 -0.9993 0.0904 0.186 -0.9963 0.0982 0.1784 -0.9984 0.1052 0.171 -1.0067 0.1072 0.1682 -1.0216 0.107 0.1669 -1.0312 0.0764 0.1973 -1.0377 0.0834 0.1894 -1.0456 0.0885 0.1834 -1.0549 0.0915 0.1794 -1.0496 0.081 0.1907
31.0 -1.0785 0.0651 0.2041 -0.9993 0.0904 0.186 -0.9963 0.0982 0.1784 -0.9984 0.1052 0.171 -1.0067 0.1072 0.1682 -1.0216 0.107 0.1669 -1.0312 0.0764 0.1973 -1.0377 0.0834 0.1894 -1.0456 0.0885 0.1834 -1.0549 0.0915 0.1794 -1.0496 0.081 0.1907
33.0 -1.08 0.0741 0.1948 -1.0015 0.0779 0.1986 -0.9814 0.0886 0.1897 -0.9751 0.098 0.1807 -0.9781 0.1 0.1783 -0.9892 0.0979 0.1794 -1.0289 0.0736 0.2003 -1.027 0.0824 0.1915 -1.027 0.0879 0.1859 -1.0309 0.0898 0.1835 -1.0388 0.0816 0.1912
34.0 -1.0428 0.0724 0.2002 -0.9592 0.0971 0.1832 -0.9691 0.0988 0.1805 -0.9682 0.0934 0.1861 -0.9738 0.0853 0.1938 -0.9811 0.0715 0.2072 -1.0009 0.0896 0.1867 -1.005 0.0824 0.1937 -1.0095 0.0732 0.2027 -1.0147 0.0627 0.2129 -1.0146 0.076 0.1992
34.0 -1.0428 0.0724 0.2002 -0.9592 0.0971 0.1832 -0.9691 0.0988 0.1805 -0.9682 0.0934 0.1861 -0.9738 0.0853 0.1938 -0.9811 0.0715 0.2072 -1.0009 0.0896 0.1867 -1.005 0.0824 0.1937 -1.0095 0.0732 0.2027 -1.0147 0.0627 0.2129 -1.0146 0.076 0.1992
36.0 -1.0452 0.0708 0.2015 -0.9472 0.084 0.1977 -0.9336 0.092 0.191 -0.9305 0.0893 0.194 -0.9402 0.0795 0.2031 -0.9625 0.0661 0.2146 -0.9842 0.0797 0.1986 -0.9879 0.0755 0.2024 -0.9961 0.0671 0.2103 -1.0066 0.0565 0.22 -1.004 0.0699 0.2066
37.0 -1.0136 0.0714 0.2041 -0.9228 0.0855 0.1987 -0.9204 0.0816 0.203 -0.9202 0.0804 0.2042 -0.9298 0.0754 0.2083 -0.9491 0.0649 0.2172 -0.9597 0.075 0.2057 -0.9651 0.0706 0.2097 -0.9737 0.0646 0.215 -0.9848 0.0576 0.2211 -0.9794 0.0679 0.2111
37.0 -1.0136 0.0714 0.2041 -0.9228 0.0855 0.1987 -0.9204 0.0816 0.203 -0.9202 0.0804 0.2042 -0.9298 0.0754 0.2083 -0.9491 0.0649 0.2172 -0.9597 0.075 0.2057 -0.9651 0.0706 0.2097 -0.9737 0.0646 0.215 -0.9848 0.0576 0.2211 -0.9794 0.0679 0.2111
39.0 -0.9785 0.067 0.2121 -0.8754 0.0809 0.2081 -0.8793 0.0731 0.2157 -0.8838 0.0688 0.2196 -0.894 0.0619 0.2257 -0.9069 0.0547 0.2318 -0.9243 0.0737 0.2106 -0.9316 0.0654 0.2184 -0.9388 0.0565 0.2268 -0.9477 0.0467 0.2359 -0.9442 0.0619 0.2207
40.0 -0.929 0.0554 0.2289 -0.8311 0.0692 0.2245 -0.8095 0.0715 0.2243 -0.8158 0.067 0.2282 -0.8263 0.0619 0.2324 -0.8371 0.0531 0.2403 -0.8643 0.0678 0.2226 -0.8658 0.0614 0.2289 -0.8688 0.0531 0.2372 -0.8741 0.0432 0.2467 -0.8804 0.0562 0.2329
40.0 -0.929 0.0554 0.2289 -0.8311 0.0692 0.2245 -0.8095 0.0715 0.2243 -0.8158 0.067 0.2282 -0.8263 0.0619 0.2324 -0.8371 0.0531 0.2403 -0.8643 0.0678 0.2226 -0.8658 0.0614 0.2289 -0.8688 0.0531 0.2372 -0.8741 0.0432 0.2467 -0.8804 0.0562 0.2329
40.0 -0.929 0.0554 0.2289 -0.8311 0.0692 0.2245 -0.8095 0.0715 0.2243 -0.8158 0.067 0.2282 -0.8263 0.0619 0.2324 -0.8371 0.0531 0.2403 -0.8643 0.0678 0.2226 -0.8658 0.0614 0.2289 -0.8688 0.0531 0.2372 -0.8741 0.0432 0.2467 -0.8804 0.0562 0.2329
40.0 -0.929 0.0554 0.2289 -0.8311 0.0692 0.2245 -0.8095 0.0715 0.2243 -0.8158 0.067 0.2282 -0.8263 0.0619 0.2324 -0.8371 0.0531 0.2403 -0.8643 0.0678 0.2226 -0.8658 0.0614 0.2289 -0.8688 0.0531 0.2372 -0.8741 0.0432 0.2467 -0.8804 0.0562 0.2329
40.0 -0.929 0.0554 0.2289 -0.8311 0.0692 0.2245 -0.8095 0.0715 0.2243 -0.8158 0.067 0.2282 -0.8263 0.0619 0.2324 -0.8371 0.0531 0.2403 -0.8643 0.0678 0.2226 -0.8658 0.0614 0.2289 -0.8688 0.0531 0.2372 -0.8741 0.0432 0.2467 -0.8804 0.0562 0.2329
40.0 -0.929 0.0554 0.2289 -0.8311 0.0692 0.2245 -0.8095 0.0715 0.2243 -0.8158 0.067 0.2282 -0.8263 0.0619 0.2324 -0.8371 0.0531 0.2403 -0.8643 0.0678 0.2226 -0.8658 0.0614 0.2289 -0.8688 0.0531 0.2372 -0.8741 0.0432 0.2467 -0.8804 0.0562 0.2329
40.0 -0.929 0.0554 0.2289 -0.8311 0.0692 0.2245 -0.8095 0.0715 0.2243 -0.8158 0.067 0.2282 -0.8263 0.0619 0.2324 -0.8371 0.0531 0.2403 -0.8643 0.0678 0.2226 -0.8658 0.0614 0.2289 -0.8688 0.0531 0.2372 -0.8741 0.0432 0.2467 -0.8804 0.0562 0.2329
40.0 -0.929 0.0554 0.2289 -0.8311 0.0692 0.2245 -0.8095 0.0715 0.2243 -0.8158 0.067 0.2282 -0.8263 0.0619 0.2324 -0.8371 0.0531 0.2403 -0.8643 0.0678 0.2226 -0.8658 0.0614 0.2289 -0.8688 0.0531 0.2372 -0.8741 0.0432 0.2467 -0.8804 0.0562 0.2329
40.0 -0.929 0.0554 0.2289 -0.8311 0.0692 0.2245 -0.8095 0.0715 0.2243 -0.8158 0.067 0.2282 -0.8263 0.0619 0.2324 -0.8371 0.0531 0.2403 -0.8643 0.0678 0.2226 -0.8658 0.0614 0.2289 -0.8688 0.0531 0.2372 -0.8741 0.0432 0.2467 -0.8804 0.0562 0.2329
40.0 -0.929 0.0554 0.2289 -0.8311 0.0692 0.2245 -0.8095 0.0715 0.2243 -0.8158 0.067 0.2282 -0.8263 0.0619 0.2324 -0.8371 0.0531 0.2403 -0.8643 0.0678 0.2226 -0.8658 0.0614 0.2289 -0.8688 0.0531 0.2372 -0.8741 0.0432 0.2467 -0.8804 0.0562 0.2329
40.0 -0.929 0.0554 0.2289 -0.8311 0.0692 0.2245 -0.8095 0.0715 0.2243 -0.8158 0.067 0.2282 -0.8263 0.0619 0.2324 -0.8371 0.0531 0.2403 -0.8643 0.0678 0.2226 -0.8658 0.0614 0.2289 -0.8688 0.0531 0.2372 -0.8741 0.0432 0.2467 -0.8804 0.0562 0.2329
40.0 -0.929 0.0554 0.2289 -0.8311 0.0692 0.2245 -0.8095 0.0715 0.2243 -0.8158 0.067 0.2282 -0.8263 0.0619 0.2324 -0.8371 0.0531 0.2403 -0.8643 0.0678 0.2226 -0.8658 0.0614 0.2289 -0.8688 0.0531 0.2372 -0.8741 0.0432 0.2467 -0.8804 0.0562 0.2329
40.0 -0.929 0.0554 0.2289 -0.8311 0.0692 0.2245 -0.8095 0.0715 0.2243 -0.8158 0.067 0.2282 -0.8263 0.0619 0.2324 -0.8371 0.0531 0.2403 -0.8643 0.0678 0.2226 -0.8658 0.0614 0.2289 -0.8688 0.0531 0.2372 -0.8741 0.0432 0.2467 -0.8804 0.0562 0.2329
40.0 -0.929 0.0554 0.2289 -0.8311 0.0692 0.2245 -0.8095 0.0715 0.2243 -0.8158 0.067 0.2282 -0.8263 0.0619 0.2324 -0.8371 0.0531 0.2403 -0.8643 0.0678 0.2226 -0.8658 0.0614 0.2289 -0.8688 0.0531 0.2372 -0.8741 0.0432 0.2467 -0.8804 0.0562 0.2329
40.0 -0.929 0.0554 0.2289 -0.8311 0.0692 0.2245 -0.8095 0.0715 0.2243 -0.8158 0.067 0.2282 -0.8263 0.0619 0.2324 -0.8371 0.0531 0.2403 -0.8643 0.0678 0.2226 -0.8658 0.0614 0.2289 -0.8688 0.0531 0.2372 -0.8741 0.0432 0.2467 -0.8804 0.0562 0.2329
40.0 -0.929 0.0554 0.2289 -0.8311 0.0692 0.2245 -0.8095 0.0715 0.2243 -0.8158 0.067 0.2282 -0.8263 0.0619 0.2324 -0.8371 0.0531 0.2403 -0.8643 0.0678 0.2226 -0.8658 0.0614 0.2289 -0.8688 0.0531 0.2372 -0.8741 0.0432 0.2467 -0.8804 0.0562 0.2329
40.0 -0.929 0.0554 0.2289 -0.8311 0.0692 0.2245 -0.8095 0.0715 0.2243 -0.8158 0.067 0.2282 -0.8263 0.0619 0.2324 -0.8371 0.0531 0.2403 -0.8643 0.0678 0.2226 -0.8658 0.0614 0.2289 -0.8688 0.0531 0.2372 -0.8741 0.0432 0.2467 -0.8804 0.0562 0.2329
40.0 -0.929 0.0554 0.2289 -0.8311 0.0692 0.2245 -0.8095 0.0715 0.2243 -0.8158 0.067 0.2282 -0.8263 0.0619 0.2324 -0.8371 0.0531 0.2403 -0.8643 0.0678 0.2226 -0.8658 0.0614 0.2289 -0.8688 0.0531 0.2372 -0.8741 0.0432 0.2467 -0.8804 0.0562 0.2329
40.0 -0.929 0.0554 0.2289 -0.8311 0.0692 0.2245 -0.8095 0.0715 0.2243 -0.8158 0.067 0.2282 -0.8263 0.0619 0.2324 -0.8371 0.0531 0.2403 -0.8643 0.0678 0.2226 -0.8658 0.0614 0.2289 -0.8688 0.0531 0.2372 -0.8741 0.0432 0.2467 -0.8804 0.0562 0.2329
40.0 -0.929 0.0554 0.2289 -0.8311 0.0692 0.2245 -0.8095 0.0715 0.2243 -0.8158 0.067 0.2282 -0.8263 0.0619 0.2324 -0.8371 0.0531 0.2403 -0.8643 0.0678 0.2226 -0.8658 0.0614 0.2289 -0.8688 0.0531 0.2372 -0.8741 0.0432 0.2467 -0.8804 0.0562 0.2329
40.0 -0.929 0.0554 0.2289 -0.8311 0.0692 0.2245 -0.8095 0.0715 0.2243 -0.8158 0.067 0.2282 -0.8263 0.0619 0.2324 -0.8371 0.0531 0.2403 -0.8643 0.0678 0.2226 -0.8658 0.0614 0.2289 -0.8688 0.0531 0.2372 -0.8741 0.0432 0.2467 -0.8804 0.0562 0.2329
40.0 -0.929 0.0554 0.2289 -0.8311 0.0692 0.2245 -0.8095 0.0715 0.2243 -0.8158 0.067 0.2282 -0.8263 0.0619 0.2324 -0.8371 0.0531 0.2403 -0.8643 0.0678 0.2226 -0.8658 0.0614 0.2289 -0.8688 0.0531 0.2372 -0.8741 0.0432 0.2467 -0.8804 0.0562 0.2329
40.0 -0.929 0.0554 0.2289 -0.8311 0.0692 0.2245 -0.8095 0.0715 0.2243 -0.8158 0.067 0.2282 -0.8263 0.0619 0.2324 -0.8371 0.0531 0.2403 -0.8643 0.0678 0.2226 -0.8658 0.0614 0.2289 -0.8688 0.0531 0.2372 -0.8741 0.0432 0.2467 -0.8804 0.0562 0.2329
40.0 -0.929 0.0554 0.2289 -0.8311 0.0692 0.2245 -0.8095 0.0715 0.2243 -0.8158 0.067 0.2282 -0.8263 0.0619 0.2324 -0.8371 0.0531 0.2403 -0.8643 0.0678 0.2226 -0.8658 0.0614 0.2289 -0.8688 0.0531 0.2372 -0.8741 0.0432 0.2467 -0.8804 0.0562 0.2329
40.0 -0.929 0.0554 0.2289 -0.8311 0.0692 0.2245 -0.8095 0.0715 0.2243 -0.8158 0.067 0.2282 -0.8263 0.0619 0.2324 -0.8371 0.0531 0.2403 -0.8643 0.0678 0.2226 -0.8658 0.0614 0.2289 -0.8688 0.0531 0.2372 -0.8741 0.0432 0.2467 -0.8804 0.0562 0.2329
40.0 -0.929 0.0554 0.2289 -0.8311 0.0692 0.2245 -0.8095 0.0715 0.2243 -0.8158 0.067 0.2282 -0.8263 0.0619 0.2324 -0.8371 0.0531 0.2403 -0.8643 0.0678 0.2226 -0.8658 0.0614 0.2289 -0.8688 0.0531 0.2372 -0.8741 0.0432 0.2467 -0.8804 0.0562 0.2329
40.0 -0.929 0.0554 0.2289 -0.8311 0.0692 0.2245 -0.8095 0.0715 0.2243 -0.8158 0.067 0.2282 -0.8263 0.0619 0.2324 -0.8371 0.0531 0.2403 -0.8643 0.0678 0.2226 -0.8658 0.0614 0.2289 -0.8688 0.0531 0.2372 -0.8741 0.0432 0.2467 -0.8804 0.0562 0.2329
40.0 -0.929 0.0554 0.2289 -0.8311 0.0692 0.2245 -0.8095 0.0715 0.2243 -0.8158 0.067 0.2282 -0.8263 0.0619 0.2324 -0.8371 0.0531 0.2403 -0.8643 0.0678 0.2226 -0.8658 0.0614 0.2289 -0.8688 0.0531 0.2372 -0.8741 0.0432 0.2467 -0.8804 0.0562 0.2329
40.0 -0.929 0.0554 0.2289 -0.8311 0.0692 0.2245 -0.8095 0.0715 0.2243 -0.8158 0.067 0.2282 -0.8263 0.0619 0.2324 -0.8371 0.0531 0.2403 -0.8643 0.0678 0.2226 -0.8658 0.0614 0.2289 -0.8688 0.0531 0.2372 -0.8741 0.0432 0.2467 -0.8804 0.0562 0.2329
40.0 -0.929 0.0554 0.2289 -0.8311 0.0692 0.2245 -0.8095 0.0715 0.2243 -0.8158 0.067 0.2282 -0.8263 0.0619 0.2324 -0.8371 0.0531 0.2403 -0.8643 0.0678 0.2226 -0.8658 0.0614 0.2289 -0.8688 0.0531 0.2372 -0.8741 0.0432 0.2467 -0.8804 0.0562 0.2329
40.0 -0.929 0.0554 0.2289 -0.8311 0.0692 0.2245 -0.8095 0.0715 0.2243 -0.8158 0.067 0.2282 -0.8263 0.0619 0.2324 -0.8371 0.0531 0.2403 -0.8643 0.0678 0.2226 -0.8658 0.0614 0.2289 -0.8688 0.0531 0.2372 -0.8741 0.0432 0.2467 -0.8804 0.0562 0.2329
40.0 -0.929 0.0554 0.2289 -0.8311 0.0692 0.2245 -0.8095 0.0715 0.2243 -0.8158 0.067 0.2282 -0.8263 0.0619 0.2324 -0.8371 0.0531 0.2403 -0.8643 0.0678 0.2226 -0.8658 0.0614 0.2289 -0.8688 0.0531 0.2372 -0.8741 0.0432 0.2467 -0.8804 0.0562 0.2329
40.0 -0.929 0.0554 0.2289 -0.8311 0.0692 0.2245 -0.8095 0.0715 0.2243 -0.8158 0.067 0.2282 -0.8263 0.0619 0.2324 -0.8371 0.0531 0.2403 -0.8643 0.0678 0.2226 -0.8658 0.0614 0.2289 -0.8688 0.0531 0.2372 -0.8741 0.0432 0.2467 -0.8804 0.0562 0.2329
40.0 -0.929 0.0554 0.2289 -0.8311 0.0692 0.2245 -0.8095 0.0715 0.2243 -0.8158 0.067 0.2282 -0.8263 0.0619 0.2324 -0.8371 0.0531 0.2403 -0.8643 0.0678 0.2226 -0.8658 0.0614 0.2289 -0.8688 0.0531 0.2372 -0.8741 0.0432 0.2467 -0.8804 0.0562 0.2329
40.0 -0.929 0.0554 0.2289 -0.8311 0.0692 0.2245 -0.8095 0.0715 0.2243 -0.8158 0.067 0.2282 -0.8263 0.0619 0.2324 -0.8371 0.0531 0.2403 -0.8643 0.0678 0.2226 -0.8658 0.0614 0.2289 -0.8688 0.0531 0.2372 -0.8741 0.0432 0.2467 -0.8804 0.0562 0.2329
40.0 -0.929 0.0554 0.2289 -0.8311 0.0692 0.2245 -0.8095 0.0715 0.2243 -0.8158 0.067 0.2282 -0.8263 0.0619 0.2324 -0.8371 0.0531 0.2403 -0.8643 0.0678 0.2226 -0.8658 0.0614 0.2289 -0.8688 0.0531 0.2372 -0.8741 0.0432 0.2467 -0.8804 0.0562 0.2329
40.0 -0.929 0.0554 0.2289 -0.8311 0.0692 0.2245 -0.8095 0.0715 0.2243 -0.8158 0.067 0.2282 -0.8263 0.0619 0.2324 -0.8371 0.0531 0.2403 -0.8643 0.0678 0.2226 -0.8658 0.0614 0.2289 -0.8688 0.0531 0.2372 -0.8741 0.0432 0.2467 -0.8804 0.0562 0.2329
40.0 -0.929 0.0554 0.2289 -0.8311 0.0692 0.2245 -0.8095 0.0715 0.2243 -0.8158 0.067 0.2282 -0.8263 0.0619 0.2324 -0.8371 0.0531 0.2403 -0.8643 0.0678 0.2226 -0.8658 0.0614 0.2289 -0.8688 0.0531 0.2372 -0.8741 0.0432 0.2467 -0.8804 0.0562 0.2329
40.0 -0.929 0.0554 0.2289 -0.8311 0.0692 0.2245 -0.8095 0.0715 0.2243 -0.8158 0.067 0.2282 -0.8263 0.0619 0.2324 -0.8371 0.0531 0.2403 -0.8643 0.0678 0.2226 -0.8658 0.0614 0.2289 -0.8688 0.0531 0.2372 -0.8741 0.0432 0.2467 -0.8804 0.0562 0.2329
40.0 -0.929 0.0554 0.2289 -0.8311 0.0692 0.2245 -0.8095 0.0715 0.2243 -0.8158 0.067 0.2282 -0.8263 0.0619 0.2324 -0.8371 0.0531 0.2403 -0.8643 0.0678 0.2226 -0.8658 0.0614 0.2289 -0.8688 0.0531 0.2372 -0.8741 0.0432 0.2467 -0.8804 0.0562 0.2329
40.0 -0.929 0.0554 0.2289 -0.8311 0.0692 0.2245 -0.8095 0.0715 0.2243 -0.8158 0.067 0.2282 -0.8263 0.0619 0.2324 -0.8371 0.0531 0.2403 -0.8643 0.0678 0.2226 -0.8658 0.0614 0.2289 -0.8688 0.0531 0.2372 -0.8741 0.0432 0.2467 -0.8804 0.0562 0.2329
40.0 -0.929 0.0554 0.2289 -0.8311 0.0692 0.2245 -0.8095 0.0715 0.2243 -0.8158 0.067 0.2282 -0.8263 0.0619 0.2324 -0.8371 0.0531 0.2403 -0.8643 0.0678 0.2226 -0.8658 0.0614 0.2289 -0.8688 0.0531 0.2372 -0.8741 0.0432 0.2467 -0.8804 0.0562 0.2329
40.0 -0.929 0.0554 0.2289 -0.8311 0.0692 0.2245 -0.8095 0.0715 0.2243 -0.8158 0.067 0.2282 -0.8263 0.0619 0.2324 -0.8371 0.0531 0.2403 -0.8643 0.0678 0.2226 -0.8658 0.0614 0.2289 -0.8688 0.0531 0.2372 -0.8741 0.0432 0.2467 -0.8804 0.0562 0.2329
40.0 -0.929 0.0554 0.2289 -0.8311 0.0692 0.2245 -0.8095 0.0715 0.2243 -0.8158 0.067 0.2282 -0.8263 0.0619 0.2324 -0.8371 0.0531 0.2403 -0.8643 0.0678 0.2226 -0.8658 0.0614 0.2289 -0.8688 0.0531 0.2372 -0.8741 0.0432 0.2467 -0.8804 0.0562 0.2329
40.0 -0.929 0.0554 0.2289 -0.8311 0.0692 0.2245 -0.8095 0.0715 0.2243 -0.8158 0.067 0.2282 -0.8263 0.0619 0.2324 -0.8371 0.0531 0.2403 -0.8643 0.0678 0.2226 -0.8658 0.0614 0.2289 -0.8688 0.0531 0.2372 -0.8741 0.0432 0.2467 -0.8804 0.0562 0.2329
40.0 -0.929 0.0554 0.2289 -0.8311 0.0692 0.2245 -0.8095 0.0715 0.2243 -0.8158 0.067 0.2282 -0.8263 0.0619 0.2324 -0.8371 0.0531 0.2403 -0.8643 0.0678 0.2226 -0.8658 0.0614 0.2289 -0.8688 0.0531 0.2372 -0.8741 0.0432 0.2467 -0.8804 0.0562 0.2329
40.0 -0.929 0.0554 0.2289 -0.8311 0.0692 0.2245 -0.8095 0.0715 0.2243 -0.8158 0.067 0.2282 -0.8263 0.0619 0.2324 -0.8371 0.0531 0.2403 -0.8643 0.0678 0.2226 -0.8658 0.0614 0.2289 -0.8688 0.0531 0.2372 -0.8741 0.0432 0.2467 -0.8804 0.0562 0.2329
40.0 -0.929 0.0554 0.2289 -0.8311 0.0692 0.2245 -0.8095 0.0715 0.2243 -0.8158 0.067 0.2282 -0.8263 0.0619 0.2324 -0.8371 0.0531 0.2403 -0.8643 0.0678 0.2226 -0.8658 0.0614 0.2289 -0.8688 0.0531 0.2372 -0.8741 0.0432 0.2467 -0.8804 0.0562 0.2329
40.0 -0.929 0.0554 0.2289 -0.8311 0.0692 0.2245 -0.8095 0.0715 0.2243 -0.8158 0.067 0.2282 -0.8263 0.0619 0.2324 -0.8371 0.0531 0.2403 -0.8643 0.0678 0.2226 -0.8658 0.0614 0.2289 -0.8688 0.0531 0.2372 -0.8741 0.0432 0.2467 -0.8804 0.0562 0.2329
40.0 -0.929 0.0554 0.2289 -0.8311 0.0692 0.2245 -0.8095 0.0715 0.2243 -0.8158 0.067 0.2282 -0.8263 0.0619 0.2324 -0.8371 0.0531 0.2403 -0.8643 0.0678 0.2226 -0.8658 0.0614 0.2289 -0.8688 0.0531 0.2372 -0.8741 0.0432 0.2467 -0.8804 0.0562 0.2329
40.0 -0.929 0.0554 0.2289 -0.8311 0.0692 0.2245 -0.8095 0.0715 0.2243 -0.8158 0.067 0.2282 -0.8263 0.0619 0.2324 -0.8371 0.0531 0.2403 -0.8643 0.0678 0.2226 -0.8658 0.0614 0.2289 -0.8688 0.0531 0.2372 -0.8741 0.0432 0.2467 -0.8804 0.0562 0.2329
40.0 -0.929 0.0554 0.2289 -0.8311 0.0692 0.2245 -0.8095 0.0715 0.2243 -0.8158 0.067 0.2282 -0.8263 0.0619 0.2324 -0.8371 0.0531 0.2403 -0.8643 0.0678 0.2226 -0.8658 0.0614 0.2289 -0.8688 0.0531 0.2372 -0.8741 0.0432 0.2467 -0.8804 0.0562 0.2329
40.0 -0.929 0.0554 0.2289 -0.8311 0.0692 0.2245 -0.8095 0.0715 0.2243 -0.8158 0.067 0.2282 -0.8263 0.0619 0.2324 -0.8371 0.0531 0.2403 -0.8643 0.0678 0.2226 -0.8658 0.0614 0.2289 -0.8688 0.0531 0.2372 -0.8741 0.0432 0.2467 -0.8804 0.0562 0.2329
40.0 -0.929 0.0554 0.2289 -0.8311 0.0692 0.2245 -0.8095 0.0715 0.2243 -0.8158 0.067 0.2282 -0.8263 0.0619 0.2324 -0.8371 0.0531 0.2403 -0.8643 0.0678 0.2226 -0.8658 0.0614 0.2289 -0.8688 0.0531 0.2372 -0.8741 0.0432 0.2467 -0.8804 0.0562 0.2329
40.0 -0.929 0.0554 0.2289 -0.8311 0.0692 0.2245 -0.8095 0.0715 0.2243 -0.8158 0.067 0.2282 -0.8263 0.0619 0.2324 -0.8371 0.0531 0.2403 -0.8643 0.0678 0.2226 -0.8658 0.0614 0.2289 -0.8688 0.0531 0.2372 -0.8741 0.0432 0.2467 -0.8804 0.0562 0.2329
40.0 -0.929 0.0554 0.2289 -0.8311 0.0692 0.2245 -0.8095 0.0715 0.2243 -0.8158 0.067 0.2282 -0.8263 0.0619 0.2324 -0.8371 0.0531 0.2403 -0.8643 0.0678 0.2226 -0.8658 0.0614 0.2289 -0.8688 0.0531 0.2372 -0.8741 0.0432 0.2467 -0.8804 0.0562 0.2329
40.0 -0.929 0.0554 0.2289 -0.8311 0.0692 0.2245 -0.8095 0.0715 0.2243 -0.8158 0.067 0.2282 -0.8263 0.0619 0.2324 -0.8371 0.0531 0.2403 -0.8643 0.0678 0.2226 -0.8658 0.0614 0.2289 -0.8688 0.0531 0.2372 -0.8741 0.0432 0.2467 -0.8804 0.0562 0.2329
40.0 -0.929 0.0554 0.2289 -0.8311 0.0692 0.2245 -0.8095 0.0715 0.2243 -0.8158 0.067 0.2282 -0.8263 0.0619 0.2324 -0.8371 0.0531 0.2403 -0.8643 0.0678 0.2226 -0.8658 0.0614 0.2289 -0.8688 0.0531 0.2372 -0.8741 0.0432 0.2467 -0.8804 0.0562 0.2329
40.0 -0.929 0.0554 0.2289 -0.8311 0.0692 0.2245 -0.8095 0.0715 0.2243 -0.8158 0.067 0.2282 -0.8263 0.0619 0.2324 -0.8371 0.0531 0.2403 -0.8643 0.0678 0.2226 -0.8658 0.0614 0.2289 -0.8688 0.0531 0.2372 -0.8741 0.0432 0.2467 -0.8804 0.0562 0.2329
40.0 -0.929 0.0554 0.2289 -0.8311 0.0692 0.2245 -0.8095 0.0715 0.2243 -0.8158 0.067 0.2282 -0.8263 0.0619 0.2324 -0.8371 0.0531 0.2403 -0.8643 0.0678 0.2226 -0.8658 0.0614 0.2289 -0.8688 0.0531 0.2372 -0.8741 0.0432 0.2467 -0.8804 0.0562 0.2329
40.0 -0.929 0.0554 0.2289 -0.8311 0.0692 0.2245 -0.8095 0.0715 0.2243 -0.8158 0.067 0.2282 -0.8263 0.0619 0.2324 -0.8371 0.0531 0.2403 -0.8643 0.0678 0.2226 -0.8658 0.0614 0.2289 -0.8688 0.0531 0.2372 -0.8741 0.0432 0.2467 -0.8804 0.0562 0.2329
40.0 -0.929 0.0554 0.2289 -0.8311 0.0692 0.2245 -0.8095 0.0715 0.2243 -0.8158 0.067 0.2282 -0.8263 0.0619 0.2324 -0.8371 0.0531 0.2403 -0.8643 0.0678 0.2226 -0.8658 0.0614 0.2289 -0.8688 0.0531 0.2372 -0.8741 0.0432 0.2467 -0.8804 0.0562 0.2329
40.0 -0.929 0.0554 0.2289 -0.8311 0.0692 0.2245 -0.8095 0.0715 0.2243 -0.8158 0.067 0.2282 -0.8263 0.0619 0.2324 -0.8371 0.0531 0.2403 -0.8643 0.0678 0.2226 -0.8658 0.0614 0.2289 -0.8688 0.0531 0.2372 -0.8741 0.0432 0.2467 -0.8804 0.0562 0.2329
40.0 -0.929 0.0554 0.2289 -0.8311 0.0692 0.2245 -0.8095 0.0715 0.2243 -0.8158 0.067 0.2282 -0.8263 0.0619 0.2324 -0.8371 0.0531 0.2403 -0.8643 0.0678 0.2226 -0.8658 0.0614 0.2289 -0.8688 0.0531 0.2372 -0.8741 0.0432 0.2467 -0.8804 0.0562 0.2329
40.0 -0.929 0.0554 0.2289 -0.8311 0.0692 0.2245 -0.8095 0.0715 0.2243 -0.8158 0.067 0.2282 -0.8263 0.0619 0.2324 -0.8371 0.0531 0.2403 -0.8643 0.0678 0.2226 -0.8658 0.0614 0.2289 -0.8688 0.0531 0.2372 -0.8741 0.0432 0.2467 -0.8804 0.0562 0.2329
40.0 -0.929 0.0554 0.2289 -0.8311 0.0692 0.2245 -0.8095 0.0715 0.2243 -0.8158 0.067 0.2282 -0.8263 0.0619 0.2324 -0.8371 0.0531 0.2403 -0.8643 0.0678 0.2226 -0.8658 0.0614 0.2289 -0.8688 0.0531 0.2372 -0.8741 0.0432 0.2467 -0.8804 0.0562 0.2329
40.0 -0.929 0.0554 0.2289 -0.8311 0.0692 0.2245 -0.8095 0.0715 0.2243 -0.8158 0.067 0.2282 -0.8263 0.0619 0.2324 -0.8371 0.0531 0.2403 -0.8643 0.0678 0.2226 -0.8658 0.0614 0.2289 -0.8688 0.0531 0.2372 -0.8741 0.0432 0.2467 -0.8804 0.0562 0.2329
40.0 -0.929 0.0554 0.2289 -0.8311 0.0692 0.2245 -0.8095 0.0715 0.2243 -0.8158 0.067 0.2282 -0.8263 0.0619 0.2324 -0.8371 0.0531 0.2403 -0.8643 0.0678 0.2226 -0.8658 0.0614 0.2289 -0.8688 0.0531 0.2372 -0.8741 0.0432 0.2467 -0.8804 0.0562 0.2329
40.0 -0.929 0.0554 0.2289 -0.8311 0.0692 0.2245 -0.8095 0.0715 0.2243 -0.8158 0.067 0.2282 -0.8263 0.0619 0.2324 -0.8371 0.0531 0.2403 -0.8643 0.0678 0.2226 -0.8658 0.0614 0.2289 -0.8688 0.0531 0.2372 -0.8741 0.0432 0.2467 -0.8804 0.0562 0.2329
40.0 -0.929 0.0554 0.2289 -0.8311 0.0692 0.2245 -0.8095 0.0715 0.2243 -0.8158 0.067 0.2282 -0.8263 0.0619 0.2324 -0.8371 0.0531 0.2403 -0.8643 0.0678 0.2226 -0.8658 0.0614 0.2289 -0.8688 0.0531 0.2372 -0.8741 0.0432 0.2467 -0.8804 0.0562 0.2329
40.0 -0.929 0.0554 0.2289 -0.8311 0.0692 0.2245 -0.8095 0.0715 0.2243 -0.8158 0.067 0.2282 -0.8263 0.0619 0.2324 -0.8371 0.0531 0.2403 -0.8643 0.0678 0.2226 -0.8658 0.0614 0.2289 -0.8688 0.0531 0.2372 -0.8741 0.0432 0.2467 -0.8804 0.0562 0.2329
40.0 -0.929 0.0554 0.2289 -0.8311 0.0692 0.2245 -0.8095 0.0715 0.2243 -0.8158 0.067 0.2282 -0.8263 0.0619 0.2324 -0.8371 0.0531 0.2403 -0.8643 0.0678 0.2226 -0.8658 0.0614 0.2289 -0.8688 0.0531 0.2372 -0.8741 0.0432 0.2467 -0.8804 0.0562 0.2329
40.0 -0.929 0.0554 0.2289 -0.8311 0.0692 0.2245 -0.8095 0.0715 0.2243 -0.8158 0.067 0.2282 -0.8263 0.0619 0.2324 -0.8371 0.0531 0.2403 -0.8643 0.0678 0.2226 -0.8658 0.0614 0.2289 -0.8688 0.0531 0.2372 -0.8741 0.0432 0.2467 -0.8804 0.0562 0.2329
40.0 -0.929 0.0554 0.2289 -0.8311 0.0692 0.2245 -0.8095 0.0715 0.2243 -0.8158 0.067 0.2282 -0.8263 0.0619 0.2324 -0.8371 0.0531 0.2403 -0.8643 0.0678 0.2226 -0.8658 0.0614 0.2289 -0.8688 0.0531 0.2372 -0.8741 0.0432 0.2467 -0.8804 0.0562 0.2329
40.0 -0.929 0.0554 0.2289 -0.8311 0.0692 0.2245 -0.8095 0.0715 0.2243 -0.8158 0.067 0.2282 -0.8263 0.0619 0.2324 -0.8371 0.0531 0.2403 -0.8643 0.0678 0.2226 -0.8658 0.0614 0.2289 -0.8688 0.0531 0.2372 -0.8741 0.0432 0.2467 -0.8804 0.0562 0.2329
40.0 -0.929 0.0554 0.2289 -0.8311 0.0692 0.2245 -0.8095 0.0715 0.2243 -0.8158 0.067 0.2282 -0.8263 0.0619 0.2324 -0.8371 0.0531 0.2403 -0.8643 0.0678 0.2226 -0.8658 0.0614 0.2289 -0.8688 0.0531 0.2372 -0.8741 0.0432 0.2467 -0.8804 0.0562 0.2329
40.0 -0.929 0.0554 0.2289 -0.8311 0.0692 0.2245 -0.8095 0.0715 0.2243 -0.8158 0.067 0.2282 -0.8263 0.0619 0.2324 -0.8371 0.0531 0.2403 -0.8643 0.0678 0.2226 -0.8658 0.0614 0.2289 -0.8688 0.0531 0.2372 -0.8741 0.0432 0.2467 -0.8804 0.0562 0.2329
40.0 -0.929 0.0554 0.2289 -0.8311 0.0692 0.2245 -0.8095 0.0715 0.2243 -0.8158 0.067 0.2282 -0.8263 0.0619 0.2324 -0.8371 0.0531 0.2403 -0.8643 0.0678 0.2226 -0.8658 0.0614 0.2289 -0.8688 0.0531 0.2372 -0.8741 0.0432 0.2467 -0.8804 0.0562 0.2329
40.0 -0.929 0.0554 0.2289 -0.8311 0.0692 0.2245 -0.8095 0.0715 0.2243 -0.8158 0.067 0.2282 -0.8263 0.0619 0.2324 -0.8371 0.0531 0.2403 -0.8643 0.0678 0.2226 -0.8658 0.0614 0.2289 -0.8688 0.0531 0.2372 -0.8741 0.0432 0.2467 -0.8804 0.0562 0.2329
40.0 -0.929 0.0554 0.2289 -0.8311 0.0692 0.2245 -0.8095 0.0715 0.2243 -0.8158 0.067 0.2282 -0.8263 0.0619 0.2324 -0.8371 0.0531 0.2403 -0.8643 0.0678 0.2226 -0.8658 0.0614 0.2289 -0.8688 0.0531 0.2372 -0.8741 0.0432 0.2467 -0.8804 0.0562 0.2329
40.0 -0.929 0.0554 0.2289 -0.8311 0.0692 0.2245 -0.8095 0.0715 0.2243 -0.8158 0.067 0.2282 -0.8263 0.0619 0.2324 -0.8371 0.0531 0.2403 -0.8643 0.0678 0.2226 -0.8658 0.0614 0.2289 -0.8688 0.0531 0.2372 -0.8741 0.0432 0.2467 -0.8804 0.0562 0.2329
40.0 -0.929 0.0554 0.2289 -0.8311 0.0692 0.2245 -0.8095 0.0715 0.2243 -0.8158 0.067 0.2282 -0.8263 0.0619 0.2324 -0.8371 0.0531 0.2403 -0.8643 0.0678 0.2226 -0.8658 0.0614 0.2289 -0.8688 0.0531 0.2372 -0.8741 0.0432 0.2467 -0.8804 0.0562 0.2329
40.0 -0.929 0.0554 0.2289 -0.8311 0.0692 0.2245 -0.8095 0.0715 0.2243 -0.8158 0.067 0.2282 -0.8263 0.0619 0.2324 -0.8371 0.0531 0.2403 -0.8643 0.0678 0.2226 -0.8658 0.0614 0.2289 -0.8688 0.0531 0.2372 -0.8741 0.0432 0.2467 -0.8804 0.0562 0.2329
40.0 -0.929 0.0554 0.2289 -0.8311 0.0692 0.2245 -0.8095 0.0715 0.2243 -0.8158 0.067 0.2282 -0.8263 0.0619 0.2324 -0.8371 0.0531 0.2403 -0.8643 0.0678 0.2226 -0.8658 0.0614 0.2289 -0.8688 0.0531 0.2372 -0.8741 0.0432 0.2467 -0.8804 0.0562 0.2329
40.0 -0.929 0.0554 0.2289 -0.8311 0.0692 0.2245 -0.8095 0.0715 0.2243 -0.8158 0.067 0.2282 -0.8263 0.0619 0.2324 -0.8371 0.0531 0.2403 -0.8643 0.0678 0.2226 -0.8658 0.0614 0.2289 -0.8688 0.0531 0.2372 -0.8741 0.0432 0.2467 -0.8804 0.0562 0.2329
40.0 -0.929 0.0554 0.2289 -0.8311 0.0692 0.2245 -0.8095 0.0715 0.2243 -0.8158 0.067 0.2282 -0.8263 0.0619 0.2324 -0.8371 0.0531 0.2403 -0.8643 0.0678 0.2226 -0.8658 0.0614 0.2289 -0.8688 0.0531 0.2372 -0.8741 0.0432 0.2467 -0.8804 0.0562 0.2329
40.0 -0.929 0.0554 0.2289 -0.8311 0.0692 0.2245 -0.8095 0.0715 0.2243 -0.8158 0.067 0.2282 -0.8263 0.0619 0.2324 -0.8371 0.0531 0.2403 -0.8643 0.0678 0.2226 -0.8658 0.0614 0.2289 -0.8688 0.0531 0.2372 -0.8741 0.0432 0.2467 -0.8804 0.0562 0.2329
40.0 -0.929 0.0554 0.2289 -0.8311 0.0692 0.2245 -0.8095 0.0715 0.2243 -0.8158 0.067 0.2282 -0.8263 0.0619 0.2324 -0.8371 0.0531 0.2403 -0.8643 0.0678 0.2226 -0.8658 0.0614 0.2289 -0.8688 0.0531 0.2372 -0.8741 0.0432 0.2467 -0.8804 0.0562 0.2329
40.0 -0.929 0.0554 0.2289 -0.8311 0.0692 0.2245 -0.8095 0.0715 0.2243 -0.8158 0.067 0.2282 -0.8263 0.0619 0.2324 -0.8371 0.0531 0.2403 -0.8643 0.0678 0.2226 -0.8658 0.0614 0.2289 -0.8688 0.0531 0.2372 -0.8741 0.0432 0.2467 -0.8804 0.0562 0.2329
40.0 -0.929 0.0554 0.2289 -0.8311 0.0692 0.2245 -0.8095 0.0715 0.2243 -0.8158 0.067 0.2282 -0.8263 0.0619 0.2324 -0.8371 0.0531 0.2403 -0.8643 0.0678 0.2226 -0.8658 0.0614 0.2289 -0.8688 0.0531 0.2372 -0.8741 0.0432 0.2467 -0.8804 0.0562 0.2329
40.0 -0.929 0.0554 0.2289 -0.8311 0.0692 0.2245 -0.8095 0.0715 0.2243 -0.8158 0.067 0.2282 -0.8263 0.0619 0.2324 -0.8371 0.0531 0.2403 -0.8643 0.0678 0.2226 -0.8658 0.0614 0.2289 -0.8688 0.0531 0.2372 -0.8741 0.0432 0.2467 -0.8804 0.0562 0.2329
40.0 -0.929 0.0554 0.2289 -0.8311 0.0692 0.2245 -0.8095 0.0715 0.2243 -0.8158 0.067 0.2282 -0.8263 0.0619 0.2324 -0.8371 0.0531 0.2403 -0.8643 0.0678 0.2226 -0.8658 0.0614 0.2289 -0.8688 0.0531 0.2372 -0.8741 0.0432 0.2467 -0.8804 0.0562 0.2329
40.0 -0.929 0.0554 0.2289 -0.8311 0.0692 0.2245 -0.8095 0.0715 0.2243 -0.8158 0.067 0.2282 -0.8263 0.0619 0.2324 -0.8371 0.0531 0.2403 -0.8643 0.0678 0.2226 -0.8658 0.0614 0.2289 -0.8688 0.0531 0.2372 -0.8741 0.0432 0.2467 -0.8804 0.0562 0.2329
40.0 -0.929 0.0554 0.2289 -0.8311 0.0692 0.2245 -0.8095 0.0715 0.2243 -0.8158 0.067 0.2282 -0.8263 0.0619 0.2324 -0.8371 0.0531 0.2403 -0.8643 0.0678 0.2226 -0.8658 0.0614 0.2289 -0.8688 0.0531 0.2372 -0.8741 0.0432 0.2467 -0.8804 0.0562 0.2329
40.0 -0.929 0.0554 0.2289 -0.8311 0.0692 0.2245 -0.8095 0.0715 0.2243 -0.8158 0.067 0.2282 -0.8263 0.0619 0.2324 -0.8371 0.0531 0.2403 -0.8643 0.0678 0.2226 -0.8658 0.0614 0.2289 -0.8688 0.0531 0.2372 -0.8741 0.0432 0.2467 -0.8804 0.0562 0.2329
40.0 -0.929 0.0554 0.2289 -0.8311 0.0692 0.2245 -0.8095 0.0715 0.2243 -0.8158 0.067 0.2282 -0.8263 0.0619 0.2324 -0.8371 0.0531 0.2403 -0.8643 0.0678 0.2226 -0.8658 0.0614 0.2289 -0.8688 0.0531 0.2372 -0.8741 0.0432 0.2467 -0.8804 0.0562 0.2329
40.0 -0.929 0.0554 0.2289 -0.8311 0.0692 0.2245 -0.8095 0.0715 0.2243 -0.8158 0.067 0.2282 -0.8263 0.0619 0.2324 -0.8371 0.0531 0.2403 -0.8643 0.0678 0.2226 -0.8658 0.0614 0.2289 -0.8688 0.0531 0.2372 -0.8741 0.0432 0.2467 -0.8804 0.0562 0.2329
40.0 -0.929 0.0554 0.2289 -0.8311 0.0692 0.2245 -0.8095 0.0715 0.2243 -0.8158 0.067 0.2282 -0.8263 0.0619 0.2324 -0.8371 0.0531 0.2403 -0.8643 0.0678 0.2226 -0.8658 0.0614 0.2289 -0.8688 0.0531 0.2372 -0.8741 0.0432 0.2467 -0.8804 0.0562 0.2329
40.0 -0.929 0.0554 0.2289 -0.8311 0.0692 0.2245 -0.8095 0.0715 0.2243 -0.8158 0.067 0.2282 -0.8263 0.0619 0.2324 -0.8371 0.0531 0.2403 -0.8643 0.0678 0.2226 -0.8658 0.0614 0.2289 -0.8688 0.0531 0.2372 -0.8741 0.0432 0.2467 -0.8804 0.0562 0.2329
40.0 -0.929 0.0554 0.2289 -0.8311 0.0692 0.2245 -0.8095 0.0715 0.2243 -0.8158 0.067 0.2282 -0.8263 0.0619 0.2324 -0.8371 0.0531 0.2403 -0.8643 0.0678 0.2226 -0.8658 0.0614 0.2289 -0.8688 0.0531 0.2372 -0.8741 0.0432 0.2467 -0.8804 0.0562 0.2329
40.0 -0.929 0.0554 0.2289 -0.8311 0.0692 0.2245 -0.8095 0.0715 0.2243 -0.8158 0.067 0.2282 -0.8263 0.0619 0.2324 -0.8371 0.0531 0.2403 -0.8643 0.0678 0.2226 -0.8658 0.0614 0.2289 -0.8688 0.0531 0.2372 -0.8741 0.0432 0.2467 -0.8804 0.0562 0.2329
40.0 -0.929 0.0554 0.2289 -0.8311 0.0692 0.2245 -0.8095 0.0715 0.2243 -0.8158 0.067 0.2282 -0.8263 0.0619 0.2324 -0.8371 0.0531 0.2403 -0.8643 0.0678 0.2226 -0.8658 0.0614 0.2289 -0.8688 0.0531 0.2372 -0.8741 0.0432 0.2467 -0.8804 0.0562 0.2329
40.0 -0.929 0.0554 0.2289 -0.8311 0.0692 0.2245 -0.8095 0.0715 0.2243 -0.8158 0.067 0.2282 -0.8263 0.0619 0.2324 -0.8371 0.0531 0.2403 -0.8643 0.0678 0.2226 -0.8658 0.0614 0.2289 -0.8688 0.0531 0.2372 -0.8741 0.0432 0.2467 -0.8804 0.0562 0.2329
40.0 -0.929 0.0554 0.2289 -0.8311 0.0692 0.2245 -0.8095 0.0715 0.2243 -0.8158 0.067 0.2282 -0.8263 0.0619 0.2324 -0.8371 0.0531 0.2403 -0.8643 0.0678 0.2226 -0.8658 0.0614 0.2289 -0.8688 0.0531 0.2372 -0.8741 0.0432 0.2467 -0.8804 0.0562 0.2329
40.0 -0.929 0.0554 0.2289 -0.8311 0.0692 0.2245 -0.8095 0.0715 0.2243 -0.8158 0.067 0.2282 -0.8263 0.0619 0.2324 -0.8371 0.0531 0.2403 -0.8643 0.0678 0.2226 -0.8658 0.0614 0.2289 -0.8688 0.0531 0.2372 -0.8741 0.0432 0.2467 -0.8804 0.0562 0.2329
40.0 -0.929 0.0554 0.2289 -0.8311 0.0692 0.2245 -0.8095 0.0715 0.2243 -0.8158 0.067 0.2282 -0.8263 0.0619 0.2324 -0.8371 0.0531 0.2403 -0.8643 0.0678 0.2226 -0.8658 0.0614 0.2289 -0.8688 0.0531 0.2372 -0.8741 0.0432 0.2467 -0.8804 0.0562 0.2329
40.0 -0.929 0.0554 0.2289 -0.8311 0.0692 0.2245 -0.8095 0.0715 0.2243 -0.8158 0.067 0.2282 -0.8263 0.0619 0.2324 -0.8371 0.0531 0.2403 -0.8643 0.0678 0.2226 -0.8658 0.0614 0.2289 -0.8688 0.0531 0.2372 -0.8741 0.0432 0.2467 -0.8804 0.0562 0.2329
40.0 -0.929 0.0554 0.2289 -0.8311 0.0692 0.2245 -0.8095 0.0715 0.2243 -0.8158 0.067 0.2282 -0.8263 0.0619 0.2324 -0.8371 0.0531 0.2403 -0.8643 0.0678 0.2226 -0.8658 0.0614 0.2289 -0.8688 0.0531 0.2372 -0.8741 0.0432 0.2467 -0.8804 0.0562 0.2329
40.0 -0.929 0.0554 0.2289 -0.8311 0.0692 0.2245 -0.8095 0.0715 0.2243 -0.8158 0.067 0.2282 -0.8263 0.0619 0.2324 -0.8371 0.0531 0.2403 -0.8643 0.0678 0.2226 -0.8658 0.0614 0.2289 -0.8688 0.0531 0.2372 -0.8741 0.0432 0.2467 -0.8804 0.0562 0.2329
40.0 -0.929 0.0554 0.2289 -0.8311 0.0692 0.2245 -0.8095 0.0715 0.2243 -0.8158 0.067 0.2282 -0.8263 0.0619 0.2324 -0.8371 0.0531 0.2403 -0.8643 0.0678 0.2226 -0.8658 0.0614 0.2289 -0.8688 0.0531 0.2372 -0.8741 0.0432 0.2467 -0.8804 0.0562 0.2329
40.0 -0.929 0.0554 0.2289 -0.8311 0.0692 0.2245 -0.8095 0.0715 0.2243 -0.8158 0.067 0.2282 -0.8263 0.0619 0.2324 -0.8371 0.0531 0.2403 -0.8643 0.0678 0.2226 -0.8658 0.0614 0.2289 -0.8688 0.0531 0.2372 -0.8741 0.0432 0.2467 -0.8804 0.0562 0.2329
40.0 -0.929 0.0554 0.2289 -0.8311 0.0692 0.2245 -0.8095 0.0715 0.2243 -0.8158 0.067 0.2282 -0.8263 0.0619 0.2324 -0.8371 0.0531 0.2403 -0.8643 0.0678 0.2226 -0.8658 0.0614 0.2289 -0.8688 0.0531 0.2372 -0.8741 0.0432 0.2467 -0.8804 0.0562 0.2329
40.0 -0.929 0.0554 0.2289 -0.8311 0.0692 0.2245 -0.8095 0.0715 0.2243 -0.8158 0.067 0.2282 -0.8263 0.0619 0.2324 -0.8371 0.0531 0.2403 -0.8643 0.0678 0.2226 -0.8658 0.0614 0.2289 -0.8688 0.0531 0.2372 -0.8741 0.0432 0.2467 -0.8804 0.0562 0.2329
40.0 -0.929 0.0554 0.2289 -0.8311 0.0692 0.2245 -0.8095 0.0715 0.2243 -0.8158 0.067 0.2282 -0.8263 0.0619 0.2324 -0.8371 0.0531 0.2403 -0.8643 0.0678 0.2226 -0.8658 0.0614 0.2289 -0.8688 0.0531 0.2372 -0.8741 0.0432 0.2467 -0.8804 0.0562 0.2329
40.0 -0.929 0.0554 0.2289 -0.8311 0.0692 0.2245 -0.8095 0.0715 0.2243 -0.8158 0.067 0.2282 -0.8263 0.0619 0.2324 -0.8371 0.0531 0.2403 -0.8643 0.0678 0.2226 -0.8658 0.0614 0.2289 -0.8688 0.0531 0.2372 -0.8741 0.0432 0.2467 -0.8804 0.0562 0.2329
40.0 -0.929 0.0554 0.2289 -0.8311 0.0692 0.2245 -0.8095 0.0715 0.2243 -0.8158 0.067 0.2282 -0.8263 0.0619 0.2324 -0.8371 0.0531 0.2403 -0.8643 0.0678 0.2226 -0.8658 0.0614 0.2289 -0.8688 0.0531 0.2372 -0.8741 0.0432 0.2467 -0.8804 0.0562 0.2329
40.0 -0.929 0.0554 0.2289 -0.8311 0.0692 0.2245 -0.8095 0.0715 0.2243 -0.8158 0.067 0.2282 -0.8263 0.0619 0.2324 -0.8371 0.0531 0.2403 -0.8643 0.0678 0.2226 -0.8658 0.0614 0.2289 -0.8688 0.0531 0.2372 -0.8741 0.0432 0.2467 -0.8804 0.0562 0.2329
40.0 -0.929 0.0554 0.2289 -0.8311 0.0692 0.2245 -0.8095 0.0715 0.2243 -0.8158 0.067 0.2282 -0.8263 0.0619 0.2324 -0.8371 0.0531 0.2403 -0.8643 0.0678 0.2226 -0.8658 0.0614 0.2289 -0.8688 0.0531 0.2372 -0.8741 0.0432 0.2467 -0.8804 0.0562 0.2329
40.0 -0.929 0.0554 0.2289 -0.8311 0.0692 0.2245 -0.8095 0.0715 0.2243 -0.8158 0.067 0.2282 -0.8263 0.0619 0.2324 -0.8371 0.0531 0.2403 -0.8643 0.0678 0.2226 -0.8658 0.0614 0.2289 -0.8688 0.0531 0.2372 -0.8741 0.0432 0.2467 -0.8804 0.0562 0.2329
40.0 -0.929 0.0554 0.2289 -0.8311 0.0692 0.2245 -0.8095 0.0715 0.2243 -0.8158 0.067 0.2282 -0.8263 0.0619 0.2324 -0.8371 0.0531 0.2403 -0.8643 0.0678 0.2226 -0.8658 0.0614 0.2289 -0.8688 0.0531 0.2372 -0.8741 0.0432 0.2467 -0.8804 0.0562 0.2329
40.0 -0.929 0.0554 0.2289 -0.8311 0.0692 0.2245 -0.8095 0.0715 0.2243 -0.8158 0.067 0.2282 -0.8263 0.0619 0.2324 -0.8371 0.0531 0.2403 -0.8643 0.0678 0.2226 -0.8658 0.0614 0.2289 -0.8688 0.0531 0.2372 -0.8741 0.0432 0.2467 -0.8804 0.0562 0.2329
40.0 -0.929 0.0554 0.2289 -0.8311 0.0692 0.2245 -0.8095 0.0715 0.2243 -0.8158 0.067 0.2282 -0.8263 0.0619 0.2324 -0.8371 0.0531 0.2403 -0.8643 0.0678 0.2226 -0.8658 0.0614 0.2289 -0.8688 0.0531 0.2372 -0.8741 0.0432 0.2467 -0.8804 0.0562 0.2329
40.0 -0.929 0.0554 0.2289 -0.8311 0.0692 0.2245 -0.8095 0.0715 0.2243 -0.8158 0.067 0.2282 -0.8263 0.0619 0.2324 -0.8371 0.0531 0.2403 -0.8643 0.0678 0.2226 -0.8658 0.0614 0.2289 -0.8688 0.0531 0.2372 -0.8741 0.0432 0.2467 -0.8804 0.0562 0.2329
40.0 -0.929 0.0554 0.2289 -0.8311 0.0692 0.2245 -0.8095 0.0715 0.2243 -0.8158 0.067 0.2282 -0.8263 0.0619 0.2324 -0.8371 0.0531 0.2403 -0.8643 0.0678 0.2226 -0.8658 0.0614 0.2289 -0.8688 0.0531 0.2372 -0.8741 0.0432 0.2467 -0.8804 0.0562 0.2329
40.0 -0.929 0.0554 0.2289 -0.8311 0.0692 0.2245 -0.8095 0.0715 0.2243 -0.8158 0.067 0.2282 -0.8263 0.0619 0.2324 -0.8371 0.0531 0.2403 -0.8643 0.0678 0.2226 -0.8658 0.0614 0.2289 -0.8688 0.0531 0.2372 -0.8741 0.0432 0.2467 -0.8804 0.0562 0.2329
40.0 -0.929 0.0554 0.2289 -0.8311 0.0692 0.2245 -0.8095 0.0715 0.2243 -0.8158 0.067 0.2282 -0.8263 0.0619 0.2324 -0.8371 0.0531 0.2403 -0.8643 0.0678 0.2226 -0.8658 0.0614 0.2289 -0.8688 0.0531 0.2372 -0.8741 0.0432 0.2467 -0.8804 0.0562 0.2329
40.0 -0.929 0.0554 0.2289 -0.8311 0.0692 0.2245 -0.8095 0.0715 0.2243 -0.8158 0.067 0.2282 -0.8263 0.0619 0.2324 -0.8371 0.0531 0.2403 -0.8643 0.0678 0.2226 -0.8658 0.0614 0.2289 -0.8688 0.0531 0.2372 -0.8741 0.0432 0.2467 -0.8804 0.0562 0.2329
40.0 -0.929 0.0554 0.2289 -0.8311 0.0692 0.2245 -0.8095 0.0715 0.2243 -0.8158 0.067 0.2282 -0.8263 0.0619 0.2324 -0.8371 0.0531 0.2403 -0.8643 0.0678 0.2226 -0.8658 0.0614 0.2289 -0.8688 0.0531 0.2372 -0.8741 0.0432 0.2467 -0.8804 0.0562 0.2329
40.0 -0.929 0.0554 0.2289 -0.8311 0.0692 0.2245 -0.8095 0.0715 0.2243 -0.8158 0.067 0.2282 -0.8263 0.0619 0.2324 -0.8371 0.0531 0.2403 -0.8643 0.0678 0.2226 -0.8658 0.0614 0.2289 -0.8688 0.0531 0.2372 -0.8741 0.0432 0.2467 -0.8804 0.0562 0.2329
40.0 -0.929 0.0554 0.2289 -0.8311 0.0692 0.2245 -0.8095 0.0715 0.2243 -0.8158 0.067 0.2282 -0.8263 0.0619 0.2324 -0.8371 0.0531 0.2403 -0.8643 0.0678 0.2226 -0.8658 0.0614 0.2289 -0.8688 0.0531 0.2372 -0.8741 0.0432 0.2467 -0.8804 0.0562 0.2329
40.0 -0.929 0.0554 0.2289 -0.8311 0.0692 0.2245 -0.8095 0.0715 0.2243 -0.8158 0.067 0.2282 -0.8263 0.0619 0.2324 -0.8371 0.0531 0.2403 -0.8643 0.0678 0.2226 -0.8658 0.0614 0.2289 -0.8688 0.0531 0.2372 -0.8741 0.0432 0.2467 -0.8804 0.0562 0.2329
40.0 -0.929 0.0554 0.2289 -0.8311 0.0692 0.2245 -0.8095 0.0715 0.2243 -0.8158 0.067 0.2282 -0.8263 0.0619 0.2324 -0.8371 0.0531 0.2403 -0.8643 0.0678 0.2226 -0.8658 0.0614 0.2289 -0.8688 0.0531 0.2372 -0.8741 0.0432 0.2467 -0.8804 0.0562 0.2329
40.0 -0.929 0.0554 0.2289 -0.8311 0.0692 0.2245 -0.8095 0.0715 0.2243 -0.8158 0.067 0.2282 -0.8263 0.0619 0.2324 -0.8371 0.0531 0.2403 -0.8643 0.0678 0.2226 -0.8658 0.0614 0.2289 -0.8688 0.0531 0.2372 -0.8741 0.0432 0.2467 -0.8804 0.0562 0.2329
40.0 -0.929 0.0554 0.2289 -0.8311 0.0692 0.2245 -0.8095 0.0715 0.2243 -0.8158 0.067 0.2282 -0.8263 0.0619 0.2324 -0.8371 0.0531 0.2403 -0.8643 0.0678 0.2226 -0.8658 0.0614 0.2289 -0.8688 0.0531 0.2372 -0.8741 0.0432 0.2467 -0.8804 0.0562 0.2329
40.0 -0.929 0.0554 0.2289 -0.8311 0.0692 0.2245 -0.8095 0.0715 0.2243 -0.8158 0.067 0.2282 -0.8263 0.0619 0.2324 -0.8371 0.0531 0.2403 -0.8643 0.0678 0.2226 -0.8658 0.0614 0.2289 -0.8688 0.0531 0.2372 -0.8741 0.0432 0.2467 -0.8804 0.0562 0.2329
40.0 -0.929 0.0554 0.2289 -0.8311 0.0692 0.2245 -0.8095 0.0715 0.2243 -0.8158 0.067 0.2282 -0.8263 0.0619 0.2324 -0.8371 0.0531 0.2403 -0.8643 0.0678 0.2226 -0.8658 0.0614 0.2289 -0.8688 0.0531 0.2372 -0.8741 0.0432 0.2467 -0.8804 0.0562 0.2329
40.0 -0.929 0.0554 0.2289 -0.8311 0.0692 0.2245 -0.8095 0.0715 0.2243 -0.8158 0.067 0.2282 -0.8263 0.0619 0.2324 -0.8371 0.0531 0.2403 -0.8643 0.0678 0.2226 -0.8658 0.0614 0.2289 -0.8688 0.0531 0.2372 -0.8741 0.0432 0.2467 -0.8804 0.0562 0.2329
40.0 -0.929 0.0554 0.2289 -0.8311 0.0692 0.2245 -0.8095 0.0715 0.2243 -0.8158 0.067 0.2282 -0.8263 0.0619 0.2324 -0.8371 0.0531 0.2403 -0.8643 0.0678 0.2226 -0.8658 0.0614 0.2289 -0.8688 0.0531 0.2372 -0.8741 0.0432 0.2467 -0.8804 0.0562 0.2329
40.0 -0.929 0.0554 0.2289 -0.8311 0.0692 0.2245 -0.8095 0.0715 0.2243 -0.8158 0.067 0.2282 -0.8263 0.0619 0.2324 -0.8371 0.0531 0.2403 -0.8643 0.0678 0.2226 -0.8658 0.0614 0.2289 -0.8688 0.0531 0.2372 -0.8741 0.0432 0.2467 -0.8804 0.0562 0.2329
40.0 -0.929 0.0554 0.2289 -0.8311 0.0692 0.2245 -0.8095 0.0715 0.2243 -0.8158 0.067 0.2282 -0.8263 0.0619 0.2324 -0.8371 0.0531 0.2403 -0.8643 0.0678 0.2226 -0.8658 0.0614 0.2289 -0.8688 0.0531 0.2372 -0.8741 0.0432 0.2467 -0.8804 0.0562 0.2329
40.0 -0.929 0.0554 0.2289 -0.8311 0.0692 0.2245 -0.8095 0.0715 0.2243 -0.8158 0.067 0.2282 -0.8263 0.0619 0.2324 -0.8371 0.0531 0.2403 -0.8643 0.0678 0.2226 -0.8658 0.0614 0.2289 -0.8688 0.0531 0.2372 -0.8741 0.0432 0.2467 -0.8804 0.0562 0.2329
40.0 -0.929 0.0554 0.2289 -0.8311 0.0692 0.2245 -0.8095 0.0715 0.2243 -0.8158 0.067 0.2282 -0.8263 0.0619 0.2324 -0.8371 0.0531 0.2403 -0.8643 0.0678 0.2226 -0.8658 0.0614 0.2289 -0.8688 0.0531 0.2372 -0.8741 0.0432 0.2467 -0.8804 0.0562 0.2329
40.0 -0.929 0.0554 0.2289 -0.8311 0.0692 0.2245 -0.8095 0.0715 0.2243 -0.8158 0.067 0.2282 -0.8263 0.0619 0.2324 -0.8371 0.0531 0.2403 -0.8643 0.0678 0.2226 -0.8658 0.0614 0.2289 -0.8688 0.0531 0.2372 -0.8741 0.0432 0.2467 -0.8804 0.0562 0.2329
40.0 -0.929 0.0554 0.2289 -0.8311 0.0692 0.2245 -0.8095 0.0715 0.2243 -0.8158 0.067 0.2282 -0.8263 0.0619 0.2324 -0.8371 0.0531 0.2403 -0.8643 0.0678 0.2226 -0.8658 0.0614 0.2289 -0.8688 0.0531 0.2372 -0.8741 0.0432 0.2467 -0.8804 0.0562 0.2329
40.0 -0.929 0.0554 0.2289 -0.8311 0.0692 0.2245 -0.8095 0.0715 0.2243 -0.8158 0.067 0.2282 -0.8263 0.0619 0.2324 -0.8371 0.0531 0.2403 -0.8643 0.0678 0.2226 -0.8658 0.0614 0.2289 -0.8688 0.0531 0.2372 -0.8741 0.0432 0.2467 -0.8804 0.0562 0.2329
40.0 -0.929 0.0554 0.2289 -0.8311 0.0692 0.2245 -0.8095 0.0715 0.2243 -0.8158 0.067 0.2282 -0.8263 0.0619 0.2324 -0.8371 0.0531 0.2403 -0.8643 0.0678 0.2226 -0.8658 0.0614 0.2289 -0.8688 0.0531 0.2372 -0.8741 0.0432 0.2467 -0.8804 0.0562 0.2329
186.0 -0.9373 0.0829 0.1999 -0.8339 0.0651 0.2283 -0.8159 0.1079 0.1864 -0.8178 0.1186 0.1752 -0.8225 0.1253 0.1679 -0.843 0.1268 0.1644 -0.8666 0.0809 0.209 -0.8723 0.0935 0.1955 -0.8811 0.1034 0.1846 -0.8912 0.1111 0.1756 -0.8897 0.0944 0.1929
187.0 -0.9573 0.0863 0.1944 -0.8617 0.0681 0.2225 -0.8399 0.104 0.188 -0.8431 0.1176 0.1737 -0.855 0.1252 0.1648 -0.8732 0.1288 0.1593 -0.8884 0.0847 0.203 -0.8941 0.0973 0.1894 -0.902 0.1072 0.1785 -0.9122 0.115 0.1695 -0.9108 0.0981 0.187
188.0 -0.9745 0.0895 0.1894 -0.8787 0.1147 0.1732 -0.8688 0.1136 0.1753 -0.8681 0.1094 0.1797 -0.8762 0.1004 0.1881 -0.8891 0.0736 0.2142 -0.9155 0.0987 0.1859 -0.9186 0.0916 0.1929 -0.9259 0.0832 0.2007 -0.9349 0.0741 0.2091 -0.9339 0.0874 0.1956
189.0 -0.9986 0.0912 0.1854 -0.8949 0.1222 0.1639 -0.8899 0.1138 0.173 -0.8908 0.1088 0.1781 -0.8967 0.097 0.1895 -0.9104 0.0701 0.2157 -0.9381 0.1024 0.1799 -0.9408 0.0928 0.1894 -0.9471 0.0834 0.1984 -0.9558 0.0731 0.2081 -0.9561 0.0886 0.1922
190.0 -1.0282 0.0945 0.179 -0.922 0.121 0.1624 -0.9147 0.1196 0.1646 -0.9132 0.1112 0.1733 -0.9195 0.0969 0.1873 -0.9379 0.0713 0.2117 -0.9551 0.1043 0.1762 -0.9581 0.096 0.1844 -0.9662 0.087 0.1929 -0.9766 0.0764 0.2026 -0.9768 0.0916 0.187
191.0 -1.0461 0.0963 0.1753 -0.937 0.1263 0.1555 -0.9359 0.1198 0.1623 -0.9327 0.1117 0.171 -0.9386 0.1005 0.1818 -0.959 0.0763 0.2044 -0.9743 0.1085 0.1701 -0.9781 0.1 0.1783 -0.986 0.0898 0.188 -0.9972 0.0785 0.1984 -0.9964 0.0946 0.182
192.0 -1.0676 0.0934 0.1762 -0.9615 0.1304 0.149 -0.9718 0.129 0.1494 -0.9684 0.1197 0.1592 -0.9661 0.1065 0.1729 -0.9819 0.0812 0.1972 -0.9926 0.117 0.1595 -0.9962 0.108 0.1684 -1.0038 0.0959 0.18 -1.0138 0.0824 0.1928 -1.0148 0.0994 0.1754
193.0 -1.0704 0.0992 0.17 -0.9859 0.1295 0.1474 -1.0013 0.1268 0.1486 -1.0029 0.1156 0.1599 -1.0102 0.1024 0.1727 -1.0147 0.0878 0.1872 -1.0015 0.1231 0.1524 -1.0021 0.1114 0.1643 -1.0069 0.0986 0.177 -1.016 0.0851 0.1898 -1.0194 0.1035 0.1707
194.0 -1.04 0.1015 0.1707 -1.0422 0.084 0.1883 -1.027 0.1075 0.1659 -1.0337 0.1206 0.1518 -1.0418 0.122 0.1496 -1.0527 0.1242 0.1463 -1.0088 0.1142 0.1608 -1.0225 0.1221 0.1513 -1.0372 0.1256 0.1463 -1.0505 0.1263 0.1443 -1.0318 0.1179 0.1547
195.0 -1.0534 0.0978 0.1731 -1.0351 0.129 0.1431 -1.0313 0.1222 0.1504 -1.0346 0.1309 0.1412 -1.0423 0.1347 0.1365 -1.0453 0.1368 0.1341 -1.0409 0.1166 0.1552 -1.0507 0.1226 0.148 -1.0569 0.1279 0.142 -1.0595 0.1324 0.1371 -1.0523 0.1195 0.1511
195.0 -1.0534 0.0978 0.1731 -1.0351 0.129 0.1431 -1.0313 0.1222 0.1504 -1.0346 0.1309 0.1412 -1.0423 0.1347 0.1365 -1.0453 0.1368 0.1341 -1.0409 0.1166 0.1552 -1.0507 0.1226 0.148 -1.0569 0.1279 0.142 -1.0595 0.1324 0.1371 -1.0523 0.1195 0.1511
195.0 -1.0534 0.0978 0.1731 -1.0351 0.129 0.1431 -1.0313 0.1222 0.1504 -1.0346 0.1309 0.1412 -1.0423 0.1347 0.1365 -1.0453 0.1368 0.1341 -1.0409 0.1166 0.1552 -1.0507 0.1226 0.148 -1.0569 0.1279 0.142 -1.0595 0.1324 0.1371 -1.0523 0.1195 0.1511
195.0 -1.0534 0.0978 0.1731 -1.0351 0.129 0.1431 -1.0313 0.1222 0.1504 -1.0346 0.1309 0.1412 -1.0423 0.1347 0.1365 -1.0453 0.1368 0.1341 -1.0409 0.1166 0.1552 -1.0507 0.1226 0.148 -1.0569 0.1279 0.142 -1.0595 0.1324 0.1371 -1.0523 0.1195 0.1511
195.0 -1.0534 0.0978 0.1731 -1.0351 0.129 0.1431 -1.0313 0.1222 0.1504 -1.0346 0.1309 0.1412 -1.0423 0.1347 0.1365 -1.0453 0.1368 0.1341 -1.0409 0.1166 0.1552 -1.0507 0.1226 0.148 -1.0569 0.1279 0.142 -1.0595 0.1324 0.1371 -1.0523 0.1195 0.1511
195.0 -1.0534 0.0978 0.1731 -1.0351 0.129 0.1431 -1.0313 0.1222 0.1504 -1.0346 0.1309 0.1412 -1.0423 0.1347 0.1365 -1.0453 0.1368 0.1341 -1.0409 0.1166 0.1552 -1.0507 0.1226 0.148 -1.0569 0.1279 0.142 -1.0595 0.1324 0.1371 -1.0523 0.1195 0.1511
195.0 -1.0534 0.0978 0.1731 -1.0351 0.129 0.1431 -1.0313 0.1222 0.1504 -1.0346 0.1309 0.1412 -1.0423 0.1347 0.1365 -1.0453 0.1368 0.1341 -1.0409 0.1166 0.1552 -1.0507 0.1226 0.148 -1.0569 0.1279 0.142 -1.0595 0.1324 0.1371 -1.0523 0.1195 0.1511
195.0 -1.0534 0.0978 0.1731 -1.0351 0.129 0.1431 -1.0313 0.1222 0.1504 -1.0346 0.1309 0.1412 -1.0423 0.1347 0.1365 -1.0453 0.1368 0.1341 -1.0409 0.1166 0.1552 -1.0507 0.1226 0.148 -1.0569 0.1279 0.142 -1.0595 0.1324 0.1371 -1.0523 0.1195 0.1511
195.0 -1.0534 0.0978 0.1731 -1.0351 0.129 0.1431 -1.0313 0.1222 0.1504 -1.0346 0.1309 0.1412 -1.0423 0.1347 0.1365 -1.0453 0.1368 0.1341 -1.0409 0.1166 0.1552 -1.0507 0.1226 0.148 -1.0569 0.1279 0.142 -1.0595 0.1324 0.1371 -1.0523 0.1195 0.1511
195.0 -1.0534 0.0978 0.1731 -1.0351 0.129 0.1431 -1.0313 0.1222 0.1504 -1.0346 0.1309 0.1412 -1.0423 0.1347 0.1365 -1.0453 0.1368 0.1341 -1.0409 0.1166 0.1552 -1.0507 0.1226 0.148 -1.0569 0.1279 0.142 -1.0595 0.1324 0.1371 -1.0523 0.1195 0.1511
195.0 -1.0534 0.0978 0.1731 -1.0351 0.129 0.1431 -1.0313 0.1222 0.1504 -1.0346 0.1309 0.1412 -1.0423 0.1347 0.1365 -1.0453 0.1368 0.1341 -1.0409 0.1166 0.1552 -1.0507 0.1226 0.148 -1.0569 0.1279 0.142 -1.0595 0.1324 0.1371 -1.0523 0.1195 0.1511
195.0 -1.0534 0.0978 0.1731 -1.0351 0.129 0.1431 -1.0313 0.1222 0.1504 -1.0346 0.1309 0.1412 -1.0423 0.1347 0.1365 -1.0453 0.1368 0.1341 -1.0409 0.1166 0.1552 -1.0507 0.1226 0.148 -1.0569 0.1279 0.142 -1.0595 0.1324 0.1371 -1.0523 0.1195 0.1511
195.0 -1.0534 0.0978 0.1731 -1.0351 0.129 0.1431 -1.0313 0.1222 0.1504 -1.0346 0.1309 0.1412 -1.0423 0.1347 0.1365 -1.0453 0.1368 0.1341 -1.0409 0.1166 0.1552 -1.0507 0.1226 0.148 -1.0569 0.1279 0.142 -1.0595 0.1324 0.1371 -1.0523 0.1195 0.1511
195.0 -1.0534 0.0978 0.1731 -1.0351 0.129 0.1431 -1.0313 0.1222 0.1504 -1.0346 0.1309 0.1412 -1.0423 0.1347 0.1365 -1.0453 0.1368 0.1341 -1.0409 0.1166 0.1552 -1.0507 0.1226 0.148 -1.0569 0.1279 0.142 -1.0595 0.1324 0.1371 -1.0523 0.1195 0.1511
195.0 -1.0534 0.0978 0.1731 -1.0351 0.129 0.1431 -1.0313 0.1222 0.1504 -1.0346 0.1309 0.1412 -1.0423 0.1347 0.1365 -1.0453 0.1368 0.1341 -1.0409 0.1166 0.1552 -1.0507 0.1226 0.148 -1.0569 0.1279 0.142 -1.0595 0.1324 0.1371 -1.0523 0.1195 0.1511
195.0 -1.0534 0.0978 0.1731 -1.0351 0.129 0.1431 -1.0313 0.1222 0.1504 -1.0346 0.1309 0.1412 -1.0423 0.1347 0.1365 -1.0453 0.1368 0.1341 -1.0409 0.1166 0.1552 -1.0507 0.1226 0.148 -1.0569 0.1279 0.142 -1.0595 0.1324 0.1371 -1.0523 0.1195 0.1511
195.0 -1.0534 0.0978 0.1731 -1.0351 0.129 0.1431 -1.0313 0.1222 0.1504 -1.0346 0.1309 0.1412 -1.0423 0.1347 0.1365 -1.0453 0.1368 0.1341 -1.0409 0.1166 0.1552 -1.0507 0.1226 0.148 -1.0569 0.1279 0.142 -1.0595 0.1324 0.1371 -1.0523 0.1195 0.1511
195.0 -1.0534 0.0978 0.1731 -1.0351 0.129 0.1431 -1.0313 0.1222 0.1504 -1.0346 0.1309 0.1412 -1.0423 0.1347 0.1365 -1.0453 0.1368 0.1341 -1.0409 0.1166 0.1552 -1.0507 0.1226 0.148 -1.0569 0.1279 0.142 -1.0595 0.1324 0.1371 -1.0523 0.1195 0.1511
195.0 -1.0534 0.0978 0.1731 -1.0351 0.129 0.1431 -1.0313 0.1222 0.1504 -1.0346 0.1309 0.1412 -1.0423 0.1347 0.1365 -1.0453 0.1368 0.1341 -1.0409 0.1166 0.1552 -1.0507 0.1226 0.148 -1.0569 0.1279 0.142 -1.0595 0.1324 0.1371 -1.0523 0.1195 0.1511
195.0 -1.0534 0.0978 0.1731 -1.0351 0.129 0.1431 -1.0313 0.1222 0.1504 -1.0346 0.1309 0.1412 -1.0423 0.1347 0.1365 -1.0453 0.1368 0.1341 -1.0409 0.1166 0.1552 -1.0507 0.1226 0.148 -1.0569 0.1279 0.142 -1.0595 0.1324 0.1371 -1.0523 0.1195 0.1511
195.0 -1.0534 0.0978 0.1731 -1.0351 0.129 0.1431 -1.0313 0.1222 0.1504 -1.0346 0.1309 0.1412 -1.0423 0.1347 0.1365 -1.0453 0.1368 0.1341 -1.0409 0.1166 0.1552 -1.0507 0.1226 0.148 -1.0569 0.1279 0.142 -1.0595 0.1324 0.1371 -1.0523 0.1195 0.1511
195.0 -1.0534 0.0978 0.1731 -1.0351 0.129 0.1431 -1.0313 0.1222 0.1504 -1.0346 0.1309 0.1412 -1.0423 0.1347 0.1365 -1.0453 0.1368 0.1341 -1.0409 0.1166 0.1552 -1.0507 0.1226 0.148 -1.0569 0.1279 0.142 -1.0595 0.1324 0.1371 -1.0523 0.1195 0.1511
195.0 -1.0534 0.0978 0.1731 -1.0351 0.129 0.1431 -1.0313 0.1222 0.1504 -1.0346 0.1309 0.1412 -1.0423 0.1347 0.1365 -1.0453 0.1368 0.1341 -1.0409 0.1166 0.1552 -1.0507 0.1226 0.148 -1.0569 0.1279 0.142 -1.0595 0.1324 0.1371 -1.0523 0.1195 0.1511
195.0 -1.0534 0.0978 0.1731 -1.0351 0.129 0.1431 -1.0313 0.1222 0.1504 -1.0346 0.1309 0.1412 -1.0423 0.1347 0.1365 -1.0453 0.1368 0.1341 -1.0409 0.1166 0.1552 -1.0507 0.1226 0.148 -1.0569 0.1279 0.142 -1.0595 0.1324 0.1371 -1.0523 0.1195 0.1511
195.0 -1.0534 0.0978 0.1731 -1.0351 0.129 0.1431 -1.0313 0.1222 0.1504 -1.0346 0.1309 0.1412 -1.0423 0.1347 0.1365 -1.0453 0.1368 0.1341 -1.0409 0.1166 0.1552 -1.0507 0.1226 0.148 -1.0569 0.1279 0.142 -1.0595 0.1324 0.1371 -1.0523 0.1195 0.1511
195.0 -1.0534 0.0978 0.1731 -1.0351 0.129 0.1431 -1.0313 0.1222 0.1504 -1.0346 0.1309 0.1412 -1.0423 0.1347 0.1365 -1.0453 0.1368 0.1341 -1.0409 0.1166 0.1552 -1.0507 0.1226 0.148 -1.0569 0.1279 0.142 -1.0595 0.1324 0.1371 -1.0523 0.1195 0.1511
195.0 -1.0534 0.0978 0.1731 -1.0351 0.129 0.1431 -1.0313 0.1222 0.1504 -1.0346 0.1309 0.1412 -1.0423 0.1347 0.1365 -1.0453 0.1368 0.1341 -1.0409 0.1166 0.1552 -1.0507 0.1226 0.148 -1.0569 0.1279 0.142 -1.0595 0.1324 0.1371 -1.0523 0.1195 0.1511
195.0 -1.0534 0.0978 0.1731 -1.0351 0.129 0.1431 -1.0313 0.1222 0.1504 -1.0346 0.1309 0.1412 -1.0423 0.1347 0.1365 -1.0453 0.1368 0.1341 -1.0409 0.1166 0.1552 -1.0507 0.1226 0.148 -1.0569 0.1279 0.142 -1.0595 0.1324 0.1371 -1.0523 0.1195 0.1511
195.0 -1.0534 0.0978 0.1731 -1.0351 0.129 0.1431 -1.0313 0.1222 0.1504 -1.0346 0.1309 0.1412 -1.0423 0.1347 0.1365 -1.0453 0.1368 0.1341 -1.0409 0.1166 0.1552 -1.0507 0.1226 0.148 -1.0569 0.1279 0.142 -1.0595 0.1324 0.1371 -1.0523 0.1195 0.1511
195.0 -1.0534 0.0978 0.1731 -1.0351 0.129 0.1431 -1.0313 0.1222 0.1504 -1.0346 0.1309 0.1412 -1.0423 0.1347 0.1365 -1.0453 0.1368 0.1341 -1.0409 0.1166 0.1552 -1.0507 0.1226 0.148 -1.0569 0.1279 0.142 -1.0595 0.1324 0.1371 -1.0523 0.1195 0.1511
195.0 -1.0534 0.0978 0.1731 -1.0351 0.129 0.1431 -1.0313 0.1222 0.1504 -1.0346 0.1309 0.1412 -1.0423 0.1347 0.1365 -1.0453 0.1368 0.1341 -1.0409 0.1166 0.1552 -1.0507 0.1226 0.148 -1.0569 0.1279 0.142 -1.0595 0.1324 0.1371 -1.0523 0.1195 0.1511
195.0 -1.0534 0.0978 0.1731 -1.0351 0.129 0.1431 -1.0313 0.1222 0.1504 -1.0346 0.1309 0.1412 -1.0423 0.1347 0.1365 -1.0453 0.1368 0.1341 -1.0409 0.1166 0.1552 -1.0507 0.1226 0.148 -1.0569 0.1279 0.142 -1.0595 0.1324 0.1371 -1.0523 0.1195 0.1511
195.0 -1.0534 0.0978 0.1731 -1.0351 0.129 0.1431 -1.0313 0.1222 0.1504 -1.0346 0.1309 0.1412 -1.0423 0.1347 0.1365 -1.0453 0.1368 0.1341 -1.0409 0.1166 0.1552 -1.0507 0.1226 0.148 -1.0569 0.1279 0.142 -1.0595 0.1324 0.1371 -1.0523 0.1195 0.1511
195.0 -1.0534 0.0978 0.1731 -1.0351 0.129 0.1431 -1.0313 0.1222 0.1504 -1.0346 0.1309 0.1412 -1.0423 0.1347 0.1365 -1.0453 0.1368 0.1341 -1.0409 0.1166 0.1552 -1.0507 0.1226 0.148 -1.0569 0.1279 0.142 -1.0595 0.1324 0.1371 -1.0523 0.1195 0.1511
195.0 -1.0534 0.0978 0.1731 -1.0351 0.129 0.1431 -1.0313 0.1222 0.1504 -1.0346 0.1309 0.1412 -1.0423 0.1347 0.1365 -1.0453 0.1368 0.1341 -1.0409 0.1166 0.1552 -1.0507 0.1226 0.148 -1.0569 0.1279 0.142 -1.0595 0.1324 0.1371 -1.0523 0.1195 0.1511
195.0 -1.0534 0.0978 0.1731 -1.0351 0.129 0.1431 -1.0313 0.1222 0.1504 -1.0346 0.1309 0.1412 -1.0423 0.1347 0.1365 -1.0453 0.1368 0.1341 -1.0409 0.1166 0.1552 -1.0507 0.1226 0.148 -1.0569 0.1279 0.142 -1.0595 0.1324 0.1371 -1.0523 0.1195 0.1511
195.0 -1.0534 0.0978 0.1731 -1.0351 0.129 0.1431 -1.0313 0.1222 0.1504 -1.0346 0.1309 0.1412 -1.0423 0.1347 0.1365 -1.0453 0.1368 0.1341 -1.0409 0.1166 0.1552 -1.0507 0.1226 0.148 -1.0569 0.1279 0.142 -1.0595 0.1324 0.1371 -1.0523 0.1195 0.1511
