1.0 -1.294 0.0348 0.2137 -1.2029 0.022 0.2358 -1.164 0.0462 0.2149 -1.1602 0.0596 0.2016 -1.1728 0.0664 0.1934 -1.1977 0.0728 0.1843 -1.2271 0.0298 0.2255 -1.2291 0.0411 0.2137 -1.2369 0.0504 0.2033 -1.2481 0.0593 0.1932 -1.247 0.0431 0.2099
2.0 -1.2922 0.035 0.2136 -1.202 0.0222 0.2357 -1.164 0.0462 0.2149 -1.1601 0.059 0.2022 -1.1721 0.0671 0.1927 -1.1969 0.0735 0.1837 -1.2271 0.0298 0.2255 -1.2291 0.0411 0.2137 -1.236 0.0506 0.2033 -1.2473 0.0594 0.1931 -1.2463 0.0432 0.2098
3.0 -1.294 0.0348 0.2137 -1.2029 0.022 0.2358 -1.1639 0.0456 0.2155 -1.1601 0.059 0.2022 -1.1729 0.067 0.1928 -1.1986 0.0727 0.1844 -1.2271 0.0298 0.2255 -1.2291 0.0411 0.2137 -1.236 0.0506 0.2033 -1.2481 0.0593 0.1932 -1.2469 0.0431 0.2099
4.0 -1.2921 0.0344 0.2142 -1.203 0.0226 0.2351 -1.164 0.0462 0.2149 -1.1603 0.0602 0.201 -1.1739 0.0675 0.1922 -1.1987 0.0733 0.1838 -1.2272 0.0304 0.2248 -1.2292 0.0417 0.213 -1.237 0.051 0.2027 -1.249 0.0592 0.1932 -1.2469 0.0433 0.2096
5.0 -1.2932 0.0355 0.213 -1.2035 0.0207 0.237 -1.1641 0.0468 0.2143 -1.1591 0.0585 0.2028 -1.172 0.0665 0.1933 -1.1978 0.0734 0.1837 -1.2271 0.0298 0.2255 -1.2292 0.0417 0.213 -1.2361 0.0512 0.2027 -1.2481 0.0593 0.1932 -1.2467 0.0435 0.2095
6.0 -1.2956 0.034 0.2144 -1.2029 0.022 0.2358 -1.165 0.0467 0.2143 -1.1608 0.0583 0.2029 -1.1728 0.0664 0.1934 -1.1977 0.0728 0.1843 -1.2271 0.0298 0.2255 -1.2291 0.0411 0.2137 -1.2369 0.0504 0.2033 -1.2479 0.0581 0.1944 -1.2473 0.0427 0.2102
7.0 -1.2901 0.0378 0.211 -1.1989 0.0244 0.2337 -1.1598 0.0474 0.2141 -1.156 0.0607 0.2008 -1.1661 0.0679 0.1925 -1.1928 0.0747 0.1829 -1.2246 0.0307 0.2247 -1.2258 0.0422 0.2129 -1.2327 0.0516 0.2026 -1.2446 0.0592 0.1937 -1.2435 0.0443 0.209
8.0 -1.292 0.0387 0.2099 -1.1988 0.0238 0.2343 -1.159 0.0475 0.2141 -1.1559 0.0601 0.2015 -1.1669 0.0678 0.1925 -1.1936 0.0746 0.1829 -1.2247 0.0313 0.2241 -1.2267 0.0426 0.2123 -1.2327 0.0516 0.2026 -1.2446 0.0592 0.1937 -1.2441 0.0447 0.2085
9.0 -1.2919 0.0381 0.2105 -1.198 0.0245 0.2337 -1.1591 0.0481 0.2134 -1.156 0.0607 0.2008 -1.1662 0.0685 0.1919 -1.1919 0.0748 0.1829 -1.2246 0.0307 0.2247 -1.2258 0.0422 0.2129 -1.2327 0.0516 0.2026 -1.2438 0.0599 0.193 -1.2438 0.0445 0.2087
10.0 -1.2919 0.0381 0.2105 -1.1987 0.0232 0.235 -1.159 0.0475 0.2141 -1.1559 0.0601 0.2015 -1.1661 0.0679 0.1925 -1.1929 0.0753 0.1823 -1.2247 0.0313 0.2241 -1.2259 0.0428 0.2123 -1.2318 0.0517 0.2025 -1.243 0.06 0.193 -1.2435 0.0448 0.2085
11.0 -1.2907 0.0365 0.2123 -1.1979 0.0239 0.2343 -1.1591 0.0481 0.2134 -1.156 0.0607 0.2008 -1.1679 0.0683 0.1919 -1.1929 0.0753 0.1823 -1.223 0.0315 0.224 -1.2251 0.0435 0.2116 -1.2319 0.0523 0.2019 -1.2439 0.0605 0.1924 -1.2429 0.0449 0.2085
12.0 -1.2909 0.0376 0.2111 -1.1989 0.0244 0.2337 -1.1591 0.0481 0.2134 -1.156 0.0607 0.2008 -1.1659 0.0673 0.1931 -1.1928 0.0747 0.1829 -1.223 0.0315 0.224 -1.2249 0.0423 0.2129 -1.2309 0.0513 0.2031 -1.2429 0.0594 0.1936 -1.2425 0.0444 0.2089
13.0 -1.2918 0.0375 0.2111 -1.198 0.0245 0.2337 -1.159 0.0475 0.2141 -1.156 0.0607 0.2008 -1.1679 0.0683 0.1919 -1.1912 0.0761 0.1816 -1.2231 0.0321 0.2234 -1.2251 0.0435 0.2116 -1.232 0.0529 0.2013 -1.2432 0.0612 0.1917 -1.243 0.0455 0.2078
14.0 -1.29 0.0372 0.2117 -1.1988 0.0238 0.2343 -1.1591 0.0481 0.2134 -1.1551 0.0609 0.2008 -1.168 0.0689 0.1913 -1.1937 0.0752 0.1823 -1.223 0.0315 0.224 -1.225 0.0429 0.2123 -1.2319 0.0523 0.2019 -1.2431 0.0606 0.1923 -1.2426 0.0449 0.2084
15.0 -1.2894 0.0391 0.2098 -1.1979 0.0239 0.2343 -1.159 0.0475 0.2141 -1.1551 0.0609 0.2008 -1.1659 0.0673 0.1931 -1.1912 0.0761 0.1816 -1.2238 0.0308 0.2247 -1.225 0.0429 0.2123 -1.231 0.0518 0.2025 -1.2431 0.0606 0.1923 -1.2424 0.045 0.2083
16.0 -1.2902 0.0384 0.2104 -1.1989 0.0244 0.2337 -1.1599 0.048 0.2135 -1.1552 0.0615 0.2002 -1.167 0.0684 0.1919 -1.1928 0.0747 0.1829 -1.2239 0.0314 0.2241 -1.226 0.0434 0.2117 -1.2328 0.0522 0.2019 -1.2439 0.0605 0.1924 -1.2433 0.0452 0.2081
17.0 -1.291 0.0382 0.2104 -1.1979 0.0239 0.2343 -1.1582 0.0482 0.2134 -1.1551 0.0609 0.2008 -1.1661 0.0679 0.1925 -1.1919 0.0748 0.1829 -1.2229 0.0309 0.2247 -1.2249 0.0423 0.2129 -1.2318 0.0517 0.2025 -1.243 0.06 0.193 -1.2427 0.0446 0.2087
18.0 -1.2919 0.0381 0.2105 -1.1988 0.0238 0.2343 -1.159 0.0475 0.2141 -1.1561 0.0613 0.2002 -1.1669 0.0678 0.1925 -1.1928 0.0747 0.1829 -1.2238 0.0308 0.2247 -1.2259 0.0428 0.2123 -1.2328 0.0522 0.2019 -1.2439 0.0605 0.1924 -1.2436 0.0449 0.2084
19.0 -1.2911 0.0388 0.2098 -1.1989 0.0244 0.2337 -1.159 0.0475 0.2141 -1.1551 0.0609 0.2008 -1.1669 0.0678 0.1925 -1.1926 0.0741 0.1835 -1.223 0.0315 0.224 -1.2251 0.0435 0.2116 -1.2319 0.0523 0.2019 -1.2439 0.0605 0.1924 -1.243 0.0453 0.208
20.0 -1.2919 0.0381 0.2105 -1.1989 0.0244 0.2337 -1.1598 0.0474 0.2141 -1.156 0.0607 0.2008 -1.1687 0.0682 0.192 -1.192 0.0754 0.1823 -1.2239 0.0314 0.2241 -1.2259 0.0428 0.2123 -1.2319 0.0523 0.2019 -1.2431 0.0606 0.1923 -1.2433 0.045 0.2082
21.0 -1.2928 0.038 0.2105 -1.1988 0.0238 0.2343 -1.1582 0.0482 0.2134 -1.157 0.0612 0.2003 -1.167 0.0684 0.1919 -1.1945 0.0745 0.183 -1.2239 0.0314 0.2241 -1.2259 0.0428 0.2123 -1.2327 0.0516 0.2026 -1.2438 0.0599 0.193 -1.2438 0.0447 0.2085
22.0 -1.2898 0.036 0.2129 -1.1988 0.0238 0.2343 -1.1599 0.048 0.2135 -1.1561 0.0613 0.2002 -1.168 0.0689 0.1913 -1.1945 0.0745 0.183 -1.223 0.0315 0.224 -1.226 0.0434 0.2117 -1.2328 0.0522 0.2019 -1.2448 0.0604 0.1924 -1.2433 0.0447 0.2086
23.0 -1.2907 0.0365 0.2123 -1.1995 0.0231 0.235 -1.16 0.0486 0.2129 -1.1559 0.0601 0.2015 -1.1686 0.0676 0.1926 -1.1952 0.0738 0.1836 -1.2238 0.0308 0.2247 -1.2266 0.0421 0.2129 -1.2335 0.0515 0.2026 -1.2456 0.0603 0.1924 -1.2441 0.0442 0.209
24.0 -1.2923 0.0356 0.213 -1.1998 0.0243 0.2338 -1.1607 0.0473 0.2141 -1.1577 0.0605 0.2009 -1.1686 0.0676 0.1926 -1.1944 0.0739 0.1836 -1.2238 0.0308 0.2247 -1.2258 0.0422 0.2129 -1.2327 0.0516 0.2026 -1.2438 0.0599 0.193 -1.2437 0.044 0.2092
25.0 -1.2933 0.0361 0.2124 -1.1988 0.0238 0.2343 -1.1599 0.048 0.2135 -1.1577 0.0605 0.2009 -1.1686 0.0676 0.1926 -1.1944 0.0739 0.1836 -1.2246 0.0307 0.2247 -1.2266 0.0421 0.2129 -1.2334 0.0509 0.2032 -1.2447 0.0598 0.193 -1.2445 0.0439 0.2093
26.0 -1.2933 0.0361 0.2124 -1.1998 0.0243 0.2338 -1.1607 0.0473 0.2141 -1.1577 0.0605 0.2009 -1.1695 0.0675 0.1926 -1.1943 0.0733 0.1842 -1.2246 0.0307 0.2247 -1.2266 0.0421 0.2129 -1.2334 0.0509 0.2032 -1.2455 0.0597 0.1931 -1.2447 0.0439 0.2093
27.0 -1.2941 0.0354 0.2131 -1.1998 0.0243 0.2338 -1.1615 0.0472 0.2142 -1.1568 0.06 0.2015 -1.1686 0.0676 0.1926 -1.1934 0.0734 0.1842 -1.2246 0.0307 0.2247 -1.2266 0.0421 0.2129 -1.2327 0.0516 0.2026 -1.2447 0.0598 0.193 -1.2445 0.0439 0.2093
28.0 -1.2941 0.0354 0.2131 -1.2013 0.0229 0.2351 -1.1607 0.0473 0.2141 -1.1575 0.0593 0.2021 -1.1704 0.0674 0.1927 -1.1953 0.0744 0.183 -1.2255 0.0306 0.2248 -1.2275 0.0419 0.213 -1.2343 0.0508 0.2032 -1.2463 0.0589 0.1937 -1.2455 0.0435 0.2096
29.0 -1.2951 0.0365 0.2119 -1.2007 0.0248 0.2332 -1.1615 0.0472 0.2142 -1.1568 0.06 0.2015 -1.1686 0.0676 0.1926 -1.1944 0.0739 0.1836 -1.2256 0.0312 0.2241 -1.2266 0.0421 0.2129 -1.2334 0.0509 0.2032 -1.2455 0.0597 0.1931 -1.2453 0.0441 0.209
30.0 -1.2931 0.0349 0.2136 -1.2007 0.0248 0.2332 -1.1624 0.0471 0.2142 -1.1585 0.0598 0.2016 -1.1695 0.0675 0.1926 -1.1961 0.0737 0.1837 -1.2246 0.0307 0.2247 -1.2275 0.0419 0.213 -1.2344 0.0514 0.2026 -1.2455 0.0597 0.1931 -1.245 0.0437 0.2094
31.0 -1.2924 0.0362 0.2124 -1.1998 0.0243 0.2338 -1.1623 0.0465 0.2148 -1.1585 0.0598 0.2016 -1.1704 0.0674 0.1927 -1.1961 0.0737 0.1837 -1.2263 0.0305 0.2248 -1.2283 0.0418 0.213 -1.2353 0.0513 0.2027 -1.2464 0.0595 0.1931 -1.2458 0.0439 0.2092
32.0 -1.2932 0.0355 0.213 -1.2006 0.0242 0.2338 -1.1615 0.0472 0.2142 -1.1586 0.0604 0.2009 -1.1705 0.068 0.192 -1.1952 0.0738 0.1836 -1.2246 0.0307 0.2247 -1.2275 0.0419 0.213 -1.2344 0.0514 0.2026 -1.2465 0.0601 0.1925 -1.2452 0.0439 0.2092
33.0 -1.2923 0.0356 0.213 -1.2016 0.0247 0.2332 -1.1615 0.0472 0.2142 -1.1577 0.0605 0.2009 -1.1705 0.068 0.192 -1.1953 0.0744 0.183 -1.2264 0.0311 0.2242 -1.2284 0.0424 0.2124 -1.2354 0.0519 0.202 -1.2465 0.0601 0.1925 -1.2458 0.0442 0.2088
34.0 -1.2943 0.0366 0.2118 -1.2007 0.0248 0.2332 -1.1617 0.0484 0.2129 -1.1595 0.0609 0.2004 -1.1713 0.0678 0.1921 -1.1963 0.0749 0.1824 -1.2256 0.0312 0.2241 -1.2276 0.0425 0.2124 -1.2345 0.052 0.202 -1.2456 0.0603 0.1924 -1.2455 0.0445 0.2086
35.0 -1.2937 0.0385 0.2099 -1.1998 0.0243 0.2338 -1.1617 0.0484 0.2129 -1.1588 0.0616 0.1997 -1.1705 0.068 0.192 -1.1963 0.0749 0.1824 -1.2266 0.0317 0.2236 -1.2285 0.043 0.2118 -1.2355 0.0525 0.2014 -1.2466 0.0607 0.1919 -1.2462 0.0453 0.2077
36.0 -1.2928 0.038 0.2105 -1.1999 0.0249 0.2331 -1.162 0.0496 0.2117 -1.1579 0.0617 0.1997 -1.1698 0.0693 0.1908 -1.1955 0.0756 0.1818 -1.2248 0.0319 0.2235 -1.2268 0.0432 0.2117 -1.2338 0.0527 0.2014 -1.2449 0.061 0.1918 -1.2446 0.0454 0.2078
37.0 -1.2906 0.0359 0.2129 -1.1984 0.0269 0.2312 -1.1603 0.0504 0.211 -1.1573 0.063 0.1984 -1.1684 0.0713 0.1888 -1.1939 0.0764 0.1811 -1.2224 0.0329 0.2228 -1.2242 0.0436 0.2116 -1.232 0.0529 0.2013 -1.2441 0.0617 0.1911 -1.2427 0.0454 0.2079
38.0 -1.2903 0.039 0.2098 -1.1967 0.0272 0.2311 -1.1586 0.0506 0.2109 -1.1556 0.0632 0.1983 -1.1674 0.0708 0.1894 -1.1923 0.0772 0.1804 -1.2209 0.0343 0.2215 -1.2237 0.0455 0.2097 -1.2305 0.0543 0.2 -1.2416 0.062 0.191 -1.2414 0.047 0.2064
39.0 -1.2857 0.0377 0.2115 -1.1926 0.0289 0.2297 -1.1544 0.0518 0.2101 -1.1505 0.0645 0.1975 -1.1641 0.0719 0.1887 -1.1879 0.0772 0.1808 -1.2173 0.0341 0.222 -1.2193 0.0455 0.2102 -1.2262 0.0549 0.1998 -1.2381 0.0625 0.1909 -1.2373 0.047 0.2069
40.0 -1.2789 0.0393 0.2106 -1.1857 0.0293 0.2301 -1.1483 0.052 0.2105 -1.1455 0.0658 0.1967 -1.1583 0.0739 0.1872 -1.182 0.0786 0.18 -1.2104 0.0351 0.2217 -1.2124 0.0464 0.2099 -1.2193 0.0553 0.2002 -1.2304 0.0635 0.1906 -1.2303 0.0479 0.2066
41.0 -1.2736 0.0394 0.211 -1.1777 0.0291 0.231 -1.1389 0.0533 0.2102 -1.1368 0.0664 0.197 -1.1486 0.074 0.1881 -1.1742 0.0791 0.1803 -1.2036 0.036 0.2214 -1.2047 0.0475 0.2096 -1.2116 0.0569 0.1992 -1.2226 0.0646 0.1903 -1.2232 0.0489 0.2063
42.0 -1.2645 0.0375 0.2138 -1.1691 0.0303 0.2307 -1.1315 0.0512 0.213 -1.1284 0.0639 0.2004 -1.1397 0.0733 0.1896 -1.1671 0.0788 0.1813 -1.1944 0.0342 0.2242 -1.1957 0.0462 0.2117 -1.2026 0.0557 0.2014 -1.2146 0.0638 0.1919 -1.2144 0.0475 0.2086
43.0 -1.2506 0.0382 0.2145 -1.1645 0.0291 0.2324 -1.1224 0.05 0.2152 -1.1191 0.0608 0.2044 -1.1298 0.0716 0.1923 -1.1543 0.0762 0.1852 -1.1849 0.03 0.2294 -1.1853 0.0421 0.217 -1.1897 0.0525 0.2059 -1.2002 0.0621 0.1951 -1.2021 0.045 0.2124
44.0 -1.2285 0.0375 0.2174 -1.1428 0.0308 0.2328 -1.1095 0.0463 0.2203 -1.1097 0.0578 0.2084 -1.1182 0.0659 0.1994 -1.1403 0.0714 0.1915 -1.1688 0.0285 0.2326 -1.1691 0.04 0.2207 -1.1744 0.0503 0.2097 -1.1831 0.0595 0.1994 -1.1848 0.0432 0.2159
45.0 -1.2093 0.0334 0.2235 -1.1127 0.0397 0.2266 -1.0958 0.0438 0.2241 -1.0968 0.0541 0.2135 -1.1065 0.0595 0.207 -1.125 0.0643 0.2003 -1.1507 0.0303 0.2325 -1.1542 0.0402 0.222 -1.1591 0.0481 0.2134 -1.1663 0.0545 0.2062 -1.1679 0.0413 0.2195
45.0 -1.2093 0.0334 0.2235 -1.1127 0.0397 0.2266 -1.0958 0.0438 0.2241 -1.0968 0.0541 0.2135 -1.1065 0.0595 0.207 -1.125 0.0643 0.2003 -1.1507 0.0303 0.2325 -1.1542 0.0402 0.222 -1.1591 0.0481 0.2134 -1.1663 0.0545 0.2062 -1.1679 0.0413 0.2195
47.0 -1.1824 0.0254 0.2343 -1.0898 0.0294 0.2395 -1.0601 0.0358 0.2358 -1.0603 0.0419 0.2296 -1.0676 0.0434 0.2274 -1.0843 0.0429 0.2262 -1.1191 0.0156 0.2506 -1.12 0.021 0.245 -1.1237 0.0272 0.2383 -1.1309 0.033 0.2317 -1.1352 0.0245 0.24
48.0 -1.1675 0.0207 0.2406 -1.0722 0.0293 0.2413 -1.0417 0.031 0.2426 -1.0427 0.0369 0.2364 -1.0501 0.039 0.2336 -1.0599 0.0395 0.2321 -1.1071 0.0124 0.2551 -1.107 0.0173 0.2502 -1.108 0.0226 0.2446 -1.1106 0.0278 0.2391 -1.12 0.0202 0.2459
49.0 -1.1205 0.0136 0.2525 -1.0428 0.0272 0.2464 -1.0199 0.0321 0.2437 -1.0214 0.0356 0.24 -1.0285 0.0358 0.239 -1.0382 0.0363 0.2375 -1.0627 0.0153 0.2566 -1.0645 0.0206 0.251 -1.067 0.0245 0.2467 -1.0712 0.0288 0.2419 -1.0772 0.0206 0.2497
50.0 -1.1309 0.0128 0.2523 -1.0334 0.0339 0.2404 -1.005 0.0225 0.2549 -1.0065 0.026 0.2513 -1.0175 0.0287 0.2473 -1.0333 0.0333 0.2411 -1.0638 0.0066 0.2653 -1.0655 0.0113 0.2604 -1.0691 0.0169 0.2543 -1.0737 0.023 0.2476 -1.0806 0.0141 0.256
51.0 -1.1199 0.0106 0.2556 -1.0234 0.0322 0.2432 -0.9924 0.0205 0.2582 -0.9941 0.0252 0.2533 -1.0028 0.0301 0.2474 -1.021 0.0332 0.2424 -1.0601 0.0053 0.2671 -1.0596 0.0078 0.2646 -1.0614 0.013 0.259 -1.0642 0.0188 0.2529 -1.073 0.0111 0.2598
52.0 -1.1142 0.0132 0.2536 -1.0023 0.0369 0.2405 -0.9756 0.0252 0.2551 -0.9811 0.0263 0.2534 -0.9924 0.0309 0.2476 -1.0126 0.0355 0.2409 -1.0424 0.0046 0.2695 -1.0446 0.0074 0.2665 -1.0491 0.0129 0.2604 -1.0536 0.0184 0.2543 -1.0608 0.0113 0.2608
53.0 -1.0977 0.0143 0.2542 -0.9897 0.0404 0.2381 -0.9631 0.0245 0.2571 -0.9695 0.0255 0.2554 -0.9806 0.0288 0.2509 -1.0008 0.0334 0.2442 -1.0243 0.0071 0.2688 -1.0275 0.0103 0.2652 -1.0337 0.0156 0.2592 -1.04 0.0214 0.2526 -1.0447 0.0137 0.26
54.0 -1.084 0.0112 0.2586 -0.978 0.0439 0.2358 -0.9512 0.0267 0.256 -0.9606 0.0248 0.257 -0.9719 0.0245 0.2562 -0.9888 0.0253 0.2537 -1.0107 0.0095 0.2677 -1.015 0.0089 0.2678 -1.0206 0.0112 0.2649 -1.0275 0.0152 0.2602 -1.0315 0.0112 0.2638
55.0 -1.0771 0.0121 0.2584 -0.9638 0.0482 0.2327 -0.9449 0.0306 0.2526 -0.9532 0.0283 0.2542 -0.9657 0.029 0.2522 -0.9825 0.0298 0.2497 -0.9994 0.0104 0.2678 -1.0055 0.0102 0.2675 -1.0139 0.0127 0.264 -1.0225 0.0171 0.2587 -1.0237 0.0125 0.2633
56.0 -1.0674 0.0122 0.2592 -0.9555 0.0512 0.2305 -0.935 0.0344 0.2497 -0.944 0.0307 0.2526 -0.955 0.028 0.2543 -0.9706 0.0271 0.2536 -0.9905 0.0147 0.2644 -0.9958 0.0103 0.2683 -1.0029 0.0106 0.2674 -1.0112 0.0125 0.2645 -1.0136 0.0121 0.2648
57.0 -1.0609 0.0149 0.2571 -0.9476 0.0565 0.2259 -0.9287 0.0389 0.2457 -0.9419 0.0389 0.2444 -0.9557 0.0371 0.2449 -0.972 0.0349 0.2455 -0.9805 0.0179 0.2621 -0.9879 0.015 0.2643 -0.9969 0.0163 0.2621 -1.0061 0.0187 0.2587 -1.0064 0.0166 0.2609
58.0 -1.0516 0.0174 0.2555 -0.9351 0.06 0.2235 -0.9262 0.0447 0.24 -0.9386 0.0449 0.2386 -0.949 0.0441 0.2384 -0.9635 0.0415 0.2396 -0.9711 0.0197 0.2611 -0.9787 0.0181 0.262 -0.9877 0.0193 0.2599 -0.9971 0.0223 0.2559 -0.9973 0.0194 0.2589
59.0 -1.0423 0.0193 0.2545 -0.9294 0.0626 0.2214 -0.9219 0.0502 0.2349 -0.9333 0.0499 0.2341 -0.9423 0.0462 0.2369 -0.9559 0.0432 0.2387 -0.9628 0.0227 0.2589 -0.9705 0.021 0.2598 -0.9803 0.0222 0.2577 -0.9897 0.0252 0.2537 -0.9891 0.0221 0.2569
60.0 -1.0391 0.0209 0.2531 -0.926 0.0637 0.2207 -0.9202 0.0504 0.2348 -0.9337 0.0523 0.2316 -0.9438 0.0497 0.2332 -0.9578 0.0441 0.2375 -0.9595 0.0237 0.2582 -0.9688 0.0219 0.2592 -0.9777 0.0225 0.2576 -0.9878 0.0248 0.2543 -0.9866 0.0228 0.2565
61.0 -1.0306 0.0227 0.2522 -0.9237 0.0652 0.2193 -0.922 0.0508 0.2342 -0.9376 0.0542 0.2292 -0.9451 0.052 0.2308 -0.9538 0.0465 0.2355 -0.9555 0.0261 0.2561 -0.9628 0.0227 0.2589 -0.9717 0.0233 0.2574 -0.9809 0.0251 0.2546 -0.9803 0.024 0.2559
62.0 -1.0264 0.0239 0.2514 -0.9198 0.0682 0.2167 -0.9228 0.0501 0.2349 -0.9391 0.0528 0.2305 -0.9485 0.0515 0.2309 -0.9564 0.0462 0.2356 -0.9507 0.0286 0.2541 -0.9598 0.0255 0.2563 -0.9696 0.0261 0.2548 -0.9787 0.0279 0.252 -0.977 0.0264 0.2537
63.0 -1.0214 0.0258 0.25 -0.9182 0.069 0.216 -0.9182 0.0489 0.2366 -0.9319 0.0519 0.2321 -0.9412 0.05 0.2331 -0.9501 0.0452 0.2372 -0.9491 0.0294 0.2534 -0.9582 0.0264 0.2556 -0.9669 0.0258 0.2553 -0.9759 0.027 0.2532 -0.9743 0.0269 0.2535
64.0 -1.0213 0.0252 0.2506 -0.9181 0.0684 0.2166 -0.9173 0.049 0.2366 -0.9298 0.0503 0.2339 -0.9393 0.0491 0.2343 -0.9497 0.0434 0.2391 -0.95 0.0299 0.2528 -0.9581 0.0258 0.2562 -0.9667 0.0246 0.2566 -0.9756 0.0252 0.2551 -0.9743 0.0261 0.2543
65.0 -1.0207 0.0265 0.2493 -0.9147 0.0695 0.2158 -0.9201 0.0498 0.2354 -0.932 0.0525 0.2315 -0.9387 0.0504 0.233 -0.9475 0.0455 0.2371 -0.9485 0.0313 0.2515 -0.9567 0.0278 0.2543 -0.9654 0.0272 0.254 -0.9734 0.028 0.2525 -0.9729 0.0282 0.2523
66.0 -1.0223 0.0257 0.25 -0.9182 0.069 0.216 -0.9177 0.0514 0.2341 -0.9322 0.0537 0.2303 -0.9389 0.0516 0.2318 -0.9468 0.0468 0.2358 -0.9491 0.0294 0.2534 -0.9582 0.0264 0.2556 -0.967 0.0264 0.2547 -0.9753 0.0283 0.2519 -0.9744 0.0272 0.2531
67.0 -1.0227 0.028 0.2475 -0.9149 0.0456 0.2402 -0.9116 0.0717 0.2139 -0.9233 0.058 0.2268 -0.9312 0.0532 0.2308 -0.9436 0.0485 0.2345 -0.957 0.0448 0.2368 -0.9643 0.0463 0.2346 -0.9714 0.0466 0.2337 -0.9772 0.0446 0.2351 -0.9785 0.0421 0.2376
68.0 -1.0226 0.0274 0.2481 -0.9157 0.04 0.2459 -0.9117 0.0723 0.2132 -0.9224 0.0581 0.2268 -0.9327 0.0518 0.2322 -0.9452 0.0477 0.2351 -0.9598 0.0506 0.2307 -0.967 0.0514 0.2291 -0.9737 0.0493 0.2306 -0.9782 0.045 0.2345 -0.9802 0.0448 0.2346
69.0 -1.0243 0.0272 0.2482 -0.9182 0.069 0.216 -0.9153 0.0529 0.2327 -0.9299 0.0558 0.2283 -0.9365 0.0531 0.2304 -0.9463 0.0487 0.2339 -0.95 0.0299 0.2528 -0.9576 0.0283 0.2537 -0.9666 0.0289 0.2522 -0.9741 0.0316 0.2487 -0.9745 0.0292 0.2511
70.0 -1.0215 0.0264 0.2493 -0.9166 0.0699 0.2153 -0.9165 0.0497 0.2359 -0.93 0.0509 0.2333 -0.941 0.0488 0.2344 -0.9507 0.0439 0.2385 -0.9482 0.0295 0.2534 -0.9564 0.026 0.2562 -0.9659 0.0253 0.2559 -0.9748 0.026 0.2544 -0.9734 0.0266 0.2538
71.0 -1.0231 0.0255 0.25 -0.9198 0.0682 0.2167 -0.9174 0.0496 0.2359 -0.9308 0.0508 0.2333 -0.9403 0.0496 0.2337 -0.9491 0.0447 0.2378 -0.9499 0.0293 0.2534 -0.9571 0.0253 0.2568 -0.9668 0.0252 0.256 -0.9758 0.0264 0.2538 -0.9746 0.0264 0.254
72.0 -1.0233 0.0261 0.2494 -0.9198 0.0682 0.2167 -0.9157 0.0498 0.2359 -0.9291 0.0511 0.2333 -0.9367 0.0494 0.2342 -0.9464 0.0444 0.2383 -0.9517 0.0297 0.2529 -0.9591 0.0263 0.2557 -0.9669 0.0258 0.2553 -0.9742 0.0273 0.2531 -0.975 0.027 0.2533
73.0 -1.024 0.0254 0.2501 -0.9183 0.0696 0.2154 -0.9171 0.0478 0.2378 -0.9317 0.0507 0.2334 -0.941 0.0488 0.2344 -0.9497 0.0434 0.2391 -0.9517 0.0297 0.2529 -0.9598 0.0255 0.2563 -0.9684 0.0244 0.2566 -0.9766 0.0257 0.2545 -0.9761 0.0261 0.2541
74.0 -1.0251 0.0265 0.2489 -0.9166 0.0699 0.2153 -0.9184 0.0501 0.2353 -0.9339 0.0535 0.2303 -0.9433 0.0516 0.2313 -0.9521 0.0467 0.2354 -0.9481 0.029 0.254 -0.9572 0.0259 0.2562 -0.9679 0.0263 0.2548 -0.9769 0.0275 0.2526 -0.975 0.027 0.2533
75.0 -1.024 0.0254 0.2501 -0.9193 0.0652 0.2198 -0.9147 0.0493 0.2365 -0.9284 0.0524 0.232 -0.9359 0.0495 0.2342 -0.9465 0.045 0.2377 -0.9537 0.0306 0.2517 -0.9601 0.0273 0.2545 -0.968 0.0269 0.2541 -0.9743 0.0279 0.2525 -0.976 0.0276 0.2526
76.0 -1.0256 0.0246 0.2507 -0.9181 0.0684 0.2166 -0.9192 0.05 0.2354 -0.9325 0.0506 0.2334 -0.9427 0.0486 0.2344 -0.9506 0.0433 0.2391 -0.9531 0.0277 0.2548 -0.9612 0.0235 0.2582 -0.9698 0.0224 0.2586 -0.9771 0.0238 0.2564 -0.9774 0.0244 0.2557
77.0 -1.0265 0.0245 0.2508 -0.9202 0.0657 0.2192 -0.9164 0.0491 0.2365 -0.9291 0.0511 0.2333 -0.9376 0.0493 0.2342 -0.9483 0.0454 0.2371 -0.9551 0.0286 0.2536 -0.9615 0.0253 0.2564 -0.9694 0.0249 0.2561 -0.9767 0.0263 0.2538 -0.9778 0.0259 0.2541
78.0 -1.0292 0.0247 0.2503 -0.9217 0.0643 0.2205 -0.9214 0.0521 0.233 -0.9363 0.0568 0.2267 -0.9438 0.0546 0.2282 -0.9528 0.0509 0.2311 -0.9539 0.0269 0.2555 -0.9615 0.0253 0.2564 -0.9705 0.0265 0.2542 -0.9789 0.0291 0.2508 -0.9788 0.0265 0.2534
79.0 -1.0353 0.0245 0.2499 -0.9233 0.0634 0.2212 -0.9218 0.0496 0.2355 -0.9325 0.0506 0.2334 -0.9418 0.0481 0.235 -0.9536 0.0453 0.2367 -0.9596 0.0243 0.2576 -0.9672 0.0227 0.2585 -0.9762 0.0239 0.2563 -0.9855 0.0264 0.2529 -0.9848 0.0244 0.255
80.0 -1.0388 0.0246 0.2494 -0.9263 0.06 0.2244 -0.9193 0.0457 0.2398 -0.929 0.0456 0.2389 -0.9376 0.0444 0.2392 -0.9515 0.0432 0.2391 -0.9637 0.0226 0.259 -0.9696 0.0212 0.2598 -0.9777 0.0225 0.2576 -0.9854 0.0258 0.2536 -0.987 0.0233 0.2559
81.0 -1.0458 0.0243 0.249 -0.9294 0.0577 0.2264 -0.926 0.0435 0.2413 -0.9357 0.0483 0.2354 -0.9445 0.0484 0.2345 -0.9582 0.0465 0.235 -0.9667 0.0197 0.2616 -0.9739 0.0206 0.26 -0.9824 0.0237 0.2559 -0.991 0.028 0.2507 -0.992 0.0233 0.2554
82.0 -1.0517 0.0229 0.2499 -0.9353 0.0514 0.2323 -0.9279 0.039 0.2457 -0.9358 0.0441 0.2398 -0.9431 0.0455 0.2376 -0.9564 0.0462 0.2356 -0.9759 0.0173 0.2632 -0.9814 0.0183 0.2615 -0.9883 0.0223 0.2568 -0.9952 0.0269 0.2514 -0.9985 0.0215 0.2566
83.0 -1.0552 0.0224 0.25 -0.9473 0.0498 0.2327 -0.9341 0.0345 0.2497 -0.9431 0.0357 0.2475 -0.9531 0.0374 0.2448 -0.9673 0.038 0.2429 -0.9842 0.0143 0.2654 -0.9888 0.0155 0.2637 -0.9956 0.0189 0.2596 -1.0016 0.023 0.2548 -1.0051 0.0188 0.2587
84.0 -1.0636 0.0207 0.251 -0.9548 0.047 0.2349 -0.9416 0.0323 0.2512 -0.9509 0.0347 0.2478 -0.9619 0.0375 0.2439 -0.9763 0.0392 0.2407 -0.9936 0.0124 0.2664 -0.9975 0.0149 0.2634 -1.0027 0.0191 0.2586 -1.0097 0.0243 0.2526 -1.0134 0.0183 0.2584
85.0 -1.0749 0.0198 0.2508 -0.9657 0.0443 0.2366 -0.9535 0.0294 0.2529 -0.9599 0.031 0.2507 -0.97 0.0333 0.2473 -0.9843 0.0351 0.2441 -1.0046 0.0103 0.2674 -1.0077 0.013 0.2644 -1.0138 0.0176 0.259 -1.02 0.0229 0.253 -1.0242 0.0167 0.2589
86.0 -1.0889 0.0191 0.2501 -0.9749 0.0412 0.2388 -0.9657 0.029 0.2522 -0.9719 0.0294 0.2512 -0.9809 0.0306 0.249 -0.9936 0.0326 0.2458 -1.0147 0.0077 0.2691 -1.0187 0.0103 0.2661 -1.0256 0.0142 0.2614 -1.0319 0.0201 0.2547 -1.036 0.0143 0.2603
87.0 -1.1008 0.0169 0.2512 -0.9887 0.04 0.2387 -0.9758 0.0264 0.2538 -0.9822 0.028 0.2516 -0.9934 0.0314 0.247 -1.0097 0.0341 0.2426 -1.0277 0.0066 0.2689 -1.0326 0.009 0.266 -1.0387 0.0137 0.2606 -1.0458 0.0194 0.254 -1.0491 0.0131 0.2601
88.0 -1.1076 0.0154 0.252 -1.0026 0.0387 0.2386 -0.9854 0.0258 0.2536 -0.9935 0.0271 0.2514 -1.0026 0.0289 0.2486 -1.0169 0.03 0.246 -1.0408 0.006 0.2682 -1.0436 0.0069 0.2671 -1.0486 0.0099 0.2635 -1.0529 0.0148 0.258 -1.0587 0.0106 0.2618
89.0 -1.1193 0.012 0.2544 -1.0147 0.0377 0.2385 -1.0029 0.0252 0.2524 -1.0073 0.0252 0.2519 -1.0165 0.0277 0.2485 -1.0291 0.0296 0.2453 -1.0515 0.0064 0.2667 -1.0543 0.0073 0.2656 -1.0599 0.0096 0.2627 -1.0651 0.0138 0.2579 -1.07 0.0098 0.2615
90.0 -1.1317 0.0127 0.2524 -1.0296 0.0375 0.2372 -1.0124 0.0245 0.2521 -1.018 0.0262 0.2498 -1.0272 0.0287 0.2464 -1.0433 0.0301 0.2433 -1.0626 0.0049 0.2672 -1.0658 0.0082 0.2635 -1.0718 0.0122 0.2588 -1.0789 0.0174 0.2528 -1.0822 0.0111 0.2589
91.0 -1.1446 0.011 0.2529 -1.0397 0.0349 0.2388 -1.0255 0.024 0.2514 -1.0319 0.0256 0.2491 -1.0428 0.0272 0.2464 -1.0581 0.0294 0.2426 -1.0733 0.0053 0.2657 -1.0789 0.0076 0.2628 -1.0857 0.011 0.2587 -1.0928 0.0161 0.2527 -1.0951 0.0102 0.2586
92.0 -1.1562 0.0119 0.2508 -1.0484 0.0343 0.2385 -1.0352 0.0239 0.2505 -1.0435 0.0265 0.2471 -1.0535 0.0282 0.2443 -1.0681 0.0311 0.2399 -1.0853 0.0037 0.2662 -1.0903 0.0073 0.262 -1.0972 0.0113 0.2573 -1.1043 0.017 0.2507 -1.1067 0.0102 0.2574
93.0 -1.1693 0.0113 0.2501 -1.0651 0.0339 0.2373 -1.0463 0.0224 0.2509 -1.0529 0.0246 0.2481 -1.0633 0.0287 0.2428 -1.0787 0.0315 0.2384 -1.0996 0.0048 0.2636 -1.1029 0.0087 0.2594 -1.1091 0.0139 0.2534 -1.1153 0.0192 0.2473 -1.1192 0.0116 0.2547
94.0 -1.1722 0.0127 0.2483 -1.0719 0.0324 0.2382 -1.0529 0.0246 0.2481 -1.0612 0.0271 0.2446 -1.0704 0.0289 0.2419 -1.0848 0.0313 0.2381 -1.1068 0.0057 0.262 -1.11 0.0089 0.2584 -1.1143 0.0138 0.2529 -1.1204 0.0185 0.2475 -1.1247 0.0119 0.2538
95.0 -1.1842 0.0111 0.2488 -1.0788 0.0321 0.2378 -1.0627 0.0251 0.2466 -1.0697 0.0254 0.2456 -1.0798 0.0277 0.2422 -1.0961 0.0303 0.2379 -1.1144 0.0041 0.2629 -1.1186 0.0078 0.2587 -1.1247 0.0124 0.2533 -1.1309 0.0177 0.2473 -1.1345 0.0106 0.2542
96.0 -1.1896 0.0116 0.2477 -1.0856 0.0305 0.2387 -1.0695 0.0242 0.2468 -1.075 0.0253 0.2452 -1.0868 0.0273 0.2419 -1.1049 0.0304 0.237 -1.1223 0.0042 0.262 -1.1265 0.0079 0.2578 -1.1326 0.0126 0.2524 -1.1397 0.0178 0.2464 -1.1421 0.0108 0.2533
97.0 -1.1894 0.0104 0.249 -1.0935 0.0307 0.2378 -1.0765 0.0238 0.2465 -1.082 0.0249 0.2448 -1.0922 0.0278 0.2408 -1.1101 0.0297 0.2372 -1.1286 0.0046 0.261 -1.1309 0.0079 0.2573 -1.1361 0.0127 0.2519 -1.1422 0.0174 0.2465 -1.1454 0.0106 0.2531
98.0 -1.1985 0.0123 0.2462 -1.0988 0.0306 0.2373 -1.0802 0.0246 0.2454 -1.0849 0.0264 0.243 -1.0981 0.0313 0.2367 -1.1186 0.0328 0.2331 -1.1336 0.0033 0.2618 -1.1371 0.0083 0.2563 -1.1427 0.0149 0.249 -1.15 0.0212 0.2418 -1.1524 0.012 0.251
99.0 -1.2065 0.0124 0.2453 -1.1032 0.0306 0.2369 -1.0827 0.0242 0.2455 -1.0895 0.0276 0.2414 -1.1064 0.0338 0.2333 -1.1241 0.0345 0.2308 -1.139 0.0038 0.2608 -1.1425 0.0088 0.2553 -1.1488 0.0147 0.2486 -1.156 0.0204 0.2421 -1.1585 0.012 0.2504
100.0 -1.2128 0.0134 0.2436 -1.1173 0.0305 0.2356 -1.0965 0.0224 0.246 -1.1032 0.0257 0.2419 -1.1163 0.0301 0.2361 -1.1329 0.0345 0.2299 -1.1498 0.0054 0.2581 -1.1533 0.0104 0.2526 -1.1588 0.0164 0.2459 -1.166 0.0227 0.2387 -1.1682 0.0137 0.2478
101.0 -1.2258 0.0171 0.2385 -1.1236 0.0364 0.2289 -1.1044 0.0323 0.2351 -1.1153 0.0345 0.2317 -1.13 0.038 0.2267 -1.1451 0.039 0.2242 -1.159 0.0078 0.2547 -1.163 0.0103 0.2517 -1.1682 0.0151 0.2463 -1.1744 0.0204 0.2403 -1.1781 0.0142 0.2463
102.0 -1.2271 0.02 0.2354 -1.1288 0.0412 0.2235 -1.1127 0.0397 0.2266 -1.1187 0.0389 0.2269 -1.1284 0.0388 0.226 -1.1401 0.0403 0.2233 -1.1661 0.013 0.2487 -1.1662 0.0136 0.2481 -1.1677 0.017 0.2444 -1.1703 0.0222 0.2389 -1.1795 0.0171 0.2431
103.0 -1.2447 0.0249 0.2286 -1.138 0.0485 0.2151 -1.1294 0.0448 0.2198 -1.1478 0.049 0.2136 -1.1559 0.0504 0.2115 -1.1657 0.0509 0.21 -1.1699 0.0247 0.2364 -1.1768 0.0286 0.2316 -1.1837 0.0332 0.2263 -1.1897 0.0373 0.2215 -1.193 0.0297 0.2289
104.0 -1.2445 0.0335 0.2199 -1.1517 0.0564 0.2057 -1.1473 0.0515 0.2111 -1.1573 0.0532 0.2084 -1.1645 0.0541 0.2068 -1.1716 0.0544 0.2058 -1.1809 0.0372 0.2224 -1.1854 0.0427 0.2163 -1.1915 0.0474 0.211 -1.1957 0.0511 0.2067 -1.1996 0.0424 0.2153
104.0 -1.2445 0.0335 0.2199 -1.1517 0.0564 0.2057 -1.1473 0.0515 0.2111 -1.1573 0.0532 0.2084 -1.1645 0.0541 0.2068 -1.1716 0.0544 0.2058 -1.1809 0.0372 0.2224 -1.1854 0.0427 0.2163 -1.1915 0.0474 0.211 -1.1957 0.0511 0.2067 -1.1996 0.0424 0.2153
106.0 -1.2597 0.0449 0.2067 -1.1805 0.0751 0.1837 -1.1778 0.0749 0.1842 -1.1884 0.0747 0.1834 -1.1951 0.0732 0.1842 -1.1987 0.0733 0.1838 -1.2014 0.0485 0.2088 -1.2032 0.0489 0.2083 -1.2071 0.0514 0.2053 -1.2112 0.0545 0.2017 -1.2165 0.0496 0.2062
106.0 -1.2597 0.0449 0.2067 -1.1805 0.0751 0.1837 -1.1778 0.0749 0.1842 -1.1884 0.0747 0.1834 -1.1951 0.0732 0.1842 -1.1987 0.0733 0.1838 -1.2014 0.0485 0.2088 -1.2032 0.0489 0.2083 -1.2071 0.0514 0.2053 -1.2112 0.0545 0.2017 -1.2165 0.0496 0.2062
106.0 -1.2597 0.0449 0.2067 -1.1805 0.0751 0.1837 -1.1778 0.0749 0.1842 -1.1884 0.0747 0.1834 -1.1951 0.0732 0.1842 -1.1987 0.0733 0.1838 -1.2014 0.0485 0.2088 -1.2032 0.0489 0.2083 -1.2071 0.0514 0.2053 -1.2112 0.0545 0.2017 -1.2165 0.0496 0.2062
106.0 -1.2597 0.0449 0.2067 -1.1805 0.0751 0.1837 -1.1778 0.0749 0.1842 -1.1884 0.0747 0.1834 -1.1951 0.0732 0.1842 -1.1987 0.0733 0.1838 -1.2014 0.0485 0.2088 -1.2032 0.0489 0.2083 -1.2071 0.0514 0.2053 -1.2112 0.0545 0.2017 -1.2165 0.0496 0.2062
106.0 -1.2597 0.0449 0.2067 -1.1805 0.0751 0.1837 -1.1778 0.0749 0.1842 -1.1884 0.0747 0.1834 -1.1951 0.0732 0.1842 -1.1987 0.0733 0.1838 -1.2014 0.0485 0.2088 -1.2032 0.0489 0.2083 -1.2071 0.0514 0.2053 -1.2112 0.0545 0.2017 -1.2165 0.0496 0.2062
106.0 -1.2597 0.0449 0.2067 -1.1805 0.0751 0.1837 -1.1778 0.0749 0.1842 -1.1884 0.0747 0.1834 -1.1951 0.0732 0.1842 -1.1987 0.0733 0.1838 -1.2014 0.0485 0.2088 -1.2032 0.0489 0.2083 -1.2071 0.0514 0.2053 -1.2112 0.0545 0.2017 -1.2165 0.0496 0.2062
106.0 -1.2597 0.0449 0.2067 -1.1805 0.0751 0.1837 -1.1778 0.0749 0.1842 -1.1884 0.0747 0.1834 -1.1951 0.0732 0.1842 -1.1987 0.0733 0.1838 -1.2014 0.0485 0.2088 -1.2032 0.0489 0.2083 -1.2071 0.0514 0.2053 -1.2112 0.0545 0.2017 -1.2165 0.0496 0.2062
106.0 -1.2597 0.0449 0.2067 -1.1805 0.0751 0.1837 -1.1778 0.0749 0.1842 -1.1884 0.0747 0.1834 -1.1951 0.0732 0.1842 -1.1987 0.0733 0.1838 -1.2014 0.0485 0.2088 -1.2032 0.0489 0.2083 -1.2071 0.0514 0.2053 -1.2112 0.0545 0.2017 -1.2165 0.0496 0.2062
106.0 -1.2597 0.0449 0.2067 -1.1805 0.0751 0.1837 -1.1778 0.0749 0.1842 -1.1884 0.0747 0.1834 -1.1951 0.0732 0.1842 -1.1987 0.0733 0.1838 -1.2014 0.0485 0.2088 -1.2032 0.0489 0.2083 -1.2071 0.0514 0.2053 -1.2112 0.0545 0.2017 -1.2165 0.0496 0.2062
106.0 -1.2597 0.0449 0.2067 -1.1805 0.0751 0.1837 -1.1778 0.0749 0.1842 -1.1884 0.0747 0.1834 -1.1951 0.0732 0.1842 -1.1987 0.0733 0.1838 -1.2014 0.0485 0.2088 -1.2032 0.0489 0.2083 -1.2071 0.0514 0.2053 -1.2112 0.0545 0.2017 -1.2165 0.0496 0.2062
106.0 -1.2597 0.0449 0.2067 -1.1805 0.0751 0.1837 -1.1778 0.0749 0.1842 -1.1884 0.0747 0.1834 -1.1951 0.0732 0.1842 -1.1987 0.0733 0.1838 -1.2014 0.0485 0.2088 -1.2032 0.0489 0.2083 -1.2071 0.0514 0.2053 -1.2112 0.0545 0.2017 -1.2165 0.0496 0.2062
106.0 -1.2597 0.0449 0.2067 -1.1805 0.0751 0.1837 -1.1778 0.0749 0.1842 -1.1884 0.0747 0.1834 -1.1951 0.0732 0.1842 -1.1987 0.0733 0.1838 -1.2014 0.0485 0.2088 -1.2032 0.0489 0.2083 -1.2071 0.0514 0.2053 -1.2112 0.0545 0.2017 -1.2165 0.0496 0.2062
106.0 -1.2597 0.0449 0.2067 -1.1805 0.0751 0.1837 -1.1778 0.0749 0.1842 -1.1884 0.0747 0.1834 -1.1951 0.0732 0.1842 -1.1987 0.0733 0.1838 -1.2014 0.0485 0.2088 -1.2032 0.0489 0.2083 -1.2071 0.0514 0.2053 -1.2112 0.0545 0.2017 -1.2165 0.0496 0.2062
