1.0 -1.1022 0.0802 0.1863 -1.092 0.0669 0.2009 -1.0181 0.102 0.1724 -1.007 0.1193 0.1557 -1.0162 0.1266 0.1473 -1.0381 0.131 0.1407 -1.0769 0.0812 0.1878 -1.0782 0.0938 0.1747 -1.0808 0.1033 0.1648 -1.0837 0.1102 0.1574 -1.0844 0.0937 0.1742
2.0 -1.1065 0.0796 0.1864 -1.084 0.0717 0.1968 -1.018 0.1014 0.173 -1.0078 0.1186 0.1564 -1.0169 0.1253 0.1486 -1.0398 0.1308 0.1408 -1.0769 0.0812 0.1878 -1.0791 0.0937 0.1748 -1.0817 0.1038 0.1642 -1.0856 0.1106 0.1569 -1.086 0.0938 0.174
3.0 -1.1007 0.0768 0.19 -1.0843 0.0735 0.1949 -1.0163 0.1022 0.1723 -1.0079 0.1192 0.1558 -1.0154 0.1268 0.1473 -1.0373 0.1311 0.1407 -1.0754 0.0826 0.1865 -1.0783 0.0944 0.1741 -1.0808 0.1033 0.1648 -1.0836 0.1096 0.1581 -1.0838 0.0933 0.1747
4.0 -1.1076 0.0807 0.1852 -1.0995 0.0696 0.1974 -1.018 0.1014 0.173 -1.0054 0.1202 0.155 -1.0162 0.1266 0.1473 -1.039 0.1309 0.1407 -1.0794 0.0803 0.1885 -1.0789 0.0925 0.176 -1.0807 0.1027 0.1654 -1.0829 0.1103 0.1574 -1.0859 0.0933 0.1745
5.0 -1.1002 0.0787 0.1881 -1.0935 0.0704 0.1972 -1.0182 0.1026 0.1718 -1.0089 0.1197 0.1552 -1.0169 0.1253 0.1486 -1.0397 0.1302 0.1414 -1.0761 0.0819 0.1871 -1.0775 0.0946 0.1741 -1.0799 0.1034 0.1648 -1.0837 0.1102 0.1574 -1.0835 0.0937 0.1743
6.0 -1.1033 0.0813 0.1851 -1.0932 0.0686 0.199 -1.0189 0.1018 0.1724 -1.007 0.1193 0.1557 -1.017 0.1259 0.148 -1.0391 0.1315 0.1401 -1.077 0.0818 0.1872 -1.0783 0.0944 0.1741 -1.08 0.104 0.1642 -1.083 0.1109 0.1568 -1.0843 0.0945 0.1735
7.0 -1.1027 0.0777 0.1888 -1.0824 0.0774 0.1911 -1.0163 0.1022 0.1723 -1.007 0.1193 0.1557 -1.017 0.1259 0.148 -1.0381 0.131 0.1407 -1.0753 0.082 0.1871 -1.0775 0.0946 0.1741 -1.0799 0.1034 0.1648 -1.0837 0.1102 0.1574 -1.0838 0.0936 0.1744
7.0 -1.1027 0.0777 0.1888 -1.0824 0.0774 0.1911 -1.0163 0.1022 0.1723 -1.007 0.1193 0.1557 -1.017 0.1259 0.148 -1.0381 0.131 0.1407 -1.0753 0.082 0.1871 -1.0775 0.0946 0.1741 -1.0799 0.1034 0.1648 -1.0837 0.1102 0.1574 -1.0838 0.0936 0.1744
9.0 -1.1027 0.0777 0.1888 -1.0868 0.0725 0.1957 -1.0182 0.1026 0.1718 -1.0079 0.1192 0.1558 -1.0179 0.1258 0.148 -1.0381 0.131 0.1407 -1.077 0.0818 0.1872 -1.0791 0.0937 0.1748 -1.0816 0.1032 0.1649 -1.0846 0.1101 0.1575 -1.085 0.0933 0.1746
10.0 -1.1059 0.0809 0.1852 -1.0901 0.066 0.202 -1.0188 0.1013 0.173 -1.0077 0.118 0.157 -1.0187 0.1257 0.1481 -1.04 0.132 0.1395 -1.0753 0.082 0.1871 -1.0765 0.0941 0.1747 -1.08 0.104 0.1642 -1.0838 0.1108 0.1568 -1.0843 0.0944 0.1736
11.0 -1.1049 0.0805 0.1857 -1.0835 0.0736 0.1949 -1.0172 0.1021 0.1724 -1.007 0.1193 0.1557 -1.0161 0.126 0.148 -1.0382 0.1316 0.1401 -1.0769 0.0812 0.1878 -1.0782 0.0938 0.1747 -1.0809 0.1039 0.1642 -1.0838 0.1108 0.1568 -1.0849 0.094 0.1739
12.0 -1.1005 0.0805 0.1862 -1.0905 0.0684 0.1995 -1.0173 0.1027 0.1717 -1.007 0.1193 0.1557 -1.0161 0.126 0.148 -1.0373 0.1311 0.1407 -1.0744 0.0821 0.1871 -1.0758 0.0948 0.174 -1.0783 0.1042 0.1641 -1.0812 0.1106 0.1573 -1.082 0.0944 0.1737
13.0 -1.1011 0.0785 0.1881 -1.0728 0.0781 0.1914 -1.0163 0.1022 0.1723 -1.007 0.1193 0.1557 -1.0161 0.126 0.148 -1.038 0.1304 0.1413 -1.0744 0.0821 0.1871 -1.0774 0.094 0.1747 -1.0807 0.1027 0.1654 -1.0836 0.1096 0.1581 -1.0834 0.0934 0.1747
14.0 -1.1042 0.0812 0.1851 -1.0922 0.0681 0.1996 -1.0181 0.102 0.1724 -1.0078 0.1186 0.1564 -1.0179 0.1258 0.148 -1.0399 0.1314 0.1401 -1.0761 0.0819 0.1871 -1.0774 0.094 0.1747 -1.08 0.104 0.1642 -1.083 0.1109 0.1568 -1.0841 0.0944 0.1736
15.0 -1.0998 0.0763 0.1905 -1.0717 0.0868 0.1826 -1.0182 0.1026 0.1718 -1.0088 0.1191 0.1558 -1.017 0.1259 0.148 -1.0381 0.131 0.1407 -1.0753 0.082 0.1871 -1.0782 0.0938 0.1747 -1.0815 0.1026 0.1655 -1.0836 0.1096 0.1581 -1.0837 0.0929 0.1752
16.0 -1.1009 0.0779 0.1887 -1.0878 0.073 0.1951 -1.0188 0.1013 0.173 -1.0087 0.1185 0.1564 -1.017 0.1259 0.148 -1.0382 0.1316 0.1401 -1.078 0.0823 0.1866 -1.0802 0.0948 0.1735 -1.0818 0.1044 0.1636 -1.0838 0.1108 0.1568 -1.0849 0.094 0.1739
17.0 -1.1004 0.0799 0.1868 -1.0857 0.066 0.2025 -1.0181 0.102 0.1724 -1.0079 0.1192 0.1558 -1.0172 0.1271 0.1467 -1.0391 0.1315 0.1401 -1.0744 0.0821 0.1871 -1.0765 0.0941 0.1747 -1.0799 0.1034 0.1648 -1.0829 0.1103 0.1574 -1.0828 0.094 0.1741
18.0 -1.1059 0.0809 0.1852 -1.1073 0.0691 0.1971 -1.0182 0.1026 0.1718 -1.0088 0.1191 0.1558 -1.0196 0.1256 0.1481 -1.0395 0.129 0.1426 -1.0811 0.08 0.1886 -1.0798 0.093 0.1754 -1.0815 0.1026 0.1655 -1.0836 0.1096 0.1581 -1.0864 0.0932 0.1745
19.0 -1.0986 0.0795 0.1874 -1.0921 0.0724 0.1952 -1.0183 0.1032 0.1711 -1.0089 0.1197 0.1552 -1.0179 0.1258 0.148 -1.0381 0.131 0.1407 -1.0752 0.0814 0.1877 -1.0765 0.0941 0.1747 -1.079 0.1035 0.1648 -1.0821 0.111 0.1568 -1.0823 0.0939 0.1743
20.0 -1.1056 0.0792 0.187 -1.0895 0.0679 0.2001 -1.0181 0.102 0.1724 -1.0078 0.1186 0.1564 -1.0179 0.1258 0.148 -1.039 0.1309 0.1407 -1.0769 0.0812 0.1878 -1.0782 0.0938 0.1747 -1.0808 0.1033 0.1648 -1.0846 0.1101 0.1575 -1.0852 0.0935 0.1744
21.0 -1.1054 0.0835 0.1826 -1.0917 0.0652 0.2027 -1.0181 0.102 0.1724 -1.0077 0.118 0.157 -1.0179 0.1258 0.148 -1.0392 0.1321 0.1395 -1.0736 0.0823 0.187 -1.0739 0.0944 0.1746 -1.0774 0.1043 0.1641 -1.0822 0.1116 0.1561 -1.0825 0.0952 0.1729
22.0 -1.1028 0.0783 0.1882 -1.0832 0.0718 0.1968 -1.0156 0.1029 0.1717 -1.0069 0.1187 0.1563 -1.0152 0.1256 0.1485 -1.0362 0.1301 0.1419 -1.0744 0.0821 0.1871 -1.0756 0.0942 0.1746 -1.079 0.1035 0.1648 -1.082 0.1104 0.1574 -1.0828 0.0937 0.1744
23.0 -1.1001 0.0781 0.1887 -1.0655 0.0815 0.1886 -1.0147 0.103 0.1716 -1.0062 0.1195 0.1557 -1.0161 0.126 0.148 -1.0381 0.131 0.1407 -1.0727 0.0824 0.187 -1.0756 0.0942 0.1746 -1.0799 0.1034 0.1648 -1.0829 0.1103 0.1574 -1.0822 0.0937 0.1745
24.0 -1.1005 0.0805 0.1862 -1.0867 0.067 0.2013 -1.0165 0.1028 0.1717 -1.007 0.1193 0.1557 -1.0162 0.1266 0.1473 -1.0374 0.1317 0.14 -1.0744 0.0821 0.1871 -1.0758 0.0948 0.174 -1.0791 0.1041 0.1641 -1.0821 0.111 0.1568 -1.0824 0.0945 0.1736
25.0 -1.0987 0.0801 0.1868 -1.0939 0.0679 0.1997 -1.0182 0.1026 0.1718 -1.0068 0.1181 0.157 -1.016 0.1255 0.1486 -1.0381 0.131 0.1407 -1.0752 0.0814 0.1877 -1.0765 0.0941 0.1747 -1.0783 0.1042 0.1641 -1.0813 0.1111 0.1567 -1.082 0.0942 0.174
26.0 -1.1005 0.0805 0.1862 -1.0996 0.0653 0.2018 -1.0171 0.1015 0.173 -1.0069 0.1187 0.1563 -1.0152 0.1256 0.1485 -1.0378 0.1292 0.1426 -1.0743 0.0815 0.1877 -1.0748 0.0943 0.1746 -1.0765 0.1039 0.1647 -1.0803 0.1107 0.1573 -1.0813 0.0942 0.1741
27.0 -1.103 0.0844 0.1819 -1.0977 0.0643 0.203 -1.018 0.1014 0.173 -1.0053 0.1196 0.1557 -1.0171 0.1265 0.1474 -1.038 0.1304 0.1413 -1.0795 0.0808 0.1879 -1.0791 0.0937 0.1748 -1.0809 0.1039 0.1642 -1.0822 0.1116 0.1561 -1.0849 0.0949 0.173
28.0 -1.1005 0.0805 0.1862 -1.0888 0.0686 0.1995 -1.0163 0.1022 0.1723 -1.0068 0.1181 0.157 -1.016 0.1255 0.1486 -1.0378 0.1292 0.1426 -1.0727 0.0824 0.187 -1.0739 0.0944 0.1746 -1.0773 0.1037 0.1647 -1.0819 0.1098 0.158 -1.0813 0.0942 0.1741
29.0 -1.1016 0.0766 0.19 -1.0909 0.0659 0.2021 -1.0162 0.1016 0.1729 -1.0069 0.1187 0.1563 -1.016 0.1255 0.1486 -1.0363 0.1307 0.1412 -1.0726 0.0818 0.1876 -1.0748 0.0943 0.1746 -1.0782 0.1036 0.1647 -1.0819 0.1098 0.158 -1.0818 0.0932 0.175
30.0 -1.0973 0.0821 0.1848 -1.0974 0.0626 0.2048 -1.0189 0.1018 0.1724 -1.0077 0.118 0.157 -1.0177 0.1252 0.1486 -1.039 0.1309 0.1407 -1.0735 0.0817 0.1876 -1.0748 0.0943 0.1746 -1.0773 0.1037 0.1647 -1.0803 0.1107 0.1573 -1.0806 0.0945 0.1738
31.0 -1.0965 0.0828 0.1842 -1.0948 0.0629 0.2047 -1.0173 0.1027 0.1717 -1.007 0.1193 0.1557 -1.0161 0.126 0.148 -1.0373 0.1311 0.1407 -1.0736 0.0823 0.187 -1.0749 0.0949 0.174 -1.0774 0.1043 0.1641 -1.0794 0.1108 0.1573 -1.0804 0.095 0.1733
32.0 -1.1177 0.0781 0.1869 -1.0906 0.0641 0.2039 -1.0173 0.1027 0.1717 -1.0072 0.1205 0.1545 -1.018 0.1264 0.1474 -1.0396 0.1296 0.142 -1.0817 0.0787 0.1898 -1.0806 0.0923 0.1761 -1.0815 0.1026 0.1655 -1.0846 0.1101 0.1575 -1.0892 0.0924 0.1751
33.0 -1.1 0.0824 0.1843 -1.0838 0.0656 0.203 -1.0163 0.1022 0.1723 -1.0069 0.1187 0.1563 -1.0161 0.126 0.148 -1.0363 0.1307 0.1412 -1.0735 0.0817 0.1876 -1.0748 0.0943 0.1746 -1.0773 0.1037 0.1647 -1.0812 0.1106 0.1573 -1.0813 0.0945 0.1737
34.0 -1.1025 0.082 0.1844 -1.0905 0.0635 0.2045 -1.0179 0.1008 0.1736 -1.0068 0.1181 0.157 -1.017 0.1259 0.148 -1.0381 0.131 0.1407 -1.0735 0.0817 0.1876 -1.0739 0.0944 0.1746 -1.0765 0.1039 0.1647 -1.0804 0.1113 0.1567 -1.0814 0.0946 0.1736
35.0 -1.0982 0.0771 0.1899 -1.0625 0.0844 0.186 -1.014 0.1037 0.171 -1.0061 0.1189 0.1563 -1.0142 0.1251 0.1491 -1.0364 0.1313 0.1406 -1.0745 0.0827 0.1864 -1.0784 0.095 0.1735 -1.0809 0.1039 0.1642 -1.0829 0.1103 0.1574 -1.083 0.0938 0.1743
36.0 -1.0964 0.0773 0.1898 -1.0478 0.0906 0.181 -1.0123 0.104 0.1709 -1.0053 0.1196 0.1557 -1.0133 0.1252 0.1491 -1.0356 0.132 0.14 -1.0728 0.083 0.1864 -1.0776 0.0952 0.1734 -1.08 0.104 0.1642 -1.0812 0.1106 0.1573 -1.0816 0.094 0.1742
37.0 -1.1095 0.0817 0.1841 -1.0909 0.0659 0.2021 -1.0127 0.1015 0.1734 -1.0041 0.1179 0.1575 -1.0133 0.1252 0.1491 -1.0361 0.1295 0.1425 -1.0725 0.0812 0.1882 -1.073 0.0939 0.1751 -1.0756 0.104 0.1646 -1.0813 0.1111 0.1567 -1.0824 0.0944 0.1738
38.0 -1.1023 0.0753 0.1913 -1.0785 0.0755 0.1935 -1.0073 0.101 0.1745 -0.999 0.1186 0.1573 -1.008 0.1247 0.1501 -1.0298 0.1285 0.1441 -1.0679 0.08 0.1899 -1.07 0.0919 0.1775 -1.0735 0.1018 0.167 -1.0782 0.1085 0.1597 -1.0783 0.0915 0.1771
39.0 -1.102 0.0839 0.1825 -1.077 0.072 0.1972 -1.0051 0.0982 0.1775 -0.9939 0.1144 0.1621 -1.0014 0.1225 0.153 -1.025 0.1267 0.1464 -1.0575 0.0808 0.1902 -1.0579 0.0935 0.1771 -1.0632 0.1032 0.1666 -1.0706 0.1107 0.1582 -1.0702 0.0944 0.1749
40.0 -1.1069 0.082 0.184 -1.0519 0.0693 0.2024 -0.992 0.0939 0.1832 -0.9843 0.1102 0.1673 -0.9913 0.1196 0.157 -1.0121 0.1229 0.1515 -1.0515 0.0767 0.1949 -1.0511 0.0896 0.1818 -1.0555 0.1 0.1707 -1.0631 0.1081 0.1616 -1.0656 0.0913 0.1786
41.0 -1.1077 0.0813 0.1846 -1.0274 0.0702 0.204 -0.9772 0.0898 0.1889 -0.9715 0.107 0.1718 -0.9799 0.1151 0.1628 -1.0018 0.1194 0.1561 -1.0386 0.0735 0.1994 -1.0391 0.0863 0.1863 -1.0444 0.0966 0.1753 -1.0528 0.1046 0.1662 -1.0565 0.0885 0.1824
42.0 -1.1074 0.0795 0.1865 -1.0154 0.0669 0.2085 -0.9624 0.0857 0.1946 -0.9527 0.1004 0.1805 -0.9581 0.1064 0.1738 -0.9797 0.1139 0.164 -1.0261 0.0673 0.207 -1.0249 0.0809 0.1933 -1.0286 0.092 0.1815 -1.0355 0.1008 0.1718 -1.0445 0.0841 0.188
43.0 -1.0951 0.08 0.1872 -0.9596 0.0848 0.1957 -0.9357 0.0887 0.1942 -0.9373 0.0927 0.1899 -0.9454 0.0941 0.1877 -0.9702 0.0901 0.1893 -1.0029 0.0704 0.2061 -1.0075 0.0716 0.2045 -1.0147 0.0725 0.2029 -1.0256 0.0747 0.1995 -1.0291 0.0738 0.2
43.0 -1.0951 0.08 0.1872 -0.9596 0.0848 0.1957 -0.9357 0.0887 0.1942 -0.9373 0.0927 0.1899 -0.9454 0.0941 0.1877 -0.9702 0.0901 0.1893 -1.0029 0.0704 0.2061 -1.0075 0.0716 0.2045 -1.0147 0.0725 0.2029 -1.0256 0.0747 0.1995 -1.0291 0.0738 0.2
45.0 -1.039 0.0759 0.1969 -0.9452 0.0776 0.2045 -0.9067 0.0687 0.2174 -0.9022 0.073 0.2135 -0.9051 0.0751 0.2111 -0.9263 0.0704 0.2138 -0.9706 0.062 0.218 -0.972 0.0599 0.2199 -0.9768 0.0574 0.222 -0.9853 0.0557 0.223 -0.9888 0.0622 0.216
46.0 -1.0163 0.0717 0.2035 -0.9277 0.0531 0.2313 -0.8855 0.0582 0.2303 -0.8776 0.0733 0.2157 -0.8827 0.0824 0.2059 -0.9024 0.0895 0.1966 -0.9492 0.0502 0.2322 -0.9473 0.0596 0.2227 -0.9496 0.0678 0.2141 -0.9555 0.0762 0.2049 -0.9636 0.0651 0.2155
47.0 -0.9976 0.0656 0.2116 -0.9047 0.0373 0.2498 -0.8643 0.0531 0.2376 -0.8547 0.0684 0.2229 -0.8608 0.078 0.2125 -0.8822 0.0849 0.2033 -0.9339 0.0431 0.2409 -0.9315 0.055 0.229 -0.9327 0.0665 0.2172 -0.9382 0.0779 0.2049 -0.9468 0.0616 0.2207
48.0 -0.9786 0.0627 0.2164 -0.8863 0.033 0.256 -0.8512 0.0481 0.244 -0.8409 0.0648 0.228 -0.8469 0.0738 0.2182 -0.865 0.0817 0.2083 -0.9175 0.0404 0.2453 -0.9143 0.0518 0.2339 -0.9154 0.0633 0.2221 -0.92 0.0743 0.2104 -0.9292 0.0585 0.2256
49.0 -0.9579 0.06 0.2213 -0.8646 0.0292 0.262 -0.8355 0.0441 0.2496 -0.8211 0.0626 0.2322 -0.8246 0.0725 0.2217 -0.8434 0.0791 0.2131 -0.8993 0.0368 0.2508 -0.8961 0.0488 0.2389 -0.8973 0.0602 0.227 -0.901 0.0713 0.2153 -0.9103 0.0554 0.2307
50.0 -0.9383 0.0584 0.2249 -0.8474 0.0267 0.2663 -0.8208 0.0406 0.2547 -0.816 0.0535 0.242 -0.8183 0.0666 0.2283 -0.8299 0.0773 0.2163 -0.8833 0.0359 0.2533 -0.8811 0.0484 0.2408 -0.8805 0.0601 0.2289 -0.8824 0.0708 0.2177 -0.8931 0.0547 0.2331
51.0 -0.918 0.0581 0.2272 -0.8268 0.0246 0.2705 -0.8041 0.0405 0.2565 -0.8059 0.0506 0.246 -0.8074 0.0595 0.2367 -0.8138 0.0709 0.2244 -0.8624 0.0369 0.2544 -0.8602 0.0494 0.2418 -0.8603 0.0603 0.2306 -0.8619 0.0693 0.2213 -0.8726 0.0548 0.2351
52.0 -0.8997 0.0593 0.2278 -0.8119 0.0247 0.2718 -0.8025 0.0315 0.2658 -0.8047 0.044 0.2528 -0.8068 0.056 0.2404 -0.8091 0.0691 0.2267 -0.8473 0.031 0.2619 -0.8435 0.0443 0.2487 -0.8413 0.0568 0.2361 -0.8407 0.0685 0.2242 -0.8545 0.052 0.2397
53.0 -0.8855 0.0582 0.2303 -0.8008 0.022 0.2758 -0.8024 0.0309 0.2665 -0.8045 0.0428 0.254 -0.8065 0.0542 0.2423 -0.8087 0.0667 0.2292 -0.8296 0.0303 0.2644 -0.8258 0.0442 0.2505 -0.8236 0.0567 0.2379 -0.824 0.0689 0.2254 -0.8377 0.0517 0.2417
54.0 -0.8723 0.0581 0.2317 -0.8007 0.0214 0.2764 -0.8019 0.0279 0.2696 -0.8037 0.0381 0.259 -0.8054 0.0482 0.2485 -0.8076 0.0607 0.2354 -0.8099 0.0287 0.268 -0.8069 0.0413 0.2554 -0.8063 0.053 0.2435 -0.8082 0.0637 0.2323 -0.8207 0.049 0.2462
54.0 -0.8723 0.0581 0.2317 -0.8007 0.0214 0.2764 -0.8019 0.0279 0.2696 -0.8037 0.0381 0.259 -0.8054 0.0482 0.2485 -0.8076 0.0607 0.2354 -0.8099 0.0287 0.268 -0.8069 0.0413 0.2554 -0.8063 0.053 0.2435 -0.8082 0.0637 0.2323 -0.8207 0.049 0.2462
54.0 -0.8723 0.0581 0.2317 -0.8007 0.0214 0.2764 -0.8019 0.0279 0.2696 -0.8037 0.0381 0.259 -0.8054 0.0482 0.2485 -0.8076 0.0607 0.2354 -0.8099 0.0287 0.268 -0.8069 0.0413 0.2554 -0.8063 0.053 0.2435 -0.8082 0.0637 0.2323 -0.8207 0.049 0.2462
54.0 -0.8723 0.0581 0.2317 -0.8007 0.0214 0.2764 -0.8019 0.0279 0.2696 -0.8037 0.0381 0.259 -0.8054 0.0482 0.2485 -0.8076 0.0607 0.2354 -0.8099 0.0287 0.268 -0.8069 0.0413 0.2554 -0.8063 0.053 0.2435 -0.8082 0.0637 0.2323 -0.8207 0.049 0.2462
54.0 -0.8723 0.0581 0.2317 -0.8007 0.0214 0.2764 -0.8019 0.0279 0.2696 -0.8037 0.0381 0.259 -0.8054 0.0482 0.2485 -0.8076 0.0607 0.2354 -0.8099 0.0287 0.268 -0.8069 0.0413 0.2554 -0.8063 0.053 0.2435 -0.8082 0.0637 0.2323 -0.8207 0.049 0.2462
54.0 -0.8723 0.0581 0.2317 -0.8007 0.0214 0.2764 -0.8019 0.0279 0.2696 -0.8037 0.0381 0.259 -0.8054 0.0482 0.2485 -0.8076 0.0607 0.2354 -0.8099 0.0287 0.268 -0.8069 0.0413 0.2554 -0.8063 0.053 0.2435 -0.8082 0.0637 0.2323 -0.8207 0.049 0.2462
54.0 -0.8723 0.0581 0.2317 -0.8007 0.0214 0.2764 -0.8019 0.0279 0.2696 -0.8037 0.0381 0.259 -0.8054 0.0482 0.2485 -0.8076 0.0607 0.2354 -0.8099 0.0287 0.268 -0.8069 0.0413 0.2554 -0.8063 0.053 0.2435 -0.8082 0.0637 0.2323 -0.8207 0.049 0.2462
54.0 -0.8723 0.0581 0.2317 -0.8007 0.0214 0.2764 -0.8019 0.0279 0.2696 -0.8037 0.0381 0.259 -0.8054 0.0482 0.2485 -0.8076 0.0607 0.2354 -0.8099 0.0287 0.268 -0.8069 0.0413 0.2554 -0.8063 0.053 0.2435 -0.8082 0.0637 0.2323 -0.8207 0.049 0.2462
54.0 -0.8723 0.0581 0.2317 -0.8007 0.0214 0.2764 -0.8019 0.0279 0.2696 -0.8037 0.0381 0.259 -0.8054 0.0482 0.2485 -0.8076 0.0607 0.2354 -0.8099 0.0287 0.268 -0.8069 0.0413 0.2554 -0.8063 0.053 0.2435 -0.8082 0.0637 0.2323 -0.8207 0.049 0.2462
54.0 -0.8723 0.0581 0.2317 -0.8007 0.0214 0.2764 -0.8019 0.0279 0.2696 -0.8037 0.0381 0.259 -0.8054 0.0482 0.2485 -0.8076 0.0607 0.2354 -0.8099 0.0287 0.268 -0.8069 0.0413 0.2554 -0.8063 0.053 0.2435 -0.8082 0.0637 0.2323 -0.8207 0.049 0.2462
54.0 -0.8723 0.0581 0.2317 -0.8007 0.0214 0.2764 -0.8019 0.0279 0.2696 -0.8037 0.0381 0.259 -0.8054 0.0482 0.2485 -0.8076 0.0607 0.2354 -0.8099 0.0287 0.268 -0.8069 0.0413 0.2554 -0.8063 0.053 0.2435 -0.8082 0.0637 0.2323 -0.8207 0.049 0.2462
54.0 -0.8723 0.0581 0.2317 -0.8007 0.0214 0.2764 -0.8019 0.0279 0.2696 -0.8037 0.0381 0.259 -0.8054 0.0482 0.2485 -0.8076 0.0607 0.2354 -0.8099 0.0287 0.268 -0.8069 0.0413 0.2554 -0.8063 0.053 0.2435 -0.8082 0.0637 0.2323 -0.8207 0.049 0.2462
54.0 -0.8723 0.0581 0.2317 -0.8007 0.0214 0.2764 -0.8019 0.0279 0.2696 -0.8037 0.0381 0.259 -0.8054 0.0482 0.2485 -0.8076 0.0607 0.2354 -0.8099 0.0287 0.268 -0.8069 0.0413 0.2554 -0.8063 0.053 0.2435 -0.8082 0.0637 0.2323 -0.8207 0.049 0.2462
54.0 -0.8723 0.0581 0.2317 -0.8007 0.0214 0.2764 -0.8019 0.0279 0.2696 -0.8037 0.0381 0.259 -0.8054 0.0482 0.2485 -0.8076 0.0607 0.2354 -0.8099 0.0287 0.268 -0.8069 0.0413 0.2554 -0.8063 0.053 0.2435 -0.8082 0.0637 0.2323 -0.8207 0.049 0.2462
54.0 -0.8723 0.0581 0.2317 -0.8007 0.0214 0.2764 -0.8019 0.0279 0.2696 -0.8037 0.0381 0.259 -0.8054 0.0482 0.2485 -0.8076 0.0607 0.2354 -0.8099 0.0287 0.268 -0.8069 0.0413 0.2554 -0.8063 0.053 0.2435 -0.8082 0.0637 0.2323 -0.8207 0.049 0.2462
54.0 -0.8723 0.0581 0.2317 -0.8007 0.0214 0.2764 -0.8019 0.0279 0.2696 -0.8037 0.0381 0.259 -0.8054 0.0482 0.2485 -0.8076 0.0607 0.2354 -0.8099 0.0287 0.268 -0.8069 0.0413 0.2554 -0.8063 0.053 0.2435 -0.8082 0.0637 0.2323 -0.8207 0.049 0.2462
54.0 -0.8723 0.0581 0.2317 -0.8007 0.0214 0.2764 -0.8019 0.0279 0.2696 -0.8037 0.0381 0.259 -0.8054 0.0482 0.2485 -0.8076 0.0607 0.2354 -0.8099 0.0287 0.268 -0.8069 0.0413 0.2554 -0.8063 0.053 0.2435 -0.8082 0.0637 0.2323 -0.8207 0.049 0.2462
54.0 -0.8723 0.0581 0.2317 -0.8007 0.0214 0.2764 -0.8019 0.0279 0.2696 -0.8037 0.0381 0.259 -0.8054 0.0482 0.2485 -0.8076 0.0607 0.2354 -0.8099 0.0287 0.268 -0.8069 0.0413 0.2554 -0.8063 0.053 0.2435 -0.8082 0.0637 0.2323 -0.8207 0.049 0.2462
54.0 -0.8723 0.0581 0.2317 -0.8007 0.0214 0.2764 -0.8019 0.0279 0.2696 -0.8037 0.0381 0.259 -0.8054 0.0482 0.2485 -0.8076 0.0607 0.2354 -0.8099 0.0287 0.268 -0.8069 0.0413 0.2554 -0.8063 0.053 0.2435 -0.8082 0.0637 0.2323 -0.8207 0.049 0.2462
54.0 -0.8723 0.0581 0.2317 -0.8007 0.0214 0.2764 -0.8019 0.0279 0.2696 -0.8037 0.0381 0.259 -0.8054 0.0482 0.2485 -0.8076 0.0607 0.2354 -0.8099 0.0287 0.268 -0.8069 0.0413 0.2554 -0.8063 0.053 0.2435 -0.8082 0.0637 0.2323 -0.8207 0.049 0.2462
54.0 -0.8723 0.0581 0.2317 -0.8007 0.0214 0.2764 -0.8019 0.0279 0.2696 -0.8037 0.0381 0.259 -0.8054 0.0482 0.2485 -0.8076 0.0607 0.2354 -0.8099 0.0287 0.268 -0.8069 0.0413 0.2554 -0.8063 0.053 0.2435 -0.8082 0.0637 0.2323 -0.8207 0.049 0.2462
54.0 -0.8723 0.0581 0.2317 -0.8007 0.0214 0.2764 -0.8019 0.0279 0.2696 -0.8037 0.0381 0.259 -0.8054 0.0482 0.2485 -0.8076 0.0607 0.2354 -0.8099 0.0287 0.268 -0.8069 0.0413 0.2554 -0.8063 0.053 0.2435 -0.8082 0.0637 0.2323 -0.8207 0.049 0.2462
54.0 -0.8723 0.0581 0.2317 -0.8007 0.0214 0.2764 -0.8019 0.0279 0.2696 -0.8037 0.0381 0.259 -0.8054 0.0482 0.2485 -0.8076 0.0607 0.2354 -0.8099 0.0287 0.268 -0.8069 0.0413 0.2554 -0.8063 0.053 0.2435 -0.8082 0.0637 0.2323 -0.8207 0.049 0.2462
54.0 -0.8723 0.0581 0.2317 -0.8007 0.0214 0.2764 -0.8019 0.0279 0.2696 -0.8037 0.0381 0.259 -0.8054 0.0482 0.2485 -0.8076 0.0607 0.2354 -0.8099 0.0287 0.268 -0.8069 0.0413 0.2554 -0.8063 0.053 0.2435 -0.8082 0.0637 0.2323 -0.8207 0.049 0.2462
54.0 -0.8723 0.0581 0.2317 -0.8007 0.0214 0.2764 -0.8019 0.0279 0.2696 -0.8037 0.0381 0.259 -0.8054 0.0482 0.2485 -0.8076 0.0607 0.2354 -0.8099 0.0287 0.268 -0.8069 0.0413 0.2554 -0.8063 0.053 0.2435 -0.8082 0.0637 0.2323 -0.8207 0.049 0.2462
54.0 -0.8723 0.0581 0.2317 -0.8007 0.0214 0.2764 -0.8019 0.0279 0.2696 -0.8037 0.0381 0.259 -0.8054 0.0482 0.2485 -0.8076 0.0607 0.2354 -0.8099 0.0287 0.268 -0.8069 0.0413 0.2554 -0.8063 0.053 0.2435 -0.8082 0.0637 0.2323 -0.8207 0.049 0.2462
54.0 -0.8723 0.0581 0.2317 -0.8007 0.0214 0.2764 -0.8019 0.0279 0.2696 -0.8037 0.0381 0.259 -0.8054 0.0482 0.2485 -0.8076 0.0607 0.2354 -0.8099 0.0287 0.268 -0.8069 0.0413 0.2554 -0.8063 0.053 0.2435 -0.8082 0.0637 0.2323 -0.8207 0.049 0.2462
54.0 -0.8723 0.0581 0.2317 -0.8007 0.0214 0.2764 -0.8019 0.0279 0.2696 -0.8037 0.0381 0.259 -0.8054 0.0482 0.2485 -0.8076 0.0607 0.2354 -0.8099 0.0287 0.268 -0.8069 0.0413 0.2554 -0.8063 0.053 0.2435 -0.8082 0.0637 0.2323 -0.8207 0.049 0.2462
54.0 -0.8723 0.0581 0.2317 -0.8007 0.0214 0.2764 -0.8019 0.0279 0.2696 -0.8037 0.0381 0.259 -0.8054 0.0482 0.2485 -0.8076 0.0607 0.2354 -0.8099 0.0287 0.268 -0.8069 0.0413 0.2554 -0.8063 0.053 0.2435 -0.8082 0.0637 0.2323 -0.8207 0.049 0.2462
54.0 -0.8723 0.0581 0.2317 -0.8007 0.0214 0.2764 -0.8019 0.0279 0.2696 -0.8037 0.0381 0.259 -0.8054 0.0482 0.2485 -0.8076 0.0607 0.2354 -0.8099 0.0287 0.268 -0.8069 0.0413 0.2554 -0.8063 0.053 0.2435 -0.8082 0.0637 0.2323 -0.8207 0.049 0.2462
54.0 -0.8723 0.0581 0.2317 -0.8007 0.0214 0.2764 -0.8019 0.0279 0.2696 -0.8037 0.0381 0.259 -0.8054 0.0482 0.2485 -0.8076 0.0607 0.2354 -0.8099 0.0287 0.268 -0.8069 0.0413 0.2554 -0.8063 0.053 0.2435 -0.8082 0.0637 0.2323 -0.8207 0.049 0.2462
54.0 -0.8723 0.0581 0.2317 -0.8007 0.0214 0.2764 -0.8019 0.0279 0.2696 -0.8037 0.0381 0.259 -0.8054 0.0482 0.2485 -0.8076 0.0607 0.2354 -0.8099 0.0287 0.268 -0.8069 0.0413 0.2554 -0.8063 0.053 0.2435 -0.8082 0.0637 0.2323 -0.8207 0.049 0.2462
54.0 -0.8723 0.0581 0.2317 -0.8007 0.0214 0.2764 -0.8019 0.0279 0.2696 -0.8037 0.0381 0.259 -0.8054 0.0482 0.2485 -0.8076 0.0607 0.2354 -0.8099 0.0287 0.268 -0.8069 0.0413 0.2554 -0.8063 0.053 0.2435 -0.8082 0.0637 0.2323 -0.8207 0.049 0.2462
54.0 -0.8723 0.0581 0.2317 -0.8007 0.0214 0.2764 -0.8019 0.0279 0.2696 -0.8037 0.0381 0.259 -0.8054 0.0482 0.2485 -0.8076 0.0607 0.2354 -0.8099 0.0287 0.268 -0.8069 0.0413 0.2554 -0.8063 0.053 0.2435 -0.8082 0.0637 0.2323 -0.8207 0.049 0.2462
54.0 -0.8723 0.0581 0.2317 -0.8007 0.0214 0.2764 -0.8019 0.0279 0.2696 -0.8037 0.0381 0.259 -0.8054 0.0482 0.2485 -0.8076 0.0607 0.2354 -0.8099 0.0287 0.268 -0.8069 0.0413 0.2554 -0.8063 0.053 0.2435 -0.8082 0.0637 0.2323 -0.8207 0.049 0.2462
54.0 -0.8723 0.0581 0.2317 -0.8007 0.0214 0.2764 -0.8019 0.0279 0.2696 -0.8037 0.0381 0.259 -0.8054 0.0482 0.2485 -0.8076 0.0607 0.2354 -0.8099 0.0287 0.268 -0.8069 0.0413 0.2554 -0.8063 0.053 0.2435 -0.8082 0.0637 0.2323 -0.8207 0.049 0.2462
54.0 -0.8723 0.0581 0.2317 -0.8007 0.0214 0.2764 -0.8019 0.0279 0.2696 -0.8037 0.0381 0.259 -0.8054 0.0482 0.2485 -0.8076 0.0607 0.2354 -0.8099 0.0287 0.268 -0.8069 0.0413 0.2554 -0.8063 0.053 0.2435 -0.8082 0.0637 0.2323 -0.8207 0.049 0.2462
54.0 -0.8723 0.0581 0.2317 -0.8007 0.0214 0.2764 -0.8019 0.0279 0.2696 -0.8037 0.0381 0.259 -0.8054 0.0482 0.2485 -0.8076 0.0607 0.2354 -0.8099 0.0287 0.268 -0.8069 0.0413 0.2554 -0.8063 0.053 0.2435 -0.8082 0.0637 0.2323 -0.8207 0.049 0.2462
54.0 -0.8723 0.0581 0.2317 -0.8007 0.0214 0.2764 -0.8019 0.0279 0.2696 -0.8037 0.0381 0.259 -0.8054 0.0482 0.2485 -0.8076 0.0607 0.2354 -0.8099 0.0287 0.268 -0.8069 0.0413 0.2554 -0.8063 0.053 0.2435 -0.8082 0.0637 0.2323 -0.8207 0.049 0.2462
54.0 -0.8723 0.0581 0.2317 -0.8007 0.0214 0.2764 -0.8019 0.0279 0.2696 -0.8037 0.0381 0.259 -0.8054 0.0482 0.2485 -0.8076 0.0607 0.2354 -0.8099 0.0287 0.268 -0.8069 0.0413 0.2554 -0.8063 0.053 0.2435 -0.8082 0.0637 0.2323 -0.8207 0.049 0.2462
54.0 -0.8723 0.0581 0.2317 -0.8007 0.0214 0.2764 -0.8019 0.0279 0.2696 -0.8037 0.0381 0.259 -0.8054 0.0482 0.2485 -0.8076 0.0607 0.2354 -0.8099 0.0287 0.268 -0.8069 0.0413 0.2554 -0.8063 0.053 0.2435 -0.8082 0.0637 0.2323 -0.8207 0.049 0.2462
54.0 -0.8723 0.0581 0.2317 -0.8007 0.0214 0.2764 -0.8019 0.0279 0.2696 -0.8037 0.0381 0.259 -0.8054 0.0482 0.2485 -0.8076 0.0607 0.2354 -0.8099 0.0287 0.268 -0.8069 0.0413 0.2554 -0.8063 0.053 0.2435 -0.8082 0.0637 0.2323 -0.8207 0.049 0.2462
54.0 -0.8723 0.0581 0.2317 -0.8007 0.0214 0.2764 -0.8019 0.0279 0.2696 -0.8037 0.0381 0.259 -0.8054 0.0482 0.2485 -0.8076 0.0607 0.2354 -0.8099 0.0287 0.268 -0.8069 0.0413 0.2554 -0.8063 0.053 0.2435 -0.8082 0.0637 0.2323 -0.8207 0.049 0.2462
54.0 -0.8723 0.0581 0.2317 -0.8007 0.0214 0.2764 -0.8019 0.0279 0.2696 -0.8037 0.0381 0.259 -0.8054 0.0482 0.2485 -0.8076 0.0607 0.2354 -0.8099 0.0287 0.268 -0.8069 0.0413 0.2554 -0.8063 0.053 0.2435 -0.8082 0.0637 0.2323 -0.8207 0.049 0.2462
54.0 -0.8723 0.0581 0.2317 -0.8007 0.0214 0.2764 -0.8019 0.0279 0.2696 -0.8037 0.0381 0.259 -0.8054 0.0482 0.2485 -0.8076 0.0607 0.2354 -0.8099 0.0287 0.268 -0.8069 0.0413 0.2554 -0.8063 0.053 0.2435 -0.8082 0.0637 0.2323 -0.8207 0.049 0.2462
54.0 -0.8723 0.0581 0.2317 -0.8007 0.0214 0.2764 -0.8019 0.0279 0.2696 -0.8037 0.0381 0.259 -0.8054 0.0482 0.2485 -0.8076 0.0607 0.2354 -0.8099 0.0287 0.268 -0.8069 0.0413 0.2554 -0.8063 0.053 0.2435 -0.8082 0.0637 0.2323 -0.8207 0.049 0.2462
54.0 -0.8723 0.0581 0.2317 -0.8007 0.0214 0.2764 -0.8019 0.0279 0.2696 -0.8037 0.0381 0.259 -0.8054 0.0482 0.2485 -0.8076 0.0607 0.2354 -0.8099 0.0287 0.268 -0.8069 0.0413 0.2554 -0.8063 0.053 0.2435 -0.8082 0.0637 0.2323 -0.8207 0.049 0.2462
54.0 -0.8723 0.0581 0.2317 -0.8007 0.0214 0.2764 -0.8019 0.0279 0.2696 -0.8037 0.0381 0.259 -0.8054 0.0482 0.2485 -0.8076 0.0607 0.2354 -0.8099 0.0287 0.268 -0.8069 0.0413 0.2554 -0.8063 0.053 0.2435 -0.8082 0.0637 0.2323 -0.8207 0.049 0.2462
54.0 -0.8723 0.0581 0.2317 -0.8007 0.0214 0.2764 -0.8019 0.0279 0.2696 -0.8037 0.0381 0.259 -0.8054 0.0482 0.2485 -0.8076 0.0607 0.2354 -0.8099 0.0287 0.268 -0.8069 0.0413 0.2554 -0.8063 0.053 0.2435 -0.8082 0.0637 0.2323 -0.8207 0.049 0.2462
54.0 -0.8723 0.0581 0.2317 -0.8007 0.0214 0.2764 -0.8019 0.0279 0.2696 -0.8037 0.0381 0.259 -0.8054 0.0482 0.2485 -0.8076 0.0607 0.2354 -0.8099 0.0287 0.268 -0.8069 0.0413 0.2554 -0.8063 0.053 0.2435 -0.8082 0.0637 0.2323 -0.8207 0.049 0.2462
54.0 -0.8723 0.0581 0.2317 -0.8007 0.0214 0.2764 -0.8019 0.0279 0.2696 -0.8037 0.0381 0.259 -0.8054 0.0482 0.2485 -0.8076 0.0607 0.2354 -0.8099 0.0287 0.268 -0.8069 0.0413 0.2554 -0.8063 0.053 0.2435 -0.8082 0.0637 0.2323 -0.8207 0.049 0.2462
54.0 -0.8723 0.0581 0.2317 -0.8007 0.0214 0.2764 -0.8019 0.0279 0.2696 -0.8037 0.0381 0.259 -0.8054 0.0482 0.2485 -0.8076 0.0607 0.2354 -0.8099 0.0287 0.268 -0.8069 0.0413 0.2554 -0.8063 0.053 0.2435 -0.8082 0.0637 0.2323 -0.8207 0.049 0.2462
54.0 -0.8723 0.0581 0.2317 -0.8007 0.0214 0.2764 -0.8019 0.0279 0.2696 -0.8037 0.0381 0.259 -0.8054 0.0482 0.2485 -0.8076 0.0607 0.2354 -0.8099 0.0287 0.268 -0.8069 0.0413 0.2554 -0.8063 0.053 0.2435 -0.8082 0.0637 0.2323 -0.8207 0.049 0.2462
54.0 -0.8723 0.0581 0.2317 -0.8007 0.0214 0.2764 -0.8019 0.0279 0.2696 -0.8037 0.0381 0.259 -0.8054 0.0482 0.2485 -0.8076 0.0607 0.2354 -0.8099 0.0287 0.268 -0.8069 0.0413 0.2554 -0.8063 0.053 0.2435 -0.8082 0.0637 0.2323 -0.8207 0.049 0.2462
54.0 -0.8723 0.0581 0.2317 -0.8007 0.0214 0.2764 -0.8019 0.0279 0.2696 -0.8037 0.0381 0.259 -0.8054 0.0482 0.2485 -0.8076 0.0607 0.2354 -0.8099 0.0287 0.268 -0.8069 0.0413 0.2554 -0.8063 0.053 0.2435 -0.8082 0.0637 0.2323 -0.8207 0.049 0.2462
54.0 -0.8723 0.0581 0.2317 -0.8007 0.0214 0.2764 -0.8019 0.0279 0.2696 -0.8037 0.0381 0.259 -0.8054 0.0482 0.2485 -0.8076 0.0607 0.2354 -0.8099 0.0287 0.268 -0.8069 0.0413 0.2554 -0.8063 0.053 0.2435 -0.8082 0.0637 0.2323 -0.8207 0.049 0.2462
54.0 -0.8723 0.0581 0.2317 -0.8007 0.0214 0.2764 -0.8019 0.0279 0.2696 -0.8037 0.0381 0.259 -0.8054 0.0482 0.2485 -0.8076 0.0607 0.2354 -0.8099 0.0287 0.268 -0.8069 0.0413 0.2554 -0.8063 0.053 0.2435 -0.8082 0.0637 0.2323 -0.8207 0.049 0.2462
54.0 -0.8723 0.0581 0.2317 -0.8007 0.0214 0.2764 -0.8019 0.0279 0.2696 -0.8037 0.0381 0.259 -0.8054 0.0482 0.2485 -0.8076 0.0607 0.2354 -0.8099 0.0287 0.268 -0.8069 0.0413 0.2554 -0.8063 0.053 0.2435 -0.8082 0.0637 0.2323 -0.8207 0.049 0.2462
54.0 -0.8723 0.0581 0.2317 -0.8007 0.0214 0.2764 -0.8019 0.0279 0.2696 -0.8037 0.0381 0.259 -0.8054 0.0482 0.2485 -0.8076 0.0607 0.2354 -0.8099 0.0287 0.268 -0.8069 0.0413 0.2554 -0.8063 0.053 0.2435 -0.8082 0.0637 0.2323 -0.8207 0.049 0.2462
54.0 -0.8723 0.0581 0.2317 -0.8007 0.0214 0.2764 -0.8019 0.0279 0.2696 -0.8037 0.0381 0.259 -0.8054 0.0482 0.2485 -0.8076 0.0607 0.2354 -0.8099 0.0287 0.268 -0.8069 0.0413 0.2554 -0.8063 0.053 0.2435 -0.8082 0.0637 0.2323 -0.8207 0.049 0.2462
54.0 -0.8723 0.0581 0.2317 -0.8007 0.0214 0.2764 -0.8019 0.0279 0.2696 -0.8037 0.0381 0.259 -0.8054 0.0482 0.2485 -0.8076 0.0607 0.2354 -0.8099 0.0287 0.268 -0.8069 0.0413 0.2554 -0.8063 0.053 0.2435 -0.8082 0.0637 0.2323 -0.8207 0.049 0.2462
54.0 -0.8723 0.0581 0.2317 -0.8007 0.0214 0.2764 -0.8019 0.0279 0.2696 -0.8037 0.0381 0.259 -0.8054 0.0482 0.2485 -0.8076 0.0607 0.2354 -0.8099 0.0287 0.268 -0.8069 0.0413 0.2554 -0.8063 0.053 0.2435 -0.8082 0.0637 0.2323 -0.8207 0.049 0.2462
54.0 -0.8723 0.0581 0.2317 -0.8007 0.0214 0.2764 -0.8019 0.0279 0.2696 -0.8037 0.0381 0.259 -0.8054 0.0482 0.2485 -0.8076 0.0607 0.2354 -0.8099 0.0287 0.268 -0.8069 0.0413 0.2554 -0.8063 0.053 0.2435 -0.8082 0.0637 0.2323 -0.8207 0.049 0.2462
54.0 -0.8723 0.0581 0.2317 -0.8007 0.0214 0.2764 -0.8019 0.0279 0.2696 -0.8037 0.0381 0.259 -0.8054 0.0482 0.2485 -0.8076 0.0607 0.2354 -0.8099 0.0287 0.268 -0.8069 0.0413 0.2554 -0.8063 0.053 0.2435 -0.8082 0.0637 0.2323 -0.8207 0.049 0.2462
54.0 -0.8723 0.0581 0.2317 -0.8007 0.0214 0.2764 -0.8019 0.0279 0.2696 -0.8037 0.0381 0.259 -0.8054 0.0482 0.2485 -0.8076 0.0607 0.2354 -0.8099 0.0287 0.268 -0.8069 0.0413 0.2554 -0.8063 0.053 0.2435 -0.8082 0.0637 0.2323 -0.8207 0.049 0.2462
54.0 -0.8723 0.0581 0.2317 -0.8007 0.0214 0.2764 -0.8019 0.0279 0.2696 -0.8037 0.0381 0.259 -0.8054 0.0482 0.2485 -0.8076 0.0607 0.2354 -0.8099 0.0287 0.268 -0.8069 0.0413 0.2554 -0.8063 0.053 0.2435 -0.8082 0.0637 0.2323 -0.8207 0.049 0.2462
54.0 -0.8723 0.0581 0.2317 -0.8007 0.0214 0.2764 -0.8019 0.0279 0.2696 -0.8037 0.0381 0.259 -0.8054 0.0482 0.2485 -0.8076 0.0607 0.2354 -0.8099 0.0287 0.268 -0.8069 0.0413 0.2554 -0.8063 0.053 0.2435 -0.8082 0.0637 0.2323 -0.8207 0.049 0.2462
54.0 -0.8723 0.0581 0.2317 -0.8007 0.0214 0.2764 -0.8019 0.0279 0.2696 -0.8037 0.0381 0.259 -0.8054 0.0482 0.2485 -0.8076 0.0607 0.2354 -0.8099 0.0287 0.268 -0.8069 0.0413 0.2554 -0.8063 0.053 0.2435 -0.8082 0.0637 0.2323 -0.8207 0.049 0.2462
54.0 -0.8723 0.0581 0.2317 -0.8007 0.0214 0.2764 -0.8019 0.0279 0.2696 -0.8037 0.0381 0.259 -0.8054 0.0482 0.2485 -0.8076 0.0607 0.2354 -0.8099 0.0287 0.268 -0.8069 0.0413 0.2554 -0.8063 0.053 0.2435 -0.8082 0.0637 0.2323 -0.8207 0.049 0.2462
54.0 -0.8723 0.0581 0.2317 -0.8007 0.0214 0.2764 -0.8019 0.0279 0.2696 -0.8037 0.0381 0.259 -0.8054 0.0482 0.2485 -0.8076 0.0607 0.2354 -0.8099 0.0287 0.268 -0.8069 0.0413 0.2554 -0.8063 0.053 0.2435 -0.8082 0.0637 0.2323 -0.8207 0.049 0.2462
54.0 -0.8723 0.0581 0.2317 -0.8007 0.0214 0.2764 -0.8019 0.0279 0.2696 -0.8037 0.0381 0.259 -0.8054 0.0482 0.2485 -0.8076 0.0607 0.2354 -0.8099 0.0287 0.268 -0.8069 0.0413 0.2554 -0.8063 0.053 0.2435 -0.8082 0.0637 0.2323 -0.8207 0.049 0.2462
54.0 -0.8723 0.0581 0.2317 -0.8007 0.0214 0.2764 -0.8019 0.0279 0.2696 -0.8037 0.0381 0.259 -0.8054 0.0482 0.2485 -0.8076 0.0607 0.2354 -0.8099 0.0287 0.268 -0.8069 0.0413 0.2554 -0.8063 0.053 0.2435 -0.8082 0.0637 0.2323 -0.8207 0.049 0.2462
54.0 -0.8723 0.0581 0.2317 -0.8007 0.0214 0.2764 -0.8019 0.0279 0.2696 -0.8037 0.0381 0.259 -0.8054 0.0482 0.2485 -0.8076 0.0607 0.2354 -0.8099 0.0287 0.268 -0.8069 0.0413 0.2554 -0.8063 0.053 0.2435 -0.8082 0.0637 0.2323 -0.8207 0.049 0.2462
54.0 -0.8723 0.0581 0.2317 -0.8007 0.0214 0.2764 -0.8019 0.0279 0.2696 -0.8037 0.0381 0.259 -0.8054 0.0482 0.2485 -0.8076 0.0607 0.2354 -0.8099 0.0287 0.268 -0.8069 0.0413 0.2554 -0.8063 0.053 0.2435 -0.8082 0.0637 0.2323 -0.8207 0.049 0.2462
54.0 -0.8723 0.0581 0.2317 -0.8007 0.0214 0.2764 -0.8019 0.0279 0.2696 -0.8037 0.0381 0.259 -0.8054 0.0482 0.2485 -0.8076 0.0607 0.2354 -0.8099 0.0287 0.268 -0.8069 0.0413 0.2554 -0.8063 0.053 0.2435 -0.8082 0.0637 0.2323 -0.8207 0.049 0.2462
54.0 -0.8723 0.0581 0.2317 -0.8007 0.0214 0.2764 -0.8019 0.0279 0.2696 -0.8037 0.0381 0.259 -0.8054 0.0482 0.2485 -0.8076 0.0607 0.2354 -0.8099 0.0287 0.268 -0.8069 0.0413 0.2554 -0.8063 0.053 0.2435 -0.8082 0.0637 0.2323 -0.8207 0.049 0.2462
54.0 -0.8723 0.0581 0.2317 -0.8007 0.0214 0.2764 -0.8019 0.0279 0.2696 -0.8037 0.0381 0.259 -0.8054 0.0482 0.2485 -0.8076 0.0607 0.2354 -0.8099 0.0287 0.268 -0.8069 0.0413 0.2554 -0.8063 0.053 0.2435 -0.8082 0.0637 0.2323 -0.8207 0.049 0.2462
54.0 -0.8723 0.0581 0.2317 -0.8007 0.0214 0.2764 -0.8019 0.0279 0.2696 -0.8037 0.0381 0.259 -0.8054 0.0482 0.2485 -0.8076 0.0607 0.2354 -0.8099 0.0287 0.268 -0.8069 0.0413 0.2554 -0.8063 0.053 0.2435 -0.8082 0.0637 0.2323 -0.8207 0.049 0.2462
54.0 -0.8723 0.0581 0.2317 -0.8007 0.0214 0.2764 -0.8019 0.0279 0.2696 -0.8037 0.0381 0.259 -0.8054 0.0482 0.2485 -0.8076 0.0607 0.2354 -0.8099 0.0287 0.268 -0.8069 0.0413 0.2554 -0.8063 0.053 0.2435 -0.8082 0.0637 0.2323 -0.8207 0.049 0.2462
54.0 -0.8723 0.0581 0.2317 -0.8007 0.0214 0.2764 -0.8019 0.0279 0.2696 -0.8037 0.0381 0.259 -0.8054 0.0482 0.2485 -0.8076 0.0607 0.2354 -0.8099 0.0287 0.268 -0.8069 0.0413 0.2554 -0.8063 0.053 0.2435 -0.8082 0.0637 0.2323 -0.8207 0.049 0.2462
54.0 -0.8723 0.0581 0.2317 -0.8007 0.0214 0.2764 -0.8019 0.0279 0.2696 -0.8037 0.0381 0.259 -0.8054 0.0482 0.2485 -0.8076 0.0607 0.2354 -0.8099 0.0287 0.268 -0.8069 0.0413 0.2554 -0.8063 0.053 0.2435 -0.8082 0.0637 0.2323 -0.8207 0.049 0.2462
54.0 -0.8723 0.0581 0.2317 -0.8007 0.0214 0.2764 -0.8019 0.0279 0.2696 -0.8037 0.0381 0.259 -0.8054 0.0482 0.2485 -0.8076 0.0607 0.2354 -0.8099 0.0287 0.268 -0.8069 0.0413 0.2554 -0.8063 0.053 0.2435 -0.8082 0.0637 0.2323 -0.8207 0.049 0.2462
54.0 -0.8723 0.0581 0.2317 -0.8007 0.0214 0.2764 -0.8019 0.0279 0.2696 -0.8037 0.0381 0.259 -0.8054 0.0482 0.2485 -0.8076 0.0607 0.2354 -0.8099 0.0287 0.268 -0.8069 0.0413 0.2554 -0.8063 0.053 0.2435 -0.8082 0.0637 0.2323 -0.8207 0.049 0.2462
54.0 -0.8723 0.0581 0.2317 -0.8007 0.0214 0.2764 -0.8019 0.0279 0.2696 -0.8037 0.0381 0.259 -0.8054 0.0482 0.2485 -0.8076 0.0607 0.2354 -0.8099 0.0287 0.268 -0.8069 0.0413 0.2554 -0.8063 0.053 0.2435 -0.8082 0.0637 0.2323 -0.8207 0.049 0.2462
54.0 -0.8723 0.0581 0.2317 -0.8007 0.0214 0.2764 -0.8019 0.0279 0.2696 -0.8037 0.0381 0.259 -0.8054 0.0482 0.2485 -0.8076 0.0607 0.2354 -0.8099 0.0287 0.268 -0.8069 0.0413 0.2554 -0.8063 0.053 0.2435 -0.8082 0.0637 0.2323 -0.8207 0.049 0.2462
54.0 -0.8723 0.0581 0.2317 -0.8007 0.0214 0.2764 -0.8019 0.0279 0.2696 -0.8037 0.0381 0.259 -0.8054 0.0482 0.2485 -0.8076 0.0607 0.2354 -0.8099 0.0287 0.268 -0.8069 0.0413 0.2554 -0.8063 0.053 0.2435 -0.8082 0.0637 0.2323 -0.8207 0.049 0.2462
54.0 -0.8723 0.0581 0.2317 -0.8007 0.0214 0.2764 -0.8019 0.0279 0.2696 -0.8037 0.0381 0.259 -0.8054 0.0482 0.2485 -0.8076 0.0607 0.2354 -0.8099 0.0287 0.268 -0.8069 0.0413 0.2554 -0.8063 0.053 0.2435 -0.8082 0.0637 0.2323 -0.8207 0.049 0.2462
54.0 -0.8723 0.0581 0.2317 -0.8007 0.0214 0.2764 -0.8019 0.0279 0.2696 -0.8037 0.0381 0.259 -0.8054 0.0482 0.2485 -0.8076 0.0607 0.2354 -0.8099 0.0287 0.268 -0.8069 0.0413 0.2554 -0.8063 0.053 0.2435 -0.8082 0.0637 0.2323 -0.8207 0.049 0.2462
54.0 -0.8723 0.0581 0.2317 -0.8007 0.0214 0.2764 -0.8019 0.0279 0.2696 -0.8037 0.0381 0.259 -0.8054 0.0482 0.2485 -0.8076 0.0607 0.2354 -0.8099 0.0287 0.268 -0.8069 0.0413 0.2554 -0.8063 0.053 0.2435 -0.8082 0.0637 0.2323 -0.8207 0.049 0.2462
54.0 -0.8723 0.0581 0.2317 -0.8007 0.0214 0.2764 -0.8019 0.0279 0.2696 -0.8037 0.0381 0.259 -0.8054 0.0482 0.2485 -0.8076 0.0607 0.2354 -0.8099 0.0287 0.268 -0.8069 0.0413 0.2554 -0.8063 0.053 0.2435 -0.8082 0.0637 0.2323 -0.8207 0.049 0.2462
54.0 -0.8723 0.0581 0.2317 -0.8007 0.0214 0.2764 -0.8019 0.0279 0.2696 -0.8037 0.0381 0.259 -0.8054 0.0482 0.2485 -0.8076 0.0607 0.2354 -0.8099 0.0287 0.268 -0.8069 0.0413 0.2554 -0.8063 0.053 0.2435 -0.8082 0.0637 0.2323 -0.8207 0.049 0.2462
54.0 -0.8723 0.0581 0.2317 -0.8007 0.0214 0.2764 -0.8019 0.0279 0.2696 -0.8037 0.0381 0.259 -0.8054 0.0482 0.2485 -0.8076 0.0607 0.2354 -0.8099 0.0287 0.268 -0.8069 0.0413 0.2554 -0.8063 0.053 0.2435 -0.8082 0.0637 0.2323 -0.8207 0.049 0.2462
54.0 -0.8723 0.0581 0.2317 -0.8007 0.0214 0.2764 -0.8019 0.0279 0.2696 -0.8037 0.0381 0.259 -0.8054 0.0482 0.2485 -0.8076 0.0607 0.2354 -0.8099 0.0287 0.268 -0.8069 0.0413 0.2554 -0.8063 0.053 0.2435 -0.8082 0.0637 0.2323 -0.8207 0.049 0.2462
54.0 -0.8723 0.0581 0.2317 -0.8007 0.0214 0.2764 -0.8019 0.0279 0.2696 -0.8037 0.0381 0.259 -0.8054 0.0482 0.2485 -0.8076 0.0607 0.2354 -0.8099 0.0287 0.268 -0.8069 0.0413 0.2554 -0.8063 0.053 0.2435 -0.8082 0.0637 0.2323 -0.8207 0.049 0.2462
54.0 -0.8723 0.0581 0.2317 -0.8007 0.0214 0.2764 -0.8019 0.0279 0.2696 -0.8037 0.0381 0.259 -0.8054 0.0482 0.2485 -0.8076 0.0607 0.2354 -0.8099 0.0287 0.268 -0.8069 0.0413 0.2554 -0.8063 0.053 0.2435 -0.8082 0.0637 0.2323 -0.8207 0.049 0.2462
54.0 -0.8723 0.0581 0.2317 -0.8007 0.0214 0.2764 -0.8019 0.0279 0.2696 -0.8037 0.0381 0.259 -0.8054 0.0482 0.2485 -0.8076 0.0607 0.2354 -0.8099 0.0287 0.268 -0.8069 0.0413 0.2554 -0.8063 0.053 0.2435 -0.8082 0.0637 0.2323 -0.8207 0.049 0.2462
54.0 -0.8723 0.0581 0.2317 -0.8007 0.0214 0.2764 -0.8019 0.0279 0.2696 -0.8037 0.0381 0.259 -0.8054 0.0482 0.2485 -0.8076 0.0607 0.2354 -0.8099 0.0287 0.268 -0.8069 0.0413 0.2554 -0.8063 0.053 0.2435 -0.8082 0.0637 0.2323 -0.8207 0.049 0.2462
54.0 -0.8723 0.0581 0.2317 -0.8007 0.0214 0.2764 -0.8019 0.0279 0.2696 -0.8037 0.0381 0.259 -0.8054 0.0482 0.2485 -0.8076 0.0607 0.2354 -0.8099 0.0287 0.268 -0.8069 0.0413 0.2554 -0.8063 0.053 0.2435 -0.8082 0.0637 0.2323 -0.8207 0.049 0.2462
54.0 -0.8723 0.0581 0.2317 -0.8007 0.0214 0.2764 -0.8019 0.0279 0.2696 -0.8037 0.0381 0.259 -0.8054 0.0482 0.2485 -0.8076 0.0607 0.2354 -0.8099 0.0287 0.268 -0.8069 0.0413 0.2554 -0.8063 0.053 0.2435 -0.8082 0.0637 0.2323 -0.8207 0.049 0.2462
54.0 -0.8723 0.0581 0.2317 -0.8007 0.0214 0.2764 -0.8019 0.0279 0.2696 -0.8037 0.0381 0.259 -0.8054 0.0482 0.2485 -0.8076 0.0607 0.2354 -0.8099 0.0287 0.268 -0.8069 0.0413 0.2554 -0.8063 0.053 0.2435 -0.8082 0.0637 0.2323 -0.8207 0.049 0.2462
54.0 -0.8723 0.0581 0.2317 -0.8007 0.0214 0.2764 -0.8019 0.0279 0.2696 -0.8037 0.0381 0.259 -0.8054 0.0482 0.2485 -0.8076 0.0607 0.2354 -0.8099 0.0287 0.268 -0.8069 0.0413 0.2554 -0.8063 0.053 0.2435 -0.8082 0.0637 0.2323 -0.8207 0.049 0.2462
54.0 -0.8723 0.0581 0.2317 -0.8007 0.0214 0.2764 -0.8019 0.0279 0.2696 -0.8037 0.0381 0.259 -0.8054 0.0482 0.2485 -0.8076 0.0607 0.2354 -0.8099 0.0287 0.268 -0.8069 0.0413 0.2554 -0.8063 0.053 0.2435 -0.8082 0.0637 0.2323 -0.8207 0.049 0.2462
54.0 -0.8723 0.0581 0.2317 -0.8007 0.0214 0.2764 -0.8019 0.0279 0.2696 -0.8037 0.0381 0.259 -0.8054 0.0482 0.2485 -0.8076 0.0607 0.2354 -0.8099 0.0287 0.268 -0.8069 0.0413 0.2554 -0.8063 0.053 0.2435 -0.8082 0.0637 0.2323 -0.8207 0.049 0.2462
54.0 -0.8723 0.0581 0.2317 -0.8007 0.0214 0.2764 -0.8019 0.0279 0.2696 -0.8037 0.0381 0.259 -0.8054 0.0482 0.2485 -0.8076 0.0607 0.2354 -0.8099 0.0287 0.268 -0.8069 0.0413 0.2554 -0.8063 0.053 0.2435 -0.8082 0.0637 0.2323 -0.8207 0.049 0.2462
54.0 -0.8723 0.0581 0.2317 -0.8007 0.0214 0.2764 -0.8019 0.0279 0.2696 -0.8037 0.0381 0.259 -0.8054 0.0482 0.2485 -0.8076 0.0607 0.2354 -0.8099 0.0287 0.268 -0.8069 0.0413 0.2554 -0.8063 0.053 0.2435 -0.8082 0.0637 0.2323 -0.8207 0.049 0.2462
54.0 -0.8723 0.0581 0.2317 -0.8007 0.0214 0.2764 -0.8019 0.0279 0.2696 -0.8037 0.0381 0.259 -0.8054 0.0482 0.2485 -0.8076 0.0607 0.2354 -0.8099 0.0287 0.268 -0.8069 0.0413 0.2554 -0.8063 0.053 0.2435 -0.8082 0.0637 0.2323 -0.8207 0.049 0.2462
54.0 -0.8723 0.0581 0.2317 -0.8007 0.0214 0.2764 -0.8019 0.0279 0.2696 -0.8037 0.0381 0.259 -0.8054 0.0482 0.2485 -0.8076 0.0607 0.2354 -0.8099 0.0287 0.268 -0.8069 0.0413 0.2554 -0.8063 0.053 0.2435 -0.8082 0.0637 0.2323 -0.8207 0.049 0.2462
54.0 -0.8723 0.0581 0.2317 -0.8007 0.0214 0.2764 -0.8019 0.0279 0.2696 -0.8037 0.0381 0.259 -0.8054 0.0482 0.2485 -0.8076 0.0607 0.2354 -0.8099 0.0287 0.268 -0.8069 0.0413 0.2554 -0.8063 0.053 0.2435 -0.8082 0.0637 0.2323 -0.8207 0.049 0.2462
54.0 -0.8723 0.0581 0.2317 -0.8007 0.0214 0.2764 -0.8019 0.0279 0.2696 -0.8037 0.0381 0.259 -0.8054 0.0482 0.2485 -0.8076 0.0607 0.2354 -0.8099 0.0287 0.268 -0.8069 0.0413 0.2554 -0.8063 0.053 0.2435 -0.8082 0.0637 0.2323 -0.8207 0.049 0.2462
54.0 -0.8723 0.0581 0.2317 -0.8007 0.0214 0.2764 -0.8019 0.0279 0.2696 -0.8037 0.0381 0.259 -0.8054 0.0482 0.2485 -0.8076 0.0607 0.2354 -0.8099 0.0287 0.268 -0.8069 0.0413 0.2554 -0.8063 0.053 0.2435 -0.8082 0.0637 0.2323 -0.8207 0.049 0.2462
54.0 -0.8723 0.0581 0.2317 -0.8007 0.0214 0.2764 -0.8019 0.0279 0.2696 -0.8037 0.0381 0.259 -0.8054 0.0482 0.2485 -0.8076 0.0607 0.2354 -0.8099 0.0287 0.268 -0.8069 0.0413 0.2554 -0.8063 0.053 0.2435 -0.8082 0.0637 0.2323 -0.8207 0.049 0.2462
54.0 -0.8723 0.0581 0.2317 -0.8007 0.0214 0.2764 -0.8019 0.0279 0.2696 -0.8037 0.0381 0.259 -0.8054 0.0482 0.2485 -0.8076 0.0607 0.2354 -0.8099 0.0287 0.268 -0.8069 0.0413 0.2554 -0.8063 0.053 0.2435 -0.8082 0.0637 0.2323 -0.8207 0.049 0.2462
54.0 -0.8723 0.0581 0.2317 -0.8007 0.0214 0.2764 -0.8019 0.0279 0.2696 -0.8037 0.0381 0.259 -0.8054 0.0482 0.2485 -0.8076 0.0607 0.2354 -0.8099 0.0287 0.268 -0.8069 0.0413 0.2554 -0.8063 0.053 0.2435 -0.8082 0.0637 0.2323 -0.8207 0.049 0.2462
54.0 -0.8723 0.0581 0.2317 -0.8007 0.0214 0.2764 -0.8019 0.0279 0.2696 -0.8037 0.0381 0.259 -0.8054 0.0482 0.2485 -0.8076 0.0607 0.2354 -0.8099 0.0287 0.268 -0.8069 0.0413 0.2554 -0.8063 0.053 0.2435 -0.8082 0.0637 0.2323 -0.8207 0.049 0.2462
54.0 -0.8723 0.0581 0.2317 -0.8007 0.0214 0.2764 -0.8019 0.0279 0.2696 -0.8037 0.0381 0.259 -0.8054 0.0482 0.2485 -0.8076 0.0607 0.2354 -0.8099 0.0287 0.268 -0.8069 0.0413 0.2554 -0.8063 0.053 0.2435 -0.8082 0.0637 0.2323 -0.8207 0.049 0.2462
54.0 -0.8723 0.0581 0.2317 -0.8007 0.0214 0.2764 -0.8019 0.0279 0.2696 -0.8037 0.0381 0.259 -0.8054 0.0482 0.2485 -0.8076 0.0607 0.2354 -0.8099 0.0287 0.268 -0.8069 0.0413 0.2554 -0.8063 0.053 0.2435 -0.8082 0.0637 0.2323 -0.8207 0.049 0.2462
54.0 -0.8723 0.0581 0.2317 -0.8007 0.0214 0.2764 -0.8019 0.0279 0.2696 -0.8037 0.0381 0.259 -0.8054 0.0482 0.2485 -0.8076 0.0607 0.2354 -0.8099 0.0287 0.268 -0.8069 0.0413 0.2554 -0.8063 0.053 0.2435 -0.8082 0.0637 0.2323 -0.8207 0.049 0.2462
54.0 -0.8723 0.0581 0.2317 -0.8007 0.0214 0.2764 -0.8019 0.0279 0.2696 -0.8037 0.0381 0.259 -0.8054 0.0482 0.2485 -0.8076 0.0607 0.2354 -0.8099 0.0287 0.268 -0.8069 0.0413 0.2554 -0.8063 0.053 0.2435 -0.8082 0.0637 0.2323 -0.8207 0.049 0.2462
54.0 -0.8723 0.0581 0.2317 -0.8007 0.0214 0.2764 -0.8019 0.0279 0.2696 -0.8037 0.0381 0.259 -0.8054 0.0482 0.2485 -0.8076 0.0607 0.2354 -0.8099 0.0287 0.268 -0.8069 0.0413 0.2554 -0.8063 0.053 0.2435 -0.8082 0.0637 0.2323 -0.8207 0.049 0.2462
54.0 -0.8723 0.0581 0.2317 -0.8007 0.0214 0.2764 -0.8019 0.0279 0.2696 -0.8037 0.0381 0.259 -0.8054 0.0482 0.2485 -0.8076 0.0607 0.2354 -0.8099 0.0287 0.268 -0.8069 0.0413 0.2554 -0.8063 0.053 0.2435 -0.8082 0.0637 0.2323 -0.8207 0.049 0.2462
54.0 -0.8723 0.0581 0.2317 -0.8007 0.0214 0.2764 -0.8019 0.0279 0.2696 -0.8037 0.0381 0.259 -0.8054 0.0482 0.2485 -0.8076 0.0607 0.2354 -0.8099 0.0287 0.268 -0.8069 0.0413 0.2554 -0.8063 0.053 0.2435 -0.8082 0.0637 0.2323 -0.8207 0.049 0.2462
175.0 -0.8759 0.0637 0.2256 -0.8019 0.0279 0.2696 -0.8057 0.05 0.2466 -0.8083 0.0643 0.2317 -0.8107 0.078 0.2174 -0.8132 0.0924 0.2025 -0.807 0.0572 0.2392 -0.809 0.0685 0.2274 -0.8111 0.0804 0.215 -0.8147 0.0909 0.2039 -0.8235 0.0722 0.2222
176.0 -0.9038 0.0624 0.2242 -0.803 0.0345 0.2627 -0.8084 0.0649 0.2311 -0.8109 0.0792 0.2162 -0.8133 0.093 0.2019 -0.8153 0.1043 0.1901 -0.8252 0.0657 0.2286 -0.8289 0.0768 0.2169 -0.8359 0.0862 0.2065 -0.847 0.0945 0.197 -0.8482 0.0771 0.2146
177.0 -0.932 0.0678 0.2159 -0.8354 0.0387 0.2552 -0.8103 0.0763 0.2193 -0.8127 0.0894 0.2056 -0.8145 0.1001 0.1945 -0.8162 0.1097 0.1846 -0.8535 0.0668 0.2247 -0.8576 0.0797 0.2111 -0.8648 0.0909 0.1989 -0.8753 0.1005 0.1881 -0.8767 0.0811 0.2078
178.0 -0.9582 0.0765 0.2044 -0.8622 0.046 0.245 -0.8118 0.0846 0.2106 -0.815 0.0976 0.197 -0.8306 0.1065 0.1864 -0.8501 0.1124 0.1784 -0.874 0.0732 0.2161 -0.8775 0.088 0.2007 -0.8857 0.0997 0.1879 -0.8962 0.1093 0.177 -0.8983 0.0893 0.1972
179.0 -1.0645 0.0957 0.1742 -0.9525 0.1194 0.1611 -0.9804 0.1229 0.1547 -0.993 0.1194 0.1571 -0.9956 0.1142 0.1621 -0.9852 0.1052 0.1724 -0.966 0.1059 0.1735 -0.9682 0.0983 0.1811 -0.9719 0.0893 0.19 -0.9789 0.0792 0.1996 -0.9899 0.0937 0.1837
180.0 -1.096 0.1 0.1667 -0.9983 0.1297 0.146 -1.0156 0.128 0.1461 -1.0299 0.1242 0.1485 -1.0267 0.1161 0.1571 -0.9856 0.0923 0.1855 -1.0103 0.1177 0.1571 -1.0132 0.1093 0.1653 -1.0185 0.0995 0.1749 -1.0246 0.0889 0.1851 -1.0325 0.1031 0.1698
180.0 -1.096 0.1 0.1667 -0.9983 0.1297 0.146 -1.0156 0.128 0.1461 -1.0299 0.1242 0.1485 -1.0267 0.1161 0.1571 -0.9856 0.0923 0.1855 -1.0103 0.1177 0.1571 -1.0132 0.1093 0.1653 -1.0185 0.0995 0.1749 -1.0246 0.0889 0.1851 -1.0325 0.1031 0.1698
180.0 -1.096 0.1 0.1667 -0.9983 0.1297 0.146 -1.0156 0.128 0.1461 -1.0299 0.1242 0.1485 -1.0267 0.1161 0.1571 -0.9856 0.0923 0.1855 -1.0103 0.1177 0.1571 -1.0132 0.1093 0.1653 -1.0185 0.0995 0.1749 -1.0246 0.0889 0.1851 -1.0325 0.1031 0.1698
180.0 -1.096 0.1 0.1667 -0.9983 0.1297 0.146 -1.0156 0.128 0.1461 -1.0299 0.1242 0.1485 -1.0267 0.1161 0.1571 -0.9856 0.0923 0.1855 -1.0103 0.1177 0.1571 -1.0132 0.1093 0.1653 -1.0185 0.0995 0.1749 -1.0246 0.0889 0.1851 -1.0325 0.1031 0.1698
180.0 -1.096 0.1 0.1667 -0.9983 0.1297 0.146 -1.0156 0.128 0.1461 -1.0299 0.1242 0.1485 -1.0267 0.1161 0.1571 -0.9856 0.0923 0.1855 -1.0103 0.1177 0.1571 -1.0132 0.1093 0.1653 -1.0185 0.0995 0.1749 -1.0246 0.0889 0.1851 -1.0325 0.1031 0.1698
180.0 -1.096 0.1 0.1667 -0.9983 0.1297 0.146 -1.0156 0.128 0.1461 -1.0299 0.1242 0.1485 -1.0267 0.1161 0.1571 -0.9856 0.0923 0.1855 -1.0103 0.1177 0.1571 -1.0132 0.1093 0.1653 -1.0185 0.0995 0.1749 -1.0246 0.0889 0.1851 -1.0325 0.1031 0.1698
180.0 -1.096 0.1 0.1667 -0.9983 0.1297 0.146 -1.0156 0.128 0.1461 -1.0299 0.1242 0.1485 -1.0267 0.1161 0.1571 -0.9856 0.0923 0.1855 -1.0103 0.1177 0.1571 -1.0132 0.1093 0.1653 -1.0185 0.0995 0.1749 -1.0246 0.0889 0.1851 -1.0325 0.1031 0.1698
180.0 -1.096 0.1 0.1667 -0.9983 0.1297 0.146 -1.0156 0.128 0.1461 -1.0299 0.1242 0.1485 -1.0267 0.1161 0.1571 -0.9856 0.0923 0.1855 -1.0103 0.1177 0.1571 -1.0132 0.1093 0.1653 -1.0185 0.0995 0.1749 -1.0246 0.0889 0.1851 -1.0325 0.1031 0.1698
180.0 -1.096 0.1 0.1667 -0.9983 0.1297 0.146 -1.0156 0.128 0.1461 -1.0299 0.1242 0.1485 -1.0267 0.1161 0.1571 -0.9856 0.0923 0.1855 -1.0103 0.1177 0.1571 -1.0132 0.1093 0.1653 -1.0185 0.0995 0.1749 -1.0246 0.0889 0.1851 -1.0325 0.1031 0.1698
180.0 -1.096 0.1 0.1667 -0.9983 0.1297 0.146 -1.0156 0.128 0.1461 -1.0299 0.1242 0.1485 -1.0267 0.1161 0.1571 -0.9856 0.0923 0.1855 -1.0103 0.1177 0.1571 -1.0132 0.1093 0.1653 -1.0185 0.0995 0.1749 -1.0246 0.0889 0.1851 -1.0325 0.1031 0.1698
180.0 -1.096 0.1 0.1667 -0.9983 0.1297 0.146 -1.0156 0.128 0.1461 -1.0299 0.1242 0.1485 -1.0267 0.1161 0.1571 -0.9856 0.0923 0.1855 -1.0103 0.1177 0.1571 -1.0132 0.1093 0.1653 -1.0185 0.0995 0.1749 -1.0246 0.0889 0.1851 -1.0325 0.1031 0.1698
180.0 -1.096 0.1 0.1667 -0.9983 0.1297 0.146 -1.0156 0.128 0.1461 -1.0299 0.1242 0.1485 -1.0267 0.1161 0.1571 -0.9856 0.0923 0.1855 -1.0103 0.1177 0.1571 -1.0132 0.1093 0.1653 -1.0185 0.0995 0.1749 -1.0246 0.0889 0.1851 -1.0325 0.1031 0.1698
180.0 -1.096 0.1 0.1667 -0.9983 0.1297 0.146 -1.0156 0.128 0.1461 -1.0299 0.1242 0.1485 -1.0267 0.1161 0.1571 -0.9856 0.0923 0.1855 -1.0103 0.1177 0.1571 -1.0132 0.1093 0.1653 -1.0185 0.0995 0.1749 -1.0246 0.0889 0.1851 -1.0325 0.1031 0.1698
180.0 -1.096 0.1 0.1667 -0.9983 0.1297 0.146 -1.0156 0.128 0.1461 -1.0299 0.1242 0.1485 -1.0267 0.1161 0.1571 -0.9856 0.0923 0.1855 -1.0103 0.1177 0.1571 -1.0132 0.1093 0.1653 -1.0185 0.0995 0.1749 -1.0246 0.0889 0.1851 -1.0325 0.1031 0.1698
180.0 -1.096 0.1 0.1667 -0.9983 0.1297 0.146 -1.0156 0.128 0.1461 -1.0299 0.1242 0.1485 -1.0267 0.1161 0.1571 -0.9856 0.0923 0.1855 -1.0103 0.1177 0.1571 -1.0132 0.1093 0.1653 -1.0185 0.0995 0.1749 -1.0246 0.0889 0.1851 -1.0325 0.1031 0.1698
180.0 -1.096 0.1 0.1667 -0.9983 0.1297 0.146 -1.0156 0.128 0.1461 -1.0299 0.1242 0.1485 -1.0267 0.1161 0.1571 -0.9856 0.0923 0.1855 -1.0103 0.1177 0.1571 -1.0132 0.1093 0.1653 -1.0185 0.0995 0.1749 -1.0246 0.0889 0.1851 -1.0325 0.1031 0.1698
180.0 -1.096 0.1 0.1667 -0.9983 0.1297 0.146 -1.0156 0.128 0.1461 -1.0299 0.1242 0.1485 -1.0267 0.1161 0.1571 -0.9856 0.0923 0.1855 -1.0103 0.1177 0.1571 -1.0132 0.1093 0.1653 -1.0185 0.0995 0.1749 -1.0246 0.0889 0.1851 -1.0325 0.1031 0.1698
180.0 -1.096 0.1 0.1667 -0.9983 0.1297 0.146 -1.0156 0.128 0.1461 -1.0299 0.1242 0.1485 -1.0267 0.1161 0.1571 -0.9856 0.0923 0.1855 -1.0103 0.1177 0.1571 -1.0132 0.1093 0.1653 -1.0185 0.0995 0.1749 -1.0246 0.0889 0.1851 -1.0325 0.1031 0.1698
180.0 -1.096 0.1 0.1667 -0.9983 0.1297 0.146 -1.0156 0.128 0.1461 -1.0299 0.1242 0.1485 -1.0267 0.1161 0.1571 -0.9856 0.0923 0.1855 -1.0103 0.1177 0.1571 -1.0132 0.1093 0.1653 -1.0185 0.0995 0.1749 -1.0246 0.0889 0.1851 -1.0325 0.1031 0.1698
180.0 -1.096 0.1 0.1667 -0.9983 0.1297 0.146 -1.0156 0.128 0.1461 -1.0299 0.1242 0.1485 -1.0267 0.1161 0.1571 -0.9856 0.0923 0.1855 -1.0103 0.1177 0.1571 -1.0132 0.1093 0.1653 -1.0185 0.0995 0.1749 -1.0246 0.0889 0.1851 -1.0325 0.1031 0.1698
180.0 -1.096 0.1 0.1667 -0.9983 0.1297 0.146 -1.0156 0.128 0.1461 -1.0299 0.1242 0.1485 -1.0267 0.1161 0.1571 -0.9856 0.0923 0.1855 -1.0103 0.1177 0.1571 -1.0132 0.1093 0.1653 -1.0185 0.0995 0.1749 -1.0246 0.0889 0.1851 -1.0325 0.1031 0.1698
180.0 -1.096 0.1 0.1667 -0.9983 0.1297 0.146 -1.0156 0.128 0.1461 -1.0299 0.1242 0.1485 -1.0267 0.1161 0.1571 -0.9856 0.0923 0.1855 -1.0103 0.1177 0.1571 -1.0132 0.1093 0.1653 -1.0185 0.0995 0.1749 -1.0246 0.0889 0.1851 -1.0325 0.1031 0.1698
180.0 -1.096 0.1 0.1667 -0.9983 0.1297 0.146 -1.0156 0.128 0.1461 -1.0299 0.1242 0.1485 -1.0267 0.1161 0.1571 -0.9856 0.0923 0.1855 -1.0103 0.1177 0.1571 -1.0132 0.1093 0.1653 -1.0185 0.0995 0.1749 -1.0246 0.0889 0.1851 -1.0325 0.1031 0.1698
180.0 -1.096 0.1 0.1667 -0.9983 0.1297 0.146 -1.0156 0.128 0.1461 -1.0299 0.1242 0.1485 -1.0267 0.1161 0.1571 -0.9856 0.0923 0.1855 -1.0103 0.1177 0.1571 -1.0132 0.1093 0.1653 -1.0185 0.0995 0.1749 -1.0246 0.0889 0.1851 -1.0325 0.1031 0.1698
180.0 -1.096 0.1 0.1667 -0.9983 0.1297 0.146 -1.0156 0.128 0.1461 -1.0299 0.1242 0.1485 -1.0267 0.1161 0.1571 -0.9856 0.0923 0.1855 -1.0103 0.1177 0.1571 -1.0132 0.1093 0.1653 -1.0185 0.0995 0.1749 -1.0246 0.0889 0.1851 -1.0325 0.1031 0.1698
180.0 -1.096 0.1 0.1667 -0.9983 0.1297 0.146 -1.0156 0.128 0.1461 -1.0299 0.1242 0.1485 -1.0267 0.1161 0.1571 -0.9856 0.0923 0.1855 -1.0103 0.1177 0.1571 -1.0132 0.1093 0.1653 -1.0185 0.0995 0.1749 -1.0246 0.0889 0.1851 -1.0325 0.1031 0.1698
180.0 -1.096 0.1 0.1667 -0.9983 0.1297 0.146 -1.0156 0.128 0.1461 -1.0299 0.1242 0.1485 -1.0267 0.1161 0.1571 -0.9856 0.0923 0.1855 -1.0103 0.1177 0.1571 -1.0132 0.1093 0.1653 -1.0185 0.0995 0.1749 -1.0246 0.0889 0.1851 -1.0325 0.1031 0.1698
180.0 -1.096 0.1 0.1667 -0.9983 0.1297 0.146 -1.0156 0.128 0.1461 -1.0299 0.1242 0.1485 -1.0267 0.1161 0.1571 -0.9856 0.0923 0.1855 -1.0103 0.1177 0.1571 -1.0132 0.1093 0.1653 -1.0185 0.0995 0.1749 -1.0246 0.0889 0.1851 -1.0325 0.1031 0.1698
180.0 -1.096 0.1 0.1667 -0.9983 0.1297 0.146 -1.0156 0.128 0.1461 -1.0299 0.1242 0.1485 -1.0267 0.1161 0.1571 -0.9856 0.0923 0.1855 -1.0103 0.1177 0.1571 -1.0132 0.1093 0.1653 -1.0185 0.0995 0.1749 -1.0246 0.0889 0.1851 -1.0325 0.1031 0.1698
180.0 -1.096 0.1 0.1667 -0.9983 0.1297 0.146 -1.0156 0.128 0.1461 -1.0299 0.1242 0.1485 -1.0267 0.1161 0.1571 -0.9856 0.0923 0.1855 -1.0103 0.1177 0.1571 -1.0132 0.1093 0.1653 -1.0185 0.0995 0.1749 -1.0246 0.0889 0.1851 -1.0325 0.1031 0.1698
180.0 -1.096 0.1 0.1667 -0.9983 0.1297 0.146 -1.0156 0.128 0.1461 -1.0299 0.1242 0.1485 -1.0267 0.1161 0.1571 -0.9856 0.0923 0.1855 -1.0103 0.1177 0.1571 -1.0132 0.1093 0.1653 -1.0185 0.0995 0.1749 -1.0246 0.0889 0.1851 -1.0325 0.1031 0.1698
180.0 -1.096 0.1 0.1667 -0.9983 0.1297 0.146 -1.0156 0.128 0.1461 -1.0299 0.1242 0.1485 -1.0267 0.1161 0.1571 -0.9856 0.0923 0.1855 -1.0103 0.1177 0.1571 -1.0132 0.1093 0.1653 -1.0185 0.0995 0.1749 -1.0246 0.0889 0.1851 -1.0325 0.1031 0.1698
180.0 -1.096 0.1 0.1667 -0.9983 0.1297 0.146 -1.0156 0.128 0.1461 -1.0299 0.1242 0.1485 -1.0267 0.1161 0.1571 -0.9856 0.0923 0.1855 -1.0103 0.1177 0.1571 -1.0132 0.1093 0.1653 -1.0185 0.0995 0.1749 -1.0246 0.0889 0.1851 -1.0325 0.1031 0.1698
180.0 -1.096 0.1 0.1667 -0.9983 0.1297 0.146 -1.0156 0.128 0.1461 -1.0299 0.1242 0.1485 -1.0267 0.1161 0.1571 -0.9856 0.0923 0.1855 -1.0103 0.1177 0.1571 -1.0132 0.1093 0.1653 -1.0185 0.0995 0.1749 -1.0246 0.0889 0.1851 -1.0325 0.1031 0.1698
180.0 -1.096 0.1 0.1667 -0.9983 0.1297 0.146 -1.0156 0.128 0.1461 -1.0299 0.1242 0.1485 -1.0267 0.1161 0.1571 -0.9856 0.0923 0.1855 -1.0103 0.1177 0.1571 -1.0132 0.1093 0.1653 -1.0185 0.0995 0.1749 -1.0246 0.0889 0.1851 -1.0325 0.1031 0.1698
180.0 -1.096 0.1 0.1667 -0.9983 0.1297 0.146 -1.0156 0.128 0.1461 -1.0299 0.1242 0.1485 -1.0267 0.1161 0.1571 -0.9856 0.0923 0.1855 -1.0103 0.1177 0.1571 -1.0132 0.1093 0.1653 -1.0185 0.0995 0.1749 -1.0246 0.0889 0.1851 -1.0325 0.1031 0.1698
180.0 -1.096 0.1 0.1667 -0.9983 0.1297 0.146 -1.0156 0.128 0.1461 -1.0299 0.1242 0.1485 -1.0267 0.1161 0.1571 -0.9856 0.0923 0.1855 -1.0103 0.1177 0.1571 -1.0132 0.1093 0.1653 -1.0185 0.0995 0.1749 -1.0246 0.0889 0.1851 -1.0325 0.1031 0.1698
180.0 -1.096 0.1 0.1667 -0.9983 0.1297 0.146 -1.0156 0.128 0.1461 -1.0299 0.1242 0.1485 -1.0267 0.1161 0.1571 -0.9856 0.0923 0.1855 -1.0103 0.1177 0.1571 -1.0132 0.1093 0.1653 -1.0185 0.0995 0.1749 -1.0246 0.0889 0.1851 -1.0325 0.1031 0.1698
180.0 -1.096 0.1 0.1667 -0.9983 0.1297 0.146 -1.0156 0.128 0.1461 -1.0299 0.1242 0.1485 -1.0267 0.1161 0.1571 -0.9856 0.0923 0.1855 -1.0103 0.1177 0.1571 -1.0132 0.1093 0.1653 -1.0185 0.0995 0.1749 -1.0246 0.0889 0.1851 -1.0325 0.1031 0.1698
180.0 -1.096 0.1 0.1667 -0.9983 0.1297 0.146 -1.0156 0.128 0.1461 -1.0299 0.1242 0.1485 -1.0267 0.1161 0.1571 -0.9856 0.0923 0.1855 -1.0103 0.1177 0.1571 -1.0132 0.1093 0.1653 -1.0185 0.0995 0.1749 -1.0246 0.0889 0.1851 -1.0325 0.1031 0.1698
180.0 -1.096 0.1 0.1667 -0.9983 0.1297 0.146 -1.0156 0.128 0.1461 -1.0299 0.1242 0.1485 -1.0267 0.1161 0.1571 -0.9856 0.0923 0.1855 -1.0103 0.1177 0.1571 -1.0132 0.1093 0.1653 -1.0185 0.0995 0.1749 -1.0246 0.0889 0.1851 -1.0325 0.1031 0.1698
180.0 -1.096 0.1 0.1667 -0.9983 0.1297 0.146 -1.0156 0.128 0.1461 -1.0299 0.1242 0.1485 -1.0267 0.1161 0.1571 -0.9856 0.0923 0.1855 -1.0103 0.1177 0.1571 -1.0132 0.1093 0.1653 -1.0185 0.0995 0.1749 -1.0246 0.0889 0.1851 -1.0325 0.1031 0.1698
180.0 -1.096 0.1 0.1667 -0.9983 0.1297 0.146 -1.0156 0.128 0.1461 -1.0299 0.1242 0.1485 -1.0267 0.1161 0.1571 -0.9856 0.0923 0.1855 -1.0103 0.1177 0.1571 -1.0132 0.1093 0.1653 -1.0185 0.0995 0.1749 -1.0246 0.0889 0.1851 -1.0325 0.1031 0.1698
180.0 -1.096 0.1 0.1667 -0.9983 0.1297 0.146 -1.0156 0.128 0.1461 -1.0299 0.1242 0.1485 -1.0267 0.1161 0.1571 -0.9856 0.0923 0.1855 -1.0103 0.1177 0.1571 -1.0132 0.1093 0.1653 -1.0185 0.0995 0.1749 -1.0246 0.0889 0.1851 -1.0325 0.1031 0.1698
