1719395069.048 -0.8477 0.2179 0.143
1719395069.0588 -0.8477 0.2179 0.143
1719395069.0695 -0.8477 0.2179 0.143
1719395069.0801 -0.8477 0.2179 0.143
1719395069.091 -0.8477 0.2179 0.143
1719395069.1019 -0.8477 0.2179 0.143
1719395069.1126 -0.8477 0.2179 0.143
1719395069.1233 -0.8481 0.2181 0.142
1719395069.134 -0.8481 0.2181 0.142
1719395069.1454 -0.8481 0.2181 0.142
1719395069.156 -0.8485 0.2182 0.141
1719395069.1672 -0.8485 0.2182 0.141
1719395069.1784 -0.8485 0.2182 0.141
1719395069.1895 -0.8477 0.2179 0.143
1719395069.2004 -0.8477 0.2179 0.143
1719395069.211 -0.8477 0.2179 0.143
1719395069.222 -0.8477 0.2179 0.143
1719395069.2329 -0.8477 0.2179 0.143
1719395069.2436 -0.8477 0.2179 0.143
1719395069.2544 -0.8477 0.2179 0.143
1719395069.2662 -0.8473 0.2177 0.144
1719395069.2778 -0.8473 0.2177 0.144
1719395069.2884 -0.8473 0.2177 0.144
1719395069.299 -0.8473 0.2177 0.144
1719395069.3097 -0.8473 0.2177 0.144
1719395069.3203 -0.8473 0.2177 0.144
1719395069.3311 -0.8473 0.2177 0.144
1719395069.3421 -0.8473 0.2177 0.144
1719395069.3527 -0.8473 0.2177 0.144
1719395069.3632 -0.8473 0.2177 0.144
1719395069.3739 -0.847 0.2175 0.145
1719395069.3849 -0.847 0.2175 0.145
1719395069.3955 -0.847 0.2175 0.145
1719395069.4062 -0.8462 0.2172 0.147
1719395069.417 -0.8462 0.2172 0.147
1719395069.4283 -0.8462 0.2172 0.147
1719395069.4401 -0.8462 0.2172 0.147
1719395069.4511 -0.8462 0.2172 0.147
1719395069.4622 -0.8462 0.2172 0.147
1719395069.4731 -0.8462 0.2172 0.147
1719395069.4838 -0.8462 0.2172 0.147
1719395069.4945 -0.8462 0.2172 0.147
1719395069.5051 -0.8462 0.2172 0.147
1719395069.5158 -0.8455 0.2168 0.149
1719395069.5264 -0.8455 0.2168 0.149
1719395069.5371 -0.8455 0.2168 0.149
1719395069.5484 -0.8447 0.2164 0.151
1719395069.5593 -0.8447 0.2164 0.151
1719395069.57 -0.8447 0.2164 0.151
1719395069.5806 -0.8447 0.2164 0.151
1719395069.5917 -0.8458 0.217 0.148
1719395069.6024 -0.8458 0.217 0.148
1719395069.613 -0.8458 0.217 0.148
1719395069.6237 -0.8451 0.2166 0.15
1719395069.6348 -0.8451 0.2166 0.15
1719395069.6455 -0.8451 0.2166 0.15
1719395069.6563 -0.8451 0.2166 0.15
1719395069.6669 -0.8448 0.2175 0.149
1719395069.6785 -0.8448 0.2175 0.149
1719395069.6892 -0.8448 0.2175 0.149
1719395069.6999 -0.8448 0.2175 0.149
1719395069.7107 -0.8444 0.2173 0.15
1719395069.7219 -0.8444 0.2173 0.15
1719395069.7325 -0.8444 0.2173 0.15
1719395069.7432 -0.8462 0.2175 0.149
1719395069.755 -0.8462 0.2175 0.149
1719395069.7656 -0.8462 0.2175 0.149
1719395069.7762 -0.8458 0.2173 0.15
1719395069.7877 -0.8458 0.2173 0.15
1719395069.7983 -0.8458 0.2173 0.15
1719395069.809 -0.8458 0.2173 0.15
1719395069.8197 -0.8462 0.2175 0.149
1719395069.8304 -0.8462 0.2175 0.149
1719395069.8417 -0.8462 0.2175 0.149
1719395069.8525 -0.8462 0.2175 0.149
1719395069.8639 -0.845 0.2177 0.152
1719395069.8747 -0.845 0.2177 0.152
1719395069.8853 -0.845 0.2177 0.152
1719395069.896 -0.845 0.2177 0.152
1719395069.9069 -0.8447 0.2175 0.153
1719395069.9183 -0.8447 0.2175 0.153
1719395069.929 -0.8447 0.2175 0.153
1719395069.9397 -0.8447 0.2175 0.153
1719395069.9504 -0.8457 0.2184 0.152
1719395069.9613 -0.8457 0.2184 0.152
1719395069.9721 -0.8457 0.2184 0.152
1719395069.9829 -0.8457 0.2184 0.152
1719395069.9936 -0.8476 0.2189 0.149
1719395070.0043 -0.8476 0.2189 0.149
1719395070.0154 -0.8476 0.2189 0.149
1719395070.026 -0.8476 0.2189 0.149
1719395070.0367 -0.8468 0.2185 0.151
1719395070.0475 -0.8468 0.2185 0.151
1719395070.0586 -0.8468 0.2185 0.151
1719395070.0692 -0.8468 0.2185 0.151
1719395070.0798 -0.8468 0.2185 0.151
1719395070.0905 -0.8468 0.2185 0.151
1719395070.1012 -0.8468 0.2185 0.151
1719395070.1127 -0.8461 0.2185 0.151
1719395070.1235 -0.8461 0.2185 0.151
1719395070.1363 -0.8461 0.2185 0.151
1719395070.1472 -0.8461 0.2185 0.151
1719395070.1579 -0.8465 0.2187 0.15
1719395070.1686 -0.8465 0.2187 0.15
1719395070.1797 -0.8465 0.2187 0.15
1719395070.1904 -0.8476 0.2196 0.149
1719395070.2011 -0.8476 0.2196 0.149
1719395070.2123 -0.8476 0.2196 0.149
1719395070.2231 -0.8476 0.2196 0.149
1719395070.2353 -0.8461 0.2189 0.153
1719395070.2469 -0.8461 0.2189 0.153
1719395070.2576 -0.8461 0.2189 0.153
1719395070.2684 -0.8472 0.2194 0.15
1719395070.2809 -0.8472 0.2194 0.15
1719395070.2917 -0.8472 0.2194 0.15
1719395070.3024 -0.8472 0.2194 0.15
1719395070.3131 -0.8468 0.2178 0.151
1719395070.3237 -0.8468 0.2178 0.151
1719395070.3343 -0.8468 0.2178 0.151
1719395070.3484 -0.8468 0.2178 0.151
1719395070.3591 -0.8468 0.2178 0.151
1719395070.3698 -0.8468 0.2178 0.151
1719395070.3804 -0.8468 0.2178 0.151
1719395070.3912 -0.8468 0.2193 0.151
1719395070.4019 -0.8468 0.2193 0.151
1719395070.4127 -0.8468 0.2193 0.151
1719395070.4234 -0.8468 0.2193 0.151
1719395070.4342 -0.8476 0.2196 0.149
1719395070.4449 -0.8476 0.2196 0.149
1719395070.4555 -0.8476 0.2196 0.149
1719395070.4666 -0.8464 0.2191 0.152
1719395070.4771 -0.8464 0.2191 0.152
1719395070.4876 -0.8464 0.2191 0.152
1719395070.4983 -0.8464 0.2191 0.152
1719395070.5109 -0.8476 0.2189 0.149
1719395070.5216 -0.8476 0.2189 0.149
1719395070.5323 -0.8476 0.2189 0.149
1719395070.543 -0.8476 0.2189 0.149
1719395070.5539 -0.8476 0.2189 0.149
1719395070.5646 -0.8476 0.2189 0.149
1719395070.5762 -0.8464 0.2184 0.152
1719395070.5871 -0.8464 0.2184 0.152
1719395070.5979 -0.8464 0.2184 0.152
1719395070.6086 -0.8464 0.2184 0.152
1719395070.6194 -0.8472 0.2187 0.15
1719395070.6301 -0.8472 0.2187 0.15
1719395070.6408 -0.8472 0.2187 0.15
1719395070.6515 -0.8468 0.2193 0.151
1719395070.6623 -0.8468 0.2193 0.151
1719395070.673 -0.8468 0.2193 0.151
1719395070.6839 -0.8468 0.2193 0.151
1719395070.6947 -0.8464 0.2191 0.152
1719395070.7055 -0.8464 0.2191 0.152
1719395070.7162 -0.8464 0.2191 0.152
1719395070.7269 -0.8464 0.2191 0.152
1719395070.7376 -0.8464 0.2191 0.152
1719395070.7482 -0.8464 0.2191 0.152
1719395070.7589 -0.8464 0.2191 0.152
1719395070.7696 -0.8464 0.2191 0.152
1719395070.7803 -0.8464 0.2191 0.152
1719395070.7909 -0.8464 0.2191 0.152
1719395070.8018 -0.8464 0.2191 0.152
1719395070.8124 -0.8464 0.2191 0.152
1719395070.823 -0.8464 0.2191 0.152
1719395070.8356 -0.8464 0.2191 0.152
1719395070.847 -0.8464 0.2191 0.152
1719395070.8576 -0.8464 0.2191 0.152
1719395070.8684 -0.8464 0.2191 0.152
1719395070.8792 -0.8468 0.2189 0.153
1719395070.8898 -0.8468 0.2189 0.153
1719395070.9005 -0.8468 0.2189 0.153
1719395070.9111 -0.8468 0.2189 0.153
1719395070.9218 -0.8478 0.2184 0.152
1719395070.9324 -0.8478 0.2184 0.152
1719395070.9433 -0.8478 0.2184 0.152
1719395070.9556 -0.8471 0.218 0.154
1719395070.9664 -0.8471 0.218 0.154
1719395070.977 -0.8471 0.218 0.154
1719395070.9879 -0.8475 0.2182 0.153
1719395070.9988 -0.8475 0.2182 0.153
1719395071.0095 -0.8475 0.2182 0.153
1719395071.0205 -0.8471 0.2191 0.152
1719395071.0319 -0.8471 0.2191 0.152
1719395071.0429 -0.8471 0.2191 0.152
1719395071.0553 -0.8471 0.2191 0.152
1719395071.066 -0.8471 0.2191 0.152
1719395071.0768 -0.8471 0.2191 0.152
1719395071.0884 -0.8471 0.2191 0.152
1719395071.1011 -0.8482 0.2189 0.153
1719395071.1118 -0.8482 0.2189 0.153
1719395071.1226 -0.8482 0.2189 0.153
1719395071.1333 -0.8482 0.2189 0.153
1719395071.144 -0.8482 0.2189 0.153
1719395071.155 -0.8482 0.2189 0.153
1719395071.1655 -0.8485 0.2191 0.152
1719395071.1763 -0.8485 0.2191 0.152
1719395071.1873 -0.8485 0.2191 0.152
1719395071.1981 -0.8485 0.2191 0.152
1719395071.2088 -0.8485 0.2191 0.152
1719395071.2194 -0.8485 0.2191 0.152
1719395071.2302 -0.8489 0.2193 0.151
1719395071.2408 -0.8489 0.2193 0.151
1719395071.2515 -0.8489 0.2193 0.151
1719395071.2622 -0.8462 0.218 0.158
1719395071.2731 -0.8462 0.218 0.158
1719395071.284 -0.8462 0.218 0.158
1719395071.2951 -0.8462 0.218 0.158
1719395071.3058 -0.8451 0.2174 0.161
1719395071.3164 -0.8451 0.2174 0.161
1719395071.3272 -0.8451 0.2174 0.161
1719395071.3378 -0.8462 0.218 0.158
1719395071.3497 -0.8462 0.218 0.158
1719395071.3605 -0.8462 0.218 0.158
1719395071.3712 -0.8462 0.218 0.158
1719395071.3821 -0.8455 0.2183 0.16
1719395071.3929 -0.8455 0.2183 0.16
1719395071.4034 -0.8455 0.2183 0.16
1719395071.4148 -0.8443 0.2177 0.163
1719395071.4254 -0.8443 0.2177 0.163
1719395071.4361 -0.8443 0.2177 0.163
1719395071.4469 -0.8443 0.2177 0.163
1719395071.4577 -0.8439 0.2176 0.164
1719395071.4684 -0.8439 0.2176 0.164
1719395071.4791 -0.8439 0.2176 0.164
1719395071.4898 -0.8428 0.2163 0.167
1719395071.5005 -0.8428 0.2163 0.167
1719395071.5112 -0.8428 0.2163 0.167
1719395071.5222 -0.8428 0.2163 0.167
1719395071.533 -0.8428 0.2163 0.167
1719395071.5436 -0.8428 0.2163 0.167
1719395071.5552 -0.8428 0.2163 0.167
1719395071.5659 -0.8405 0.2152 0.173
1719395071.5768 -0.8405 0.2152 0.173
1719395071.5886 -0.8405 0.2166 0.173
1719395071.5995 -0.8405 0.2166 0.173
1719395071.6103 -0.8405 0.2166 0.173
1719395071.621 -0.839 0.2158 0.177
1719395071.6321 -0.839 0.2158 0.177
1719395071.6429 -0.839 0.2158 0.177
1719395071.6565 -0.8371 0.2159 0.18
1719395071.6672 -0.8371 0.2159 0.18
1719395071.678 -0.8371 0.2159 0.18
1719395071.6892 -0.8371 0.2159 0.18
1719395071.6998 -0.8348 0.2148 0.186
1719395071.7105 -0.8348 0.2148 0.186
1719395071.7211 -0.8348 0.2148 0.186
1719395071.7319 -0.8348 0.2148 0.186
1719395071.7426 -0.836 0.2154 0.183
1719395071.7533 -0.836 0.2154 0.183
1719395071.7645 -0.836 0.2154 0.183
1719395071.7751 -0.8338 0.216 0.187
1719395071.7877 -0.8338 0.216 0.187
1719395071.7984 -0.8338 0.216 0.187
1719395071.809 -0.8323 0.2152 0.191
1719395071.8196 -0.8323 0.2152 0.191
1719395071.8308 -0.8323 0.2152 0.191
1719395071.8416 -0.8318 0.2159 0.194
1719395071.8522 -0.8318 0.2159 0.194
1719395071.8629 -0.8318 0.2159 0.194
1719395071.8736 -0.831 0.2156 0.196
1719395071.8843 -0.831 0.2156 0.196
1719395071.8949 -0.831 0.2156 0.196
1719395071.9055 -0.8314 0.2158 0.195
1719395071.9161 -0.8314 0.2158 0.195
1719395071.9267 -0.8314 0.2158 0.195
1719395071.9374 -0.8325 0.217 0.192
1719395071.9482 -0.8325 0.217 0.192
1719395071.959 -0.8325 0.217 0.192
1719395071.9695 -0.8337 0.2176 0.189
1719395071.9804 -0.8337 0.2176 0.189
1719395071.9917 -0.8337 0.2176 0.189
1719395072.0025 -0.8329 0.2172 0.191
1719395072.0132 -0.8329 0.2172 0.191
1719395072.0238 -0.8329 0.2172 0.191
1719395072.0345 -0.832 0.2167 0.19
1719395072.0463 -0.832 0.2167 0.19
1719395072.0571 -0.832 0.2167 0.19
1719395072.068 -0.832 0.2167 0.19
1719395072.0788 -0.8312 0.2163 0.192
1719395072.0895 -0.8312 0.2163 0.192
1719395072.1002 -0.8312 0.2163 0.192
1719395072.111 -0.8312 0.2163 0.192
1719395072.1219 -0.8312 0.2163 0.192
1719395072.1326 -0.8312 0.2163 0.192
1719395072.1434 -0.8312 0.2163 0.192
1719395072.1543 -0.8289 0.2161 0.193
1719395072.1653 -0.8289 0.2161 0.193
1719395072.176 -0.8289 0.2161 0.193
1719395072.1873 -0.8296 0.2165 0.191
1719395072.198 -0.8296 0.2165 0.191
1719395072.2086 -0.8296 0.2165 0.191
1719395072.2196 -0.8296 0.2165 0.191
1719395072.2304 -0.8296 0.2165 0.191
1719395072.2425 -0.8296 0.2165 0.191
1719395072.2538 -0.8286 0.217 0.192
1719395072.2646 -0.8286 0.217 0.192
1719395072.2754 -0.8286 0.217 0.192
1719395072.286 -0.829 0.2172 0.191
1719395072.2966 -0.829 0.2172 0.191
1719395072.3073 -0.829 0.2172 0.191
1719395072.3177 -0.828 0.2161 0.19
1719395072.3283 -0.828 0.2161 0.19
1719395072.3391 -0.828 0.2161 0.19
1719395072.3502 -0.828 0.2161 0.19
1719395072.3613 -0.8284 0.2162 0.189
1719395072.3723 -0.8284 0.2162 0.189
1719395072.383 -0.8284 0.2162 0.189
1719395072.3939 -0.8288 0.2164 0.188
1719395072.4046 -0.8288 0.2164 0.188
1719395072.4153 -0.8288 0.2164 0.188
1719395072.426 -0.8288 0.2164 0.188
1719395072.4368 -0.826 0.2154 0.19
1719395072.4474 -0.826 0.2154 0.19
1719395072.4589 -0.826 0.2154 0.19
1719395072.4717 -0.8246 0.2146 0.194
1719395072.483 -0.8246 0.2146 0.194
1719395072.4953 -0.8246 0.2146 0.194
1719395072.5062 -0.8229 0.2128 0.193
1719395072.5197 -0.8229 0.2128 0.193
1719395072.531 -0.8229 0.2128 0.193
1719395072.5427 -0.8233 0.213 0.192
1719395072.5537 -0.8233 0.213 0.192
1719395072.5649 -0.8233 0.213 0.192
1719395072.5756 -0.8248 0.2138 0.188
1719395072.5864 -0.8248 0.2138 0.188
1719395072.5978 -0.8248 0.2138 0.188
1719395072.6083 -0.8197 0.2126 0.191
1719395072.6191 -0.8197 0.2126 0.191
1719395072.6298 -0.8197 0.2126 0.191
1719395072.6407 -0.8197 0.2126 0.191
1719395072.6512 -0.8208 0.2131 0.188
1719395072.6624 -0.8208 0.2131 0.188
1719395072.673 -0.8208 0.2131 0.188
1719395072.6837 -0.8165 0.2123 0.189
1719395072.6946 -0.8165 0.2123 0.189
1719395072.7052 -0.8165 0.2123 0.189
1719395072.716 -0.8154 0.2117 0.192
1719395072.7282 -0.8154 0.2117 0.192
1719395072.7389 -0.8154 0.2117 0.192
1719395072.75 -0.8154 0.2117 0.192
1719395072.7609 -0.8168 0.2125 0.188
1719395072.7717 -0.8168 0.2125 0.188
1719395072.7825 -0.8168 0.2125 0.188
1719395072.7935 -0.8165 0.2113 0.187
1719395072.8042 -0.8165 0.2113 0.187
1719395072.8152 -0.8165 0.2113 0.187
1719395072.8259 -0.8154 0.2108 0.19
1719395072.8368 -0.8154 0.2108 0.19
1719395072.8476 -0.8154 0.2108 0.19
1719395072.8582 -0.8162 0.2111 0.188
1719395072.8689 -0.8162 0.2111 0.188
1719395072.8797 -0.8162 0.2111 0.188
1719395072.8905 -0.8165 0.2113 0.187
1719395072.9012 -0.8165 0.2113 0.187
1719395072.9118 -0.8165 0.2113 0.187
1719395072.9228 -0.8138 0.2093 0.187
1719395072.9335 -0.8138 0.2093 0.187
1719395072.9445 -0.8138 0.2093 0.187
1719395072.9559 -0.8131 0.209 0.189
1719395072.9673 -0.8131 0.209 0.189
1719395072.9781 -0.8131 0.209 0.189
1719395072.9888 -0.8131 0.209 0.189
1719395072.9997 -0.8128 0.2088 0.19
1719395073.0109 -0.8128 0.2088 0.19
1719395073.022 -0.8128 0.2088 0.19
1719395073.0328 -0.8115 0.2095 0.186
1719395073.0434 -0.8115 0.2095 0.186
1719395073.054 -0.8115 0.2095 0.186
1719395073.0649 -0.8115 0.2095 0.186
1719395073.0756 -0.8115 0.2095 0.186
1719395073.0862 -0.8115 0.2095 0.186
1719395073.0971 -0.8112 0.2093 0.187
1719395073.108 -0.8112 0.2093 0.187
1719395073.119 -0.8112 0.2093 0.187
1719395073.1298 -0.8058 0.2073 0.191
1719395073.1406 -0.8058 0.2073 0.191
1719395073.1513 -0.8058 0.2073 0.191
1719395073.1621 -0.8058 0.2073 0.191
1719395073.173 -0.8065 0.2076 0.189
1719395073.1838 -0.8065 0.2076 0.189
1719395073.1944 -0.8065 0.2076 0.189
1719395073.2053 -0.8035 0.2048 0.194
1719395073.2159 -0.8035 0.2048 0.194
1719395073.2279 -0.8035 0.2048 0.194
1719395073.2389 -0.8039 0.205 0.193
1719395073.2496 -0.8039 0.205 0.193
1719395073.2602 -0.8039 0.205 0.193
1719395073.271 -0.8029 0.2038 0.192
1719395073.2816 -0.8029 0.2038 0.192
1719395073.2922 -0.8029 0.2038 0.192
1719395073.3033 -0.8029 0.2038 0.192
1719395073.3139 -0.8029 0.2038 0.192
1719395073.3246 -0.8029 0.2038 0.192
1719395073.3362 -0.8029 0.2038 0.192
1719395073.3467 -0.8015 0.2031 0.196
1719395073.3587 -0.8015 0.2031 0.196
1719395073.3696 -0.8015 0.2031 0.196
1719395073.3816 -0.8015 0.2031 0.196
1719395073.3925 -0.8039 0.2027 0.191
1719395073.4034 -0.8039 0.2027 0.191
1719395073.414 -0.8039 0.2027 0.191
1719395073.4247 -0.8035 0.2025 0.192
1719395073.4366 -0.8035 0.2025 0.192
1719395073.4475 -0.8035 0.2025 0.192
1719395073.4582 -0.8059 0.2037 0.185
1719395073.4693 -0.8059 0.2037 0.185
1719395073.4803 -0.8059 0.2037 0.185
1719395073.4917 -0.8059 0.2037 0.185
1719395073.5024 -0.8045 0.203 0.189
1719395073.5131 -0.8045 0.203 0.189
1719395073.5239 -0.8045 0.203 0.189
1719395073.5347 -0.8045 0.203 0.189
1719395073.5453 -0.8045 0.203 0.189
1719395073.5559 -0.8045 0.203 0.189
1719395073.5668 -0.8045 0.203 0.189
1719395073.5775 -0.8045 0.203 0.189
1719395073.5882 -0.8045 0.203 0.189
1719395073.5989 -0.8045 0.203 0.189
1719395073.6097 -0.8045 0.203 0.189
1719395073.6203 -0.8045 0.203 0.189
1719395073.631 -0.8045 0.203 0.189
1719395073.6415 -0.8045 0.203 0.189
1719395073.6523 -0.8045 0.203 0.189
1719395073.6628 -0.8045 0.203 0.189
1719395073.6733 -0.8045 0.203 0.189
1719395073.6845 -0.8045 0.203 0.189
1719395073.6953 -0.8045 0.203 0.189
1719395073.7059 -0.8045 0.203 0.189
1719395073.7166 -0.8045 0.203 0.189
1719395073.7273 -0.8045 0.203 0.189
1719395073.7379 -0.8045 0.203 0.189
1719395073.7485 -0.8045 0.203 0.189
1719395073.7591 -0.8045 0.203 0.189
1719395073.7701 -0.8045 0.203 0.189
1719395073.7808 -0.8045 0.203 0.189
1719395073.7915 -0.8045 0.203 0.189
1719395073.8022 -0.8082 0.2055 0.186
1719395073.8137 -0.8082 0.2055 0.186
1719395073.8244 -0.8082 0.2055 0.186
1719395073.8355 -0.8082 0.2055 0.186
1719395073.8462 -0.8116 0.2079 0.18
1719395073.8569 -0.8116 0.2079 0.18
1719395073.8675 -0.8116 0.2079 0.18
1719395073.8782 -0.8106 0.2074 0.183
1719395073.8889 -0.8106 0.2074 0.183
1719395073.8994 -0.8106 0.2074 0.183
1719395073.9101 -0.8106 0.2074 0.183
1719395073.9214 -0.8106 0.2074 0.183
1719395073.9323 -0.8106 0.2074 0.183
1719395073.9441 -0.8109 0.2075 0.182
1719395073.9549 -0.8109 0.2075 0.182
1719395073.9684 -0.8109 0.2075 0.182
1719395073.9791 -0.8109 0.2075 0.182
1719395073.9897 -0.8102 0.2075 0.186
1719395074.0007 -0.8102 0.2075 0.186
1719395074.0115 -0.8102 0.2075 0.186
1719395074.0227 -0.8116 0.2082 0.182
1719395074.0336 -0.8116 0.2082 0.182
1719395074.0444 -0.8116 0.2082 0.182
1719395074.0552 -0.8116 0.2082 0.182
1719395074.0661 -0.8116 0.2082 0.182
1719395074.0771 -0.8116 0.2082 0.182
1719395074.0879 -0.8146 0.2101 0.175
1719395074.0986 -0.8146 0.2101 0.175
1719395074.1094 -0.8146 0.2101 0.175
1719395074.12 -0.8129 0.2092 0.18
1719395074.1311 -0.8129 0.2092 0.18
1719395074.1418 -0.8129 0.2092 0.18
1719395074.1523 -0.815 0.2092 0.176
1719395074.1635 -0.815 0.2092 0.176
1719395074.1743 -0.815 0.2092 0.176
1719395074.185 -0.815 0.2092 0.176
1719395074.1957 -0.815 0.2092 0.176
1719395074.2068 -0.815 0.2092 0.176
1719395074.2175 -0.8143 0.2089 0.178
1719395074.2281 -0.8143 0.2089 0.178
1719395074.2387 -0.8143 0.2089 0.178
1719395074.2493 -0.8153 0.2094 0.175
1719395074.26 -0.8153 0.2094 0.175
1719395074.2718 -0.8153 0.2094 0.175
1719395074.2828 -0.8279 0.2161 0.172
1719395074.2935 -0.8279 0.2161 0.172
1719395074.3042 -0.8276 0.2159 0.173
1719395074.3151 -0.8276 0.2159 0.173
1719395074.3257 -0.8276 0.2159 0.173
1719395074.3363 -0.8276 0.2159 0.173
1719395074.3474 -0.8276 0.2159 0.173
1719395074.3589 -0.8276 0.2159 0.173
1719395074.3696 -0.8304 0.217 0.167
1719395074.3803 -0.8304 0.217 0.167
1719395074.3911 -0.8304 0.217 0.167
1719395074.4017 -0.8301 0.2168 0.168
1719395074.4125 -0.8301 0.2168 0.168
1719395074.4233 -0.8301 0.2168 0.168
1719395074.4346 -0.8315 0.2176 0.164
1719395074.4453 -0.8315 0.2176 0.164
1719395074.4559 -0.8315 0.2176 0.164
1719395074.4678 -0.8378 0.2186 0.162
1719395074.4786 -0.8378 0.2186 0.162
1719395074.4897 -0.8378 0.2186 0.162
1719395074.5011 -0.8378 0.2186 0.162
1719395074.5119 -0.8382 0.2188 0.161
1719395074.5227 -0.8382 0.2188 0.161
1719395074.5339 -0.8382 0.2188 0.161
1719395074.5445 -0.8413 0.2211 0.16
1719395074.5552 -0.8413 0.2211 0.16
1719395074.5658 -0.8413 0.2211 0.16
1719395074.5767 -0.8424 0.2216 0.157
1719395074.5876 -0.8424 0.2216 0.157
1719395074.5983 -0.8424 0.2216 0.157
1719395074.6099 -0.8424 0.2216 0.157
1719395074.6206 -0.8413 0.2211 0.16
1719395074.6311 -0.8413 0.2211 0.16
1719395074.6418 -0.8413 0.2211 0.16
1719395074.6525 -0.8419 0.2221 0.162
1719395074.6634 -0.8419 0.2221 0.162
1719395074.6745 -0.8419 0.2221 0.162
1719395074.6854 -0.8419 0.2221 0.162
1719395074.6962 -0.8427 0.2225 0.16
1719395074.7069 -0.8427 0.2225 0.16
1719395074.7184 -0.8438 0.223 0.157
1719395074.7291 -0.8438 0.223 0.157
1719395074.7398 -0.8438 0.223 0.157
1719395074.7503 -0.8453 0.2248 0.155
1719395074.7644 -0.8453 0.2248 0.155
1719395074.7752 -0.8453 0.2248 0.155
1719395074.7859 -0.6 0.1 0.8
1719395074.7966 -0.6 0.1 0.8
1719395074.8072 -0.6 0.1 0.8
