








































42.0 -1.4324 -0.0389 0.2752 -1.3382 -0.0292 0.2747 -1.3449 -0.0106 0.255 -1.366 -0.011 0.2533 -1.3839 -0.0091 0.2496 -1.3994 -0.0063 0.2452 -1.3666 -0.0227 0.2652 -1.3759 -0.0147 0.2562 -1.3884 -0.0085 0.2486 -1.405 -0.004 0.2423 -1.3937 -0.0178 0.2575
42.0 -1.4324 -0.0389 0.2752 -1.3382 -0.0292 0.2747 -1.3449 -0.0106 0.255 -1.366 -0.011 0.2533 -1.3839 -0.0091 0.2496 -1.3994 -0.0063 0.2452 -1.3666 -0.0227 0.2652 -1.3759 -0.0147 0.2562 -1.3884 -0.0085 0.2486 -1.405 -0.004 0.2423 -1.3937 -0.0178 0.2575
44.0 -1.4186 -0.037 0.2747 -1.3245 -0.0267 0.2736 -1.3282 -0.0059 0.2519 -1.347 -0.0041 0.2482 -1.3657 -0.0024 0.2446 -1.3847 0.0006 0.2397 -1.3524 -0.0183 0.2622 -1.3626 -0.0105 0.2532 -1.3767 -0.0051 0.2462 -1.3941 -0.0013 0.2407 -1.3809 -0.0144 0.2554
44.0 -1.4186 -0.037 0.2747 -1.3245 -0.0267 0.2736 -1.3282 -0.0059 0.2519 -1.347 -0.0041 0.2482 -1.3657 -0.0024 0.2446 -1.3847 0.0006 0.2397 -1.3524 -0.0183 0.2622 -1.3626 -0.0105 0.2532 -1.3767 -0.0051 0.2462 -1.3941 -0.0013 0.2407 -1.3809 -0.0144 0.2554
46.0 -1.407 -0.0379 0.2768 -1.3107 -0.0255 0.2737 -1.3122 -0.0019 0.2494 -1.3263 0.0036 0.2424 -1.3468 0.0051 0.2388 -1.3679 0.0047 0.2372 -1.3389 -0.0152 0.2604 -1.3491 -0.0069 0.2508 -1.3632 -0.002 0.2445 -1.3814 0.0016 0.2389 -1.3679 -0.0121 0.2543
47.0 -1.4028 -0.0367 0.276 -1.303 -0.0238 0.2727 -1.3046 0.0004 0.2478 -1.3153 0.0063 0.2407 -1.3368 0.0082 0.2366 -1.3604 0.0075 0.235 -1.333 -0.0132 0.2589 -1.3423 -0.0053 0.2499 -1.3574 -2.852e-05 0.243 -1.3754 0.0024 0.2387 -1.3622 -0.0106 0.2533
48.0 -1.3951 -0.0357 0.2757 -1.2962 -0.0229 0.2725 -1.2955 0.0034 0.2456 -1.3102 0.0069 0.2405 -1.3292 0.0099 0.2357 -1.3479 0.011 0.2326 -1.3262 -0.0123 0.2586 -1.3355 -0.0044 0.2496 -1.3496 0.001 0.2427 -1.3668 0.0036 0.2384 -1.3546 -0.0096 0.253
49.0 -1.3874 -0.0346 0.2754 -1.2907 -0.024 0.2741 -1.2871 0.0058 0.244 -1.2979 0.0123 0.2363 -1.3169 0.0152 0.2314 -1.3417 0.0161 0.228 -1.3208 -0.0128 0.2597 -1.3295 -0.0036 0.2494 -1.3427 0.0019 0.2424 -1.36 0.0051 0.2375 -1.3481 -0.0088 0.2529
50.0 -1.383 -0.0346 0.2758 -1.2812 -0.0227 0.2738 -1.2786 0.0075 0.2431 -1.287 0.015 0.2346 -1.305 0.0174 0.2303 -1.3291 0.0197 0.2257 -1.3141 -0.0107 0.2582 -1.3235 -0.0022 0.2486 -1.3368 0.0034 0.2416 -1.3524 0.0068 0.2366 -1.342 -0.0075 0.2521
51.0 -1.3762 -0.0331 0.2749 -1.2743 -0.0224 0.2741 -1.2701 0.0093 0.2421 -1.2785 0.0167 0.2337 -1.2976 0.0203 0.2282 -1.323 0.0199 0.226 -1.3073 -0.0098 0.2579 -1.3159 -0.0005 0.2476 -1.3292 0.005 0.2407 -1.3456 0.0083 0.2357 -1.3348 -0.006 0.2514
52.0 -1.3685 -0.0321 0.2746 -1.2667 -0.0202 0.2726 -1.2627 0.0121 0.2399 -1.2727 0.0187 0.2322 -1.2916 0.0211 0.228 -1.3172 0.0219 0.2246 -1.2979 -0.0079 0.2569 -1.3083 0.0011 0.2467 -1.3216 0.0066 0.2397 -1.3388 0.0098 0.2348 -1.327 -0.0045 0.2506
53.0 -1.3651 -0.031 0.2739 -1.258 -0.0196 0.2729 -1.2562 0.0149 0.2378 -1.267 0.0213 0.2301 -1.2842 0.0245 0.2252 -1.3096 0.0235 0.2237 -1.2921 -0.0059 0.2555 -1.3024 0.0025 0.2459 -1.3157 0.008 0.2389 -1.3322 0.0119 0.2333 -1.3215 -0.0029 0.2495
54.0 -1.355 -0.0284 0.2723 -1.2513 -0.0181 0.272 -1.2483 0.0153 0.2381 -1.2583 0.0219 0.2304 -1.2739 0.0259 0.2248 -1.2986 0.0262 0.222 -1.2852 -0.005 0.2552 -1.2947 0.0041 0.2449 -1.308 0.0097 0.238 -1.3253 0.0128 0.233 -1.3137 -0.0013 0.2487
55.0 -1.3481 -0.0275 0.272 -1.2436 -0.0164 0.2711 -1.2415 0.0168 0.2373 -1.2505 0.0229 0.2301 -1.268 0.0273 0.2239 -1.2902 0.0286 0.2204 -1.2775 -0.0039 0.2549 -1.2879 0.0051 0.2447 -1.3011 0.01 0.2383 -1.3184 0.0138 0.2327 -1.3066 -0.0005 0.2485
56.0 -1.3437 -0.0275 0.2724 -1.2378 -0.0144 0.2696 -1.2341 0.0197 0.2351 -1.2424 0.0265 0.2273 -1.2596 0.0297 0.2223 -1.2816 0.0297 0.2201 -1.2726 -0.002 0.2534 -1.282 0.0065 0.2438 -1.2952 0.012 0.2368 -1.3125 0.0152 0.2319 -1.3012 0.0008 0.2477
57.0 -1.3372 -0.0248 0.2703 -1.23 -0.014 0.2699 -1.2257 0.022 0.2335 -1.2339 0.0282 0.2263 -1.2531 0.0324 0.2202 -1.275 0.0319 0.2186 -1.2658 -0.0005 0.2526 -1.2752 0.008 0.2429 -1.2893 0.0134 0.236 -1.3056 0.0161 0.2316 -1.2946 0.0025 0.2467
58.0 -1.3312 -0.024 0.2701 -1.224 -0.0132 0.2697 -1.2207 0.0233 0.2327 -1.2297 0.0294 0.2256 -1.2472 0.0338 0.2194 -1.2682 0.0334 0.2177 -1.2597 -0.0003 0.2529 -1.2692 0.0088 0.2427 -1.2825 0.0144 0.2357 -1.2997 0.0175 0.2308 -1.2884 0.0033 0.2464
59.0 -1.3269 -0.0234 0.2699 -1.217 -0.0128 0.27 -1.2139 0.0248 0.2318 -1.2206 0.0331 0.2227 -1.2394 0.0348 0.2191 -1.2605 0.0344 0.2174 -1.2527 5.224e-05 0.2533 -1.2632 0.0096 0.2425 -1.2764 0.0152 0.2355 -1.2937 0.0183 0.2305 -1.2826 0.004 0.2463
60.0 -1.3159 -0.0207 0.2682 -1.2126 -0.0129 0.2705 -1.208 0.0262 0.231 -1.2149 0.0357 0.2206 -1.2314 0.039 0.2156 -1.2523 0.038 0.2146 -1.2467 0.0009 0.2531 -1.2563 0.0106 0.2422 -1.2704 0.016 0.2353 -1.2869 0.0199 0.2296 -1.2752 0.0053 0.2457
61.0 -1.3101 -0.0187 0.2668 -1.2057 -0.0119 0.2702 -1.2012 0.0278 0.2301 -1.2063 0.0368 0.2203 -1.222 0.0408 0.2146 -1.2439 0.0403 0.213 -1.2408 0.0023 0.2522 -1.2512 0.0119 0.2414 -1.2645 0.0174 0.2344 -1.281 0.0213 0.2288 -1.2695 0.0068 0.2447
62.0 -1.3056 -0.0193 0.2678 -1.2005 -0.0118 0.2706 -1.1937 0.03 0.2285 -1.2004 0.0383 0.2194 -1.2178 0.042 0.2139 -1.2406 0.0414 0.2122 -1.2346 0.0025 0.2526 -1.2451 0.0121 0.2418 -1.2585 0.0182 0.2342 -1.2758 0.0214 0.2292 -1.2639 0.007 0.2451
63.0 -1.2964 -0.0162 0.2656 -1.1944 -0.011 0.2704 -1.1861 0.0316 0.2276 -1.194 0.0416 0.2167 -1.2121 0.0446 0.2118 -1.2356 0.0433 0.2108 -1.228 0.0046 0.2511 -1.2393 0.0141 0.2403 -1.2526 0.0196 0.2333 -1.2699 0.0228 0.2284 -1.2572 0.009 0.2437
64.0 -1.2911 -0.0167 0.2667 -1.1866 -0.0106 0.2707 -1.1801 0.0325 0.2274 -1.1872 0.0431 0.2158 -1.2063 0.0466 0.2103 -1.2295 0.0435 0.2112 -1.2228 0.0053 0.2509 -1.2333 0.0149 0.2401 -1.2473 0.0197 0.2337 -1.2636 0.0224 0.2294 -1.2516 0.0091 0.2441
65.0 -1.2652 -0.0139 0.2663 -1.1589 -0.0081 0.2709 -1.1532 0.0349 0.2276 -1.1599 0.048 0.2135 -1.1782 0.0516 0.2079 -1.2047 0.0475 0.2096 -1.1968 0.0076 0.2511 -1.2074 0.0178 0.2397 -1.2215 0.0232 0.2327 -1.2387 0.0258 0.2284 -1.2259 0.0121 0.2436
66.0 -1.2592 -0.013 0.266 -1.1526 -0.009 0.2725 -1.1454 0.0353 0.2279 -1.1522 0.049 0.2132 -1.1704 0.0527 0.2076 -1.1962 0.0492 0.2086 -1.1898 0.0079 0.2515 -1.2004 0.0181 0.24 -1.2146 0.0235 0.2331 -1.231 0.0268 0.2281 -1.219 0.0127 0.2437
67.0 -1.2328 -0.0131 0.2688 -1.1213 -0.0115 0.2782 -1.1185 0.0377 0.2281 -1.1228 0.0518 0.2133 -1.143 0.057 0.206 -1.1679 0.0536 0.2069 -1.1611 0.0094 0.2529 -1.1726 0.02 0.2408 -1.186 0.0262 0.2332 -1.2033 0.0293 0.2283 -1.1911 0.0143 0.2448
68.0 -1.2267 -0.0129 0.2692 -1.1133 -0.0123 0.2797 -1.1098 0.0383 0.2284 -1.1175 0.0519 0.2137 -1.1361 0.0579 0.2057 -1.1611 0.0546 0.2067 -1.1541 0.0097 0.2532 -1.1647 0.0199 0.2418 -1.1789 0.0259 0.2342 -1.1961 0.0285 0.2299 -1.1841 0.0142 0.2456
69.0 -1.2188 -0.0125 0.2695 -1.107 -0.0133 0.2814 -1.1018 0.0375 0.23 -1.1076 0.0508 0.2158 -1.1272 0.0573 0.2072 -1.1541 0.0549 0.207 -1.1487 0.0092 0.2543 -1.1593 0.0194 0.2428 -1.1727 0.0255 0.2352 -1.1899 0.0281 0.2309 -1.1779 0.0139 0.2465
70.0 -1.2117 -0.0127 0.2704 -1.1006 -0.0142 0.283 -1.0938 0.0374 0.2309 -1.1007 0.0517 0.2156 -1.1195 0.0583 0.2069 -1.1472 0.0558 0.2067 -1.1408 0.009 0.2552 -1.1514 0.0192 0.2438 -1.1656 0.0252 0.2362 -1.1828 0.0278 0.2319 -1.1704 0.0137 0.2475
71.0 -1.204 -0.0117 0.2701 -1.0945 -0.014 0.2834 -1.0877 0.0376 0.2313 -1.0929 0.0522 0.2159 -1.1125 0.0587 0.2073 -1.1402 0.0562 0.2071 -1.1337 0.0088 0.2562 -1.1443 0.019 0.2447 -1.1586 0.0256 0.2365 -1.1758 0.0281 0.2322 -1.1633 0.014 0.248
72.0 -1.1979 -0.0115 0.2705 -1.0866 -0.0142 0.2843 -1.0808 0.0385 0.231 -1.086 0.0531 0.2156 -1.1066 0.0601 0.2064 -1.1336 0.0583 0.2056 -1.1276 0.009 0.2566 -1.1383 0.0198 0.2445 -1.1525 0.0258 0.2369 -1.1689 0.0291 0.2319 -1.157 0.0144 0.2481
73.0 -1.192 -0.0101 0.2697 -1.0795 -0.0144 0.2853 -1.0747 0.0387 0.2314 -1.0802 0.0551 0.2141 -1.1016 0.0614 0.2056 -1.1285 0.0596 0.2048 -1.1217 0.0104 0.2557 -1.1322 0.0206 0.2443 -1.1466 0.0272 0.2361 -1.163 0.0305 0.2311 -1.1511 0.0157 0.2474
74.0 -1.1867 -0.01 0.2701 -1.0735 -0.0136 0.2851 -1.067 0.0398 0.2311 -1.0732 0.0554 0.2145 -1.093 0.0625 0.2053 -1.1234 0.0603 0.2046 -1.1156 0.0112 0.2555 -1.1262 0.0214 0.244 -1.1396 0.0275 0.2364 -1.156 0.0308 0.2314 -1.1448 0.0162 0.2475
75.0 -1.1789 -0.0095 0.2704 -1.0673 -0.0134 0.2855 -1.0618 0.0405 0.2309 -1.0671 0.0556 0.2149 -1.087 0.0633 0.205 -1.1173 0.0611 0.2043 -1.1096 0.012 0.2552 -1.1202 0.0222 0.2438 -1.1336 0.0283 0.2362 -1.1508 0.0309 0.2319 -1.1386 0.0168 0.2475
76.0 -1.1744 -0.0101 0.2715 -1.063 -0.0128 0.2853 -1.0556 0.0401 0.2319 -1.0619 0.0557 0.2153 -1.081 0.0648 0.2042 -1.114 0.0621 0.2036 -1.1053 0.0126 0.2551 -1.1151 0.0229 0.2436 -1.1293 0.0289 0.236 -1.1456 0.0316 0.2317 -1.1339 0.0172 0.2476
77.0 -1.1682 -0.0099 0.2719 -1.0596 -0.0124 0.2852 -1.0514 0.0413 0.2311 -1.0569 0.0576 0.2139 -1.0767 0.0653 0.204 -1.1079 0.0624 0.204 -1.0994 0.014 0.2542 -1.109 0.0237 0.2434 -1.1233 0.0297 0.2358 -1.1405 0.0323 0.2315 -1.1281 0.018 0.2473
77.0 -1.1064 0.0338 0.2333 -1.0633 0.0189 0.2528 -1.0576 0.0417 0.2301 -1.0625 0.0544 0.2166 -1.0778 0.0615 0.2078 -1.106 0.0614 0.2051 -1.0771 0.0323 0.2378 -1.089 0.0399 0.2288 -1.1031 0.0453 0.2219 -1.1189 0.0499 0.2156 -1.0989 0.0402 0.2275
78.0 -1.1622 -0.0091 0.2717 -1.0542 -0.0129 0.2862 -1.047 0.0413 0.2316 -1.0518 0.0583 0.2137 -1.0716 0.066 0.2038 -1.1019 0.0632 0.2037 -1.0941 0.0135 0.2553 -1.1046 0.0237 0.2438 -1.1188 0.0291 0.2369 -1.1351 0.0318 0.2325 -1.123 0.0178 0.248
78.0 -1.1054 0.0279 0.2395 -1.0439 0.0282 0.2452 -1.0487 0.0459 0.2267 -1.0561 0.0577 0.2138 -1.0733 0.0658 0.2039 -1.1012 0.0645 0.2025 -1.075 0.0301 0.2402 -1.0874 0.0358 0.2332 -1.1023 0.0405 0.2269 -1.118 0.0445 0.2212 -1.0976 0.0358 0.2322
79.0 -1.1562 -0.0083 0.2714 -1.0474 -0.0119 0.2859 -1.0401 0.0422 0.2313 -1.0467 0.0596 0.2128 -1.0663 0.0661 0.2042 -1.0975 0.0631 0.2042 -1.0881 0.0149 0.2544 -1.0986 0.0245 0.2436 -1.1129 0.0305 0.236 -1.13 0.0331 0.2317 -1.1172 0.019 0.2474
80.0 -1.1527 -0.0084 0.2719 -1.0405 -0.011 0.2857 -1.0343 0.0442 0.2298 -1.0416 0.0603 0.2126 -1.0603 0.0669 0.204 -1.0915 0.064 0.204 -1.0829 0.015 0.2548 -1.0934 0.0246 0.244 -1.1084 0.0299 0.2371 -1.1255 0.0325 0.2328 -1.1126 0.0187 0.2481
81.0 -1.1491 -0.0086 0.2724 -1.0337 -0.0095 0.2848 -1.0307 0.0435 0.231 -1.0352 0.0593 0.2143 -1.0551 0.067 0.2044 -1.0853 0.0642 0.2043 -1.0785 0.015 0.2553 -1.089 0.0246 0.2445 -1.1031 0.03 0.2375 -1.1203 0.0326 0.2332 -1.108 0.0187 0.2486
82.0 -1.1438 -0.0091 0.2734 -1.0277 -0.0087 0.2845 -1.0233 0.0463 0.2288 -1.0294 0.0613 0.2128 -1.0499 0.0677 0.2042 -1.0802 0.0649 0.2041 -1.0717 0.0165 0.2544 -1.0822 0.0261 0.2436 -1.0972 0.0314 0.2367 -1.1143 0.0334 0.2329 -1.1018 0.0197 0.2482
83.0 -1.1395 -0.0085 0.2733 -1.0223 -0.0092 0.2856 -1.0187 0.0451 0.2305 -1.025 0.0613 0.2133 -1.0438 0.068 0.2046 -1.0766 0.0647 0.2046 -1.0681 0.0158 0.2555 -1.0785 0.0254 0.2447 -1.0928 0.0314 0.2371 -1.1101 0.0346 0.2322 -1.0978 0.0197 0.2485
84.0 -1.1359 -0.0086 0.2738 -1.0164 -0.0078 0.2847 -1.0118 0.046 0.2302 -1.0182 0.0628 0.2124 -1.0385 0.0681 0.205 -1.0697 0.0651 0.205 -1.0629 0.0165 0.2553 -1.0735 0.0267 0.2439 -1.0886 0.0326 0.2363 -1.1058 0.0352 0.232 -1.0933 0.0205 0.2482
85.0 -1.1298 -0.0084 0.2741 -1.012 -0.0078 0.2852 -1.009 0.0452 0.2314 -1.0146 0.0621 0.2135 -1.0332 0.0676 0.2061 -1.0645 0.0658 0.2048 -1.0576 0.0166 0.2557 -1.0683 0.0274 0.2437 -1.0833 0.0327 0.2367 -1.1006 0.0359 0.2318 -1.0879 0.0208 0.2484
86.0 -1.1236 -0.0088 0.2751 -1.007 -0.0065 0.2844 -1.0029 0.0454 0.2318 -1.01 0.0609 0.2152 -1.027 0.0678 0.2065 -1.0584 0.066 0.2052 -1.0523 0.0161 0.2568 -1.0619 0.0258 0.2459 -1.0762 0.0318 0.2383 -1.0934 0.035 0.2334 -1.0815 0.02 0.2499
87.0 -1.1193 -0.0082 0.275 -1.0018 -0.0058 0.2842 -0.9985 0.0454 0.2322 -1.0031 0.0618 0.2149 -1.0227 0.0684 0.2063 -1.0523 0.0662 0.2056 -1.0481 0.0173 0.256 -1.0587 0.0275 0.2445 -1.0728 0.0329 0.2376 -1.0901 0.036 0.2326 -1.0778 0.0211 0.2491
88.0 -1.1134 -0.0068 0.2741 -0.9975 -0.0052 0.284 -0.9934 0.0467 0.2314 -0.9995 0.0611 0.216 -1.0166 0.0686 0.2067 -1.0479 0.0662 0.206 -1.0428 0.0174 0.2564 -1.0533 0.027 0.2456 -1.0676 0.033 0.238 -1.084 0.0363 0.233 -1.0722 0.0214 0.2494
89.0 -1.108 -0.0073 0.2752 -0.9905 -0.0049 0.2844 -0.9875 0.0481 0.2305 -0.9945 0.063 0.2146 -1.0124 0.0697 0.2059 -1.0438 0.068 0.2046 -1.0378 0.0187 0.2556 -1.0483 0.0283 0.2448 -1.0633 0.0336 0.2378 -1.0805 0.0367 0.2329 -1.0676 0.022 0.2492
90.0 -1.1037 -0.0067 0.275 -0.987 -0.005 0.2848 -0.9825 0.0494 0.2297 -0.9876 0.0639 0.2143 -1.0066 0.0717 0.2044 -1.0395 0.0685 0.2044 -1.0342 0.0185 0.2561 -1.0447 0.0281 0.2452 -1.0581 0.0343 0.2376 -1.0753 0.0368 0.2333 -1.0632 0.0222 0.2495
91.0 -1.0985 -0.006 0.2748 -0.9803 -0.0029 0.2833 -0.9769 0.0526 0.227 -0.9844 0.0656 0.2129 -1.0035 0.074 0.2024 -1.0344 0.0698 0.2036 -1.0284 0.0206 0.2546 -1.0397 0.0294 0.2444 -1.0539 0.0354 0.2369 -1.071 0.0374 0.2331 -1.0583 0.0234 0.2488
92.0 -1.0945 -0.0042 0.2734 -0.976 -0.0023 0.2832 -0.9724 0.0519 0.2281 -0.977 0.0635 0.2158 -0.9991 0.074 0.2029 -1.03 0.0698 0.2041 -1.0257 0.0203 0.2551 -1.0362 0.0299 0.2443 -1.0505 0.0359 0.2367 -1.0676 0.0385 0.2324 -1.0549 0.0241 0.2484
93.0 -1.0705 -0.0004 0.2718 -0.954 0.0025 0.2804 -0.9567 0.0528 0.2287 -0.9578 0.0692 0.2119 -0.9749 0.0766 0.2026 -1.0055 0.0756 0.2006 -1.003 0.0258 0.2517 -1.0133 0.0348 0.2415 -1.0266 0.0403 0.2345 -1.0439 0.0435 0.2296 -1.0315 0.0288 0.2459
94.0 -1.0628 0.0006 0.2715 -0.9456 0.0049 0.2789 -0.9491 0.0551 0.2272 -0.9492 0.0703 0.2116 -0.9639 0.0787 0.2015 -0.9979 0.0772 0.1997 -0.9938 0.0289 0.2495 -1.0042 0.0379 0.2393 -1.0192 0.0432 0.2324 -1.0364 0.0457 0.2281 -1.0233 0.0313 0.2442
95.0 -1.0603 0.0016 0.2708 -0.9406 0.0061 0.2781 -0.943 0.0602 0.2226 -0.9427 0.0737 0.2088 -0.9597 0.0799 0.2007 -0.9937 0.0784 0.1989 -0.9898 0.0313 0.2475 -1.0001 0.0396 0.2379 -1.0151 0.0449 0.231 -1.0322 0.0469 0.2273 -1.0195 0.0329 0.2429
96.0 -1.0585 0.0012 0.2714 -0.9374 0.0084 0.2761 -0.9371 0.0616 0.2217 -0.9385 0.0748 0.208 -0.9562 0.0804 0.2006 -0.9903 0.0788 0.1988 -0.9865 0.0323 0.2467 -0.9976 0.0406 0.2372 -1.0125 0.0453 0.2309 -1.0306 0.0477 0.2266 -1.0171 0.0334 0.2425
97.0 -1.0543 0.0024 0.2706 -0.9349 0.0087 0.276 -0.933 0.0634 0.2203 -0.9369 0.0757 0.2073 -0.9556 0.0817 0.1993 -0.987 0.0805 0.1974 -0.9831 0.0328 0.2466 -0.9942 0.0411 0.237 -1.0091 0.0458 0.2307 -1.028 0.0481 0.2265 -1.0137 0.034 0.2423
98.0 -1.0524 0.0014 0.2718 -0.9315 0.0098 0.2752 -0.9276 0.0629 0.2213 -0.9326 0.0762 0.2072 -0.9514 0.0829 0.1985 -0.9836 0.081 0.1973 -0.9806 0.0337 0.2459 -0.9917 0.042 0.2363 -1.0066 0.0467 0.23 -1.0255 0.049 0.2258 -1.0114 0.0346 0.2419
99.0 -1.0508 0.0029 0.2705 -0.9299 0.0106 0.2745 -0.926 0.0637 0.2207 -0.9293 0.0773 0.2064 -0.9479 0.0833 0.1984 -0.9802 0.0814 0.1971 -0.9782 0.0353 0.2445 -0.9894 0.0435 0.235 -1.0041 0.0476 0.2293 -1.0221 0.0495 0.2256 -1.0089 0.0358 0.241
100.0 -1.0468 0.0046 0.2691 -0.9291 0.0108 0.2745 -0.9236 0.0646 0.2199 -0.9268 0.0782 0.2057 -0.9444 0.0832 0.1989 -0.9777 0.0824 0.1964 -0.9748 0.0357 0.2444 -0.9851 0.0441 0.2348 -1.0007 0.0481 0.2292 -1.0195 0.0499 0.2255 -1.0054 0.0365 0.2406
101.0 -1.0431 0.0039 0.2702 -0.9255 0.0106 0.275 -0.9174 0.0649 0.2203 -0.9217 0.0789 0.2055 -0.9392 0.0839 0.1987 -0.9735 0.0835 0.1956 -0.9706 0.0369 0.2436 -0.9816 0.0446 0.2347 -0.9974 0.0492 0.2284 -1.017 0.0508 0.2248 -1.0019 0.0371 0.2403
102.0 -1.0425 0.0052 0.2689 -0.9215 0.013 0.2729 -0.9129 0.0642 0.2214 -0.9181 0.0788 0.206 -0.9383 0.0834 0.1993 -0.97 0.0834 0.1961 -0.9679 0.0367 0.2441 -0.979 0.0449 0.2346 -0.9947 0.0489 0.2289 -1.0145 0.0517 0.2241 -0.9997 0.0375 0.2401
103.0 -1.0382 0.0058 0.2687 -0.9208 0.0137 0.2723 -0.9105 0.0652 0.2207 -0.9154 0.0786 0.2065 -0.9356 0.0832 0.1998 -0.9681 0.0831 0.1967 -0.9652 0.0364 0.2447 -0.9764 0.0447 0.2351 -0.9921 0.0493 0.2288 -1.011 0.0516 0.2246 -0.9966 0.0376 0.2404
104.0 -1.039 0.0057 0.2688 -0.9175 0.0148 0.2715 -0.9085 0.0642 0.2219 -0.9117 0.0772 0.2082 -0.9318 0.0818 0.2015 -0.9637 0.083 0.1971 -0.9644 0.0365 0.2446 -0.9755 0.0448 0.2351 -0.9904 0.0495 0.2288 -1.0102 0.0523 0.2239 -0.9959 0.0378 0.2402
105.0 -1.0357 0.0067 0.268 -0.9126 0.0172 0.2695 -0.902 0.0621 0.2247 -0.9092 0.0678 0.2181 -0.9249 0.0724 0.2119 -0.9573 0.0815 0.1994 -0.9594 0.0384 0.2432 -0.9696 0.0462 0.2342 -0.9845 0.0509 0.2279 -1.0035 0.0538 0.223 -0.9905 0.0392 0.2393
106.0 -1.0309 0.0098 0.2653 -0.9094 0.0238 0.2631 -0.9016 0.0548 0.2322 -0.9267 0.0526 0.2319 -0.9394 0.0594 0.2237 -0.9484 0.0711 0.2109 -0.9539 0.0367 0.2455 -0.9649 0.0444 0.2365 -0.9783 0.0505 0.2289 -0.995 0.0556 0.2221 -0.9846 0.0394 0.2397
107.0 -1.0302 0.0105 0.2647 -0.9086 0.0245 0.2624 -0.9023 0.0541 0.2329 -0.9274 0.0513 0.2332 -0.9433 0.0571 0.2257 -0.954 0.0679 0.2136 -0.9539 0.0367 0.2455 -0.9649 0.0444 0.2365 -0.9784 0.0511 0.2283 -0.9951 0.0562 0.2215 -0.9845 0.0398 0.2393
108.0 -1.0276 0.0109 0.2646 -0.9056 0.0274 0.2598 -0.9045 0.0513 0.2354 -0.9261 0.049 0.2356 -0.9403 0.055 0.2281 -0.9491 0.0697 0.2122 -0.9504 0.0372 0.2453 -0.9614 0.0449 0.2364 -0.9749 0.0516 0.2282 -0.9917 0.0567 0.2213 -0.9812 0.0402 0.2392
109.0 -1.0271 0.0128 0.2627 -0.9084 0.0282 0.2587 -0.9068 0.0492 0.2374 -0.9377 0.045 0.2386 -0.9544 0.0501 0.2317 -0.9627 0.0624 0.2183 -0.9514 0.0377 0.2447 -0.9623 0.0447 0.2364 -0.9749 0.0516 0.2282 -0.9908 0.0568 0.2213 -0.9813 0.0407 0.2387
110.0 -1.0254 0.013 0.2626 -0.9052 0.0305 0.2567 -0.9068 0.0492 0.2374 -0.9375 0.0438 0.2398 -0.9515 0.0486 0.2335 -0.9583 0.0624 0.2188 -0.9496 0.0373 0.2453 -0.9597 0.0451 0.2363 -0.9724 0.0519 0.2281 -0.9893 0.0582 0.22 -0.9793 0.0411 0.2385
111.0 -1.0278 0.0121 0.2633 -0.9071 0.0308 0.2561 -0.9051 0.0494 0.2373 -0.9386 0.04 0.2436 -0.9528 0.046 0.2361 -0.9612 0.0583 0.2226 -0.9502 0.036 0.2466 -0.9604 0.0438 0.2376 -0.973 0.0506 0.2293 -0.9892 0.0576 0.2206 -0.9801 0.04 0.2395
112.0 -1.0272 0.0134 0.262 -0.9049 0.0336 0.2536 -0.9041 0.0489 0.2379 -0.933 0.0432 0.2409 -0.9481 0.0491 0.2334 -0.958 0.0606 0.2206 -0.9501 0.0354 0.2472 -0.9595 0.0439 0.2376 -0.9713 0.0509 0.2293 -0.9875 0.0578 0.2205 -0.9791 0.0403 0.2393
113.0 -1.0263 0.0135 0.262 -0.9043 0.0349 0.2523 -0.9068 0.0492 0.2374 -0.9452 0.0373 0.2458 -0.9559 0.0432 0.2387 -0.9629 0.0532 0.2277 -0.9496 0.0373 0.2453 -0.9588 0.0446 0.2369 -0.9698 0.0523 0.228 -0.9851 0.0594 0.2192 -0.9779 0.0414 0.2383
114.0 -1.0276 0.0158 0.2596 -0.9062 0.0358 0.2511 -0.9049 0.0433 0.2436 -0.9444 0.038 0.2451 -0.9595 0.0439 0.2376 -0.9709 0.054 0.2261 -0.9471 0.0334 0.2496 -0.9559 0.0432 0.2387 -0.967 0.0514 0.2291 -0.9826 0.0603 0.2185 -0.976 0.0408 0.2391
115.0 -1.0258 0.0154 0.2601 -0.9062 0.0358 0.2511 -0.9037 0.0466 0.2404 -0.9512 0.0365 0.246 -0.9628 0.0428 0.2383 -0.9701 0.0541 0.2261 -0.9471 0.0334 0.2496 -0.9558 0.0426 0.2393 -0.967 0.0514 0.2291 -0.9826 0.0603 0.2185 -0.9756 0.0406 0.2393
116.0 -1.0267 0.0159 0.2595 -0.9072 0.0363 0.2505 -0.9048 0.0427 0.2442 -0.945 0.0367 0.2464 -0.9592 0.0421 0.2394 -0.9698 0.0523 0.228 -0.9469 0.0322 0.2508 -0.9557 0.042 0.2399 -0.9669 0.0508 0.2297 -0.9833 0.059 0.2198 -0.9759 0.04 0.2399
117.0 -1.0283 0.0151 0.2602 -0.9083 0.038 0.2487 -0.9013 0.0432 0.2441 -0.9458 0.036 0.247 -0.9592 0.0421 0.2394 -0.967 0.0514 0.2291 -0.948 0.0332 0.2496 -0.9566 0.0425 0.2393 -0.967 0.0514 0.2291 -0.9825 0.0597 0.2191 -0.9765 0.0404 0.2395
118.0 -1.0259 0.016 0.2595 -0.9091 0.0373 0.2494 -0.9099 0.042 0.2444 -0.9484 0.0356 0.2471 -0.9594 0.0433 0.2382 -0.9663 0.0528 0.2278 -0.9453 0.033 0.2501 -0.9539 0.0422 0.2398 -0.9643 0.0512 0.2296 -0.9799 0.0601 0.219 -0.9739 0.0405 0.2396
119.0 -1.0248 0.0149 0.2607 -0.9084 0.0386 0.2481 -0.9041 0.0489 0.2379 -0.9491 0.0349 0.2478 -0.9608 0.0413 0.2401 -0.9678 0.0513 0.2291 -0.9465 0.0347 0.2483 -0.955 0.0433 0.2386 -0.966 0.051 0.2297 -0.9806 0.0588 0.2203 -0.9746 0.0405 0.2395
120.0 -1.0232 0.0158 0.26 -0.9077 0.0393 0.2474 -0.9043 0.0452 0.2417 -0.9492 0.0355 0.2472 -0.9608 0.0413 0.2401 -0.9661 0.0516 0.2291 -0.9447 0.0349 0.2482 -0.9542 0.044 0.238 -0.9644 0.0518 0.229 -0.9789 0.059 0.2202 -0.9731 0.0411 0.2391
121.0 -1.0231 0.0152 0.2606 -0.9077 0.0393 0.2474 -0.9047 0.0476 0.2392 -0.9501 0.0354 0.2472 -0.9619 0.0424 0.2389 -0.9688 0.0518 0.2286 -0.9448 0.0355 0.2476 -0.9542 0.044 0.238 -0.9653 0.0517 0.229 -0.9807 0.0594 0.2197 -0.9736 0.0411 0.239
122.0 -1.0231 0.0152 0.2606 -0.9051 0.0396 0.2473 -0.9023 0.0486 0.2385 -0.9442 0.0368 0.2463 -0.9606 0.0401 0.2414 -0.9675 0.0495 0.231 -0.9443 0.0374 0.2457 -0.9536 0.0453 0.2367 -0.9644 0.0518 0.229 -0.9798 0.0595 0.2196 -0.973 0.0418 0.2383
123.0 -1.019 0.0169 0.2592 -0.9049 0.0384 0.2486 -0.904 0.0483 0.2385 -0.951 0.0353 0.2472 -0.9632 0.0397 0.2415 -0.971 0.0491 0.2311 -0.9418 0.0383 0.245 -0.9503 0.0464 0.236 -0.962 0.0533 0.2277 -0.9775 0.061 0.2183 -0.9701 0.0432 0.2372
124.0 -1.0226 0.0177 0.2581 -0.9056 0.0377 0.2492 -0.9036 0.046 0.241 -0.9459 0.0366 0.2464 -0.9623 0.0399 0.2414 -0.971 0.0491 0.2311 -0.9431 0.0357 0.2475 -0.9517 0.0443 0.2379 -0.9627 0.052 0.2289 -0.979 0.0596 0.2196 -0.9718 0.0419 0.2384
125.0 -1.0194 0.0193 0.2567 -0.904 0.0386 0.2485 -0.9028 0.0467 0.2404 -0.9429 0.0394 0.2438 -0.9623 0.0399 0.2414 -0.9718 0.049 0.2312 -0.9417 0.0378 0.2456 -0.9502 0.0458 0.2366 -0.9603 0.0536 0.2276 -0.9765 0.0605 0.2189 -0.9696 0.0434 0.2371
126.0 -1.0168 0.0197 0.2566 -0.9052 0.0402 0.2467 -0.9014 0.0487 0.2384 -0.9518 0.0352 0.2473 -0.9649 0.0395 0.2415 -0.9718 0.049 0.2312 -0.9393 0.0393 0.2443 -0.9479 0.0479 0.2346 -0.9597 0.0549 0.2263 -0.976 0.0624 0.217 -0.9679 0.0448 0.2358
127.0 -1.0159 0.0192 0.2572 -0.9042 0.0398 0.2473 -0.9038 0.0472 0.2398 -0.9527 0.0351 0.2473 -0.9659 0.04 0.2409 -0.9711 0.0497 0.2305 -0.9401 0.0386 0.2449 -0.9488 0.0478 0.2347 -0.9605 0.0548 0.2264 -0.9767 0.0617 0.2176 -0.9684 0.0444 0.2362
128.0 -1.0204 0.0198 0.2562 -0.904 0.0386 0.2485 -0.9018 0.0462 0.241 -0.9502 0.036 0.2466 -0.9667 0.0399 0.241 -0.9728 0.0494 0.2306 -0.9409 0.0379 0.2456 -0.9494 0.0465 0.2359 -0.9596 0.0543 0.227 -0.975 0.062 0.2176 -0.969 0.0441 0.2364
129.0 -1.0153 0.0211 0.2553 -0.9041 0.0392 0.2479 -0.9027 0.0461 0.241 -0.9516 0.034 0.2485 -0.9648 0.0389 0.2421 -0.9712 0.0503 0.2299 -0.9393 0.0393 0.2443 -0.9479 0.0479 0.2346 -0.9589 0.0556 0.2257 -0.9752 0.0632 0.2163 -0.9673 0.0454 0.2352
130.0 -1.0178 0.0202 0.2561 -0.906 0.0395 0.2474 -0.9036 0.046 0.241 -0.9519 0.0358 0.2466 -0.9659 0.04 0.2409 -0.9727 0.0488 0.2312 -0.94 0.038 0.2456 -0.9486 0.0472 0.2353 -0.9597 0.0549 0.2263 -0.9758 0.0619 0.2176 -0.9684 0.0444 0.2362
131.0 -1.016 0.0198 0.2566 -0.9041 0.0392 0.2479 -0.902 0.0468 0.2403 -0.9517 0.0346 0.2479 -0.9657 0.0388 0.2422 -0.9709 0.0485 0.2318 -0.9393 0.0393 0.2443 -0.9486 0.0472 0.2353 -0.9588 0.055 0.2263 -0.9751 0.0626 0.2169 -0.9676 0.0448 0.2359
132.0 -1.0176 0.019 0.2573 -0.905 0.039 0.2479 -0.9037 0.0466 0.2404 -0.9509 0.0347 0.2478 -0.9658 0.0394 0.2416 -0.9718 0.049 0.2312 -0.9402 0.0392 0.2443 -0.9486 0.0472 0.2353 -0.9597 0.0549 0.2263 -0.975 0.062 0.2176 -0.9682 0.0444 0.2362
133.0 -1.0168 0.0197 0.2566 -0.9033 0.0393 0.2479 -0.9011 0.0469 0.2403 -0.9526 0.0345 0.2479 -0.9666 0.0393 0.2416 -0.9737 0.0493 0.2306 -0.939 0.0375 0.2461 -0.9485 0.0466 0.2359 -0.9596 0.0543 0.227 -0.9758 0.0619 0.2176 -0.968 0.044 0.2366
134.0 -1.0169 0.0203 0.256 -0.905 0.039 0.2479 -0.9003 0.0476 0.2396 -0.9525 0.0339 0.2485 -0.9657 0.0388 0.2422 -0.971 0.0491 0.2311 -0.9391 0.0381 0.2455 -0.9477 0.0467 0.2359 -0.9588 0.055 0.2263 -0.9751 0.0626 0.2169 -0.9675 0.0445 0.2361
135.0 -1.017 0.0209 0.2554 -0.9039 0.038 0.2492 -0.9003 0.0476 0.2396 -0.9535 0.0349 0.2473 -0.9658 0.0394 0.2416 -0.9702 0.0498 0.2305 -0.9426 0.0376 0.2457 -0.9503 0.0464 0.236 -0.9605 0.0548 0.2264 -0.976 0.0624 0.217 -0.9693 0.0444 0.2361
136.0 -1.0186 0.0194 0.2567 -0.9056 0.0377 0.2492 -0.9009 0.0457 0.2415 -0.9524 0.0333 0.2492 -0.9665 0.0387 0.2422 -0.9727 0.0488 0.2312 -0.9405 0.0361 0.2474 -0.9492 0.0453 0.2372 -0.9595 0.0537 0.2276 -0.9767 0.0617 0.2176 -0.9689 0.0432 0.2373
137.0 -1.0213 0.0203 0.2556 -0.9065 0.0376 0.2493 -0.9016 0.045 0.2422 -0.9509 0.0347 0.2478 -0.9667 0.0399 0.241 -0.9737 0.0493 0.2306 -0.9421 0.0347 0.2488 -0.9499 0.0446 0.2378 -0.9602 0.053 0.2282 -0.9758 0.0619 0.2176 -0.9699 0.0429 0.2376
138.0 -1.0133 0.0195 0.2571 -0.9034 0.0399 0.2473 -0.903 0.0479 0.2391 -0.9516 0.034 0.2485 -0.9648 0.0389 0.2421 -0.9718 0.049 0.2312 -0.9387 0.0406 0.243 -0.9481 0.0491 0.2334 -0.959 0.0562 0.2251 -0.9752 0.0632 0.2163 -0.9669 0.0457 0.235
139.0 -1.015 0.0193 0.2572 -0.9034 0.0399 0.2473 -0.902 0.0468 0.2403 -0.9507 0.0341 0.2485 -0.9658 0.0394 0.2416 -0.9727 0.0488 0.2312 -0.9383 0.0382 0.2455 -0.9478 0.0473 0.2352 -0.9588 0.055 0.2263 -0.9752 0.0632 0.2163 -0.967 0.0446 0.2361
140.0 -1.0159 0.0192 0.2572 -0.9033 0.0393 0.2479 -0.9029 0.0473 0.2397 -0.9518 0.0352 0.2473 -0.9658 0.0394 0.2416 -0.9709 0.0485 0.2318 -0.9393 0.0393 0.2443 -0.9479 0.0479 0.2346 -0.9597 0.0549 0.2263 -0.976 0.0624 0.217 -0.9677 0.0447 0.2359
141.0 -1.015 0.0193 0.2572 -0.9041 0.0392 0.2479 -0.9021 0.0474 0.2397 -0.9541 0.033 0.2492 -0.9665 0.0387 0.2422 -0.971 0.0491 0.2311 -0.9377 0.0401 0.2436 -0.9471 0.0486 0.234 -0.9589 0.0556 0.2257 -0.9761 0.063 0.2163 -0.967 0.0453 0.2354
142.0 -1.0187 0.02 0.2561 -0.9057 0.0383 0.2486 -0.9034 0.0448 0.2423 -0.9526 0.0345 0.2479 -0.9666 0.0393 0.2416 -0.9727 0.0488 0.2312 -0.9406 0.0367 0.2468 -0.9484 0.046 0.2365 -0.9595 0.0537 0.2276 -0.9758 0.0619 0.2176 -0.9686 0.0437 0.2369
143.0 -1.016 0.0198 0.2566 -0.9057 0.0383 0.2486 -0.9027 0.0461 0.241 -0.9537 0.0361 0.2461 -0.9661 0.0412 0.2397 -0.9747 0.0504 0.2294 -0.9399 0.0374 0.2462 -0.9494 0.0465 0.2359 -0.9604 0.0542 0.227 -0.9777 0.0622 0.217 -0.9687 0.044 0.2365
144.0 -1.0167 0.0191 0.2573 -0.9042 0.0398 0.2473 -0.9043 0.0452 0.2417 -0.9517 0.0346 0.2479 -0.9649 0.0395 0.2415 -0.971 0.0491 0.2311 -0.9393 0.0393 0.2443 -0.9479 0.0479 0.2346 -0.9589 0.0556 0.2257 -0.9743 0.0633 0.2163 -0.9674 0.045 0.2356
145.0 -1.0116 0.0198 0.2571 -0.9026 0.0406 0.2466 -0.9004 0.0482 0.239 -0.9516 0.034 0.2485 -0.9657 0.0388 0.2422 -0.9708 0.0479 0.2324 -0.9372 0.042 0.2417 -0.9473 0.0498 0.2327 -0.9582 0.0563 0.225 -0.9753 0.0638 0.2157 -0.9659 0.0463 0.2344
146.0 -1.0194 0.0193 0.2567 -0.9049 0.0384 0.2486 -0.9028 0.0467 0.2404 -0.9542 0.0336 0.2486 -0.9676 0.0398 0.241 -0.9728 0.0494 0.2306 -0.9399 0.0374 0.2462 -0.9485 0.0466 0.2359 -0.9587 0.0544 0.2269 -0.9751 0.0626 0.2169 -0.9683 0.0441 0.2365
147.0 -1.0133 0.0195 0.2571 -0.9034 0.0399 0.2473 -0.9021 0.0474 0.2397 -0.9515 0.0334 0.2491 -0.9657 0.0388 0.2422 -0.9727 0.0488 0.2312 -0.9386 0.04 0.2436 -0.948 0.0485 0.234 -0.9589 0.0556 0.2257 -0.9752 0.0632 0.2163 -0.9668 0.0454 0.2354
148.0 -1.0168 0.0197 0.2566 -0.9059 0.0389 0.248 -0.9034 0.0448 0.2423 -0.9526 0.0345 0.2479 -0.9658 0.0394 0.2416 -0.9718 0.049 0.2312 -0.9409 0.0379 0.2456 -0.9486 0.0472 0.2353 -0.9597 0.0549 0.2263 -0.9751 0.0626 0.2169 -0.9682 0.0444 0.2362
149.0 -1.0161 0.0204 0.256 -0.9024 0.0394 0.2478 -0.9013 0.0481 0.2391 -0.9541 0.033 0.2492 -0.9665 0.0387 0.2422 -0.9719 0.0496 0.2306 -0.9396 0.0405 0.243 -0.9489 0.0484 0.234 -0.959 0.0562 0.2251 -0.9745 0.0645 0.215 -0.9676 0.046 0.2346
150.0 -1.0168 0.0197 0.2566 -0.905 0.039 0.2479 -0.9011 0.0469 0.2403 -0.9517 0.0346 0.2479 -0.9658 0.0394 0.2416 -0.9718 0.049 0.2312 -0.941 0.0385 0.245 -0.9495 0.0471 0.2353 -0.9596 0.0543 0.227 -0.9758 0.0619 0.2176 -0.9685 0.0443 0.2363
151.0 -1.0177 0.0196 0.2567 -0.905 0.039 0.2479 -0.9035 0.0454 0.2416 -0.9527 0.0351 0.2473 -0.9658 0.0394 0.2416 -0.9718 0.049 0.2312 -0.94 0.038 0.2456 -0.9485 0.0466 0.2359 -0.9587 0.0544 0.2269 -0.975 0.062 0.2176 -0.968 0.0441 0.2365
152.0 -1.0168 0.0197 0.2566 -0.9049 0.0384 0.2486 -0.9044 0.0458 0.2411 -0.9534 0.0343 0.2479 -0.9675 0.0392 0.2416 -0.9735 0.0487 0.2312 -0.9386 0.04 0.2436 -0.947 0.048 0.2346 -0.9588 0.055 0.2263 -0.975 0.062 0.2176 -0.9673 0.0449 0.2357
153.0 -1.0195 0.0199 0.2561 -0.9049 0.0384 0.2486 -0.9026 0.0455 0.2416 -0.9509 0.0347 0.2478 -0.9659 0.04 0.2409 -0.9729 0.05 0.23 -0.9408 0.0373 0.2462 -0.9494 0.0465 0.2359 -0.9596 0.0543 0.227 -0.9751 0.0626 0.2169 -0.9689 0.0441 0.2364
154.0 -1.0167 0.0191 0.2573 -0.9032 0.0387 0.2485 -0.902 0.0468 0.2403 -0.9502 0.036 0.2466 -0.9667 0.0399 0.241 -0.9718 0.049 0.2312 -0.9392 0.0387 0.2449 -0.9478 0.0473 0.2352 -0.9588 0.055 0.2263 -0.9751 0.0626 0.2169 -0.9675 0.0445 0.2361
155.0 -1.0175 0.0184 0.2579 -0.9024 0.0394 0.2478 -0.9018 0.0462 0.241 -0.9525 0.0339 0.2485 -0.9666 0.0393 0.2416 -0.9735 0.0487 0.2312 -0.9389 0.0369 0.2468 -0.9484 0.046 0.2365 -0.9595 0.0537 0.2276 -0.9758 0.0619 0.2176 -0.968 0.0434 0.2373
156.0 -1.0211 0.0191 0.2568 -0.9036 0.0411 0.246 -0.9014 0.0487 0.2384 -0.9542 0.0336 0.2486 -0.9675 0.0392 0.2416 -0.9727 0.0488 0.2312 -0.94 0.038 0.2456 -0.9494 0.0465 0.2359 -0.9596 0.0543 0.227 -0.9758 0.0619 0.2176 -0.9692 0.0439 0.2366
157.0 -1.0177 0.0196 0.2567 -0.9034 0.0399 0.2473 -0.9037 0.0466 0.2404 -0.9552 0.0341 0.248 -0.9668 0.0405 0.2403 -0.9728 0.0494 0.2306 -0.9392 0.0387 0.2449 -0.9486 0.0472 0.2353 -0.9596 0.0543 0.227 -0.9758 0.0619 0.2176 -0.9682 0.0443 0.2363
158.0 -1.0203 0.0192 0.2568 -0.9042 0.0398 0.2473 -0.9021 0.0474 0.2397 -0.9558 0.0328 0.2493 -0.9666 0.0393 0.2416 -0.9712 0.0503 0.2299 -0.9391 0.0381 0.2455 -0.9476 0.0461 0.2365 -0.9587 0.0544 0.2269 -0.9742 0.0627 0.2169 -0.968 0.0441 0.2365
159.0 -1.0186 0.0194 0.2567 -0.9056 0.0377 0.2492 -0.902 0.0468 0.2403 -0.9534 0.0343 0.2479 -0.9667 0.0399 0.241 -0.9737 0.0493 0.2306 -0.94 0.038 0.2456 -0.9485 0.0466 0.2359 -0.9597 0.0549 0.2263 -0.976 0.0624 0.217 -0.9685 0.0443 0.2363
160.0 -1.0159 0.0192 0.2572 -0.9042 0.0398 0.2473 -0.9044 0.0458 0.2411 -0.9525 0.0339 0.2485 -0.9665 0.0387 0.2422 -0.9718 0.049 0.2312 -0.9393 0.0393 0.2443 -0.9478 0.0473 0.2352 -0.9597 0.0549 0.2263 -0.9751 0.0626 0.2169 -0.9676 0.0446 0.236
161.0 -1.0185 0.0188 0.2573 -0.9032 0.0387 0.2485 -0.9028 0.0467 0.2404 -0.9534 0.0343 0.2479 -0.9666 0.0393 0.2416 -0.9718 0.049 0.2312 -0.9395 0.0399 0.2437 -0.9479 0.0479 0.2346 -0.9589 0.0556 0.2257 -0.9752 0.0632 0.2163 -0.968 0.0451 0.2355
162.0 -1.0143 0.02 0.2565 -0.9016 0.0395 0.2478 -0.902 0.0468 0.2403 -0.9532 0.0331 0.2492 -0.9665 0.0387 0.2422 -0.9711 0.0497 0.2305 -0.9378 0.0407 0.243 -0.9472 0.0492 0.2333 -0.9582 0.0563 0.225 -0.9744 0.0639 0.2157 -0.9664 0.046 0.2347
163.0 -1.016 0.0198 0.2566 -0.9042 0.0398 0.2473 -0.902 0.0468 0.2403 -0.9517 0.0346 0.2479 -0.9665 0.0387 0.2422 -0.9734 0.0481 0.2319 -0.9391 0.0381 0.2455 -0.9477 0.0467 0.2359 -0.9588 0.055 0.2263 -0.9752 0.0632 0.2163 -0.9674 0.0446 0.2361
164.0 -1.0186 0.0194 0.2567 -0.9041 0.0392 0.2479 -0.9044 0.0458 0.2411 -0.9542 0.0336 0.2486 -0.9667 0.0399 0.241 -0.9719 0.0496 0.2306 -0.9395 0.0399 0.2437 -0.9488 0.0478 0.2347 -0.9597 0.0549 0.2263 -0.9751 0.0626 0.2169 -0.9683 0.0449 0.2357
165.0 -1.0176 0.019 0.2573 -0.9032 0.0387 0.2485 -0.9028 0.0467 0.2404 -0.9533 0.0337 0.2486 -0.9667 0.0399 0.241 -0.9727 0.0488 0.2312 -0.9386 0.04 0.2436 -0.9479 0.0479 0.2346 -0.9589 0.0556 0.2257 -0.9751 0.0626 0.2169 -0.9676 0.045 0.2356
166.0 -1.016 0.0198 0.2566 -0.9041 0.0392 0.2479 -0.9036 0.046 0.241 -0.9509 0.0347 0.2478 -0.9648 0.0389 0.2421 -0.9718 0.049 0.2312 -0.9402 0.0392 0.2443 -0.9488 0.0478 0.2347 -0.9598 0.0555 0.2257 -0.9751 0.0626 0.2169 -0.968 0.045 0.2356
167.0 -1.0194 0.0193 0.2567 -0.905 0.039 0.2479 -0.9037 0.0466 0.2404 -0.9534 0.0343 0.2479 -0.9677 0.0404 0.2404 -0.9737 0.0493 0.2306 -0.9411 0.0391 0.2443 -0.9496 0.0477 0.2347 -0.9605 0.0548 0.2264 -0.976 0.0624 0.217 -0.9693 0.0447 0.2358
168.0 -1.0178 0.0202 0.2561 -0.904 0.0386 0.2485 -0.9034 0.0448 0.2423 -0.9499 0.0342 0.2484 -0.9657 0.0388 0.2422 -0.9718 0.049 0.2312 -0.9392 0.0387 0.2449 -0.9478 0.0473 0.2352 -0.9588 0.055 0.2263 -0.9742 0.0627 0.2169 -0.9676 0.0448 0.2359
169.0 -1.0161 0.0204 0.256 -0.9023 0.0388 0.2485 -0.902 0.0468 0.2403 -0.9532 0.0331 0.2492 -0.9665 0.0387 0.2422 -0.9718 0.049 0.2312 -0.9387 0.0406 0.243 -0.9481 0.0491 0.2334 -0.959 0.0562 0.2251 -0.9753 0.0638 0.2157 -0.9674 0.046 0.2346
170.0 -1.0152 0.0205 0.256 -0.9025 0.04 0.2472 -0.9012 0.0475 0.2397 -0.9525 0.0339 0.2485 -0.9664 0.0381 0.2428 -0.971 0.0491 0.2311 -0.9396 0.0405 0.243 -0.9481 0.0491 0.2334 -0.959 0.0562 0.2251 -0.9744 0.0639 0.2157 -0.9673 0.046 0.2346
171.0 -1.0178 0.0202 0.2561 -0.904 0.0386 0.2485 -0.9034 0.0448 0.2423 -0.951 0.0353 0.2472 -0.9658 0.0394 0.2416 -0.9717 0.0484 0.2318 -0.9408 0.0373 0.2462 -0.9485 0.0466 0.2359 -0.9596 0.0543 0.227 -0.9751 0.0626 0.2169 -0.9684 0.0442 0.2364
172.0 -1.016 0.0198 0.2566 -0.9041 0.0392 0.2479 -0.9035 0.0454 0.2416 -0.9516 0.034 0.2485 -0.9658 0.0394 0.2416 -0.9728 0.0494 0.2306 -0.9393 0.0393 0.2443 -0.9479 0.0479 0.2346 -0.9589 0.0556 0.2257 -0.9743 0.0633 0.2163 -0.9673 0.0452 0.2355
173.0 -1.016 0.0198 0.2566 -0.9051 0.0396 0.2473 -0.9043 0.0452 0.2417 -0.9534 0.0343 0.2479 -0.9659 0.04 0.2409 -0.971 0.0491 0.2311 -0.9391 0.0381 0.2455 -0.9477 0.0467 0.2359 -0.9587 0.0544 0.2269 -0.975 0.062 0.2176 -0.9673 0.0442 0.2365
174.0 -1.0136 0.0213 0.2553 -0.9023 0.0388 0.2485 -0.9021 0.0474 0.2397 -0.955 0.0335 0.2486 -0.9666 0.0393 0.2416 -0.9701 0.0492 0.2311 -0.9403 0.0398 0.2437 -0.9489 0.0484 0.234 -0.9599 0.0561 0.2251 -0.9753 0.0638 0.2157 -0.9676 0.0459 0.2348
175.0 -1.0195 0.0199 0.2561 -0.9042 0.0398 0.2473 -0.9049 0.0433 0.2436 -0.9533 0.0337 0.2486 -0.9658 0.0394 0.2416 -0.972 0.0502 0.2299 -0.9406 0.0367 0.2468 -0.9484 0.046 0.2365 -0.9596 0.0543 0.227 -0.9752 0.0632 0.2163 -0.9687 0.044 0.2365
176.0 -1.0176 0.019 0.2573 -0.905 0.039 0.2479 -0.9043 0.0452 0.2417 -0.9525 0.0339 0.2485 -0.9658 0.0394 0.2416 -0.9727 0.0488 0.2312 -0.9391 0.0381 0.2455 -0.9485 0.0466 0.2359 -0.9597 0.0549 0.2263 -0.976 0.0624 0.217 -0.9682 0.0442 0.2364
177.0 -1.0167 0.0191 0.2573 -0.904 0.0386 0.2485 -0.9045 0.0464 0.2404 -0.9549 0.0329 0.2493 -0.9658 0.0394 0.2416 -0.9702 0.0498 0.2305 -0.9395 0.0399 0.2437 -0.9479 0.0479 0.2346 -0.9589 0.0556 0.2257 -0.9751 0.0626 0.2169 -0.9676 0.045 0.2356
178.0 -1.0177 0.0196 0.2567 -0.9039 0.038 0.2492 -0.9036 0.046 0.241 -0.9525 0.0339 0.2485 -0.9658 0.0394 0.2416 -0.9718 0.049 0.2312 -0.9412 0.0397 0.2437 -0.9496 0.0477 0.2347 -0.9597 0.0549 0.2263 -0.9751 0.0626 0.2169 -0.9686 0.0449 0.2357
179.0 -1.0169 0.0203 0.256 -0.9038 0.0374 0.2498 -0.9017 0.0456 0.2416 -0.9514 0.0328 0.2497 -0.9647 0.0383 0.2428 -0.971 0.0491 0.2311 -0.9401 0.0386 0.2449 -0.9478 0.0473 0.2352 -0.9589 0.0556 0.2257 -0.9744 0.0639 0.2157 -0.9676 0.0451 0.2355
180.0 -1.0197 0.0211 0.2549 -0.9046 0.0367 0.2504 -0.9025 0.04 0.2472 -0.9532 0.0331 0.2492 -0.9648 0.0389 0.2421 -0.9702 0.0498 0.2305 -0.9439 0.035 0.2482 -0.9509 0.0451 0.2372 -0.9613 0.054 0.227 -0.9769 0.0629 0.2164 -0.9705 0.0436 0.2367
181.0 -1.0178 0.0202 0.2561 -0.9025 0.0351 0.2522 -0.9 0.0458 0.2415 -0.9541 0.033 0.2492 -0.9647 0.0383 0.2428 -0.9709 0.0485 0.2318 -0.9432 0.0363 0.2469 -0.9509 0.0451 0.2372 -0.9611 0.0529 0.2283 -0.9757 0.0613 0.2182 -0.9698 0.0431 0.2373
182.0 -1.0229 0.0189 0.2569 -0.9042 0.0343 0.2529 -0.9015 0.0493 0.2378 -0.9534 0.0343 0.2479 -0.9634 0.0409 0.2402 -0.9713 0.0509 0.2293 -0.9444 0.038 0.2451 -0.9527 0.0454 0.2367 -0.963 0.0538 0.2271 -0.9776 0.0616 0.2177 -0.9721 0.0435 0.2367
183.0 -1.0229 0.0189 0.2569 -0.9048 0.033 0.2542 -0.9017 0.0505 0.2366 -0.9511 0.0359 0.2466 -0.9601 0.042 0.2395 -0.9687 0.0512 0.2292 -0.9479 0.0381 0.2446 -0.9564 0.0462 0.2356 -0.9664 0.0534 0.2272 -0.9799 0.0601 0.219 -0.9747 0.0433 0.2367
184.0 -1.0263 0.0184 0.257 -0.9051 0.0299 0.2573 -0.9005 0.0537 0.2334 -0.9452 0.0373 0.2458 -0.9582 0.0416 0.24 -0.9671 0.052 0.2285 -0.9498 0.0385 0.2441 -0.9581 0.0459 0.2356 -0.9682 0.0531 0.2273 -0.9818 0.0604 0.2184 -0.9768 0.0433 0.2365
185.0 -1.0261 0.0172 0.2583 -0.9054 0.0262 0.2611 -0.9007 0.0549 0.2322 -0.9426 0.0376 0.2457 -0.9555 0.0414 0.2405 -0.9645 0.0524 0.2284 -0.9507 0.039 0.2435 -0.9599 0.0463 0.2351 -0.9699 0.0529 0.2274 -0.9842 0.0595 0.2192 -0.9782 0.043 0.2367
186.0 -1.0286 0.0163 0.259 -0.9042 0.0245 0.2629 -0.8968 0.0573 0.2301 -0.9342 0.04 0.2441 -0.9489 0.0435 0.239 -0.9586 0.0538 0.2275 -0.9481 0.0393 0.2434 -0.9582 0.0465 0.235 -0.9691 0.0536 0.2267 -0.9844 0.0607 0.2179 -0.9777 0.0433 0.2364
187.0 -1.0322 0.017 0.2579 -0.9063 0.0212 0.2661 -0.8918 0.0591 0.2287 -0.9075 0.0534 0.2331 -0.9281 0.0555 0.2289 -0.9477 0.062 0.2202 -0.9554 0.0408 0.2412 -0.9638 0.0482 0.2327 -0.9763 0.0545 0.2251 -0.9906 0.0605 0.2175 -0.9837 0.0442 0.2349
188.0 -1.0321 0.0164 0.2585 -0.9058 0.0188 0.2686 -0.8907 0.0581 0.2299 -0.8964 0.0604 0.227 -0.9221 0.0612 0.2236 -0.9479 0.0681 0.214 -0.9565 0.0419 0.2399 -0.9666 0.0491 0.2316 -0.979 0.0547 0.2246 -0.9948 0.0593 0.2183 -0.9858 0.0443 0.2346
189.0 -1.0312 0.0165 0.2585 -0.908 0.016 0.2712 -0.8877 0.0609 0.2273 -0.9075 0.0583 0.2281 -0.925 0.0626 0.2219 -0.9447 0.0697 0.2126 -0.9538 0.0416 0.2405 -0.9631 0.0495 0.2315 -0.9764 0.0551 0.2245 -0.9929 0.0589 0.2189 -0.9835 0.0443 0.2347
190.0 -1.0304 0.0166 0.2584 -0.9079 0.0154 0.2718 -0.8895 0.0613 0.2267 -0.8971 0.0645 0.2227 -0.9136 0.0678 0.2177 -0.9368 0.0751 0.208 -0.9549 0.0427 0.2393 -0.9642 0.0506 0.2303 -0.9758 0.0564 0.2232 -0.9906 0.0605 0.2175 -0.9832 0.0454 0.2337
191.0 -1.0304 0.0166 0.2584 -0.9095 0.0146 0.2725 -0.8915 0.0622 0.2256 -0.8967 0.067 0.2201 -0.9115 0.0712 0.2145 -0.9356 0.0783 0.2048 -0.9576 0.0429 0.2387 -0.9659 0.0504 0.2303 -0.9775 0.0561 0.2233 -0.9924 0.0608 0.217 -0.9848 0.0454 0.2335
192.0 -1.0311 0.0159 0.2591 -0.9103 0.0139 0.2731 -0.8908 0.0636 0.2243 -0.8963 0.0695 0.2176 -0.9102 0.0738 0.2119 -0.9352 0.0808 0.2023 -0.9575 0.0423 0.2394 -0.9668 0.0503 0.2304 -0.9792 0.0559 0.2233 -0.995 0.0605 0.2171 -0.9859 0.045 0.2338
193.0 -1.0305 0.0172 0.2578 -0.9135 0.0122 0.2745 -0.8902 0.0649 0.223 -0.8916 0.0732 0.2143 -0.9066 0.0785 0.2074 -0.9357 0.0838 0.1992 -0.9584 0.0428 0.2388 -0.9669 0.0508 0.2297 -0.9802 0.0564 0.2228 -0.9967 0.0603 0.2171 -0.9865 0.0455 0.2332
194.0 -1.0308 0.019 0.2559 -0.9188 0.0121 0.2741 -0.8887 0.0663 0.2217 -0.8885 0.0755 0.2123 -0.9038 0.0826 0.2036 -0.9354 0.0869 0.196 -0.9578 0.0441 0.2375 -0.9672 0.0526 0.2279 -0.9805 0.0582 0.2209 -0.9968 0.0609 0.2165 -0.9866 0.047 0.2317
195.0 -1.0311 0.0208 0.2541 -0.9199 0.0089 0.2773 -0.8896 0.0668 0.2211 -0.8877 0.0811 0.2067 -0.9057 0.0884 0.1974 -0.9383 0.0938 0.1887 -0.9606 0.045 0.2364 -0.9691 0.0536 0.2267 -0.9817 0.0598 0.2191 -0.9972 0.0632 0.214 -0.9879 0.0485 0.23
196.0 -1.0329 0.0212 0.2535 -0.9251 0.0082 0.2775 -0.8914 0.0671 0.2206 -0.8898 0.0826 0.2049 -0.9079 0.0906 0.195 -0.9403 0.0948 0.1875 -0.9614 0.0449 0.2364 -0.9701 0.0541 0.2261 -0.9834 0.0596 0.2191 -0.9989 0.063 0.2141 -0.9894 0.0485 0.2299
197.0 -1.0345 0.0203 0.2542 -0.9234 0.0085 0.2774 -0.8957 0.0666 0.2207 -0.8935 0.084 0.2032 -0.9126 0.0924 0.1927 -0.9449 0.096 0.1858 -0.9638 0.0433 0.2377 -0.9717 0.0533 0.2268 -0.9842 0.0595 0.2192 -0.9999 0.0635 0.2135 -0.9908 0.048 0.2303
198.0 -1.0345 0.0203 0.2542 -0.9216 0.0081 0.2779 -0.8956 0.066 0.2214 -0.8954 0.0849 0.202 -0.9133 0.0917 0.1933 -0.9458 0.0964 0.1852 -0.9639 0.0439 0.2371 -0.9727 0.0537 0.2262 -0.9852 0.06 0.2186 -1.0009 0.064 0.2129 -0.9914 0.0484 0.2298
199.0 -1.0361 0.0189 0.2555 -0.9208 0.0088 0.2773 -0.8967 0.067 0.2201 -0.8963 0.0848 0.202 -0.9143 0.0922 0.1927 -0.9474 0.095 0.1865 -0.9641 0.0451 0.2359 -0.9728 0.0543 0.2256 -0.9852 0.06 0.2186 -1.0009 0.064 0.2129 -0.9918 0.0485 0.2297
200.0 -1.0378 0.0187 0.2556 -0.9217 0.0087 0.2773 -0.8975 0.0663 0.2208 -0.898 0.0846 0.2021 -0.9177 0.0917 0.1929 -0.9492 0.0954 0.186 -0.9649 0.0444 0.2365 -0.9735 0.0536 0.2262 -0.986 0.0593 0.2192 -1.0025 0.0631 0.2136 -0.9929 0.0478 0.2302
201.0 -1.0386 0.0186 0.2556 -0.9226 0.0092 0.2767 -0.8991 0.0655 0.2215 -0.8995 0.0831 0.2034 -0.9176 0.0911 0.1935 -0.9498 0.0941 0.1872 -0.9665 0.0436 0.2372 -0.9743 0.0529 0.2269 -0.9877 0.059 0.2193 -1.0033 0.063 0.2137 -0.9941 0.0474 0.2305
202.0 -1.0403 0.0177 0.2563 -0.9251 0.0082 0.2775 -0.9015 0.0646 0.2222 -0.9012 0.0829 0.2035 -0.9203 0.0913 0.193 -0.9515 0.0938 0.1873 -0.9681 0.0427 0.2379 -0.9769 0.0526 0.227 -0.9894 0.0588 0.2194 -1.0059 0.0627 0.2138 -0.9961 0.0469 0.2309
203.0 -1.0411 0.0176 0.2563 -0.9278 0.0085 0.2769 -0.9042 0.0648 0.2217 -0.903 0.0827 0.2035 -0.9219 0.0905 0.1936 -0.9541 0.0935 0.1874 -0.9716 0.0429 0.2374 -0.9794 0.0522 0.2271 -0.992 0.0585 0.2195 -1.0076 0.0625 0.2138 -0.9984 0.0467 0.2308
204.0 -1.0436 0.0167 0.2571 -0.9295 0.0083 0.277 -0.9057 0.0634 0.223 -0.9055 0.0823 0.2036 -0.9245 0.0902 0.1937 -0.9549 0.0928 0.1881 -0.9715 0.0423 0.238 -0.9812 0.052 0.2272 -0.9937 0.0582 0.2195 -1.0101 0.0615 0.2145 -1.0 0.0461 0.2313
205.0 -1.0453 0.0164 0.2571 -0.9311 0.0074 0.2777 -0.9067 0.0639 0.2224 -0.9082 0.0826 0.2031 -0.9272 0.0904 0.1932 -0.9576 0.093 0.1875 -0.9735 0.0432 0.2369 -0.9829 0.0517 0.2272 -0.9954 0.058 0.2196 -1.0118 0.0613 0.2146 -1.0018 0.0461 0.2311
206.0 -1.0479 0.0161 0.2572 -0.9329 0.0078 0.2771 -0.9102 0.064 0.2219 -0.9107 0.0816 0.2038 -0.9279 0.0897 0.1939 -0.961 0.0926 0.1877 -0.9751 0.0424 0.2375 -0.9836 0.051 0.2279 -0.997 0.0572 0.2203 -1.0135 0.061 0.2147 -1.0034 0.0455 0.2315
207.0 -1.0497 0.0165 0.2567 -0.9353 0.0062 0.2785 -0.9125 0.0619 0.2239 -0.9132 0.0807 0.2045 -0.9304 0.0888 0.1946 -0.9626 0.0917 0.1883 -0.9776 0.0415 0.2383 -0.9863 0.0513 0.2274 -0.9997 0.0574 0.2198 -1.0162 0.0613 0.2142 -1.0059 0.0456 0.2312
208.0 -1.0547 0.0146 0.2581 -0.9394 0.0045 0.2799 -0.9162 0.0626 0.2228 -0.9174 0.0795 0.2053 -0.9328 0.0872 0.1959 -0.9661 0.0913 0.1885 -0.9794 0.0418 0.2377 -0.988 0.051 0.2274 -1.0013 0.0566 0.2205 -1.0187 0.0603 0.2149 -1.0084 0.0449 0.2317
209.0 -1.0591 0.0146 0.2577 -0.9429 0.0046 0.2794 -0.9212 0.0613 0.2236 -0.9213 0.0772 0.2074 -0.9371 0.0866 0.1961 -0.9703 0.0907 0.1886 -0.9845 0.0411 0.2379 -0.9931 0.0498 0.2283 -1.0056 0.056 0.2206 -1.0221 0.0599 0.215 -1.0129 0.0443 0.2319
210.0 -1.0622 0.0123 0.2597 -0.95 0.0049 0.2784 -0.9246 0.0608 0.2237 -0.9266 0.0771 0.2069 -0.9423 0.0865 0.1957 -0.9763 0.0893 0.1895 -0.988 0.0407 0.238 -0.9958 0.05 0.2277 -1.0082 0.0557 0.2207 -1.0255 0.0588 0.2158 -1.0159 0.0435 0.2324
211.0 -1.0657 0.0125 0.2592 -0.9552 0.0042 0.2786 -0.9288 0.0596 0.2245 -0.9309 0.0765 0.2071 -0.9465 0.0854 0.1965 -0.9805 0.0881 0.1903 -0.9914 0.0402 0.2382 -0.9991 0.0489 0.2285 -1.0124 0.0545 0.2215 -1.0297 0.0576 0.2166 -1.0197 0.0427 0.2328
212.0 -1.0692 0.012 0.2593 -0.9594 0.003 0.2794 -0.9357 0.0587 0.2248 -0.9368 0.0751 0.208 -0.9526 0.0845 0.1967 -0.9864 0.0867 0.1911 -0.9956 0.039 0.239 -1.0033 0.0478 0.2293 -1.0158 0.054 0.2216 -1.0322 0.0573 0.2167 -1.0232 0.042 0.2332
213.0 -1.0769 0.011 0.2596 -0.9635 0.0012 0.2808 -0.9433 0.0571 0.2257 -0.942 0.0744 0.2082 -0.955 0.0836 0.1974 -0.9888 0.0858 0.1919 -1.0014 0.037 0.2404 -1.0083 0.0465 0.2301 -1.0208 0.0521 0.2231 -1.0372 0.0554 0.2181 -1.0289 0.0404 0.2343
214.0 -1.0813 0.011 0.2591 -0.9678 0.0006 0.281 -0.945 0.0563 0.2264 -0.9463 0.0738 0.2083 -0.9609 0.0822 0.1983 -0.9947 0.0843 0.1927 -1.0057 0.0364 0.2406 -1.0126 0.0459 0.2303 -1.0251 0.0515 0.2232 -1.0415 0.0548 0.2183 -1.0332 0.0399 0.2343
215.0 -1.0855 0.0098 0.2599 -0.9712 0.0002 0.2811 -0.9509 0.0548 0.2272 -0.9522 0.0724 0.2092 -0.9659 0.0803 0.1997 -0.9998 0.0831 0.1935 -1.0098 0.0347 0.242 -1.0176 0.044 0.2317 -1.0301 0.0503 0.2241 -1.0465 0.0535 0.2191 -1.0379 0.0385 0.2354
216.0 -1.0914 0.0084 0.2608 -0.9771 -0.0012 0.282 -0.9545 0.0556 0.2261 -0.9574 0.0723 0.2088 -0.9736 0.0793 0.2 -1.0066 0.0815 0.1944 -1.0151 0.0346 0.2416 -1.0228 0.0439 0.2313 -1.0353 0.0496 0.2243 -1.0516 0.0522 0.2199 -1.0432 0.0377 0.2356
217.0 -1.0962 0.0059 0.2628 -0.9813 -0.0024 0.2828 -0.9614 0.0546 0.2264 -0.9626 0.0716 0.209 -0.9788 0.0786 0.2002 -1.0099 0.0805 0.1952 -1.021 0.0332 0.2424 -1.0288 0.0425 0.2321 -1.0413 0.0487 0.2245 -1.0567 0.0515 0.2201 -1.0488 0.0364 0.2364
218.0 -1.1023 0.0051 0.2631 -0.9874 -0.0026 0.2824 -0.964 0.0543 0.2265 -0.9677 0.0703 0.2098 -0.9857 0.0776 0.2005 -1.0158 0.0791 0.196 -1.0269 0.0318 0.2433 -1.0356 0.0416 0.2324 -1.0481 0.0472 0.2254 -1.0645 0.0505 0.2204 -1.0555 0.0352 0.2369
219.0 -1.1066 0.0045 0.2632 -0.9917 -0.0032 0.2825 -0.9716 0.0527 0.2274 -0.9761 0.0685 0.2107 -0.9918 0.0774 0.2001 -1.0219 0.0788 0.1956 -1.0328 0.0303 0.2442 -1.0415 0.0402 0.2333 -1.0531 0.0459 0.2262 -1.0688 0.0499 0.2206 -1.0606 0.0342 0.2375
220.0 -1.1126 0.0037 0.2635 -1.0013 -0.0039 0.2823 -0.9761 0.0484 0.2313 -0.9803 0.0674 0.2115 -0.9993 0.0752 0.2016 -1.0286 0.0767 0.1972 -1.0378 0.0291 0.245 -1.0456 0.0384 0.2347 -1.0582 0.0446 0.227 -1.0746 0.0479 0.222 -1.0658 0.0327 0.2384
221.0 -1.1185 0.0023 0.2643 -1.0055 -0.0051 0.2831 -0.9815 0.0489 0.2303 -0.9827 0.0658 0.2129 -1.0043 0.0739 0.2025 -1.0338 0.076 0.1974 -1.0446 0.0275 0.2459 -1.0525 0.0375 0.2349 -1.065 0.0437 0.2273 -1.0807 0.0477 0.2217 -1.0723 0.0317 0.2388
222.0 -1.1212 0.0025 0.2638 -1.014 -0.0068 0.284 -0.9894 0.049 0.2294 -0.9925 0.0663 0.2114 -1.0096 0.0738 0.202 -1.0389 0.0753 0.1976 -1.0498 0.0268 0.2461 -1.0577 0.0368 0.2351 -1.0702 0.043 0.2275 -1.0866 0.0463 0.2225 -1.0771 0.0311 0.239
223.0 -1.1287 0.0003 0.2654 -1.0181 -0.008 0.2848 -0.9963 0.0481 0.2296 -0.9985 0.0655 0.2116 -1.0163 0.0717 0.2035 -1.0465 0.0737 0.1985 -1.0559 0.0266 0.2457 -1.0637 0.0359 0.2354 -1.0762 0.0422 0.2277 -1.0917 0.045 0.2233 -1.0832 0.03 0.2395
224.0 -1.1355 -0.0012 0.2662 -1.0243 -0.0082 0.2844 -1.002 0.0455 0.2317 -1.0051 0.0634 0.2131 -1.0213 0.0704 0.2044 -1.0541 0.0715 0.2 -1.0635 0.025 0.2466 -1.0704 0.0344 0.2362 -1.0821 0.0408 0.2286 -1.0985 0.0441 0.2236 -1.09 0.0286 0.2403
225.0 -1.1407 -0.0013 0.2658 -1.031 -0.0097 0.2853 -1.0084 0.0471 0.2295 -1.0112 0.0626 0.2133 -1.0291 0.0693 0.2047 -1.0603 0.0718 0.199 -1.0679 0.025 0.2461 -1.0757 0.0343 0.2358 -1.0881 0.04 0.2288 -1.1045 0.0433 0.2238 -1.0954 0.0282 0.2401
226.0 -1.1474 -0.0034 0.2673 -1.0371 -0.0105 0.2855 -1.0123 0.0441 0.2321 -1.0163 0.0619 0.2135 -1.0341 0.068 0.2055 -1.0651 0.0693 0.2011 -1.0737 0.023 0.2476 -1.0824 0.0322 0.2373 -1.0949 0.0385 0.2297 -1.1113 0.0417 0.2247 -1.1019 0.0264 0.2413
227.0 -1.1543 -0.0044 0.2676 -1.0439 -0.0115 0.2858 -1.0208 0.0423 0.2331 -1.0231 0.0604 0.2144 -1.0409 0.0665 0.2064 -1.0711 0.0685 0.2013 -1.0812 0.0208 0.2492 -1.0891 0.0307 0.2382 -1.1017 0.0369 0.2306 -1.1173 0.0409 0.2249 -1.1087 0.025 0.2421
228.0 -1.1594 -0.0051 0.2678 -1.0508 -0.0124 0.2861 -1.0267 0.0409 0.2339 -1.0297 0.0576 0.2166 -1.0467 0.0645 0.2078 -1.0771 0.0671 0.2022 -1.0864 0.0201 0.2494 -1.0943 0.03 0.2384 -1.1067 0.0356 0.2314 -1.1223 0.039 0.2264 -1.1138 0.0239 0.2427
229.0 -1.1815 -0.0093 0.2699 -1.0735 -0.0185 0.2901 -1.0494 0.0348 0.2379 -1.0514 0.051 0.2211 -1.0695 0.059 0.2112 -1.1007 0.0615 0.2056 -1.1076 0.0154 0.252 -1.1163 0.0252 0.2411 -1.1288 0.0308 0.2341 -1.1451 0.0335 0.2298 -1.1359 0.0191 0.2454
230.0 -1.1875 -0.0107 0.2708 -1.0785 -0.0198 0.2909 -1.0552 0.0328 0.2394 -1.0573 0.0496 0.222 -1.0744 0.0571 0.2127 -1.106 0.0614 0.2051 -1.1143 0.0138 0.2529 -1.1221 0.0232 0.2426 -1.1347 0.0294 0.235 -1.1502 0.0328 0.23 -1.1418 0.0177 0.2463
231.0 -1.1967 -0.0132 0.2724 -1.091 -0.0239 0.2939 -1.0655 0.0314 0.2398 -1.0691 0.0468 0.2237 -1.0862 0.0543 0.2144 -1.1176 0.0574 0.2081 -1.1251 0.0099 0.2558 -1.1339 0.0198 0.2449 -1.1464 0.026 0.2373 -1.1629 0.0299 0.2317 -1.153 0.0145 0.2484
232.0 -1.2035 -0.0147 0.2732 -1.0961 -0.0252 0.2947 -1.0715 0.0306 0.24 -1.075 0.0454 0.2246 -1.093 0.0528 0.2153 -1.1235 0.056 0.2089 -1.131 0.0085 0.2567 -1.1398 0.0183 0.2458 -1.1523 0.0246 0.2382 -1.1688 0.0285 0.2326 -1.1591 0.0131 0.2493
233.0 -1.2103 -0.0156 0.2735 -1.1021 -0.026 0.2949 -1.0775 0.0292 0.2409 -1.08 0.0435 0.226 -1.0988 0.0508 0.2167 -1.1285 0.0547 0.2098 -1.137 0.0077 0.2569 -1.1457 0.0169 0.2467 -1.1582 0.0232 0.239 -1.1746 0.0265 0.234 -1.1652 0.0117 0.25
234.0 -1.2163 -0.017 0.2744 -1.1107 -0.0272 0.2953 -1.0843 0.0283 0.2412 -1.086 0.0427 0.2262 -1.104 0.0501 0.2169 -1.1345 0.0533 0.2106 -1.1429 0.0063 0.2578 -1.1508 0.0162 0.2469 -1.1633 0.0219 0.2398 -1.1797 0.0252 0.2349 -1.1706 0.0105 0.2507
235.0 -1.2214 -0.0177 0.2746 -1.1183 -0.0288 0.2962 -1.091 0.0262 0.2427 -1.0935 0.0405 0.2278 -1.1099 0.0486 0.2178 -1.1404 0.0519 0.2115 -1.1488 0.0049 0.2586 -1.1576 0.0147 0.2477 -1.1701 0.021 0.2401 -1.1865 0.0242 0.2351 -1.1769 0.0094 0.2512
236.0 -1.2283 -0.0186 0.2748 -1.125 -0.031 0.2977 -1.0958 0.0237 0.2447 -1.0993 0.0385 0.2292 -1.1157 0.0466 0.2193 -1.1471 0.0503 0.2124 -1.1557 0.004 0.2589 -1.1645 0.0138 0.248 -1.177 0.02 0.2404 -1.1934 0.0233 0.2354 -1.1838 0.0085 0.2515
237.0 -1.235 -0.0208 0.2763 -1.1293 -0.0315 0.2979 -1.1016 0.0217 0.2462 -1.1053 0.0377 0.2295 -1.1226 0.0457 0.2195 -1.1539 0.0488 0.2132 -1.1616 0.0026 0.2598 -1.1695 0.0125 0.2488 -1.1829 0.0186 0.2412 -1.1993 0.0219 0.2362 -1.1897 0.007 0.2525
238.0 -1.2393 -0.0213 0.2765 -1.1379 -0.0327 0.2982 -1.1092 0.0194 0.2477 -1.1112 0.0362 0.2303 -1.1286 0.0449 0.2198 -1.1598 0.0474 0.2141 -1.1684 0.001 0.2606 -1.1754 0.0111 0.2497 -1.188 0.0173 0.242 -1.2044 0.0206 0.2371 -1.1951 0.0057 0.2532
239.0 -1.2477 -0.0231 0.2775 -1.142 -0.0339 0.299 -1.1135 0.0188 0.2479 -1.117 0.0342 0.2318 -1.1335 0.043 0.2212 -1.1657 0.046 0.215 -1.1743 -0.0004 0.2615 -1.1822 0.0096 0.2506 -1.1947 0.0158 0.2429 -1.2112 0.0191 0.2379 -1.202 0.0042 0.2541
240.0 -1.2538 -0.0239 0.2777 -1.1471 -0.0352 0.2998 -1.1202 0.0173 0.2488 -1.123 0.0328 0.2327 -1.1412 0.0414 0.2221 -1.1716 0.0446 0.2158 -1.1803 -0.0012 0.2617 -1.1882 0.0088 0.2508 -1.2008 0.015 0.2432 -1.2162 0.0178 0.2388 -1.2079 0.0033 0.2544
241.0 -1.2582 -0.0239 0.2772 -1.154 -0.0361 0.3001 -1.126 0.0153 0.2503 -1.1288 0.0308 0.2341 -1.147 0.0394 0.2236 -1.1767 0.0433 0.2166 -1.1861 -0.0032 0.2632 -1.1941 0.0073 0.2517 -1.2067 0.0136 0.244 -1.2232 0.0175 0.2384 -1.2137 0.0023 0.2549
242.0 -1.264 -0.0259 0.2787 -1.1589 -0.038 0.3015 -1.1327 0.0132 0.2518 -1.1355 0.0293 0.235 -1.1537 0.0378 0.2245 -1.1835 0.0418 0.2175 -1.192 -0.0046 0.2641 -1.2 0.0059 0.2525 -1.2127 0.0128 0.2443 -1.2282 0.0162 0.2392 -1.2194 0.0009 0.2558
243.0 -1.2708 -0.0268 0.279 -1.1656 -0.0401 0.303 -1.1396 0.0123 0.252 -1.1424 0.0284 0.2353 -1.1597 0.0364 0.2253 -1.1894 0.0404 0.2184 -1.1981 -0.0054 0.2643 -1.2061 0.0051 0.2527 -1.2186 0.0114 0.2451 -1.2351 0.0153 0.2395 -1.2257 -9.747e-05 0.2561
244.0 -1.2777 -0.0278 0.2792 -1.1741 -0.0419 0.304 -1.1456 0.0115 0.2523 -1.1483 0.027 0.2361 -1.1656 0.035 0.2262 -1.1945 0.0397 0.2186 -1.2048 -0.0069 0.2652 -1.2128 0.0036 0.2536 -1.2254 0.0098 0.246 -1.241 0.0138 0.2404 -1.2324 -0.0015 0.2569
245.0 -1.2822 -0.0271 0.2782 -1.181 -0.0428 0.3042 -1.1541 0.0097 0.2532 -1.1541 0.025 0.2376 -1.1715 0.0336 0.227 -1.2013 0.0381 0.2195 -1.2108 -0.0077 0.2654 -1.218 0.0029 0.2538 -1.2306 0.0097 0.2456 -1.2463 0.0137 0.2399 -1.2376 -0.0017 0.2566
246.0 -1.285 -0.0214 0.272 -1.1938 -0.0445 0.3047 -1.1584 0.0091 0.2534 -1.161 0.024 0.2379 -1.1777 0.034 0.226 -1.2084 0.0384 0.2185 -1.2192 -0.0101 0.267 -1.2272 0.0004 0.2554 -1.2391 0.008 0.2465 -1.2534 0.014 0.239 -1.2448 -0.0018 0.256
247.0 -1.2946 -0.027 0.2768 -1.2015 -0.0462 0.3056 -1.1643 0.0077 0.2542 -1.1678 0.0225 0.2388 -1.1845 0.0325 0.2269 -1.2141 0.0358 0.2206 -1.2252 -0.0109 0.2672 -1.2333 -0.0004 0.2557 -1.2451 0.0072 0.2468 -1.26 0.0119 0.2405 -1.2516 -0.0038 0.2574
248.0 -1.3013 -0.0285 0.2777 -1.2049 -0.0466 0.3058 -1.171 0.0056 0.2558 -1.1736 0.0205 0.2402 -1.191 0.0298 0.2291 -1.2191 0.0345 0.2214 -1.2321 -0.0118 0.2675 -1.2393 -0.0012 0.2559 -1.2511 0.0064 0.247 -1.266 0.0111 0.2407 -1.258 -0.0048 0.2578
249.0 -1.3067 -0.028 0.2766 -1.2118 -0.0476 0.306 -1.177 0.0048 0.256 -1.1814 0.0201 0.2399 -1.1971 0.0295 0.2287 -1.2251 0.0337 0.2216 -1.238 -0.0132 0.2683 -1.2452 -0.0026 0.2568 -1.2571 0.005 0.2478 -1.272 0.0097 0.2416 -1.2638 -0.0058 0.2582
250.0 -1.3127 -0.0288 0.2769 -1.2192 -0.0504 0.3082 -1.1827 0.0022 0.2581 -1.1854 0.0177 0.2419 -1.2021 0.0276 0.2301 -1.232 0.0328 0.2219 -1.2439 -0.0146 0.2692 -1.2512 -0.0034 0.257 -1.263 0.0035 0.2487 -1.278 0.0089 0.2418 -1.2698 -0.0069 0.2587
251.0 -1.318 -0.0289 0.2764 -1.2253 -0.0506 0.3078 -1.1885 0.0002 0.2596 -1.1903 0.0158 0.2434 -1.2071 0.0264 0.2309 -1.2379 0.0314 0.2228 -1.2492 -0.0147 0.2688 -1.2546 -0.0039 0.2571 -1.2665 0.0037 0.2482 -1.2831 0.0082 0.242 -1.2743 -0.0071 0.2585
252.0 -1.3239 -0.0303 0.2773 -1.2319 -0.0533 0.3099 -1.1953 -0.0014 0.2604 -1.1963 0.0144 0.2442 -1.2138 0.0242 0.2324 -1.2421 0.0302 0.2235 -1.256 -0.0163 0.2697 -1.2624 -0.0049 0.2574 -1.2742 0.0026 0.2485 -1.2891 0.0073 0.2422 -1.2811 -0.0083 0.259
253.0 -1.3307 -0.0319 0.2782 -1.2381 -0.053 0.3089 -1.2021 -0.0023 0.2607 -1.2031 0.0135 0.2445 -1.2191 0.0241 0.232 -1.2499 0.0291 0.2238 -1.262 -0.0171 0.2699 -1.2684 -0.0057 0.2577 -1.2803 0.0018 0.2487 -1.296 0.0064 0.2425 -1.2875 -0.0093 0.2594
254.0 -1.3395 -0.0367 0.2823 -1.2421 -0.0553 0.311 -1.208 -0.0037 0.2616 -1.21 0.0125 0.2448 -1.2267 0.0225 0.2329 -1.2558 0.0277 0.2247 -1.2689 -0.018 0.2702 -1.2752 -0.0073 0.2585 -1.287 0.0003 0.2496 -1.3027 0.0043 0.244 -1.2946 -0.0115 0.2609
255.0 -1.3443 -0.0343 0.2793 -1.2498 -0.0564 0.3113 -1.2141 -0.0045 0.2618 -1.217 0.0122 0.2444 -1.2327 0.0217 0.2332 -1.261 0.0276 0.2243 -1.2748 -0.0194 0.271 -1.282 -0.0082 0.2588 -1.2939 -0.0006 0.2499 -1.3089 0.0047 0.243 -1.3008 -0.0116 0.2604
256.0 -1.3502 -0.0357 0.2802 -1.2557 -0.0578 0.3121 -1.2219 -0.005 0.2615 -1.2228 0.0102 0.2459 -1.2386 0.0203 0.234 -1.2679 0.0267 0.2245 -1.2809 -0.0196 0.2706 -1.288 -0.009 0.259 -1.2991 -0.0013 0.2501 -1.3148 0.0033 0.2438 -1.3066 -0.0125 0.2608
257.0 -1.3561 -0.0371 0.281 -1.2601 -0.0578 0.3117 -1.2278 -0.0064 0.2623 -1.2289 0.01 0.2455 -1.2456 0.0199 0.2337 -1.2748 0.0258 0.2248 -1.2861 -0.0203 0.2708 -1.2924 -0.009 0.2586 -1.3042 -0.002 0.2503 -1.3201 0.0032 0.2434 -1.3118 -0.0131 0.2608
258.0 -1.3639 -0.0382 0.2813 -1.2679 -0.0588 0.312 -1.2348 -0.0067 0.262 -1.2376 0.0094 0.2452 -1.2524 0.0184 0.2346 -1.2791 0.0252 0.225 -1.2929 -0.0213 0.2711 -1.2993 -0.0099 0.2589 -1.3112 -0.0023 0.2499 -1.327 0.0022 0.2437 -1.3189 -0.0139 0.261
259.0 -1.3692 -0.0377 0.2803 -1.2743 -0.0572 0.3097 -1.2417 -0.0076 0.2622 -1.2434 0.0074 0.2467 -1.2568 0.0184 0.2341 -1.2869 0.0247 0.2246 -1.2989 -0.0221 0.2713 -1.3053 -0.0107 0.2591 -1.3163 -0.0036 0.2508 -1.3321 0.0015 0.2439 -1.3244 -0.0145 0.2611
260.0 -1.3869 -0.0425 0.2835 -1.2881 -0.0591 0.3103 -1.2573 -0.0085 0.2616 -1.259 0.0059 0.2467 -1.2741 0.0167 0.2341 -1.3034 0.0231 0.2247 -1.3154 -0.0237 0.2713 -1.3218 -0.0123 0.2591 -1.3335 -0.0054 0.2508 -1.3503 -0.0003 0.244 -1.3416 -0.0168 0.2617
261.0 -1.3901 -0.0393 0.2799 -1.2965 -0.0608 0.3112 -1.2615 -0.0097 0.2624 -1.2642 0.0058 0.2463 -1.2793 0.0166 0.2337 -1.3086 0.023 0.2242 -1.3198 -0.0237 0.2709 -1.327 -0.0124 0.2587 -1.3388 -0.0055 0.2504 -1.3547 -0.0003 0.2435 -1.3461 -0.0162 0.2607
262.0 -1.3943 -0.0404 0.2806 -1.301 -0.0608 0.3108 -1.2667 -0.0104 0.2626 -1.2703 0.005 0.2465 -1.2843 0.0147 0.2352 -1.3137 0.0217 0.2251 -1.3249 -0.0244 0.2711 -1.3313 -0.013 0.2588 -1.3432 -0.0054 0.2499 -1.359 -0.0009 0.2437 -1.3505 -0.0168 0.2608
263.0 -1.4105 -0.0432 0.2819 -1.3148 -0.0621 0.3107 -1.2845 -0.014 0.2645 -1.2856 0.0023 0.2477 -1.3007 0.0131 0.2352 -1.3273 0.0193 0.2262 -1.3405 -0.0259 0.2711 -1.3469 -0.0145 0.2588 -1.3588 -0.0069 0.2499 -1.3754 -0.0025 0.2437 -1.3664 -0.0186 0.2611
264.0 -1.4175 -0.0436 0.2815 -1.3183 -0.062 0.3102 -1.2899 -0.0135 0.2635 -1.2908 0.0016 0.2479 -1.305 0.0125 0.2353 -1.3335 0.0197 0.2252 -1.3458 -0.026 0.2706 -1.3522 -0.0146 0.2584 -1.3631 -0.0075 0.2501 -1.3798 -0.0024 0.2432 -1.3717 -0.0188 0.2608
265.0 -1.4219 -0.0436 0.2811 -1.3252 -0.0629 0.3104 -1.2957 -0.0155 0.265 -1.2976 0.0001 0.2488 -1.3101 0.0112 0.2362 -1.3386 0.0184 0.226 -1.351 -0.0261 0.2702 -1.3565 -0.0152 0.2586 -1.3682 -0.0082 0.2503 -1.3841 -0.003 0.2434 -1.3763 -0.0192 0.2607
266.0 -1.4261 -0.0447 0.2819 -1.3295 -0.0635 0.3106 -1.2999 -0.0167 0.2657 -1.3017 -0.0011 0.2496 -1.3142 0.0095 0.2376 -1.3419 0.0173 0.2268 -1.3553 -0.0266 0.2704 -1.3608 -0.0158 0.2587 -1.3725 -0.0088 0.2504 -1.3884 -0.0036 0.2436 -1.3806 -0.0199 0.261
267.0 -1.4289 -0.0433 0.2801 -1.3331 -0.0633 0.3101 -1.3049 -0.018 0.2666 -1.3052 -0.0015 0.2497 -1.3184 0.0089 0.2377 -1.3453 0.0163 0.2275 -1.3595 -0.0278 0.2712 -1.3659 -0.0165 0.2589 -1.3769 -0.0088 0.25 -1.3927 -0.0042 0.2437 -1.3848 -0.0201 0.2608
268.0 -1.4366 -0.0449 0.281 -1.3382 -0.064 0.3103 -1.3092 -0.0186 0.2667 -1.3102 -0.0028 0.2505 -1.3226 0.0077 0.2385 -1.3505 0.0162 0.2271 -1.3655 -0.0286 0.2714 -1.371 -0.0177 0.2598 -1.382 -0.0101 0.2508 -1.3978 -0.0049 0.2439 -1.3906 -0.0212 0.2614
269.0 -1.437 -0.0425 0.2786 -1.344 -0.066 0.3118 -1.3125 -0.0202 0.2681 -1.3126 -0.0044 0.2519 -1.3251 0.0068 0.2392 -1.3537 0.0145 0.2285 -1.3689 -0.0297 0.2722 -1.3753 -0.0183 0.2599 -1.3863 -0.0107 0.251 -1.4013 -0.0053 0.2441 -1.3937 -0.0213 0.2611
270.0 -1.4401 -0.0448 0.2805 -1.3474 -0.0671 0.3125 -1.3174 -0.0221 0.2695 -1.3177 -0.0057 0.2527 -1.3302 0.0055 0.2401 -1.3579 0.0133 0.2293 -1.3738 -0.0316 0.2736 -1.3793 -0.0201 0.2613 -1.3904 -0.0124 0.2524 -1.4054 -0.0071 0.2455 -1.3978 -0.0232 0.2627
271.0 -1.4475 -0.0476 0.2827 -1.3517 -0.0677 0.3127 -1.3216 -0.0233 0.2703 -1.3208 -0.0079 0.2547 -1.3334 0.0038 0.2414 -1.3618 0.0104 0.2319 -1.3771 -0.0326 0.2744 -1.3827 -0.0212 0.2621 -1.3937 -0.0135 0.2531 -1.4086 -0.0088 0.2469 -1.4019 -0.0247 0.2638
272.0 -1.4478 -0.0458 0.2808 -1.3575 -0.0697 0.3142 -1.3257 -0.0251 0.2717 -1.3256 -0.0104 0.2567 -1.3373 0.0008 0.2441 -1.3653 0.0099 0.2321 -1.3806 -0.0331 0.2745 -1.386 -0.0222 0.2628 -1.3971 -0.014 0.2533 -1.4121 -0.0086 0.2464 -1.4047 -0.0248 0.2636
273.0 -1.4521 -0.0464 0.281 -1.3608 -0.0707 0.3149 -1.3299 -0.0262 0.2725 -1.3307 -0.0117 0.2576 -1.3421 -0.0016 0.2461 -1.3692 0.0075 0.2341 -1.3847 -0.0349 0.2759 -1.3902 -0.0234 0.2636 -1.4005 -0.015 0.254 -1.4157 -0.0085 0.2459 -1.4086 -0.0256 0.2641
274.0 -1.4514 -0.0408 0.2754 -1.3694 -0.0719 0.3153 -1.3349 -0.0275 0.2733 -1.3347 -0.0141 0.2596 -1.3456 -0.0021 0.2463 -1.3726 0.0065 0.2348 -1.3881 -0.0353 0.276 -1.3928 -0.0237 0.2637 -1.4032 -0.0148 0.2535 -1.4184 -0.0083 0.2454 -1.4108 -0.0246 0.2628
275.0 -1.4512 -0.0365 0.271 -1.3803 -0.0697 0.312 -1.3399 -0.0294 0.2748 -1.3397 -0.0154 0.2604 -1.3506 -0.0034 0.2471 -1.3758 0.0048 0.2362 -1.3924 -0.0359 0.2762 -1.3971 -0.0243 0.2639 -1.4075 -0.0153 0.2537 -1.4209 -0.0086 0.2455 -1.4138 -0.0241 0.262
276.0 -1.4742 -0.0512 0.2837 -1.3781 -0.0725 0.315 -1.3501 -0.0314 0.2758 -1.353 -0.0196 0.2634 -1.3644 -0.0101 0.2526 -1.3896 -0.0019 0.2417 -1.4026 -0.0379 0.2772 -1.408 -0.027 0.2656 -1.4191 -0.0194 0.2566 -1.435 -0.0136 0.2491 -1.4278 -0.0298 0.2665
277.0 -1.4791 -0.0531 0.2852 -1.3861 -0.0717 0.3134 -1.3611 -0.0341 0.2775 -1.364 -0.0223 0.2651 -1.3754 -0.0122 0.2537 -1.4002 -0.0064 0.2453 -1.4094 -0.0394 0.2781 -1.4147 -0.0291 0.2671 -1.4257 -0.0215 0.2581 -1.4427 -0.0152 0.25 -1.4343 -0.0317 0.2677
278.0 -1.4842 -0.0544 0.286 -1.3891 -0.0697 0.311 -1.3646 -0.034 0.277 -1.3684 -0.0223 0.2647 -1.3804 -0.0141 0.2551 -1.406 -0.0084 0.2468 -1.412 -0.0398 0.2782 -1.4181 -0.0296 0.2672 -1.43 -0.0221 0.2583 -1.4469 -0.0164 0.2508 -1.4382 -0.0324 0.2681
279.0 -1.4852 -0.0533 0.2848 -1.3919 -0.0688 0.3099 -1.3698 -0.0347 0.2772 -1.3742 -0.0243 0.2661 -1.3871 -0.0163 0.2566 -1.4109 -0.0109 0.2488 -1.4155 -0.0396 0.2777 -1.4207 -0.03 0.2673 -1.4326 -0.0224 0.2584 -1.4486 -0.0166 0.2509 -1.4405 -0.0324 0.2678
280.0 -1.493 -0.0544 0.2851 -1.3938 -0.0679 0.3087 -1.374 -0.0353 0.2774 -1.3799 -0.0269 0.2682 -1.3918 -0.0193 0.2593 -1.4131 -0.0131 0.2508 -1.4188 -0.0407 0.2785 -1.4241 -0.031 0.2681 -1.4351 -0.0233 0.2591 -1.4519 -0.0177 0.2517 -1.4446 -0.0334 0.2685
281.0 -1.4965 -0.0542 0.2846 -1.3958 -0.0669 0.3076 -1.379 -0.0372 0.2788 -1.3856 -0.0295 0.2703 -1.3968 -0.0206 0.2601 -1.4181 -0.0149 0.2522 -1.4198 -0.0402 0.2779 -1.4249 -0.0311 0.2681 -1.4359 -0.0235 0.2592 -1.4519 -0.0177 0.2517 -1.4458 -0.0333 0.2683
282.0 -1.4976 -0.0532 0.2834 -1.3986 -0.0661 0.3064 -1.3823 -0.0382 0.2796 -1.3914 -0.0315 0.2718 -1.405 -0.0242 0.2629 -1.4253 -0.019 0.2556 -1.4235 -0.0395 0.2768 -1.4293 -0.0311 0.2676 -1.4402 -0.024 0.2593 -1.4554 -0.0175 0.2512 -1.4492 -0.0331 0.2677
283.0 -1.4984 -0.0533 0.2834 -1.4021 -0.0659 0.3059 -1.3865 -0.0394 0.2803 -1.3969 -0.0353 0.2751 -1.409 -0.0265 0.265 -1.428 -0.0187 0.2551 -1.4261 -0.0392 0.2763 -1.432 -0.0309 0.2671 -1.4438 -0.0239 0.2588 -1.458 -0.0179 0.2513 -1.4517 -0.033 0.2674
