1.0 -1.2937 -0.0018 0.2511 -1.2095 -0.0308 0.2891 -1.1515 0.0052 0.2581 -1.1475 0.0222 0.2411 -1.1607 0.0326 0.2291 -1.1883 0.0393 0.2196 -1.2158 -0.0047 0.2619 -1.2171 0.0079 0.2488 -1.224 0.0174 0.2384 -1.237 0.026 0.2283 -1.2375 0.0089 0.2457
2.0 -1.2955 -0.0015 0.2506 -1.2104 -0.0303 0.2885 -1.1497 0.0048 0.2587 -1.1466 0.0223 0.2411 -1.1606 0.032 0.2297 -1.1883 0.0393 0.2196 -1.2157 -0.0053 0.2625 -1.2178 0.0066 0.2501 -1.2248 0.0166 0.2391 -1.2376 0.0247 0.2296 -1.2383 0.0082 0.2464
3.0 -1.2946 -0.0019 0.2512 -1.2093 -0.0314 0.2897 -1.1512 0.0034 0.26 -1.1465 0.0217 0.2417 -1.1606 0.032 0.2297 -1.1865 0.0389 0.2201 -1.2147 -0.0058 0.2631 -1.216 0.0068 0.25 -1.2239 0.0168 0.2391 -1.2368 0.0248 0.2296 -1.2372 0.0081 0.2466
4.0 -1.2936 -0.0024 0.2518 -1.2101 -0.0321 0.2904 -1.1511 0.0028 0.2606 -1.1454 0.0206 0.2429 -1.1596 0.0309 0.231 -1.1864 0.0383 0.2208 -1.2147 -0.0058 0.2631 -1.2159 0.0062 0.2506 -1.2238 0.0162 0.2397 -1.2359 0.0249 0.2295 -1.2368 0.0078 0.2469
5.0 -1.2957 -0.0003 0.2493 -1.2119 -0.0317 0.2898 -1.153 0.0037 0.2594 -1.1481 0.0209 0.2424 -1.1614 0.0313 0.2304 -1.1883 0.0393 0.2196 -1.2176 -0.0044 0.2613 -1.2188 0.0077 0.2489 -1.2259 0.0177 0.2379 -1.2379 0.0259 0.2284 -1.2392 0.0093 0.2452
6.0 -1.2956 0.004 0.245 -1.2139 -0.0253 0.283 -1.1541 0.0097 0.2532 -1.1502 0.0279 0.235 -1.1625 0.0379 0.2236 -1.1895 0.0458 0.2128 -1.2183 -0.0002 0.257 -1.2197 0.0124 0.2439 -1.2276 0.0224 0.233 -1.2405 0.031 0.2229 -1.2403 0.0139 0.2403
7.0 -1.2955 0.0034 0.2456 -1.2122 -0.025 0.283 -1.1549 0.0096 0.2533 -1.1502 0.0279 0.235 -1.1624 0.0373 0.2242 -1.1893 0.0452 0.2134 -1.2183 -0.0002 0.257 -1.2197 0.0124 0.2439 -1.2276 0.0224 0.233 -1.2397 0.0311 0.2228 -1.2401 0.0138 0.2404
8.0 -1.2973 0.0038 0.245 -1.2131 -0.0251 0.283 -1.1559 0.0101 0.2527 -1.1502 0.0279 0.235 -1.1625 0.0379 0.2236 -1.1911 0.045 0.2134 -1.2193 0.0003 0.2564 -1.2206 0.0129 0.2433 -1.2276 0.0224 0.233 -1.2404 0.0304 0.2235 -1.241 0.014 0.2402
9.0 -1.2982 0.0037 0.2451 -1.2131 -0.0251 0.283 -1.155 0.0102 0.2526 -1.1503 0.0285 0.2343 -1.1635 0.0384 0.223 -1.1912 0.0456 0.2128 -1.2194 0.0009 0.2558 -1.2198 0.013 0.2433 -1.2276 0.0224 0.233 -1.2404 0.0304 0.2235 -1.2411 0.0141 0.2401
10.0 -1.2982 0.0037 0.2451 -1.214 -0.0247 0.2824 -1.1559 0.0101 0.2527 -1.1503 0.0285 0.2343 -1.1635 0.0384 0.223 -1.1911 0.045 0.2134 -1.2203 0.0008 0.2558 -1.2215 0.0128 0.2433 -1.2284 0.0223 0.233 -1.2404 0.0304 0.2235 -1.2418 0.014 0.2401
11.0 -1.2983 0.0043 0.2444 -1.2139 -0.0253 0.283 -1.156 0.0107 0.2521 -1.1503 0.0285 0.2343 -1.1645 0.0388 0.2224 -1.1913 0.0462 0.2122 -1.2203 0.0008 0.2558 -1.2215 0.0128 0.2433 -1.2285 0.0229 0.2324 -1.2415 0.0315 0.2223 -1.242 0.0144 0.2396
12.0 -1.2991 0.0042 0.2445 -1.2149 -0.0248 0.2824 -1.156 0.0107 0.2521 -1.1513 0.029 0.2338 -1.1645 0.0388 0.2224 -1.192 0.0455 0.2129 -1.2203 0.0008 0.2558 -1.2206 0.0129 0.2433 -1.2285 0.0229 0.2324 -1.2414 0.0309 0.2229 -1.242 0.0143 0.2398
13.0 -1.2991 0.0042 0.2445 -1.2149 -0.0248 0.2824 -1.1569 0.0105 0.2521 -1.1522 0.0289 0.2338 -1.1652 0.0381 0.2231 -1.193 0.046 0.2123 -1.2204 0.0014 0.2552 -1.2225 0.0133 0.2428 -1.2294 0.0227 0.2324 -1.2422 0.0308 0.2229 -1.2427 0.0145 0.2395
14.0 -1.301 0.0045 0.2439 -1.2149 -0.0248 0.2824 -1.1577 0.0104 0.2521 -1.1513 0.029 0.2338 -1.1652 0.0381 0.2231 -1.192 0.0455 0.2129 -1.2221 0.0011 0.2552 -1.2223 0.0127 0.2434 -1.2294 0.0227 0.2324 -1.2414 0.0309 0.2229 -1.2432 0.0144 0.2396
15.0 -1.3 0.004 0.2445 -1.2157 -0.0255 0.2831 -1.1586 0.0103 0.2522 -1.1521 0.0283 0.2344 -1.1661 0.038 0.2231 -1.1928 0.0448 0.2135 -1.2211 0.0006 0.2558 -1.2223 0.0127 0.2434 -1.2294 0.0227 0.2324 -1.2414 0.0309 0.2229 -1.2428 0.0142 0.2398
16.0 -1.2999 0.0035 0.2451 -1.2164 -0.0262 0.2837 -1.1585 0.0097 0.2528 -1.1519 0.0271 0.2357 -1.166 0.0374 0.2237 -1.1928 0.0448 0.2135 -1.2227 -0.0002 0.2565 -1.2231 0.012 0.244 -1.2301 0.022 0.2331 -1.243 0.0301 0.2236 -1.2438 0.0135 0.2405
17.0 -1.3007 0.0027 0.2458 -1.2163 -0.0268 0.2844 -1.1584 0.0091 0.2534 -1.1527 0.027 0.2357 -1.166 0.0374 0.2237 -1.1927 0.0442 0.2141 -1.2227 -0.0002 0.2565 -1.2231 0.012 0.244 -1.231 0.0219 0.2331 -1.2438 0.03 0.2236 -1.2443 0.0133 0.2406
18.0 -1.298 0.0025 0.2463 -1.2156 -0.0261 0.2837 -1.1582 0.0079 0.2546 -1.1543 0.0262 0.2364 -1.1675 0.036 0.225 -1.1953 0.0438 0.2142 -1.2218 -0.0007 0.2571 -1.223 0.0114 0.2447 -1.2309 0.0213 0.2337 -1.2437 0.0294 0.2242 -1.2435 0.0128 0.2412
19.0 -1.2971 0.0026 0.2463 -1.2163 -0.0268 0.2844 -1.1581 0.0073 0.2553 -1.1542 0.0256 0.237 -1.1674 0.0354 0.2256 -1.1952 0.0432 0.2148 -1.2217 -0.0013 0.2577 -1.2229 0.0108 0.2453 -1.2308 0.0207 0.2343 -1.2428 0.0289 0.2248 -1.243 0.0123 0.2417
20.0 -1.2987 0.0018 0.247 -1.2171 -0.0275 0.285 -1.1572 0.0074 0.2552 -1.1532 0.0245 0.2382 -1.1674 0.0354 0.2256 -1.1942 0.0428 0.2154 -1.2224 -0.002 0.2584 -1.2228 0.0102 0.2459 -1.2307 0.0201 0.235 -1.2435 0.0282 0.2255 -1.2436 0.0117 0.2423
21.0 -1.2996 0.0017 0.247 -1.2171 -0.0275 0.285 -1.1581 0.0073 0.2553 -1.1532 0.0245 0.2382 -1.1664 0.0349 0.2262 -1.1932 0.0423 0.216 -1.2224 -0.002 0.2584 -1.2236 0.0101 0.2459 -1.2307 0.0201 0.235 -1.2435 0.0282 0.2255 -1.244 0.0116 0.2423
22.0 -1.3003 0.0009 0.2477 -1.217 -0.0281 0.2856 -1.1581 0.0073 0.2553 -1.1532 0.0245 0.2382 -1.1672 0.0342 0.2269 -1.1932 0.0423 0.216 -1.2224 -0.002 0.2584 -1.2236 0.0101 0.2459 -1.2306 0.0195 0.2356 -1.2426 0.0277 0.2261 -1.2439 0.0113 0.2427
23.0 -1.3004 0.0015 0.247 -1.2161 -0.028 0.2856 -1.1581 0.0073 0.2553 -1.1532 0.0245 0.2382 -1.1664 0.0349 0.2262 -1.1933 0.0429 0.2154 -1.2224 -0.002 0.2584 -1.2236 0.0101 0.2459 -1.2307 0.0201 0.235 -1.2427 0.0283 0.2254 -1.244 0.0116 0.2423
24.0 -1.3004 0.0015 0.247 -1.2171 -0.0275 0.285 -1.1572 0.0074 0.2552 -1.1533 0.0251 0.2376 -1.1674 0.0354 0.2256 -1.1934 0.0435 0.2148 -1.2224 -0.002 0.2584 -1.2236 0.0101 0.2459 -1.2307 0.0201 0.235 -1.2435 0.0282 0.2255 -1.2441 0.0116 0.2424
25.0 -1.2996 0.0017 0.247 -1.2171 -0.0275 0.285 -1.1581 0.0073 0.2553 -1.1533 0.0251 0.2376 -1.1665 0.0355 0.2256 -1.1943 0.0434 0.2148 -1.2224 -0.002 0.2584 -1.2238 0.0107 0.2453 -1.2307 0.0201 0.235 -1.2435 0.0282 0.2255 -1.244 0.0117 0.2422
26.0 -1.2987 0.0018 0.247 -1.2172 -0.0269 0.2844 -1.1582 0.0079 0.2546 -1.1542 0.0256 0.237 -1.1682 0.0353 0.2257 -1.195 0.0426 0.2155 -1.2216 -0.0019 0.2583 -1.2229 0.0108 0.2453 -1.2307 0.0201 0.235 -1.2428 0.0289 0.2248 -1.2433 0.0119 0.2421
27.0 -1.2996 0.0017 0.247 -1.2171 -0.0275 0.285 -1.1573 0.008 0.2546 -1.1525 0.0258 0.2369 -1.1666 0.0361 0.225 -1.1943 0.0434 0.2148 -1.2224 -0.002 0.2584 -1.2238 0.0107 0.2453 -1.2307 0.0201 0.235 -1.2436 0.0288 0.2248 -1.244 0.0118 0.2421
28.0 -1.2986 0.0012 0.2476 -1.2151 -0.0285 0.2862 -1.1571 0.0068 0.2558 -1.1514 0.0247 0.2381 -1.1646 0.0345 0.2268 -1.1932 0.0423 0.216 -1.2207 -0.0017 0.2583 -1.2219 0.0103 0.2459 -1.2289 0.0198 0.2355 -1.2417 0.0278 0.226 -1.2424 0.0115 0.2427
29.0 -1.2996 0.0017 0.247 -1.216 -0.0286 0.2862 -1.1562 0.007 0.2558 -1.1513 0.0241 0.2388 -1.1655 0.0344 0.2268 -1.1931 0.0417 0.2166 -1.2206 -0.0023 0.2589 -1.2218 0.0097 0.2465 -1.2289 0.0198 0.2355 -1.2418 0.0284 0.2254 -1.2425 0.0114 0.2427
30.0 -1.2978 0.0013 0.2476 -1.2161 -0.028 0.2856 -1.1562 0.007 0.2558 -1.1523 0.0246 0.2382 -1.1646 0.0345 0.2268 -1.1923 0.0418 0.2166 -1.2215 -0.0025 0.259 -1.2218 0.0097 0.2465 -1.2296 0.019 0.2362 -1.2417 0.0278 0.226 -1.2425 0.0111 0.243
31.0 -1.2986 0.0012 0.2476 -1.216 -0.0286 0.2862 -1.1562 0.007 0.2558 -1.1522 0.024 0.2388 -1.1654 0.0338 0.2274 -1.1931 0.0417 0.2166 -1.2215 -0.0025 0.259 -1.2218 0.0097 0.2465 -1.2297 0.0196 0.2355 -1.2417 0.0278 0.226 -1.2427 0.0112 0.2429
32.0 -1.3003 0.0009 0.2477 -1.216 -0.0286 0.2862 -1.1571 0.0068 0.2558 -1.1521 0.0234 0.2394 -1.1655 0.0344 0.2268 -1.1923 0.0418 0.2166 -1.2215 -0.0025 0.259 -1.2227 0.0096 0.2465 -1.2296 0.019 0.2362 -1.2425 0.0271 0.2267 -1.2433 0.0108 0.2432
33.0 -1.2987 0.0018 0.247 -1.216 -0.0286 0.2862 -1.1571 0.0068 0.2558 -1.1522 0.024 0.2388 -1.1655 0.0344 0.2268 -1.1932 0.0423 0.216 -1.2206 -0.0023 0.2589 -1.2218 0.0097 0.2465 -1.2288 0.0192 0.2361 -1.2409 0.0279 0.226 -1.2422 0.0112 0.2429
34.0 -1.3004 0.0015 0.247 -1.2152 -0.0279 0.2856 -1.1562 0.007 0.2558 -1.1513 0.0241 0.2388 -1.1646 0.0345 0.2268 -1.1915 0.0425 0.216 -1.2215 -0.0025 0.259 -1.2227 0.0096 0.2465 -1.2297 0.0196 0.2355 -1.2426 0.0277 0.2261 -1.2434 0.0112 0.2428
35.0 -1.2979 0.0019 0.2469 -1.2152 -0.0279 0.2856 -1.1572 0.0074 0.2552 -1.1514 0.0247 0.2381 -1.1647 0.0351 0.2262 -1.1932 0.0423 0.216 -1.2207 -0.0017 0.2583 -1.2211 0.0104 0.2458 -1.2281 0.0205 0.2349 -1.241 0.0285 0.2254 -1.2417 0.0119 0.2423
36.0 -1.2961 0.0021 0.2469 -1.2146 -0.0266 0.2843 -1.1565 0.0082 0.2546 -1.1515 0.0253 0.2375 -1.1639 0.0359 0.2255 -1.1925 0.043 0.2154 -1.2198 -0.0016 0.2583 -1.2211 0.0104 0.2458 -1.2281 0.0205 0.2349 -1.241 0.0285 0.2254 -1.2412 0.012 0.2422
37.0 -1.2944 0.0024 0.2468 -1.2131 -0.0251 0.283 -1.1546 0.0078 0.2551 -1.1507 0.0254 0.2375 -1.1658 0.0362 0.225 -1.1926 0.0436 0.2147 -1.2182 -0.0008 0.2576 -1.2195 0.0113 0.2451 -1.2274 0.0212 0.2342 -1.2403 0.0298 0.2241 -1.24 0.0128 0.2416
38.0 -1.2944 0.0024 0.2468 -1.213 -0.0257 0.2836 -1.1532 0.0098 0.2532 -1.1493 0.0274 0.2356 -1.1642 0.037 0.2243 -1.191 0.0444 0.2141 -1.2175 -8.106e-05 0.2569 -1.2187 0.012 0.2445 -1.2265 0.0213 0.2342 -1.2394 0.0299 0.2241 -1.2393 0.0131 0.2413
39.0 -1.2944 0.0024 0.2468 -1.2122 -0.025 0.283 -1.1533 0.0104 0.2526 -1.1476 0.0277 0.2355 -1.1608 0.0381 0.2235 -1.1886 0.046 0.2127 -1.2176 0.0005 0.2563 -1.2188 0.0126 0.2439 -1.2267 0.0225 0.2329 -1.2395 0.0305 0.2234 -1.2394 0.0137 0.2407
40.0 -1.2921 0.0039 0.2455 -1.2072 -0.0237 0.2821 -1.1517 0.0112 0.2519 -1.1469 0.029 0.2342 -1.1609 0.0387 0.2229 -1.1886 0.046 0.2127 -1.215 0.0009 0.2562 -1.2162 0.0129 0.2438 -1.2241 0.0228 0.2328 -1.237 0.0309 0.2233 -1.2369 0.0143 0.2403
41.0 -1.2929 0.0038 0.2455 -1.2082 -0.0227 0.2809 -1.1502 0.0127 0.2506 -1.1445 0.0305 0.2329 -1.1595 0.0407 0.221 -1.1862 0.0475 0.2114 -1.2151 0.0015 0.2556 -1.2163 0.0135 0.2431 -1.2234 0.0236 0.2322 -1.2361 0.031 0.2233 -1.2368 0.0147 0.2399
42.0 -1.2911 0.0034 0.246 -1.2068 -0.0206 0.279 -1.1485 0.0129 0.2505 -1.143 0.032 0.2316 -1.1597 0.0419 0.2197 -1.1862 0.0475 0.2114 -1.2125 0.0018 0.2555 -1.2146 0.0137 0.2431 -1.2217 0.0238 0.2321 -1.2345 0.0318 0.2226 -1.2349 0.0149 0.2399
43.0 -1.2897 0.0054 0.2441 -1.2043 -0.0203 0.2789 -1.1469 0.0137 0.2498 -1.1413 0.0322 0.2315 -1.157 0.0417 0.2202 -1.1845 0.0477 0.2113 -1.2109 0.0026 0.2548 -1.2121 0.0147 0.2424 -1.22 0.0246 0.2314 -1.2319 0.0322 0.2225 -1.2329 0.0159 0.239
44.0 -1.2862 0.0053 0.2446 -1.1994 -0.0178 0.2768 -1.1444 0.0147 0.2491 -1.1399 0.0342 0.2296 -1.1555 0.0431 0.2189 -1.1812 0.0488 0.2106 -1.2092 0.0029 0.2547 -1.2114 0.0154 0.2417 -1.2183 0.0248 0.2314 -1.2311 0.0323 0.2225 -1.2312 0.0161 0.239
45.0 -1.2819 0.0059 0.2444 -1.1952 -0.0166 0.2761 -1.1395 0.0166 0.2477 -1.1348 0.0349 0.2294 -1.1513 0.0443 0.2181 -1.1787 0.0497 0.2098 -1.2042 0.0048 0.2533 -1.2063 0.0167 0.2409 -1.2141 0.026 0.2306 -1.2269 0.0335 0.2217 -1.2267 0.0174 0.2382
46.0 -1.2778 0.0077 0.243 -1.1908 -0.0166 0.2765 -1.136 0.017 0.2475 -1.1321 0.0347 0.2299 -1.1479 0.0447 0.218 -1.1744 0.0503 0.2097 -1.2016 0.0045 0.2538 -1.2029 0.0172 0.2408 -1.2108 0.0271 0.2298 -1.2235 0.0345 0.2209 -1.2233 0.0182 0.2377
47.0 -1.2742 0.0075 0.2435 -1.1876 -0.015 0.2751 -1.1318 0.0182 0.2467 -1.1286 0.0351 0.2298 -1.1443 0.044 0.2191 -1.1717 0.0501 0.2102 -1.1974 0.0057 0.253 -1.1995 0.0176 0.2406 -1.2074 0.0275 0.2297 -1.2201 0.035 0.2208 -1.2197 0.0187 0.2375
48.0 -1.2708 0.008 0.2434 -1.1805 -0.0152 0.2761 -1.1268 0.0195 0.2459 -1.1236 0.0364 0.2289 -1.1402 0.0458 0.2177 -1.1684 0.0511 0.2094 -1.193 0.0057 0.2535 -1.196 0.0181 0.2405 -1.2037 0.0268 0.2308 -1.2165 0.0343 0.2219 -1.216 0.0186 0.238
49.0 -1.2253 0.0093 0.2466 -1.1302 -0.0109 0.2767 -1.0828 0.0193 0.2505 -1.0815 0.0372 0.2323 -1.0971 0.0461 0.2217 -1.1261 0.0507 0.214 -1.1506 0.0047 0.2587 -1.1528 0.0172 0.2457 -1.1607 0.0271 0.2347 -1.1726 0.0353 0.2252 -1.1724 0.0187 0.2422
50.0 -1.2172 0.0085 0.2482 -1.1195 -0.0119 0.2787 -1.0741 0.0199 0.2507 -1.071 0.0374 0.2331 -1.0857 0.0464 0.2225 -1.1156 0.0509 0.2149 -1.1418 0.0046 0.2596 -1.144 0.0172 0.2466 -1.151 0.0272 0.2356 -1.1621 0.0355 0.2261 -1.1632 0.0186 0.2432
51.0 -1.2094 0.009 0.2485 -1.1073 -0.0115 0.2795 -1.0645 0.0206 0.251 -1.062 0.0362 0.2353 -1.0778 0.0463 0.2234 -1.1069 0.0515 0.2152 -1.133 0.0046 0.2605 -1.1352 0.0171 0.2475 -1.1432 0.0277 0.2359 -1.1533 0.0355 0.227 -1.1548 0.0188 0.2439
52.0 -1.1995 0.0078 0.2506 -1.0977 -0.0108 0.2798 -1.0555 0.0193 0.2532 -1.0551 0.0371 0.235 -1.0716 0.0459 0.2244 -1.1004 0.0499 0.2174 -1.1232 0.0041 0.262 -1.1262 0.0165 0.249 -1.1341 0.0264 0.2381 -1.1461 0.0346 0.2286 -1.1458 0.0179 0.2457
53.0 -1.1927 0.0094 0.2497 -1.0883 -0.0095 0.2794 -1.0479 0.021 0.2522 -1.048 0.0368 0.236 -1.0654 0.0455 0.2254 -1.0934 0.0497 0.2184 -1.1145 0.0047 0.2623 -1.1176 0.0171 0.2493 -1.1263 0.0269 0.2384 -1.1374 0.0352 0.2288 -1.1377 0.0186 0.2457
54.0 -1.183 0.0089 0.2512 -1.0804 -0.0091 0.2797 -1.0408 0.0207 0.2532 -1.0404 0.0385 0.2351 -1.0576 0.0465 0.2251 -1.0872 0.0499 0.2188 -1.1066 0.0045 0.2632 -1.1096 0.0169 0.2503 -1.1184 0.0267 0.2394 -1.1311 0.0342 0.2305 -1.1297 0.0182 0.2469
55.0 -1.1742 0.0088 0.2521 -1.0718 -0.0079 0.2794 -1.0329 0.0212 0.2535 -1.0343 0.0387 0.2355 -1.0514 0.0462 0.2261 -1.0803 0.0502 0.2191 -1.0987 0.005 0.2636 -1.1026 0.0173 0.2506 -1.1114 0.0271 0.2397 -1.1241 0.0345 0.2308 -1.1222 0.0185 0.2474
56.0 -1.1671 0.0086 0.2531 -1.0646 -0.0088 0.281 -1.0268 0.0214 0.2539 -1.0265 0.0397 0.2352 -1.0436 0.0466 0.2265 -1.0739 0.0492 0.2208 -1.0908 0.0048 0.2645 -1.0947 0.0171 0.2515 -1.1043 0.0268 0.2407 -1.117 0.0342 0.2318 -1.1148 0.0183 0.2483
57.0 -1.1556 0.0083 0.2545 -1.0561 -0.007 0.28 -1.019 0.0218 0.2542 -1.0219 0.0385 0.2369 -1.0373 0.0462 0.2275 -1.0687 0.0493 0.2212 -1.0829 0.0053 0.2648 -1.0876 0.0168 0.2525 -1.0963 0.0261 0.2422 -1.109 0.0335 0.2334 -1.1063 0.018 0.2495
58.0 -1.1468 0.0082 0.2554 -1.0433 -0.0053 0.2795 -1.0095 0.0231 0.2539 -1.0139 0.0378 0.2384 -1.0301 0.0454 0.2291 -1.0616 0.0491 0.2222 -1.0741 0.0052 0.2657 -1.0797 0.0167 0.2535 -1.0892 0.0258 0.2432 -1.102 0.0338 0.2337 -1.0984 0.018 0.2503
59.0 -1.1415 0.0083 0.2559 -1.034 -0.0028 0.2779 -1.0028 0.0246 0.253 -1.0086 0.0379 0.2388 -1.0266 0.0452 0.2295 -1.0555 0.0493 0.2225 -1.068 0.0054 0.2661 -1.0735 0.0169 0.2539 -1.0832 0.0266 0.243 -1.0968 0.0339 0.2341 -1.0926 0.0182 0.2506
60.0 -1.1322 0.0102 0.2549 -1.0247 -0.0009 0.2769 -0.9977 0.0259 0.2522 -1.0015 0.0376 0.2398 -1.0214 0.0459 0.2293 -1.0457 0.0488 0.224 -1.0619 0.0057 0.2665 -1.0665 0.0166 0.2548 -1.076 0.0257 0.2446 -1.0877 0.0327 0.2363 -1.0848 0.0182 0.2514
61.0 -1.1281 0.012 0.2535 -1.018 0.0012 0.2754 -0.9936 0.0228 0.2558 -0.993 0.0345 0.2439 -1.0057 0.0413 0.2356 -1.0269 0.047 0.2277 -1.0571 0.0032 0.2694 -1.0589 0.014 0.2583 -1.0643 0.0243 0.2472 -1.0736 0.0322 0.2382 -1.0764 0.0171 0.2533
62.0 -1.1216 0.0098 0.2563 -1.0105 0.0034 0.2739 -0.9899 0.0215 0.2575 -0.9885 0.0339 0.2449 -1.0051 0.0432 0.2337 -1.0298 0.0485 0.2259 -1.0532 0.0013 0.2718 -1.056 0.0119 0.2607 -1.0621 0.0221 0.2497 -1.0725 0.0311 0.2394 -1.0731 0.0153 0.2556
63.0 -1.113 0.011 0.256 -1.0004 0.006 0.2722 -0.9846 0.0216 0.2579 -0.9822 0.0329 0.2466 -0.9941 0.0405 0.2377 -1.0146 0.042 0.2341 -1.0445 0.0019 0.2721 -1.0463 0.012 0.2615 -1.0524 0.0216 0.2512 -1.0607 0.029 0.2427 -1.0634 0.0151 0.2567
64.0 -1.0822 0.0109 0.2592 -0.9639 0.0189 0.2627 -0.9599 0.0261 0.2557 -0.9607 0.0407 0.2407 -0.9748 0.0461 0.2338 -1.0051 0.0481 0.2287 -1.0113 0.0082 0.2689 -1.019 0.0169 0.2592 -1.0282 0.0242 0.2508 -1.0405 0.0293 0.2445 -1.0362 0.0179 0.2565
65.0 -1.081 0.0092 0.261 -0.989 0.0265 0.2524 -0.9586 0.0288 0.2531 -0.9601 0.042 0.2395 -0.9716 0.0478 0.2324 -1.0021 0.051 0.2261 -1.0123 0.0087 0.2683 -1.0178 0.0153 0.2611 -1.0261 0.0221 0.2533 -1.0368 0.028 0.2462 -1.0348 0.0166 0.258
66.0 -1.0716 0.0111 0.26 -0.9967 0.0401 0.2378 -0.959 0.036 0.2457 -0.9585 0.0434 0.2382 -0.9663 0.0473 0.2335 -0.9824 0.0439 0.2353 -1.0104 0.0132 0.2639 -1.0128 0.0166 0.2602 -1.016 0.0198 0.2566 -1.0218 0.0227 0.2531 -1.0265 0.0167 0.2588
67.0 -1.066 0.0143 0.2573 -0.9604 0.034 0.2476 -0.9583 0.0422 0.2394 -0.9581 0.0459 0.2356 -0.9619 0.0473 0.2339 -0.9697 0.0419 0.2386 -1.003 0.016 0.2617 -1.006 0.0181 0.2594 -1.009 0.0201 0.257 -1.0129 0.022 0.2546 -1.0194 0.0181 0.258
68.0 -1.0596 0.0176 0.2546 -1.0067 0.0522 0.2244 -0.9652 0.0462 0.2347 -0.9535 0.0447 0.2373 -0.9487 0.0423 0.2403 -0.9493 0.0361 0.2465 -1.0055 0.02 0.2575 -1.0014 0.0169 0.261 -0.9976 0.0155 0.2628 -0.995 0.0153 0.2633 -1.0118 0.0171 0.2598
69.0 -1.051 0.0187 0.2542 -0.9479 0.0381 0.2446 -0.9545 0.0452 0.2367 -0.9562 0.0499 0.2318 -0.9595 0.0537 0.2276 -0.9643 0.0512 0.2296 -0.9942 0.016 0.2626 -0.9974 0.0192 0.259 -0.9999 0.0232 0.2547 -1.0023 0.0271 0.2505 -1.009 0.0209 0.2562
70.0 -1.0465 0.0181 0.2553 -0.9448 0.0404 0.2426 -0.9512 0.0469 0.2354 -0.9612 0.0534 0.2276 -0.9715 0.0569 0.223 -0.9879 0.0553 0.2231 -0.9843 0.0149 0.2648 -0.994 0.0197 0.2589 -1.003 0.0258 0.2517 -1.0111 0.0321 0.2446 -1.0078 0.0221 0.255
71.0 -1.0434 0.0204 0.2533 -0.9421 0.0401 0.2431 -0.9453 0.0483 0.2345 -0.9594 0.0531 0.2282 -0.9687 0.0561 0.2242 -0.9855 0.0569 0.2217 -0.9799 0.0149 0.2652 -0.9879 0.0199 0.2593 -0.9969 0.0266 0.2515 -1.0052 0.0335 0.2437 -1.0027 0.0231 0.2546
72.0 -1.0381 0.0205 0.2537 -0.9373 0.0426 0.2411 -0.9475 0.0504 0.2321 -0.9643 0.0512 0.2296 -0.9735 0.0536 0.2262 -0.9851 0.0545 0.2242 -0.9741 0.0169 0.2637 -0.9839 0.0223 0.2572 -0.993 0.029 0.2495 -1.002 0.0351 0.2423 -0.9982 0.0248 0.2533
73.0 -1.034 0.0222 0.2523 -0.939 0.0424 0.2411 -0.9416 0.0524 0.2306 -0.9598 0.0506 0.2307 -0.9698 0.0523 0.228 -0.977 0.0532 0.2264 -0.9686 0.0207 0.2604 -0.9769 0.0275 0.2526 -0.9851 0.0343 0.2448 -0.9933 0.0412 0.237 -0.9916 0.0292 0.2494
74.0 -1.0332 0.023 0.2517 -0.9439 0.0399 0.2432 -0.9304 0.0533 0.2308 -0.9446 0.0545 0.2282 -0.9592 0.0574 0.2238 -0.9674 0.0587 0.2216 -0.9673 0.0233 0.2579 -0.9741 0.0316 0.2487 -0.9825 0.0396 0.2397 -0.9908 0.047 0.2313 -0.9896 0.0329 0.2459
75.0 -1.0324 0.0231 0.2516 -0.932 0.0476 0.2365 -0.9366 0.0537 0.2298 -0.9545 0.0556 0.2261 -0.9631 0.0593 0.2215 -0.9719 0.0593 0.2206 -0.9657 0.0192 0.2622 -0.9749 0.0265 0.2538 -0.9851 0.0343 0.2448 -0.9935 0.0424 0.2358 -0.9903 0.0291 0.2496
76.0 -1.0237 0.0236 0.2519 -0.9488 0.0331 0.2496 -0.9265 0.0514 0.2332 -0.9403 0.055 0.2281 -0.9575 0.0576 0.2237 -0.9707 0.0577 0.2224 -0.9627 0.0319 0.2496 -0.9695 0.0407 0.2398 -0.9801 0.046 0.2334 -0.9904 0.0495 0.2288 -0.9853 0.0383 0.2407
77.0 -1.0249 0.0253 0.2501 -0.9443 0.0374 0.2457 -0.9251 0.0534 0.2312 -0.9388 0.0565 0.2268 -0.9541 0.0581 0.2236 -0.9655 0.0578 0.2228 -0.9612 0.0284 0.2532 -0.9688 0.0365 0.2442 -0.9778 0.0427 0.237 -0.9874 0.0475 0.2312 -0.984 0.0361 0.2431
78.0 -1.0248 0.0247 0.2507 -0.9405 0.041 0.2425 -0.9251 0.0534 0.2312 -0.9386 0.0553 0.228 -0.952 0.0565 0.2254 -0.9628 0.0575 0.2233 -0.9626 0.0264 0.2552 -0.97 0.0333 0.2473 -0.979 0.0394 0.2402 -0.9869 0.0445 0.2343 -0.9846 0.0337 0.2455
79.0 -1.018 0.0262 0.2498 -0.9465 0.0347 0.2483 -0.9248 0.0516 0.2331 -0.9296 0.054 0.2302 -0.9438 0.0546 0.2282 -0.9526 0.0546 0.2273 -0.959 0.0311 0.2507 -0.9655 0.0382 0.2428 -0.9735 0.0432 0.2369 -0.9819 0.0464 0.2328 -0.9796 0.037 0.2426
80.0 -1.0171 0.0264 0.2498 -0.9485 0.0313 0.2515 -0.9239 0.0518 0.2331 -0.9356 0.0532 0.2304 -0.9507 0.0536 0.2285 -0.9637 0.0525 0.2284 -0.9588 0.0348 0.2469 -0.9672 0.0429 0.2379 -0.9758 0.0466 0.2332 -0.9858 0.0483 0.2305 -0.981 0.0398 0.2396
81.0 -1.0195 0.0248 0.2511 -0.9461 0.0329 0.2502 -0.9248 0.0516 0.2331 -0.9394 0.0546 0.2287 -0.9528 0.0558 0.2261 -0.9643 0.0561 0.2246 -0.9589 0.0305 0.2513 -0.9673 0.038 0.2429 -0.976 0.0429 0.237 -0.9854 0.0459 0.2329 -0.9814 0.0364 0.243
82.0 -1.0185 0.0243 0.2517 -0.9352 0.046 0.2379 -0.9267 0.0526 0.2319 -0.9419 0.0536 0.2294 -0.9544 0.055 0.2268 -0.9641 0.0549 0.2259 -0.9579 0.0295 0.2525 -0.9667 0.035 0.246 -0.9763 0.0392 0.2407 -0.9847 0.0423 0.2367 -0.9808 0.0341 0.2455
83.0 -1.0212 0.0246 0.2512 -0.9378 0.0407 0.243 -0.9273 0.0507 0.2338 -0.941 0.0537 0.2294 -0.954 0.0575 0.2242 -0.9649 0.0597 0.2209 -0.9614 0.0247 0.257 -0.9689 0.0323 0.2485 -0.978 0.039 0.2408 -0.9861 0.0452 0.2336 -0.9831 0.0331 0.2462
84.0 -1.022 0.0239 0.2519 -0.9299 0.0455 0.2389 -0.9267 0.0526 0.2319 -0.9411 0.0543 0.2287 -0.9544 0.055 0.2268 -0.9656 0.0535 0.2272 -0.9601 0.0273 0.2545 -0.9684 0.0293 0.2516 -0.9776 0.0317 0.2483 -0.9862 0.0354 0.2436 -0.9828 0.0295 0.25
85.0 -1.0243 0.0223 0.2532 -0.9508 0.0292 0.2535 -0.9239 0.0463 0.2387 -0.9269 0.0483 0.2363 -0.9383 0.0486 0.2349 -0.9483 0.0454 0.2371 -0.9653 0.0266 0.2547 -0.969 0.028 0.2529 -0.9738 0.0304 0.25 -0.9793 0.0315 0.2483 -0.9824 0.0277 0.2518
86.0 -1.0365 0.0213 0.253 -0.9298 0.04 0.2445 -0.9278 0.0488 0.2357 -0.9454 0.0489 0.2339 -0.9545 0.0507 0.2311 -0.9674 0.0489 0.2316 -0.9658 0.0198 0.2615 -0.9733 0.0225 0.2581 -0.9821 0.0274 0.2522 -0.991 0.0329 0.2457 -0.9898 0.0248 0.2541
87.0 -1.0256 0.0246 0.2507 -0.9278 0.0384 0.2463 -0.9404 0.0453 0.2381 -0.9517 0.0443 0.2379 -0.9613 0.0443 0.237 -0.968 0.0421 0.2385 -0.9614 0.0247 0.257 -0.9675 0.0245 0.2566 -0.9748 0.026 0.2544 -0.9831 0.0279 0.2516 -0.9825 0.0255 0.2541
88.0 -1.0297 0.0228 0.2522 -0.9344 0.0363 0.2478 -0.9316 0.0403 0.244 -0.9481 0.0442 0.2384 -0.9604 0.0493 0.232 -0.9711 0.0497 0.2305 -0.9644 0.0219 0.2596 -0.9717 0.0282 0.2524 -0.9807 0.0343 0.2453 -0.9897 0.0404 0.2381 -0.9872 0.0295 0.2495
89.0 -1.0325 0.0237 0.251 -0.9373 0.0328 0.2511 -0.9363 0.0373 0.2467 -0.9549 0.0427 0.2393 -0.9654 0.0474 0.2334 -0.9712 0.0503 0.2299 -0.9644 0.0219 0.2596 -0.9723 0.0318 0.2487 -0.9809 0.0404 0.239 -0.989 0.0466 0.2318 -0.9878 0.0329 0.246
90.0 -1.0336 0.0199 0.2548 -0.9343 0.0308 0.2535 -0.9425 0.037 0.2463 -0.9568 0.0437 0.2381 -0.9702 0.0449 0.2355 -0.9827 0.0457 0.2335 -0.9678 0.0208 0.2604 -0.9772 0.0293 0.2507 -0.9879 0.0352 0.2437 -0.9983 0.0393 0.2384 -0.9929 0.0289 0.2496
91.0 -1.0437 0.0173 0.2564 -0.9392 0.0283 0.2555 -0.9411 0.0342 0.2493 -0.9519 0.0455 0.2366 -0.9659 0.0504 0.2303 -0.9836 0.051 0.2279 -0.9764 0.0147 0.2657 -0.9869 0.0243 0.2549 -0.9979 0.032 0.2459 -1.0084 0.0367 0.2401 -1.0026 0.025 0.2526
92.0 -1.0465 0.0132 0.2603 -0.9408 0.0275 0.2562 -0.9479 0.0326 0.2502 -0.9591 0.0464 0.2351 -0.9739 0.0505 0.2294 -0.9968 0.0511 0.2265 -0.9826 0.0151 0.2647 -0.9953 0.022 0.2564 -1.0085 0.0275 0.2495 -1.0213 0.0301 0.2456 -1.0108 0.0216 0.2553
93.0 -1.0543 0.0128 0.26 -0.945 0.0263 0.257 -0.9472 0.0291 0.254 -0.9542 0.044 0.238 -0.9719 0.0496 0.2306 -0.995 0.0507 0.2271 -0.991 0.0128 0.2663 -1.002 0.0205 0.2573 -1.0146 0.0267 0.2497 -1.0258 0.0307 0.2445 -1.0175 0.0207 0.2556
94.0 -1.0578 0.0123 0.2601 -0.9474 0.0248 0.2583 -0.9504 0.0323 0.2503 -0.9578 0.0441 0.2375 -0.9737 0.0493 0.2306 -0.9972 0.048 0.2297 -0.992 0.0133 0.2657 -1.0037 0.0202 0.2574 -1.0163 0.0265 0.2498 -1.0283 0.0297 0.2452 -1.0196 0.0204 0.2556
95.0 -1.0567 0.0112 0.2613 -0.9511 0.0212 0.2616 -0.9495 0.0269 0.2559 -0.9547 0.0415 0.2405 -0.9708 0.0479 0.2324 -0.9912 0.0488 0.2294 -0.9963 0.0078 0.2708 -1.0056 0.0157 0.2618 -1.0157 0.0235 0.2529 -1.0265 0.0294 0.2458 -1.0202 0.0175 0.2585
96.0 -1.0637 0.0109 0.261 -0.9551 0.014 0.2686 -0.9499 0.0293 0.2534 -0.9608 0.0413 0.2401 -0.9758 0.0466 0.2332 -0.9988 0.0472 0.2303 -0.9992 0.0092 0.2691 -1.0086 0.0177 0.2595 -1.0196 0.0254 0.2505 -1.0301 0.0301 0.2447 -1.0242 0.0187 0.2569
97.0 -1.0686 0.009 0.2624 -0.9647 0.0084 0.2734 -0.9569 0.0241 0.2581 -0.9581 0.0361 0.2456 -0.9719 0.0441 0.2362 -0.9986 0.046 0.2316 -1.004 0.0067 0.2711 -1.0107 0.015 0.262 -1.0208 0.0222 0.2537 -1.0323 0.0274 0.2473 -1.0273 0.0161 0.2593
98.0 -1.0745 0.0076 0.2633 -0.9688 0.0066 0.2748 -0.9579 0.0246 0.2575 -0.9618 0.0369 0.2445 -0.9743 0.0431 0.2369 -1.0002 0.0451 0.2323 -1.0078 0.0032 0.2744 -1.0146 0.012 0.2647 -1.0239 0.0199 0.2557 -1.0372 0.0255 0.2487 -1.0316 0.0136 0.2613
99.0 -1.1168 0.0025 0.2643 -1.0167 -0.006 0.2829 -0.991 0.0177 0.2613 -0.9947 0.0337 0.2445 -1.0099 0.0402 0.2364 -1.032 0.0408 0.2335 -1.0509 -0.002 0.2755 -1.0554 0.009 0.2638 -1.0632 0.0183 0.2535 -1.0733 0.0255 0.2451 -1.0719 0.0106 0.2604
100.0 -1.1246 0.0021 0.2639 -1.0252 -0.0077 0.2838 -1.0005 0.017 0.261 -1.0025 0.0332 0.2442 -1.0186 0.0396 0.2361 -1.0399 0.041 0.2326 -1.0595 -0.0032 0.2758 -1.064 0.0078 0.2641 -1.0711 0.0178 0.2531 -1.0803 0.0252 0.2447 -1.0799 0.0099 0.2603
101.0 -1.1352 0.0025 0.2625 -1.0355 -0.0091 0.2842 -1.0064 0.0156 0.2619 -1.0118 0.0313 0.2452 -1.0278 0.0371 0.2377 -1.0526 0.0381 0.2343 -1.0673 -0.0036 0.2755 -1.0727 0.0072 0.2638 -1.0805 0.0166 0.2535 -1.0913 0.0231 0.2458 -1.0894 0.0091 0.2602
102.0 -1.1461 -0.0008 0.2648 -1.0465 -0.0118 0.2859 -1.0184 0.0134 0.263 -1.0209 0.0277 0.2481 -1.0351 0.0337 0.2405 -1.0568 0.0369 0.2351 -1.0785 -0.0051 0.2759 -1.0829 0.0053 0.2648 -1.0916 0.0145 0.2545 -1.1026 0.0221 0.2456 -1.1003 0.0072 0.2611
103.0 -1.1549 -0.0008 0.2639 -1.055 -0.0136 0.2869 -1.027 0.0122 0.2633 -1.0298 0.0283 0.2465 -1.045 0.0348 0.2384 -1.0717 0.0367 0.2338 -1.0872 -0.0057 0.2756 -1.0926 0.0052 0.264 -1.1012 0.0144 0.2537 -1.113 0.0213 0.2454 -1.1098 0.0069 0.2605
104.0 -1.1605 0.0009 0.2616 -1.0654 -0.0144 0.2866 -1.0348 0.0117 0.263 -1.0396 0.0288 0.245 -1.0555 0.0346 0.2375 -1.0806 0.0373 0.2323 -1.0933 -0.0059 0.2752 -1.0988 0.0056 0.2629 -1.1075 0.0148 0.2527 -1.1184 0.0218 0.2443 -1.1157 0.0074 0.2594
105.0 -1.1691 -0.0003 0.2619 -1.074 -0.0155 0.287 -1.0409 0.0115 0.2626 -1.0483 0.0283 0.2448 -1.0635 0.0348 0.2366 -1.0875 0.0364 0.2325 -1.1037 -0.0067 0.275 -1.1083 0.0043 0.2633 -1.1169 0.0135 0.253 -1.1271 0.0213 0.2441 -1.125 0.0064 0.2595
106.0 -1.1813 -0.0007 0.2611 -1.0845 -0.0157 0.2861 -1.0514 0.0113 0.2617 -1.0559 0.0266 0.2457 -1.0721 0.0336 0.2369 -1.0997 0.036 0.2318 -1.1151 -0.007 0.2742 -1.1198 0.0046 0.2619 -1.1275 0.0139 0.2516 -1.1385 0.021 0.2433 -1.1364 0.0063 0.2584
107.0 -1.191 -0.0008 0.2603 -1.0949 -0.0165 0.2859 -1.0618 0.0099 0.2621 -1.0673 0.0263 0.2449 -1.0833 0.0327 0.2367 -1.1084 0.0354 0.2315 -1.1221 -0.0074 0.2738 -1.1266 0.0036 0.2622 -1.1344 0.013 0.2518 -1.1453 0.02 0.2435 -1.1439 0.0057 0.2583
108.0 -1.1994 -0.0025 0.2612 -1.1046 -0.0166 0.285 -1.0697 0.0101 0.2612 -1.0734 0.0261 0.2445 -1.0913 0.0328 0.2358 -1.1197 0.0345 0.2313 -1.13 -0.0072 0.2729 -1.1346 0.0038 0.2612 -1.144 0.0123 0.2516 -1.1566 0.0191 0.2433 -1.1529 0.0051 0.2581
109.0 -1.2084 -0.0019 0.2597 -1.1122 -0.0182 0.286 -1.0801 0.0093 0.261 -1.0829 0.0254 0.2442 -1.1001 0.0329 0.2349 -1.1258 0.0343 0.2309 -1.1397 -0.0073 0.272 -1.1442 0.0037 0.2603 -1.1528 0.0123 0.2507 -1.1646 0.0193 0.2424 -1.1619 0.0052 0.257
110.0 -1.2171 -0.0025 0.2594 -1.12 -0.0193 0.2863 -1.0888 0.0087 0.2607 -1.089 0.0246 0.2445 -1.1053 0.0328 0.2345 -1.1312 0.0348 0.2299 -1.1484 -0.0079 0.2717 -1.1522 0.0038 0.2594 -1.1599 0.0126 0.2497 -1.1707 0.0191 0.242 -1.1696 0.005 0.2565
111.0 -1.2225 -0.0014 0.2578 -1.1316 -0.0184 0.2842 -1.0966 0.0077 0.261 -1.0968 0.0241 0.2441 -1.112 0.0306 0.236 -1.1387 0.0325 0.2314 -1.1545 -0.0081 0.2714 -1.1582 0.003 0.2596 -1.1667 0.0117 0.25 -1.1778 0.0193 0.241 -1.1759 0.0049 0.2559
112.0 -1.2356 -0.0019 0.257 -1.141 -0.0197 0.2846 -1.1028 0.0081 0.26 -1.102 0.0235 0.2443 -1.119 0.0303 0.2356 -1.1459 0.0334 0.2298 -1.1633 -0.008 0.2704 -1.166 0.0026 0.2593 -1.1738 0.0119 0.249 -1.1847 0.019 0.2407 -1.1847 0.0047 0.2553
113.0 -1.3079 -0.0062 0.2542 -1.2185 -0.024 0.2813 -1.1759 0.0037 0.2572 -1.1778 0.0193 0.241 -1.193 0.0258 0.2329 -1.2174 0.0299 0.2263 -1.2366 -0.0112 0.2664 -1.2402 -0.0007 0.2553 -1.2479 0.008 0.2456 -1.2588 0.0151 0.2373 -1.2583 0.001 0.2518
114.0 -1.3117 -0.0043 0.2518 -1.2265 -0.0239 0.2804 -1.183 0.004 0.2562 -1.1831 0.0198 0.24 -1.1967 0.0272 0.2311 -1.2235 0.029 0.2266 -1.2437 -0.011 0.2654 -1.2465 -0.0003 0.2543 -1.2533 0.0085 0.2446 -1.2634 0.0163 0.2356 -1.2637 0.0019 0.2504
115.0 -1.3202 -0.006 0.2528 -1.2336 -0.0236 0.2794 -1.1892 0.0043 0.2552 -1.1885 0.0203 0.2389 -1.2037 0.0268 0.2308 -1.2312 0.028 0.2269 -1.25 -0.01 0.2638 -1.2535 -6.376e-05 0.2533 -1.2612 0.0087 0.2436 -1.272 0.0152 0.2359 -1.2714 0.0016 0.2499
116.0 -1.3266 -0.005 0.2512 -1.239 -0.0225 0.2778 -1.198 0.0044 0.2543 -1.1962 0.0193 0.2392 -1.2098 0.0266 0.2304 -1.2375 0.029 0.2252 -1.2562 -0.0102 0.2634 -1.2589 0.0004 0.2523 -1.2673 0.0085 0.2433 -1.2783 0.0155 0.2349 -1.2775 0.0018 0.249
117.0 -1.3328 -0.0047 0.2502 -1.2461 -0.0223 0.2768 -1.2033 0.0043 0.2539 -1.2043 0.02 0.2377 -1.2168 0.0263 0.2301 -1.2429 0.0295 0.2242 -1.2624 -0.0098 0.2624 -1.2659 0.0001 0.2519 -1.2735 0.0082 0.2429 -1.2844 0.0153 0.2345 -1.2838 0.0018 0.2484
118.0 -1.3388 -0.0055 0.2504 -1.2512 -0.0236 0.2776 -1.2078 0.0049 0.2528 -1.2078 0.0202 0.2372 -1.2212 0.0263 0.2296 -1.248 0.0288 0.2244 -1.2668 -0.0098 0.262 -1.2703 0.0001 0.2515 -1.2779 0.0083 0.2424 -1.2888 0.0153 0.2341 -1.2885 0.0017 0.2481
119.0 -1.3425 -0.0047 0.2493 -1.2547 -0.0234 0.2771 -1.212 0.0037 0.2536 -1.211 0.0185 0.2386 -1.2245 0.0252 0.2304 -1.2515 0.0283 0.2245 -1.271 -0.011 0.2628 -1.2737 -0.0003 0.2516 -1.2814 0.0084 0.2419 -1.2923 0.0155 0.2336 -1.2922 0.0016 0.2478
120.0 -1.3458 -0.0058 0.25 -1.2589 -0.0246 0.2779 -1.2146 0.0034 0.2537 -1.2146 0.0186 0.2381 -1.228 0.0248 0.2305 -1.2542 0.0286 0.224 -1.2737 -0.0107 0.2622 -1.2772 -0.0008 0.2517 -1.2847 0.0073 0.2427 -1.2957 0.0144 0.2344 -1.2954 0.0009 0.2482
121.0 -1.3475 -0.006 0.2501 -1.2607 -0.0242 0.2773 -1.2162 0.0025 0.2544 -1.2171 0.0177 0.2388 -1.2306 0.0244 0.2306 -1.2558 0.0277 0.2247 -1.2753 -0.0115 0.2629 -1.2779 -0.0015 0.2524 -1.2865 0.0071 0.2427 -1.2974 0.0142 0.2344 -1.2969 0.0004 0.2485
122.0 -1.3502 -0.0058 0.2496 -1.2625 -0.0245 0.2774 -1.2179 0.0023 0.2544 -1.2179 0.0176 0.2388 -1.2323 0.0242 0.2306 -1.2567 0.0282 0.2241 -1.277 -0.0118 0.263 -1.2797 -0.0012 0.2518 -1.2873 0.007 0.2428 -1.2982 0.0141 0.2345 -1.2985 0.0005 0.2483
123.0 -1.3502 -0.0058 0.2496 -1.2625 -0.0245 0.2774 -1.219 0.0034 0.2532 -1.2189 0.0181 0.2382 -1.2323 0.0242 0.2306 -1.2584 0.0274 0.2248 -1.2771 -0.0112 0.2624 -1.2806 -0.0013 0.2519 -1.2883 0.0075 0.2422 -1.2991 0.0139 0.2345 -1.2991 0.0006 0.2481
124.0 -1.3494 -0.0051 0.2489 -1.2625 -0.0245 0.2774 -1.2198 0.0033 0.2533 -1.2196 0.0173 0.2389 -1.2324 0.0248 0.23 -1.2584 0.0274 0.2248 -1.278 -0.0113 0.2624 -1.2807 -0.0007 0.2513 -1.2883 0.0075 0.2422 -1.2992 0.0145 0.2339 -1.2991 0.001 0.2477
125.0 -1.3511 -0.0053 0.249 -1.2616 -0.0244 0.2774 -1.2189 0.0028 0.2539 -1.2188 0.0175 0.2389 -1.2332 0.0247 0.2301 -1.2585 0.028 0.2242 -1.278 -0.0113 0.2624 -1.2806 -0.0013 0.2519 -1.2883 0.0075 0.2422 -1.2992 0.0145 0.2339 -1.2994 0.0008 0.2479
126.0 -1.3503 -0.0052 0.249 -1.2624 -0.0251 0.278 -1.2189 0.0028 0.2539 -1.2188 0.0175 0.2389 -1.2323 0.0242 0.2306 -1.2584 0.0274 0.2248 -1.2779 -0.0119 0.263 -1.2806 -0.0013 0.2519 -1.2883 0.0075 0.2422 -1.2992 0.0145 0.2339 -1.2992 0.0007 0.248
127.0 -1.3519 -0.006 0.2496 -1.2625 -0.0245 0.2774 -1.2189 0.0028 0.2539 -1.2179 0.0176 0.2388 -1.2331 0.0241 0.2307 -1.2575 0.0275 0.2248 -1.277 -0.0118 0.263 -1.2797 -0.0012 0.2518 -1.2873 0.007 0.2428 -1.2991 0.0139 0.2345 -1.299 0.0004 0.2483
128.0 -1.3509 -0.0065 0.2502 -1.2613 -0.0262 0.2792 -1.217 0.0024 0.2544 -1.2168 0.0159 0.2407 -1.2312 0.0231 0.2319 -1.2557 0.0271 0.2253 -1.2759 -0.0129 0.2642 -1.2787 -0.0022 0.2531 -1.2864 0.0065 0.2434 -1.2973 0.0136 0.235 -1.2978 -0.0003 0.2492
129.0 -1.3491 -0.0069 0.2508 -1.2603 -0.0266 0.2798 -1.2136 0.0029 0.2543 -1.2143 0.0168 0.2399 -1.2279 0.0242 0.2311 -1.2539 0.0274 0.2252 -1.2743 -0.012 0.2635 -1.277 -0.002 0.253 -1.2846 0.0067 0.2433 -1.2956 0.0138 0.235 -1.2961 -6.953e-05 0.2491
130.0 -1.3491 -0.0069 0.2508 -1.2595 -0.0265 0.2798 -1.2145 0.0028 0.2543 -1.2135 0.0176 0.2393 -1.2269 0.0237 0.2317 -1.253 0.0269 0.2258 -1.2742 -0.0126 0.2641 -1.277 -0.002 0.253 -1.2838 0.0068 0.2433 -1.2956 0.0138 0.235 -1.2959 -0.0002 0.2492
131.0 -1.3474 -0.0066 0.2507 -1.2595 -0.0265 0.2798 -1.2143 0.0022 0.2549 -1.2126 0.0171 0.2399 -1.2259 0.0232 0.2323 -1.2514 0.0277 0.2251 -1.2742 -0.0126 0.2641 -1.277 -0.002 0.253 -1.2838 0.0068 0.2433 -1.2947 0.0139 0.2349 -1.2954 -9.607e-05 0.2492
132.0 -1.3475 -0.006 0.2501 -1.2602 -0.0272 0.2804 -1.2136 0.0029 0.2543 -1.2134 0.017 0.2399 -1.2269 0.0237 0.2317 -1.2538 0.0268 0.2259 -1.2735 -0.0119 0.2635 -1.2761 -0.0019 0.253 -1.2829 0.007 0.2432 -1.2947 0.0139 0.2349 -1.2949 0.0002 0.2489
133.0 -1.3483 -0.0067 0.2508 -1.2594 -0.0271 0.2804 -1.2135 0.0023 0.2549 -1.2134 0.017 0.2399 -1.2269 0.0237 0.2317 -1.253 0.0269 0.2258 -1.2734 -0.0125 0.2641 -1.2761 -0.0019 0.253 -1.2837 0.0063 0.2439 -1.2946 0.0133 0.2356 -1.2952 -0.0003 0.2495
134.0 -1.3483 -0.0067 0.2508 -1.2594 -0.0271 0.2804 -1.2135 0.0023 0.2549 -1.2134 0.017 0.2399 -1.2269 0.0237 0.2317 -1.2529 0.0263 0.2265 -1.2732 -0.0131 0.2647 -1.276 -0.0025 0.2536 -1.2837 0.0063 0.2439 -1.2946 0.0133 0.2356 -1.2952 -0.0006 0.2497
135.0 -1.3483 -0.0067 0.2508 -1.2594 -0.0271 0.2804 -1.2135 0.0023 0.2549 -1.2125 0.0165 0.2405 -1.2261 0.0238 0.2317 -1.2521 0.027 0.2258 -1.2732 -0.0131 0.2647 -1.276 -0.0025 0.2536 -1.2837 0.0063 0.2439 -1.2947 0.0139 0.2349 -1.2952 -0.0004 0.2496
136.0 -1.3484 -0.0061 0.2501 -1.2585 -0.027 0.2804 -1.2135 0.0023 0.2549 -1.2126 0.0171 0.2399 -1.2259 0.0232 0.2323 -1.2521 0.027 0.2258 -1.2724 -0.013 0.2647 -1.2751 -0.0024 0.2535 -1.2828 0.0064 0.2438 -1.2937 0.0134 0.2355 -1.2945 -0.0003 0.2495
137.0 -1.3474 -0.0066 0.2507 -1.2584 -0.0276 0.281 -1.2134 0.0017 0.2555 -1.2116 0.0166 0.2405 -1.2251 0.0233 0.2322 -1.2504 0.0272 0.2257 -1.2734 -0.0125 0.2641 -1.276 -0.0025 0.2536 -1.2828 0.0064 0.2438 -1.2937 0.0134 0.2355 -1.2947 -0.0004 0.2496
138.0 -1.3474 -0.0066 0.2507 -1.2594 -0.0271 0.2804 -1.2141 0.001 0.2562 -1.2115 0.016 0.2411 -1.225 0.0227 0.2329 -1.2503 0.0266 0.2264 -1.2732 -0.0131 0.2647 -1.2751 -0.0024 0.2535 -1.2828 0.0064 0.2438 -1.2937 0.0134 0.2355 -1.2945 -0.0005 0.2497
139.0 -1.348 -0.0079 0.252 -1.26 -0.0284 0.2817 -1.2125 0.0018 0.2555 -1.2115 0.016 0.2411 -1.2241 0.0228 0.2328 -1.2519 0.0258 0.227 -1.2731 -0.0137 0.2653 -1.2759 -0.0031 0.2542 -1.2827 0.0058 0.2445 -1.2945 0.0127 0.2362 -1.2949 -0.0012 0.2504
140.0 -1.3482 -0.0073 0.2514 -1.26 -0.0284 0.2817 -1.214 0.0004 0.2568 -1.2121 0.0147 0.2424 -1.2249 0.0221 0.2335 -1.2519 0.0258 0.227 -1.2732 -0.0131 0.2647 -1.2759 -0.0031 0.2542 -1.2827 0.0058 0.2445 -1.2936 0.0128 0.2361 -1.2947 -0.001 0.2502
141.0 -1.3498 -0.0082 0.2521 -1.2591 -0.0283 0.2817 -1.215 0.0009 0.2562 -1.2131 0.0152 0.2418 -1.2267 0.0225 0.2329 -1.252 0.0264 0.2264 -1.2739 -0.0144 0.266 -1.2758 -0.0037 0.2548 -1.2835 0.0051 0.2451 -1.2945 0.0127 0.2362 -1.2955 -0.0017 0.2508
142.0 -1.3473 -0.0072 0.2513 -1.2574 -0.0281 0.2816 -1.2141 0.001 0.2562 -1.2131 0.0152 0.2418 -1.2266 0.0219 0.2336 -1.2512 0.0265 0.2264 -1.273 -0.0143 0.266 -1.2749 -0.0036 0.2548 -1.2826 0.0052 0.2451 -1.2936 0.0128 0.2361 -1.2943 -0.0014 0.2507
143.0 -1.349 -0.0075 0.2514 -1.2566 -0.028 0.2816 -1.2141 0.001 0.2562 -1.213 0.0146 0.2424 -1.2266 0.0219 0.2336 -1.2512 0.0265 0.2264 -1.273 -0.0143 0.266 -1.2758 -0.0037 0.2548 -1.2826 0.0052 0.2451 -1.2936 0.0128 0.2361 -1.2948 -0.0015 0.2507
144.0 -1.349 -0.0075 0.2514 -1.2574 -0.0281 0.2816 -1.214 0.0004 0.2568 -1.213 0.0146 0.2424 -1.2266 0.0219 0.2336 -1.2512 0.0265 0.2264 -1.2739 -0.0144 0.266 -1.2758 -0.0037 0.2548 -1.2826 0.0052 0.2451 -1.2945 0.0127 0.2362 -1.2952 -0.0015 0.2507
145.0 -1.3491 -0.0069 0.2508 -1.2574 -0.0281 0.2816 -1.214 0.0004 0.2568 -1.2113 0.0148 0.2423 -1.2256 0.0214 0.2341 -1.2502 0.026 0.227 -1.2713 -0.0141 0.2659 -1.2741 -0.0034 0.2548 -1.2819 0.0059 0.2444 -1.2928 0.013 0.2361 -1.2938 -0.0011 0.2504
146.0 -1.3473 -0.0072 0.2513 -1.2572 -0.0293 0.2828 -1.2131 -9.773e-05 0.2574 -1.2119 0.0135 0.2436 -1.2254 0.0202 0.2354 -1.2501 0.0254 0.2276 -1.2721 -0.0148 0.2665 -1.274 -0.004 0.2554 -1.2809 0.0054 0.245 -1.2928 0.013 0.2361 -1.2934 -0.0015 0.2509
147.0 -1.3462 -0.0083 0.2526 -1.2579 -0.0306 0.2841 -1.2121 -0.0006 0.258 -1.2118 0.0129 0.2442 -1.2262 0.0195 0.236 -1.2516 0.024 0.2289 -1.2712 -0.0147 0.2665 -1.2731 -0.0039 0.2553 -1.2808 0.0048 0.2456 -1.2927 0.0124 0.2367 -1.2928 -0.0019 0.2514
148.0 -1.347 -0.009 0.2532 -1.2595 -0.0314 0.2848 -1.2136 -0.002 0.2593 -1.2117 0.0123 0.2448 -1.2261 0.0189 0.2367 -1.2499 0.0243 0.2288 -1.2727 -0.0161 0.2678 -1.2755 -0.0055 0.2567 -1.2823 0.0034 0.247 -1.2933 0.0111 0.238 -1.2942 -0.0032 0.2525
149.0 -1.3474 -0.0115 0.2557 -1.2599 -0.0339 0.2873 -1.2147 -0.0058 0.2631 -1.2112 0.0093 0.2479 -1.2248 0.0166 0.2391 -1.2494 0.0213 0.2319 -1.2741 -0.0181 0.2697 -1.2768 -0.0081 0.2592 -1.2836 0.0008 0.2495 -1.2946 0.0084 0.2406 -1.2953 -0.0057 0.255
150.0 -1.3475 -0.0109 0.2551 -1.26 -0.0333 0.2867 -1.2138 -0.0057 0.263 -1.2111 0.0087 0.2486 -1.2247 0.016 0.2397 -1.2502 0.0212 0.232 -1.274 -0.0187 0.2704 -1.2758 -0.0086 0.2598 -1.2826 0.0003 0.2501 -1.2938 0.0086 0.2405 -1.2947 -0.0059 0.2552
151.0 -1.3465 -0.012 0.2563 -1.2589 -0.035 0.2885 -1.2128 -0.0068 0.2642 -1.211 0.0081 0.2492 -1.2236 0.015 0.2409 -1.2492 0.0201 0.2332 -1.2731 -0.0192 0.2709 -1.2757 -0.0092 0.2604 -1.2826 0.0003 0.2501 -1.2937 0.008 0.2411 -1.2943 -0.0064 0.2558
152.0 -1.3482 -0.0122 0.2564 -1.2589 -0.035 0.2885 -1.2136 -0.0069 0.2643 -1.21 0.0076 0.2498 -1.2235 0.0144 0.2416 -1.2483 0.0202 0.2331 -1.2738 -0.0199 0.2716 -1.2757 -0.0092 0.2604 -1.2826 0.0003 0.2501 -1.2938 0.0086 0.2405 -1.2948 -0.0065 0.2558
153.0 -1.3474 -0.0115 0.2557 -1.2597 -0.0351 0.2885 -1.213 -0.0056 0.263 -1.2101 0.0082 0.2492 -1.2236 0.015 0.2409 -1.2484 0.0208 0.2325 -1.273 -0.0198 0.2716 -1.2748 -0.009 0.2604 -1.2818 0.0004 0.2501 -1.2929 0.0087 0.2405 -1.294 -0.0063 0.2556
154.0 -1.3465 -0.012 0.2563 -1.2598 -0.0345 0.2879 -1.213 -0.0056 0.263 -1.21 0.0076 0.2498 -1.2228 0.0151 0.2409 -1.2484 0.0208 0.2325 -1.2731 -0.0192 0.2709 -1.2749 -0.0085 0.2598 -1.2818 0.0004 0.2501 -1.2929 0.0087 0.2405 -1.2938 -0.0061 0.2555
155.0 -1.3466 -0.0114 0.2557 -1.2597 -0.0351 0.2885 -1.213 -0.0056 0.263 -1.2093 0.0084 0.2491 -1.2229 0.0157 0.2403 -1.2475 0.0209 0.2325 -1.2731 -0.0192 0.2709 -1.2749 -0.0085 0.2598 -1.2818 0.0004 0.2501 -1.292 0.0088 0.2405 -1.2937 -0.006 0.2554
156.0 -1.3466 -0.0114 0.2557 -1.2588 -0.0356 0.2891 -1.212 -0.0061 0.2636 -1.2093 0.0084 0.2491 -1.2228 0.0151 0.2409 -1.2475 0.0209 0.2325 -1.2722 -0.0191 0.2709 -1.2749 -0.0085 0.2598 -1.2818 0.0004 0.2501 -1.292 0.0088 0.2405 -1.2935 -0.0059 0.2554
157.0 -1.3456 -0.0119 0.2563 -1.2579 -0.0355 0.2891 -1.212 -0.0061 0.2636 -1.2093 0.0084 0.2491 -1.2219 0.0152 0.2409 -1.2466 0.0204 0.2331 -1.2721 -0.0197 0.2715 -1.274 -0.0089 0.2604 -1.2809 0.0005 0.25 -1.2912 0.0089 0.2404 -1.2928 -0.0062 0.2557
158.0 -1.3447 -0.0118 0.2562 -1.2579 -0.0355 0.2891 -1.211 -0.0071 0.2648 -1.2092 0.0078 0.2497 -1.2218 0.0146 0.2415 -1.2473 0.0197 0.2337 -1.272 -0.0203 0.2722 -1.2739 -0.0095 0.261 -1.2808 -7.979e-05 0.2506 -1.2919 0.0082 0.2411 -1.2927 -0.0067 0.2562
159.0 -1.3455 -0.0125 0.2569 -1.2577 -0.0367 0.2903 -1.2101 -0.007 0.2648 -1.2082 0.0073 0.2503 -1.2207 0.0135 0.2427 -1.2455 0.0193 0.2343 -1.272 -0.0203 0.2722 -1.2739 -0.0095 0.261 -1.2807 -0.0007 0.2513 -1.291 0.0077 0.2417 -1.2926 -0.007 0.2566
160.0 -1.3462 -0.0132 0.2575 -1.2569 -0.0359 0.2897 -1.2099 -0.0082 0.266 -1.2081 0.0067 0.2509 -1.2208 0.0141 0.2421 -1.2455 0.0193 0.2343 -1.271 -0.0207 0.2727 -1.2729 -0.01 0.2616 -1.2798 -0.0006 0.2512 -1.29 0.0072 0.2423 -1.292 -0.0075 0.2571
161.0 -1.3464 -0.0126 0.2569 -1.2566 -0.0377 0.2915 -1.2106 -0.0089 0.2667 -1.207 0.0056 0.2522 -1.2198 0.013 0.2433 -1.2453 0.0182 0.2355 -1.27 -0.0218 0.274 -1.2718 -0.0111 0.2628 -1.278 -0.0009 0.2518 -1.2891 0.0073 0.2422 -1.2911 -0.0078 0.2575
