
























26.0 -1.3998 0.0663 0.1709 -1.327 0.1079 0.1356 -1.2969 0.0967 0.1501 -1.2966 0.0949 0.152 -1.3063 0.0899 0.1561 -1.3274 0.0852 0.1588 -1.3479 0.0868 0.1552 -1.3517 0.0832 0.1585 -1.3571 0.0788 0.1624 -1.3654 0.0758 0.1646 -1.3644 0.0782 0.1623
27.0 -1.3832 0.0673 0.1716 -1.3233 0.0968 0.1474 -1.2915 0.0913 0.1561 -1.2904 0.0945 0.153 -1.2982 0.0941 0.1526 -1.3237 0.0992 0.1449 -1.3365 0.0767 0.1666 -1.3398 0.0805 0.1624 -1.3474 0.0838 0.1583 -1.3562 0.0887 0.1524 -1.3526 0.0794 0.1622
28.0 -1.3827 0.0692 0.1697 -1.3154 0.1021 0.1427 -1.2864 0.092 0.1559 -1.2844 0.0905 0.1577 -1.2938 0.0843 0.1631 -1.3166 0.0788 0.1665 -1.3307 0.0836 0.1601 -1.3325 0.0791 0.1646 -1.3378 0.0741 0.1692 -1.3468 0.0704 0.172 -1.3461 0.0753 0.1671
29.0 -1.3844 0.0641 0.1747 -1.3101 0.0967 0.1487 -1.2778 0.0883 0.1606 -1.278 0.0895 0.1594 -1.2891 0.0874 0.1604 -1.313 0.0884 0.157 -1.3257 0.0751 0.1693 -1.3283 0.0754 0.1688 -1.3347 0.0763 0.1672 -1.3449 0.0792 0.1632 -1.3436 0.074 0.1686
30.0 -1.3773 0.0639 0.1757 -1.3015 0.093 0.1534 -1.2711 0.0849 0.1647 -1.2715 0.0873 0.1622 -1.2834 0.0851 0.1633 -1.303 0.0861 0.1603 -1.3186 0.0699 0.1753 -1.3215 0.0714 0.1735 -1.3263 0.0738 0.1706 -1.334 0.0776 0.1659 -1.3356 0.0713 0.1722
31.0 -1.3803 0.0659 0.1733 -1.2991 0.0842 0.1627 -1.2672 0.0781 0.1721 -1.2645 0.0827 0.1676 -1.2718 0.0842 0.1654 -1.2931 0.0899 0.1574 -1.3187 0.0657 0.1797 -1.3204 0.0703 0.1747 -1.3239 0.0753 0.1693 -1.3311 0.0811 0.1627 -1.3349 0.0717 0.1719
32.0 -1.3726 0.0669 0.173 -1.2963 0.073 0.1744 -1.2598 0.076 0.1749 -1.2552 0.0797 0.1716 -1.2608 0.0814 0.1693 -1.2811 0.0866 0.162 -1.3193 0.0637 0.1816 -1.317 0.0708 0.1746 -1.3179 0.0761 0.169 -1.3225 0.0822 0.1623 -1.3299 0.072 0.1721
33.0 -1.3687 0.0595 0.181 -1.2785 0.087 0.1619 -1.2501 0.0804 0.1714 -1.2449 0.0811 0.1712 -1.2506 0.0785 0.1733 -1.2638 0.0737 0.1769 -1.3026 0.0691 0.1778 -1.3031 0.0671 0.1797 -1.3063 0.0649 0.1817 -1.3105 0.0637 0.1825 -1.3182 0.0649 0.1805
34.0 -1.366 0.0593 0.1815 -1.2566 0.0777 0.1735 -1.2344 0.0764 0.177 -1.2352 0.0757 0.1777 -1.2428 0.0741 0.1786 -1.2561 0.0698 0.1816 -1.2875 0.068 0.1803 -1.2907 0.0664 0.1817 -1.2965 0.0644 0.1832 -1.304 0.0621 0.1847 -1.3089 0.064 0.1823
35.0 -1.3553 0.0583 0.1836 -1.2334 0.0705 0.1832 -1.2196 0.0723 0.1827 -1.2248 0.0716 0.1829 -1.2355 0.0726 0.1808 -1.2491 0.0702 0.182 -1.268 0.0676 0.1827 -1.2743 0.068 0.1817 -1.282 0.0669 0.182 -1.2894 0.0641 0.1842 -1.2938 0.065 0.1828
36.0 -1.3416 0.0558 0.1874 -1.237 0.0712 0.1821 -1.209 0.0719 0.1842 -1.2062 0.0711 0.1853 -1.2109 0.068 0.188 -1.2237 0.0608 0.1941 -1.2654 0.0674 0.1832 -1.2657 0.0643 0.1864 -1.2693 0.0595 0.1909 -1.2752 0.0532 0.1967 -1.2834 0.06 0.1889
37.0 -1.327 0.0529 0.1919 -1.2288 0.0644 0.1899 -1.1937 0.0648 0.1929 -1.1905 0.0671 0.1909 -1.199 0.0653 0.1919 -1.2117 0.0624 0.1936 -1.2502 0.056 0.1964 -1.2512 0.0571 0.1952 -1.2538 0.0567 0.1953 -1.258 0.0555 0.196 -1.2681 0.0556 0.1949
38.0 -1.3144 0.051 0.1951 -1.2087 0.0603 0.196 -1.1785 0.0638 0.1955 -1.1796 0.0649 0.1943 -1.1923 0.062 0.196 -1.21 0.0577 0.1986 -1.2371 0.0565 0.1971 -1.2398 0.0568 0.1966 -1.2456 0.0548 0.1981 -1.2548 0.0523 0.1997 -1.2583 0.0543 0.1973
39.0 -1.2995 0.0512 0.1964 -1.2125 0.0519 0.2043 -1.1689 0.059 0.2013 -1.1659 0.0619 0.1987 -1.1762 0.0605 0.1991 -1.1881 0.0582 0.2002 -1.2272 0.0505 0.2042 -1.2262 0.0549 0.1998 -1.2284 0.0571 0.1974 -1.2336 0.057 0.197 -1.243 0.0541 0.199
40.0 -1.2853 0.0457 0.2034 -1.198 0.0545 0.2031 -1.1576 0.055 0.2065 -1.1548 0.0591 0.2027 -1.1669 0.0574 0.2031 -1.1926 0.054 0.2041 -1.2142 0.0468 0.2093 -1.2158 0.0508 0.205 -1.2214 0.0525 0.2028 -1.2313 0.0536 0.2006 -1.2336 0.0499 0.2042
41.0 -1.2675 0.0445 0.2064 -1.1716 0.0593 0.2008 -1.1408 0.0542 0.209 -1.1391 0.0545 0.2089 -1.1543 0.0512 0.2108 -1.1898 0.0476 0.2109 -1.2055 0.0419 0.2152 -1.209 0.042 0.2148 -1.2179 0.0426 0.2132 -1.228 0.0449 0.2099 -1.2256 0.0432 0.2119
42.0 -1.2345 0.0416 0.2126 -1.1629 0.0451 0.2161 -1.1157 0.0466 0.2193 -1.1121 0.0514 0.2148 -1.1214 0.0538 0.2114 -1.1366 0.0554 0.2082 -1.174 0.0382 0.2221 -1.1724 0.0439 0.2165 -1.1741 0.0485 0.2115 -1.1782 0.0516 0.2079 -1.1866 0.0448 0.2141
43.0 -1.2237 0.0406 0.2147 -1.1455 0.0463 0.2167 -1.096 0.0444 0.2235 -1.0932 0.0491 0.219 -1.1015 0.051 0.2162 -1.1159 0.0527 0.213 -1.1588 0.0365 0.2253 -1.157 0.0417 0.2202 -1.1578 0.0458 0.2159 -1.161 0.0491 0.2123 -1.1717 0.0427 0.2177
44.0 -1.0653 0.015 0.2567 -0.9669 0.0258 0.2553 -0.9439 0.0149 0.2688 -0.9494 0.0166 0.2665 -0.9563 0.0156 0.2668 -0.9643 0.0158 0.2659 -1.006 0.0028 0.275 -1.0068 0.0027 0.275 -1.0082 0.0056 0.2719 -1.0088 0.0091 0.2682 -1.019 0.007 0.2693
45.0 -1.0498 0.0171 0.2561 -0.9521 0.0266 0.256 -0.9334 0.0157 0.269 -0.9383 0.0181 0.2661 -0.9466 0.0206 0.2627 -0.9578 0.024 0.2581 -0.9905 0.0049 0.2744 -0.9924 0.0059 0.2732 -0.9956 0.0091 0.2696 -0.9983 0.0142 0.264 -1.0053 0.0102 0.2674
46.0 -1.0364 0.0158 0.2587 -0.9326 0.031 0.2534 -0.9189 0.0182 0.2678 -0.9296 0.0241 0.2608 -0.9397 0.0264 0.2574 -0.9517 0.0297 0.2529 -0.9687 0.006 0.2754 -0.9734 0.0078 0.2731 -0.9794 0.0119 0.2683 -0.9864 0.0165 0.263 -0.9889 0.0116 0.2677
47.0 -1.0239 0.015 0.2607 -0.9235 0.0341 0.2512 -0.9112 0.0242 0.2625 -0.921 0.0302 0.2554 -0.9329 0.0328 0.2515 -0.9473 0.0346 0.2483 -0.9559 0.0084 0.2743 -0.9623 0.0099 0.272 -0.9692 0.0139 0.2673 -0.9762 0.0184 0.2619 -0.9775 0.0131 0.2672
48.0 -1.0105 0.0138 0.2633 -0.912 0.0387 0.2476 -0.9043 0.03 0.2573 -0.9123 0.0307 0.2557 -0.9226 0.0293 0.2561 -0.9348 0.0283 0.256 -0.9458 0.0109 0.2726 -0.9516 0.0089 0.2741 -0.9579 0.0099 0.2725 -0.9654 0.0126 0.269 -0.9663 0.0112 0.2703
49.0 -1.0031 0.0166 0.2611 -0.9061 0.0401 0.2467 -0.8992 0.0362 0.2515 -0.9067 0.0388 0.248 -0.9168 0.0411 0.2447 -0.9285 0.0426 0.242 -0.9391 0.0131 0.2711 -0.945 0.0165 0.267 -0.953 0.0216 0.261 -0.9602 0.0279 0.2538 -0.9601 0.0191 0.2628
50.0 -0.9961 0.017 0.2615 -0.9035 0.0405 0.2466 -0.8999 0.0403 0.2471 -0.9057 0.0432 0.2436 -0.9138 0.044 0.242 -0.9254 0.0448 0.24 -0.9337 0.0169 0.2678 -0.9404 0.0202 0.2637 -0.9474 0.0248 0.2583 -0.9552 0.0292 0.253 -0.9545 0.0216 0.2609
51.0 -0.9927 0.0174 0.2613 -0.8964 0.0451 0.2426 -0.9023 0.0486 0.2385 -0.9145 0.0481 0.2377 -0.9247 0.0462 0.2387 -0.9342 0.0449 0.2391 -0.9261 0.0191 0.2662 -0.9348 0.0185 0.266 -0.9423 0.0212 0.2625 -0.9509 0.0249 0.2578 -0.9494 0.0202 0.2628
52.0 -0.9889 0.021 0.2581 -0.8992 0.0411 0.2465 -0.8901 0.0496 0.2386 -0.8996 0.0483 0.239 -0.91 0.0475 0.2388 -0.9193 0.0457 0.2398 -0.9261 0.0289 0.2563 -0.9348 0.0332 0.251 -0.9417 0.0378 0.2456 -0.9492 0.0404 0.2422 -0.9481 0.0322 0.2506
53.0 -0.9867 0.0182 0.2611 -0.8909 0.0489 0.2393 -0.901 0.0512 0.2359 -0.9144 0.0475 0.2383 -0.9239 0.0463 0.2387 -0.9332 0.0444 0.2397 -0.9215 0.0228 0.2629 -0.9299 0.0204 0.2645 -0.9388 0.021 0.263 -0.9464 0.0243 0.2589 -0.9446 0.0214 0.2621
54.0 -0.9896 0.0197 0.2593 -0.8973 0.0505 0.237 -0.8954 0.0544 0.2332 -0.9101 0.053 0.2332 -0.9178 0.052 0.2335 -0.928 0.05 0.2345 -0.9218 0.0246 0.2611 -0.9307 0.0252 0.2596 -0.9399 0.0276 0.2562 -0.9475 0.0309 0.2521 -0.9459 0.0256 0.2576
55.0 -0.988 0.0205 0.2587 -0.8942 0.0527 0.235 -0.9008 0.0555 0.2315 -0.9183 0.055 0.2304 -0.9245 0.0547 0.23 -0.9338 0.0529 0.2309 -0.9199 0.0236 0.2623 -0.9305 0.024 0.2608 -0.9398 0.027 0.2568 -0.9494 0.0312 0.2515 -0.9455 0.0253 0.258
56.0 -0.9832 0.0187 0.261 -0.8982 0.0503 0.2371 -0.8945 0.0545 0.2332 -0.9075 0.0534 0.2331 -0.9154 0.0535 0.2321 -0.9258 0.0521 0.2325 -0.9204 0.0266 0.2592 -0.9293 0.0272 0.2576 -0.9377 0.0297 0.2542 -0.9454 0.0336 0.2495 -0.9432 0.0272 0.2563
57.0 -0.9817 0.0201 0.2597 -0.8932 0.0522 0.2356 -0.9064 0.0572 0.2293 -0.9236 0.0549 0.2299 -0.9302 0.0521 0.2321 -0.9361 0.0507 0.2329 -0.9182 0.0238 0.2622 -0.9268 0.0227 0.2625 -0.9342 0.0247 0.2597 -0.9417 0.0274 0.2562 -0.9405 0.0237 0.2601
58.0 -0.9824 0.0188 0.2609 -0.8915 0.0525 0.2356 -0.9057 0.0579 0.2286 -0.9244 0.0541 0.2306 -0.9317 0.0507 0.2334 -0.9398 0.0472 0.2362 -0.9172 0.0233 0.2628 -0.9264 0.0209 0.2644 -0.9346 0.0222 0.2622 -0.943 0.0248 0.2588 -0.9407 0.022 0.2618
59.0 -0.9799 0.0198 0.2602 -0.8924 0.0524 0.2356 -0.9099 0.0567 0.2294 -0.9261 0.0539 0.2306 -0.9334 0.0505 0.2334 -0.9381 0.0474 0.2361 -0.9149 0.0255 0.2608 -0.9234 0.0237 0.2618 -0.9317 0.0257 0.259 -0.9393 0.0289 0.2549 -0.9378 0.0247 0.2593
60.0 -0.9798 0.0241 0.2558 -0.8939 0.0509 0.2369 -0.8989 0.0545 0.2327 -0.9193 0.0505 0.2348 -0.9274 0.0513 0.2332 -0.9351 0.0503 0.2335 -0.9189 0.028 0.2579 -0.9286 0.0334 0.2514 -0.9384 0.0388 0.2449 -0.9471 0.0431 0.2396 -0.9426 0.0335 0.2499
61.0 -0.9812 0.022 0.2578 -0.8924 0.0524 0.2356 -0.9012 0.0573 0.2297 -0.9191 0.0542 0.231 -0.9268 0.0532 0.2313 -0.9351 0.0503 0.2335 -0.9179 0.0275 0.2584 -0.9263 0.0252 0.26 -0.9353 0.0264 0.2579 -0.9437 0.0289 0.2544 -0.9409 0.026 0.2577
62.0 -0.9812 0.022 0.2578 -0.8941 0.0521 0.2357 -0.9048 0.058 0.2286 -0.9291 0.056 0.2283 -0.9356 0.0532 0.2304 -0.942 0.0493 0.2338 -0.9161 0.0272 0.259 -0.9246 0.0254 0.2599 -0.9329 0.0273 0.2571 -0.9413 0.0305 0.2531 -0.9392 0.0265 0.2574
63.0 -0.9844 0.0204 0.2591 -0.8958 0.0519 0.2357 -0.9009 0.0561 0.2309 -0.9191 0.0542 0.231 -0.9293 0.0523 0.232 -0.9383 0.0486 0.2349 -0.9183 0.0299 0.256 -0.9266 0.027 0.2581 -0.9354 0.027 0.2572 -0.9437 0.0289 0.2544 -0.9417 0.0266 0.257
64.0 -0.983 0.0224 0.2572 -0.8934 0.0534 0.2344 -0.9078 0.0552 0.2312 -0.9243 0.0535 0.2312 -0.9329 0.053 0.2309 -0.9438 0.0497 0.2332 -0.9171 0.0276 0.2584 -0.9283 0.0267 0.2582 -0.9385 0.0296 0.2542 -0.9497 0.033 0.2497 -0.9433 0.0279 0.2555
65.0 -0.9822 0.0225 0.2572 -0.8943 0.0533 0.2344 -0.906 0.0548 0.2317 -0.92 0.0541 0.231 -0.9277 0.0531 0.2313 -0.9342 0.0504 0.2335 -0.9179 0.0275 0.2584 -0.9264 0.0258 0.2594 -0.9354 0.027 0.2572 -0.9439 0.0301 0.2532 -0.9412 0.0266 0.2571
66.0 -0.9801 0.0259 0.254 -0.9018 0.0462 0.241 -0.8925 0.053 0.235 -0.91 0.0475 0.2388 -0.9226 0.0489 0.2361 -0.9279 0.0494 0.2351 -0.9234 0.0335 0.2518 -0.9318 0.0415 0.2427 -0.9407 0.0471 0.2362 -0.9485 0.0515 0.2309 -0.9449 0.0399 0.2431
67.0 -0.9824 0.0237 0.2559 -0.8957 0.0513 0.2363 -0.9044 0.0507 0.2361 -0.9193 0.0505 0.2348 -0.9267 0.0526 0.2319 -0.9335 0.0511 0.2328 -0.9198 0.0279 0.2579 -0.9295 0.0333 0.2514 -0.9393 0.0393 0.2443 -0.9492 0.0453 0.2372 -0.944 0.0339 0.2493
68.0 -0.9806 0.0239 0.2559 -0.9004 0.0482 0.239 -0.8944 0.0539 0.2338 -0.9095 0.0494 0.2369 -0.9186 0.0513 0.2341 -0.9239 0.0518 0.2331 -0.922 0.0306 0.2548 -0.9299 0.0357 0.2489 -0.9387 0.0406 0.243 -0.9458 0.0458 0.237 -0.9434 0.0353 0.2479
69.0 -0.9798 0.0241 0.2558 -0.8972 0.0499 0.2377 -0.8968 0.0524 0.2351 -0.9127 0.0478 0.2382 -0.922 0.0508 0.2342 -0.9289 0.0499 0.2345 -0.9202 0.0303 0.2554 -0.9292 0.0364 0.2483 -0.9382 0.0425 0.2411 -0.947 0.048 0.2346 -0.9429 0.0363 0.247
70.0 -0.9823 0.0231 0.2566 -0.8975 0.0517 0.2358 -0.9012 0.0524 0.2347 -0.9166 0.0503 0.2353 -0.9239 0.0518 0.2331 -0.93 0.0509 0.2333 -0.919 0.0286 0.2572 -0.9281 0.0304 0.2545 -0.9376 0.0346 0.2492 -0.9463 0.039 0.2439 -0.9427 0.0311 0.2523
71.0 -0.9809 0.0251 0.2546 -0.9002 0.047 0.2403 -0.8948 0.0514 0.2363 -0.906 0.0499 0.2367 -0.9162 0.0528 0.2328 -0.9223 0.0526 0.2324 -0.9232 0.0323 0.253 -0.9315 0.0397 0.2446 -0.9405 0.0459 0.2375 -0.9484 0.0509 0.2315 -0.9449 0.0388 0.2442
72.0 -0.9829 0.0218 0.2578 -0.8951 0.0526 0.2351 -0.9039 0.0526 0.2342 -0.9152 0.0523 0.2334 -0.9249 0.0522 0.2325 -0.9323 0.0494 0.2346 -0.9188 0.0274 0.2585 -0.9274 0.0263 0.2588 -0.9365 0.0281 0.256 -0.9451 0.0318 0.2514 -0.9421 0.0271 0.2565
73.0 -0.9838 0.0217 0.2579 -0.8961 0.0537 0.2339 -0.9107 0.0517 0.2344 -0.9281 0.0506 0.2339 -0.9352 0.0508 0.2329 -0.9418 0.0481 0.235 -0.9187 0.0268 0.2591 -0.9283 0.0267 0.2582 -0.9378 0.0303 0.2536 -0.9474 0.0352 0.2477 -0.9432 0.0281 0.2553
74.0 -0.9833 0.0242 0.2554 -0.8974 0.0511 0.2364 -0.8985 0.0521 0.2352 -0.9127 0.0527 0.2333 -0.9207 0.0534 0.2317 -0.9266 0.052 0.2325 -0.919 0.0286 0.2572 -0.9294 0.0327 0.252 -0.9383 0.0382 0.2455 -0.9471 0.0431 0.2396 -0.9434 0.0334 0.2499
75.0 -0.9803 0.0222 0.2577 -0.9005 0.0537 0.2334 -0.9019 0.0517 0.2353 -0.9175 0.0502 0.2353 -0.9245 0.0499 0.235 -0.9337 0.0474 0.2366 -0.9194 0.031 0.2547 -0.926 0.0283 0.2569 -0.9331 0.0285 0.2559 -0.9413 0.0305 0.2531 -0.94 0.0281 0.2557
76.0 -0.9802 0.0216 0.2584 -0.8974 0.0511 0.2364 -0.8962 0.0543 0.2332 -0.9178 0.052 0.2335 -0.9257 0.0515 0.2331 -0.9324 0.05 0.234 -0.9209 0.0296 0.2561 -0.9279 0.0292 0.2557 -0.937 0.0311 0.2529 -0.9455 0.0342 0.2489 -0.9423 0.0291 0.2544
77.0 -0.9813 0.0226 0.2571 -0.9024 0.0492 0.2379 -0.8944 0.0539 0.2338 -0.909 0.0519 0.2344 -0.919 0.0536 0.2316 -0.9267 0.0526 0.2319 -0.9226 0.0293 0.2561 -0.9303 0.0326 0.252 -0.939 0.0375 0.2461 -0.946 0.0421 0.2408 -0.9438 0.0328 0.2504
78.0 -0.9797 0.0235 0.2565 -0.8956 0.0507 0.237 -0.8998 0.0544 0.2328 -0.918 0.0532 0.2322 -0.9235 0.0543 0.2305 -0.9284 0.0524 0.232 -0.9205 0.0272 0.2585 -0.9289 0.0297 0.2551 -0.9374 0.0334 0.2505 -0.9462 0.0384 0.2445 -0.9425 0.0304 0.253
79.0 -0.9835 0.0254 0.2541 -0.9004 0.0482 0.239 -0.8942 0.0527 0.235 -0.9096 0.05 0.2363 -0.9196 0.0523 0.2329 -0.9275 0.0519 0.2326 -0.9226 0.0342 0.2511 -0.9316 0.0403 0.244 -0.9404 0.0453 0.2381 -0.949 0.049 0.2334 -0.9454 0.0388 0.2441
80.0 -0.9813 0.0226 0.2571 -0.893 0.051 0.2369 -0.9049 0.0586 0.228 -0.9197 0.0578 0.2273 -0.9272 0.0556 0.2288 -0.9328 0.0524 0.2315 -0.9198 0.0279 0.2579 -0.9275 0.0268 0.2582 -0.9356 0.0282 0.256 -0.9431 0.0308 0.2525 -0.9415 0.0273 0.2564
81.0 -0.9799 0.0198 0.2602 -0.8941 0.0521 0.2357 -0.8981 0.0546 0.2327 -0.916 0.0516 0.234 -0.9249 0.0473 0.2375 -0.9302 0.0424 0.2421 -0.9178 0.0318 0.2541 -0.922 0.0258 0.2598 -0.9277 0.0232 0.2619 -0.9329 0.0225 0.2621 -0.9361 0.0246 0.2596
82.0 -0.986 0.0196 0.2598 -0.891 0.0495 0.2387 -0.9039 0.0581 0.2285 -0.9232 0.0574 0.2274 -0.9321 0.0531 0.2309 -0.9385 0.0498 0.2336 -0.9187 0.0268 0.2591 -0.9269 0.0233 0.2619 -0.9347 0.0228 0.2616 -0.9421 0.0249 0.2587 -0.9417 0.0235 0.2602
83.0 -0.9897 0.0203 0.2587 -0.8876 0.05 0.2385 -0.899 0.06 0.2271 -0.9166 0.0601 0.2253 -0.9251 0.0583 0.2262 -0.9369 0.0555 0.2279 -0.919 0.0286 0.2572 -0.9286 0.0279 0.257 -0.9385 0.0296 0.2542 -0.9469 0.0322 0.2508 -0.9445 0.0277 0.2556
84.0 -0.9836 0.0205 0.2591 -0.889 0.0479 0.2405 -0.8999 0.0599 0.2271 -0.9103 0.0591 0.2269 -0.9188 0.0573 0.2279 -0.9296 0.054 0.2302 -0.9185 0.0305 0.2553 -0.9261 0.0289 0.2563 -0.934 0.029 0.2553 -0.9415 0.0317 0.2519 -0.9407 0.0281 0.2556
85.0 -0.9838 0.0217 0.2579 -0.888 0.0474 0.241 -0.8977 0.0577 0.2296 -0.9116 0.0565 0.2295 -0.9218 0.0545 0.2305 -0.9326 0.0512 0.2328 -0.9199 0.0285 0.2573 -0.9285 0.0273 0.2576 -0.9367 0.0293 0.2548 -0.9451 0.0318 0.2514 -0.9428 0.0277 0.2558
86.0 -0.9829 0.0218 0.2578 -0.8899 0.0484 0.2399 -0.8917 0.0537 0.2343 -0.9013 0.053 0.2341 -0.911 0.0535 0.2326 -0.9232 0.0525 0.2324 -0.921 0.0302 0.2554 -0.9292 0.0315 0.2533 -0.9376 0.0346 0.2492 -0.9454 0.0385 0.2445 -0.9432 0.0313 0.252
87.0 -0.9846 0.0216 0.2579 -0.8887 0.0467 0.2417 -0.8926 0.0535 0.2343 -0.9008 0.0555 0.2315 -0.9114 0.0553 0.2307 -0.9234 0.0537 0.2312 -0.9237 0.0304 0.2549 -0.9312 0.0331 0.2515 -0.9396 0.0356 0.248 -0.9473 0.0394 0.2433 -0.9453 0.032 0.2511
88.0 -0.9877 0.0193 0.2599 -0.8913 0.0464 0.2418 -0.8931 0.0516 0.2362 -0.9026 0.0504 0.2366 -0.9123 0.0509 0.2351 -0.9238 0.0512 0.2337 -0.9251 0.0284 0.2568 -0.9323 0.0293 0.2552 -0.9399 0.0325 0.2512 -0.9476 0.0363 0.2465 -0.9465 0.0292 0.2539
89.0 -0.9923 0.0199 0.2588 -0.8947 0.0453 0.2425 -0.8953 0.0489 0.2388 -0.9032 0.0491 0.2379 -0.9149 0.0505 0.2352 -0.9273 0.0507 0.2338 -0.9297 0.0296 0.2551 -0.937 0.0311 0.2529 -0.9446 0.0343 0.2489 -0.9523 0.0382 0.2442 -0.9512 0.0306 0.252
90.0 -1.0146 0.012 0.2647 -0.9184 0.0354 0.2503 -0.9147 0.039 0.2471 -0.9224 0.0428 0.2424 -0.9352 0.046 0.2379 -0.9507 0.0439 0.2385 -0.9507 0.0188 0.2641 -0.9585 0.0233 0.2588 -0.9671 0.027 0.2541 -0.9766 0.0312 0.2488 -0.9735 0.0225 0.2581
91.0 -1.0197 0.0107 0.2655 -0.9252 0.0339 0.2512 -0.9181 0.0385 0.2472 -0.9249 0.0425 0.2425 -0.9376 0.0444 0.2392 -0.9521 0.0418 0.2404 -0.9567 0.018 0.2643 -0.9635 0.0214 0.2602 -0.9711 0.0246 0.2561 -0.9788 0.0285 0.2514 -0.978 0.0206 0.2595
92.0 -1.03 0.0093 0.2659 -0.9319 0.0318 0.2527 -0.9258 0.0375 0.2475 -0.9309 0.0411 0.2433 -0.9453 0.0434 0.2395 -0.9616 0.0406 0.2408 -0.9649 0.0145 0.2671 -0.9717 0.0178 0.263 -0.9803 0.0222 0.2577 -0.9891 0.0271 0.2518 -0.9872 0.0182 0.2611
93.0 -1.0387 0.0088 0.2656 -0.9357 0.0288 0.2554 -0.9281 0.0353 0.2495 -0.9345 0.0369 0.2472 -0.9472 0.0388 0.244 -0.9637 0.0378 0.2434 -0.9718 0.0135 0.2674 -0.9778 0.0176 0.2626 -0.9856 0.0221 0.2573 -0.9943 0.0264 0.252 -0.9936 0.0177 0.261
94.0 -1.0524 0.0069 0.2661 -0.9524 0.0284 0.2542 -0.9368 0.0299 0.2542 -0.9392 0.0332 0.2505 -0.9501 0.0354 0.2472 -0.9664 0.0332 0.2478 -0.9866 0.0079 0.2717 -0.9916 0.0115 0.2675 -0.9979 0.0167 0.2615 -1.0042 0.0226 0.2549 -1.0065 0.0131 0.2644
95.0 -1.0692 0.0071 0.2643 -0.9613 0.0241 0.2576 -0.9482 0.0247 0.2584 -0.9506 0.028 0.2547 -0.9604 0.0291 0.2526 -0.9762 0.0288 0.2513 -1.0023 0.007 0.2711 -1.0064 0.0101 0.2675 -1.0106 0.0144 0.2627 -1.0159 0.0192 0.2572 -1.0209 0.0116 0.2645
96.0 -1.0851 0.0025 0.2674 -0.9759 0.0221 0.2582 -0.96 0.0218 0.2601 -0.9612 0.0235 0.2582 -0.9691 0.0231 0.2579 -0.9812 0.022 0.2578 -1.0193 0.0035 0.273 -1.0211 0.0038 0.2724 -1.0243 0.0071 0.2688 -1.0277 0.0115 0.2639 -1.0355 0.0057 0.2691
97.0 -1.1057 -0.0003 0.2682 -1.0003 0.0158 0.2623 -0.9764 0.0196 0.2607 -0.9733 0.0225 0.2581 -0.9829 0.0218 0.2578 -0.9968 0.0205 0.2577 -1.0402 0.0025 0.2719 -1.0404 0.0037 0.2707 -1.0428 0.007 0.267 -1.046 0.0102 0.2634 -1.055 0.0046 0.2682
98.0 -1.1248 -0.0016 0.2677 -1.0124 0.0142 0.2627 -0.992 0.0187 0.2601 -0.9904 0.0196 0.2594 -0.9974 0.0192 0.259 -1.0154 0.0162 0.2603 -1.0555 0.0041 0.2688 -1.0574 0.005 0.2676 -1.0612 0.007 0.2652 -1.066 0.0088 0.2629 -1.073 0.0046 0.2664
99.0 -1.1417 -0.0008 0.2652 -1.0295 0.0167 0.2584 -1.0147 0.0175 0.2591 -1.0167 0.0191 0.2573 -1.0238 0.0193 0.2563 -1.0386 0.0186 0.2556 -1.0725 0.0012 0.27 -1.0761 0.0013 0.2696 -1.08 0.0038 0.2666 -1.0851 0.0074 0.2624 -1.0911 0.0026 0.2668
100.0 -1.1612 0.0002 0.2622 -1.0529 0.0197 0.2531 -1.0357 0.022 0.2524 -1.0392 0.0215 0.2525 -1.0453 0.0213 0.2521 -1.0513 0.0205 0.2524 -1.0872 -0.0002 0.27 -1.0897 -0.0012 0.2707 -1.0926 0.0003 0.269 -1.0958 0.0035 0.2653 -1.1053 0.0005 0.2674
101.0 -1.1794 0.0038 0.2567 -1.0792 0.0192 0.2509 -1.0511 0.0242 0.2486 -1.0501 0.0237 0.2492 -1.0527 0.0234 0.2493 -1.0626 0.0196 0.2522 -1.1062 0.0027 0.2651 -1.1076 0.0007 0.267 -1.1086 0.0012 0.2665 -1.1108 0.0039 0.2634 -1.1226 0.0025 0.2637
102.0 -1.1938 0.0056 0.2535 -1.0974 0.0228 0.2454 -1.0697 0.0254 0.2456 -1.0698 0.026 0.245 -1.0751 0.0259 0.2445 -1.0837 0.0247 0.2449 -1.1287 0.0052 0.2604 -1.1303 0.0044 0.261 -1.1315 0.006 0.2592 -1.1329 0.0095 0.2555 -1.1434 0.0061 0.2579
103.0 -1.2156 0.0093 0.2475 -1.1163 0.0252 0.2411 -1.0958 0.0334 0.2347 -1.0948 0.033 0.2353 -1.1007 0.0316 0.2362 -1.1113 0.0265 0.2403 -1.1467 0.0125 0.2511 -1.1473 0.0112 0.2523 -1.1499 0.0109 0.2524 -1.1545 0.0121 0.2507 -1.1628 0.0112 0.2508
103.0 -1.2156 0.0093 0.2475 -1.1163 0.0252 0.2411 -1.0958 0.0334 0.2347 -1.0948 0.033 0.2353 -1.1007 0.0316 0.2362 -1.1113 0.0265 0.2403 -1.1467 0.0125 0.2511 -1.1473 0.0112 0.2523 -1.1499 0.0109 0.2524 -1.1545 0.0121 0.2507 -1.1628 0.0112 0.2508
103.0 -1.2156 0.0093 0.2475 -1.1163 0.0252 0.2411 -1.0958 0.0334 0.2347 -1.0948 0.033 0.2353 -1.1007 0.0316 0.2362 -1.1113 0.0265 0.2403 -1.1467 0.0125 0.2511 -1.1473 0.0112 0.2523 -1.1499 0.0109 0.2524 -1.1545 0.0121 0.2507 -1.1628 0.0112 0.2508
106.0 -1.3317 0.0291 0.2158 -1.2232 0.0578 0.1972 -1.2181 0.0689 0.1864 -1.2222 0.0671 0.1878 -1.2261 0.0641 0.1904 -1.2366 0.0541 0.1996 -1.2518 0.035 0.2177 -1.2549 0.0327 0.2197 -1.261 0.0325 0.2193 -1.2693 0.0345 0.2165 -1.2737 0.0328 0.2178
107.0 -1.3431 0.0343 0.2093 -1.2427 0.0533 0.1998 -1.2363 0.0725 0.1808 -1.2406 0.0719 0.181 -1.2485 0.0666 0.1857 -1.2576 0.058 0.1935 -1.2636 0.0474 0.2038 -1.2667 0.0452 0.2058 -1.2743 0.0429 0.2073 -1.2835 0.0405 0.2089 -1.2863 0.0421 0.207
108.0 -1.3534 0.0378 0.2047 -1.2547 0.0566 0.1953 -1.2511 0.0766 0.1752 -1.255 0.0785 0.1728 -1.2627 0.0775 0.1731 -1.2736 0.0742 0.1754 -1.2741 0.0472 0.2029 -1.2791 0.0502 0.1994 -1.2866 0.0529 0.1959 -1.2974 0.0545 0.1932 -1.2981 0.0485 0.1992
109.0 -1.3467 0.0448 0.1982 -1.2681 0.078 0.1721 -1.2591 0.0816 0.1692 -1.2624 0.0806 0.17 -1.2685 0.0755 0.1746 -1.2847 0.0574 0.1915 -1.286 0.0597 0.189 -1.2923 0.0552 0.193 -1.3019 0.0502 0.1971 -1.3142 0.0449 0.2013 -1.3082 0.0509 0.1957
110.0 -1.3692 0.0472 0.1935 -1.2936 0.0831 0.1643 -1.2766 0.0866 0.1624 -1.2773 0.0853 0.1637 -1.2815 0.0841 0.1645 -1.2907 0.0762 0.1717 -1.3 0.059 0.1883 -1.302 0.0557 0.1915 -1.3059 0.0527 0.1942 -1.3127 0.0512 0.195 -1.3179 0.0532 0.1925
110.0 -1.3692 0.0472 0.1935 -1.2936 0.0831 0.1643 -1.2766 0.0866 0.1624 -1.2773 0.0853 0.1637 -1.2815 0.0841 0.1645 -1.2907 0.0762 0.1717 -1.3 0.059 0.1883 -1.302 0.0557 0.1915 -1.3059 0.0527 0.1942 -1.3127 0.0512 0.195 -1.3179 0.0532 0.1925
110.0 -1.3692 0.0472 0.1935 -1.2936 0.0831 0.1643 -1.2766 0.0866 0.1624 -1.2773 0.0853 0.1637 -1.2815 0.0841 0.1645 -1.2907 0.0762 0.1717 -1.3 0.059 0.1883 -1.302 0.0557 0.1915 -1.3059 0.0527 0.1942 -1.3127 0.0512 0.195 -1.3179 0.0532 0.1925
110.0 -1.3692 0.0472 0.1935 -1.2936 0.0831 0.1643 -1.2766 0.0866 0.1624 -1.2773 0.0853 0.1637 -1.2815 0.0841 0.1645 -1.2907 0.0762 0.1717 -1.3 0.059 0.1883 -1.302 0.0557 0.1915 -1.3059 0.0527 0.1942 -1.3127 0.0512 0.195 -1.3179 0.0532 0.1925
110.0 -1.3692 0.0472 0.1935 -1.2936 0.0831 0.1643 -1.2766 0.0866 0.1624 -1.2773 0.0853 0.1637 -1.2815 0.0841 0.1645 -1.2907 0.0762 0.1717 -1.3 0.059 0.1883 -1.302 0.0557 0.1915 -1.3059 0.0527 0.1942 -1.3127 0.0512 0.195 -1.3179 0.0532 0.1925
110.0 -1.3692 0.0472 0.1935 -1.2936 0.0831 0.1643 -1.2766 0.0866 0.1624 -1.2773 0.0853 0.1637 -1.2815 0.0841 0.1645 -1.2907 0.0762 0.1717 -1.3 0.059 0.1883 -1.302 0.0557 0.1915 -1.3059 0.0527 0.1942 -1.3127 0.0512 0.195 -1.3179 0.0532 0.1925
110.0 -1.3692 0.0472 0.1935 -1.2936 0.0831 0.1643 -1.2766 0.0866 0.1624 -1.2773 0.0853 0.1637 -1.2815 0.0841 0.1645 -1.2907 0.0762 0.1717 -1.3 0.059 0.1883 -1.302 0.0557 0.1915 -1.3059 0.0527 0.1942 -1.3127 0.0512 0.195 -1.3179 0.0532 0.1925
110.0 -1.3692 0.0472 0.1935 -1.2936 0.0831 0.1643 -1.2766 0.0866 0.1624 -1.2773 0.0853 0.1637 -1.2815 0.0841 0.1645 -1.2907 0.0762 0.1717 -1.3 0.059 0.1883 -1.302 0.0557 0.1915 -1.3059 0.0527 0.1942 -1.3127 0.0512 0.195 -1.3179 0.0532 0.1925
110.0 -1.3692 0.0472 0.1935 -1.2936 0.0831 0.1643 -1.2766 0.0866 0.1624 -1.2773 0.0853 0.1637 -1.2815 0.0841 0.1645 -1.2907 0.0762 0.1717 -1.3 0.059 0.1883 -1.302 0.0557 0.1915 -1.3059 0.0527 0.1942 -1.3127 0.0512 0.195 -1.3179 0.0532 0.1925
110.0 -1.3692 0.0472 0.1935 -1.2936 0.0831 0.1643 -1.2766 0.0866 0.1624 -1.2773 0.0853 0.1637 -1.2815 0.0841 0.1645 -1.2907 0.0762 0.1717 -1.3 0.059 0.1883 -1.302 0.0557 0.1915 -1.3059 0.0527 0.1942 -1.3127 0.0512 0.195 -1.3179 0.0532 0.1925
110.0 -1.3692 0.0472 0.1935 -1.2936 0.0831 0.1643 -1.2766 0.0866 0.1624 -1.2773 0.0853 0.1637 -1.2815 0.0841 0.1645 -1.2907 0.0762 0.1717 -1.3 0.059 0.1883 -1.302 0.0557 0.1915 -1.3059 0.0527 0.1942 -1.3127 0.0512 0.195 -1.3179 0.0532 0.1925
110.0 -1.3692 0.0472 0.1935 -1.2936 0.0831 0.1643 -1.2766 0.0866 0.1624 -1.2773 0.0853 0.1637 -1.2815 0.0841 0.1645 -1.2907 0.0762 0.1717 -1.3 0.059 0.1883 -1.302 0.0557 0.1915 -1.3059 0.0527 0.1942 -1.3127 0.0512 0.195 -1.3179 0.0532 0.1925
110.0 -1.3692 0.0472 0.1935 -1.2936 0.0831 0.1643 -1.2766 0.0866 0.1624 -1.2773 0.0853 0.1637 -1.2815 0.0841 0.1645 -1.2907 0.0762 0.1717 -1.3 0.059 0.1883 -1.302 0.0557 0.1915 -1.3059 0.0527 0.1942 -1.3127 0.0512 0.195 -1.3179 0.0532 0.1925
110.0 -1.3692 0.0472 0.1935 -1.2936 0.0831 0.1643 -1.2766 0.0866 0.1624 -1.2773 0.0853 0.1637 -1.2815 0.0841 0.1645 -1.2907 0.0762 0.1717 -1.3 0.059 0.1883 -1.302 0.0557 0.1915 -1.3059 0.0527 0.1942 -1.3127 0.0512 0.195 -1.3179 0.0532 0.1925
110.0 -1.3692 0.0472 0.1935 -1.2936 0.0831 0.1643 -1.2766 0.0866 0.1624 -1.2773 0.0853 0.1637 -1.2815 0.0841 0.1645 -1.2907 0.0762 0.1717 -1.3 0.059 0.1883 -1.302 0.0557 0.1915 -1.3059 0.0527 0.1942 -1.3127 0.0512 0.195 -1.3179 0.0532 0.1925
110.0 -1.3692 0.0472 0.1935 -1.2936 0.0831 0.1643 -1.2766 0.0866 0.1624 -1.2773 0.0853 0.1637 -1.2815 0.0841 0.1645 -1.2907 0.0762 0.1717 -1.3 0.059 0.1883 -1.302 0.0557 0.1915 -1.3059 0.0527 0.1942 -1.3127 0.0512 0.195 -1.3179 0.0532 0.1925
110.0 -1.3692 0.0472 0.1935 -1.2936 0.0831 0.1643 -1.2766 0.0866 0.1624 -1.2773 0.0853 0.1637 -1.2815 0.0841 0.1645 -1.2907 0.0762 0.1717 -1.3 0.059 0.1883 -1.302 0.0557 0.1915 -1.3059 0.0527 0.1942 -1.3127 0.0512 0.195 -1.3179 0.0532 0.1925
110.0 -1.3692 0.0472 0.1935 -1.2936 0.0831 0.1643 -1.2766 0.0866 0.1624 -1.2773 0.0853 0.1637 -1.2815 0.0841 0.1645 -1.2907 0.0762 0.1717 -1.3 0.059 0.1883 -1.302 0.0557 0.1915 -1.3059 0.0527 0.1942 -1.3127 0.0512 0.195 -1.3179 0.0532 0.1925
110.0 -1.3692 0.0472 0.1935 -1.2936 0.0831 0.1643 -1.2766 0.0866 0.1624 -1.2773 0.0853 0.1637 -1.2815 0.0841 0.1645 -1.2907 0.0762 0.1717 -1.3 0.059 0.1883 -1.302 0.0557 0.1915 -1.3059 0.0527 0.1942 -1.3127 0.0512 0.195 -1.3179 0.0532 0.1925
110.0 -1.3692 0.0472 0.1935 -1.2936 0.0831 0.1643 -1.2766 0.0866 0.1624 -1.2773 0.0853 0.1637 -1.2815 0.0841 0.1645 -1.2907 0.0762 0.1717 -1.3 0.059 0.1883 -1.302 0.0557 0.1915 -1.3059 0.0527 0.1942 -1.3127 0.0512 0.195 -1.3179 0.0532 0.1925
110.0 -1.3692 0.0472 0.1935 -1.2936 0.0831 0.1643 -1.2766 0.0866 0.1624 -1.2773 0.0853 0.1637 -1.2815 0.0841 0.1645 -1.2907 0.0762 0.1717 -1.3 0.059 0.1883 -1.302 0.0557 0.1915 -1.3059 0.0527 0.1942 -1.3127 0.0512 0.195 -1.3179 0.0532 0.1925
110.0 -1.3692 0.0472 0.1935 -1.2936 0.0831 0.1643 -1.2766 0.0866 0.1624 -1.2773 0.0853 0.1637 -1.2815 0.0841 0.1645 -1.2907 0.0762 0.1717 -1.3 0.059 0.1883 -1.302 0.0557 0.1915 -1.3059 0.0527 0.1942 -1.3127 0.0512 0.195 -1.3179 0.0532 0.1925
110.0 -1.3692 0.0472 0.1935 -1.2936 0.0831 0.1643 -1.2766 0.0866 0.1624 -1.2773 0.0853 0.1637 -1.2815 0.0841 0.1645 -1.2907 0.0762 0.1717 -1.3 0.059 0.1883 -1.302 0.0557 0.1915 -1.3059 0.0527 0.1942 -1.3127 0.0512 0.195 -1.3179 0.0532 0.1925
110.0 -1.3692 0.0472 0.1935 -1.2936 0.0831 0.1643 -1.2766 0.0866 0.1624 -1.2773 0.0853 0.1637 -1.2815 0.0841 0.1645 -1.2907 0.0762 0.1717 -1.3 0.059 0.1883 -1.302 0.0557 0.1915 -1.3059 0.0527 0.1942 -1.3127 0.0512 0.195 -1.3179 0.0532 0.1925
110.0 -1.3692 0.0472 0.1935 -1.2936 0.0831 0.1643 -1.2766 0.0866 0.1624 -1.2773 0.0853 0.1637 -1.2815 0.0841 0.1645 -1.2907 0.0762 0.1717 -1.3 0.059 0.1883 -1.302 0.0557 0.1915 -1.3059 0.0527 0.1942 -1.3127 0.0512 0.195 -1.3179 0.0532 0.1925
110.0 -1.3692 0.0472 0.1935 -1.2936 0.0831 0.1643 -1.2766 0.0866 0.1624 -1.2773 0.0853 0.1637 -1.2815 0.0841 0.1645 -1.2907 0.0762 0.1717 -1.3 0.059 0.1883 -1.302 0.0557 0.1915 -1.3059 0.0527 0.1942 -1.3127 0.0512 0.195 -1.3179 0.0532 0.1925
110.0 -1.3692 0.0472 0.1935 -1.2936 0.0831 0.1643 -1.2766 0.0866 0.1624 -1.2773 0.0853 0.1637 -1.2815 0.0841 0.1645 -1.2907 0.0762 0.1717 -1.3 0.059 0.1883 -1.302 0.0557 0.1915 -1.3059 0.0527 0.1942 -1.3127 0.0512 0.195 -1.3179 0.0532 0.1925
110.0 -1.3692 0.0472 0.1935 -1.2936 0.0831 0.1643 -1.2766 0.0866 0.1624 -1.2773 0.0853 0.1637 -1.2815 0.0841 0.1645 -1.2907 0.0762 0.1717 -1.3 0.059 0.1883 -1.302 0.0557 0.1915 -1.3059 0.0527 0.1942 -1.3127 0.0512 0.195 -1.3179 0.0532 0.1925
110.0 -1.3692 0.0472 0.1935 -1.2936 0.0831 0.1643 -1.2766 0.0866 0.1624 -1.2773 0.0853 0.1637 -1.2815 0.0841 0.1645 -1.2907 0.0762 0.1717 -1.3 0.059 0.1883 -1.302 0.0557 0.1915 -1.3059 0.0527 0.1942 -1.3127 0.0512 0.195 -1.3179 0.0532 0.1925
110.0 -1.3692 0.0472 0.1935 -1.2936 0.0831 0.1643 -1.2766 0.0866 0.1624 -1.2773 0.0853 0.1637 -1.2815 0.0841 0.1645 -1.2907 0.0762 0.1717 -1.3 0.059 0.1883 -1.302 0.0557 0.1915 -1.3059 0.0527 0.1942 -1.3127 0.0512 0.195 -1.3179 0.0532 0.1925
110.0 -1.3692 0.0472 0.1935 -1.2936 0.0831 0.1643 -1.2766 0.0866 0.1624 -1.2773 0.0853 0.1637 -1.2815 0.0841 0.1645 -1.2907 0.0762 0.1717 -1.3 0.059 0.1883 -1.302 0.0557 0.1915 -1.3059 0.0527 0.1942 -1.3127 0.0512 0.195 -1.3179 0.0532 0.1925
110.0 -1.3692 0.0472 0.1935 -1.2936 0.0831 0.1643 -1.2766 0.0866 0.1624 -1.2773 0.0853 0.1637 -1.2815 0.0841 0.1645 -1.2907 0.0762 0.1717 -1.3 0.059 0.1883 -1.302 0.0557 0.1915 -1.3059 0.0527 0.1942 -1.3127 0.0512 0.195 -1.3179 0.0532 0.1925
110.0 -1.3692 0.0472 0.1935 -1.2936 0.0831 0.1643 -1.2766 0.0866 0.1624 -1.2773 0.0853 0.1637 -1.2815 0.0841 0.1645 -1.2907 0.0762 0.1717 -1.3 0.059 0.1883 -1.302 0.0557 0.1915 -1.3059 0.0527 0.1942 -1.3127 0.0512 0.195 -1.3179 0.0532 0.1925
