1.0 -1.3588 0.0334 0.2087 -1.3023 0.0172 0.2309 -1.2538 0.0317 0.2209 -1.2514 0.0479 0.2045 -1.2639 0.059 0.1919 -1.2851 0.0647 0.184 -1.306 0.0283 0.2191 -1.3058 0.0369 0.2104 -1.3097 0.0443 0.2024 -1.3177 0.0499 0.1959 -1.3196 0.0385 0.2073
2.0 -1.3588 0.0334 0.2087 -1.3023 0.0172 0.2309 -1.253 0.0318 0.2208 -1.2505 0.048 0.2045 -1.264 0.0596 0.1913 -1.286 0.0646 0.184 -1.3061 0.0289 0.2185 -1.3049 0.037 0.2104 -1.3097 0.0443 0.2024 -1.3169 0.05 0.1958 -1.3193 0.0387 0.2072
3.0 -1.3605 0.0331 0.2088 -1.3023 0.0172 0.2309 -1.2539 0.0323 0.2202 -1.2507 0.0492 0.2033 -1.2632 0.0603 0.1906 -1.2861 0.0652 0.1834 -1.3052 0.0284 0.2191 -1.305 0.0376 0.2097 -1.3097 0.0443 0.2024 -1.3176 0.0493 0.1965 -1.3196 0.0385 0.2073
4.0 -1.3605 0.0331 0.2088 -1.3024 0.0178 0.2302 -1.2539 0.0323 0.2202 -1.2516 0.0491 0.2033 -1.2631 0.0597 0.1913 -1.2861 0.0652 0.1834 -1.3053 0.029 0.2185 -1.305 0.0376 0.2097 -1.3097 0.0443 0.2024 -1.3178 0.0505 0.1952 -1.3197 0.0389 0.2069
5.0 -1.3606 0.0337 0.2081 -1.3016 0.0179 0.2302 -1.2539 0.0323 0.2202 -1.2516 0.0491 0.2033 -1.265 0.0601 0.1907 -1.2861 0.0652 0.1834 -1.3053 0.029 0.2185 -1.305 0.0376 0.2097 -1.3097 0.0443 0.2024 -1.3177 0.0499 0.1959 -1.3197 0.0389 0.2069
6.0 -1.3605 0.0331 0.2088 -1.3016 0.0179 0.2302 -1.2539 0.0323 0.2202 -1.2516 0.0491 0.2033 -1.2651 0.0607 0.1901 -1.2861 0.0652 0.1834 -1.3061 0.0289 0.2185 -1.3059 0.0375 0.2098 -1.3097 0.0443 0.2024 -1.3177 0.0499 0.1959 -1.32 0.0387 0.2071
7.0 -1.3597 0.0333 0.2087 -1.3024 0.0178 0.2302 -1.2549 0.0327 0.2197 -1.2516 0.0491 0.2033 -1.264 0.0596 0.1913 -1.2861 0.0652 0.1834 -1.3061 0.0289 0.2185 -1.3059 0.0375 0.2098 -1.3098 0.0449 0.2018 -1.3178 0.0505 0.1952 -1.3199 0.039 0.2068
8.0 -1.3615 0.0336 0.2082 -1.3024 0.0178 0.2302 -1.2539 0.0323 0.2202 -1.2516 0.0491 0.2033 -1.2649 0.0595 0.1913 -1.2868 0.0645 0.1841 -1.3062 0.0295 0.2179 -1.3059 0.0375 0.2098 -1.3097 0.0443 0.2024 -1.3177 0.0499 0.1959 -1.3202 0.0389 0.2068
9.0 -1.3605 0.0331 0.2088 -1.3024 0.0178 0.2302 -1.2549 0.0327 0.2197 -1.2526 0.0495 0.2027 -1.2657 0.0594 0.1914 -1.2869 0.0651 0.1834 -1.3061 0.0289 0.2185 -1.3059 0.0375 0.2098 -1.3097 0.0443 0.2024 -1.3177 0.0499 0.1959 -1.32 0.0387 0.2071
10.0 -1.3605 0.0331 0.2088 -1.3024 0.0178 0.2302 -1.2548 0.0321 0.2203 -1.2525 0.0489 0.2033 -1.2649 0.0595 0.1913 -1.2869 0.0651 0.1834 -1.306 0.0283 0.2191 -1.3059 0.0375 0.2098 -1.3107 0.0448 0.2018 -1.3178 0.0505 0.1952 -1.3202 0.0388 0.207
11.0 -1.3598 0.0338 0.2081 -1.3032 0.0171 0.2309 -1.2548 0.0321 0.2203 -1.2516 0.0491 0.2033 -1.2649 0.0595 0.1913 -1.2861 0.0652 0.1834 -1.307 0.0288 0.2186 -1.3067 0.0373 0.2098 -1.3106 0.0442 0.2025 -1.3187 0.0504 0.1953 -1.3205 0.0389 0.2068
12.0 -1.3605 0.0331 0.2088 -1.3032 0.0171 0.2309 -1.2548 0.0321 0.2203 -1.2515 0.0485 0.2039 -1.2657 0.0594 0.1914 -1.2861 0.0652 0.1834 -1.307 0.0288 0.2186 -1.3059 0.0375 0.2098 -1.3097 0.0443 0.2024 -1.3177 0.0499 0.1959 -1.3202 0.0387 0.2071
13.0 -1.3596 0.0327 0.2094 -1.3023 0.0172 0.2309 -1.2548 0.0321 0.2203 -1.2515 0.0485 0.2039 -1.2649 0.0595 0.1913 -1.2869 0.0651 0.1834 -1.3069 0.0282 0.2192 -1.3058 0.0369 0.2104 -1.3106 0.0442 0.2025 -1.3177 0.0499 0.1959 -1.3201 0.0384 0.2074
14.0 -1.3605 0.0331 0.2088 -1.3023 0.0172 0.2309 -1.2547 0.0315 0.2209 -1.2523 0.0484 0.2039 -1.2657 0.0594 0.1914 -1.2868 0.0645 0.1841 -1.3069 0.0282 0.2192 -1.3067 0.0373 0.2098 -1.3106 0.0442 0.2025 -1.3186 0.0498 0.1959 -1.3207 0.0385 0.2072
15.0 -1.3596 0.0327 0.2094 -1.3039 0.0163 0.2316 -1.2555 0.0314 0.2209 -1.2523 0.0484 0.2039 -1.2649 0.0595 0.1913 -1.286 0.0646 0.184 -1.3069 0.0282 0.2192 -1.3058 0.0369 0.2104 -1.3106 0.0442 0.2025 -1.3186 0.0498 0.1959 -1.3203 0.0383 0.2075
16.0 -1.3604 0.0325 0.2094 -1.3039 0.0163 0.2316 -1.2547 0.0315 0.2209 -1.2522 0.0478 0.2046 -1.2656 0.0588 0.192 -1.2868 0.0645 0.1841 -1.3077 0.028 0.2192 -1.3066 0.0367 0.2104 -1.3113 0.0434 0.2031 -1.3185 0.0492 0.1965 -1.3209 0.038 0.2077
17.0 -1.3595 0.0321 0.21 -1.303 0.0159 0.2321 -1.2546 0.0309 0.2215 -1.2522 0.0478 0.2046 -1.2656 0.0588 0.192 -1.2877 0.0643 0.1841 -1.3068 0.0276 0.2198 -1.3065 0.0362 0.211 -1.3103 0.043 0.2037 -1.3185 0.0492 0.1965 -1.3203 0.0376 0.2082
18.0 -1.3612 0.0318 0.21 -1.3037 0.0152 0.2328 -1.2546 0.0309 0.2215 -1.2529 0.0464 0.2058 -1.2665 0.0587 0.192 -1.2876 0.0637 0.1847 -1.3077 0.028 0.2192 -1.3074 0.036 0.2111 -1.3112 0.0428 0.2037 -1.3192 0.0485 0.1972 -1.3213 0.0374 0.2082
19.0 -1.3602 0.0313 0.2106 -1.303 0.0159 0.2321 -1.2554 0.0308 0.2216 -1.2521 0.0472 0.2052 -1.2656 0.0588 0.192 -1.2876 0.0637 0.1847 -1.3076 0.0275 0.2198 -1.3065 0.0362 0.211 -1.3112 0.0428 0.2037 -1.3192 0.0485 0.1972 -1.321 0.0373 0.2085
20.0 -1.3594 0.0315 0.2106 -1.3039 0.0163 0.2316 -1.2545 0.0304 0.2221 -1.2521 0.0472 0.2052 -1.2655 0.0582 0.1926 -1.2882 0.0624 0.186 -1.3076 0.0275 0.2198 -1.3074 0.036 0.2111 -1.3112 0.0428 0.2037 -1.3193 0.0491 0.1966 -1.321 0.0374 0.2084
21.0 -1.3612 0.0318 0.21 -1.3039 0.0163 0.2316 -1.2554 0.0308 0.2216 -1.2531 0.0476 0.2046 -1.2646 0.0583 0.1926 -1.2876 0.0637 0.1847 -1.3076 0.0275 0.2198 -1.3074 0.036 0.2111 -1.3112 0.0428 0.2037 -1.3192 0.0485 0.1972 -1.3213 0.0373 0.2084
22.0 -1.3612 0.0318 0.21 -1.3038 0.0157 0.2322 -1.2546 0.0309 0.2215 -1.2522 0.0478 0.2046 -1.2648 0.0589 0.1919 -1.2876 0.0637 0.1847 -1.3076 0.0275 0.2198 -1.3065 0.0362 0.211 -1.3103 0.043 0.2037 -1.3185 0.0492 0.1965 -1.3208 0.0375 0.2082
23.0 -1.3603 0.0319 0.21 -1.3039 0.0163 0.2316 -1.2546 0.0309 0.2215 -1.2522 0.0478 0.2046 -1.2646 0.0583 0.1926 -1.2876 0.0637 0.1847 -1.3068 0.0276 0.2198 -1.3065 0.0362 0.211 -1.3103 0.043 0.2037 -1.3184 0.0486 0.1971 -1.3205 0.0374 0.2083
24.0 -1.3603 0.0319 0.21 -1.3021 0.016 0.2321 -1.2555 0.0314 0.2209 -1.2522 0.0478 0.2046 -1.2649 0.0595 0.1913 -1.2868 0.0645 0.1841 -1.3077 0.028 0.2192 -1.3066 0.0367 0.2104 -1.3105 0.0436 0.2031 -1.3185 0.0492 0.1965 -1.3207 0.0379 0.2078
25.0 -1.3603 0.0319 0.21 -1.3031 0.0165 0.2315 -1.2547 0.0315 0.2209 -1.2514 0.0479 0.2045 -1.2649 0.0595 0.1913 -1.2859 0.064 0.1846 -1.3068 0.0276 0.2198 -1.3065 0.0362 0.211 -1.3105 0.0436 0.2031 -1.3185 0.0492 0.1965 -1.3205 0.0377 0.2081
26.0 -1.3613 0.0324 0.2094 -1.3031 0.0165 0.2315 -1.2547 0.0315 0.2209 -1.2514 0.0479 0.2045 -1.2649 0.0595 0.1913 -1.2868 0.0645 0.1841 -1.3069 0.0282 0.2192 -1.3066 0.0367 0.2104 -1.3105 0.0436 0.2031 -1.3185 0.0492 0.1965 -1.3207 0.038 0.2077
27.0 -1.3596 0.0327 0.2094 -1.3023 0.0172 0.2309 -1.2547 0.0315 0.2209 -1.2514 0.0479 0.2045 -1.2657 0.0594 0.1914 -1.2868 0.0645 0.1841 -1.306 0.0283 0.2191 -1.3058 0.0369 0.2104 -1.3096 0.0437 0.203 -1.3176 0.0493 0.1965 -1.3197 0.0382 0.2077
28.0 -1.3596 0.0327 0.2094 -1.3023 0.0172 0.2309 -1.2548 0.0321 0.2203 -1.2515 0.0485 0.2039 -1.2657 0.0594 0.1914 -1.286 0.0646 0.184 -1.3069 0.0282 0.2192 -1.3058 0.0369 0.2104 -1.3096 0.0437 0.203 -1.3176 0.0493 0.1965 -1.3199 0.0381 0.2077
29.0 -1.3605 0.0331 0.2088 -1.3014 0.0173 0.2308 -1.2539 0.0323 0.2202 -1.2506 0.0486 0.2039 -1.264 0.0596 0.1913 -1.286 0.0646 0.184 -1.306 0.0283 0.2191 -1.3058 0.0369 0.2104 -1.3096 0.0437 0.203 -1.3176 0.0493 0.1965 -1.3199 0.0383 0.2076
30.0 -1.3588 0.0334 0.2087 -1.3014 0.0173 0.2308 -1.2539 0.0323 0.2202 -1.2506 0.0486 0.2039 -1.2649 0.0595 0.1913 -1.286 0.0646 0.184 -1.306 0.0283 0.2191 -1.3059 0.0375 0.2098 -1.3097 0.0443 0.2024 -1.3169 0.05 0.1958 -1.3194 0.0387 0.2072
31.0 -1.3588 0.0334 0.2087 -1.3023 0.0172 0.2309 -1.254 0.0329 0.2196 -1.2506 0.0486 0.2039 -1.264 0.0596 0.1913 -1.2851 0.0647 0.184 -1.3053 0.029 0.2185 -1.305 0.0376 0.2097 -1.3088 0.0444 0.2024 -1.3177 0.0499 0.1959 -1.3191 0.0388 0.207
32.0 -1.3578 0.0329 0.2093 -1.3006 0.0174 0.2308 -1.2532 0.033 0.2196 -1.2498 0.0487 0.2038 -1.2631 0.0597 0.1913 -1.2851 0.0647 0.184 -1.3044 0.0291 0.2185 -1.304 0.0371 0.2103 -1.3087 0.0438 0.203 -1.3168 0.0494 0.1965 -1.3184 0.0385 0.2075
33.0 -1.357 0.033 0.2093 -1.2997 0.0175 0.2308 -1.2522 0.0325 0.2202 -1.249 0.0494 0.2032 -1.2614 0.06 0.1912 -1.2851 0.0647 0.184 -1.3034 0.0286 0.219 -1.3032 0.0372 0.2103 -1.307 0.044 0.2029 -1.315 0.0497 0.1964 -1.3171 0.0385 0.2076
34.0 -1.3543 0.0328 0.2098 -1.2997 0.0175 0.2308 -1.2505 0.0327 0.2201 -1.2471 0.0484 0.2044 -1.2612 0.0588 0.1924 -1.2824 0.0644 0.1845 -1.3026 0.0287 0.219 -1.3015 0.0374 0.2102 -1.3062 0.0441 0.2029 -1.3142 0.0498 0.1964 -1.3157 0.0386 0.2077
35.0 -1.3543 0.0328 0.2098 -1.299 0.0182 0.2301 -1.2487 0.0324 0.2207 -1.2452 0.0475 0.2055 -1.2593 0.0578 0.1936 -1.2814 0.0634 0.1857 -1.2999 0.0285 0.2195 -1.2996 0.0371 0.2108 -1.3042 0.0432 0.2041 -1.3123 0.0488 0.1975 -1.3141 0.0381 0.2083
36.0 -1.3258 0.0305 0.2149 -1.2737 0.0198 0.231 -1.2218 0.0299 0.2259 -1.2174 0.0445 0.2113 -1.2313 0.0536 0.2006 -1.2528 0.0611 0.1909 -1.274 0.0265 0.2241 -1.2745 0.0344 0.216 -1.2783 0.0406 0.2093 -1.2845 0.0458 0.2033 -1.2874 0.0356 0.2136
37.0 -1.3239 0.0301 0.2155 -1.2719 0.0194 0.2316 -1.2192 0.0296 0.2264 -1.2146 0.0437 0.2125 -1.2284 0.0522 0.2024 -1.25 0.0603 0.192 -1.2712 0.0256 0.2253 -1.2709 0.0336 0.2172 -1.2746 0.0398 0.2104 -1.2817 0.045 0.2045 -1.2845 0.0349 0.2146
38.0 -1.3204 0.03 0.216 -1.2664 0.0184 0.2332 -1.2156 0.0295 0.2269 -1.2109 0.0429 0.2136 -1.225 0.0527 0.2023 -1.247 0.0582 0.1944 -1.267 0.0268 0.2245 -1.2674 0.0341 0.217 -1.2712 0.0403 0.2103 -1.2781 0.0449 0.2049 -1.2808 0.0352 0.2145
39.0 -1.3187 0.0302 0.2159 -1.263 0.0188 0.2331 -1.2128 0.0286 0.228 -1.2074 0.0428 0.2141 -1.2213 0.0519 0.2034 -1.2436 0.0587 0.1942 -1.2661 0.0263 0.2251 -1.2657 0.0343 0.217 -1.2685 0.0401 0.2108 -1.2754 0.0446 0.2055 -1.2789 0.0351 0.2148
40.0 -1.3151 0.0301 0.2164 -1.2596 0.0193 0.233 -1.2077 0.0293 0.2278 -1.2039 0.0427 0.2146 -1.2169 0.0519 0.2038 -1.2392 0.0587 0.1947 -1.2617 0.0263 0.2255 -1.2613 0.0343 0.2174 -1.2649 0.0399 0.2113 -1.271 0.0446 0.2059 -1.2748 0.0351 0.2153
41.0 -1.3107 0.0301 0.2168 -1.256 0.0191 0.2334 -1.2042 0.0298 0.2277 -1.1986 0.0428 0.215 -1.2135 0.0524 0.2037 -1.2372 0.0571 0.1965 -1.2573 0.0263 0.226 -1.2577 0.0336 0.2185 -1.2613 0.0392 0.2124 -1.2683 0.0438 0.2071 -1.2711 0.0346 0.2162
42.0 -1.3055 0.0302 0.2172 -1.2518 0.0203 0.2327 -1.1997 0.0292 0.2288 -1.195 0.0426 0.2155 -1.2091 0.0524 0.2041 -1.2319 0.0572 0.1969 -1.2529 0.0263 0.2265 -1.2524 0.0337 0.2189 -1.256 0.0393 0.2128 -1.2639 0.0437 0.2075 -1.2661 0.0346 0.2166
43.0 -1.3035 0.0292 0.2184 -1.2468 0.0216 0.2318 -1.1953 0.0292 0.2292 -1.1916 0.0431 0.2153 -1.2055 0.0522 0.2046 -1.2284 0.0571 0.1974 -1.2494 0.0268 0.2263 -1.249 0.0341 0.2188 -1.2534 0.0391 0.2134 -1.2603 0.0436 0.208 -1.2631 0.0346 0.217
44.0 -1.2966 0.0296 0.2188 -1.2448 0.0201 0.2336 -1.1918 0.029 0.2297 -1.1871 0.0425 0.2164 -1.2009 0.051 0.2063 -1.2264 0.0561 0.1986 -1.2449 0.0261 0.2274 -1.2445 0.0335 0.2199 -1.249 0.039 0.2138 -1.2585 0.0432 0.2086 -1.2587 0.0343 0.2177
45.0 -1.2966 0.0296 0.2188 -1.2403 0.02 0.2341 -1.1874 0.029 0.2302 -1.1835 0.0418 0.2175 -1.1983 0.0514 0.2062 -1.222 0.0561 0.199 -1.2431 0.0258 0.2279 -1.2435 0.0331 0.2205 -1.2471 0.0387 0.2144 -1.2551 0.0437 0.2084 -1.2571 0.0342 0.218
46.0 -1.2914 0.0303 0.2186 -1.2369 0.0205 0.234 -1.1839 0.0295 0.23 -1.1799 0.0416 0.218 -1.1938 0.0508 0.2073 -1.2175 0.0555 0.2001 -1.237 0.026 0.2283 -1.2365 0.0334 0.2208 -1.2419 0.0388 0.2148 -1.2505 0.0431 0.2095 -1.2515 0.0343 0.2184
47.0 -1.2869 0.0296 0.2197 -1.2325 0.0205 0.2344 -1.1793 0.0283 0.2317 -1.1754 0.041 0.2191 -1.1904 0.0512 0.2072 -1.2141 0.056 0.2 -1.2335 0.0259 0.2288 -1.2338 0.0331 0.2213 -1.2391 0.0379 0.2159 -1.2478 0.0423 0.2106 -1.2482 0.0338 0.2193
48.0 -1.2826 0.0302 0.2195 -1.2281 0.0205 0.2349 -1.1759 0.0287 0.2316 -1.1719 0.0409 0.2196 -1.1869 0.0511 0.2077 -1.2103 0.0546 0.2017 -1.2299 0.0257 0.2293 -1.2294 0.0331 0.2218 -1.2339 0.0386 0.2157 -1.2417 0.0431 0.2104 -1.2435 0.0341 0.2193
49.0 -1.278 0.029 0.2212 -1.2246 0.0203 0.2353 -1.1731 0.0279 0.2327 -1.1683 0.0408 0.2201 -1.183 0.0492 0.21 -1.2069 0.0551 0.2016 -1.228 0.0248 0.2305 -1.2275 0.0322 0.223 -1.2311 0.0378 0.2169 -1.2398 0.0421 0.2116 -1.2409 0.0332 0.2206
50.0 -1.2738 0.0302 0.2204 -1.221 0.0202 0.2358 -1.1677 0.0274 0.2338 -1.1647 0.04 0.2212 -1.1787 0.0497 0.2098 -1.2024 0.0545 0.2026 -1.2226 0.0243 0.2315 -1.2213 0.0318 0.224 -1.2258 0.0373 0.2179 -1.2338 0.0429 0.2113 -1.2355 0.0333 0.221
51.0 -1.2718 0.0286 0.2222 -1.2165 0.0196 0.2369 -1.1649 0.026 0.2355 -1.1602 0.0394 0.2222 -1.1748 0.0478 0.2122 -1.1988 0.0538 0.2037 -1.2198 0.0234 0.2327 -1.2202 0.0307 0.2252 -1.2238 0.0363 0.2191 -1.2326 0.0412 0.2132 -1.2337 0.0321 0.2225
52.0 -1.2639 0.0291 0.2225 -1.2129 0.0189 0.238 -1.1603 0.0253 0.2366 -1.1556 0.0382 0.2239 -1.1695 0.0473 0.2132 -1.1942 0.0531 0.2048 -1.2136 0.023 0.2337 -1.2139 0.0297 0.2268 -1.2175 0.0353 0.2207 -1.2264 0.0409 0.2142 -1.2271 0.0316 0.2236
53.0 -1.2611 0.0282 0.2236 -1.2093 0.0187 0.2385 -1.1568 0.0252 0.2371 -1.1528 0.0374 0.2251 -1.1667 0.0465 0.2144 -1.1915 0.0523 0.206 -1.2108 0.0222 0.2348 -1.2095 0.0297 0.2273 -1.214 0.0352 0.2212 -1.2229 0.0407 0.2147 -1.2237 0.0312 0.2243
54.0 -1.2566 0.0276 0.2247 -1.2049 0.0187 0.239 -1.1531 0.0239 0.2388 -1.149 0.036 0.2268 -1.162 0.0447 0.2167 -1.1869 0.0511 0.2077 -1.2062 0.021 0.2365 -1.2057 0.0284 0.229 -1.2102 0.0339 0.2229 -1.219 0.0388 0.217 -1.2196 0.0299 0.226
55.0 -1.2547 0.0267 0.2259 -1.2012 0.0174 0.2407 -1.1492 0.022 0.2412 -1.1454 0.0353 0.2279 -1.1584 0.0445 0.2172 -1.1842 0.0508 0.2082 -1.2036 0.0213 0.2364 -1.2031 0.0281 0.2295 -1.2074 0.033 0.2241 -1.2171 0.0378 0.2182 -1.2172 0.0294 0.2268
56.0 -1.2512 0.0265 0.2264 -1.1968 0.0174 0.2411 -1.1449 0.0225 0.241 -1.141 0.0353 0.2284 -1.1548 0.0438 0.2183 -1.1797 0.0502 0.2093 -1.199 0.0201 0.2381 -1.1993 0.0268 0.2312 -1.2029 0.0324 0.2251 -1.2117 0.0373 0.2192 -1.2128 0.0286 0.228
57.0 -1.2502 0.026 0.227 -1.1931 0.0166 0.2422 -1.142 0.0211 0.2428 -1.1371 0.0334 0.2307 -1.1503 0.0432 0.2194 -1.1758 0.0483 0.2116 -1.1972 0.0198 0.2387 -1.1975 0.0264 0.2318 -1.2011 0.0321 0.2257 -1.209 0.0371 0.2198 -1.211 0.0283 0.2286
58.0 -1.2457 0.0254 0.228 -1.1901 0.0146 0.2446 -1.1384 0.0204 0.2439 -1.1327 0.0333 0.2312 -1.1491 0.0415 0.2212 -1.1706 0.049 0.2114 -1.1934 0.0184 0.2404 -1.1938 0.0257 0.2329 -1.1966 0.0314 0.2268 -1.2038 0.0372 0.2202 -1.2067 0.0276 0.2297
59.0 -1.2447 0.0249 0.2286 -1.1867 0.0151 0.2445 -1.1331 0.0205 0.2443 -1.1272 0.0323 0.2328 -1.142 0.0413 0.2222 -1.1686 0.0474 0.2132 -1.1889 0.0178 0.2415 -1.1892 0.0245 0.2346 -1.193 0.0307 0.2279 -1.2017 0.0356 0.222 -1.2035 0.0267 0.2309
60.0 -1.242 0.0247 0.2292 -1.1815 0.0158 0.2443 -1.1295 0.0197 0.2454 -1.1255 0.0325 0.2328 -1.141 0.0402 0.2234 -1.1634 0.0475 0.2136 -1.1873 0.0186 0.2408 -1.1868 0.0254 0.2339 -1.1904 0.0311 0.2278 -1.1973 0.0356 0.2224 -1.2008 0.0271 0.2308
61.0 -1.234 0.024 0.2307 -1.1735 0.015 0.2459 -1.1207 0.0197 0.2463 -1.1166 0.0319 0.2343 -1.1312 0.0397 0.2249 -1.1563 0.0473 0.2146 -1.1801 0.0178 0.2424 -1.1804 0.0245 0.2355 -1.184 0.0301 0.2294 -1.192 0.0351 0.2235 -1.1941 0.0263 0.2323
62.0 -1.2285 0.0229 0.2324 -1.1696 0.018 0.2432 -1.1146 0.0205 0.2461 -1.1121 0.0312 0.2354 -1.1275 0.0389 0.226 -1.1524 0.0453 0.2169 -1.1729 0.0169 0.244 -1.1741 0.0235 0.2371 -1.1786 0.029 0.2311 -1.1874 0.0339 0.2252 -1.1883 0.0252 0.2339
63.0 -1.2119 0.0233 0.2336 -1.1511 0.0125 0.2506 -1.0984 0.0184 0.2498 -1.097 0.0302 0.2379 -1.112 0.0404 0.226 -1.1354 0.0434 0.2206 -1.1595 0.0157 0.2466 -1.1599 0.023 0.2391 -1.1643 0.0279 0.2336 -1.1721 0.0323 0.2283 -1.1736 0.0244 0.2362
64.0 -1.196 0.023 0.2355 -1.1415 0.0132 0.2509 -1.0898 0.0196 0.2495 -1.0873 0.0303 0.2388 -1.1029 0.0386 0.2288 -1.1238 0.0425 0.2227 -1.1457 0.0169 0.2467 -1.1451 0.0237 0.2398 -1.1495 0.0286 0.2343 -1.1573 0.0331 0.229 -1.1587 0.0251 0.237
65.0 -1.1899 0.0232 0.2359 -1.1354 0.0134 0.2513 -1.0838 0.0204 0.2493 -1.0812 0.0305 0.2392 -1.0983 0.038 0.2298 -1.1203 0.043 0.2226 -1.1358 0.0158 0.2488 -1.1353 0.0232 0.2413 -1.1398 0.0287 0.2352 -1.1485 0.0331 0.2299 -1.1499 0.0248 0.2382
66.0 -1.1939 0.0208 0.2379 -1.1292 0.0131 0.2523 -1.0819 0.0194 0.2504 -1.0794 0.0302 0.2397 -1.0939 0.038 0.2303 -1.1174 0.0415 0.2243 -1.1375 0.0156 0.2488 -1.1386 0.0216 0.2426 -1.1431 0.0271 0.2366 -1.1517 0.0314 0.2313 -1.1529 0.0233 0.2394
67.0 -1.1912 0.0206 0.2384 -1.1207 0.0148 0.2513 -1.075 0.0204 0.2502 -1.073 0.0292 0.2413 -1.089 0.035 0.2338 -1.115 0.0376 0.2286 -1.1331 0.0156 0.2493 -1.1357 0.0201 0.2444 -1.1416 0.0236 0.2402 -1.1518 0.0265 0.2363 -1.1507 0.0213 0.2417
68.0 -1.1771 0.0206 0.2398 -1.1137 0.0151 0.2517 -1.0659 0.0185 0.2529 -1.0634 0.0293 0.2422 -1.0787 0.0364 0.2334 -1.1051 0.0414 0.2257 -1.1206 0.0142 0.2519 -1.1208 0.0203 0.2457 -1.1262 0.0263 0.239 -1.1359 0.0317 0.2325 -1.1361 0.0226 0.2418
69.0 -1.1585 0.0201 0.2422 -1.0907 0.0146 0.2545 -1.046 0.0206 0.2528 -1.0457 0.0286 0.2447 -1.0582 0.0349 0.237 -1.0811 0.0397 0.2298 -1.1006 0.0157 0.2524 -1.1016 0.0217 0.2462 -1.1069 0.0265 0.2408 -1.1137 0.0304 0.236 -1.1163 0.0229 0.2435
70.0 -1.1296 0.0203 0.2448 -1.0442 0.0355 0.2377 -1.0252 0.0271 0.2482 -1.0238 0.0291 0.2463 -1.0274 0.0298 0.2452 -1.047 0.0309 0.2422 -1.0778 0.0212 0.249 -1.0789 0.0223 0.2478 -1.0809 0.0238 0.246 -1.0836 0.0241 0.2455 -1.0902 0.0224 0.2466
71.0 -1.1218 0.0214 0.2445 -1.0523 0.0265 0.2462 -1.0224 0.0263 0.2494 -1.018 0.0311 0.2448 -1.0218 0.033 0.2425 -1.0383 0.0369 0.2369 -1.0741 0.0199 0.2507 -1.0729 0.0231 0.2476 -1.0742 0.026 0.2445 -1.0755 0.0282 0.2421 -1.0837 0.0237 0.2459
72.0 -1.1185 0.0224 0.2437 -1.0465 0.023 0.2503 -1.0136 0.0262 0.2503 -1.0089 0.0348 0.242 -1.0163 0.0368 0.2391 -1.0371 0.0401 0.2337 -1.067 0.0196 0.2517 -1.0667 0.0233 0.248 -1.0682 0.0268 0.2443 -1.0732 0.0298 0.2407 -1.0787 0.0244 0.2457
73.0 -1.1221 0.0232 0.2426 -1.0412 0.0231 0.2507 -1.01 0.031 0.2458 -1.0068 0.0375 0.2394 -1.0165 0.0326 0.2435 -1.0462 0.0267 0.2465 -1.066 0.024 0.2473 -1.0679 0.025 0.2461 -1.0731 0.0243 0.2463 -1.0825 0.023 0.2467 -1.0823 0.0239 0.2458
74.0 -1.1228 0.0219 0.2439 -1.0356 0.0312 0.243 -1.0085 0.0324 0.2445 -1.0036 0.0343 0.243 -1.0136 0.0311 0.2453 -1.0418 0.0267 0.247 -1.0645 0.0255 0.246 -1.0663 0.0258 0.2455 -1.0714 0.0245 0.2463 -1.0797 0.0222 0.2478 -1.0809 0.024 0.2459
75.0 -1.1113 0.0216 0.2453 -1.0273 0.0341 0.2408 -1.0039 0.0312 0.2462 -1.0039 0.0361 0.2412 -1.0146 0.0371 0.2391 -1.0364 0.036 0.238 -1.055 0.0218 0.2506 -1.0574 0.0252 0.247 -1.0622 0.0276 0.244 -1.0696 0.0297 0.2412 -1.0711 0.0252 0.2456
76.0 -1.1038 0.0238 0.2438 -1.0279 0.0273 0.2477 -1.0033 0.0325 0.2449 -0.9998 0.0379 0.2398 -1.0047 0.0409 0.2362 -1.0224 0.0415 0.2338 -1.0499 0.0225 0.2504 -1.0505 0.0261 0.2467 -1.0529 0.0295 0.2431 -1.0578 0.0325 0.2395 -1.063 0.0269 0.2447
77.0 -1.11 0.0242 0.2428 -1.0208 0.0271 0.2487 -0.9983 0.0344 0.2434 -0.9947 0.0391 0.2389 -1.0043 0.0385 0.2387 -1.0287 0.0321 0.2427 -1.053 0.0252 0.2474 -1.0551 0.0273 0.245 -1.0596 0.0279 0.2439 -1.0675 0.0275 0.2436 -1.069 0.0264 0.2446
78.0 -1.1025 0.0264 0.2412 -1.0223 0.0305 0.245 -0.9985 0.0405 0.2372 -0.9925 0.0413 0.237 -0.9997 0.0373 0.2404 -1.0238 0.0291 0.2463 -1.05 0.0329 0.2398 -1.0496 0.0311 0.2417 -1.0534 0.0276 0.245 -1.0587 0.0226 0.2495 -1.0628 0.0281 0.2434
79.0 -1.1055 0.0236 0.2438 -1.0364 0.036 0.238 -1.0018 0.0443 0.233 -0.9911 0.0433 0.235 -0.9965 0.0389 0.239 -1.014 0.0286 0.2478 -1.0508 0.0328 0.2399 -1.0495 0.0305 0.2423 -1.0515 0.0266 0.2461 -1.0549 0.0212 0.2513 -1.0625 0.027 0.2447
80.0 -1.0973 0.0222 0.246 -1.0168 0.0343 0.2417 -0.9914 0.0402 0.2382 -0.9875 0.0432 0.2355 -0.9961 0.042 0.2359 -1.0165 0.0326 0.2435 -1.044 0.0288 0.2446 -1.045 0.0299 0.2434 -1.0484 0.0289 0.2441 -1.0533 0.027 0.2456 -1.0576 0.0274 0.2447
81.0 -1.0976 0.0234 0.2448 -1.0298 0.0436 0.2309 -0.996 0.0463 0.2315 -0.984 0.043 0.236 -0.9857 0.0379 0.2411 -1.0057 0.0267 0.2506 -1.0433 0.035 0.2383 -1.0418 0.0316 0.242 -1.0429 0.0278 0.2458 -1.0462 0.0218 0.2515 -1.0544 0.0279 0.2445
82.0 -1.0883 0.0259 0.2432 -1.0314 0.0427 0.2316 -1.0006 0.0475 0.2298 -0.9867 0.0433 0.2355 -0.9835 0.0401 0.2391 -0.9918 0.0322 0.2463 -1.0427 0.0369 0.2364 -1.0386 0.0332 0.2406 -1.036 0.0287 0.2455 -1.0358 0.0226 0.2518 -1.0483 0.0295 0.2435
83.0 -1.0872 0.0248 0.2444 -1.0235 0.0475 0.2276 -0.99 0.0471 0.2313 -0.9779 0.0433 0.2364 -0.9789 0.0388 0.2408 -0.9915 0.0304 0.2482 -1.0374 0.0364 0.2375 -1.0342 0.0332 0.2411 -1.0334 0.029 0.2454 -1.0351 0.0233 0.2511 -1.0455 0.0294 0.2439
84.0 -1.0783 0.0242 0.2459 -1.014 0.0488 0.2272 -0.9758 0.0466 0.2332 -0.9666 0.0442 0.2366 -0.9685 0.0402 0.2404 -0.9794 0.0321 0.2477 -1.0234 0.0371 0.2382 -1.0211 0.0338 0.2418 -1.0203 0.0296 0.2462 -1.022 0.0239 0.2519 -1.033 0.0297 0.2448
85.0 -1.0749 0.0247 0.2458 -1.0205 0.0503 0.2249 -0.976 0.0478 0.232 -0.9641 0.0451 0.2359 -0.9653 0.0419 0.239 -0.9738 0.0353 0.245 -1.0206 0.0363 0.2393 -1.0174 0.033 0.2429 -1.0167 0.0289 0.2473 -1.0177 0.0244 0.2517 -1.0295 0.0295 0.2454
86.0 -1.0629 0.0263 0.2453 -1.0167 0.0588 0.2167 -0.9667 0.0497 0.231 -0.9572 0.046 0.2356 -0.9583 0.0422 0.2394 -0.9645 0.0371 0.244 -1.0076 0.0374 0.2394 -1.0053 0.0341 0.2431 -1.0038 0.0306 0.2468 -1.0051 0.028 0.2493 -1.0169 0.0313 0.2448
87.0 -1.0628 0.0257 0.2459 -1.0095 0.0579 0.2183 -0.9599 0.0512 0.2301 -0.9518 0.0498 0.2323 -0.9541 0.0483 0.2336 -0.9562 0.045 0.2368 -1.0041 0.0373 0.2399 -1.001 0.0346 0.2429 -0.9998 0.033 0.2447 -0.999 0.0331 0.2447 -1.0133 0.0327 0.2436
88.0 -1.0468 0.0303 0.2428 -0.9466 0.0505 0.2321 -0.9559 0.0535 0.2281 -0.9642 0.0555 0.2253 -0.9758 0.0564 0.2232 -0.9908 0.0568 0.2213 -0.9858 0.0385 0.2405 -0.9952 0.0415 0.2364 -1.0034 0.0435 0.2336 -1.0116 0.0448 0.2315 -1.0086 0.0397 0.237
89.0 -1.0658 0.0228 0.2486 -0.9828 0.0615 0.2172 -0.9538 0.0514 0.2305 -0.9538 0.0514 0.2305 -0.9651 0.0505 0.2303 -0.9828 0.0463 0.2328 -0.9967 0.0352 0.2428 -1.002 0.0351 0.2423 -1.01 0.0359 0.2408 -1.0191 0.0377 0.238 -1.0187 0.0333 0.2425
90.0 -1.0492 0.0287 0.2442 -0.959 0.0562 0.2251 -0.9542 0.0538 0.228 -0.9499 0.0544 0.2278 -0.9541 0.0532 0.2286 -0.958 0.0502 0.2313 -0.9895 0.0392 0.2394 -0.9911 0.0384 0.24 -0.9928 0.0382 0.2401 -0.9938 0.0387 0.2395 -1.0033 0.0367 0.2406
91.0 -1.0444 0.0312 0.2421 -0.9563 0.0559 0.2256 -0.9508 0.0542 0.2279 -0.9493 0.0557 0.2266 -0.9536 0.0551 0.2267 -0.9601 0.0524 0.2288 -0.9869 0.0396 0.2393 -0.9886 0.0394 0.2393 -0.9913 0.0396 0.2388 -0.9931 0.04 0.2382 -1.0009 0.038 0.2395
92.0 -1.046 0.0304 0.2428 -0.9547 0.0568 0.2249 -0.952 0.0565 0.2254 -0.9513 0.0572 0.2248 -0.9556 0.0566 0.2249 -0.9602 0.053 0.2282 -0.987 0.0402 0.2386 -0.9896 0.0398 0.2387 -0.9913 0.0396 0.2388 -0.993 0.0394 0.2389 -1.0014 0.0379 0.2396
93.0 -1.0429 0.0327 0.2408 -0.9429 0.0547 0.2282 -0.9466 0.0554 0.2271 -0.9563 0.0608 0.2206 -0.968 0.0623 0.2179 -0.9847 0.0619 0.2167 -0.9773 0.0403 0.2395 -0.9868 0.0439 0.2349 -0.9969 0.0462 0.2315 -1.0059 0.0474 0.2294 -1.0019 0.0421 0.2352
94.0 -1.0404 0.0336 0.2401 -0.942 0.0542 0.2288 -0.9478 0.0577 0.2246 -0.9558 0.0627 0.2187 -0.9677 0.0654 0.2148 -0.9829 0.0621 0.2166 -0.9793 0.0412 0.2383 -0.9876 0.0438 0.2349 -0.9959 0.0457 0.2321 -1.0039 0.0465 0.2305 -1.0014 0.0422 0.2352
95.0 -1.0437 0.0325 0.2408 -0.9426 0.0578 0.225 -0.9442 0.057 0.2257 -0.9559 0.0633 0.2181 -0.9686 0.0659 0.2142 -0.9842 0.0644 0.2142 -0.9774 0.0409 0.2389 -0.9868 0.0439 0.2349 -0.996 0.0463 0.2315 -1.005 0.0475 0.2293 -1.0018 0.0422 0.2351
96.0 -1.043 0.0332 0.2402 -0.9431 0.0559 0.2269 -0.9503 0.0616 0.2203 -0.9546 0.0659 0.2155 -0.9627 0.0673 0.2133 -0.9711 0.06 0.2199 -0.9822 0.0427 0.2366 -0.9876 0.0438 0.2349 -0.9939 0.0442 0.2339 -0.9983 0.0442 0.2334 -1.001 0.0416 0.2358
97.0 -1.0417 0.0359 0.2376 -0.9429 0.0596 0.2232 -0.9426 0.0578 0.225 -0.9566 0.0675 0.2137 -0.9695 0.0707 0.2092 -0.9846 0.0668 0.2117 -0.9785 0.0419 0.2377 -0.9878 0.045 0.2337 -0.9972 0.048 0.2297 -1.0053 0.0493 0.2275 -1.0021 0.044 0.2332
98.0 -1.0408 0.036 0.2376 -0.9394 0.0546 0.2287 -0.9439 0.0601 0.2226 -0.9608 0.0712 0.2095 -0.9772 0.0745 0.2045 -0.9986 0.071 0.206 -0.9769 0.0428 0.237 -0.9883 0.0474 0.2312 -1.0003 0.0506 0.2267 -1.011 0.0516 0.2246 -1.0035 0.0457 0.2314
99.0 -1.0436 0.0368 0.2365 -0.9381 0.0572 0.2261 -0.9525 0.0644 0.2173 -0.9624 0.0704 0.2102 -0.9724 0.0721 0.2075 -0.9853 0.0655 0.213 -0.9798 0.0442 0.2352 -0.9892 0.0478 0.2306 -0.9975 0.0498 0.2278 -1.0047 0.0506 0.2262 -1.003 0.0459 0.2313
100.0 -1.0455 0.0378 0.2353 -0.9457 0.0555 0.227 -0.965 0.07 0.2103 -0.9674 0.074 0.206 -0.9629 0.0734 0.2071 -0.9575 0.0576 0.2237 -0.9879 0.0456 0.233 -0.9905 0.0452 0.2331 -0.9913 0.0445 0.2338 -0.9927 0.0425 0.2357 -1.0016 0.0431 0.2342
101.0 -1.0427 0.0369 0.2364 -0.9436 0.0534 0.2295 -0.9513 0.0676 0.2141 -0.97 0.0736 0.2061 -0.9799 0.0747 0.204 -0.9958 0.0702 0.2071 -0.9796 0.043 0.2365 -0.99 0.0471 0.2313 -0.9994 0.0507 0.2266 -1.0076 0.0521 0.2244 -1.0039 0.046 0.231
102.0 -1.0404 0.0385 0.2351 -0.9438 0.0546 0.2282 -0.9498 0.069 0.2128 -0.9716 0.0728 0.2068 -0.9872 0.0713 0.2068 -1.0031 0.0667 0.2099 -0.9757 0.0411 0.2388 -0.9862 0.0458 0.233 -0.9967 0.0505 0.2271 -1.0069 0.0534 0.2232 -1.0012 0.0458 0.2314
103.0 -1.0359 0.0379 0.2362 -0.9456 0.0501 0.2327 -0.9559 0.0682 0.2131 -0.9753 0.0735 0.2057 -0.9754 0.0741 0.2051 -0.9809 0.0654 0.2134 -0.9823 0.0384 0.2409 -0.9863 0.0409 0.238 -0.9895 0.0441 0.2344 -0.9916 0.0463 0.2319 -0.9971 0.0415 0.2363
104.0 -1.0375 0.037 0.2368 -0.9429 0.0547 0.2282 -0.9524 0.0687 0.2129 -0.9799 0.0699 0.209 -0.9946 0.0685 0.2089 -1.0053 0.064 0.2125 -0.9762 0.0386 0.2413 -0.9847 0.0423 0.2367 -0.9941 0.0453 0.2327 -1.0024 0.0479 0.2292 -0.999 0.0422 0.2353
105.0 -1.0349 0.0374 0.2367 -0.9433 0.0516 0.2313 -0.9533 0.0686 0.213 -0.9865 0.0671 0.2111 -1.0057 0.0615 0.215 -1.0133 0.0598 0.2159 -0.9727 0.0391 0.2412 -0.9815 0.044 0.2353 -0.9928 0.048 0.2301 -1.0021 0.051 0.2261 -0.9968 0.0439 0.2339
106.0 -1.0332 0.0376 0.2367 -0.9437 0.054 0.2288 -0.957 0.065 0.2162 -0.9799 0.065 0.214 -0.9955 0.0635 0.214 -1.0082 0.0605 0.2157 -0.9729 0.0403 0.24 -0.9835 0.0455 0.2335 -0.994 0.0502 0.2277 -1.0041 0.0525 0.2243 -0.9976 0.0452 0.2324
107.0 -1.033 0.0364 0.2379 -0.9491 0.0551 0.2272 -0.9576 0.0631 0.2181 -0.9823 0.0634 0.2153 -0.9895 0.0643 0.2137 -0.9867 0.0634 0.2149 -0.974 0.0364 0.2437 -0.9791 0.04 0.2396 -0.984 0.043 0.236 -0.987 0.0451 0.2336 -0.9914 0.0402 0.2382
108.0 -1.0263 0.0386 0.2364 -0.9435 0.0528 0.2301 -0.9552 0.0597 0.2218 -0.9721 0.0605 0.2193 -0.9855 0.0618 0.2167 -0.9935 0.0619 0.2158 -0.9684 0.0396 0.241 -0.9789 0.0443 0.2352 -0.9884 0.0479 0.2306 -0.9959 0.0506 0.2271 -0.9916 0.0442 0.2341
109.0 -1.0313 0.0367 0.2378 -0.9717 0.0581 0.2218 -0.9723 0.0617 0.2181 -0.982 0.0616 0.2172 -0.9761 0.063 0.2163 -0.958 0.0606 0.2206 -0.9809 0.0404 0.239 -0.977 0.0385 0.2414 -0.9716 0.0374 0.243 -0.9671 0.0368 0.2441 -0.9856 0.0379 0.2411
110.0 -1.032 0.0359 0.2385 -0.985 0.0588 0.2198 -0.981 0.0612 0.2178 -0.9891 0.0619 0.2162 -0.9837 0.0614 0.2173 -0.9603 0.0585 0.2226 -0.9833 0.0389 0.2404 -0.9767 0.0367 0.2432 -0.9695 0.0358 0.2448 -0.9615 0.0351 0.2464 -0.9846 0.0365 0.2427
111.0 -1.0277 0.0365 0.2383 -0.9621 0.0539 0.2271 -0.9719 0.0593 0.2206 -0.9923 0.0602 0.2176 -0.9932 0.0607 0.217 -0.9836 0.0608 0.2179 -0.974 0.0364 0.2437 -0.9742 0.0376 0.2425 -0.9736 0.0389 0.2412 -0.972 0.0398 0.2405 -0.9843 0.0379 0.2413
112.0 -1.0286 0.0364 0.2384 -0.9854 0.0612 0.2173 -0.9896 0.06 0.2181 -0.9948 0.0593 0.2183 -0.9876 0.0584 0.2199 -0.9651 0.056 0.2247 -0.9817 0.0403 0.2391 -0.9745 0.0388 0.2413 -0.9664 0.0381 0.2428 -0.9583 0.0367 0.245 -0.9819 0.0381 0.2413
113.0 -1.0281 0.0389 0.2359 -0.9837 0.0614 0.2173 -0.9968 0.0609 0.2165 -1.0001 0.0598 0.2173 -0.9928 0.0583 0.2195 -0.9663 0.0576 0.2228 -0.9824 0.0439 0.2353 -0.9751 0.0424 0.2375 -0.9661 0.0412 0.2397 -0.9568 0.0388 0.2431 -0.9817 0.041 0.2383
114.0 -1.0208 0.0423 0.2331 -0.9833 0.059 0.2198 -0.9906 0.0605 0.2175 -0.9923 0.0602 0.2176 -0.985 0.0588 0.2198 -0.9647 0.0585 0.2222 -0.9807 0.0441 0.2353 -0.9733 0.042 0.2381 -0.9651 0.0407 0.2403 -0.956 0.0389 0.2431 -0.9792 0.0416 0.238
115.0 -1.0284 0.0407 0.234 -0.9812 0.0624 0.2165 -0.9944 0.0624 0.2152 -0.9986 0.0612 0.216 -0.9905 0.0599 0.2182 -0.9673 0.0581 0.2223 -0.9799 0.0448 0.2346 -0.9735 0.0432 0.2369 -0.9653 0.0419 0.239 -0.9579 0.0398 0.2419 -0.981 0.0421 0.2373
116.0 -1.0284 0.0407 0.234 -0.9773 0.0598 0.2195 -0.9927 0.0626 0.2151 -0.9975 0.0601 0.2172 -0.9878 0.0596 0.2187 -0.9699 0.0578 0.2224 -0.977 0.0434 0.2364 -0.9714 0.0417 0.2387 -0.9651 0.0407 0.2403 -0.9589 0.0403 0.2413 -0.9802 0.0414 0.2381
117.0 -1.0321 0.0414 0.2329 -0.9852 0.0649 0.2136 -0.9922 0.0645 0.2132 -0.9912 0.0641 0.2138 -0.9822 0.0628 0.216 -0.9618 0.0619 0.2189 -0.9848 0.0478 0.2311 -0.9773 0.0452 0.2345 -0.9691 0.0432 0.2373 -0.9608 0.0413 0.2401 -0.9848 0.0438 0.2352
118.0 -1.0337 0.0406 0.2336 -0.9823 0.0634 0.2153 -0.9946 0.0636 0.2139 -0.999 0.0636 0.2135 -0.9865 0.0623 0.2161 -0.9651 0.0609 0.2197 -0.981 0.0459 0.2334 -0.9744 0.0437 0.2363 -0.9681 0.0427 0.2379 -0.9617 0.0412 0.2401 -0.9838 0.0428 0.2363
119.0 -1.0328 0.0407 0.2335 -0.9824 0.064 0.2147 -0.9922 0.0645 0.2132 -0.9955 0.0635 0.214 -0.9839 0.0626 0.216 -0.9627 0.0624 0.2183 -0.9818 0.0458 0.2334 -0.9753 0.0436 0.2363 -0.9671 0.0423 0.2385 -0.9599 0.0414 0.2401 -0.9834 0.0428 0.2364
120.0 -1.036 0.0385 0.2355 -0.9839 0.0626 0.216 -0.9946 0.0636 0.2139 -0.9963 0.0634 0.214 -0.9837 0.0614 0.2173 -0.9643 0.061 0.2196 -0.9827 0.0457 0.2335 -0.9761 0.0435 0.2363 -0.9689 0.042 0.2386 -0.9624 0.0405 0.2408 -0.9852 0.042 0.2369
121.0 -1.0302 0.0405 0.2341 -0.9805 0.0631 0.2159 -0.9875 0.0633 0.2149 -0.9892 0.0625 0.2156 -0.9801 0.0613 0.2178 -0.9649 0.0597 0.2209 -0.9803 0.0472 0.2321 -0.9738 0.045 0.235 -0.9665 0.0436 0.2372 -0.9608 0.0413 0.2401 -0.9823 0.0435 0.2357
122.0 -1.0351 0.0386 0.2355 -0.986 0.0648 0.2136 -0.9945 0.063 0.2146 -0.997 0.0621 0.2153 -0.9886 0.0595 0.2187 -0.9665 0.0588 0.2216 -0.9829 0.0469 0.2322 -0.9755 0.0448 0.2351 -0.9673 0.0435 0.2372 -0.9591 0.0415 0.24 -0.984 0.043 0.236
123.0 -1.0344 0.0393 0.2348 -0.9807 0.0643 0.2147 -0.9936 0.0625 0.2152 -0.9996 0.0617 0.2154 -0.9921 0.0591 0.2188 -0.9715 0.0569 0.223 -0.9795 0.0473 0.2321 -0.9729 0.0451 0.235 -0.9656 0.0437 0.2372 -0.9591 0.0415 0.24 -0.9823 0.0434 0.2358
124.0 -1.0325 0.0389 0.2354 -0.985 0.0637 0.2148 -0.9909 0.0623 0.2157 -0.9907 0.0611 0.2169 -0.9798 0.0595 0.2196 -0.9623 0.06 0.2208 -0.9819 0.0464 0.2328 -0.9745 0.0443 0.2357 -0.9664 0.043 0.2378 -0.9591 0.0415 0.24 -0.9829 0.0428 0.2363
125.0 -1.0319 0.0402 0.2341 -0.9858 0.0636 0.2149 -0.9875 0.0633 0.2149 -0.985 0.0637 0.2148 -0.9767 0.0617 0.2176 -0.9607 0.0608 0.2201 -0.982 0.047 0.2322 -0.9745 0.0443 0.2357 -0.9672 0.0429 0.2379 -0.9599 0.0414 0.2401 -0.9831 0.0432 0.236
126.0 -1.0302 0.0405 0.2341 -0.9813 0.0629 0.2159 -0.991 0.0629 0.2151 -0.995 0.0605 0.2171 -0.9843 0.0601 0.2185 -0.964 0.0598 0.2209 -0.9811 0.0465 0.2328 -0.9745 0.0443 0.2357 -0.9672 0.0429 0.2379 -0.9598 0.0408 0.2407 -0.9826 0.043 0.2362
127.0 -1.0301 0.0399 0.2347 -0.984 0.0632 0.2154 -0.9917 0.0622 0.2157 -0.9935 0.0619 0.2158 -0.9819 0.061 0.2178 -0.9624 0.0606 0.2202 -0.9798 0.0442 0.2352 -0.9733 0.042 0.2381 -0.9652 0.0413 0.2397 -0.959 0.0409 0.2407 -0.9815 0.0417 0.2377
128.0 -1.0309 0.0398 0.2347 -0.9823 0.0634 0.2153 -0.9894 0.0637 0.2144 -0.99 0.0624 0.2156 -0.9792 0.0608 0.2183 -0.9599 0.061 0.2201 -0.9828 0.0463 0.2328 -0.9763 0.0441 0.2357 -0.9689 0.042 0.2386 -0.9616 0.0406 0.2408 -0.9841 0.0425 0.2365
129.0 -1.0326 0.0395 0.2348 -0.983 0.0627 0.216 -0.9891 0.0619 0.2162 -0.9892 0.0625 0.2156 -0.9801 0.0613 0.2178 -0.9624 0.0606 0.2202 -0.9808 0.0447 0.2346 -0.9742 0.0425 0.2375 -0.9662 0.0418 0.2391 -0.9598 0.0408 0.2407 -0.9827 0.0419 0.2373
130.0 -1.0316 0.0385 0.236 -0.9792 0.0608 0.2183 -0.991 0.0629 0.2151 -0.9953 0.0623 0.2152 -0.9864 0.0617 0.2167 -0.9634 0.0611 0.2196 -0.9797 0.0436 0.2359 -0.974 0.0413 0.2388 -0.9668 0.0405 0.2403 -0.9606 0.0401 0.2414 -0.9825 0.0408 0.2385
131.0 -1.0292 0.04 0.2346 -0.9767 0.0617 0.2176 -0.9866 0.0628 0.2155 -0.991 0.0629 0.2151 -0.9847 0.0619 0.2167 -0.9651 0.0609 0.2197 -0.976 0.0429 0.237 -0.9705 0.0412 0.2392 -0.965 0.0401 0.2409 -0.9596 0.0396 0.2419 -0.9801 0.0408 0.2387
132.0 -1.0281 0.0389 0.2359 -0.9793 0.0614 0.2177 -0.9926 0.062 0.2157 -0.996 0.0616 0.2159 -0.987 0.0603 0.218 -0.9665 0.0588 0.2216 -0.9778 0.0427 0.237 -0.9713 0.0411 0.2393 -0.9642 0.0408 0.2402 -0.958 0.0404 0.2413 -0.9799 0.0408 0.2387
133.0 -1.034 0.0375 0.2367 -0.9838 0.062 0.2166 -0.9867 0.0634 0.2149 -0.9912 0.0641 0.2138 -0.9821 0.0622 0.2166 -0.9609 0.062 0.2189 -0.9796 0.043 0.2365 -0.9739 0.0407 0.2394 -0.9667 0.0399 0.241 -0.9615 0.04 0.2414 -0.9831 0.0402 0.239
134.0 -1.0256 0.0393 0.2358 -0.9773 0.0598 0.2195 -0.9872 0.0615 0.2168 -0.9934 0.0613 0.2164 -0.9853 0.0606 0.218 -0.9657 0.059 0.2216 -0.9767 0.0416 0.2382 -0.9711 0.0399 0.2405 -0.9641 0.0402 0.2409 -0.958 0.0404 0.2413 -0.9791 0.0403 0.2393
135.0 -1.0297 0.0381 0.2365 -0.9803 0.0619 0.2171 -0.9844 0.0607 0.2179 -0.9828 0.0615 0.2172 -0.9764 0.0599 0.2195 -0.9631 0.0593 0.2215 -0.9778 0.0427 0.237 -0.9721 0.0404 0.2399 -0.9659 0.04 0.2409 -0.9614 0.0394 0.242 -0.9814 0.0401 0.2393
136.0 -1.0264 0.0391 0.2358 -0.9904 0.0648 0.2132 -0.9891 0.0619 0.2162 -0.9897 0.0606 0.2175 -0.9824 0.0591 0.2197 -0.963 0.0587 0.2221 -0.9813 0.0428 0.2365 -0.9739 0.0407 0.2394 -0.9659 0.04 0.2409 -0.9587 0.0391 0.2425 -0.9812 0.0404 0.239
137.0 -1.0237 0.0389 0.2363 -0.9764 0.0599 0.2195 -0.9898 0.0612 0.2169 -0.9941 0.0606 0.217 -0.9878 0.0596 0.2187 -0.9691 0.0585 0.2217 -0.9734 0.0426 0.2375 -0.9686 0.0408 0.2398 -0.9624 0.0405 0.2408 -0.9571 0.04 0.2418 -0.977 0.0406 0.2392
138.0 -1.0279 0.0377 0.2371 -0.98 0.0607 0.2184 -0.988 0.0608 0.2174 -0.9887 0.0601 0.2181 -0.9816 0.0593 0.2197 -0.9665 0.0588 0.2216 -0.9778 0.0427 0.237 -0.9722 0.041 0.2393 -0.965 0.0401 0.2409 -0.9596 0.0396 0.2419 -0.9805 0.0402 0.2393
139.0 -1.0289 0.0382 0.2365 -0.9819 0.061 0.2178 -0.9786 0.0627 0.2164 -0.9829 0.0621 0.2166 -0.9765 0.0605 0.2189 -0.9631 0.0593 0.2215 -0.9776 0.0415 0.2383 -0.9727 0.0391 0.2412 -0.9665 0.0387 0.2422 -0.9621 0.0387 0.2427 -0.9816 0.0392 0.2402
140.0 -1.0306 0.038 0.2366 -0.9809 0.0606 0.2184 -0.9882 0.062 0.2162 -0.9873 0.0621 0.2162 -0.9791 0.0602 0.219 -0.9632 0.0599 0.2208 -0.9788 0.0437 0.2358 -0.9732 0.0414 0.2387 -0.966 0.0406 0.2403 -0.9604 0.0389 0.2426 -0.9818 0.0405 0.2388
141.0 -1.0288 0.0376 0.2371 -0.9811 0.0618 0.2172 -0.9906 0.0605 0.2175 -0.9922 0.0596 0.2182 -0.984 0.0583 0.2204 -0.9655 0.0578 0.2228 -0.9787 0.0431 0.2364 -0.9723 0.0416 0.2387 -0.9651 0.0407 0.2403 -0.958 0.0404 0.2413 -0.9806 0.0407 0.2388
142.0 -1.0279 0.0377 0.2371 -0.9783 0.0609 0.2183 -0.9871 0.0609 0.2174 -0.9888 0.0607 0.2175 -0.9825 0.0597 0.2191 -0.9665 0.0588 0.2216 -0.975 0.0418 0.2382 -0.9703 0.04 0.2405 -0.9639 0.039 0.2421 -0.9594 0.0384 0.2432 -0.9793 0.0394 0.2402
143.0 -1.0287 0.037 0.2377 -0.9782 0.0603 0.2189 -0.9924 0.0608 0.217 -0.9994 0.0605 0.2166 -0.9912 0.0592 0.2188 -0.9664 0.0582 0.2222 -0.9767 0.0416 0.2382 -0.9712 0.0405 0.2399 -0.9641 0.0402 0.2409 -0.9578 0.0392 0.2425 -0.9797 0.0397 0.2398
144.0 -1.0248 0.04 0.2351 -0.9828 0.0615 0.2172 -0.9916 0.0616 0.2163 -0.9957 0.0598 0.2177 -0.9883 0.0577 0.2206 -0.9663 0.0576 0.2228 -0.9797 0.0436 0.2359 -0.9733 0.042 0.2381 -0.9651 0.0407 0.2403 -0.9578 0.0392 0.2425 -0.9801 0.0411 0.2384
145.0 -1.0238 0.0395 0.2357 -0.9819 0.061 0.2178 -0.9871 0.0609 0.2174 -0.9889 0.0613 0.2168 -0.9824 0.0591 0.2197 -0.9647 0.0585 0.2222 -0.9761 0.0435 0.2363 -0.9706 0.0418 0.2386 -0.9635 0.0415 0.2396 -0.9579 0.0398 0.2419 -0.9784 0.0412 0.2384
146.0 -1.0252 0.0375 0.2376 -0.9806 0.0588 0.2203 -0.9818 0.0604 0.2184 -0.9863 0.0611 0.2174 -0.9817 0.0598 0.2191 -0.9639 0.0592 0.2215 -0.9793 0.0412 0.2383 -0.9728 0.0397 0.2406 -0.965 0.0401 0.2409 -0.9571 0.04 0.2418 -0.9799 0.0397 0.2399
147.0 -1.027 0.0372 0.2377 -0.9828 0.0615 0.2172 -0.9886 0.0595 0.2187 -0.9877 0.059 0.2193 -0.9812 0.0575 0.2215 -0.9645 0.0573 0.2234 -0.9794 0.0418 0.2377 -0.9729 0.0403 0.24 -0.9649 0.0395 0.2415 -0.9586 0.0385 0.2432 -0.9805 0.0395 0.24
148.0 -1.0464 0.0279 0.2453 -0.9808 0.0502 0.229 -0.9921 0.0542 0.2238 -0.9909 0.0574 0.2207 -0.9851 0.0545 0.2242 -0.9647 0.0536 0.2272 -0.9826 0.0353 0.2441 -0.9772 0.0342 0.2457 -0.9718 0.0337 0.2468 -0.9673 0.0331 0.2479 -0.9891 0.0328 0.246
149.0 -1.049 0.0275 0.2454 -0.9851 0.0496 0.2292 -0.9983 0.0545 0.2228 -0.9987 0.0569 0.2204 -0.9911 0.0537 0.2244 -0.9654 0.0523 0.2284 -0.9846 0.0362 0.2429 -0.9782 0.0353 0.2445 -0.9711 0.035 0.2455 -0.9647 0.0334 0.2478 -0.9895 0.0335 0.2452
150.0 -1.0421 0.0285 0.2451 -0.9775 0.0512 0.2283 -0.9922 0.0548 0.2232 -0.9934 0.0564 0.2214 -0.9883 0.0528 0.2256 -0.9661 0.0516 0.2291 -0.981 0.0361 0.2434 -0.9764 0.0349 0.2451 -0.9701 0.0339 0.2467 -0.9645 0.0322 0.249 -0.9868 0.0331 0.2459
151.0 -1.0404 0.0287 0.2451 -0.9836 0.0559 0.2229 -0.9895 0.0545 0.2237 -0.9914 0.0555 0.2226 -0.9822 0.0531 0.226 -0.9619 0.0527 0.2283 -0.9829 0.0371 0.2422 -0.9765 0.0355 0.2445 -0.9692 0.034 0.2467 -0.9629 0.0331 0.2483 -0.9864 0.0337 0.2454
152.0 -1.0369 0.0286 0.2456 -0.9834 0.0547 0.2241 -0.9921 0.0542 0.2238 -0.9938 0.0539 0.2239 -0.9846 0.0515 0.2273 -0.9634 0.0513 0.2296 -0.9827 0.0359 0.2435 -0.9763 0.0343 0.2457 -0.9683 0.0336 0.2473 -0.9619 0.0326 0.2489 -0.9852 0.033 0.2462
153.0 -1.0343 0.0289 0.2455 -0.9844 0.0552 0.2235 -0.9896 0.0551 0.2231 -0.9931 0.0546 0.2233 -0.9864 0.0519 0.2267 -0.9661 0.0516 0.2291 -0.981 0.0361 0.2434 -0.9746 0.0345 0.2456 -0.9674 0.0337 0.2472 -0.9601 0.0322 0.2495 -0.9835 0.0331 0.2462
154.0 -1.0343 0.0289 0.2455 -0.9907 0.0562 0.2219 -0.9895 0.0545 0.2237 -0.998 0.0528 0.2247 -0.989 0.0515 0.2268 -0.9662 0.0522 0.2285 -0.9797 0.0338 0.2458 -0.9743 0.0327 0.2475 -0.9672 0.0325 0.2485 -0.9601 0.0322 0.2495 -0.9831 0.032 0.2473
155.0 -1.0374 0.0267 0.2475 -0.9833 0.0541 0.2247 -0.9887 0.0546 0.2237 -0.998 0.0528 0.2247 -0.9917 0.0518 0.2263 -0.9654 0.0523 0.2284 -0.9822 0.0329 0.2466 -0.9759 0.0319 0.2482 -0.9688 0.0317 0.2492 -0.9616 0.0308 0.2508 -0.9852 0.0308 0.2484
156.0 -1.04 0.0263 0.2476 -0.9884 0.0534 0.2249 -0.9876 0.0535 0.2249 -0.9957 0.0549 0.2227 -0.99 0.052 0.2263 -0.9626 0.0514 0.2296 -0.9847 0.032 0.2473 -0.9775 0.0311 0.2489 -0.9687 0.0311 0.2498 -0.9606 0.0303 0.2513 -0.9863 0.0301 0.249
157.0 -1.0415 0.0249 0.2489 -0.9921 0.0542 0.2238 -0.9945 0.0526 0.2252 -0.9949 0.055 0.2227 -0.9866 0.0531 0.2255 -0.9645 0.0524 0.2284 -0.9836 0.0309 0.2485 -0.9772 0.0293 0.2507 -0.9702 0.0296 0.2511 -0.9641 0.0298 0.2515 -0.9873 0.0289 0.2501
158.0 -1.0389 0.0252 0.2488 -0.9922 0.0548 0.2232 -0.9973 0.0535 0.224 -0.999 0.0532 0.2241 -0.9905 0.0501 0.2282 -0.9651 0.0505 0.2303 -0.9858 0.033 0.2461 -0.9786 0.0322 0.2477 -0.9696 0.0309 0.2498 -0.9614 0.0296 0.252 -0.9868 0.0302 0.2489
159.0 -1.0383 0.0266 0.2475 -0.9865 0.0525 0.2261 -0.992 0.0536 0.2245 -0.9975 0.0547 0.2228 -0.9918 0.0524 0.2257 -0.966 0.051 0.2297 -0.9829 0.0316 0.2478 -0.9757 0.0307 0.2494 -0.9686 0.0305 0.2504 -0.9606 0.0303 0.2513 -0.9852 0.0299 0.2493
160.0 -1.0332 0.0278 0.2467 -0.9815 0.0538 0.2253 -0.9921 0.0542 0.2238 -0.9981 0.0534 0.2241 -0.9923 0.0505 0.2276 -0.9669 0.0508 0.2297 -0.9817 0.0348 0.2447 -0.9744 0.0333 0.2469 -0.9663 0.0326 0.2484 -0.9589 0.0305 0.2513 -0.9829 0.0318 0.2476
161.0 -1.0374 0.0267 0.2475 -0.9886 0.054 0.2243 -0.9893 0.0533 0.225 -0.9973 0.0535 0.224 -0.9907 0.0513 0.2269 -0.9652 0.0511 0.2297 -0.9832 0.0334 0.246 -0.9759 0.0319 0.2482 -0.9678 0.0312 0.2498 -0.9597 0.0298 0.2519 -0.9848 0.0306 0.2487
162.0 -1.0373 0.0261 0.2481 -0.9839 0.0528 0.226 -0.9902 0.0532 0.225 -0.9999 0.0537 0.2235 -0.9943 0.0514 0.2264 -0.9661 0.0516 0.2291 -0.9815 0.0336 0.2459 -0.975 0.032 0.2482 -0.9671 0.0319 0.2491 -0.9598 0.0304 0.2513 -0.9841 0.0308 0.2485
163.0 -1.0324 0.028 0.2466 -0.9821 0.0525 0.2266 -0.9973 0.0535 0.224 -1.0023 0.0522 0.2249 -0.9957 0.0494 0.2284 -0.9694 0.0499 0.2305 -0.9807 0.0343 0.2453 -0.9735 0.0335 0.2469 -0.9655 0.0327 0.2484 -0.9573 0.0314 0.2506 -0.9819 0.032 0.2476
164.0 -1.0348 0.027 0.2474 -0.9878 0.0547 0.2237 -0.9956 0.0543 0.2234 -1.0007 0.053 0.2242 -0.994 0.0502 0.2277 -0.9652 0.0511 0.2297 -0.9846 0.0362 0.2429 -0.9764 0.0349 0.2451 -0.9683 0.0336 0.2473 -0.959 0.0311 0.2507 -0.9846 0.0326 0.2467
165.0 -1.0348 0.027 0.2474 -0.9833 0.0541 0.2247 -0.9974 0.0541 0.2234 -1.0015 0.0529 0.2242 -0.9949 0.0501 0.2277 -0.9677 0.0507 0.2298 -0.9819 0.036 0.2434 -0.9754 0.0344 0.2457 -0.9673 0.0331 0.2479 -0.959 0.0311 0.2507 -0.9837 0.0323 0.247
166.0 -1.0358 0.0275 0.2468 -0.9856 0.052 0.2267 -0.9975 0.0547 0.2228 -1.0 0.0543 0.2229 -0.9916 0.0512 0.2269 -0.9668 0.0503 0.2304 -0.9835 0.0352 0.2441 -0.9763 0.0343 0.2457 -0.9681 0.033 0.2479 -0.9598 0.0304 0.2513 -0.9847 0.0321 0.2472
167.0 -1.0298 0.0283 0.2465 -0.9789 0.0541 0.2252 -0.9919 0.053 0.2251 -0.9977 0.051 0.2266 -0.9928 0.048 0.2301 -0.97 0.0486 0.2317 -0.9793 0.0363 0.2433 -0.9729 0.0348 0.2456 -0.9656 0.0333 0.2478 -0.9582 0.0313 0.2506 -0.9811 0.0328 0.2468
168.0 -1.0308 0.0288 0.2459 -0.9779 0.0536 0.2258 -0.9949 0.055 0.2227 -1.0007 0.053 0.2242 -0.9932 0.0504 0.2276 -0.9668 0.0503 0.2304 -0.9794 0.0369 0.2427 -0.9738 0.0353 0.245 -0.9664 0.0332 0.2478 -0.9598 0.0304 0.2513 -0.982 0.0329 0.2466
169.0 -1.0341 0.0277 0.2467 -0.9824 0.0542 0.2247 -0.993 0.054 0.2239 -0.9955 0.0537 0.224 -0.9897 0.0508 0.2275 -0.967 0.0514 0.2291 -0.9809 0.0355 0.244 -0.9745 0.0339 0.2463 -0.9663 0.0326 0.2484 -0.959 0.0311 0.2507 -0.983 0.0322 0.2472
170.0 -1.0316 0.0287 0.246 -0.983 0.0523 0.2266 -0.9975 0.0547 0.2228 -1.0024 0.0528 0.2242 -0.9942 0.0508 0.227 -0.9643 0.0512 0.2296 -0.9827 0.0359 0.2435 -0.9763 0.0343 0.2457 -0.9681 0.033 0.2479 -0.9598 0.0304 0.2513 -0.9837 0.0325 0.2469
171.0 -1.0342 0.0283 0.2461 -0.9802 0.0515 0.2278 -0.9975 0.0547 0.2228 -1.0018 0.0541 0.223 -0.9944 0.052 0.2258 -0.9654 0.0523 0.2284 -0.9807 0.0343 0.2453 -0.9751 0.0326 0.2475 -0.9678 0.0312 0.2498 -0.9614 0.0296 0.252 -0.9838 0.0312 0.2481
172.0 -1.0325 0.0286 0.246 -0.984 0.0534 0.2254 -0.9964 0.0536 0.224 -1.0023 0.0522 0.2249 -0.9957 0.0494 0.2284 -0.9685 0.05 0.2304 -0.9801 0.0356 0.244 -0.9736 0.0341 0.2462 -0.9663 0.0326 0.2484 -0.9589 0.0305 0.2513 -0.9823 0.0323 0.2472
173.0 -1.0348 0.027 0.2474 -0.9923 0.0554 0.2226 -0.9939 0.0545 0.2233 -0.9936 0.0527 0.2251 -0.9818 0.0507 0.2284 -0.9619 0.0527 0.2283 -0.9845 0.0356 0.2435 -0.9772 0.0342 0.2457 -0.9689 0.0323 0.2485 -0.9615 0.0302 0.2514 -0.9854 0.0319 0.2473
174.0 -1.0332 0.0278 0.2467 -0.9794 0.0522 0.2271 -0.9956 0.0543 0.2234 -1.0015 0.0529 0.2242 -0.9959 0.0506 0.2271 -0.9678 0.0513 0.2291 -0.979 0.0346 0.2452 -0.9725 0.033 0.2474 -0.9654 0.0321 0.249 -0.9598 0.0304 0.2513 -0.982 0.0316 0.2479
175.0 -1.034 0.0271 0.2473 -0.9849 0.0533 0.2254 -0.9901 0.0526 0.2256 -0.9929 0.0535 0.2245 -0.9888 0.0503 0.2281 -0.9675 0.0495 0.231 -0.9797 0.0338 0.2458 -0.9742 0.0322 0.2481 -0.9661 0.0314 0.2497 -0.9597 0.0298 0.2519 -0.9827 0.0309 0.2486
176.0 -1.0356 0.0263 0.248 -0.9852 0.0551 0.2236 -0.9867 0.0537 0.2249 -0.9927 0.0529 0.2251 -0.9863 0.0513 0.2274 -0.9634 0.0513 0.2296 -0.9839 0.0327 0.2466 -0.9766 0.0312 0.2488 -0.9694 0.0303 0.2504 -0.9623 0.0295 0.252 -0.9856 0.03 0.2492
177.0 -1.0323 0.0274 0.2473 -0.9771 0.0537 0.2258 -0.985 0.0539 0.2248 -0.993 0.054 0.2239 -0.985 0.0539 0.2248 -0.9602 0.053 0.2282 -0.9802 0.0313 0.2484 -0.9746 0.0296 0.2506 -0.9693 0.0297 0.2511 -0.9642 0.0304 0.2509 -0.9841 0.0297 0.2496
178.0 -1.03 0.0295 0.2453 -0.9836 0.0559 0.2229 -0.9816 0.0544 0.2247 -0.9817 0.055 0.2241 -0.9745 0.0541 0.2257 -0.9575 0.0527 0.2287 -0.9845 0.0356 0.2435 -0.9771 0.0336 0.2464 -0.968 0.0324 0.2485 -0.9599 0.031 0.2507 -0.9839 0.0324 0.2469
179.0 -1.029 0.029 0.2459 -0.9804 0.0576 0.2215 -0.9712 0.0552 0.2249 -0.9662 0.057 0.2235 -0.9591 0.0568 0.2244 -0.9488 0.0533 0.229 -0.9825 0.0347 0.2447 -0.9751 0.0326 0.2475 -0.9679 0.0318 0.2491 -0.9609 0.0315 0.2501 -0.9831 0.0319 0.2475
180.0 -1.0332 0.0278 0.2467 -0.9378 0.0456 0.238 -0.9487 0.0527 0.2297 -0.9636 0.0574 0.2234 -0.9737 0.0597 0.22 -0.9892 0.0625 0.2156 -0.9674 0.0337 0.2472 -0.9798 0.0393 0.2402 -0.9912 0.0439 0.2344 -1.0014 0.0468 0.2304 -0.9946 0.0383 0.2398
181.0 -1.0323 0.0274 0.2473 -0.9359 0.0446 0.2391 -0.9484 0.0558 0.2265 -0.9617 0.0613 0.2195 -0.9743 0.0633 0.2163 -0.9914 0.0653 0.2126 -0.9684 0.0342 0.2467 -0.9815 0.0391 0.2403 -0.9929 0.0437 0.2345 -1.003 0.046 0.2311 -0.9956 0.0381 0.24
182.0 -1.0358 0.0275 0.2468 -0.938 0.0468 0.2367 -0.9461 0.0579 0.2246 -0.9614 0.065 0.2158 -0.9715 0.0673 0.2124 -0.9874 0.0676 0.2105 -0.9707 0.0326 0.248 -0.9821 0.0372 0.2422 -0.9925 0.0413 0.237 -1.0009 0.0444 0.2329 -0.9964 0.0366 0.2414
183.0 -1.0373 0.0261 0.2481 -0.9375 0.0438 0.2398 -0.9437 0.0589 0.2238 -0.9562 0.0651 0.2162 -0.9724 0.0672 0.2125 -0.9932 0.0656 0.212 -0.9685 0.0348 0.246 -0.9824 0.039 0.2403 -0.9962 0.0426 0.2352 -1.008 0.0447 0.232 -0.9985 0.0374 0.2403
184.0 -1.0344 0.0246 0.2498 -0.9387 0.0455 0.238 -0.9416 0.0573 0.2256 -0.9545 0.0653 0.2161 -0.9707 0.0674 0.2124 -0.9933 0.0662 0.2114 -0.9672 0.0325 0.2485 -0.982 0.0366 0.2428 -0.9968 0.0407 0.2371 -1.0088 0.044 0.2326 -0.9978 0.0357 0.2422
185.0 -1.0352 0.0239 0.2505 -0.9386 0.0449 0.2386 -0.941 0.0586 0.2244 -0.9535 0.0649 0.2167 -0.9705 0.0662 0.2136 -0.9939 0.0643 0.2133 -0.9673 0.0331 0.2479 -0.9821 0.0372 0.2422 -0.9968 0.0407 0.2371 -1.0094 0.0427 0.2339 -0.9982 0.0355 0.2423
186.0 -1.0345 0.0252 0.2492 -0.9357 0.0435 0.2404 -0.9399 0.0575 0.2256 -0.9525 0.0644 0.2173 -0.9705 0.0662 0.2136 -0.993 0.0644 0.2133 -0.9675 0.0343 0.2466 -0.9815 0.0391 0.2403 -0.9944 0.0422 0.2358 -1.007 0.0436 0.2332 -0.997 0.0369 0.241
187.0 -1.0379 0.0242 0.25 -0.9365 0.0433 0.2404 -0.9376 0.0542 0.2292 -0.9511 0.0609 0.221 -0.971 0.0643 0.2155 -0.9956 0.0641 0.2134 -0.9698 0.0321 0.2486 -0.9829 0.0371 0.2422 -0.9969 0.0413 0.2365 -1.0095 0.0433 0.2333 -0.9994 0.0356 0.2421
188.0 -1.0346 0.0258 0.2486 -0.9358 0.0441 0.2398 -0.9375 0.0536 0.2298 -0.9528 0.0607 0.2211 -0.9674 0.0636 0.2166 -0.9901 0.063 0.215 -0.9697 0.0315 0.2492 -0.9821 0.0372 0.2422 -0.9943 0.0416 0.2364 -1.0061 0.0437 0.2331 -0.9974 0.036 0.2419
189.0 -1.0338 0.0259 0.2486 -0.9339 0.0431 0.2409 -0.9381 0.0523 0.2311 -0.9525 0.0589 0.2229 -0.9687 0.061 0.2192 -0.9944 0.0624 0.2152 -0.9715 0.0319 0.2486 -0.983 0.0377 0.2416 -0.9953 0.0421 0.2358 -1.008 0.0447 0.232 -0.9983 0.0365 0.2413
190.0 -1.0379 0.0242 0.25 -0.9347 0.043 0.241 -0.9403 0.0496 0.2337 -0.9539 0.0569 0.2249 -0.9686 0.0604 0.2198 -0.9926 0.062 0.2157 -0.9721 0.0306 0.2499 -0.9854 0.0361 0.2429 -0.9985 0.0405 0.2372 -1.0104 0.0431 0.2333 -1.0009 0.0349 0.2427
191.0 -1.0372 0.0255 0.2487 -0.9363 0.0421 0.2417 -0.9397 0.0466 0.2368 -0.9523 0.0528 0.2292 -0.9673 0.0581 0.2223 -0.9899 0.0618 0.2163 -0.9728 0.0293 0.2512 -0.9846 0.0362 0.2429 -0.996 0.0414 0.2365 -1.0081 0.0453 0.2313 -0.9997 0.0355 0.2421
192.0 -1.0356 0.0263 0.248 -0.9359 0.0398 0.2441 -0.9415 0.0463 0.2369 -0.9544 0.055 0.2268 -0.9692 0.0591 0.2211 -0.9942 0.0612 0.2164 -0.9729 0.0299 0.2506 -0.9853 0.0355 0.2436 -0.9984 0.0399 0.2378 -1.0103 0.0425 0.2339 -1.0005 0.0348 0.2428
193.0 -1.0384 0.0271 0.2469 -0.9342 0.04 0.2441 -0.9393 0.0442 0.2393 -0.9528 0.0509 0.2311 -0.9625 0.0557 0.2252 -0.9821 0.0573 0.2216 -0.9737 0.0298 0.2506 -0.9854 0.0361 0.2429 -0.9951 0.0409 0.2371 -1.0051 0.0432 0.2337 -0.9995 0.0354 0.2422
194.0 -1.0358 0.0275 0.2468 -0.9348 0.0387 0.2454 -0.9421 0.045 0.2381 -0.9549 0.0525 0.2293 -0.9659 0.0553 0.2253 -0.99 0.0575 0.2206 -0.974 0.031 0.2494 -0.9847 0.0368 0.2423 -0.996 0.0414 0.2365 -1.0077 0.0429 0.2338 -0.9996 0.0359 0.2417
195.0 -1.0367 0.0274 0.2468 -0.9366 0.0384 0.2454 -0.9444 0.0429 0.2401 -0.9582 0.0514 0.23 -0.9701 0.0541 0.2261 -0.9927 0.0577 0.2201 -0.9748 0.0308 0.2494 -0.9856 0.0373 0.2417 -0.9969 0.0413 0.2365 -1.0077 0.0429 0.2338 -1.0003 0.0359 0.2416
196.0 -1.0392 0.027 0.2469 -0.9373 0.0377 0.2461 -0.9457 0.0403 0.2427 -0.9625 0.0459 0.2352 -0.9748 0.051 0.2288 -0.9943 0.0569 0.2208 -0.976 0.0276 0.2526 -0.9869 0.0347 0.2442 -0.9985 0.0405 0.2372 -1.0088 0.044 0.2326 -1.0019 0.0348 0.2427
197.0 -1.0435 0.0265 0.2471 -0.9413 0.0354 0.2481 -0.9505 0.0378 0.2447 -0.9633 0.0452 0.2358 -0.9729 0.05 0.23 -0.9886 0.054 0.2243 -0.9781 0.0298 0.2502 -0.989 0.0363 0.2425 -0.9995 0.041 0.2366 -1.0087 0.0434 0.2332 -1.0038 0.0354 0.2419
198.0 -1.0452 0.0256 0.2478 -0.9421 0.0347 0.2488 -0.9514 0.0377 0.2447 -0.9635 0.0464 0.2346 -0.9728 0.0494 0.2306 -0.9909 0.0525 0.2257 -0.9808 0.03 0.2496 -0.9916 0.0365 0.2419 -1.002 0.0406 0.2367 -1.011 0.0418 0.2346 -1.0061 0.0349 0.2421
199.0 -1.0493 0.0244 0.2485 -0.9461 0.0329 0.2502 -0.9486 0.0368 0.2459 -0.9581 0.041 0.2406 -0.9696 0.0462 0.2342 -0.9878 0.0499 0.2287 -0.9829 0.0267 0.2528 -0.9926 0.0321 0.2463 -1.0014 0.037 0.2404 -1.0107 0.04 0.2364 -1.0074 0.0321 0.2449
200.0 -1.0529 0.0246 0.2481 -0.9462 0.0335 0.2495 -0.9543 0.0342 0.248 -0.9667 0.0399 0.241 -0.9772 0.0446 0.2351 -0.9921 0.0493 0.2288 -0.9865 0.0274 0.2517 -0.9964 0.0334 0.2446 -1.0059 0.0376 0.2394 -1.0142 0.0396 0.2366 -1.0112 0.0325 0.2441
200.0 -1.0529 0.0246 0.2481 -0.9462 0.0335 0.2495 -0.9543 0.0342 0.248 -0.9667 0.0399 0.241 -0.9772 0.0446 0.2351 -0.9921 0.0493 0.2288 -0.9865 0.0274 0.2517 -0.9964 0.0334 0.2446 -1.0059 0.0376 0.2394 -1.0142 0.0396 0.2366 -1.0112 0.0325 0.2441
202.0 -1.0588 0.0232 0.2489 -0.967 0.0313 0.2497 -0.9563 0.0358 0.2462 -0.961 0.0376 0.2439 -0.9719 0.0392 0.2412 -0.9887 0.04 0.2387 -0.9999 0.0232 0.2547 -1.0059 0.0273 0.25 -1.0117 0.0307 0.2458 -1.0174 0.033 0.2429 -1.0187 0.0275 0.2485
203.0 -1.0639 0.0219 0.2497 -1.0093 0.047 0.2295 -0.9679 0.0367 0.2441 -0.9624 0.0356 0.2458 -0.9664 0.0332 0.2478 -0.9748 0.026 0.2544 -1.0136 0.0262 0.2503 -1.0117 0.0253 0.2515 -1.0113 0.0235 0.2533 -1.0125 0.0203 0.2565 -1.0226 0.0234 0.2523
204.0 -1.0631 0.0226 0.2491 -0.9729 0.025 0.2556 -0.9649 0.0297 0.2515 -0.9707 0.0375 0.243 -0.9821 0.0421 0.2372 -0.9996 0.0415 0.236 -1.0087 0.0183 0.2588 -1.0144 0.0261 0.2503 -1.0209 0.0326 0.2431 -1.0269 0.0366 0.2383 -1.0268 0.0272 0.2479
205.0 -1.0867 0.017 0.2525 -1.0443 0.0508 0.2221 -1.0072 0.0448 0.2319 -0.9867 0.0335 0.2455 -0.9828 0.0261 0.2535 -0.9938 0.0136 0.2651 -1.0423 0.0297 0.2439 -1.0375 0.0224 0.2518 -1.0352 0.0141 0.2605 -1.037 0.0041 0.2705 -1.0478 0.0175 0.2558
206.0 -1.0902 0.0165 0.2526 -1.0477 0.0454 0.2272 -1.0104 0.0431 0.2333 -0.988 0.0309 0.248 -0.9871 0.0255 0.2536 -0.9983 0.0142 0.264 -1.0485 0.0295 0.2435 -1.0427 0.0217 0.252 -1.0404 0.0134 0.2607 -1.0421 0.0034 0.2707 -1.0528 0.0169 0.2559
207.0 -1.099 0.0165 0.2517 -1.0324 0.028 0.2466 -1.0043 0.0287 0.2487 -0.9899 0.0264 0.2525 -0.993 0.029 0.2495 -1.0075 0.0264 0.2507 -1.0492 0.0184 0.2548 -1.0466 0.0187 0.2547 -1.0465 0.0181 0.2553 -1.0496 0.0159 0.2573 -1.0582 0.0175 0.2548
208.0 -1.104 0.0152 0.2525 -1.0503 0.0402 0.2323 -1.0108 0.0303 0.2464 -0.9934 0.0265 0.252 -0.9968 0.026 0.2521 -1.0101 0.0212 0.2558 -1.0555 0.0242 0.2482 -1.0513 0.0205 0.2524 -1.0513 0.0156 0.2574 -1.0538 0.0098 0.2631 -1.0632 0.0171 0.2547
209.0 -1.1083 0.0147 0.2527 -1.0384 0.0271 0.2469 -1.0131 0.0287 0.2478 -0.9978 0.0265 0.2515 -1.0029 0.0307 0.2467 -1.0203 0.0296 0.2462 -1.0571 0.0185 0.2538 -1.0548 0.0207 0.2519 -1.0567 0.021 0.2513 -1.061 0.0204 0.2515 -1.0676 0.0191 0.2522
210.0 -1.1107 0.0131 0.254 -1.0182 0.0073 0.2692 -1.0092 0.0164 0.2607 -1.0037 0.0251 0.2524 -1.0154 0.0364 0.2397 -1.0358 0.0428 0.2312 -1.0571 0.0087 0.2638 -1.0598 0.0188 0.2533 -1.0655 0.0265 0.2448 -1.0728 0.0329 0.2376 -1.0732 0.02 0.2507
211.0 -1.1176 0.0122 0.2543 -1.0243 0.0071 0.2688 -1.0086 0.0177 0.2595 -1.0075 0.0264 0.2507 -1.0179 0.036 0.2398 -1.0391 0.0411 0.2325 -1.0607 0.0089 0.2633 -1.0631 0.0177 0.2541 -1.0689 0.0255 0.2456 -1.0769 0.0311 0.239 -1.0774 0.0191 0.2513
212.0 -1.1195 0.0131 0.2531 -1.0311 0.0055 0.2697 -1.022 0.0141 0.2618 -1.0103 0.0224 0.2545 -1.0203 0.0345 0.2412 -1.0408 0.0409 0.2326 -1.0666 0.0075 0.2642 -1.0673 0.0165 0.2549 -1.0712 0.0239 0.2469 -1.0777 0.0304 0.2396 -1.0805 0.0183 0.2517
213.0 -1.1263 0.0116 0.254 -1.0343 0.0039 0.2711 -1.0162 0.0161 0.2604 -1.015 0.0242 0.2522 -1.0276 0.0359 0.239 -1.0479 0.0411 0.2316 -1.0683 0.0072 0.2643 -1.071 0.0173 0.2538 -1.0768 0.0256 0.2446 -1.0848 0.0313 0.2381 -1.0854 0.0186 0.2509
214.0 -1.1393 0.0105 0.2539 -1.0494 -0.0006 0.2741 -1.0248 0.0149 0.2607 -1.0315 0.0281 0.2466 -1.0461 0.0359 0.2372 -1.0708 0.0417 0.2288 -1.0781 0.0077 0.2628 -1.0824 0.0175 0.2523 -1.0908 0.025 0.2439 -1.1013 0.0297 0.2381 -1.0984 0.0181 0.2502
215.0 -1.1946 -4.838e-05 0.2592 -1.1194 -0.0174 0.2844 -1.0769 0.0012 0.2696 -1.0799 0.0179 0.2522 -1.0955 0.0268 0.2416 -1.1272 0.0323 0.2328 -1.135 -0.0036 0.2687 -1.1384 0.0057 0.2589 -1.1449 0.0128 0.251 -1.1555 0.0181 0.2445 -1.1537 0.0066 0.2565
216.0 -1.1999 -0.0001 0.2587 -1.1254 -0.0182 0.2846 -1.0812 0.0006 0.2698 -1.0843 0.0179 0.2518 -1.1014 0.0254 0.2424 -1.1379 0.0278 0.2364 -1.1402 -0.0043 0.2689 -1.1427 0.0051 0.259 -1.1502 0.0127 0.2506 -1.1618 0.0184 0.2435 -1.159 0.0064 0.2562
217.0 -1.2051 -0.0002 0.2583 -1.1324 -0.0185 0.2842 -1.0863 -0.0007 0.2706 -1.0884 0.0161 0.2532 -1.1058 0.0254 0.242 -1.1506 0.0248 0.2381 -1.1463 -0.0045 0.2685 -1.148 0.005 0.2586 -1.1546 0.0127 0.2501 -1.1653 0.0186 0.243 -1.1639 0.0063 0.2557
218.0 -1.2095 -0.0002 0.2579 -1.1399 -0.0208 0.2858 -1.0913 -0.002 0.2714 -1.0934 0.0148 0.254 -1.1091 0.0243 0.2427 -1.1541 0.025 0.2376 -1.1507 -0.0045 0.2681 -1.1514 0.0046 0.2587 -1.158 0.0122 0.2503 -1.1689 0.0187 0.2426 -1.1677 0.0061 0.2555
219.0 -1.2176 0.0005 0.2563 -1.1443 -0.0208 0.2853 -1.0965 -0.0027 0.2716 -1.0988 0.0153 0.253 -1.1134 0.0237 0.2429 -1.1459 0.0285 0.2348 -1.156 -0.0046 0.2677 -1.1575 0.0043 0.2584 -1.1642 0.012 0.2499 -1.1739 0.0174 0.2434 -1.1738 0.0059 0.2551
220.0 -1.2203 0.0008 0.2558 -1.1486 -0.0213 0.2855 -1.1018 -0.0028 0.2712 -1.1031 0.0148 0.2531 -1.1162 0.0246 0.2418 -1.1479 0.0295 0.2336 -1.1612 -0.0047 0.2672 -1.1621 0.005 0.2573 -1.1677 0.0121 0.2494 -1.1767 0.0182 0.2422 -1.1776 0.0063 0.2544
221.0 -1.228 -0.0003 0.2561 -1.1549 -0.0209 0.2845 -1.1079 -0.003 0.2708 -1.1075 0.0148 0.2527 -1.122 0.0226 0.2432 -1.1541 0.0299 0.2326 -1.1675 -0.0043 0.2662 -1.1691 0.0052 0.2563 -1.1758 0.0129 0.2478 -1.1865 0.0188 0.2407 -1.1854 0.0065 0.2534
222.0 -1.2352 0.0006 0.2545 -1.16 -0.0216 0.2847 -1.1141 -0.0026 0.2698 -1.1118 0.0142 0.2528 -1.1265 0.0232 0.2422 -1.1585 0.0299 0.2322 -1.1736 -0.0045 0.2658 -1.1754 0.0056 0.2553 -1.1821 0.0139 0.2462 -1.1929 0.0203 0.2385 -1.1918 0.0072 0.2521
223.0 -1.2395 2.251e-06 0.2547 -1.1661 -0.0219 0.2843 -1.1193 -0.0033 0.27 -1.117 0.0141 0.2524 -1.1326 0.0224 0.2424 -1.1621 0.0306 0.2311 -1.178 -0.0045 0.2654 -1.1797 0.005 0.2555 -1.1864 0.0133 0.2464 -1.1972 0.0198 0.2387 -1.1961 0.0067 0.2521
224.0 -1.2447 -9.709e-05 0.2542 -1.1728 -0.024 0.2858 -1.1253 -0.0041 0.2702 -1.123 0.0133 0.2526 -1.1387 0.0222 0.242 -1.1664 0.03 0.2312 -1.184 -0.0053 0.2656 -1.1848 0.0043 0.2557 -1.1914 0.012 0.2472 -1.2021 0.0179 0.2401 -1.2014 0.0057 0.2526
225.0 -1.2499 -0.0008 0.2544 -1.1805 -0.025 0.2861 -1.1323 -0.0045 0.2699 -1.1291 0.0125 0.2529 -1.1437 0.0209 0.2428 -1.1701 0.0307 0.2301 -1.1899 -0.0067 0.2665 -1.1907 0.0029 0.2565 -1.1965 0.0107 0.248 -1.2064 0.0173 0.2403 -1.2067 0.0047 0.2531
226.0 -1.2549 -0.0021 0.2553 -1.1874 -0.026 0.2864 -1.139 -0.006 0.2708 -1.1342 0.0118 0.2531 -1.1498 0.0207 0.2424 -1.1754 0.0306 0.2297 -1.1952 -0.0068 0.2661 -1.1951 0.0029 0.2561 -1.2009 0.0107 0.2475 -1.2108 0.0173 0.2398 -1.2114 0.0044 0.2529
227.0 -1.2592 -0.0027 0.2554 -1.1924 -0.0278 0.2878 -1.1441 -0.0073 0.2716 -1.1402 0.011 0.2533 -1.156 0.0204 0.2421 -1.1796 0.0301 0.2299 -1.2011 -0.0083 0.2669 -1.201 0.0015 0.2569 -1.2069 0.0099 0.2478 -1.2161 0.0172 0.2394 -1.2169 0.0035 0.2533
228.0 -1.2655 -0.0023 0.2544 -1.2001 -0.0289 0.2881 -1.1518 -0.0083 0.2719 -1.1464 0.0107 0.2529 -1.161 0.0191 0.2429 -1.1856 0.0287 0.2307 -1.2072 -0.0085 0.2665 -1.2072 0.0013 0.2565 -1.2121 0.0092 0.248 -1.2212 0.0159 0.2402 -1.2226 0.0031 0.2531
229.0 -1.2706 -0.003 0.2546 -1.2061 -0.0297 0.2883 -1.1569 -0.0096 0.2727 -1.1532 0.0098 0.2532 -1.1668 0.0171 0.2444 -1.1916 0.0278 0.2309 -1.2125 -0.0086 0.2661 -1.2132 0.0005 0.2568 -1.218 0.0078 0.2488 -1.2279 0.0144 0.2411 -1.2284 0.0022 0.2535
230.0 -1.294 -0.0049 0.2543 -1.2334 -0.0346 0.2906 -1.181 -0.0123 0.273 -1.1763 0.0061 0.2547 -1.1912 0.0157 0.2434 -1.2139 0.0248 0.2318 -1.2367 -0.0106 0.2658 -1.2365 -0.002 0.257 -1.2414 0.0059 0.2485 -1.2495 0.0121 0.2413 -1.2516 7.211e-05 0.2534
231.0 -1.2993 -0.005 0.2539 -1.2387 -0.0347 0.2902 -1.1854 -0.0122 0.2726 -1.1806 0.0055 0.2549 -1.1936 0.0141 0.2448 -1.2176 0.0256 0.2307 -1.2419 -0.0113 0.266 -1.2409 -0.002 0.2566 -1.2458 0.0059 0.248 -1.2549 0.0126 0.2403 -1.2565 1.917e-05 0.2529
232.0 -1.3037 -0.005 0.2534 -1.2448 -0.0349 0.2898 -1.1915 -0.0125 0.2722 -1.1868 0.0059 0.2539 -1.202 0.0173 0.2407 -1.2255 0.0257 0.2298 -1.2472 -0.0114 0.2656 -1.2462 -0.0015 0.2555 -1.2511 0.0064 0.247 -1.2602 0.0131 0.2392 -1.2617 0.0003 0.2521
233.0 -1.3091 -0.0045 0.2524 -1.2518 -0.0353 0.2895 -1.1977 -0.0127 0.2718 -1.1914 0.0065 0.2528 -1.2048 0.0181 0.2396 -1.2293 0.027 0.228 -1.2525 -0.0109 0.2645 -1.2516 -0.001 0.2545 -1.2565 0.0069 0.246 -1.2647 0.0137 0.2382 -1.2669 0.0008 0.2511
234.0 -1.3147 -0.0022 0.2495 -1.2562 -0.0352 0.289 -1.2032 -0.011 0.2695 -1.1967 0.007 0.2518 -1.2074 0.0178 0.2397 -1.2327 0.0266 0.2282 -1.2588 -0.0099 0.2629 -1.2579 -4.71e-05 0.2529 -1.262 0.008 0.2443 -1.2702 0.0148 0.2365 -1.2727 0.0021 0.2492
235.0 -1.3199 -0.0029 0.2497 -1.2622 -0.036 0.2893 -1.2084 -0.0117 0.2697 -1.2028 0.0068 0.2514 -1.2144 0.0174 0.2393 -1.239 0.0275 0.2265 -1.2632 -0.0099 0.2625 -1.2615 8.557e-05 0.2524 -1.2655 0.0081 0.2438 -1.2747 0.0154 0.2354 -1.277 0.0021 0.2487
236.0 -1.3244 -0.0023 0.2486 -1.2686 -0.0345 0.287 -1.2145 -0.0119 0.2693 -1.2081 0.0067 0.2509 -1.2188 0.0175 0.2389 -1.2432 0.0264 0.2273 -1.2669 -0.0092 0.2613 -1.2659 0.0001 0.2519 -1.2708 0.008 0.2434 -1.2799 0.0147 0.2356 -1.2816 0.0023 0.2482
237.0 -1.3289 -0.0017 0.2475 -1.2746 -0.0353 0.2872 -1.2189 -0.0119 0.2689 -1.2133 0.006 0.2511 -1.2229 0.0157 0.2403 -1.2487 0.0275 0.2257 -1.2721 -0.0099 0.2615 -1.2703 0.0001 0.2515 -1.2752 0.008 0.2429 -1.2835 0.0154 0.2345 -1.286 0.0024 0.2476
238.0 -1.3342 -0.0018 0.2471 -1.2791 -0.0347 0.2862 -1.2249 -0.0127 0.2691 -1.2184 0.0053 0.2513 -1.2281 0.0156 0.2399 -1.253 0.0269 0.2258 -1.2773 -0.01 0.2611 -1.2755 1.955e-05 0.2511 -1.2796 0.008 0.2425 -1.2878 0.0149 0.2347 -1.2909 0.0022 0.2473
239.0 -1.3394 -0.0019 0.2467 -1.2843 -0.0354 0.2864 -1.2302 -0.0128 0.2687 -1.2236 0.0046 0.2515 -1.2333 0.0149 0.2401 -1.2573 0.0263 0.226 -1.2826 -0.0101 0.2607 -1.2807 -0.0007 0.2513 -1.2839 0.0074 0.2426 -1.2921 0.0143 0.2348 -1.2957 0.0018 0.2472
240.0 -1.3429 -0.0023 0.2468 -1.2886 -0.0359 0.2865 -1.2345 -0.0134 0.2688 -1.2279 0.004 0.2517 -1.2384 0.0142 0.2403 -1.2607 0.0258 0.2261 -1.286 -0.0106 0.2608 -1.2851 -0.0007 0.2508 -1.2882 0.0069 0.2428 -1.2965 0.0143 0.2344 -1.2997 0.0015 0.2471
241.0 -1.3473 -0.0023 0.2463 -1.2939 -0.036 0.2861 -1.2395 -0.0147 0.2697 -1.2331 0.0039 0.2513 -1.2437 0.0141 0.2398 -1.2659 0.0251 0.2263 -1.2913 -0.0107 0.2604 -1.2903 -0.0014 0.251 -1.2934 0.0068 0.2424 -1.3017 0.0136 0.2346 -1.3048 0.0012 0.2469
242.0 -1.3613 -0.0024 0.245 -1.308 -0.0355 0.2842 -1.2537 -0.0141 0.2677 -1.2479 0.0031 0.2506 -1.2577 0.0134 0.2391 -1.2789 0.024 0.2262 -1.3062 -0.0108 0.2591 -1.3035 -0.0013 0.2496 -1.3066 0.0068 0.241 -1.314 0.0138 0.2332 -1.3183 0.0012 0.2456
243.0 -1.3667 -0.0019 0.244 -1.3124 -0.0355 0.2837 -1.2582 -0.0135 0.2666 -1.2524 0.0037 0.2495 -1.2622 0.014 0.2381 -1.2834 0.0246 0.2251 -1.3107 -0.0102 0.258 -1.308 -0.0007 0.2486 -1.3112 0.0074 0.24 -1.3184 0.0138 0.2327 -1.323 0.0017 0.2447
244.0 -1.3722 -0.0008 0.2423 -1.3198 -0.0334 0.2809 -1.2663 -0.0128 0.2651 -1.2596 0.0046 0.2479 -1.2685 0.015 0.2364 -1.2907 0.0261 0.2229 -1.3171 -0.0086 0.2558 -1.3153 0.0008 0.2464 -1.3193 0.0088 0.2378 -1.3267 0.0157 0.2299 -1.3301 0.0032 0.2424
245.0 -1.3767 -0.0002 0.2412 -1.3242 -0.0334 0.2804 -1.27 -0.0115 0.2633 -1.2625 0.0061 0.2462 -1.2731 0.0162 0.2347 -1.2935 0.0269 0.2218 -1.3216 -0.008 0.2547 -1.3198 0.0014 0.2453 -1.323 0.0095 0.2367 -1.3312 0.0163 0.2289 -1.3344 0.0038 0.2414
246.0 -1.3803 0.0005 0.2401 -1.327 -0.0326 0.2793 -1.2719 -0.0105 0.2622 -1.2646 0.0076 0.2444 -1.276 0.0177 0.233 -1.2961 0.0272 0.2213 -1.3236 -0.0071 0.2535 -1.3217 0.0023 0.2441 -1.3257 0.0103 0.2355 -1.3331 0.0173 0.2277 -1.3369 0.0047 0.2402
247.0 -1.3804 0.0011 0.2395 -1.3282 -0.0309 0.2775 -1.2747 -0.0096 0.261 -1.2682 0.0083 0.2433 -1.2779 0.0186 0.2318 -1.2982 0.0287 0.2195 -1.3256 -0.0055 0.2518 -1.3245 0.0032 0.243 -1.3277 0.0113 0.2343 -1.335 0.0183 0.2265 -1.3386 0.0057 0.239
248.0 -1.3834 0.0032 0.2371 -1.3296 -0.028 0.2744 -1.276 -0.0074 0.2586 -1.2686 0.0107 0.2408 -1.2791 0.0203 0.23 -1.3002 0.0303 0.2177 -1.3276 -0.004 0.25 -1.3258 0.0055 0.2405 -1.3288 0.013 0.2325 -1.3362 0.0199 0.2247 -1.3404 0.0075 0.237
249.0 -1.3837 0.005 0.2353 -1.3298 -0.0268 0.2731 -1.2762 -0.0062 0.2573 -1.2679 0.0114 0.2401 -1.2783 0.021 0.2293 -1.2996 0.0316 0.2164 -1.3287 -0.0029 0.2488 -1.3268 0.0065 0.2393 -1.3299 0.0141 0.2313 -1.3373 0.021 0.2235 -1.3413 0.0087 0.2356
250.0 -1.3838 0.0056 0.2346 -1.33 -0.0257 0.2719 -1.2763 -0.0056 0.2567 -1.268 0.012 0.2395 -1.2794 0.0221 0.2281 -1.3004 0.0315 0.2164 -1.3279 -0.0022 0.2481 -1.326 0.0067 0.2393 -1.33 0.0147 0.2307 -1.3374 0.0216 0.2229 -1.341 0.0093 0.2351
251.0 -1.3838 0.0056 0.2346 -1.331 -0.0252 0.2713 -1.2755 -0.0055 0.2567 -1.2681 0.0126 0.2389 -1.2795 0.0227 0.2275 -1.3005 0.0321 0.2158 -1.3281 -0.0016 0.2475 -1.3261 0.0072 0.2387 -1.3293 0.0154 0.23 -1.3366 0.0223 0.2222 -1.3408 0.0098 0.2346
252.0 -1.3831 0.0063 0.234 -1.3311 -0.0246 0.2707 -1.2764 -0.005 0.2561 -1.2672 0.0127 0.2389 -1.2795 0.0227 0.2275 -1.3005 0.0321 0.2158 -1.3281 -0.0016 0.2475 -1.3262 0.0078 0.238 -1.3293 0.0154 0.23 -1.3376 0.0228 0.2216 -1.3408 0.0101 0.2342
253.0 -1.3831 0.0063 0.234 -1.3312 -0.024 0.2701 -1.2757 -0.0043 0.2554 -1.2682 0.0132 0.2383 -1.2805 0.0232 0.2269 -1.3004 0.0315 0.2164 -1.3282 -0.001 0.2469 -1.3263 0.0084 0.2374 -1.3294 0.016 0.2294 -1.3376 0.0228 0.2216 -1.3409 0.0105 0.2339
254.0 -1.3832 0.0069 0.2334 -1.3312 -0.024 0.2701 -1.2765 -0.0044 0.2555 -1.2673 0.0133 0.2383 -1.2797 0.0239 0.2262 -1.3006 0.0327 0.2152 -1.3283 -0.0004 0.2462 -1.3263 0.0084 0.2374 -1.3294 0.016 0.2294 -1.3376 0.0228 0.2216 -1.3409 0.0107 0.2336
255.0 -1.3841 0.0068 0.2334 -1.3321 -0.0235 0.2695 -1.2766 -0.0038 0.2549 -1.2673 0.0133 0.2383 -1.2796 0.0233 0.2269 -1.2998 0.0328 0.2152 -1.3283 -0.0004 0.2462 -1.3264 0.009 0.2368 -1.3295 0.0166 0.2288 -1.3376 0.0228 0.2216 -1.3412 0.011 0.2334
256.0 -1.3833 0.0075 0.2328 -1.3321 -0.0235 0.2695 -1.2765 -0.0044 0.2555 -1.2673 0.0133 0.2383 -1.2796 0.0233 0.2269 -1.2998 0.0328 0.2152 -1.3283 -0.0004 0.2462 -1.3264 0.009 0.2368 -1.3294 0.016 0.2294 -1.3367 0.0229 0.2216 -1.3408 0.011 0.2334
257.0 -1.3833 0.0075 0.2328 -1.3314 -0.0228 0.2688 -1.2758 -0.0037 0.2548 -1.2673 0.0133 0.2383 -1.2788 0.0234 0.2268 -1.2999 0.0334 0.2145 -1.3283 -0.0004 0.2462 -1.3264 0.009 0.2368 -1.3295 0.0166 0.2288 -1.3377 0.0234 0.221 -1.341 0.0112 0.2331
258.0 -1.3842 0.0073 0.2328 -1.3322 -0.0229 0.2689 -1.2766 -0.0038 0.2549 -1.2673 0.0133 0.2383 -1.2796 0.0233 0.2269 -1.2998 0.0328 0.2152 -1.3284 0.0002 0.2456 -1.3264 0.009 0.2368 -1.3295 0.0166 0.2288 -1.3367 0.0229 0.2216 -1.341 0.0112 0.2331
259.0 -1.3833 0.0075 0.2328 -1.3322 -0.0229 0.2689 -1.2766 -0.0038 0.2549 -1.2682 0.0132 0.2383 -1.2796 0.0233 0.2269 -1.2998 0.0328 0.2152 -1.3284 0.0002 0.2456 -1.3264 0.009 0.2368 -1.3295 0.0166 0.2288 -1.3376 0.0228 0.2216 -1.341 0.0112 0.2331
260.0 -1.3842 0.0073 0.2328 -1.3322 -0.0229 0.2689 -1.2765 -0.0044 0.2555 -1.2673 0.0133 0.2383 -1.2796 0.0233 0.2269 -1.3005 0.0321 0.2158 -1.3283 -0.0004 0.2462 -1.3264 0.009 0.2368 -1.3295 0.0166 0.2288 -1.3376 0.0228 0.2216 -1.3412 0.0111 0.2332
261.0 -1.3842 0.0073 0.2328 -1.3322 -0.0229 0.2689 -1.2766 -0.0038 0.2549 -1.2682 0.0132 0.2383 -1.2805 0.0232 0.2269 -1.3006 0.0327 0.2152 -1.3283 -0.0004 0.2462 -1.3264 0.009 0.2368 -1.3295 0.0166 0.2288 -1.3376 0.0228 0.2216 -1.3412 0.0111 0.2332
262.0 -1.385 0.0072 0.2328 -1.3322 -0.0229 0.2689 -1.2766 -0.0038 0.2549 -1.2681 0.0126 0.2389 -1.2796 0.0233 0.2269 -1.3005 0.0321 0.2158 -1.3291 -0.0005 0.2463 -1.3273 0.0089 0.2368 -1.3303 0.0164 0.2288 -1.3376 0.0228 0.2216 -1.3419 0.011 0.2333
263.0 -1.385 0.0072 0.2328 -1.3322 -0.0229 0.2689 -1.2774 -0.0045 0.2555 -1.2681 0.0126 0.2389 -1.2805 0.0232 0.2269 -1.3005 0.0321 0.2158 -1.3291 -0.0005 0.2463 -1.3273 0.0089 0.2368 -1.3303 0.0164 0.2288 -1.3376 0.0228 0.2216 -1.3419 0.011 0.2333
264.0 -1.3842 0.0073 0.2328 -1.3315 -0.0222 0.2682 -1.2774 -0.0045 0.2555 -1.2692 0.0137 0.2377 -1.2805 0.0232 0.2269 -1.3015 0.0326 0.2152 -1.3291 -0.0005 0.2463 -1.3273 0.0089 0.2368 -1.3303 0.0164 0.2288 -1.3377 0.0234 0.221 -1.3417 0.0111 0.2331
265.0 -1.3851 0.0078 0.2322 -1.3332 -0.0224 0.2683 -1.2775 -0.0039 0.2549 -1.2682 0.0132 0.2383 -1.2806 0.0238 0.2263 -1.2998 0.0328 0.2152 -1.3284 0.0002 0.2456 -1.3264 0.009 0.2368 -1.3303 0.0164 0.2288 -1.3377 0.0234 0.221 -1.3416 0.0114 0.2329
266.0 -1.3844 0.0085 0.2315 -1.3324 -0.0217 0.2676 -1.2767 -0.0032 0.2542 -1.2684 0.0144 0.237 -1.2799 0.0251 0.225 -1.3007 0.0333 0.2146 -1.3285 0.0008 0.245 -1.3265 0.0096 0.2362 -1.3296 0.0172 0.2282 -1.337 0.0241 0.2203 -1.3412 0.0121 0.2322
267.0 -1.3854 0.0096 0.2303 -1.3318 -0.0204 0.2664 -1.2771 -0.0014 0.2524 -1.2686 0.0156 0.2358 -1.2793 0.0264 0.2237 -1.3009 0.0345 0.2133 -1.3287 0.002 0.2438 -1.3267 0.0108 0.2349 -1.3306 0.0182 0.227 -1.3379 0.0246 0.2198 -1.3419 0.0131 0.2311
268.0 -1.3848 0.0109 0.2291 -1.3311 -0.0191 0.2651 -1.2772 -0.0008 0.2517 -1.2696 0.0161 0.2352 -1.2801 0.0263 0.2238 -1.3011 0.0357 0.2121 -1.3287 0.002 0.2438 -1.3268 0.0114 0.2343 -1.33 0.0195 0.2257 -1.3373 0.0259 0.2185 -1.3415 0.014 0.2303
269.0 -1.3849 0.0115 0.2284 -1.3312 -0.0185 0.2645 -1.2775 0.001 0.2499 -1.2706 0.0172 0.234 -1.2804 0.0275 0.2225 -1.3032 0.0372 0.2103 -1.3297 0.0031 0.2425 -1.3278 0.0119 0.2337 -1.331 0.02 0.2251 -1.3392 0.0269 0.2173 -1.3425 0.0147 0.2294
270.0 -1.385 0.0121 0.2278 -1.3313 -0.0179 0.2638 -1.2776 0.0016 0.2493 -1.2701 0.0191 0.2321 -1.2806 0.0287 0.2213 -1.3034 0.0384 0.209 -1.329 0.0038 0.2419 -1.3271 0.0132 0.2325 -1.3311 0.0206 0.2245 -1.3384 0.0276 0.2167 -1.3421 0.0155 0.2287
271.0 -1.3842 0.0128 0.2272 -1.3315 -0.0173 0.2632 -1.2778 0.0028 0.248 -1.2712 0.0202 0.2309 -1.2808 0.0299 0.22 -1.3035 0.039 0.2084 -1.3291 0.0044 0.2413 -1.3272 0.0138 0.2318 -1.3312 0.0212 0.2239 -1.3385 0.0282 0.216 -1.3421 0.0161 0.228
272.0 -1.3852 0.0133 0.2266 -1.3316 -0.0167 0.2626 -1.2778 0.0028 0.248 -1.2694 0.0204 0.2308 -1.28 0.0306 0.2194 -1.3028 0.0403 0.2072 -1.3292 0.005 0.2407 -1.3273 0.0144 0.2312 -1.3305 0.0225 0.2226 -1.3388 0.0294 0.2148 -1.3422 0.0169 0.2272
273.0 -1.3852 0.0133 0.2266 -1.3308 -0.016 0.2619 -1.2779 0.0034 0.2474 -1.2695 0.021 0.2302 -1.28 0.0306 0.2194 -1.3027 0.0397 0.2078 -1.3294 0.0062 0.2394 -1.3275 0.0156 0.23 -1.3306 0.0231 0.222 -1.3389 0.03 0.2142 -1.3423 0.0176 0.2264
274.0 -1.3853 0.0139 0.226 -1.3308 -0.016 0.2619 -1.278 0.004 0.2468 -1.2695 0.021 0.2302 -1.2802 0.0318 0.2181 -1.302 0.0404 0.2071 -1.3294 0.0062 0.2394 -1.3275 0.0156 0.23 -1.3307 0.0237 0.2214 -1.338 0.0301 0.2141 -1.3422 0.0179 0.2262
275.0 -1.3854 0.0145 0.2253 -1.33 -0.0153 0.2613 -1.2771 0.0041 0.2468 -1.2705 0.0215 0.2296 -1.2793 0.0313 0.2187 -1.302 0.0404 0.2071 -1.3295 0.0068 0.2388 -1.3275 0.0156 0.23 -1.3307 0.0237 0.2214 -1.338 0.0301 0.2141 -1.3422 0.0181 0.2259
276.0 -1.3836 0.0141 0.2259 -1.3299 -0.0159 0.2619 -1.277 0.0035 0.2474 -1.2695 0.021 0.2302 -1.2794 0.0319 0.2181 -1.302 0.0404 0.2071 -1.3286 0.0063 0.2394 -1.3267 0.0157 0.2299 -1.3298 0.0232 0.2219 -1.3371 0.0302 0.2141 -1.3411 0.0179 0.2263
277.0 -1.3835 0.0135 0.2265 -1.3292 -0.0152 0.2613 -1.277 0.0035 0.2474 -1.2693 0.0198 0.2315 -1.2785 0.032 0.2181 -1.301 0.0399 0.2077 -1.3286 0.0063 0.2394 -1.3266 0.0151 0.2306 -1.3297 0.0226 0.2226 -1.337 0.0296 0.2147 -1.3411 0.0174 0.2267
278.0 -1.3827 0.0143 0.2259 -1.3291 -0.0158 0.2619 -1.277 0.0035 0.2474 -1.2687 0.0211 0.2302 -1.2786 0.0326 0.2175 -1.3003 0.0407 0.2071 -1.3286 0.0063 0.2394 -1.3258 0.0158 0.2299 -1.3289 0.0234 0.2219 -1.3363 0.0303 0.2141 -1.3405 0.018 0.2262
279.0 -1.3827 0.0143 0.2259 -1.3282 -0.0156 0.2618 -1.2762 0.0036 0.2473 -1.2677 0.0206 0.2308 -1.2785 0.032 0.2181 -1.3003 0.0407 0.2071 -1.3277 0.0064 0.2393 -1.3257 0.0152 0.2305 -1.3289 0.0234 0.2219 -1.3371 0.0302 0.2141 -1.3404 0.0179 0.2263
280.0 -1.3819 0.0144 0.2258 -1.3275 -0.0149 0.2612 -1.2753 0.0037 0.2473 -1.267 0.0213 0.2301 -1.2784 0.0314 0.2187 -1.3004 0.0413 0.2064 -1.3267 0.0059 0.2399 -1.3249 0.0154 0.2305 -1.3289 0.0234 0.2219 -1.3363 0.0303 0.2141 -1.3397 0.0179 0.2264
281.0 -1.3826 0.0137 0.2265 -1.3275 -0.0149 0.2612 -1.2746 0.0044 0.2467 -1.266 0.0209 0.2307 -1.2775 0.0315 0.2187 -1.2995 0.0414 0.2064 -1.3259 0.0061 0.2399 -1.324 0.0155 0.2305 -1.3272 0.0236 0.2218 -1.3353 0.0298 0.2147 -1.339 0.0177 0.2267
282.0 -1.381 0.0145 0.2258 -1.3265 -0.0154 0.2618 -1.2745 0.0038 0.2473 -1.2661 0.0215 0.2301 -1.2768 0.0322 0.218 -1.2994 0.0408 0.207 -1.326 0.0067 0.2393 -1.324 0.0155 0.2305 -1.3272 0.0236 0.2218 -1.3353 0.0298 0.2147 -1.3387 0.018 0.2264
283.0 -1.3802 0.0146 0.2258 -1.3258 -0.0147 0.2611 -1.2746 0.0044 0.2467 -1.2651 0.021 0.2307 -1.2767 0.0316 0.2186 -1.2987 0.0415 0.2064 -1.3251 0.0068 0.2392 -1.3231 0.0156 0.2304 -1.3262 0.0231 0.2224 -1.3345 0.0299 0.2146 -1.3378 0.018 0.2265
284.0 -1.3792 0.0141 0.2264 -1.3256 -0.0153 0.2617 -1.2737 0.0045 0.2466 -1.266 0.0209 0.2307 -1.2766 0.031 0.2193 -1.2987 0.0415 0.2064 -1.325 0.0062 0.2399 -1.3231 0.0156 0.2304 -1.3262 0.0231 0.2224 -1.3346 0.0305 0.214 -1.3376 0.0179 0.2266
285.0 -1.3792 0.0141 0.2264 -1.3249 -0.0146 0.2611 -1.2727 0.0041 0.2472 -1.2644 0.0217 0.23 -1.2758 0.0317 0.2186 -1.2978 0.0416 0.2063 -1.3242 0.0063 0.2398 -1.3223 0.0157 0.2304 -1.3262 0.0231 0.2224 -1.3336 0.0301 0.2146 -1.3371 0.0179 0.2267
286.0 -1.3783 0.0142 0.2263 -1.3239 -0.0151 0.2617 -1.2728 0.0047 0.2466 -1.2644 0.0217 0.23 -1.275 0.0319 0.2186 -1.2978 0.0416 0.2063 -1.3234 0.007 0.2392 -1.3214 0.0158 0.2304 -1.3255 0.0238 0.2218 -1.3337 0.0307 0.214 -1.3365 0.0183 0.2263
287.0 -1.3783 0.0142 0.2263 -1.3231 -0.0149 0.2616 -1.272 0.0048 0.2466 -1.2644 0.0217 0.23 -1.2734 0.0327 0.2179 -1.2969 0.0417 0.2063 -1.3234 0.007 0.2392 -1.3214 0.0158 0.2304 -1.3245 0.0233 0.2224 -1.3327 0.0302 0.2146 -1.3361 0.0181 0.2266
