1.0 -1.2644 0.0369 0.2144 -1.1961 0.0285 0.2299 -1.143 0.0368 0.2266 -1.1425 0.054 0.2091 -1.153 0.0636 0.1982 -1.1739 0.0675 0.1922 -1.203 0.0226 0.2351 -1.2022 0.0331 0.2245 -1.2073 0.0422 0.2147 -1.2168 0.0513 0.2044 -1.2187 0.0373 0.2186
2.0 -1.2645 0.0375 0.2138 -1.1952 0.0286 0.2298 -1.142 0.0364 0.2272 -1.1415 0.0535 0.2096 -1.153 0.0636 0.1982 -1.1739 0.0675 0.1922 -1.2013 0.0229 0.2351 -1.2013 0.0332 0.2245 -1.2065 0.0429 0.214 -1.2152 0.0521 0.2038 -1.2178 0.0377 0.2182
3.0 -1.2644 0.0369 0.2144 -1.1944 0.0287 0.2298 -1.1421 0.037 0.2265 -1.1409 0.0548 0.2084 -1.1514 0.0644 0.1975 -1.173 0.0676 0.1921 -1.2004 0.023 0.235 -1.2005 0.0334 0.2244 -1.2056 0.0424 0.2146 -1.2152 0.0521 0.2038 -1.2172 0.0376 0.2185
4.0 -1.2636 0.0371 0.2144 -1.1944 0.0287 0.2298 -1.1397 0.0379 0.2258 -1.1408 0.0542 0.209 -1.1514 0.0644 0.1975 -1.1731 0.0682 0.1915 -1.2004 0.023 0.235 -1.2005 0.0334 0.2244 -1.2057 0.043 0.214 -1.2144 0.0529 0.2031 -1.2169 0.0379 0.2182
5.0 -1.2628 0.0378 0.2137 -1.1945 0.0293 0.2292 -1.1405 0.0378 0.2258 -1.1409 0.0548 0.2084 -1.1514 0.0644 0.1975 -1.1731 0.0682 0.1915 -1.2004 0.023 0.235 -1.2005 0.0334 0.2244 -1.2057 0.043 0.214 -1.2143 0.0523 0.2037 -1.2167 0.0379 0.2182
6.0 -1.2628 0.0378 0.2137 -1.1926 0.0289 0.2297 -1.1398 0.0385 0.2252 -1.14 0.055 0.2083 -1.1496 0.0647 0.1975 -1.1723 0.0683 0.1915 -1.2003 0.0224 0.2357 -1.2005 0.0334 0.2244 -1.2048 0.0432 0.214 -1.2135 0.0524 0.2037 -1.2164 0.0378 0.2183
7.0 -1.2612 0.0386 0.213 -1.1911 0.0303 0.2284 -1.1408 0.0396 0.224 -1.14 0.055 0.2083 -1.1506 0.0651 0.1969 -1.173 0.0676 0.1921 -1.1996 0.0237 0.2344 -1.1996 0.0335 0.2244 -1.2047 0.0426 0.2146 -1.2143 0.0523 0.2037 -1.2159 0.0381 0.218
8.0 -1.261 0.0374 0.2143 -1.1902 0.0299 0.229 -1.1382 0.0393 0.2245 -1.1385 0.0564 0.207 -1.1489 0.0654 0.1968 -1.1706 0.0686 0.1914 -1.1979 0.0239 0.2343 -1.1979 0.0337 0.2243 -1.203 0.0428 0.2145 -1.2126 0.0525 0.2037 -1.2145 0.0381 0.2182
9.0 -1.2618 0.0373 0.2143 -1.1903 0.0305 0.2284 -1.139 0.0392 0.2245 -1.1385 0.0564 0.207 -1.1488 0.0648 0.1974 -1.1697 0.0687 0.1914 -1.197 0.0235 0.2349 -1.1979 0.0337 0.2243 -1.203 0.0428 0.2145 -1.2125 0.0519 0.2043 -1.2144 0.0378 0.2185
10.0 -1.2601 0.0375 0.2142 -1.1909 0.0292 0.2297 -1.1383 0.0399 0.2239 -1.1367 0.056 0.2076 -1.1471 0.065 0.1974 -1.1688 0.0688 0.1913 -1.1971 0.0241 0.2343 -1.1963 0.0345 0.2236 -1.2014 0.0436 0.2138 -1.2109 0.0527 0.2036 -1.2131 0.0385 0.2179
11.0 -1.2593 0.0376 0.2142 -1.1885 0.0301 0.229 -1.1366 0.0402 0.2238 -1.136 0.0573 0.2063 -1.1462 0.0651 0.1973 -1.168 0.0689 0.1913 -1.1945 0.0244 0.2342 -1.1952 0.0335 0.2248 -1.2012 0.0424 0.2151 -1.2116 0.052 0.2042 -1.2124 0.038 0.2185
12.0 -1.2603 0.0387 0.213 -1.1876 0.0302 0.2289 -1.1383 0.0399 0.2239 -1.136 0.0573 0.2063 -1.1472 0.0656 0.1968 -1.168 0.0689 0.1913 -1.1962 0.0242 0.2342 -1.1962 0.0339 0.2243 -1.2013 0.043 0.2145 -1.2109 0.0527 0.2036 -1.213 0.0385 0.2179
13.0 -1.2585 0.0384 0.2136 -1.186 0.031 0.2282 -1.1366 0.0402 0.2238 -1.1351 0.0569 0.2069 -1.1463 0.0657 0.1967 -1.168 0.0689 0.1913 -1.1945 0.0244 0.2342 -1.1953 0.0341 0.2242 -1.2013 0.043 0.2145 -1.2108 0.0521 0.2042 -1.2121 0.0384 0.2181
14.0 -1.2585 0.0384 0.2136 -1.1868 0.0309 0.2283 -1.1357 0.0403 0.2238 -1.1352 0.0574 0.2063 -1.1463 0.0657 0.1967 -1.1671 0.069 0.1913 -1.1937 0.0251 0.2335 -1.1945 0.0348 0.2236 -1.2005 0.0437 0.2138 -1.21 0.0528 0.2036 -1.2115 0.039 0.2176
15.0 -1.2586 0.039 0.2129 -1.1866 0.0297 0.2295 -1.1367 0.0408 0.2232 -1.1361 0.0579 0.2057 -1.1464 0.0663 0.1961 -1.1672 0.0696 0.1907 -1.1937 0.0251 0.2335 -1.1938 0.0355 0.2229 -1.1998 0.0445 0.2132 -1.2093 0.0536 0.2029 -1.211 0.0395 0.2171
16.0 -1.261 0.0374 0.2143 -1.1836 0.0326 0.2269 -1.1354 0.0434 0.2206 -1.1338 0.0595 0.2044 -1.1433 0.0686 0.1941 -1.1666 0.0709 0.1894 -1.1945 0.0244 0.2342 -1.1954 0.0347 0.2236 -1.2006 0.0443 0.2132 -1.2102 0.054 0.2023 -1.2123 0.039 0.2175
17.0 -1.2594 0.0382 0.2136 -1.1854 0.033 0.2263 -1.1362 0.0433 0.2207 -1.1355 0.0592 0.2044 -1.1442 0.0685 0.1941 -1.1674 0.0708 0.1894 -1.193 0.0258 0.2329 -1.1938 0.0355 0.2229 -1.1989 0.0446 0.2131 -1.2102 0.054 0.2023 -1.2111 0.0396 0.217
18.0 -1.2604 0.0393 0.2124 -1.1863 0.0328 0.2264 -1.1355 0.044 0.22 -1.1339 0.0601 0.2037 -1.1433 0.0686 0.1941 -1.1668 0.0721 0.1881 -1.1938 0.0257 0.2329 -1.1939 0.0361 0.2223 -1.199 0.0452 0.2125 -1.2085 0.0543 0.2023 -1.2111 0.0401 0.2165
19.0 -1.2578 0.0391 0.2129 -1.1837 0.0332 0.2263 -1.1347 0.0447 0.2194 -1.135 0.0611 0.2025 -1.1444 0.0696 0.1929 -1.1667 0.0715 0.1888 -1.1914 0.0267 0.2322 -1.1923 0.0369 0.2216 -1.1983 0.0459 0.2118 -1.2087 0.0555 0.201 -1.2097 0.0408 0.2159
20.0 -1.2559 0.0387 0.2135 -1.1811 0.0335 0.2262 -1.1321 0.045 0.2193 -1.1324 0.0615 0.2024 -1.1417 0.0694 0.1934 -1.1642 0.0725 0.188 -1.1896 0.0269 0.2321 -1.1905 0.0365 0.2222 -1.1965 0.0461 0.2118 -1.2069 0.0551 0.2016 -1.2079 0.0407 0.2162
21.0 -1.2525 0.0392 0.2133 -1.1795 0.0344 0.2255 -1.1315 0.0463 0.218 -1.1315 0.0616 0.2024 -1.1401 0.0702 0.1927 -1.1633 0.0726 0.188 -1.1879 0.0271 0.2321 -1.1896 0.0367 0.2221 -1.1957 0.0462 0.2117 -1.206 0.0552 0.2015 -1.2064 0.0409 0.2162
22.0 -1.2534 0.0391 0.2134 -1.1796 0.035 0.2249 -1.1306 0.0465 0.218 -1.1309 0.0629 0.2011 -1.1402 0.0708 0.1921 -1.1616 0.0728 0.1879 -1.1872 0.0278 0.2314 -1.1888 0.0374 0.2215 -1.1948 0.0463 0.2117 -1.2053 0.0559 0.2009 -1.2059 0.0413 0.2158
23.0 -1.2508 0.0394 0.2133 -1.178 0.0358 0.2242 -1.1298 0.0466 0.2179 -1.1308 0.0623 0.2017 -1.1402 0.0708 0.1921 -1.1618 0.074 0.1867 -1.1863 0.0279 0.2314 -1.188 0.0375 0.2214 -1.194 0.0465 0.2117 -1.2043 0.0554 0.2015 -1.2047 0.0413 0.2158
24.0 -1.2516 0.0393 0.2133 -1.1769 0.0347 0.2254 -1.128 0.0468 0.2179 -1.1293 0.0637 0.2004 -1.1386 0.0717 0.1914 -1.16 0.0736 0.1873 -1.1845 0.0276 0.2319 -1.1854 0.0378 0.2213 -1.1923 0.0473 0.211 -1.2027 0.0563 0.2008 -1.2033 0.0417 0.2157
25.0 -1.2491 0.0396 0.2132 -1.1742 0.0339 0.2265 -1.1281 0.0474 0.2172 -1.1283 0.0633 0.201 -1.1376 0.0712 0.192 -1.1582 0.0733 0.1878 -1.1821 0.0291 0.2306 -1.1829 0.0388 0.2206 -1.1889 0.0478 0.2109 -1.1992 0.0561 0.2013 -1.2004 0.0423 0.2153
26.0 -1.2489 0.0384 0.2144 -1.1711 0.0367 0.2239 -1.1254 0.0466 0.2184 -1.1265 0.0629 0.2016 -1.1357 0.0702 0.1932 -1.1581 0.0727 0.1884 -1.1828 0.0278 0.2319 -1.1836 0.0375 0.2219 -1.1896 0.0464 0.2121 -1.1999 0.0554 0.2019 -1.2009 0.0411 0.2164
27.0 -1.2473 0.0399 0.2131 -1.175 0.0337 0.2266 -1.1234 0.0456 0.2196 -1.1245 0.0619 0.2027 -1.1338 0.0698 0.1937 -1.1555 0.073 0.1883 -1.1809 0.0274 0.2324 -1.1818 0.0371 0.2224 -1.1869 0.0462 0.2127 -1.1972 0.0552 0.2024 -1.1988 0.0412 0.2166
28.0 -1.2453 0.0383 0.2149 -1.1683 0.0359 0.2251 -1.1209 0.0459 0.2195 -1.1209 0.0612 0.2039 -1.1311 0.069 0.1949 -1.1528 0.0728 0.1889 -1.1776 0.0285 0.2317 -1.1792 0.0375 0.2223 -1.1852 0.0464 0.2126 -1.1955 0.0554 0.2024 -1.1966 0.0412 0.2168
29.0 -1.2429 0.0398 0.2136 -1.1656 0.035 0.2262 -1.1201 0.0467 0.2188 -1.1193 0.062 0.2032 -1.1293 0.0692 0.1948 -1.1501 0.0725 0.1894 -1.1757 0.0275 0.2328 -1.1765 0.0372 0.2229 -1.1824 0.0456 0.2137 -1.1927 0.0546 0.2035 -1.194 0.041 0.2173
30.0 -1.2426 0.0381 0.2154 -1.1663 0.0343 0.2268 -1.1172 0.0452 0.2206 -1.1175 0.0617 0.2037 -1.1268 0.0696 0.1947 -1.1483 0.0722 0.1899 -1.1738 0.0266 0.234 -1.1747 0.0368 0.2234 -1.1808 0.0464 0.213 -1.1911 0.0554 0.2028 -1.1926 0.0407 0.2177
31.0 -1.224 0.0369 0.2185 -1.1458 0.0328 0.2304 -1.0976 0.0436 0.2242 -1.0959 0.0591 0.2085 -1.105 0.0658 0.2007 -1.1275 0.0689 0.1954 -1.1553 0.0266 0.2358 -1.1575 0.0343 0.2278 -1.164 0.0413 0.2199 -1.1743 0.0497 0.2103 -1.175 0.0378 0.2224
32.0 -1.2204 0.0368 0.2189 -1.1375 0.0358 0.2282 -1.0929 0.0418 0.2265 -1.0913 0.0579 0.2102 -1.1013 0.0651 0.2018 -1.1231 0.0689 0.1958 -1.1531 0.0239 0.2388 -1.1546 0.0328 0.2295 -1.1605 0.0412 0.2204 -1.1699 0.0497 0.2107 -1.1717 0.0369 0.2237
33.0 -1.2177 0.0365 0.2195 -1.1382 0.0344 0.2295 -1.0904 0.0378 0.2308 -1.0873 0.0554 0.2132 -1.0983 0.063 0.2042 -1.1201 0.0668 0.1982 -1.1487 0.0239 0.2393 -1.1494 0.0329 0.2299 -1.1552 0.0413 0.2208 -1.1655 0.0497 0.2112 -1.1673 0.0369 0.2241
34.0 -1.2123 0.0354 0.2211 -1.1316 0.0372 0.2274 -1.085 0.0373 0.2318 -1.0844 0.0539 0.2149 -1.0953 0.061 0.2066 -1.1164 0.0655 0.1999 -1.144 0.0227 0.241 -1.144 0.0324 0.231 -1.1499 0.0408 0.2218 -1.1592 0.0487 0.2128 -1.1619 0.036 0.2255
35.0 -1.2053 0.0358 0.2215 -1.1288 0.0363 0.2285 -1.0802 0.0349 0.2347 -1.0788 0.0522 0.2172 -1.0905 0.0586 0.2095 -1.1127 0.0648 0.201 -1.1377 0.0217 0.2426 -1.1377 0.0315 0.2326 -1.1435 0.0398 0.2235 -1.1529 0.0483 0.2138 -1.1554 0.0354 0.2268
36.0 -1.1972 0.035 0.223 -1.1225 0.0353 0.2301 -1.0748 0.0344 0.2358 -1.0743 0.0516 0.2183 -1.0847 0.0606 0.2081 -1.1071 0.0631 0.2033 -1.1321 0.02 0.2449 -1.1322 0.0304 0.2343 -1.1366 0.0402 0.2238 -1.1451 0.0488 0.2142 -1.1486 0.0349 0.228
37.0 -1.1936 0.0343 0.2242 -1.118 0.0347 0.2312 -1.0702 0.0332 0.2375 -1.0685 0.0481 0.2224 -1.0787 0.0565 0.2128 -1.0996 0.0604 0.2068 -1.1293 0.0191 0.246 -1.1267 0.0293 0.2359 -1.1301 0.0386 0.2261 -1.1368 0.0468 0.217 -1.1433 0.0336 0.2298
38.0 -1.1892 0.0343 0.2246 -1.112 0.0355 0.231 -1.0638 0.0317 0.2397 -1.0601 0.0456 0.2259 -1.0705 0.0546 0.2156 -1.0919 0.0615 0.2065 -1.1232 0.0194 0.2464 -1.1206 0.0295 0.2363 -1.1238 0.0376 0.2277 -1.1322 0.0456 0.2187 -1.1378 0.0333 0.2307
39.0 -1.1804 0.0342 0.2255 -1.1039 0.0348 0.2325 -1.0567 0.0314 0.2407 -1.0537 0.044 0.2281 -1.0642 0.0542 0.2166 -1.0856 0.0605 0.2081 -1.1152 0.0186 0.248 -1.1134 0.0286 0.2379 -1.1158 0.0375 0.2286 -1.1226 0.0457 0.2195 -1.1295 0.0329 0.2319
40.0 -1.1723 0.0335 0.2271 -1.0979 0.0356 0.2323 -1.0495 0.0305 0.2423 -1.0485 0.0447 0.2279 -1.0582 0.055 0.2164 -1.0801 0.0594 0.2098 -1.109 0.0182 0.249 -1.1064 0.029 0.2383 -1.1089 0.0378 0.229 -1.1166 0.0465 0.2193 -1.1226 0.033 0.2325
41.0 -1.1631 0.036 0.2255 -1.0901 0.036 0.2326 -1.0474 0.0284 0.2447 -1.042 0.0425 0.2308 -1.0489 0.052 0.2204 -1.0651 0.059 0.2117 -1.1079 0.0172 0.2502 -1.1027 0.0276 0.24 -1.1018 0.0375 0.23 -1.106 0.0467 0.2201 -1.1163 0.033 0.2331
42.0 -1.155 0.0352 0.227 -1.0819 0.0347 0.2348 -1.039 0.0258 0.2481 -1.031 0.0404 0.2341 -1.0392 0.0521 0.2213 -1.0582 0.0599 0.2114 -1.0963 0.0163 0.2522 -1.0903 0.0275 0.2414 -1.0904 0.0378 0.2308 -1.0955 0.0469 0.221 -1.1055 0.0327 0.2345
43.0 -1.1143 0.0334 0.2329 -1.0402 0.0324 0.2413 -0.9925 0.0266 0.252 -0.9885 0.0388 0.2399 -0.9972 0.048 0.2297 -1.0167 0.0539 0.2217 -1.0535 0.0129 0.2599 -1.0499 0.0225 0.2504 -1.0507 0.0322 0.2405 -1.0568 0.0418 0.2301 -1.065 0.0286 0.2428
44.0 -1.107 0.0319 0.2352 -1.0318 0.0299 0.2447 -0.9818 0.0256 0.254 -0.9807 0.0392 0.2403 -0.9914 0.05 0.2282 -1.0083 0.0563 0.2201 -1.0435 0.0112 0.2627 -1.0393 0.0221 0.2519 -1.0393 0.0325 0.2413 -1.0446 0.0428 0.2302 -1.0547 0.0281 0.2443
45.0 -1.0997 0.0305 0.2374 -1.0213 0.0301 0.2456 -0.9737 0.0243 0.2562 -0.9724 0.0373 0.2431 -0.9849 0.0484 0.2304 -1.0019 0.0547 0.2223 -1.0386 0.0082 0.2662 -1.0342 0.0185 0.2561 -1.0334 0.029 0.2454 -1.0378 0.0388 0.235 -1.0487 0.025 0.248
46.0 -1.0925 0.0296 0.239 -1.0124 0.0294 0.2471 -0.9635 0.0214 0.2602 -0.9619 0.0326 0.2489 -0.9699 0.0431 0.2373 -0.9912 0.0488 0.2294 -1.0312 0.0061 0.2691 -1.026 0.0166 0.2589 -1.026 0.027 0.2483 -1.0294 0.0363 0.2384 -1.041 0.0231 0.2507
47.0 -1.0912 0.0273 0.2414 -1.0065 0.026 0.2513 -0.9571 0.0204 0.2618 -0.9558 0.0328 0.2493 -0.9658 0.0449 0.2359 -0.9838 0.0522 0.2266 -1.0264 0.0037 0.272 -1.0222 0.0153 0.2606 -1.0234 0.0267 0.2488 -1.0287 0.037 0.2377 -1.0384 0.022 0.2521
48.0 -1.084 0.0265 0.243 -1.0002 0.025 0.2529 -0.9507 0.0188 0.2641 -0.9484 0.0307 0.2521 -0.9577 0.0435 0.2381 -0.9757 0.0509 0.2288 -1.0199 0.0022 0.2743 -1.0173 0.0123 0.2642 -1.0174 0.0227 0.2535 -1.0218 0.033 0.2425 -1.0321 0.0193 0.2555
49.0 -1.0732 0.0249 0.2457 -0.9919 0.023 0.2557 -0.944 0.0155 0.2682 -0.9422 0.0304 0.2531 -0.9512 0.042 0.2404 -0.9683 0.0488 0.2317 -1.0141 -0.0007 0.2778 -1.0089 0.0097 0.2676 -1.0082 0.0208 0.2563 -1.0109 0.0309 0.2458 -1.0231 0.0171 0.2586
50.0 -1.0666 0.0227 0.2486 -0.9871 0.0206 0.2586 -0.9386 0.015 0.2692 -0.9368 0.0299 0.2542 -0.9467 0.0413 0.2414 -0.9638 0.0482 0.2327 -1.0036 -0.0005 0.2786 -0.9993 0.0098 0.2685 -1.0003 0.0207 0.2573 -1.0056 0.031 0.2462 -1.0151 0.0167 0.2598
51.0 -1.0649 0.023 0.2485 -0.9799 0.0198 0.2602 -0.9313 0.0135 0.2714 -0.9307 0.0301 0.2546 -0.9414 0.0409 0.2425 -0.9593 0.0476 0.2338 -1.0 -0.0013 0.2797 -0.9966 0.0096 0.269 -0.9967 0.02 0.2584 -1.001 0.0297 0.2479 -1.0118 0.0162 0.2607
52.0 -1.0541 0.0214 0.2512 -0.9744 0.0187 0.2619 -0.9268 0.0129 0.2725 -0.925 0.0278 0.2575 -0.9342 0.04 0.2441 -0.9556 0.0469 0.2349 -0.991 -0.0025 0.2819 -0.9877 0.0089 0.2705 -0.9896 0.0197 0.2593 -0.9959 0.0304 0.2477 -1.0036 0.0156 0.2621
53.0 -1.0505 0.0212 0.2517 -0.9682 0.0183 0.2629 -0.919 0.0133 0.2728 -0.9199 0.0285 0.2573 -0.9305 0.0393 0.2452 -0.9511 0.0463 0.236 -0.9848 -0.0023 0.2823 -0.9824 0.009 0.2709 -0.9852 0.0197 0.2598 -0.9905 0.0299 0.2488 -0.9987 0.0155 0.2627
54.0 -1.047 0.0211 0.2522 -0.9639 0.0189 0.2627 -0.9144 0.0121 0.2745 -0.9124 0.0258 0.2607 -0.9214 0.0374 0.248 -0.9457 0.0452 0.2377 -0.9822 -0.0025 0.2828 -0.9788 0.0083 0.272 -0.9798 0.0192 0.2608 -0.9851 0.0295 0.2498 -0.9946 0.0151 0.2635
55.0 -1.0407 0.0201 0.2538 -0.9586 0.0184 0.2638 -0.9114 0.0101 0.2769 -0.9078 0.0252 0.2618 -0.9169 0.0368 0.249 -0.9385 0.0443 0.2392 -0.9768 -0.003 0.2838 -0.9726 0.0079 0.273 -0.9736 0.0188 0.2618 -0.9798 0.029 0.2508 -0.9887 0.0146 0.2647
56.0 -1.0415 0.02 0.2539 -0.9521 0.0168 0.266 -0.9035 0.0105 0.2772 -0.9018 0.026 0.2616 -0.9108 0.037 0.2494 -0.9322 0.0439 0.2403 -0.9723 -0.0036 0.2849 -0.969 0.0078 0.2735 -0.9709 0.0185 0.2624 -0.9771 0.0287 0.2514 -0.9862 0.0143 0.2652
57.0 -1.0388 0.0198 0.2544 -0.9493 0.016 0.2671 -0.9014 0.0084 0.2797 -0.897 0.0236 0.2645 -0.9059 0.034 0.253 -0.9284 0.042 0.2426 -0.9712 -0.0047 0.2861 -0.9678 0.0061 0.2754 -0.969 0.0176 0.2635 -0.9744 0.0285 0.2519 -0.9843 0.0134 0.2663
58.0 -1.0335 0.0193 0.2554 -0.942 0.0145 0.2694 -0.8937 0.01 0.2787 -0.8921 0.0255 0.2631 -0.9029 0.0369 0.2504 -0.9224 0.0428 0.2424 -0.9633 -0.0049 0.287 -0.96 0.0066 0.2757 -0.9619 0.0173 0.2645 -0.9673 0.0282 0.2529 -0.9772 0.0133 0.2671
59.0 -1.0291 0.0192 0.2559 -0.9386 0.015 0.2692 -0.8909 0.0086 0.2805 -0.8891 0.0235 0.2654 -0.8981 0.0351 0.2527 -0.9197 0.0426 0.2429 -0.9622 -0.0059 0.2883 -0.9589 0.0055 0.2769 -0.96 0.0164 0.2657 -0.9655 0.0278 0.2534 -0.9751 0.0126 0.268
60.0 -1.0238 0.0193 0.2563 -0.9332 0.0145 0.2703 -0.8848 0.0094 0.2803 -0.8841 0.0254 0.264 -0.8941 0.0369 0.2513 -0.9171 0.0429 0.2428 -0.9569 -0.0058 0.2887 -0.9545 0.0055 0.2773 -0.9557 0.0169 0.2655 -0.9611 0.0278 0.2539 -0.9704 0.0127 0.2683
61.0 -1.0209 0.0179 0.2581 -0.9299 0.0155 0.2695 -0.8808 0.0112 0.2789 -0.8785 0.0237 0.2663 -0.8886 0.0358 0.2529 -0.9121 0.0442 0.242 -0.9568 -0.0064 0.2893 -0.9535 0.0044 0.2785 -0.9546 0.0159 0.2667 -0.9593 0.0274 0.2544 -0.969 0.0118 0.2694
62.0 -1.0176 0.019 0.2573 -0.9246 0.0156 0.2699 -0.8753 0.0101 0.2805 -0.8734 0.0244 0.2661 -0.8843 0.0363 0.2528 -0.9075 0.0436 0.243 -0.9484 -0.0047 0.2883 -0.9468 0.0065 0.277 -0.9488 0.0179 0.2653 -0.955 0.028 0.2543 -0.9633 0.0133 0.2684
63.0 -1.0116 0.0198 0.2571 -0.9188 0.0176 0.2685 -0.8694 0.0115 0.2797 -0.8692 0.0256 0.2653 -0.8799 0.0363 0.2532 -0.9023 0.0437 0.2435 -0.9448 -0.0048 0.2888 -0.9423 0.0059 0.2781 -0.9433 0.0168 0.2669 -0.9477 0.0266 0.2565 -0.9579 0.0128 0.2695
64.0 -1.0108 0.0205 0.2564 -0.9154 0.0181 0.2683 -0.864 0.011 0.2807 -0.864 0.0262 0.2651 -0.8738 0.0365 0.2536 -0.8987 0.0436 0.244 -0.9405 -0.0042 0.2887 -0.9371 0.0066 0.2779 -0.939 0.0173 0.2667 -0.9443 0.0276 0.2557 -0.9544 0.0136 0.2691
65.0 -1.0029 0.0203 0.2574 -0.9096 0.0152 0.2719 -0.8612 0.0101 0.2818 -0.8604 0.0255 0.2662 -0.8713 0.0375 0.2529 -0.8946 0.0447 0.2432 -0.9343 -0.0046 0.2897 -0.9326 0.006 0.279 -0.9346 0.0173 0.2672 -0.94 0.0282 0.2555 -0.9489 0.0135 0.2698
66.0 -0.9948 0.0196 0.2589 -0.9062 0.0157 0.2717 -0.8576 0.0094 0.283 -0.8576 0.0247 0.2673 -0.8677 0.0374 0.2534 -0.8876 0.0451 0.2435 -0.9306 -0.0053 0.2908 -0.9273 0.0055 0.28 -0.9285 0.0175 0.2676 -0.9339 0.0284 0.2559 -0.943 0.0131 0.2707
67.0 -0.9902 0.0184 0.2606 -0.9008 0.0152 0.2728 -0.8512 0.0084 0.2846 -0.8515 0.0249 0.2677 -0.8623 0.0363 0.255 -0.8815 0.0453 0.2439 -0.9261 -0.006 0.2919 -0.9229 0.0055 0.2805 -0.924 0.0169 0.2687 -0.9295 0.0284 0.2564 -0.9385 0.0126 0.2716
68.0 -0.9886 0.0192 0.2599 -0.8954 0.0147 0.2738 -0.8445 0.01 0.2837 -0.8453 0.0245 0.2687 -0.8564 0.0377 0.2542 -0.8796 0.0449 0.2445 -0.9217 -0.006 0.2923 -0.9193 0.0053 0.281 -0.9204 0.0168 0.2692 -0.9259 0.0277 0.2575 -0.9352 0.0126 0.272
69.0 -0.9859 0.019 0.2604 -0.8876 0.0151 0.2741 -0.8382 0.0096 0.2847 -0.8384 0.0254 0.2685 -0.851 0.0372 0.2552 -0.8751 0.0443 0.2455 -0.9138 -0.0061 0.2932 -0.9132 0.0056 0.2814 -0.916 0.0168 0.2696 -0.9223 0.0275 0.258 -0.9303 0.0125 0.2725
70.0 -0.9815 0.0189 0.2609 -0.8824 0.0158 0.2739 -0.832 0.0092 0.2857 -0.8322 0.0251 0.2695 -0.844 0.0375 0.2556 -0.8698 0.0438 0.2466 -0.9088 -0.0042 0.2918 -0.9073 0.007 0.2805 -0.9101 0.0182 0.2688 -0.9172 0.0282 0.2578 -0.925 0.0136 0.272
71.0 -0.9496 0.0177 0.2653 -0.8455 0.0159 0.2775 -0.8002 0.0086 0.2895 -0.8004 0.0196 0.2782 -0.8135 0.0343 0.2619 -0.8353 0.043 0.2509 -0.8813 -0.006 0.2964 -0.8787 0.0047 0.2856 -0.8816 0.0159 0.2739 -0.887 0.0268 0.2622 -0.8957 0.0118 0.2767
72.0 -0.9476 0.0162 0.2671 -0.8396 0.0173 0.2766 -0.7983 0.0076 0.2906 -0.7999 0.0166 0.2813 -0.8051 0.0312 0.2659 -0.8317 0.0422 0.252 -0.877 -0.0054 0.2962 -0.876 0.0039 0.2868 -0.8787 0.0145 0.2757 -0.8851 0.0259 0.2634 -0.8929 0.011 0.2778
73.0 -0.9414 0.0158 0.2681 -0.8316 0.0166 0.2782 -0.7981 0.0064 0.2919 -0.7995 0.0142 0.2838 -0.8087 0.0319 0.2648 -0.8279 0.0409 0.2537 -0.8716 -0.0059 0.2972 -0.8706 0.0034 0.2878 -0.8733 0.014 0.2767 -0.8788 0.0249 0.265 -0.8871 0.0104 0.279
74.0 -0.9333 0.0151 0.2697 -0.8269 0.0154 0.2799 -0.7983 0.0076 0.2906 -0.7992 0.0124 0.2857 -0.8095 0.0312 0.2655 -0.8231 0.0434 0.2516 -0.8654 -0.0063 0.2982 -0.8653 0.0035 0.2882 -0.868 0.0135 0.2777 -0.8743 0.0243 0.2661 -0.8813 0.01 0.28
75.0 -0.9324 0.0146 0.2702 -0.8218 0.0161 0.2797 -0.7981 0.0064 0.2919 -0.7995 0.0142 0.2838 -0.8092 0.0294 0.2673 -0.8219 0.0417 0.2535 -0.8646 -0.0056 0.2976 -0.8645 0.0036 0.2882 -0.8671 0.0136 0.2777 -0.8717 0.0246 0.266 -0.88 0.0102 0.28
76.0 -0.9199 0.0138 0.2723 -0.8289 0.0114 0.2837 -0.797 -0.0001 0.2987 -0.7994 0.0136 0.2844 -0.8021 0.0291 0.2683 -0.8175 0.0417 0.2539 -0.8577 -0.0047 0.2973 -0.856 0.0053 0.2873 -0.8587 0.016 0.2761 -0.8649 0.0261 0.2651 -0.8715 0.0113 0.2796
77.0 -0.9147 0.0139 0.2727 -0.8199 0.0102 0.2859 -0.7966 -0.0019 0.3006 -0.7997 0.0154 0.2826 -0.8024 0.0309 0.2665 -0.8131 0.0417 0.2544 -0.8541 -0.0054 0.2984 -0.8516 0.0053 0.2877 -0.8535 0.0161 0.2765 -0.8587 0.0258 0.2661 -0.8665 0.0111 0.2803
78.0 -0.903 0.0124 0.2753 -0.815 0.0072 0.2894 -0.7969 -0.0007 0.2993 -0.7994 0.0136 0.2844 -0.8023 0.0303 0.2671 -0.805 0.0409 0.2559 -0.8525 -0.0046 0.2977 -0.8492 0.0069 0.2864 -0.8485 0.018 0.2751 -0.8509 0.0268 0.2658 -0.8608 0.0119 0.2801
79.0 -0.8993 0.0117 0.2765 -0.8111 0.0053 0.2918 -0.7972 0.0011 0.2975 -0.7991 0.0118 0.2863 -0.8015 0.0255 0.272 -0.8033 0.0363 0.2609 -0.8479 -0.0058 0.2994 -0.8462 0.0048 0.2888 -0.8471 0.0151 0.2782 -0.8488 0.0246 0.2682 -0.8579 0.0101 0.2822
80.0 -0.8785 0.0084 0.2819 -0.8016 0.0261 0.2714 -0.7976 0.0035 0.295 -0.7996 0.0148 0.2832 -0.8004 0.0196 0.2782 -0.8016 0.0261 0.2714 -0.8224 -0.0054 0.3016 -0.8228 -0.003 0.2991 -0.8246 0.0022 0.2935 -0.8267 0.0087 0.2868 -0.835 0.0022 0.2926
81.0 -0.8765 0.0117 0.2787 -0.7983 0.0076 0.2906 -0.7989 0.0112 0.2869 -0.8 0.0172 0.2807 -0.8011 0.0237 0.2739 -0.8022 0.0297 0.2677 -0.818 -0.0054 0.302 -0.8162 0.004 0.2926 -0.8169 0.0131 0.2832 -0.8185 0.0226 0.2733 -0.8292 0.0092 0.286
82.0 -0.8687 0.0128 0.2784 -0.7982 0.007 0.2913 -0.7996 0.0148 0.2832 -0.8006 0.0208 0.277 -0.8018 0.0273 0.2702 -0.8028 0.0333 0.264 -0.8072 -0.007 0.3047 -0.8071 0.0028 0.2947 -0.8082 0.0136 0.2835 -0.811 0.0249 0.2718 -0.8204 0.0094 0.2866
82.0 -0.8687 0.0128 0.2784 -0.7982 0.007 0.2913 -0.7996 0.0148 0.2832 -0.8006 0.0208 0.277 -0.8018 0.0273 0.2702 -0.8028 0.0333 0.264 -0.8072 -0.007 0.3047 -0.8071 0.0028 0.2947 -0.8082 0.0136 0.2835 -0.811 0.0249 0.2718 -0.8204 0.0094 0.2866
82.0 -0.8687 0.0128 0.2784 -0.7982 0.007 0.2913 -0.7996 0.0148 0.2832 -0.8006 0.0208 0.277 -0.8018 0.0273 0.2702 -0.8028 0.0333 0.264 -0.8072 -0.007 0.3047 -0.8071 0.0028 0.2947 -0.8082 0.0136 0.2835 -0.811 0.0249 0.2718 -0.8204 0.0094 0.2866
82.0 -0.8687 0.0128 0.2784 -0.7982 0.007 0.2913 -0.7996 0.0148 0.2832 -0.8006 0.0208 0.277 -0.8018 0.0273 0.2702 -0.8028 0.0333 0.264 -0.8072 -0.007 0.3047 -0.8071 0.0028 0.2947 -0.8082 0.0136 0.2835 -0.811 0.0249 0.2718 -0.8204 0.0094 0.2866
82.0 -0.8687 0.0128 0.2784 -0.7982 0.007 0.2913 -0.7996 0.0148 0.2832 -0.8006 0.0208 0.277 -0.8018 0.0273 0.2702 -0.8028 0.0333 0.264 -0.8072 -0.007 0.3047 -0.8071 0.0028 0.2947 -0.8082 0.0136 0.2835 -0.811 0.0249 0.2718 -0.8204 0.0094 0.2866
82.0 -0.8687 0.0128 0.2784 -0.7982 0.007 0.2913 -0.7996 0.0148 0.2832 -0.8006 0.0208 0.277 -0.8018 0.0273 0.2702 -0.8028 0.0333 0.264 -0.8072 -0.007 0.3047 -0.8071 0.0028 0.2947 -0.8082 0.0136 0.2835 -0.811 0.0249 0.2718 -0.8204 0.0094 0.2866
82.0 -0.8687 0.0128 0.2784 -0.7982 0.007 0.2913 -0.7996 0.0148 0.2832 -0.8006 0.0208 0.277 -0.8018 0.0273 0.2702 -0.8028 0.0333 0.264 -0.8072 -0.007 0.3047 -0.8071 0.0028 0.2947 -0.8082 0.0136 0.2835 -0.811 0.0249 0.2718 -0.8204 0.0094 0.2866
82.0 -0.8687 0.0128 0.2784 -0.7982 0.007 0.2913 -0.7996 0.0148 0.2832 -0.8006 0.0208 0.277 -0.8018 0.0273 0.2702 -0.8028 0.0333 0.264 -0.8072 -0.007 0.3047 -0.8071 0.0028 0.2947 -0.8082 0.0136 0.2835 -0.811 0.0249 0.2718 -0.8204 0.0094 0.2866
82.0 -0.8687 0.0128 0.2784 -0.7982 0.007 0.2913 -0.7996 0.0148 0.2832 -0.8006 0.0208 0.277 -0.8018 0.0273 0.2702 -0.8028 0.0333 0.264 -0.8072 -0.007 0.3047 -0.8071 0.0028 0.2947 -0.8082 0.0136 0.2835 -0.811 0.0249 0.2718 -0.8204 0.0094 0.2866
82.0 -0.8687 0.0128 0.2784 -0.7982 0.007 0.2913 -0.7996 0.0148 0.2832 -0.8006 0.0208 0.277 -0.8018 0.0273 0.2702 -0.8028 0.0333 0.264 -0.8072 -0.007 0.3047 -0.8071 0.0028 0.2947 -0.8082 0.0136 0.2835 -0.811 0.0249 0.2718 -0.8204 0.0094 0.2866
82.0 -0.8687 0.0128 0.2784 -0.7982 0.007 0.2913 -0.7996 0.0148 0.2832 -0.8006 0.0208 0.277 -0.8018 0.0273 0.2702 -0.8028 0.0333 0.264 -0.8072 -0.007 0.3047 -0.8071 0.0028 0.2947 -0.8082 0.0136 0.2835 -0.811 0.0249 0.2718 -0.8204 0.0094 0.2866
82.0 -0.8687 0.0128 0.2784 -0.7982 0.007 0.2913 -0.7996 0.0148 0.2832 -0.8006 0.0208 0.277 -0.8018 0.0273 0.2702 -0.8028 0.0333 0.264 -0.8072 -0.007 0.3047 -0.8071 0.0028 0.2947 -0.8082 0.0136 0.2835 -0.811 0.0249 0.2718 -0.8204 0.0094 0.2866
82.0 -0.8687 0.0128 0.2784 -0.7982 0.007 0.2913 -0.7996 0.0148 0.2832 -0.8006 0.0208 0.277 -0.8018 0.0273 0.2702 -0.8028 0.0333 0.264 -0.8072 -0.007 0.3047 -0.8071 0.0028 0.2947 -0.8082 0.0136 0.2835 -0.811 0.0249 0.2718 -0.8204 0.0094 0.2866
82.0 -0.8687 0.0128 0.2784 -0.7982 0.007 0.2913 -0.7996 0.0148 0.2832 -0.8006 0.0208 0.277 -0.8018 0.0273 0.2702 -0.8028 0.0333 0.264 -0.8072 -0.007 0.3047 -0.8071 0.0028 0.2947 -0.8082 0.0136 0.2835 -0.811 0.0249 0.2718 -0.8204 0.0094 0.2866
82.0 -0.8687 0.0128 0.2784 -0.7982 0.007 0.2913 -0.7996 0.0148 0.2832 -0.8006 0.0208 0.277 -0.8018 0.0273 0.2702 -0.8028 0.0333 0.264 -0.8072 -0.007 0.3047 -0.8071 0.0028 0.2947 -0.8082 0.0136 0.2835 -0.811 0.0249 0.2718 -0.8204 0.0094 0.2866
82.0 -0.8687 0.0128 0.2784 -0.7982 0.007 0.2913 -0.7996 0.0148 0.2832 -0.8006 0.0208 0.277 -0.8018 0.0273 0.2702 -0.8028 0.0333 0.264 -0.8072 -0.007 0.3047 -0.8071 0.0028 0.2947 -0.8082 0.0136 0.2835 -0.811 0.0249 0.2718 -0.8204 0.0094 0.2866
82.0 -0.8687 0.0128 0.2784 -0.7982 0.007 0.2913 -0.7996 0.0148 0.2832 -0.8006 0.0208 0.277 -0.8018 0.0273 0.2702 -0.8028 0.0333 0.264 -0.8072 -0.007 0.3047 -0.8071 0.0028 0.2947 -0.8082 0.0136 0.2835 -0.811 0.0249 0.2718 -0.8204 0.0094 0.2866
82.0 -0.8687 0.0128 0.2784 -0.7982 0.007 0.2913 -0.7996 0.0148 0.2832 -0.8006 0.0208 0.277 -0.8018 0.0273 0.2702 -0.8028 0.0333 0.264 -0.8072 -0.007 0.3047 -0.8071 0.0028 0.2947 -0.8082 0.0136 0.2835 -0.811 0.0249 0.2718 -0.8204 0.0094 0.2866
82.0 -0.8687 0.0128 0.2784 -0.7982 0.007 0.2913 -0.7996 0.0148 0.2832 -0.8006 0.0208 0.277 -0.8018 0.0273 0.2702 -0.8028 0.0333 0.264 -0.8072 -0.007 0.3047 -0.8071 0.0028 0.2947 -0.8082 0.0136 0.2835 -0.811 0.0249 0.2718 -0.8204 0.0094 0.2866
82.0 -0.8687 0.0128 0.2784 -0.7982 0.007 0.2913 -0.7996 0.0148 0.2832 -0.8006 0.0208 0.277 -0.8018 0.0273 0.2702 -0.8028 0.0333 0.264 -0.8072 -0.007 0.3047 -0.8071 0.0028 0.2947 -0.8082 0.0136 0.2835 -0.811 0.0249 0.2718 -0.8204 0.0094 0.2866
82.0 -0.8687 0.0128 0.2784 -0.7982 0.007 0.2913 -0.7996 0.0148 0.2832 -0.8006 0.0208 0.277 -0.8018 0.0273 0.2702 -0.8028 0.0333 0.264 -0.8072 -0.007 0.3047 -0.8071 0.0028 0.2947 -0.8082 0.0136 0.2835 -0.811 0.0249 0.2718 -0.8204 0.0094 0.2866
82.0 -0.8687 0.0128 0.2784 -0.7982 0.007 0.2913 -0.7996 0.0148 0.2832 -0.8006 0.0208 0.277 -0.8018 0.0273 0.2702 -0.8028 0.0333 0.264 -0.8072 -0.007 0.3047 -0.8071 0.0028 0.2947 -0.8082 0.0136 0.2835 -0.811 0.0249 0.2718 -0.8204 0.0094 0.2866
82.0 -0.8687 0.0128 0.2784 -0.7982 0.007 0.2913 -0.7996 0.0148 0.2832 -0.8006 0.0208 0.277 -0.8018 0.0273 0.2702 -0.8028 0.0333 0.264 -0.8072 -0.007 0.3047 -0.8071 0.0028 0.2947 -0.8082 0.0136 0.2835 -0.811 0.0249 0.2718 -0.8204 0.0094 0.2866
82.0 -0.8687 0.0128 0.2784 -0.7982 0.007 0.2913 -0.7996 0.0148 0.2832 -0.8006 0.0208 0.277 -0.8018 0.0273 0.2702 -0.8028 0.0333 0.264 -0.8072 -0.007 0.3047 -0.8071 0.0028 0.2947 -0.8082 0.0136 0.2835 -0.811 0.0249 0.2718 -0.8204 0.0094 0.2866
82.0 -0.8687 0.0128 0.2784 -0.7982 0.007 0.2913 -0.7996 0.0148 0.2832 -0.8006 0.0208 0.277 -0.8018 0.0273 0.2702 -0.8028 0.0333 0.264 -0.8072 -0.007 0.3047 -0.8071 0.0028 0.2947 -0.8082 0.0136 0.2835 -0.811 0.0249 0.2718 -0.8204 0.0094 0.2866
82.0 -0.8687 0.0128 0.2784 -0.7982 0.007 0.2913 -0.7996 0.0148 0.2832 -0.8006 0.0208 0.277 -0.8018 0.0273 0.2702 -0.8028 0.0333 0.264 -0.8072 -0.007 0.3047 -0.8071 0.0028 0.2947 -0.8082 0.0136 0.2835 -0.811 0.0249 0.2718 -0.8204 0.0094 0.2866
82.0 -0.8687 0.0128 0.2784 -0.7982 0.007 0.2913 -0.7996 0.0148 0.2832 -0.8006 0.0208 0.277 -0.8018 0.0273 0.2702 -0.8028 0.0333 0.264 -0.8072 -0.007 0.3047 -0.8071 0.0028 0.2947 -0.8082 0.0136 0.2835 -0.811 0.0249 0.2718 -0.8204 0.0094 0.2866
82.0 -0.8687 0.0128 0.2784 -0.7982 0.007 0.2913 -0.7996 0.0148 0.2832 -0.8006 0.0208 0.277 -0.8018 0.0273 0.2702 -0.8028 0.0333 0.264 -0.8072 -0.007 0.3047 -0.8071 0.0028 0.2947 -0.8082 0.0136 0.2835 -0.811 0.0249 0.2718 -0.8204 0.0094 0.2866
82.0 -0.8687 0.0128 0.2784 -0.7982 0.007 0.2913 -0.7996 0.0148 0.2832 -0.8006 0.0208 0.277 -0.8018 0.0273 0.2702 -0.8028 0.0333 0.264 -0.8072 -0.007 0.3047 -0.8071 0.0028 0.2947 -0.8082 0.0136 0.2835 -0.811 0.0249 0.2718 -0.8204 0.0094 0.2866
82.0 -0.8687 0.0128 0.2784 -0.7982 0.007 0.2913 -0.7996 0.0148 0.2832 -0.8006 0.0208 0.277 -0.8018 0.0273 0.2702 -0.8028 0.0333 0.264 -0.8072 -0.007 0.3047 -0.8071 0.0028 0.2947 -0.8082 0.0136 0.2835 -0.811 0.0249 0.2718 -0.8204 0.0094 0.2866
82.0 -0.8687 0.0128 0.2784 -0.7982 0.007 0.2913 -0.7996 0.0148 0.2832 -0.8006 0.0208 0.277 -0.8018 0.0273 0.2702 -0.8028 0.0333 0.264 -0.8072 -0.007 0.3047 -0.8071 0.0028 0.2947 -0.8082 0.0136 0.2835 -0.811 0.0249 0.2718 -0.8204 0.0094 0.2866
82.0 -0.8687 0.0128 0.2784 -0.7982 0.007 0.2913 -0.7996 0.0148 0.2832 -0.8006 0.0208 0.277 -0.8018 0.0273 0.2702 -0.8028 0.0333 0.264 -0.8072 -0.007 0.3047 -0.8071 0.0028 0.2947 -0.8082 0.0136 0.2835 -0.811 0.0249 0.2718 -0.8204 0.0094 0.2866
82.0 -0.8687 0.0128 0.2784 -0.7982 0.007 0.2913 -0.7996 0.0148 0.2832 -0.8006 0.0208 0.277 -0.8018 0.0273 0.2702 -0.8028 0.0333 0.264 -0.8072 -0.007 0.3047 -0.8071 0.0028 0.2947 -0.8082 0.0136 0.2835 -0.811 0.0249 0.2718 -0.8204 0.0094 0.2866
82.0 -0.8687 0.0128 0.2784 -0.7982 0.007 0.2913 -0.7996 0.0148 0.2832 -0.8006 0.0208 0.277 -0.8018 0.0273 0.2702 -0.8028 0.0333 0.264 -0.8072 -0.007 0.3047 -0.8071 0.0028 0.2947 -0.8082 0.0136 0.2835 -0.811 0.0249 0.2718 -0.8204 0.0094 0.2866
82.0 -0.8687 0.0128 0.2784 -0.7982 0.007 0.2913 -0.7996 0.0148 0.2832 -0.8006 0.0208 0.277 -0.8018 0.0273 0.2702 -0.8028 0.0333 0.264 -0.8072 -0.007 0.3047 -0.8071 0.0028 0.2947 -0.8082 0.0136 0.2835 -0.811 0.0249 0.2718 -0.8204 0.0094 0.2866
82.0 -0.8687 0.0128 0.2784 -0.7982 0.007 0.2913 -0.7996 0.0148 0.2832 -0.8006 0.0208 0.277 -0.8018 0.0273 0.2702 -0.8028 0.0333 0.264 -0.8072 -0.007 0.3047 -0.8071 0.0028 0.2947 -0.8082 0.0136 0.2835 -0.811 0.0249 0.2718 -0.8204 0.0094 0.2866
82.0 -0.8687 0.0128 0.2784 -0.7982 0.007 0.2913 -0.7996 0.0148 0.2832 -0.8006 0.0208 0.277 -0.8018 0.0273 0.2702 -0.8028 0.0333 0.264 -0.8072 -0.007 0.3047 -0.8071 0.0028 0.2947 -0.8082 0.0136 0.2835 -0.811 0.0249 0.2718 -0.8204 0.0094 0.2866
82.0 -0.8687 0.0128 0.2784 -0.7982 0.007 0.2913 -0.7996 0.0148 0.2832 -0.8006 0.0208 0.277 -0.8018 0.0273 0.2702 -0.8028 0.0333 0.264 -0.8072 -0.007 0.3047 -0.8071 0.0028 0.2947 -0.8082 0.0136 0.2835 -0.811 0.0249 0.2718 -0.8204 0.0094 0.2866
82.0 -0.8687 0.0128 0.2784 -0.7982 0.007 0.2913 -0.7996 0.0148 0.2832 -0.8006 0.0208 0.277 -0.8018 0.0273 0.2702 -0.8028 0.0333 0.264 -0.8072 -0.007 0.3047 -0.8071 0.0028 0.2947 -0.8082 0.0136 0.2835 -0.811 0.0249 0.2718 -0.8204 0.0094 0.2866
82.0 -0.8687 0.0128 0.2784 -0.7982 0.007 0.2913 -0.7996 0.0148 0.2832 -0.8006 0.0208 0.277 -0.8018 0.0273 0.2702 -0.8028 0.0333 0.264 -0.8072 -0.007 0.3047 -0.8071 0.0028 0.2947 -0.8082 0.0136 0.2835 -0.811 0.0249 0.2718 -0.8204 0.0094 0.2866
82.0 -0.8687 0.0128 0.2784 -0.7982 0.007 0.2913 -0.7996 0.0148 0.2832 -0.8006 0.0208 0.277 -0.8018 0.0273 0.2702 -0.8028 0.0333 0.264 -0.8072 -0.007 0.3047 -0.8071 0.0028 0.2947 -0.8082 0.0136 0.2835 -0.811 0.0249 0.2718 -0.8204 0.0094 0.2866
82.0 -0.8687 0.0128 0.2784 -0.7982 0.007 0.2913 -0.7996 0.0148 0.2832 -0.8006 0.0208 0.277 -0.8018 0.0273 0.2702 -0.8028 0.0333 0.264 -0.8072 -0.007 0.3047 -0.8071 0.0028 0.2947 -0.8082 0.0136 0.2835 -0.811 0.0249 0.2718 -0.8204 0.0094 0.2866
82.0 -0.8687 0.0128 0.2784 -0.7982 0.007 0.2913 -0.7996 0.0148 0.2832 -0.8006 0.0208 0.277 -0.8018 0.0273 0.2702 -0.8028 0.0333 0.264 -0.8072 -0.007 0.3047 -0.8071 0.0028 0.2947 -0.8082 0.0136 0.2835 -0.811 0.0249 0.2718 -0.8204 0.0094 0.2866
82.0 -0.8687 0.0128 0.2784 -0.7982 0.007 0.2913 -0.7996 0.0148 0.2832 -0.8006 0.0208 0.277 -0.8018 0.0273 0.2702 -0.8028 0.0333 0.264 -0.8072 -0.007 0.3047 -0.8071 0.0028 0.2947 -0.8082 0.0136 0.2835 -0.811 0.0249 0.2718 -0.8204 0.0094 0.2866
82.0 -0.8687 0.0128 0.2784 -0.7982 0.007 0.2913 -0.7996 0.0148 0.2832 -0.8006 0.0208 0.277 -0.8018 0.0273 0.2702 -0.8028 0.0333 0.264 -0.8072 -0.007 0.3047 -0.8071 0.0028 0.2947 -0.8082 0.0136 0.2835 -0.811 0.0249 0.2718 -0.8204 0.0094 0.2866
82.0 -0.8687 0.0128 0.2784 -0.7982 0.007 0.2913 -0.7996 0.0148 0.2832 -0.8006 0.0208 0.277 -0.8018 0.0273 0.2702 -0.8028 0.0333 0.264 -0.8072 -0.007 0.3047 -0.8071 0.0028 0.2947 -0.8082 0.0136 0.2835 -0.811 0.0249 0.2718 -0.8204 0.0094 0.2866
82.0 -0.8687 0.0128 0.2784 -0.7982 0.007 0.2913 -0.7996 0.0148 0.2832 -0.8006 0.0208 0.277 -0.8018 0.0273 0.2702 -0.8028 0.0333 0.264 -0.8072 -0.007 0.3047 -0.8071 0.0028 0.2947 -0.8082 0.0136 0.2835 -0.811 0.0249 0.2718 -0.8204 0.0094 0.2866
82.0 -0.8687 0.0128 0.2784 -0.7982 0.007 0.2913 -0.7996 0.0148 0.2832 -0.8006 0.0208 0.277 -0.8018 0.0273 0.2702 -0.8028 0.0333 0.264 -0.8072 -0.007 0.3047 -0.8071 0.0028 0.2947 -0.8082 0.0136 0.2835 -0.811 0.0249 0.2718 -0.8204 0.0094 0.2866
82.0 -0.8687 0.0128 0.2784 -0.7982 0.007 0.2913 -0.7996 0.0148 0.2832 -0.8006 0.0208 0.277 -0.8018 0.0273 0.2702 -0.8028 0.0333 0.264 -0.8072 -0.007 0.3047 -0.8071 0.0028 0.2947 -0.8082 0.0136 0.2835 -0.811 0.0249 0.2718 -0.8204 0.0094 0.2866
131.0 -0.8752 0.0095 0.2811 -0.7965 -0.0025 0.3012 -0.8001 0.0178 0.2801 -0.8017 0.0267 0.2708 -0.8038 0.0387 0.2584 -0.8073 0.0589 0.2373 -0.808 0.0076 0.2898 -0.8128 0.0197 0.2768 -0.8217 0.0307 0.2647 -0.8322 0.0403 0.2539 -0.83 0.0216 0.2733
132.0 -0.8943 0.0081 0.2806 -0.7974 0.0023 0.2962 -0.8011 0.0237 0.2739 -0.8041 0.0405 0.2565 -0.8063 0.053 0.2435 -0.817 0.0589 0.2364 -0.8362 0.0031 0.2915 -0.8427 0.0151 0.2786 -0.8507 0.0256 0.2671 -0.8602 0.0347 0.2568 -0.8568 0.0173 0.2749
133.0 -0.9921 0.009 0.2701 -0.8557 0.0188 0.2735 -0.832 0.0239 0.2707 -0.8404 0.0417 0.2517 -0.8599 0.0531 0.2381 -0.8895 0.0558 0.2324 -0.9103 -0.0008 0.2881 -0.9175 0.0099 0.2765 -0.9274 0.0214 0.2638 -0.9399 0.0325 0.2512 -0.9374 0.0144 0.2699
134.0 -0.9967 0.0102 0.2684 -0.8662 0.0186 0.2727 -0.8425 0.0237 0.2699 -0.8526 0.0412 0.2509 -0.8697 0.0536 0.2366 -0.9001 0.0562 0.2309 -0.9192 -0.0001 0.2866 -0.9254 0.01 0.2756 -0.9353 0.0215 0.2629 -0.9487 0.0325 0.2503 -0.9451 0.0148 0.2687
135.0 -1.0075 0.0118 0.2657 -0.8835 0.0169 0.2727 -0.8541 0.0245 0.2678 -0.8614 0.0413 0.25 -0.8818 0.0526 0.2364 -0.9072 0.0565 0.2299 -0.9315 -0.0006 0.2858 -0.9378 0.0102 0.2742 -0.9462 0.0231 0.2602 -0.9571 0.0351 0.2468 -0.956 0.0159 0.2665
136.0 -1.0215 0.0111 0.2649 -0.8945 0.0142 0.2744 -0.8668 0.0271 0.264 -0.8748 0.0425 0.2474 -0.8914 0.0519 0.2362 -0.9171 0.0582 0.2272 -0.9415 0.0011 0.2831 -0.9476 0.0113 0.2721 -0.9567 0.0229 0.2593 -0.9692 0.034 0.2467 -0.9673 0.0161 0.2652
137.0 -1.0289 0.0132 0.2621 -0.9085 0.0141 0.2731 -0.8801 0.0277 0.262 -0.888 0.0426 0.246 -0.9073 0.0522 0.2343 -0.9311 0.0575 0.2265 -0.9454 0.0037 0.2801 -0.9518 0.015 0.2679 -0.9617 0.0265 0.2551 -0.974 0.0364 0.2437 -0.9724 0.019 0.2618
138.0 -1.0346 0.0154 0.2592 -0.9197 0.0175 0.2685 -0.8914 0.0268 0.2618 -0.9006 0.0439 0.2434 -0.918 0.0532 0.2322 -0.9401 0.0587 0.2243 -0.9569 0.0039 0.2787 -0.9624 0.0154 0.2664 -0.9715 0.027 0.2536 -0.9838 0.037 0.2423 -0.9818 0.0198 0.26
139.0 -1.046 0.0151 0.2584 -0.9285 0.0224 0.2626 -0.9048 0.0281 0.2592 -0.9131 0.0453 0.2408 -0.9324 0.0549 0.229 -0.955 0.0586 0.223 -0.9743 0.0028 0.2781 -0.9807 0.0142 0.2659 -0.9898 0.0258 0.2531 -1.0004 0.0365 0.241 -0.9982 0.0189 0.2593
140.0 -1.0516 0.0174 0.2555 -0.9414 0.0207 0.2631 -0.9166 0.0301 0.2559 -0.9247 0.0462 0.2387 -0.9424 0.0566 0.2263 -0.9643 0.061 0.2196 -0.9792 0.0058 0.2746 -0.9855 0.0166 0.2629 -0.9945 0.0276 0.2508 -1.0059 0.0376 0.2394 -1.0033 0.021 0.2566
141.0 -1.0615 0.0185 0.2534 -0.948 0.0235 0.2596 -0.9281 0.0304 0.2545 -0.937 0.0457 0.2379 -0.9554 0.0555 0.2262 -0.9747 0.0602 0.2194 -0.9945 0.0074 0.2714 -1.0016 0.0181 0.2598 -1.0106 0.0291 0.2477 -1.0221 0.0397 0.2356 -1.018 0.0226 0.2536
142.0 -1.0697 0.0199 0.2512 -0.9595 0.0237 0.2582 -0.9378 0.0303 0.2536 -0.9459 0.0464 0.2364 -0.9635 0.0568 0.224 -0.9868 0.0592 0.2193 -0.9997 0.0073 0.271 -1.0061 0.0187 0.2587 -1.0142 0.0298 0.2466 -1.0258 0.0405 0.2345 -1.0231 0.0232 0.2524
143.0 -1.0747 0.0186 0.252 -0.9612 0.0284 0.2532 -0.9479 0.0326 0.2502 -0.9555 0.0463 0.2355 -0.9718 0.0587 0.2212 -0.9967 0.0603 0.2171 -1.0119 0.0063 0.2708 -1.0189 0.0163 0.2599 -1.028 0.0279 0.2471 -1.0387 0.0387 0.235 -1.0344 0.0216 0.253
144.0 -1.0853 0.019 0.2506 -0.9729 0.0299 0.2506 -0.9527 0.0351 0.2473 -0.9619 0.0473 0.2339 -0.9796 0.0583 0.2209 -1.0013 0.0615 0.2155 -1.0171 0.0062 0.2704 -1.0249 0.0155 0.2601 -1.034 0.0271 0.2473 -1.0457 0.039 0.234 -1.0414 0.0214 0.2525
145.0 -1.0953 0.0207 0.2478 -0.9885 0.0235 0.2556 -0.9641 0.0347 0.2465 -0.9714 0.0466 0.2337 -0.9905 0.055 0.2232 -1.01 0.056 0.2202 -1.028 0.0078 0.2677 -1.0324 0.0182 0.2566 -1.0404 0.0287 0.2451 -1.0501 0.039 0.2336 -1.0492 0.0229 0.2502
146.0 -1.0977 0.0191 0.2492 -0.9971 0.0223 0.2559 -0.9729 0.0348 0.2456 -0.9796 0.0479 0.2315 -0.9998 0.058 0.2191 -1.0176 0.0593 0.2161 -1.0335 0.0095 0.2654 -1.0387 0.0192 0.255 -1.0459 0.0298 0.2434 -1.0563 0.0388 0.2332 -1.0544 0.0233 0.2492
147.0 -1.1108 0.0186 0.2484 -1.014 0.0286 0.2478 -0.9921 0.0389 0.2395 -1.0017 0.0486 0.2286 -1.0185 0.0592 0.2161 -1.0364 0.061 0.2124 -1.0453 0.0116 0.2621 -1.0523 0.021 0.2518 -1.061 0.0308 0.2409 -1.0722 0.0397 0.2307 -1.0683 0.0243 0.2468
148.0 -1.1247 0.0179 0.2477 -1.0184 0.0237 0.2523 -1.0004 0.0365 0.241 -1.008 0.0496 0.227 -1.0254 0.0582 0.2164 -1.0433 0.0601 0.2127 -1.0557 0.0108 0.2619 -1.0619 0.0209 0.2509 -1.0707 0.0307 0.24 -1.0811 0.0397 0.2298 -1.0788 0.024 0.2461
149.0 -1.1318 0.0182 0.2467 -1.0247 0.0241 0.2513 -1.0073 0.0356 0.2413 -1.014 0.0488 0.2272 -1.0313 0.0568 0.2172 -1.052 0.0595 0.2124 -1.0635 0.0097 0.2622 -1.0678 0.0195 0.2518 -1.0757 0.0294 0.2408 -1.0861 0.0384 0.2306 -1.085 0.0231 0.2464
150.0 -1.136 0.017 0.2475 -1.0291 0.0241 0.2509 -1.0115 0.0344 0.2421 -1.0176 0.0489 0.2267 -1.0348 0.0569 0.2168 -1.0564 0.0595 0.212 -1.0626 0.0098 0.2622 -1.0688 0.02 0.2512 -1.0767 0.0299 0.2402 -1.0888 0.0387 0.2301 -1.0866 0.0231 0.2462
151.0 -1.1511 0.018 0.245 -1.0525 0.0222 0.2505 -1.0338 0.0363 0.2379 -1.0423 0.0492 0.2239 -1.061 0.0559 0.2153 -1.0775 0.0597 0.2097 -1.0796 0.0112 0.2591 -1.0841 0.0222 0.2474 -1.0929 0.032 0.2365 -1.104 0.0403 0.2269 -1.1024 0.0247 0.243
152.0 -1.1539 0.0189 0.2439 -1.0556 0.0248 0.2475 -1.0409 0.0366 0.237 -1.0474 0.0485 0.2241 -1.0657 0.0577 0.213 -1.0845 0.0594 0.2093 -1.0843 0.013 0.2568 -1.0895 0.0227 0.2464 -1.0982 0.0319 0.2361 -1.11 0.0395 0.2272 -1.1072 0.0252 0.242
153.0 -1.1626 0.0183 0.2436 -1.0626 0.0245 0.2472 -1.0478 0.0357 0.2372 -1.0518 0.0485 0.2237 -1.0693 0.0578 0.2125 -1.0889 0.0594 0.2089 -1.094 0.0129 0.2559 -1.0992 0.0226 0.2455 -1.1078 0.0318 0.2352 -1.1188 0.0395 0.2263 -1.1165 0.025 0.2413
154.0 -1.1629 0.0201 0.2417 -1.0698 0.026 0.245 -1.0513 0.0407 0.2318 -1.0588 0.0531 0.2183 -1.0766 0.0593 0.2103 -1.0951 0.0598 0.2078 -1.0931 0.0179 0.2509 -1.0991 0.0275 0.2405 -1.1086 0.036 0.2309 -1.1202 0.0424 0.2232 -1.1168 0.0288 0.2374
155.0 -1.1665 0.0202 0.2412 -1.0739 0.0291 0.2414 -1.0575 0.0411 0.2307 -1.0656 0.0522 0.2186 -1.0819 0.0598 0.2092 -1.1003 0.0591 0.208 -1.0956 0.0176 0.251 -1.1033 0.0263 0.2413 -1.1144 0.034 0.2323 -1.1279 0.0407 0.2241 -1.1215 0.0278 0.238
156.0 -1.1772 0.0212 0.2391 -1.0817 0.0286 0.2411 -1.0612 0.0418 0.2296 -1.0696 0.0547 0.2156 -1.0884 0.0613 0.207 -1.1085 0.061 0.2052 -1.1063 0.018 0.2495 -1.113 0.0262 0.2404 -1.1224 0.0347 0.2308 -1.135 0.0416 0.2225 -1.1308 0.0284 0.2365
157.0 -1.1807 0.0208 0.2393 -1.0856 0.0305 0.2387 -1.0675 0.0428 0.228 -1.0725 0.0561 0.2138 -1.0911 0.0622 0.2058 -1.1107 0.0632 0.2028 -1.1125 0.0184 0.2485 -1.1184 0.0267 0.2394 -1.1286 0.0351 0.2298 -1.1405 0.0427 0.2208 -1.1361 0.0287 0.2355
158.0 -1.1852 0.0214 0.2382 -1.0884 0.0314 0.2376 -1.0715 0.0453 0.225 -1.0798 0.0576 0.2116 -1.0966 0.0633 0.2042 -1.1153 0.0644 0.2011 -1.1133 0.0177 0.2491 -1.1201 0.0265 0.2394 -1.1313 0.0354 0.2292 -1.1433 0.0435 0.2197 -1.1386 0.0289 0.2351
159.0 -1.1861 0.0219 0.2376 -1.0966 0.0333 0.2348 -1.0782 0.0438 0.2259 -1.0856 0.0556 0.2131 -1.1019 0.0632 0.2037 -1.1198 0.065 0.2001 -1.1205 0.0191 0.2469 -1.1273 0.0274 0.2378 -1.1375 0.0358 0.2282 -1.1494 0.0433 0.2193 -1.1442 0.0295 0.234
160.0 -1.1959 0.0224 0.2361 -1.1035 0.0324 0.235 -1.0837 0.0448 0.2243 -1.0902 0.0568 0.2114 -1.1081 0.0635 0.2027 -1.1274 0.0634 0.201 -1.1258 0.019 0.2465 -1.1326 0.0279 0.2368 -1.142 0.0364 0.2272 -1.1548 0.0438 0.2183 -1.1502 0.0299 0.233
161.0 -1.1972 0.0246 0.2337 -1.1082 0.0342 0.2327 -1.0895 0.0477 0.2207 -1.0992 0.058 0.2093 -1.1153 0.0644 0.2011 -1.132 0.0646 0.1993 -1.1296 0.0203 0.2448 -1.1365 0.0298 0.2344 -1.1469 0.0388 0.2242 -1.1578 0.0458 0.2159 -1.1536 0.0319 0.2306
162.0 -1.2004 0.0279 0.23 -1.117 0.0342 0.2318 -1.0989 0.0513 0.2161 -1.1093 0.0603 0.2059 -1.1274 0.0634 0.201 -1.1406 0.0634 0.1996 -1.131 0.0238 0.2411 -1.1371 0.0334 0.2307 -1.1474 0.0418 0.2211 -1.1591 0.0481 0.2134 -1.155 0.035 0.2273
163.0 -1.209 0.0267 0.2304 -1.1226 0.0359 0.2295 -1.1089 0.0531 0.2134 -1.119 0.0602 0.205 -1.1372 0.0639 0.1995 -1.1481 0.0661 0.1962 -1.1359 0.0262 0.2382 -1.1428 0.0357 0.2278 -1.1531 0.044 0.2182 -1.1648 0.051 0.2099 -1.1611 0.0367 0.2249
164.0 -1.2157 0.0301 0.2263 -1.1318 0.0384 0.2261 -1.1161 0.0539 0.2118 -1.1251 0.06 0.2046 -1.1468 0.0632 0.1992 -1.156 0.0656 0.1958 -1.1413 0.0273 0.2365 -1.1468 0.0382 0.2248 -1.1553 0.0468 0.2152 -1.1671 0.0538 0.2069 -1.1652 0.0392 0.2219
165.0 -1.2213 0.0318 0.224 -1.1447 0.0415 0.2216 -1.1271 0.0512 0.2135 -1.132 0.0591 0.2049 -1.1496 0.0647 0.1975 -1.1606 0.0668 0.1941 -1.1538 0.0281 0.2345 -1.1577 0.0404 0.2215 -1.1656 0.0503 0.2106 -1.1758 0.0581 0.2016 -1.1748 0.0417 0.2184
166.0 -1.233 0.0333 0.2213 -1.1533 0.0452 0.217 -1.1302 0.0539 0.2105 -1.1351 0.0617 0.2019 -1.1562 0.0668 0.1946 -1.1689 0.0694 0.1907 -1.1603 0.0302 0.2316 -1.1651 0.0424 0.2187 -1.1738 0.0516 0.2084 -1.1848 0.0593 0.1995 -1.1834 0.0434 0.2159
167.0 -1.2377 0.0351 0.219 -1.1627 0.044 0.2173 -1.1402 0.0562 0.2071 -1.1459 0.0633 0.1992 -1.1654 0.0692 0.1912 -1.1772 0.0713 0.1879 -1.1663 0.0343 0.2268 -1.1702 0.0466 0.2139 -1.1789 0.0558 0.2036 -1.1907 0.0628 0.1953 -1.1888 0.0469 0.2117
168.0 -1.2462 0.0382 0.215 -1.1675 0.0512 0.2094 -1.1518 0.0619 0.2001 -1.1584 0.0696 0.1916 -1.1761 0.0751 0.1841 -1.1894 0.0758 0.1822 -1.1732 0.0383 0.2221 -1.1778 0.0499 0.2098 -1.1874 0.059 0.1996 -1.1998 0.0646 0.1925 -1.1969 0.05 0.2078
169.0 -1.2467 0.0412 0.2118 -1.1726 0.0548 0.2052 -1.157 0.0667 0.1946 -1.1619 0.0746 0.1861 -1.1855 0.0787 0.1795 -1.1993 0.0769 0.18 -1.1794 0.0435 0.2161 -1.1857 0.0543 0.2045 -1.1959 0.0627 0.1949 -1.2075 0.0685 0.1878 -1.203 0.054 0.203
170.0 -1.2592 0.0425 0.2092 -1.1859 0.0555 0.2032 -1.1669 0.0727 0.1875 -1.1706 0.0789 0.1808 -1.1934 0.0832 0.1742 -1.2029 0.0825 0.1739 -1.1905 0.042 0.2165 -1.1939 0.0513 0.2067 -1.2032 0.0593 0.1977 -1.2141 0.0657 0.19 -1.2122 0.0522 0.204
171.0 -1.2608 0.0466 0.2049 -1.189 0.0581 0.2002 -1.1713 0.0727 0.1871 -1.1753 0.0807 0.1785 -1.1989 0.0849 0.1719 -1.2095 0.0847 0.1711 -1.1939 0.0459 0.2123 -1.1989 0.0543 0.2031 -1.2081 0.0617 0.1947 -1.2197 0.068 0.1871 -1.2163 0.0553 0.2004
172.0 -1.2753 0.0489 0.2011 -1.2032 0.0593 0.1977 -1.1795 0.0747 0.1843 -1.1872 0.0834 0.1746 -1.2129 0.0891 0.1662 -1.2276 0.0877 0.1661 -1.2084 0.0488 0.2079 -1.2134 0.0573 0.1987 -1.2218 0.0647 0.1903 -1.2344 0.0715 0.182 -1.2307 0.0582 0.196
173.0 -1.2825 0.0498 0.1995 -1.2123 0.0605 0.1955 -1.1865 0.0743 0.1839 -1.1978 0.0832 0.1737 -1.2198 0.0888 0.1658 -1.2336 0.0869 0.1664 -1.2155 0.049 0.2069 -1.2197 0.0576 0.1977 -1.2289 0.065 0.1893 -1.2414 0.0712 0.1817 -1.2376 0.0585 0.195
174.0 -1.2867 0.0486 0.2003 -1.2104 0.0601 0.1961 -1.1909 0.0744 0.1835 -1.2014 0.0839 0.1726 -1.2233 0.0883 0.166 -1.2348 0.0886 0.1645 -1.2199 0.0491 0.2064 -1.224 0.0571 0.1979 -1.2332 0.0644 0.1895 -1.2448 0.0707 0.1818 -1.2417 0.058 0.1952
175.0 -1.2908 0.0468 0.2017 -1.2148 0.0601 0.1956 -1.1952 0.0738 0.1836 -1.2068 0.0844 0.1716 -1.2287 0.0888 0.1649 -1.24 0.0885 0.1641 -1.2238 0.0461 0.2091 -1.2289 0.0552 0.1993 -1.2381 0.0625 0.1909 -1.2498 0.0689 0.1832 -1.2463 0.0559 0.1968
176.0 -1.2901 0.0481 0.2004 -1.2157 0.06 0.1957 -1.2002 0.0719 0.1851 -1.2046 0.0823 0.174 -1.2276 0.0877 0.1661 -1.2408 0.0878 0.1648 -1.2242 0.0485 0.2066 -1.2292 0.057 0.1974 -1.2385 0.0649 0.1884 -1.2501 0.0706 0.1814 -1.2464 0.0578 0.1949
177.0 -1.2945 0.0482 0.2 -1.2218 0.0598 0.1953 -1.202 0.0722 0.1845 -1.2065 0.0826 0.1734 -1.2312 0.0885 0.165 -1.2433 0.0868 0.1655 -1.2278 0.0486 0.2061 -1.2328 0.0571 0.1969 -1.242 0.0644 0.1886 -1.2535 0.0702 0.1815 -1.2501 0.0577 0.1946
178.0 -1.298 0.0477 0.2001 -1.2194 0.0613 0.1939 -1.2024 0.0746 0.182 -1.2148 0.0852 0.17 -1.2332 0.0894 0.1639 -1.2437 0.0892 0.163 -1.2297 0.0496 0.2049 -1.2346 0.0575 0.1964 -1.2437 0.0642 0.1886 -1.2554 0.0705 0.181 -1.2523 0.0579 0.1942
179.0 -1.2982 0.0489 0.1989 -1.2221 0.0616 0.1934 -1.2041 0.0744 0.1821 -1.2173 0.0842 0.1707 -1.2365 0.0884 0.1646 -1.248 0.0886 0.1632 -1.2322 0.0486 0.2057 -1.2371 0.0565 0.1971 -1.2463 0.0638 0.1887 -1.2588 0.0701 0.1811 -1.2545 0.0576 0.1943
180.0 -1.2989 0.0482 0.1995 -1.2216 0.0635 0.1915 -1.2086 0.075 0.181 -1.2185 0.0859 0.1689 -1.2393 0.0892 0.1635 -1.2513 0.0876 0.1639 -1.233 0.0485 0.2057 -1.2389 0.0569 0.1966 -1.2489 0.0641 0.1882 -1.2606 0.0704 0.1805 -1.2561 0.0576 0.1941
181.0 -1.2998 0.0481 0.1995 -1.2202 0.0655 0.1896 -1.2085 0.0744 0.1816 -1.2219 0.0854 0.169 -1.2427 0.0887 0.1636 -1.2531 0.0879 0.1634 -1.2356 0.0482 0.2058 -1.2422 0.0558 0.1973 -1.2523 0.063 0.189 -1.264 0.0694 0.1813 -1.2588 0.0569 0.1946
182.0 -1.3015 0.0478 0.1996 -1.2266 0.0622 0.1923 -1.2136 0.0731 0.1825 -1.2245 0.0851 0.1691 -1.2443 0.0879 0.1643 -1.2566 0.0875 0.1635 -1.2382 0.0478 0.2059 -1.244 0.0562 0.1968 -1.2541 0.0634 0.1884 -1.2658 0.0697 0.1807 -1.2607 0.057 0.1943
183.0 -1.3051 0.048 0.1991 -1.2307 0.0604 0.1937 -1.2169 0.0721 0.1832 -1.2269 0.0836 0.1705 -1.2452 0.0878 0.1643 -1.2565 0.0869 0.1641 -1.2409 0.0481 0.2054 -1.2466 0.0558 0.1969 -1.2558 0.0632 0.1885 -1.2683 0.0688 0.1815 -1.2633 0.0568 0.1943
184.0 -1.3085 0.0475 0.1993 -1.234 0.0594 0.1945 -1.2254 0.0703 0.1842 -1.2298 0.0801 0.1737 -1.2484 0.0861 0.1657 -1.2564 0.0863 0.1648 -1.2441 0.0464 0.2068 -1.2482 0.055 0.1975 -1.2574 0.0623 0.1892 -1.2691 0.0687 0.1815 -1.2655 0.056 0.1948
185.0 -1.3134 0.0456 0.2007 -1.2355 0.0574 0.1964 -1.2276 0.0676 0.1868 -1.2324 0.0804 0.1732 -1.2483 0.0855 0.1663 -1.2604 0.0845 0.1662 -1.2475 0.0459 0.2069 -1.2525 0.0544 0.1977 -1.2617 0.0617 0.1893 -1.2723 0.067 0.1829 -1.2695 0.055 0.1955
186.0 -1.317 0.0457 0.2002 -1.2415 0.0565 0.1967 -1.235 0.0647 0.1889 -1.2424 0.0772 0.1755 -1.2598 0.0809 0.1699 -1.2678 0.0811 0.1689 -1.2509 0.0449 0.2076 -1.2559 0.0534 0.1985 -1.265 0.0601 0.1907 -1.2757 0.066 0.1836 -1.2729 0.054 0.1961
187.0 -1.3213 0.0452 0.2004 -1.2482 0.0599 0.1925 -1.2474 0.0655 0.1869 -1.258 0.0757 0.1754 -1.2682 0.0786 0.1715 -1.2726 0.0786 0.171 -1.2545 0.0456 0.2065 -1.2597 0.0553 0.1961 -1.2672 0.0628 0.1877 -1.276 0.0678 0.1818 -1.2757 0.0553 0.1945
188.0 -1.3281 0.0436 0.2013 -1.2525 0.0544 0.1977 -1.2592 0.0621 0.1892 -1.2655 0.0734 0.177 -1.271 0.0794 0.1703 -1.2765 0.0805 0.1687 -1.2623 0.0501 0.2012 -1.2669 0.061 0.1895 -1.2734 0.0681 0.1817 -1.281 0.0714 0.1776 -1.2823 0.0588 0.1902
189.0 -1.3362 0.0401 0.2041 -1.2624 0.0604 0.1906 -1.2736 0.0693 0.1804 -1.2795 0.0728 0.1763 -1.2834 0.0747 0.1739 -1.2861 0.0755 0.1728 -1.2757 0.0409 0.2092 -1.2777 0.0474 0.2024 -1.2839 0.0526 0.1964 -1.2911 0.0584 0.1898 -1.2929 0.0479 0.2004
190.0 -1.3377 0.0387 0.2054 -1.2743 0.0582 0.1917 -1.2873 0.0723 0.176 -1.2914 0.0755 0.1724 -1.2951 0.0762 0.1713 -1.2943 0.0769 0.1706 -1.284 0.0435 0.2058 -1.287 0.0504 0.1984 -1.2915 0.0559 0.1924 -1.2976 0.0606 0.187 -1.2996 0.0498 0.1978
191.0 -1.3461 0.0412 0.202 -1.2832 0.0588 0.1902 -1.292 0.0638 0.1843 -1.2978 0.0666 0.1807 -1.3042 0.0682 0.1785 -1.3086 0.0682 0.178 -1.2947 0.0542 0.1937 -1.3021 0.0612 0.1859 -1.309 0.0651 0.1812 -1.3138 0.0675 0.1782 -1.3131 0.0579 0.1882
192.0 -1.3471 0.0417 0.2014 -1.2971 0.0576 0.1901 -1.2933 0.0611 0.1868 -1.2979 0.0624 0.1851 -1.3042 0.0633 0.1835 -1.3044 0.0645 0.1822 -1.3182 0.0578 0.1878 -1.3237 0.0638 0.1811 -1.3242 0.0667 0.178 -1.3235 0.0681 0.1767 -1.3273 0.0596 0.185
192.0 -1.3471 0.0417 0.2014 -1.2971 0.0576 0.1901 -1.2933 0.0611 0.1868 -1.2979 0.0624 0.1851 -1.3042 0.0633 0.1835 -1.3044 0.0645 0.1822 -1.3182 0.0578 0.1878 -1.3237 0.0638 0.1811 -1.3242 0.0667 0.178 -1.3235 0.0681 0.1767 -1.3273 0.0596 0.185
192.0 -1.3471 0.0417 0.2014 -1.2971 0.0576 0.1901 -1.2933 0.0611 0.1868 -1.2979 0.0624 0.1851 -1.3042 0.0633 0.1835 -1.3044 0.0645 0.1822 -1.3182 0.0578 0.1878 -1.3237 0.0638 0.1811 -1.3242 0.0667 0.178 -1.3235 0.0681 0.1767 -1.3273 0.0596 0.185
192.0 -1.3471 0.0417 0.2014 -1.2971 0.0576 0.1901 -1.2933 0.0611 0.1868 -1.2979 0.0624 0.1851 -1.3042 0.0633 0.1835 -1.3044 0.0645 0.1822 -1.3182 0.0578 0.1878 -1.3237 0.0638 0.1811 -1.3242 0.0667 0.178 -1.3235 0.0681 0.1767 -1.3273 0.0596 0.185
192.0 -1.3471 0.0417 0.2014 -1.2971 0.0576 0.1901 -1.2933 0.0611 0.1868 -1.2979 0.0624 0.1851 -1.3042 0.0633 0.1835 -1.3044 0.0645 0.1822 -1.3182 0.0578 0.1878 -1.3237 0.0638 0.1811 -1.3242 0.0667 0.178 -1.3235 0.0681 0.1767 -1.3273 0.0596 0.185
192.0 -1.3471 0.0417 0.2014 -1.2971 0.0576 0.1901 -1.2933 0.0611 0.1868 -1.2979 0.0624 0.1851 -1.3042 0.0633 0.1835 -1.3044 0.0645 0.1822 -1.3182 0.0578 0.1878 -1.3237 0.0638 0.1811 -1.3242 0.0667 0.178 -1.3235 0.0681 0.1767 -1.3273 0.0596 0.185
192.0 -1.3471 0.0417 0.2014 -1.2971 0.0576 0.1901 -1.2933 0.0611 0.1868 -1.2979 0.0624 0.1851 -1.3042 0.0633 0.1835 -1.3044 0.0645 0.1822 -1.3182 0.0578 0.1878 -1.3237 0.0638 0.1811 -1.3242 0.0667 0.178 -1.3235 0.0681 0.1767 -1.3273 0.0596 0.185
192.0 -1.3471 0.0417 0.2014 -1.2971 0.0576 0.1901 -1.2933 0.0611 0.1868 -1.2979 0.0624 0.1851 -1.3042 0.0633 0.1835 -1.3044 0.0645 0.1822 -1.3182 0.0578 0.1878 -1.3237 0.0638 0.1811 -1.3242 0.0667 0.178 -1.3235 0.0681 0.1767 -1.3273 0.0596 0.185
192.0 -1.3471 0.0417 0.2014 -1.2971 0.0576 0.1901 -1.2933 0.0611 0.1868 -1.2979 0.0624 0.1851 -1.3042 0.0633 0.1835 -1.3044 0.0645 0.1822 -1.3182 0.0578 0.1878 -1.3237 0.0638 0.1811 -1.3242 0.0667 0.178 -1.3235 0.0681 0.1767 -1.3273 0.0596 0.185
192.0 -1.3471 0.0417 0.2014 -1.2971 0.0576 0.1901 -1.2933 0.0611 0.1868 -1.2979 0.0624 0.1851 -1.3042 0.0633 0.1835 -1.3044 0.0645 0.1822 -1.3182 0.0578 0.1878 -1.3237 0.0638 0.1811 -1.3242 0.0667 0.178 -1.3235 0.0681 0.1767 -1.3273 0.0596 0.185
192.0 -1.3471 0.0417 0.2014 -1.2971 0.0576 0.1901 -1.2933 0.0611 0.1868 -1.2979 0.0624 0.1851 -1.3042 0.0633 0.1835 -1.3044 0.0645 0.1822 -1.3182 0.0578 0.1878 -1.3237 0.0638 0.1811 -1.3242 0.0667 0.178 -1.3235 0.0681 0.1767 -1.3273 0.0596 0.185
192.0 -1.3471 0.0417 0.2014 -1.2971 0.0576 0.1901 -1.2933 0.0611 0.1868 -1.2979 0.0624 0.1851 -1.3042 0.0633 0.1835 -1.3044 0.0645 0.1822 -1.3182 0.0578 0.1878 -1.3237 0.0638 0.1811 -1.3242 0.0667 0.178 -1.3235 0.0681 0.1767 -1.3273 0.0596 0.185
192.0 -1.3471 0.0417 0.2014 -1.2971 0.0576 0.1901 -1.2933 0.0611 0.1868 -1.2979 0.0624 0.1851 -1.3042 0.0633 0.1835 -1.3044 0.0645 0.1822 -1.3182 0.0578 0.1878 -1.3237 0.0638 0.1811 -1.3242 0.0667 0.178 -1.3235 0.0681 0.1767 -1.3273 0.0596 0.185
192.0 -1.3471 0.0417 0.2014 -1.2971 0.0576 0.1901 -1.2933 0.0611 0.1868 -1.2979 0.0624 0.1851 -1.3042 0.0633 0.1835 -1.3044 0.0645 0.1822 -1.3182 0.0578 0.1878 -1.3237 0.0638 0.1811 -1.3242 0.0667 0.178 -1.3235 0.0681 0.1767 -1.3273 0.0596 0.185
192.0 -1.3471 0.0417 0.2014 -1.2971 0.0576 0.1901 -1.2933 0.0611 0.1868 -1.2979 0.0624 0.1851 -1.3042 0.0633 0.1835 -1.3044 0.0645 0.1822 -1.3182 0.0578 0.1878 -1.3237 0.0638 0.1811 -1.3242 0.0667 0.178 -1.3235 0.0681 0.1767 -1.3273 0.0596 0.185
192.0 -1.3471 0.0417 0.2014 -1.2971 0.0576 0.1901 -1.2933 0.0611 0.1868 -1.2979 0.0624 0.1851 -1.3042 0.0633 0.1835 -1.3044 0.0645 0.1822 -1.3182 0.0578 0.1878 -1.3237 0.0638 0.1811 -1.3242 0.0667 0.178 -1.3235 0.0681 0.1767 -1.3273 0.0596 0.185
192.0 -1.3471 0.0417 0.2014 -1.2971 0.0576 0.1901 -1.2933 0.0611 0.1868 -1.2979 0.0624 0.1851 -1.3042 0.0633 0.1835 -1.3044 0.0645 0.1822 -1.3182 0.0578 0.1878 -1.3237 0.0638 0.1811 -1.3242 0.0667 0.178 -1.3235 0.0681 0.1767 -1.3273 0.0596 0.185
192.0 -1.3471 0.0417 0.2014 -1.2971 0.0576 0.1901 -1.2933 0.0611 0.1868 -1.2979 0.0624 0.1851 -1.3042 0.0633 0.1835 -1.3044 0.0645 0.1822 -1.3182 0.0578 0.1878 -1.3237 0.0638 0.1811 -1.3242 0.0667 0.178 -1.3235 0.0681 0.1767 -1.3273 0.0596 0.185
192.0 -1.3471 0.0417 0.2014 -1.2971 0.0576 0.1901 -1.2933 0.0611 0.1868 -1.2979 0.0624 0.1851 -1.3042 0.0633 0.1835 -1.3044 0.0645 0.1822 -1.3182 0.0578 0.1878 -1.3237 0.0638 0.1811 -1.3242 0.0667 0.178 -1.3235 0.0681 0.1767 -1.3273 0.0596 0.185
192.0 -1.3471 0.0417 0.2014 -1.2971 0.0576 0.1901 -1.2933 0.0611 0.1868 -1.2979 0.0624 0.1851 -1.3042 0.0633 0.1835 -1.3044 0.0645 0.1822 -1.3182 0.0578 0.1878 -1.3237 0.0638 0.1811 -1.3242 0.0667 0.178 -1.3235 0.0681 0.1767 -1.3273 0.0596 0.185
192.0 -1.3471 0.0417 0.2014 -1.2971 0.0576 0.1901 -1.2933 0.0611 0.1868 -1.2979 0.0624 0.1851 -1.3042 0.0633 0.1835 -1.3044 0.0645 0.1822 -1.3182 0.0578 0.1878 -1.3237 0.0638 0.1811 -1.3242 0.0667 0.178 -1.3235 0.0681 0.1767 -1.3273 0.0596 0.185
192.0 -1.3471 0.0417 0.2014 -1.2971 0.0576 0.1901 -1.2933 0.0611 0.1868 -1.2979 0.0624 0.1851 -1.3042 0.0633 0.1835 -1.3044 0.0645 0.1822 -1.3182 0.0578 0.1878 -1.3237 0.0638 0.1811 -1.3242 0.0667 0.178 -1.3235 0.0681 0.1767 -1.3273 0.0596 0.185
192.0 -1.3471 0.0417 0.2014 -1.2971 0.0576 0.1901 -1.2933 0.0611 0.1868 -1.2979 0.0624 0.1851 -1.3042 0.0633 0.1835 -1.3044 0.0645 0.1822 -1.3182 0.0578 0.1878 -1.3237 0.0638 0.1811 -1.3242 0.0667 0.178 -1.3235 0.0681 0.1767 -1.3273 0.0596 0.185
192.0 -1.3471 0.0417 0.2014 -1.2971 0.0576 0.1901 -1.2933 0.0611 0.1868 -1.2979 0.0624 0.1851 -1.3042 0.0633 0.1835 -1.3044 0.0645 0.1822 -1.3182 0.0578 0.1878 -1.3237 0.0638 0.1811 -1.3242 0.0667 0.178 -1.3235 0.0681 0.1767 -1.3273 0.0596 0.185
192.0 -1.3471 0.0417 0.2014 -1.2971 0.0576 0.1901 -1.2933 0.0611 0.1868 -1.2979 0.0624 0.1851 -1.3042 0.0633 0.1835 -1.3044 0.0645 0.1822 -1.3182 0.0578 0.1878 -1.3237 0.0638 0.1811 -1.3242 0.0667 0.178 -1.3235 0.0681 0.1767 -1.3273 0.0596 0.185
192.0 -1.3471 0.0417 0.2014 -1.2971 0.0576 0.1901 -1.2933 0.0611 0.1868 -1.2979 0.0624 0.1851 -1.3042 0.0633 0.1835 -1.3044 0.0645 0.1822 -1.3182 0.0578 0.1878 -1.3237 0.0638 0.1811 -1.3242 0.0667 0.178 -1.3235 0.0681 0.1767 -1.3273 0.0596 0.185
192.0 -1.3471 0.0417 0.2014 -1.2971 0.0576 0.1901 -1.2933 0.0611 0.1868 -1.2979 0.0624 0.1851 -1.3042 0.0633 0.1835 -1.3044 0.0645 0.1822 -1.3182 0.0578 0.1878 -1.3237 0.0638 0.1811 -1.3242 0.0667 0.178 -1.3235 0.0681 0.1767 -1.3273 0.0596 0.185
192.0 -1.3471 0.0417 0.2014 -1.2971 0.0576 0.1901 -1.2933 0.0611 0.1868 -1.2979 0.0624 0.1851 -1.3042 0.0633 0.1835 -1.3044 0.0645 0.1822 -1.3182 0.0578 0.1878 -1.3237 0.0638 0.1811 -1.3242 0.0667 0.178 -1.3235 0.0681 0.1767 -1.3273 0.0596 0.185
192.0 -1.3471 0.0417 0.2014 -1.2971 0.0576 0.1901 -1.2933 0.0611 0.1868 -1.2979 0.0624 0.1851 -1.3042 0.0633 0.1835 -1.3044 0.0645 0.1822 -1.3182 0.0578 0.1878 -1.3237 0.0638 0.1811 -1.3242 0.0667 0.178 -1.3235 0.0681 0.1767 -1.3273 0.0596 0.185
192.0 -1.3471 0.0417 0.2014 -1.2971 0.0576 0.1901 -1.2933 0.0611 0.1868 -1.2979 0.0624 0.1851 -1.3042 0.0633 0.1835 -1.3044 0.0645 0.1822 -1.3182 0.0578 0.1878 -1.3237 0.0638 0.1811 -1.3242 0.0667 0.178 -1.3235 0.0681 0.1767 -1.3273 0.0596 0.185
192.0 -1.3471 0.0417 0.2014 -1.2971 0.0576 0.1901 -1.2933 0.0611 0.1868 -1.2979 0.0624 0.1851 -1.3042 0.0633 0.1835 -1.3044 0.0645 0.1822 -1.3182 0.0578 0.1878 -1.3237 0.0638 0.1811 -1.3242 0.0667 0.178 -1.3235 0.0681 0.1767 -1.3273 0.0596 0.185
192.0 -1.3471 0.0417 0.2014 -1.2971 0.0576 0.1901 -1.2933 0.0611 0.1868 -1.2979 0.0624 0.1851 -1.3042 0.0633 0.1835 -1.3044 0.0645 0.1822 -1.3182 0.0578 0.1878 -1.3237 0.0638 0.1811 -1.3242 0.0667 0.178 -1.3235 0.0681 0.1767 -1.3273 0.0596 0.185
192.0 -1.3471 0.0417 0.2014 -1.2971 0.0576 0.1901 -1.2933 0.0611 0.1868 -1.2979 0.0624 0.1851 -1.3042 0.0633 0.1835 -1.3044 0.0645 0.1822 -1.3182 0.0578 0.1878 -1.3237 0.0638 0.1811 -1.3242 0.0667 0.178 -1.3235 0.0681 0.1767 -1.3273 0.0596 0.185
192.0 -1.3471 0.0417 0.2014 -1.2971 0.0576 0.1901 -1.2933 0.0611 0.1868 -1.2979 0.0624 0.1851 -1.3042 0.0633 0.1835 -1.3044 0.0645 0.1822 -1.3182 0.0578 0.1878 -1.3237 0.0638 0.1811 -1.3242 0.0667 0.178 -1.3235 0.0681 0.1767 -1.3273 0.0596 0.185
192.0 -1.3471 0.0417 0.2014 -1.2971 0.0576 0.1901 -1.2933 0.0611 0.1868 -1.2979 0.0624 0.1851 -1.3042 0.0633 0.1835 -1.3044 0.0645 0.1822 -1.3182 0.0578 0.1878 -1.3237 0.0638 0.1811 -1.3242 0.0667 0.178 -1.3235 0.0681 0.1767 -1.3273 0.0596 0.185
192.0 -1.3471 0.0417 0.2014 -1.2971 0.0576 0.1901 -1.2933 0.0611 0.1868 -1.2979 0.0624 0.1851 -1.3042 0.0633 0.1835 -1.3044 0.0645 0.1822 -1.3182 0.0578 0.1878 -1.3237 0.0638 0.1811 -1.3242 0.0667 0.178 -1.3235 0.0681 0.1767 -1.3273 0.0596 0.185
192.0 -1.3471 0.0417 0.2014 -1.2971 0.0576 0.1901 -1.2933 0.0611 0.1868 -1.2979 0.0624 0.1851 -1.3042 0.0633 0.1835 -1.3044 0.0645 0.1822 -1.3182 0.0578 0.1878 -1.3237 0.0638 0.1811 -1.3242 0.0667 0.178 -1.3235 0.0681 0.1767 -1.3273 0.0596 0.185
192.0 -1.3471 0.0417 0.2014 -1.2971 0.0576 0.1901 -1.2933 0.0611 0.1868 -1.2979 0.0624 0.1851 -1.3042 0.0633 0.1835 -1.3044 0.0645 0.1822 -1.3182 0.0578 0.1878 -1.3237 0.0638 0.1811 -1.3242 0.0667 0.178 -1.3235 0.0681 0.1767 -1.3273 0.0596 0.185
192.0 -1.3471 0.0417 0.2014 -1.2971 0.0576 0.1901 -1.2933 0.0611 0.1868 -1.2979 0.0624 0.1851 -1.3042 0.0633 0.1835 -1.3044 0.0645 0.1822 -1.3182 0.0578 0.1878 -1.3237 0.0638 0.1811 -1.3242 0.0667 0.178 -1.3235 0.0681 0.1767 -1.3273 0.0596 0.185
192.0 -1.3471 0.0417 0.2014 -1.2971 0.0576 0.1901 -1.2933 0.0611 0.1868 -1.2979 0.0624 0.1851 -1.3042 0.0633 0.1835 -1.3044 0.0645 0.1822 -1.3182 0.0578 0.1878 -1.3237 0.0638 0.1811 -1.3242 0.0667 0.178 -1.3235 0.0681 0.1767 -1.3273 0.0596 0.185
192.0 -1.3471 0.0417 0.2014 -1.2971 0.0576 0.1901 -1.2933 0.0611 0.1868 -1.2979 0.0624 0.1851 -1.3042 0.0633 0.1835 -1.3044 0.0645 0.1822 -1.3182 0.0578 0.1878 -1.3237 0.0638 0.1811 -1.3242 0.0667 0.178 -1.3235 0.0681 0.1767 -1.3273 0.0596 0.185
192.0 -1.3471 0.0417 0.2014 -1.2971 0.0576 0.1901 -1.2933 0.0611 0.1868 -1.2979 0.0624 0.1851 -1.3042 0.0633 0.1835 -1.3044 0.0645 0.1822 -1.3182 0.0578 0.1878 -1.3237 0.0638 0.1811 -1.3242 0.0667 0.178 -1.3235 0.0681 0.1767 -1.3273 0.0596 0.185
192.0 -1.3471 0.0417 0.2014 -1.2971 0.0576 0.1901 -1.2933 0.0611 0.1868 -1.2979 0.0624 0.1851 -1.3042 0.0633 0.1835 -1.3044 0.0645 0.1822 -1.3182 0.0578 0.1878 -1.3237 0.0638 0.1811 -1.3242 0.0667 0.178 -1.3235 0.0681 0.1767 -1.3273 0.0596 0.185
192.0 -1.3471 0.0417 0.2014 -1.2971 0.0576 0.1901 -1.2933 0.0611 0.1868 -1.2979 0.0624 0.1851 -1.3042 0.0633 0.1835 -1.3044 0.0645 0.1822 -1.3182 0.0578 0.1878 -1.3237 0.0638 0.1811 -1.3242 0.0667 0.178 -1.3235 0.0681 0.1767 -1.3273 0.0596 0.185
192.0 -1.3471 0.0417 0.2014 -1.2971 0.0576 0.1901 -1.2933 0.0611 0.1868 -1.2979 0.0624 0.1851 -1.3042 0.0633 0.1835 -1.3044 0.0645 0.1822 -1.3182 0.0578 0.1878 -1.3237 0.0638 0.1811 -1.3242 0.0667 0.178 -1.3235 0.0681 0.1767 -1.3273 0.0596 0.185
237.0 -1.3765 0.0743 0.165 -1.3541 0.1171 0.1236 -1.3498 0.1225 0.1184 -1.3534 0.1178 0.1229 -1.3633 0.1091 0.1308 -1.3634 0.1048 0.1352 -1.3427 0.107 0.135 -1.342 0.1028 0.1393 -1.3449 0.0994 0.1426 -1.3485 0.0952 0.1465 -1.3509 0.0958 0.1457
238.0 -1.3667 0.0781 0.1622 -1.3314 0.1177 0.1252 -1.3305 0.1178 0.1252 -1.3378 0.1144 0.1279 -1.3466 0.1095 0.132 -1.3575 0.1062 0.1343 -1.3157 0.0984 0.1464 -1.3198 0.0967 0.1479 -1.3275 0.0956 0.1482 -1.3361 0.0945 0.1485 -1.3331 0.0927 0.1506
239.0 -1.3326 0.0748 0.169 -1.3394 0.1233 0.1186 -1.3129 0.1177 0.127 -1.3069 0.1137 0.1317 -1.3009 0.1096 0.1365 -1.2924 0.1065 0.1406 -1.3064 0.1009 0.1448 -1.297 0.0973 0.1495 -1.2904 0.0945 0.153 -1.2863 0.0914 0.1566 -1.3025 0.0918 0.1546
239.0 -1.3326 0.0748 0.169 -1.3394 0.1233 0.1186 -1.3129 0.1177 0.127 -1.3069 0.1137 0.1317 -1.3009 0.1096 0.1365 -1.2924 0.1065 0.1406 -1.3064 0.1009 0.1448 -1.297 0.0973 0.1495 -1.2904 0.0945 0.153 -1.2863 0.0914 0.1566 -1.3025 0.0918 0.1546
241.0 -1.2299 0.0758 0.1781 -1.1721 0.0977 0.1615 -1.1753 0.0954 0.1635 -1.1761 0.0904 0.1685 -1.1805 0.0849 0.1737 -1.1821 0.0792 0.1794 -1.1918 0.1042 0.1529 -1.1899 0.0983 0.1591 -1.1903 0.0909 0.1666 -1.1915 0.0828 0.1747 -1.1987 0.0904 0.1663
242.0 -1.1518 0.0668 0.1951 -1.0915 0.089 0.1784 -1.0944 0.0856 0.1816 -1.094 0.0783 0.1891 -1.0942 0.0697 0.1978 -1.0955 0.0622 0.2054 -1.1097 0.0975 0.1678 -1.1062 0.0876 0.1783 -1.1042 0.0763 0.1901 -1.1037 0.0635 0.2032 -1.1151 0.0784 0.1869
243.0 -1.0328 0.0352 0.2392 -0.9499 0.0544 0.2278 -0.9444 0.0582 0.2245 -0.9492 0.0502 0.2322 -0.9559 0.0432 0.2387 -0.9621 0.0387 0.2427 -0.9706 0.0467 0.2336 -0.9715 0.0368 0.2436 -0.9744 0.0285 0.2519 -0.9794 0.0217 0.2583 -0.9857 0.0338 0.2453
244.0 -1.0207 0.0265 0.2493 -0.9149 0.0456 0.2402 -0.9344 0.0564 0.2272 -0.9384 0.0492 0.2343 -0.9458 0.0458 0.237 -0.944 0.0405 0.2426 -0.9505 0.0274 0.2553 -0.9526 0.0198 0.2629 -0.9565 0.0168 0.2656 -0.9599 0.0158 0.2663 -0.968 0.0213 0.2599
245.0 -1.0048 0.0262 0.2512 -0.8944 0.0338 0.2544 -0.9129 0.049 0.237 -0.9281 0.0506 0.2339 -0.939 0.0522 0.2311 -0.9433 0.0516 0.2313 -0.929 0.0156 0.2695 -0.934 0.0241 0.2603 -0.941 0.0336 0.25 -0.9486 0.0417 0.2409 -0.9515 0.0282 0.2544
246.0 -1.0019 0.0199 0.2579 -0.8816 0.0263 0.2633 -0.8989 0.0441 0.2433 -0.9086 0.0496 0.2368 -0.9263 0.0502 0.2344 -0.9447 0.0447 0.2382 -0.9209 0.0094 0.2767 -0.9291 0.0211 0.2639 -0.94 0.0331 0.2506 -0.9531 0.0423 0.2398 -0.949 0.0252 0.2578
247.0 -1.0021 0.0162 0.2617 -0.8855 0.0233 0.2659 -0.8761 0.035 0.2549 -0.894 0.0466 0.2413 -0.9132 0.0508 0.2351 -0.9357 0.0483 0.2354 -0.9254 0.0051 0.2806 -0.9335 0.0163 0.2684 -0.9435 0.0277 0.2557 -0.9557 0.0371 0.2449 -0.9521 0.0205 0.2623
248.0 -1.005 0.0176 0.2599 -0.8834 0.0212 0.2683 -0.8967 0.0267 0.2614 -0.9145 0.0329 0.2533 -0.9318 0.0366 0.2477 -0.9474 0.04 0.2427 -0.9232 0.0073 0.2786 -0.9316 0.0202 0.2646 -0.9416 0.0323 0.2512 -0.9538 0.0416 0.2405 -0.9511 0.0238 0.259
249.0 -1.0172 0.0166 0.2598 -0.8981 0.0198 0.2683 -0.9219 0.03 0.2555 -0.9398 0.0319 0.2518 -0.9555 0.0359 0.2462 -0.9663 0.0375 0.2434 -0.9373 0.0023 0.2823 -0.9438 0.0143 0.2694 -0.9529 0.0265 0.256 -0.9617 0.0363 0.2451 -0.9626 0.0192 0.2625
