



































37.0 -1.038 0.0046 0.27 -0.9982 0.0039 0.2747 -1.012 0.0069 0.2702 -1.0206 0.021 0.2549 -1.0264 0.0288 0.2464 -1.0329 0.0358 0.2385 -1.019 0.0072 0.2692 -1.0224 0.0165 0.2594 -1.0256 0.0246 0.2507 -1.0303 0.0313 0.2434 -1.0271 0.0168 0.2585
38.0 -1.0306 0.0129 0.2622 -0.9872 0.0011 0.2786 -0.9988 0.0068 0.2716 -1.003 0.0258 0.2517 -1.0095 0.0329 0.2439 -1.023 0.0396 0.2357 -1.0219 0.0031 0.2731 -1.0278 0.0121 0.2633 -1.0329 0.0212 0.2535 -1.0363 0.0305 0.2437 -1.0299 0.016 0.2592
39.0 -1.0464 -0.0026 0.2765 -0.9798 0.0039 0.2764 -0.9907 0.0214 0.2575 -1.002 0.0302 0.2473 -1.0164 0.032 0.2441 -1.0284 0.0352 0.2396 -1.0149 0.0034 0.2734 -1.0233 0.0115 0.2644 -1.0324 0.0182 0.2566 -1.0396 0.0239 0.25 -1.0313 0.0109 0.2642
40.0 -1.0323 -0.0026 0.2779 -0.9697 0.0016 0.2798 -0.9896 0.0148 0.2643 -1.005 0.0225 0.2549 -1.0242 0.0217 0.2538 -1.0373 0.0261 0.2481 -0.9894 0.0136 0.2656 -1.0013 0.0212 0.2567 -1.0143 0.0255 0.2509 -1.028 0.0279 0.2471 -1.0131 0.0171 0.2596
41.0 -1.0383 -0.0083 0.2831 -0.9617 0.0015 0.2807 -0.9731 0.0213 0.2593 -0.9889 0.0308 0.2481 -1.0086 0.033 0.2438 -1.0293 0.0308 0.244 -0.9897 0.0056 0.2737 -1.0025 0.0131 0.2648 -1.0182 0.0176 0.2586 -1.0345 0.0203 0.2542 -1.0167 0.0097 0.2669
42.0 -1.0507 -0.013 0.2867 -0.953 0.002 0.281 -0.958 0.0252 0.2569 -0.9667 0.0399 0.241 -0.9883 0.0425 0.2362 -1.0172 0.0367 0.2392 -0.9948 -0.0006 0.2795 -1.0068 0.0076 0.27 -1.0226 0.0122 0.2637 -1.0399 0.0159 0.2582 -1.023 0.0044 0.2716
43.0 -1.0481 -0.0126 0.2866 -0.946 0.0018 0.282 -0.9489 0.0233 0.2596 -0.9587 0.0391 0.2425 -0.9771 0.044 0.2358 -1.0043 0.0385 0.2387 -0.9853 0.0001 0.2798 -0.9989 0.0074 0.2709 -1.0138 0.0121 0.2646 -1.032 0.0158 0.2591 -1.0156 0.0046 0.2722
44.0 -1.048 -0.0132 0.2872 -0.9391 0.0027 0.2817 -0.9373 0.0225 0.2617 -0.949 0.0392 0.2434 -0.9662 0.0467 0.2341 -0.9944 0.0422 0.2358 -0.9821 -0.0031 0.2834 -0.9933 0.0057 0.2732 -1.0075 0.0118 0.2657 -1.0251 0.0167 0.2588 -1.0112 0.0036 0.2737
44.0 -1.2817 0.2209 0.0246 -1.2103 0.1701 0.0837 -1.1582 0.1484 0.111 -1.1486 0.1589 0.1013 -1.1603 0.1756 0.083 -1.1828 0.1988 0.057 -1.2337 0.173 0.0783 -1.2197 0.1884 0.064 -1.211 0.2042 0.0487 -1.2083 0.2186 0.0342 -1.2309 0.201 0.05
45.0 -1.0456 -0.0117 0.2859 -0.9294 0.0028 0.2826 -0.9287 0.0236 0.2614 -0.9405 0.041 0.2425 -0.96 0.0469 0.2345 -0.9841 0.0436 0.2354 -0.9724 -0.003 0.2843 -0.9836 0.0058 0.2741 -0.998 0.0124 0.2659 -1.0138 0.0176 0.259 -1.0027 0.0042 0.2738
45.0 -1.2879 0.2158 0.0292 -1.2164 0.1693 0.0839 -1.1607 0.1481 0.1111 -1.1539 0.1594 0.1002 -1.1637 0.1751 0.0831 -1.1886 0.1968 0.0585 -1.2374 0.1689 0.0822 -1.2219 0.1856 0.0666 -1.2143 0.2025 0.0501 -1.2116 0.2175 0.035 -1.2346 0.1981 0.0526
46.0 -1.0404 -0.0116 0.2863 -0.9171 0.0026 0.284 -0.9204 0.0266 0.2592 -0.9312 0.0428 0.2415 -0.9523 0.0479 0.2342 -0.9755 0.0448 0.2351 -0.9646 -0.0026 0.2846 -0.9756 0.0051 0.2757 -0.9891 0.0118 0.2674 -1.0041 0.0171 0.2605 -0.9947 0.004 0.2749
46.0 -1.3002 0.2111 0.0328 -1.223 0.172 0.0804 -1.1657 0.1462 0.1125 -1.1575 0.1595 0.0997 -1.1637 0.1751 0.0831 -1.1871 0.1982 0.0572 -1.243 0.1657 0.0849 -1.2293 0.1828 0.0688 -1.2226 0.1996 0.0523 -1.2202 0.2164 0.0353 -1.2431 0.1951 0.0548
47.0 -1.0327 -0.0106 0.286 -0.9101 0.0029 0.2844 -0.9097 0.0256 0.2612 -0.9205 0.0424 0.2429 -0.9401 0.0484 0.2349 -0.9643 0.0463 0.2346 -0.9574 -0.0035 0.2862 -0.9685 0.0048 0.2766 -0.982 0.0115 0.2684 -0.9971 0.0175 0.2609 -0.9875 0.004 0.2756
47.0 -1.3128 0.2075 0.0352 -1.2304 0.1692 0.0826 -1.167 0.1436 0.1151 -1.1586 0.1557 0.1035 -1.1668 0.1723 0.0857 -1.1895 0.1967 0.0585 -1.2477 0.1626 0.0876 -1.235 0.1802 0.0709 -1.2292 0.1975 0.0538 -1.2286 0.214 0.0369 -1.2507 0.1924 0.0569
48.0 -1.0185 -0.0111 0.2879 -0.8996 0.0031 0.2852 -0.901 0.0262 0.2615 -0.9117 0.0424 0.2438 -0.9305 0.049 0.2352 -0.9572 0.046 0.2356 -0.9471 -0.0021 0.2858 -0.9581 0.0056 0.2769 -0.9717 0.0129 0.268 -0.9868 0.0188 0.2605 -0.9764 0.0048 0.2758
49.0 -1.0123 -0.0115 0.2889 -0.8871 0.0024 0.2872 -0.8916 0.028 0.2605 -0.9006 0.0439 0.2434 -0.9211 0.0509 0.2342 -0.9504 0.047 0.2353 -0.9391 -0.0022 0.2867 -0.9501 0.0055 0.2778 -0.9647 0.0133 0.2684 -0.9807 0.0191 0.2609 -0.9694 0.0048 0.2765
50.0 -1.0018 -0.0107 0.2892 -0.8783 0.0023 0.2881 -0.8821 0.0287 0.2608 -0.891 0.0446 0.2437 -0.9107 0.0517 0.2344 -0.9393 0.0491 0.2343 -0.9304 -0.0016 0.287 -0.9415 0.0066 0.2775 -0.9551 0.014 0.2686 -0.9712 0.0203 0.2605 -0.96 0.0057 0.2766
50.0 -1.317 0.1911 0.0516 -1.232 0.1629 0.0889 -1.1757 0.143 0.1148 -1.1678 0.1532 0.1051 -1.1731 0.1684 0.0891 -1.2016 0.1902 0.064 -1.259 0.1568 0.0924 -1.2495 0.1727 0.0771 -1.2436 0.1894 0.0606 -1.2428 0.2048 0.045 -1.2624 0.183 0.0653
51.0 -0.9879 -0.01 0.2899 -0.8667 0.0015 0.2902 -0.8725 0.0294 0.261 -0.8807 0.046 0.2433 -0.8995 0.0526 0.2346 -0.9297 0.0498 0.2345 -0.9207 -0.0016 0.2879 -0.9327 0.0066 0.2784 -0.9473 0.0144 0.2689 -0.9635 0.0214 0.2602 -0.9504 0.0062 0.2771
51.0 -1.3165 0.1832 0.0597 -1.233 0.1591 0.0927 -1.1782 0.142 0.1155 -1.1712 0.1528 0.1053 -1.1765 0.1679 0.0892 -1.2064 0.1877 0.066 -1.2612 0.154 0.095 -1.2525 0.1699 0.0797 -1.2484 0.1863 0.0633 -1.2484 0.2016 0.0477 -1.2654 0.179 0.0691
52.0 -0.9765 -0.0097 0.2907 -0.8571 0.0015 0.2911 -0.864 0.0311 0.2601 -0.8727 0.0452 0.2448 -0.8926 0.0535 0.2343 -0.921 0.0503 0.2348 -0.9113 -0.0003 0.2875 -0.9241 0.0078 0.278 -0.9403 0.0147 0.2693 -0.958 0.0203 0.2619 -0.9421 0.0066 0.2775
52.0 -1.3158 0.1845 0.0584 -1.2372 0.1579 0.0934 -1.1805 0.1405 0.1169 -1.172 0.152 0.1059 -1.1799 0.1669 0.09 -1.2097 0.1866 0.0668 -1.2635 0.1519 0.097 -1.2539 0.1679 0.0816 -1.2498 0.1843 0.0652 -1.2491 0.2003 0.0489 -1.2664 0.1778 0.0702
53.0 -1.3236 0.1786 0.0637 -1.239 0.1577 0.0935 -1.1839 0.1394 0.1176 -1.1744 0.1505 0.1073 -1.1822 0.1653 0.0913 -1.2103 0.1847 0.0687 -1.2672 0.1483 0.1002 -1.2594 0.1641 0.0849 -1.2554 0.1811 0.0679 -1.2555 0.197 0.0517 -1.2722 0.1738 0.0737
53.0 -0.969 -0.0075 0.2891 -0.8483 0.0015 0.292 -0.857 0.0315 0.2604 -0.8659 0.0468 0.2439 -0.8858 0.0551 0.2335 -0.9134 0.052 0.2339 -0.9036 0.0008 0.2872 -0.9155 0.0089 0.2777 -0.9309 0.016 0.2689 -0.9477 0.0217 0.2615 -0.9333 0.008 0.2769
54.0 -1.3236 0.1786 0.0637 -1.2483 0.1509 0.0995 -1.1854 0.138 0.1189 -1.1785 0.1487 0.1087 -1.1829 0.164 0.0926 -1.2136 0.1837 0.0694 -1.268 0.1476 0.1009 -1.2593 0.1635 0.0856 -1.2559 0.1792 0.0698 -1.2562 0.1956 0.053 -1.2726 0.1729 0.0746
54.0 -0.9635 -0.0086 0.2908 -0.8403 0.0014 0.2929 -0.8493 0.0325 0.2601 -0.8573 0.0479 0.2436 -0.8772 0.0562 0.2331 -0.9066 0.0535 0.233 -0.8958 0.0018 0.2869 -0.9087 0.0098 0.2774 -0.925 0.0174 0.2681 -0.9417 0.0225 0.2612 -0.9269 0.0086 0.2769
55.0 -1.3335 0.1748 0.0666 -1.252 0.1516 0.0984 -1.1885 0.1358 0.1209 -1.18 0.1473 0.11 -1.1853 0.1625 0.0939 -1.217 0.1832 0.0696 -1.2734 0.1432 0.1048 -1.2647 0.1591 0.0895 -1.2607 0.1761 0.0725 -1.2618 0.1924 0.0557 -1.2788 0.1691 0.0778
55.0 -0.9601 -0.0081 0.2907 -0.8351 0.0015 0.2933 -0.8413 0.0318 0.2617 -0.8493 0.0478 0.2445 -0.8703 0.0572 0.2329 -0.9005 0.0537 0.2334 -0.8899 0.0032 0.2861 -0.901 0.0115 0.2765 -0.9164 0.0186 0.2677 -0.9342 0.0247 0.2597 -0.9203 0.01 0.2761
56.0 -0.9524 -0.0065 0.2898 -0.8246 0.0022 0.2935 -0.8338 0.0346 0.2596 -0.8435 0.0498 0.2431 -0.8644 0.0586 0.232 -0.8939 0.0558 0.2319 -0.8815 0.0056 0.2845 -0.8943 0.013 0.2756 -0.9104 0.02 0.2669 -0.9281 0.0255 0.2595 -0.9134 0.0115 0.2752
56.0 -1.3334 0.1742 0.0672 -1.2538 0.1471 0.1028 -1.1883 0.1346 0.1222 -1.1806 0.146 0.1112 -1.1886 0.1614 0.0947 -1.2175 0.1807 0.0721 -1.2722 0.1416 0.1067 -1.2645 0.1579 0.0908 -1.2622 0.1747 0.0738 -1.264 0.1903 0.0576 -1.2793 0.1677 0.0792
57.0 -0.9448 -0.0048 0.2888 -0.8179 0.0038 0.2927 -0.8288 0.0359 0.2587 -0.8377 0.0518 0.2416 -0.8572 0.0626 0.2286 -0.8881 0.0578 0.2304 -0.8755 0.0064 0.2843 -0.8875 0.0145 0.2747 -0.9029 0.0222 0.2654 -0.9206 0.0278 0.2579 -0.9063 0.0132 0.2742
57.0 -1.3438 0.1734 0.067 -1.2588 0.1452 0.1043 -1.1915 0.1329 0.1235 -1.1822 0.1452 0.1119 -1.1918 0.1597 0.0961 -1.2199 0.1792 0.0734 -1.2779 0.139 0.1088 -1.2695 0.156 0.0922 -1.2671 0.1728 0.0752 -1.2691 0.189 0.0585 -1.2855 0.166 0.0803
58.0 -0.9407 -0.003 0.2874 -0.8196 0.0035 0.2927 -0.8218 0.0362 0.2591 -0.8302 0.054 0.24 -0.8513 0.064 0.2278 -0.8812 0.0588 0.2302 -0.868 0.0086 0.2827 -0.8792 0.0175 0.2726 -0.8953 0.0239 0.2644 -0.9119 0.0283 0.2582 -0.899 0.0151 0.2731
58.0 -1.3459 0.1707 0.0696 -1.2581 0.1416 0.108 -1.1932 0.1327 0.1236 -1.1848 0.1448 0.112 -1.1935 0.1595 0.0961 -1.2241 0.178 0.0742 -1.2811 0.1373 0.1101 -1.2727 0.1543 0.0936 -1.2704 0.1711 0.0766 -1.2722 0.1868 0.0605 -1.2885 0.164 0.0821
59.0 -0.9356 -0.0023 0.2872 -0.8325 0.0122 0.2826 -0.8167 0.0369 0.2589 -0.826 0.0552 0.2393 -0.8469 0.064 0.2282 -0.8777 0.0592 0.23 -0.8652 0.0078 0.2839 -0.8756 0.0168 0.2737 -0.89 0.024 0.2649 -0.9076 0.0289 0.258 -0.8948 0.015 0.2735
59.0 -1.35 0.1689 0.071 -1.2685 0.1402 0.1084 -1.1963 0.1298 0.1262 -1.1879 0.1426 0.114 -1.1957 0.1568 0.0987 -1.2247 0.1767 0.0755 -1.2824 0.1347 0.1127 -1.274 0.1517 0.0961 -1.2725 0.1684 0.0792 -1.2745 0.1846 0.0624 -1.2907 0.1617 0.0843
60.0 -0.9287 -0.0014 0.287 -0.8265 0.013 0.2824 -0.8114 0.037 0.2593 -0.821 0.0565 0.2384 -0.8421 0.0665 0.2261 -0.8729 0.0617 0.228 -0.8578 0.0106 0.2817 -0.8682 0.0196 0.2715 -0.8835 0.0267 0.2627 -0.9018 0.0309 0.2566 -0.888 0.0173 0.2719
60.0 -1.3514 0.1669 0.0729 -1.2706 0.1375 0.111 -1.1969 0.1285 0.1275 -1.1892 0.1399 0.1166 -1.1972 0.1554 0.1 -1.2262 0.1753 0.0768 -1.2829 0.1322 0.1152 -1.2745 0.1498 0.098 -1.2731 0.1665 0.0811 -1.2759 0.1826 0.0643 -1.2916 0.1596 0.0863
61.0 -0.922 0.0007 0.2855 -0.824 0.0133 0.2823 -0.8041 0.0405 0.2565 -0.81 0.0592 0.2368 -0.8345 0.0687 0.2246 -0.8658 0.0614 0.2289 -0.8511 0.0127 0.2802 -0.8615 0.0217 0.27 -0.8756 0.0271 0.263 -0.8937 0.0296 0.2587 -0.8808 0.0184 0.2715
61.0 -1.3529 0.1655 0.0742 -1.2812 0.1324 0.1151 -1.1975 0.1266 0.1294 -1.189 0.1387 0.1178 -1.1995 0.1532 0.102 -1.2293 0.173 0.0788 -1.2836 0.1315 0.1159 -1.276 0.1484 0.0993 -1.2745 0.1645 0.083 -1.2781 0.1805 0.0663 -1.293 0.1581 0.0877
62.0 -0.9149 0.0004 0.2864 -0.8099 0.0085 0.2886 -0.8039 0.0393 0.2578 -0.8074 0.0595 0.2367 -0.8293 0.0688 0.225 -0.8616 0.0626 0.2282 -0.8442 0.0137 0.2799 -0.8547 0.0232 0.2691 -0.87 0.0303 0.2603 -0.8874 0.0341 0.2548 -0.8743 0.0203 0.2701
62.0 -1.361 0.1613 0.0776 -1.2905 0.1305 0.1161 -1.2015 0.1248 0.1308 -1.1941 0.1375 0.1186 -1.2012 0.153 0.102 -1.235 0.1704 0.0809 -1.2858 0.1287 0.1184 -1.2782 0.1456 0.1019 -1.2767 0.1623 0.085 -1.2786 0.178 0.0688 -1.2961 0.1552 0.0904
63.0 -0.9062 0.001 0.2867 -0.7974 0.0023 0.2962 -0.8037 0.0381 0.259 -0.8067 0.0554 0.241 -0.8214 0.0693 0.2253 -0.854 0.0643 0.2272 -0.8355 0.0142 0.2802 -0.8461 0.0244 0.2688 -0.8614 0.0315 0.26 -0.8798 0.0357 0.2538 -0.8658 0.0214 0.2699
63.0 -1.3623 0.1587 0.0802 -1.2837 0.1321 0.1152 -1.2032 0.124 0.1315 -1.194 0.1369 0.1193 -1.2028 0.1522 0.1027 -1.2341 0.1699 0.0815 -1.2907 0.1268 0.1199 -1.2824 0.1445 0.1027 -1.2809 0.1612 0.0858 -1.2836 0.1767 0.0696 -1.3 0.1536 0.0916
64.0 -0.8985 0.0021 0.2864 -0.7968 -0.0013 0.3 -0.8031 0.0351 0.2621 -0.8067 0.0554 0.241 -0.813 0.071 0.2244 -0.8473 0.0664 0.2257 -0.8263 0.0167 0.2786 -0.8377 0.0267 0.2672 -0.8539 0.0337 0.2585 -0.8723 0.038 0.2523 -0.8577 0.0234 0.2686
64.0 -1.3646 0.1566 0.0821 -1.2917 0.1273 0.1193 -1.2055 0.1225 0.1328 -1.1955 0.1354 0.1206 -1.2041 0.1495 0.1053 -1.2354 0.1673 0.084 -1.2921 0.1248 0.1218 -1.2847 0.1423 0.1047 -1.2832 0.159 0.0877 -1.285 0.1746 0.0716 -1.3019 0.1515 0.0936
65.0 -1.3684 0.1536 0.0848 -1.2945 0.1233 0.1231 -1.2063 0.1218 0.1335 -1.1953 0.1342 0.1218 -1.2042 0.1501 0.1047 -1.2371 0.1671 0.0841 -1.2918 0.123 0.1237 -1.2842 0.1399 0.1071 -1.2837 0.1571 0.0896 -1.2882 0.1724 0.0736 -1.3033 0.1492 0.0958
65.0 -0.8907 0.0025 0.2867 -0.7965 -0.0025 0.3012 -0.8028 0.0333 0.264 -0.8062 0.0524 0.2441 -0.809 0.0685 0.2274 -0.8432 0.0681 0.2243 -0.8204 0.0181 0.2778 -0.8318 0.0282 0.2663 -0.847 0.0347 0.2582 -0.8654 0.0389 0.252 -0.8511 0.0245 0.2682
66.0 -0.8839 0.004 0.2858 -0.7969 -0.0007 0.2993 -0.8014 0.0249 0.2727 -0.8051 0.0464 0.2503 -0.8078 0.0619 0.2342 -0.8378 0.0671 0.226 -0.8143 0.0183 0.2782 -0.824 0.0286 0.2667 -0.8393 0.0357 0.2579 -0.8575 0.0393 0.2524 -0.8438 0.0252 0.2682
66.0 -1.3691 0.1523 0.0861 -1.2934 0.1222 0.1244 -1.2104 0.12 0.1349 -1.1976 0.1327 0.1231 -1.2083 0.1484 0.1061 -1.2377 0.1658 0.0854 -1.2967 0.1205 0.1257 -1.2892 0.1381 0.1086 -1.2878 0.1553 0.091 -1.2914 0.1707 0.0749 -1.3068 0.1474 0.0973
67.0 -1.3737 0.1486 0.0894 -1.297 0.1223 0.1239 -1.2094 0.1195 0.1355 -1.2001 0.1318 0.1239 -1.208 0.1466 0.1079 -1.2399 0.163 0.0879 -1.2956 0.1195 0.1269 -1.2889 0.1363 0.1104 -1.2883 0.1528 0.0936 -1.291 0.1684 0.0774 -1.3075 0.1451 0.0995
67.0 -0.8751 0.004 0.2868 -0.7975 0.0029 0.2956 -0.8026 0.0321 0.2652 -0.8056 0.0494 0.2472 -0.8083 0.0643 0.2317 -0.8302 0.0693 0.2244 -0.8058 0.0201 0.2772 -0.8164 0.0302 0.2657 -0.8317 0.0373 0.257 -0.8489 0.0405 0.252 -0.8356 0.0264 0.2677
68.0 -1.3719 0.1483 0.0899 -1.2957 0.1201 0.1263 -1.2127 0.1184 0.1362 -1.2 0.1312 0.1245 -1.209 0.1471 0.1073 -1.241 0.1641 0.0867 -1.2988 0.1178 0.1283 -1.2922 0.1352 0.1112 -1.2916 0.1518 0.0943 -1.2961 0.1677 0.0776 -1.3101 0.1441 0.1003
69.0 -1.379 0.1388 0.0989 -1.3022 0.1119 0.1341 -1.2148 0.1151 0.1394 -1.2039 0.1282 0.1271 -1.2135 0.1428 0.1113 -1.2454 0.1592 0.0913 -1.3037 0.1104 0.1354 -1.298 0.1283 0.1177 -1.2991 0.1446 0.1008 -1.3054 0.1603 0.0842 -1.3171 0.1365 0.1074
70.0 -1.3772 0.1384 0.0995 -1.2988 0.1123 0.1339 -1.2174 0.1148 0.1395 -1.2063 0.1266 0.1285 -1.2166 0.1405 0.1133 -1.2484 0.1564 0.0939 -1.3046 0.1103 0.1354 -1.3005 0.1274 0.1184 -1.3009 0.1444 0.1009 -1.3053 0.1597 0.0848 -1.3177 0.136 0.1078
71.0 -1.3804 0.1367 0.1009 -1.2946 0.1135 0.1331 -1.2174 0.1148 0.1395 -1.207 0.1259 0.1291 -1.215 0.1413 0.1126 -1.2484 0.1564 0.0939 -1.3062 0.1095 0.1361 -1.3013 0.1266 0.119 -1.3016 0.1437 0.1016 -1.3062 0.1596 0.0849 -1.3191 0.1352 0.1085
72.0 -1.3802 0.1355 0.1021 -1.2988 0.1123 0.1339 -1.2196 0.1126 0.1415 -1.2086 0.1251 0.1298 -1.2175 0.1404 0.1133 -1.25 0.1556 0.0946 -1.3068 0.1082 0.1374 -1.3019 0.1253 0.1203 -1.3013 0.1419 0.1034 -1.305 0.1579 0.0867 -1.3191 0.1338 0.11
73.0 -1.3827 0.1346 0.1028 -1.2978 0.1118 0.1345 -1.2197 0.1132 0.1409 -1.2078 0.1252 0.1298 -1.2175 0.1404 0.1133 -1.25 0.1556 0.0946 -1.3084 0.1074 0.1381 -1.3035 0.1245 0.121 -1.3039 0.1416 0.1035 -1.3076 0.1576 0.0868 -1.3212 0.1331 0.1104
74.0 -1.3824 0.1328 0.1047 -1.2967 0.1108 0.1357 -1.2189 0.1133 0.1408 -1.2086 0.1251 0.1298 -1.2183 0.1403 0.1133 -1.2508 0.1548 0.0952 -1.3083 0.1068 0.1387 -1.3034 0.1239 0.1216 -1.3038 0.141 0.1041 -1.3083 0.1568 0.0875 -1.3212 0.1323 0.1113
75.0 -1.3834 0.1333 0.1041 -1.3008 0.109 0.1371 -1.223 0.1116 0.1422 -1.2094 0.1244 0.1305 -1.2191 0.1396 0.114 -1.2516 0.1547 0.0953 -1.3091 0.106 0.1393 -1.3042 0.1232 0.1223 -1.3044 0.1397 0.1054 -1.309 0.1555 0.0887 -1.322 0.1315 0.112
76.0 -1.3815 0.1329 0.1047 -1.2992 0.1098 0.1364 -1.2205 0.1125 0.1415 -1.2093 0.1238 0.1311 -1.218 0.1385 0.1152 -1.2514 0.1535 0.0965 -1.3074 0.1063 0.1393 -1.3032 0.1227 0.1229 -1.3035 0.1392 0.106 -1.3071 0.1552 0.0893 -1.3205 0.1313 0.1124
77.0 -1.3837 0.1302 0.1072 -1.2958 0.1103 0.1363 -1.2222 0.1123 0.1416 -1.2111 0.1242 0.1305 -1.2199 0.1395 0.114 -1.2523 0.1534 0.0965 -1.3107 0.1052 0.14 -1.3058 0.1224 0.123 -1.306 0.1388 0.1061 -1.3106 0.1547 0.0894 -1.3234 0.1303 0.1131
78.0 -1.3846 0.1301 0.1073 -1.2985 0.1111 0.1352 -1.2238 0.1114 0.1423 -1.2102 0.1243 0.1305 -1.2208 0.1393 0.114 -1.2523 0.1534 0.0965 -1.3116 0.1051 0.14 -1.3074 0.1215 0.1236 -1.3077 0.138 0.1068 -1.3113 0.154 0.0901 -1.3245 0.1297 0.1136
79.0 -1.3879 0.129 0.108 -1.3008 0.109 0.1371 -1.2238 0.1114 0.1423 -1.212 0.124 0.1306 -1.2217 0.1392 0.1141 -1.253 0.1527 0.0972 -1.3105 0.104 0.1413 -1.3074 0.1215 0.1236 -1.3085 0.1379 0.1068 -1.3129 0.1532 0.0908 -1.3254 0.1291 0.1141
80.0 -1.394 0.1239 0.1126 -1.3037 0.1056 0.1404 -1.2269 0.1092 0.1443 -1.2154 0.1236 0.1307 -1.2267 0.1379 0.1149 -1.2564 0.1516 0.0979 -1.3135 0.1012 0.1439 -1.3096 0.1188 0.1262 -1.3116 0.1356 0.1088 -1.3169 0.1508 0.0928 -1.3291 0.1261 0.1169
81.0 -1.3977 0.1246 0.1115 -1.3103 0.1028 0.1425 -1.2253 0.11 0.1436 -1.2138 0.1244 0.13 -1.2242 0.1389 0.1142 -1.2581 0.1514 0.098 -1.3118 0.1014 0.1438 -1.3087 0.1189 0.1262 -1.3107 0.1352 0.1094 -1.3168 0.1502 0.0934 -1.3291 0.1261 0.1169
82.0 -1.3975 0.1234 0.1128 -1.3089 0.1049 0.1406 -1.2269 0.1092 0.1443 -1.2146 0.1243 0.13 -1.2263 0.1404 0.1124 -1.2592 0.1525 0.0968 -1.3144 0.1011 0.1439 -1.3104 0.1187 0.1263 -1.3115 0.135 0.1094 -1.3178 0.1507 0.0928 -1.3303 0.1258 0.117
83.0 -1.3994 0.1244 0.1116 -1.3096 0.1041 0.1412 -1.2261 0.1093 0.1442 -1.2145 0.1237 0.1307 -1.226 0.1386 0.1142 -1.2598 0.1512 0.0981 -1.312 0.1026 0.1426 -1.308 0.1196 0.1255 -1.3108 0.1357 0.1088 -1.3169 0.1508 0.0928 -1.3294 0.1266 0.1163
84.0 -1.3993 0.1238 0.1122 -1.3109 0.1015 0.1438 -1.2252 0.1094 0.1442 -1.2154 0.1236 0.1307 -1.2242 0.1389 0.1142 -1.2564 0.1516 0.0979 -1.3128 0.1019 0.1432 -1.3097 0.1194 0.1256 -1.3116 0.1356 0.1088 -1.3178 0.1507 0.0928 -1.3302 0.1263 0.1165
85.0 -1.3992 0.1232 0.1128 -1.3078 0.1038 0.1418 -1.2245 0.1101 0.1435 -1.2128 0.1239 0.1306 -1.2242 0.1389 0.1142 -1.2572 0.1515 0.098 -1.3134 0.1006 0.1445 -1.3096 0.1188 0.1262 -1.3115 0.135 0.1094 -1.3187 0.1506 0.0929 -1.3305 0.1256 0.1172
86.0 -1.3976 0.124 0.1122 -1.309 0.1055 0.1399 -1.2269 0.1092 0.1443 -1.2127 0.1233 0.1312 -1.2242 0.1389 0.1142 -1.2591 0.1519 0.0974 -1.3118 0.1014 0.1438 -1.307 0.1192 0.1261 -1.309 0.1354 0.1093 -1.3169 0.1508 0.0928 -1.3284 0.1262 0.1168
87.0 -1.3995 0.125 0.111 -1.3111 0.1027 0.1425 -1.2244 0.1095 0.1442 -1.2137 0.1238 0.1306 -1.225 0.1382 0.1148 -1.258 0.1508 0.0986 -1.3127 0.1013 0.1438 -1.3087 0.1189 0.1262 -1.3116 0.1356 0.1088 -1.3179 0.1513 0.0922 -1.3301 0.1264 0.1164
88.0 -1.3985 0.1245 0.1116 -1.3093 0.1024 0.1431 -1.2251 0.1088 0.1448 -1.2154 0.1236 0.1307 -1.2258 0.1381 0.1149 -1.2581 0.1514 0.098 -1.3118 0.1014 0.1438 -1.3078 0.119 0.1262 -1.3107 0.1352 0.1094 -1.3169 0.1508 0.0928 -1.3292 0.1262 0.1167
89.0 -1.3968 0.1247 0.1115 -1.3153 0.1015 0.1433 -1.2281 0.106 0.1474 -1.2168 0.1216 0.1326 -1.2273 0.136 0.1168 -1.2623 0.1502 0.0988 -1.3192 0.0986 0.146 -1.3135 0.1164 0.1283 -1.3148 0.1334 0.1108 -1.3202 0.1491 0.0942 -1.3329 0.1245 0.1181
90.0 -1.396 0.1249 0.1115 -1.3076 0.1026 0.143 -1.2281 0.106 0.1474 -1.217 0.1228 0.1314 -1.2266 0.1373 0.1155 -1.2597 0.1506 0.0987 -1.3176 0.0994 0.1453 -1.3128 0.1172 0.1276 -1.3149 0.134 0.1102 -1.3203 0.1497 0.0935 -1.3323 0.125 0.1176
91.0 -1.396 0.1249 0.1115 -1.3097 0.0993 0.1462 -1.2281 0.106 0.1474 -1.2169 0.1222 0.132 -1.2284 0.1377 0.115 -1.2608 0.1517 0.0975 -1.3184 0.0987 0.1459 -1.3128 0.1172 0.1276 -1.314 0.1341 0.1102 -1.3194 0.1499 0.0935 -1.3321 0.1249 0.1177
92.0 -1.398 0.1264 0.1097 -1.3165 0.0983 0.1465 -1.2281 0.106 0.1474 -1.2159 0.1217 0.1326 -1.2257 0.1375 0.1155 -1.2607 0.1511 0.0981 -1.3193 0.0992 0.1453 -1.3137 0.117 0.1276 -1.3149 0.134 0.1102 -1.3203 0.1497 0.0935 -1.3332 0.1253 0.1173
93.0 -1.3969 0.1253 0.1109 -1.316 0.1002 0.1446 -1.23 0.1063 0.1469 -1.2178 0.122 0.132 -1.2274 0.1366 0.1162 -1.2616 0.1515 0.0975 -1.3202 0.0991 0.1454 -1.3145 0.1169 0.1277 -1.3157 0.1339 0.1102 -1.322 0.1495 0.0936 -1.3339 0.1249 0.1176
94.0 -1.3954 0.1268 0.1096 -1.313 0.0982 0.147 -1.2291 0.1065 0.1468 -1.2178 0.122 0.132 -1.2265 0.1367 0.1161 -1.2616 0.1515 0.0975 -1.3185 0.0993 0.1453 -1.3138 0.1176 0.127 -1.3158 0.1345 0.1096 -1.322 0.1495 0.0936 -1.3331 0.1255 0.117
95.0 -1.3977 0.1246 0.1115 -1.3079 0.0995 0.1462 -1.229 0.1059 0.1475 -1.2178 0.122 0.132 -1.2275 0.1372 0.1156 -1.2616 0.1515 0.0975 -1.3201 0.0985 0.146 -1.3153 0.1162 0.1283 -1.3156 0.1333 0.1109 -1.321 0.149 0.0942 -1.3339 0.1243 0.1182
96.0 -1.3978 0.1252 0.1109 -1.3164 0.0977 0.1471 -1.229 0.1059 0.1475 -1.2176 0.1208 0.1333 -1.2264 0.1361 0.1168 -1.2624 0.1508 0.0982 -1.321 0.0989 0.1454 -1.3155 0.1174 0.1271 -1.3167 0.1343 0.1096 -1.3228 0.1494 0.0936 -1.3348 0.1251 0.1173
97.0 -1.3981 0.127 0.1091 -1.3304 0.0922 0.1514 -1.2315 0.1049 0.1482 -1.2185 0.1213 0.1327 -1.2273 0.136 0.1168 -1.2616 0.1515 0.0975 -1.3201 0.0985 0.146 -1.3144 0.1163 0.1283 -1.3165 0.1331 0.1109 -1.3227 0.1488 0.0943 -1.3344 0.1247 0.1177
98.0 -1.3981 0.127 0.1091 -1.3297 0.0929 0.1507 -1.2306 0.105 0.1481 -1.2186 0.1219 0.1321 -1.2283 0.1371 0.1156 -1.2633 0.1507 0.0982 -1.321 0.0989 0.1454 -1.3154 0.1168 0.1277 -1.3157 0.1339 0.1102 -1.322 0.1495 0.0936 -1.3344 0.1252 0.1172
99.0 -1.3963 0.1267 0.1096 -1.3243 0.0924 0.1518 -1.2306 0.105 0.1481 -1.2185 0.1213 0.1327 -1.2298 0.1357 0.1169 -1.2624 0.1508 0.0982 -1.32 0.0979 0.1466 -1.3144 0.1163 0.1283 -1.3156 0.1333 0.1109 -1.321 0.149 0.0942 -1.3335 0.1246 0.1179
100.0 -1.3962 0.1261 0.1102 -1.315 0.0997 0.1452 -1.2314 0.1043 0.1488 -1.2201 0.1205 0.1334 -1.2281 0.1359 0.1168 -1.264 0.15 0.0989 -1.3234 0.0974 0.1467 -1.3169 0.1154 0.129 -1.3164 0.1326 0.1115 -1.321 0.149 0.0942 -1.3348 0.1241 0.1183
101.0 -1.3971 0.1265 0.1096 -1.3244 0.093 0.1512 -1.2322 0.1042 0.1488 -1.2202 0.1211 0.1328 -1.2299 0.1363 0.1163 -1.2633 0.1507 0.0982 -1.3209 0.0983 0.146 -1.3153 0.1162 0.1283 -1.3165 0.1331 0.1109 -1.3227 0.1488 0.0943 -1.3345 0.1246 0.1178
102.0 -1.3967 0.1241 0.1121 -1.3088 0.0994 0.1462 -1.2323 0.1048 0.1482 -1.2194 0.1212 0.1327 -1.229 0.1358 0.1169 -1.2623 0.1502 0.0988 -1.3216 0.097 0.1473 -1.3169 0.1154 0.129 -1.3182 0.1329 0.111 -1.3236 0.1487 0.0943 -1.3354 0.1236 0.1187
103.0 -1.3969 0.1253 0.1109 -1.3103 0.0979 0.1475 -1.2321 0.1036 0.1495 -1.2201 0.1205 0.1334 -1.2298 0.1357 0.1169 -1.2632 0.1501 0.0988 -1.3216 0.097 0.1473 -1.316 0.1155 0.129 -1.3172 0.1324 0.1115 -1.3227 0.1488 0.0943 -1.3349 0.1238 0.1186
104.0 -1.397 0.1259 0.1103 -1.3207 0.0923 0.1523 -1.2321 0.1036 0.1495 -1.22 0.1199 0.134 -1.2305 0.1344 0.1182 -1.2649 0.1499 0.0989 -1.3224 0.0969 0.1473 -1.3177 0.1153 0.129 -1.319 0.1322 0.1116 -1.3245 0.1486 0.0943 -1.3361 0.1238 0.1185
105.0 -1.397 0.1259 0.1103 -1.3202 0.0942 0.1504 -1.2331 0.1041 0.1489 -1.2211 0.121 0.1328 -1.2308 0.1362 0.1163 -1.2648 0.1493 0.0995 -1.3217 0.0976 0.1467 -1.3169 0.1154 0.129 -1.3181 0.1323 0.1116 -1.3244 0.148 0.095 -1.3356 0.1238 0.1185
106.0 -1.3972 0.1271 0.109 -1.3276 0.0913 0.1525 -1.233 0.1035 0.1495 -1.2209 0.1198 0.134 -1.2312 0.1337 0.1188 -1.2656 0.1492 0.0995 -1.3243 0.0973 0.1468 -1.3177 0.1153 0.129 -1.3181 0.1323 0.1116 -1.3226 0.1482 0.0949 -1.336 0.124 0.1183
107.0 -1.3987 0.1257 0.1103 -1.3245 0.0936 0.1505 -1.2329 0.1029 0.1501 -1.2209 0.1198 0.134 -1.2304 0.1338 0.1188 -1.2656 0.1492 0.0995 -1.325 0.0966 0.1474 -1.3186 0.1151 0.1291 -1.319 0.1322 0.1116 -1.3235 0.1481 0.0949 -1.337 0.1235 0.1187
108.0 -1.3978 0.1252 0.1109 -1.3189 0.0968 0.1478 -1.2338 0.1034 0.1495 -1.2217 0.1197 0.1341 -1.2313 0.1343 0.1182 -1.2665 0.1491 0.0996 -1.3251 0.0972 0.1468 -1.3186 0.1151 0.1291 -1.319 0.1322 0.1116 -1.3235 0.1481 0.0949 -1.3368 0.1236 0.1187
109.0 -1.3997 0.1262 0.1097 -1.325 0.0917 0.1524 -1.2355 0.1025 0.1502 -1.2235 0.1194 0.1341 -1.2331 0.134 0.1183 -1.2672 0.1483 0.1002 -1.326 0.097 0.1468 -1.3203 0.1149 0.1291 -1.3208 0.1326 0.1111 -1.3262 0.1483 0.0944 -1.3386 0.1238 0.1182
110.0 -1.399 0.1269 0.1091 -1.3384 0.0874 0.1554 -1.2373 0.1029 0.1497 -1.2242 0.1187 0.1348 -1.2347 0.1332 0.119 -1.27 0.1492 0.0991 -1.3267 0.0963 0.1475 -1.3202 0.1143 0.1298 -1.3207 0.132 0.1117 -1.3261 0.1477 0.095 -1.3385 0.1235 0.1186
111.0 -1.4024 0.1264 0.1092 -1.3417 0.0864 0.1562 -1.2373 0.1029 0.1497 -1.2253 0.1198 0.1336 -1.2357 0.1343 0.1177 -1.2693 0.1499 0.0984 -1.3286 0.0967 0.1469 -1.3229 0.1146 0.1292 -1.3241 0.1315 0.1118 -1.3305 0.1477 0.0946 -1.3417 0.1234 0.1184
112.0 -1.4024 0.1264 0.1092 -1.3308 0.0897 0.1539 -1.2379 0.1016 0.1509 -1.2253 0.1198 0.1336 -1.2359 0.1355 0.1165 -1.2692 0.1493 0.0991 -1.3268 0.0969 0.1469 -1.3203 0.1149 0.1291 -1.3215 0.1319 0.1117 -1.327 0.1482 0.0944 -1.3396 0.1237 0.1183
113.0 -1.4024 0.1264 0.1092 -1.3332 0.093 0.1503 -1.2381 0.1028 0.1497 -1.2252 0.1192 0.1342 -1.2356 0.1337 0.1184 -1.2699 0.1486 0.0997 -1.3294 0.0966 0.147 -1.322 0.1147 0.1292 -1.3225 0.1323 0.1111 -1.327 0.1482 0.0944 -1.3407 0.1237 0.1182
114.0 -1.4024 0.1264 0.1092 -1.3277 0.0919 0.1519 -1.2374 0.1035 0.149 -1.2252 0.1192 0.1342 -1.2365 0.1336 0.1184 -1.2698 0.148 0.1003 -1.3277 0.0968 0.1469 -1.3221 0.1153 0.1286 -1.3234 0.1322 0.1112 -1.3279 0.1481 0.0945 -1.3407 0.1238 0.1181
115.0 -1.4016 0.1271 0.1086 -1.3368 0.0883 0.1548 -1.2389 0.1021 0.1503 -1.2252 0.1192 0.1342 -1.2349 0.1344 0.1177 -1.27 0.1492 0.0991 -1.3286 0.0967 0.1469 -1.3221 0.1153 0.1286 -1.3225 0.1323 0.1111 -1.328 0.1487 0.0938 -1.3406 0.124 0.1178
116.0 -1.4041 0.1262 0.1093 -1.3285 0.0912 0.1526 -1.2381 0.1028 0.1497 -1.2261 0.1197 0.1336 -1.2357 0.1343 0.1177 -1.2683 0.1494 0.099 -1.3312 0.0969 0.1464 -1.3248 0.1155 0.1281 -1.3252 0.1326 0.1106 -1.3296 0.1479 0.0945 -1.343 0.1238 0.1178
117.0 -1.4034 0.1269 0.1086 -1.3336 0.0905 0.1528 -1.2381 0.1028 0.1497 -1.2261 0.1197 0.1336 -1.2357 0.1343 0.1177 -1.2691 0.1487 0.0997 -1.3286 0.0967 0.1469 -1.3221 0.1153 0.1286 -1.3234 0.1322 0.1112 -1.3297 0.1485 0.0939 -1.3414 0.1239 0.1178
118.0 -1.4042 0.1268 0.1087 -1.3366 0.0871 0.156 -1.2381 0.1028 0.1497 -1.226 0.1191 0.1342 -1.2365 0.1336 0.1184 -1.2698 0.148 0.1003 -1.3294 0.0966 0.147 -1.323 0.1152 0.1286 -1.3243 0.1327 0.1106 -1.3296 0.1479 0.0945 -1.3421 0.1238 0.1179
119.0 -1.4034 0.1269 0.1086 -1.3302 0.091 0.1526 -1.2381 0.1028 0.1497 -1.226 0.1191 0.1342 -1.2375 0.134 0.1178 -1.2699 0.1486 0.0997 -1.3294 0.0966 0.147 -1.323 0.1152 0.1286 -1.3234 0.1322 0.1112 -1.3289 0.1486 0.0939 -1.3416 0.1239 0.1179
120.0 -1.4043 0.1274 0.108 -1.3421 0.0888 0.1537 -1.2398 0.102 0.1504 -1.2268 0.1184 0.1349 -1.2365 0.1336 0.1184 -1.2716 0.1484 0.0998 -1.3304 0.0971 0.1464 -1.3239 0.115 0.1287 -1.3242 0.1321 0.1112 -1.3288 0.148 0.0945 -1.3423 0.1239 0.1178
121.0 -1.4043 0.1274 0.108 -1.3627 0.0805 0.1601 -1.2415 0.1017 0.1504 -1.2277 0.1183 0.1349 -1.2374 0.1334 0.1184 -1.2725 0.1482 0.0998 -1.331 0.0958 0.1477 -1.3246 0.1143 0.1293 -1.3258 0.1313 0.1119 -1.332 0.1463 0.0959 -1.3436 0.123 0.1186
122.0 -1.4083 0.125 0.1101 -1.3462 0.087 0.1551 -1.2395 0.1008 0.1516 -1.2284 0.1175 0.1356 -1.24 0.1337 0.1179 -1.2733 0.1475 0.1005 -1.3319 0.0956 0.1477 -1.3245 0.1137 0.1299 -1.3249 0.1308 0.1125 -1.3295 0.1473 0.0952 -1.3438 0.1225 0.1191
123.0 -1.4058 0.126 0.1094 -1.345 0.0853 0.157 -1.2397 0.1014 0.151 -1.2278 0.1189 0.1343 -1.2373 0.1328 0.1191 -1.273 0.1463 0.1017 -1.3337 0.096 0.1471 -1.3273 0.1146 0.1288 -1.3267 0.1312 0.1119 -1.3303 0.1466 0.0958 -1.3448 0.1229 0.1186
124.0 -1.4051 0.1267 0.1087 -1.3476 0.085 0.1571 -1.2405 0.1013 0.151 -1.2286 0.1187 0.1343 -1.2373 0.1328 0.1191 -1.2731 0.1469 0.1011 -1.3346 0.0959 0.1472 -1.3273 0.1146 0.1288 -1.3268 0.1318 0.1113 -1.3304 0.1472 0.0952 -1.3448 0.1232 0.1182
125.0 -1.4049 0.1255 0.1099 -1.3454 0.0871 0.1551 -1.2406 0.1019 0.1504 -1.2269 0.119 0.1343 -1.2375 0.134 0.1178 -1.2699 0.1486 0.0997 -1.3302 0.0959 0.1476 -1.3246 0.1143 0.1293 -1.3258 0.1313 0.1119 -1.3311 0.1464 0.0958 -1.3433 0.1227 0.1189
126.0 -1.4031 0.1257 0.1099 -1.337 0.0895 0.1535 -1.2406 0.1019 0.1504 -1.2278 0.1189 0.1343 -1.2382 0.1333 0.1185 -1.2707 0.1479 0.1004 -1.3293 0.096 0.1476 -1.3237 0.1139 0.1299 -1.3249 0.1308 0.1125 -1.3295 0.1473 0.0952 -1.3421 0.1227 0.119
127.0 -1.4049 0.1255 0.1099 -1.3334 0.0893 0.154 -1.2406 0.1019 0.1504 -1.2276 0.1177 0.1355 -1.238 0.1321 0.1197 -1.2714 0.1472 0.101 -1.3319 0.0956 0.1477 -1.3254 0.1136 0.13 -1.3258 0.1313 0.1119 -1.3303 0.1466 0.0958 -1.3436 0.1225 0.1191
128.0 -1.4074 0.1251 0.11 -1.3422 0.0894 0.1531 -1.2406 0.1019 0.1504 -1.2285 0.1181 0.135 -1.2399 0.1331 0.1185 -1.2724 0.1476 0.1004 -1.3319 0.0956 0.1477 -1.3255 0.1142 0.1293 -1.3258 0.1313 0.1119 -1.3312 0.147 0.0952 -1.3444 0.1227 0.1188
129.0 -1.4066 0.1253 0.11 -1.3319 0.0907 0.1527 -1.2397 0.1014 0.151 -1.2285 0.1181 0.135 -1.239 0.1326 0.1191 -1.2714 0.1472 0.101 -1.3319 0.0956 0.1477 -1.3255 0.1142 0.1293 -1.325 0.1314 0.1118 -1.3295 0.1473 0.0952 -1.3437 0.1228 0.1188
130.0 -1.4049 0.1255 0.1099 -1.3381 0.0911 0.1517 -1.2405 0.1013 0.151 -1.2284 0.1175 0.1356 -1.2379 0.1315 0.1203 -1.2723 0.1471 0.1011 -1.3303 0.0965 0.147 -1.3238 0.1145 0.1293 -1.3241 0.1315 0.1118 -1.3295 0.1473 0.0952 -1.3425 0.123 0.1186
131.0 -1.4083 0.125 0.1101 -1.3512 0.0851 0.1566 -1.2414 0.1011 0.1511 -1.2285 0.1181 0.135 -1.2379 0.1315 0.1203 -1.2731 0.1469 0.1011 -1.3336 0.0954 0.1478 -1.3262 0.1135 0.13 -1.3266 0.1306 0.1125 -1.3311 0.1464 0.0958 -1.3452 0.1222 0.1192
132.0 -1.4042 0.1268 0.1087 -1.3585 0.0817 0.1593 -1.2414 0.1011 0.1511 -1.2284 0.1175 0.1356 -1.2371 0.1323 0.1197 -1.2733 0.1475 0.1005 -1.332 0.0962 0.1471 -1.3247 0.1149 0.1287 -1.325 0.1314 0.1118 -1.3303 0.1466 0.0958 -1.3432 0.1232 0.1184
133.0 -1.4041 0.1262 0.1093 -1.3578 0.083 0.1581 -1.2414 0.1011 0.1511 -1.2284 0.1175 0.1356 -1.2363 0.1324 0.1196 -1.2733 0.1475 0.1005 -1.3319 0.0956 0.1477 -1.3246 0.1143 0.1293 -1.324 0.1309 0.1124 -1.3294 0.1467 0.0958 -1.3428 0.1228 0.1189
134.0 -1.4042 0.1268 0.1087 -1.3542 0.0822 0.1592 -1.2414 0.1011 0.1511 -1.2284 0.1175 0.1356 -1.2373 0.1328 0.1191 -1.2724 0.1476 0.1004 -1.3311 0.0964 0.147 -1.3238 0.1145 0.1293 -1.325 0.1314 0.1118 -1.3303 0.1466 0.0958 -1.3429 0.1231 0.1185
135.0 -1.4074 0.1251 0.11 -1.3457 0.084 0.1582 -1.2405 0.1013 0.151 -1.2277 0.1183 0.1349 -1.2382 0.1333 0.1185 -1.2733 0.1475 0.1005 -1.3329 0.0961 0.1471 -1.3263 0.1141 0.1294 -1.3275 0.131 0.1119 -1.332 0.1463 0.0959 -1.3452 0.1225 0.1189
136.0 -1.4075 0.1257 0.1094 -1.3507 0.0827 0.159 -1.2406 0.1019 0.1504 -1.2278 0.1189 0.1343 -1.2382 0.1333 0.1185 -1.2741 0.1474 0.1005 -1.3338 0.0966 0.1465 -1.3265 0.1153 0.1281 -1.326 0.1325 0.1106 -1.3304 0.1472 0.0952 -1.3449 0.1235 0.118
137.0 -1.4035 0.1275 0.108 -1.3411 0.0877 0.1549 -1.2398 0.102 0.1504 -1.2268 0.1184 0.1349 -1.2373 0.1328 0.1191 -1.2724 0.1476 0.1004 -1.3313 0.0975 0.1458 -1.3248 0.1155 0.1281 -1.3243 0.1327 0.1106 -1.3289 0.1486 0.0939 -1.3426 0.1244 0.1173
138.0 -1.4013 0.1302 0.1054 -1.3372 0.0907 0.1523 -1.239 0.1027 0.1497 -1.226 0.1191 0.1342 -1.2356 0.1337 0.1184 -1.2701 0.1498 0.0985 -1.329 0.0991 0.1445 -1.3217 0.1178 0.1261 -1.3221 0.1348 0.1086 -1.3265 0.1501 0.0925 -1.3401 0.1264 0.1154
139.0 -1.3977 0.1295 0.1065 -1.32 0.0979 0.1466 -1.24 0.1032 0.1491 -1.227 0.1196 0.1336 -1.2332 0.1346 0.1176 -1.2683 0.1494 0.099 -1.3308 0.0995 0.1439 -1.3235 0.1181 0.1255 -1.3222 0.1354 0.108 -1.3266 0.1507 0.0919 -1.3401 0.1267 0.1152
140.0 -1.3989 0.1318 0.1041 -1.3272 0.0938 0.15 -1.2392 0.1039 0.1485 -1.2253 0.1198 0.1336 -1.2348 0.1338 0.1183 -1.2676 0.1501 0.0984 -1.3308 0.0995 0.1439 -1.3243 0.1174 0.1262 -1.323 0.1353 0.108 -1.3259 0.152 0.0906 -1.3406 0.1272 0.1146
141.0 -1.3958 0.134 0.1021 -1.3328 0.0906 0.1527 -1.2384 0.104 0.1484 -1.2271 0.1202 0.133 -1.2367 0.1348 0.1172 -1.2694 0.1505 0.0978 -1.3293 0.1009 0.1426 -1.322 0.1196 0.1242 -1.3206 0.1369 0.1067 -1.3234 0.1524 0.0905 -1.3382 0.1287 0.1132
142.0 -1.3974 0.1332 0.1028 -1.3232 0.0962 0.148 -1.2376 0.1047 0.1478 -1.2254 0.1204 0.133 -1.2333 0.1352 0.117 -1.2678 0.1513 0.0971 -1.3285 0.1016 0.142 -1.3213 0.1203 0.1236 -1.3199 0.1376 0.106 -1.3236 0.1536 0.0893 -1.3381 0.1292 0.1127
143.0 -1.3991 0.133 0.1028 -1.3178 0.1006 0.144 -1.2368 0.1054 0.1471 -1.2228 0.1207 0.1329 -1.2333 0.1352 0.117 -1.266 0.1516 0.0971 -1.3295 0.1021 0.1414 -1.3222 0.1208 0.123 -1.3209 0.1381 0.1054 -1.3245 0.154 0.0887 -1.3393 0.1296 0.1123
144.0 -1.3978 0.1356 0.1003 -1.3339 0.0972 0.1459 -1.2368 0.1054 0.1471 -1.2229 0.1213 0.1322 -1.2334 0.1358 0.1164 -1.2661 0.1522 0.0964 -1.3261 0.1025 0.1412 -1.3179 0.1213 0.1228 -1.3175 0.1391 0.1047 -1.3212 0.1551 0.088 -1.3361 0.1307 0.1114
145.0 -1.3964 0.1376 0.0984 -1.324 0.101 0.143 -1.2352 0.1062 0.1465 -1.2232 0.1231 0.1304 -1.232 0.1378 0.1145 -1.2655 0.1535 0.0952 -1.3247 0.1046 0.1393 -1.3175 0.1238 0.1203 -1.3162 0.1417 0.1021 -1.3207 0.157 0.0861 -1.3351 0.133 0.1092
146.0 -1.3966 0.1388 0.0971 -1.3323 0.098 0.1452 -1.2361 0.1061 0.1465 -1.2223 0.1227 0.131 -1.2302 0.1381 0.1144 -1.2648 0.1548 0.0939 -1.3248 0.1052 0.1387 -1.3167 0.1246 0.1196 -1.3154 0.1418 0.1021 -1.3199 0.1577 0.0854 -1.3347 0.1336 0.1086
147.0 -1.3933 0.1399 0.0964 -1.3292 0.1003 0.1432 -1.2346 0.1076 0.1452 -1.2224 0.1233 0.1303 -1.2304 0.1387 0.1138 -1.264 0.1549 0.0939 -1.3258 0.1062 0.1375 -1.3177 0.125 0.119 -1.3164 0.1429 0.1009 -1.32 0.1583 0.0848 -1.3347 0.1345 0.1077
148.0 -1.393 0.143 0.0932 -1.3454 0.0975 0.1445 -1.2345 0.107 0.1458 -1.2216 0.124 0.1297 -1.2295 0.1388 0.1138 -1.2626 0.1569 0.0919 -1.3235 0.1078 0.1361 -1.3153 0.1266 0.1177 -1.3149 0.1444 0.0996 -1.3202 0.1595 0.0836 -1.3334 0.1362 0.106
149.0 -1.3939 0.1435 0.0927 -1.3415 0.1004 0.1418 -1.232 0.1079 0.1451 -1.2191 0.1249 0.129 -1.2262 0.1398 0.113 -1.2633 0.1562 0.0926 -1.3244 0.1083 0.1355 -1.3155 0.1278 0.1165 -1.3143 0.1457 0.0983 -1.3187 0.1609 0.0822 -1.3334 0.1372 0.105
150.0 -1.3943 0.1452 0.0908 -1.327 0.103 0.1406 -1.232 0.1079 0.1451 -1.2173 0.1245 0.1295 -1.2243 0.1395 0.1136 -1.2608 0.1565 0.0925 -1.3229 0.1097 0.1342 -1.3132 0.1293 0.1151 -1.3118 0.1466 0.0976 -1.3153 0.1614 0.0821 -1.3315 0.1385 0.104
151.0 -1.39 0.1458 0.0906 -1.3449 0.0994 0.1426 -1.2323 0.1097 0.1432 -1.2174 0.1251 0.1289 -1.2254 0.1406 0.1124 -1.2627 0.1575 0.0913 -1.3212 0.1099 0.1342 -1.3122 0.1288 0.1157 -1.3101 0.1468 0.0975 -1.3146 0.1627 0.0808 -1.3296 0.1388 0.1038
152.0 -1.3878 0.1486 0.088 -1.3452 0.1012 0.1407 -1.2306 0.1099 0.1432 -1.2169 0.127 0.127 -1.2248 0.1419 0.1111 -1.2618 0.1576 0.0913 -1.3224 0.1116 0.1323 -1.3118 0.1313 0.1132 -1.3095 0.1487 0.0956 -1.3123 0.1643 0.0795 -1.3287 0.1409 0.1017
153.0 -1.3756 0.1594 0.0782 -1.2959 0.1213 0.1251 -1.2168 0.1167 0.1376 -1.2052 0.1305 0.1247 -1.2109 0.148 0.1062 -1.2475 0.1663 0.0839 -1.3068 0.1229 0.1224 -1.2951 0.1415 0.1044 -1.292 0.1591 0.0868 -1.294 0.1753 0.07 -1.3127 0.1516 0.0924
154.0 -1.3701 0.1632 0.0749 -1.297 0.1223 0.1239 -1.216 0.1168 0.1376 -1.2035 0.1313 0.124 -1.21 0.1481 0.1061 -1.2468 0.167 0.0832 -1.3028 0.1252 0.1203 -1.2917 0.1426 0.1037 -1.2878 0.1602 0.086 -1.2889 0.1766 0.0692 -1.3083 0.1536 0.0908
155.0 -1.3704 0.165 0.073 -1.3135 0.1213 0.1233 -1.2127 0.1184 0.1362 -1.2012 0.1328 0.1227 -1.2085 0.1496 0.1048 -1.2442 0.1673 0.0831 -1.3013 0.1266 0.119 -1.2903 0.1446 0.1018 -1.2864 0.1623 0.0841 -1.2884 0.1785 0.0673 -1.3074 0.1554 0.089
156.0 -1.366 0.1698 0.0685 -1.3079 0.1245 0.1205 -1.211 0.1187 0.1361 -1.1987 0.1338 0.1219 -1.2058 0.1493 0.1053 -1.2383 0.1687 0.0822 -1.2999 0.1287 0.1171 -1.2872 0.1469 0.0998 -1.2833 0.1645 0.0821 -1.2843 0.1803 0.0659 -1.3041 0.158 0.0867
157.0 -1.3635 0.1708 0.0677 -1.2962 0.1279 0.1182 -1.2078 0.1203 0.1348 -1.1955 0.1354 0.1206 -1.2026 0.151 0.104 -1.2351 0.171 0.0803 -1.2958 0.1304 0.1157 -1.2839 0.1479 0.099 -1.2808 0.1655 0.0814 -1.282 0.1824 0.064 -1.3012 0.1594 0.0856
158.0 -1.3635 0.1708 0.0677 -1.2854 0.1312 0.1159 -1.2051 0.1201 0.1353 -1.1954 0.1348 0.1212 -1.2015 0.1499 0.1052 -1.2307 0.171 0.0807 -1.2916 0.1316 0.1149 -1.2816 0.1501 0.097 -1.2784 0.167 0.0801 -1.2814 0.1837 0.0627 -1.2993 0.1606 0.0845
159.0 -1.3552 0.1731 0.0662 -1.2736 0.1347 0.1136 -1.2038 0.1227 0.1327 -1.1921 0.1365 0.1198 -1.1966 0.1518 0.1037 -1.2267 0.1728 0.0793 -1.292 0.134 0.1124 -1.281 0.1514 0.0958 -1.2769 0.1684 0.0787 -1.2772 0.1849 0.0619 -1.2964 0.1624 0.083
160.0 -1.3507 0.178 0.0616 -1.2802 0.1368 0.1107 -1.2006 0.1244 0.1314 -1.1897 0.1374 0.1191 -1.1942 0.1533 0.1024 -1.227 0.1745 0.0774 -1.287 0.1359 0.111 -1.2752 0.1534 0.0943 -1.2712 0.171 0.0767 -1.2715 0.1875 0.0598 -1.2911 0.1652 0.0807
161.0 -1.3399 0.1764 0.0643 -1.2591 0.1421 0.1074 -1.1999 0.1257 0.1301 -1.189 0.1387 0.1178 -1.1942 0.1533 0.1024 -1.2235 0.175 0.0773 -1.2859 0.1391 0.1078 -1.2747 0.1559 0.0918 -1.2697 0.1724 0.0753 -1.2681 0.1885 0.059 -1.2877 0.1665 0.0797
161.0 -0.8715 0.0033 0.2879 -0.8031 0.0351 0.2621 -0.8048 0.0245 0.2728 -0.8084 0.0197 0.2773 -0.811 0.0145 0.2824 -0.8116 0.0132 0.2837 -0.8018 0.0273 0.2702 -0.8006 0.0208 0.277 -0.7996 0.0148 0.2832 -0.8069 0.0065 0.291 -0.8161 0.0145 0.2818
162.0 -1.3359 0.1788 0.0623 -1.258 0.1459 0.1036 -1.1977 0.1278 0.1281 -1.1875 0.1402 0.1165 -1.1919 0.1555 0.1004 -1.2214 0.1777 0.0747 -1.2819 0.1415 0.1058 -1.2706 0.1577 0.0904 -1.2656 0.1742 0.0739 -1.264 0.1903 0.0576 -1.2836 0.1685 0.078
162.0 -0.8811 -0.0072 0.2976 -0.7958 -0.0067 0.3055 -0.8014 0.0249 0.2727 -0.8031 0.0351 0.2621 -0.8064 0.0536 0.2429 -0.8088 0.0673 0.2286 -0.7982 0.007 0.2913 -0.8074 0.0192 0.2779 -0.8222 0.0282 0.2672 -0.842 0.0359 0.2574 -0.8302 0.0167 0.2783
163.0 -1.3297 0.1833 0.0583 -1.25 0.1452 0.1052 -1.1935 0.129 0.1274 -1.1843 0.1418 0.1151 -1.1896 0.157 0.0991 -1.2181 0.1794 0.0733 -1.2769 0.1434 0.1044 -1.2666 0.16 0.0883 -1.2616 0.1766 0.0719 -1.2601 0.1927 0.0556 -1.279 0.1712 0.0757
163.0 -0.8925 -0.0069 0.2962 -0.7945 -0.0144 0.3136 -0.8002 0.0184 0.2795 -0.803 0.0345 0.2627 -0.8061 0.0518 0.2447 -0.8103 0.0659 0.2299 -0.8122 0.0064 0.2906 -0.8205 0.0187 0.2771 -0.8328 0.0286 0.2658 -0.8498 0.0355 0.257 -0.8416 0.0165 0.2773
164.0 -0.8987 -0.0071 0.2958 -0.7942 -0.0156 0.3148 -0.7995 0.0142 0.2838 -0.8027 0.0327 0.2646 -0.806 0.0512 0.2454 -0.822 0.0625 0.2322 -0.8251 0.0046 0.2911 -0.8325 0.0171 0.2776 -0.8447 0.0264 0.2668 -0.86 0.0335 0.2581 -0.8522 0.0149 0.2779
164.0 -1.3284 0.181 0.0608 -1.2456 0.1506 0.1 -1.1911 0.1305 0.126 -1.182 0.144 0.1132 -1.1873 0.1591 0.0971 -1.2148 0.1805 0.0726 -1.2738 0.1456 0.1024 -1.2643 0.1616 0.087 -1.2594 0.1787 0.07 -1.2586 0.1947 0.0537 -1.2769 0.1723 0.0748
165.0 -0.9031 -0.0071 0.2953 -0.7939 -0.0174 0.3167 -0.7989 0.0112 0.2869 -0.8031 0.0351 0.2621 -0.8062 0.0524 0.2441 -0.8296 0.0608 0.2332 -0.8286 0.0048 0.2906 -0.837 0.0177 0.2765 -0.8502 0.0275 0.2652 -0.8662 0.0333 0.2577 -0.857 0.0152 0.2771
165.0 -1.3275 0.186 0.0557 -1.2425 0.1529 0.098 -1.1887 0.1321 0.1247 -1.1785 0.1438 0.1137 -1.183 0.1597 0.097 -1.2124 0.182 0.0713 -1.2715 0.1478 0.1004 -1.2612 0.1638 0.085 -1.2562 0.181 0.068 -1.2547 0.1971 0.0517 -1.2742 0.1751 0.0722
166.0 -0.9211 -0.0096 0.296 -0.8024 -0.0192 0.3177 -0.7996 0.0148 0.2832 -0.8038 0.0387 0.2584 -0.8066 0.0548 0.2416 -0.8444 0.0594 0.2331 -0.8464 0.0011 0.2925 -0.8548 0.0135 0.2791 -0.8671 0.0234 0.2677 -0.8831 0.0298 0.2596 -0.8745 0.0116 0.279
166.0 -1.3233 0.1921 0.0499 -1.241 0.1592 0.0917 -1.1854 0.1331 0.1239 -1.1751 0.1449 0.1129 -1.1796 0.1602 0.0968 -1.2092 0.1837 0.0699 -1.2656 0.1541 0.0945 -1.2534 0.1698 0.0797 -1.2466 0.186 0.0638 -1.245 0.202 0.0475 -1.2668 0.1808 0.0671
167.0 -0.9306 -0.0108 0.2964 -0.8136 -0.0207 0.3181 -0.7999 0.0166 0.2813 -0.8039 0.0393 0.2578 -0.8152 0.0536 0.242 -0.8528 0.0577 0.2341 -0.8559 -0.0001 0.2929 -0.8635 0.0129 0.2788 -0.8765 0.0221 0.2681 -0.8917 0.0286 0.2599 -0.8836 0.0105 0.2792
167.0 -1.3214 0.1966 0.0455 -1.2404 0.1611 0.0898 -1.1821 0.1342 0.1232 -1.1729 0.147 0.1109 -1.1772 0.1617 0.0955 -1.2044 0.1862 0.0678 -1.2603 0.1542 0.095 -1.2474 0.1706 0.0795 -1.2416 0.1878 0.0624 -1.2401 0.2045 0.0455 -1.2622 0.1827 0.0656
168.0 -0.9461 -0.0123 0.2964 -0.8243 -0.0246 0.321 -0.7998 0.016 0.282 -0.8039 0.0393 0.2578 -0.8324 0.0513 0.2426 -0.8691 0.0549 0.2353 -0.872 -0.0035 0.2948 -0.8796 0.0095 0.2807 -0.8926 0.0187 0.2699 -0.9088 0.0257 0.2612 -0.8998 0.0076 0.2806
168.0 -1.318 0.2069 0.0354 -1.2386 0.1656 0.0854 -1.1781 0.1366 0.1211 -1.1687 0.1482 0.1102 -1.1724 0.1642 0.0934 -1.1988 0.1893 0.0651 -1.2554 0.1609 0.0885 -1.2407 0.1776 0.073 -1.234 0.1944 0.0565 -1.2315 0.2106 0.0401 -1.2559 0.1901 0.0587
169.0 -0.9572 -0.0144 0.2974 -0.832 -0.0262 0.3219 -0.8092 0.0147 0.2823 -0.8156 0.0358 0.2601 -0.8399 0.0491 0.2442 -0.8757 0.0528 0.2368 -0.8805 -0.0053 0.2957 -0.8881 0.0077 0.2816 -0.9011 0.017 0.2709 -0.9173 0.0239 0.2622 -0.9088 0.0058 0.2816
169.0 -1.3145 0.2122 0.0302 -1.2346 0.168 0.0834 -1.1766 0.138 0.1198 -1.1663 0.1498 0.1088 -1.1699 0.1651 0.0927 -1.1963 0.1903 0.0644 -1.2539 0.1624 0.0872 -1.2383 0.1791 0.0716 -1.23 0.1967 0.0544 -1.2268 0.2137 0.0375 -1.2527 0.1928 0.0562
170.0 -0.9624 -0.0151 0.2976 -0.8379 -0.0276 0.3228 -0.816 0.0132 0.2832 -0.8225 0.0349 0.2604 -0.8449 0.0478 0.245 -0.8824 0.0506 0.2383 -0.8881 -0.0069 0.2966 -0.8958 0.0067 0.2819 -0.9089 0.0159 0.2712 -0.9249 0.0223 0.2631 -0.916 0.0046 0.2821
170.0 -1.304 0.2173 0.0261 -1.232 0.1684 0.0833 -1.1742 0.1395 0.1185 -1.1639 0.1513 0.1075 -1.1704 0.1681 0.0896 -1.1941 0.193 0.0618 -1.2507 0.1646 0.0852 -1.2343 0.1815 0.0696 -1.2259 0.1985 0.053 -1.2217 0.215 0.0366 -1.2473 0.1954 0.0541
171.0 -0.989 -0.0187 0.2987 -0.8652 -0.0325 0.3251 -0.8414 0.0073 0.2867 -0.8488 0.0295 0.2633 -0.8685 0.0415 0.249 -0.9052 0.0451 0.2417 -0.9118 -0.0126 0.3 -0.9194 0.0011 0.2854 -0.9317 0.011 0.274 -0.9471 0.0181 0.2652 -0.9398 -0.0002 0.2846
171.0 -1.2788 0.2244 0.0214 -1.2108 0.1725 0.0812 -1.1646 0.1451 0.1137 -1.1567 0.1553 0.1041 -1.1622 0.1717 0.0868 -1.1866 0.1953 0.0603 -1.2376 0.1749 0.076 -1.2226 0.1898 0.0623 -1.2121 0.2053 0.0475 -1.2075 0.2193 0.0336 -1.2317 0.2027 0.0481
172.0 -0.9942 -0.0194 0.2989 -0.8737 -0.0343 0.326 -0.8498 0.005 0.2883 -0.8563 0.0273 0.2648 -0.8759 0.0387 0.2512 -0.9127 0.0429 0.2432 -0.922 -0.0146 0.3011 -0.9296 -0.0015 0.287 -0.942 0.009 0.275 -0.9557 0.0169 0.2655 -0.9487 -0.0019 0.2855
172.0 -1.2668 0.226 0.0209 -1.204 0.174 0.0803 -1.164 0.1464 0.1125 -1.1531 0.1546 0.1052 -1.1587 0.1715 0.0873 -1.1858 0.1954 0.0602 -1.2346 0.1778 0.0734 -1.2195 0.1921 0.0603 -1.2079 0.2064 0.0467 -1.2014 0.2195 0.034 -1.226 0.2044 0.0471
173.0 -1.0043 -0.022 0.3005 -0.8822 -0.0361 0.327 -0.8582 0.0032 0.2892 -0.8648 0.0255 0.2657 -0.8843 0.0363 0.2528 -0.9195 0.0414 0.2441 -0.9296 -0.0162 0.302 -0.9373 -0.0026 0.2873 -0.9487 0.0075 0.2759 -0.9633 0.0153 0.2664 -0.9566 -0.0036 0.2864
173.0 -1.2559 0.2293 0.0186 -1.1932 0.1724 0.083 -1.1606 0.1475 0.1117 -1.1528 0.1577 0.102 -1.1582 0.1735 0.0854 -1.1797 0.1962 0.06 -1.2298 0.1809 0.0707 -1.2155 0.1944 0.0583 -1.203 0.2083 0.0453 -1.1956 0.2215 0.0325 -1.22 0.2069 0.0451
174.0 -1.0111 -0.0229 0.3008 -0.8905 -0.0384 0.3286 -0.8659 0.0016 0.2901 -0.8716 0.024 0.2666 -0.8913 0.036 0.2524 -0.928 0.0396 0.2451 -0.9381 -0.018 0.3029 -0.9449 -0.0042 0.2882 -0.9565 0.0064 0.2762 -0.9709 0.0137 0.2674 -0.9643 -0.005 0.2871
174.0 -1.2439 0.2309 0.0181 -1.1743 0.1701 0.0873 -1.1558 0.15 0.1097 -1.1479 0.1602 0.1 -1.1552 0.1769 0.0822 -1.1765 0.2027 0.0536 -1.2247 0.1816 0.0705 -1.2112 0.195 0.0581 -1.1987 0.2089 0.0451 -1.1906 0.2228 0.0317 -1.2138 0.2078 0.0447
175.0 -1.0207 -0.0236 0.3005 -0.8991 -0.0396 0.3289 -0.8736 0.0005 0.2904 -0.8801 0.0223 0.2676 -0.8995 0.0331 0.2546 -0.9348 0.0387 0.2454 -0.9459 -0.0184 0.3026 -0.9526 -0.0053 0.2885 -0.9642 0.0054 0.2765 -0.9788 0.0132 0.267 -0.9724 -0.0057 0.287
176.0 -1.032 -0.0245 0.3003 -0.907 -0.04 0.3286 -0.8822 -0.0006 0.2908 -0.8885 0.0205 0.2685 -0.9063 0.0315 0.2555 -0.9432 0.0363 0.2469 -0.9543 -0.0208 0.3042 -0.9611 -0.007 0.2895 -0.9726 0.003 0.278 -0.9872 0.0115 0.268 -0.9815 -0.0076 0.288
177.0 -1.0414 -0.0258 0.3007 -0.9163 -0.0419 0.3296 -0.8906 -0.003 0.2924 -0.8971 0.0193 0.2689 -0.915 0.031 0.2552 -0.9501 0.0354 0.2472 -0.963 -0.0213 0.3039 -0.9697 -0.0082 0.2898 -0.9812 0.0019 0.2784 -0.9966 0.0096 0.269 -0.9904 -0.0088 0.2883
178.0 -1.0442 -0.0249 0.2996 -0.9266 -0.0433 0.33 -0.8983 -0.004 0.2927 -0.904 0.0184 0.2691 -0.9218 0.0294 0.2561 -0.9571 0.0351 0.2468 -0.9692 -0.0215 0.3035 -0.976 -0.0078 0.2888 -0.9874 0.0023 0.2774 -1.0019 0.0095 0.2686 -0.9957 -0.0085 0.2876
179.0 -1.052 -0.0254 0.2992 -0.9351 -0.045 0.3309 -0.9086 -0.0054 0.293 -0.9118 0.0174 0.2694 -0.9287 0.0285 0.2564 -0.9638 0.0335 0.2477 -0.9794 -0.0235 0.3045 -0.9854 -0.0091 0.2892 -0.996 0.0011 0.2777 -1.0106 0.0089 0.2683 -1.0047 -0.0096 0.2878
180.0 -1.0603 -0.0235 0.2964 -0.9439 -0.045 0.33 -0.9171 -0.0072 0.294 -0.9201 0.015 0.271 -0.9355 0.0276 0.2566 -0.9709 0.0338 0.2468 -0.9881 -0.0241 0.3042 -0.994 -0.0102 0.2895 -1.0037 6.38e-05 0.278 -1.0166 0.0081 0.2685 -1.0125 -0.0099 0.2873
181.0 -1.0646 -0.024 0.2966 -0.95 -0.0452 0.3296 -0.9241 -0.0075 0.2936 -0.9286 0.0133 0.272 -0.9438 0.0246 0.2588 -0.9784 0.031 0.2489 -0.9967 -0.0252 0.3046 -1.0026 -0.0114 0.2898 -1.0124 -0.0005 0.2777 -1.0253 0.0075 0.2682 -1.0203 -0.0107 0.2874
182.0 -1.072 -0.022 0.2938 -0.9595 -0.0465 0.33 -0.9326 -0.0093 0.2946 -0.9363 0.0116 0.2729 -0.9508 0.0243 0.2585 -0.9854 0.0312 0.2479 -1.0061 -0.0265 0.3049 -1.0122 -0.0121 0.2896 -1.0213 0.0001 0.2762 -1.0326 0.009 0.266 -1.0288 -0.0103 0.2861
183.0 -1.0655 -0.0242 0.2966 -0.9628 -0.0476 0.3307 -0.9395 -0.0102 0.2949 -0.9423 0.0108 0.2731 -0.9586 0.0239 0.2581 -0.9923 0.0303 0.2482 -1.0164 -0.0279 0.3053 -1.0233 -0.0136 0.29 -1.0324 -0.002 0.2772 -1.0419 0.0071 0.267 -1.0359 -0.0121 0.2872
184.0 -1.0714 -0.0256 0.2975 -0.9703 -0.0504 0.3329 -0.9479 -0.0126 0.2964 -0.9507 0.0084 0.2747 -0.9661 0.021 0.2603 -1.0009 0.0292 0.2485 -1.0209 -0.0273 0.3043 -1.027 -0.0128 0.2889 -1.0352 -0.0011 0.2761 -1.0457 0.0085 0.2653 -1.04 -0.0117 0.2864
185.0 -1.0743 -0.0241 0.2957 -0.9747 -0.0504 0.3325 -0.9546 -0.0141 0.2973 -0.9586 0.0086 0.2738 -0.9732 0.0219 0.2587 -0.9984 0.0301 0.2478 -1.0262 -0.0274 0.3039 -1.0306 -0.0121 0.2878 -1.0365 0.0011 0.2736 -1.0445 0.0117 0.2621 -1.0424 -0.0102 0.2846
186.0 -1.061 -0.0248 0.2977 -0.9814 -0.0519 0.3333 -0.9616 -0.0144 0.297 -0.9645 0.0072 0.2746 -0.9788 0.0187 0.2614 -1.0006 0.0274 0.2504 -1.0168 -0.0255 0.3029 -1.0214 -0.0096 0.2862 -1.0281 0.0035 0.2721 -1.0351 0.0135 0.2611 -1.0325 -0.0086 0.284
187.0 -1.0563 -0.0211 0.2944 -0.9919 -0.0521 0.3325 -0.9726 -0.0171 0.2986 -0.9712 0.0051 0.2761 -0.9816 0.0195 0.2603 -1.0011 0.0303 0.2473 -1.0169 -0.0249 0.3022 -1.0189 -0.0087 0.2855 -1.0238 0.0041 0.2719 -1.0317 0.014 0.261 -1.0295 -0.0073 0.283
187.0 -1.0563 -0.0211 0.2944 -0.9919 -0.0521 0.3325 -0.9726 -0.0171 0.2986 -0.9712 0.0051 0.2761 -0.9816 0.0195 0.2603 -1.0011 0.0303 0.2473 -1.0169 -0.0249 0.3022 -1.0189 -0.0087 0.2855 -1.0238 0.0041 0.2719 -1.0317 0.014 0.261 -1.0295 -0.0073 0.283
187.0 -1.0563 -0.0211 0.2944 -0.9919 -0.0521 0.3325 -0.9726 -0.0171 0.2986 -0.9712 0.0051 0.2761 -0.9816 0.0195 0.2603 -1.0011 0.0303 0.2473 -1.0169 -0.0249 0.3022 -1.0189 -0.0087 0.2855 -1.0238 0.0041 0.2719 -1.0317 0.014 0.261 -1.0295 -0.0073 0.283
187.0 -1.0563 -0.0211 0.2944 -0.9919 -0.0521 0.3325 -0.9726 -0.0171 0.2986 -0.9712 0.0051 0.2761 -0.9816 0.0195 0.2603 -1.0011 0.0303 0.2473 -1.0169 -0.0249 0.3022 -1.0189 -0.0087 0.2855 -1.0238 0.0041 0.2719 -1.0317 0.014 0.261 -1.0295 -0.0073 0.283
187.0 -1.0563 -0.0211 0.2944 -0.9919 -0.0521 0.3325 -0.9726 -0.0171 0.2986 -0.9712 0.0051 0.2761 -0.9816 0.0195 0.2603 -1.0011 0.0303 0.2473 -1.0169 -0.0249 0.3022 -1.0189 -0.0087 0.2855 -1.0238 0.0041 0.2719 -1.0317 0.014 0.261 -1.0295 -0.0073 0.283
187.0 -1.0563 -0.0211 0.2944 -0.9919 -0.0521 0.3325 -0.9726 -0.0171 0.2986 -0.9712 0.0051 0.2761 -0.9816 0.0195 0.2603 -1.0011 0.0303 0.2473 -1.0169 -0.0249 0.3022 -1.0189 -0.0087 0.2855 -1.0238 0.0041 0.2719 -1.0317 0.014 0.261 -1.0295 -0.0073 0.283
187.0 -1.0563 -0.0211 0.2944 -0.9919 -0.0521 0.3325 -0.9726 -0.0171 0.2986 -0.9712 0.0051 0.2761 -0.9816 0.0195 0.2603 -1.0011 0.0303 0.2473 -1.0169 -0.0249 0.3022 -1.0189 -0.0087 0.2855 -1.0238 0.0041 0.2719 -1.0317 0.014 0.261 -1.0295 -0.0073 0.283
187.0 -1.0563 -0.0211 0.2944 -0.9919 -0.0521 0.3325 -0.9726 -0.0171 0.2986 -0.9712 0.0051 0.2761 -0.9816 0.0195 0.2603 -1.0011 0.0303 0.2473 -1.0169 -0.0249 0.3022 -1.0189 -0.0087 0.2855 -1.0238 0.0041 0.2719 -1.0317 0.014 0.261 -1.0295 -0.0073 0.283
187.0 -1.0563 -0.0211 0.2944 -0.9919 -0.0521 0.3325 -0.9726 -0.0171 0.2986 -0.9712 0.0051 0.2761 -0.9816 0.0195 0.2603 -1.0011 0.0303 0.2473 -1.0169 -0.0249 0.3022 -1.0189 -0.0087 0.2855 -1.0238 0.0041 0.2719 -1.0317 0.014 0.261 -1.0295 -0.0073 0.283
187.0 -1.0563 -0.0211 0.2944 -0.9919 -0.0521 0.3325 -0.9726 -0.0171 0.2986 -0.9712 0.0051 0.2761 -0.9816 0.0195 0.2603 -1.0011 0.0303 0.2473 -1.0169 -0.0249 0.3022 -1.0189 -0.0087 0.2855 -1.0238 0.0041 0.2719 -1.0317 0.014 0.261 -1.0295 -0.0073 0.283
187.0 -1.0563 -0.0211 0.2944 -0.9919 -0.0521 0.3325 -0.9726 -0.0171 0.2986 -0.9712 0.0051 0.2761 -0.9816 0.0195 0.2603 -1.0011 0.0303 0.2473 -1.0169 -0.0249 0.3022 -1.0189 -0.0087 0.2855 -1.0238 0.0041 0.2719 -1.0317 0.014 0.261 -1.0295 -0.0073 0.283
187.0 -1.0563 -0.0211 0.2944 -0.9919 -0.0521 0.3325 -0.9726 -0.0171 0.2986 -0.9712 0.0051 0.2761 -0.9816 0.0195 0.2603 -1.0011 0.0303 0.2473 -1.0169 -0.0249 0.3022 -1.0189 -0.0087 0.2855 -1.0238 0.0041 0.2719 -1.0317 0.014 0.261 -1.0295 -0.0073 0.283
187.0 -1.0563 -0.0211 0.2944 -0.9919 -0.0521 0.3325 -0.9726 -0.0171 0.2986 -0.9712 0.0051 0.2761 -0.9816 0.0195 0.2603 -1.0011 0.0303 0.2473 -1.0169 -0.0249 0.3022 -1.0189 -0.0087 0.2855 -1.0238 0.0041 0.2719 -1.0317 0.014 0.261 -1.0295 -0.0073 0.283
187.0 -1.0563 -0.0211 0.2944 -0.9919 -0.0521 0.3325 -0.9726 -0.0171 0.2986 -0.9712 0.0051 0.2761 -0.9816 0.0195 0.2603 -1.0011 0.0303 0.2473 -1.0169 -0.0249 0.3022 -1.0189 -0.0087 0.2855 -1.0238 0.0041 0.2719 -1.0317 0.014 0.261 -1.0295 -0.0073 0.283
187.0 -1.0563 -0.0211 0.2944 -0.9919 -0.0521 0.3325 -0.9726 -0.0171 0.2986 -0.9712 0.0051 0.2761 -0.9816 0.0195 0.2603 -1.0011 0.0303 0.2473 -1.0169 -0.0249 0.3022 -1.0189 -0.0087 0.2855 -1.0238 0.0041 0.2719 -1.0317 0.014 0.261 -1.0295 -0.0073 0.283
187.0 -1.0563 -0.0211 0.2944 -0.9919 -0.0521 0.3325 -0.9726 -0.0171 0.2986 -0.9712 0.0051 0.2761 -0.9816 0.0195 0.2603 -1.0011 0.0303 0.2473 -1.0169 -0.0249 0.3022 -1.0189 -0.0087 0.2855 -1.0238 0.0041 0.2719 -1.0317 0.014 0.261 -1.0295 -0.0073 0.283
187.0 -1.0563 -0.0211 0.2944 -0.9919 -0.0521 0.3325 -0.9726 -0.0171 0.2986 -0.9712 0.0051 0.2761 -0.9816 0.0195 0.2603 -1.0011 0.0303 0.2473 -1.0169 -0.0249 0.3022 -1.0189 -0.0087 0.2855 -1.0238 0.0041 0.2719 -1.0317 0.014 0.261 -1.0295 -0.0073 0.283
187.0 -1.0563 -0.0211 0.2944 -0.9919 -0.0521 0.3325 -0.9726 -0.0171 0.2986 -0.9712 0.0051 0.2761 -0.9816 0.0195 0.2603 -1.0011 0.0303 0.2473 -1.0169 -0.0249 0.3022 -1.0189 -0.0087 0.2855 -1.0238 0.0041 0.2719 -1.0317 0.014 0.261 -1.0295 -0.0073 0.283
187.0 -1.0563 -0.0211 0.2944 -0.9919 -0.0521 0.3325 -0.9726 -0.0171 0.2986 -0.9712 0.0051 0.2761 -0.9816 0.0195 0.2603 -1.0011 0.0303 0.2473 -1.0169 -0.0249 0.3022 -1.0189 -0.0087 0.2855 -1.0238 0.0041 0.2719 -1.0317 0.014 0.261 -1.0295 -0.0073 0.283
187.0 -1.0563 -0.0211 0.2944 -0.9919 -0.0521 0.3325 -0.9726 -0.0171 0.2986 -0.9712 0.0051 0.2761 -0.9816 0.0195 0.2603 -1.0011 0.0303 0.2473 -1.0169 -0.0249 0.3022 -1.0189 -0.0087 0.2855 -1.0238 0.0041 0.2719 -1.0317 0.014 0.261 -1.0295 -0.0073 0.283
187.0 -1.0563 -0.0211 0.2944 -0.9919 -0.0521 0.3325 -0.9726 -0.0171 0.2986 -0.9712 0.0051 0.2761 -0.9816 0.0195 0.2603 -1.0011 0.0303 0.2473 -1.0169 -0.0249 0.3022 -1.0189 -0.0087 0.2855 -1.0238 0.0041 0.2719 -1.0317 0.014 0.261 -1.0295 -0.0073 0.283
187.0 -1.0563 -0.0211 0.2944 -0.9919 -0.0521 0.3325 -0.9726 -0.0171 0.2986 -0.9712 0.0051 0.2761 -0.9816 0.0195 0.2603 -1.0011 0.0303 0.2473 -1.0169 -0.0249 0.3022 -1.0189 -0.0087 0.2855 -1.0238 0.0041 0.2719 -1.0317 0.014 0.261 -1.0295 -0.0073 0.283
187.0 -1.0563 -0.0211 0.2944 -0.9919 -0.0521 0.3325 -0.9726 -0.0171 0.2986 -0.9712 0.0051 0.2761 -0.9816 0.0195 0.2603 -1.0011 0.0303 0.2473 -1.0169 -0.0249 0.3022 -1.0189 -0.0087 0.2855 -1.0238 0.0041 0.2719 -1.0317 0.014 0.261 -1.0295 -0.0073 0.283
187.0 -1.0563 -0.0211 0.2944 -0.9919 -0.0521 0.3325 -0.9726 -0.0171 0.2986 -0.9712 0.0051 0.2761 -0.9816 0.0195 0.2603 -1.0011 0.0303 0.2473 -1.0169 -0.0249 0.3022 -1.0189 -0.0087 0.2855 -1.0238 0.0041 0.2719 -1.0317 0.014 0.261 -1.0295 -0.0073 0.283
187.0 -1.0563 -0.0211 0.2944 -0.9919 -0.0521 0.3325 -0.9726 -0.0171 0.2986 -0.9712 0.0051 0.2761 -0.9816 0.0195 0.2603 -1.0011 0.0303 0.2473 -1.0169 -0.0249 0.3022 -1.0189 -0.0087 0.2855 -1.0238 0.0041 0.2719 -1.0317 0.014 0.261 -1.0295 -0.0073 0.283
187.0 -1.0563 -0.0211 0.2944 -0.9919 -0.0521 0.3325 -0.9726 -0.0171 0.2986 -0.9712 0.0051 0.2761 -0.9816 0.0195 0.2603 -1.0011 0.0303 0.2473 -1.0169 -0.0249 0.3022 -1.0189 -0.0087 0.2855 -1.0238 0.0041 0.2719 -1.0317 0.014 0.261 -1.0295 -0.0073 0.283
187.0 -1.0563 -0.0211 0.2944 -0.9919 -0.0521 0.3325 -0.9726 -0.0171 0.2986 -0.9712 0.0051 0.2761 -0.9816 0.0195 0.2603 -1.0011 0.0303 0.2473 -1.0169 -0.0249 0.3022 -1.0189 -0.0087 0.2855 -1.0238 0.0041 0.2719 -1.0317 0.014 0.261 -1.0295 -0.0073 0.283
187.0 -1.0563 -0.0211 0.2944 -0.9919 -0.0521 0.3325 -0.9726 -0.0171 0.2986 -0.9712 0.0051 0.2761 -0.9816 0.0195 0.2603 -1.0011 0.0303 0.2473 -1.0169 -0.0249 0.3022 -1.0189 -0.0087 0.2855 -1.0238 0.0041 0.2719 -1.0317 0.014 0.261 -1.0295 -0.0073 0.283
187.0 -1.0563 -0.0211 0.2944 -0.9919 -0.0521 0.3325 -0.9726 -0.0171 0.2986 -0.9712 0.0051 0.2761 -0.9816 0.0195 0.2603 -1.0011 0.0303 0.2473 -1.0169 -0.0249 0.3022 -1.0189 -0.0087 0.2855 -1.0238 0.0041 0.2719 -1.0317 0.014 0.261 -1.0295 -0.0073 0.283
187.0 -1.0563 -0.0211 0.2944 -0.9919 -0.0521 0.3325 -0.9726 -0.0171 0.2986 -0.9712 0.0051 0.2761 -0.9816 0.0195 0.2603 -1.0011 0.0303 0.2473 -1.0169 -0.0249 0.3022 -1.0189 -0.0087 0.2855 -1.0238 0.0041 0.2719 -1.0317 0.014 0.261 -1.0295 -0.0073 0.283
187.0 -1.0563 -0.0211 0.2944 -0.9919 -0.0521 0.3325 -0.9726 -0.0171 0.2986 -0.9712 0.0051 0.2761 -0.9816 0.0195 0.2603 -1.0011 0.0303 0.2473 -1.0169 -0.0249 0.3022 -1.0189 -0.0087 0.2855 -1.0238 0.0041 0.2719 -1.0317 0.014 0.261 -1.0295 -0.0073 0.283
187.0 -1.0563 -0.0211 0.2944 -0.9919 -0.0521 0.3325 -0.9726 -0.0171 0.2986 -0.9712 0.0051 0.2761 -0.9816 0.0195 0.2603 -1.0011 0.0303 0.2473 -1.0169 -0.0249 0.3022 -1.0189 -0.0087 0.2855 -1.0238 0.0041 0.2719 -1.0317 0.014 0.261 -1.0295 -0.0073 0.283
187.0 -1.0563 -0.0211 0.2944 -0.9919 -0.0521 0.3325 -0.9726 -0.0171 0.2986 -0.9712 0.0051 0.2761 -0.9816 0.0195 0.2603 -1.0011 0.0303 0.2473 -1.0169 -0.0249 0.3022 -1.0189 -0.0087 0.2855 -1.0238 0.0041 0.2719 -1.0317 0.014 0.261 -1.0295 -0.0073 0.283
187.0 -1.0563 -0.0211 0.2944 -0.9919 -0.0521 0.3325 -0.9726 -0.0171 0.2986 -0.9712 0.0051 0.2761 -0.9816 0.0195 0.2603 -1.0011 0.0303 0.2473 -1.0169 -0.0249 0.3022 -1.0189 -0.0087 0.2855 -1.0238 0.0041 0.2719 -1.0317 0.014 0.261 -1.0295 -0.0073 0.283
187.0 -1.0563 -0.0211 0.2944 -0.9919 -0.0521 0.3325 -0.9726 -0.0171 0.2986 -0.9712 0.0051 0.2761 -0.9816 0.0195 0.2603 -1.0011 0.0303 0.2473 -1.0169 -0.0249 0.3022 -1.0189 -0.0087 0.2855 -1.0238 0.0041 0.2719 -1.0317 0.014 0.261 -1.0295 -0.0073 0.283
187.0 -1.0563 -0.0211 0.2944 -0.9919 -0.0521 0.3325 -0.9726 -0.0171 0.2986 -0.9712 0.0051 0.2761 -0.9816 0.0195 0.2603 -1.0011 0.0303 0.2473 -1.0169 -0.0249 0.3022 -1.0189 -0.0087 0.2855 -1.0238 0.0041 0.2719 -1.0317 0.014 0.261 -1.0295 -0.0073 0.283
187.0 -1.0563 -0.0211 0.2944 -0.9919 -0.0521 0.3325 -0.9726 -0.0171 0.2986 -0.9712 0.0051 0.2761 -0.9816 0.0195 0.2603 -1.0011 0.0303 0.2473 -1.0169 -0.0249 0.3022 -1.0189 -0.0087 0.2855 -1.0238 0.0041 0.2719 -1.0317 0.014 0.261 -1.0295 -0.0073 0.283
187.0 -1.0563 -0.0211 0.2944 -0.9919 -0.0521 0.3325 -0.9726 -0.0171 0.2986 -0.9712 0.0051 0.2761 -0.9816 0.0195 0.2603 -1.0011 0.0303 0.2473 -1.0169 -0.0249 0.3022 -1.0189 -0.0087 0.2855 -1.0238 0.0041 0.2719 -1.0317 0.014 0.261 -1.0295 -0.0073 0.283
187.0 -1.0563 -0.0211 0.2944 -0.9919 -0.0521 0.3325 -0.9726 -0.0171 0.2986 -0.9712 0.0051 0.2761 -0.9816 0.0195 0.2603 -1.0011 0.0303 0.2473 -1.0169 -0.0249 0.3022 -1.0189 -0.0087 0.2855 -1.0238 0.0041 0.2719 -1.0317 0.014 0.261 -1.0295 -0.0073 0.283
187.0 -1.0563 -0.0211 0.2944 -0.9919 -0.0521 0.3325 -0.9726 -0.0171 0.2986 -0.9712 0.0051 0.2761 -0.9816 0.0195 0.2603 -1.0011 0.0303 0.2473 -1.0169 -0.0249 0.3022 -1.0189 -0.0087 0.2855 -1.0238 0.0041 0.2719 -1.0317 0.014 0.261 -1.0295 -0.0073 0.283
187.0 -1.0563 -0.0211 0.2944 -0.9919 -0.0521 0.3325 -0.9726 -0.0171 0.2986 -0.9712 0.0051 0.2761 -0.9816 0.0195 0.2603 -1.0011 0.0303 0.2473 -1.0169 -0.0249 0.3022 -1.0189 -0.0087 0.2855 -1.0238 0.0041 0.2719 -1.0317 0.014 0.261 -1.0295 -0.0073 0.283
187.0 -1.0563 -0.0211 0.2944 -0.9919 -0.0521 0.3325 -0.9726 -0.0171 0.2986 -0.9712 0.0051 0.2761 -0.9816 0.0195 0.2603 -1.0011 0.0303 0.2473 -1.0169 -0.0249 0.3022 -1.0189 -0.0087 0.2855 -1.0238 0.0041 0.2719 -1.0317 0.014 0.261 -1.0295 -0.0073 0.283
187.0 -1.0563 -0.0211 0.2944 -0.9919 -0.0521 0.3325 -0.9726 -0.0171 0.2986 -0.9712 0.0051 0.2761 -0.9816 0.0195 0.2603 -1.0011 0.0303 0.2473 -1.0169 -0.0249 0.3022 -1.0189 -0.0087 0.2855 -1.0238 0.0041 0.2719 -1.0317 0.014 0.261 -1.0295 -0.0073 0.283
187.0 -1.0563 -0.0211 0.2944 -0.9919 -0.0521 0.3325 -0.9726 -0.0171 0.2986 -0.9712 0.0051 0.2761 -0.9816 0.0195 0.2603 -1.0011 0.0303 0.2473 -1.0169 -0.0249 0.3022 -1.0189 -0.0087 0.2855 -1.0238 0.0041 0.2719 -1.0317 0.014 0.261 -1.0295 -0.0073 0.283
187.0 -1.0563 -0.0211 0.2944 -0.9919 -0.0521 0.3325 -0.9726 -0.0171 0.2986 -0.9712 0.0051 0.2761 -0.9816 0.0195 0.2603 -1.0011 0.0303 0.2473 -1.0169 -0.0249 0.3022 -1.0189 -0.0087 0.2855 -1.0238 0.0041 0.2719 -1.0317 0.014 0.261 -1.0295 -0.0073 0.283
187.0 -1.0563 -0.0211 0.2944 -0.9919 -0.0521 0.3325 -0.9726 -0.0171 0.2986 -0.9712 0.0051 0.2761 -0.9816 0.0195 0.2603 -1.0011 0.0303 0.2473 -1.0169 -0.0249 0.3022 -1.0189 -0.0087 0.2855 -1.0238 0.0041 0.2719 -1.0317 0.014 0.261 -1.0295 -0.0073 0.283
187.0 -1.0563 -0.0211 0.2944 -0.9919 -0.0521 0.3325 -0.9726 -0.0171 0.2986 -0.9712 0.0051 0.2761 -0.9816 0.0195 0.2603 -1.0011 0.0303 0.2473 -1.0169 -0.0249 0.3022 -1.0189 -0.0087 0.2855 -1.0238 0.0041 0.2719 -1.0317 0.014 0.261 -1.0295 -0.0073 0.283
