1.0 -1.2262 0.0494 0.2054 -1.156 0.0308 0.2314 -1.1119 0.0453 0.221 -1.1106 0.0626 0.2035 -1.1266 0.0739 0.1903 -1.1498 0.0805 0.1812 -1.1671 0.044 0.2169 -1.1679 0.0536 0.2069 -1.1747 0.0619 0.1978 -1.1847 0.0691 0.1895 -1.1841 0.0556 0.2033
2.0 -1.2244 0.0497 0.2054 -1.156 0.0308 0.2314 -1.1118 0.0447 0.2216 -1.1105 0.062 0.2041 -1.1256 0.0728 0.1915 -1.1496 0.0793 0.1825 -1.1671 0.044 0.2169 -1.1679 0.0536 0.2069 -1.1737 0.0614 0.1984 -1.1847 0.0691 0.1895 -1.1836 0.0556 0.2034
3.0 -1.2253 0.0496 0.2054 -1.1552 0.0309 0.2314 -1.1118 0.0447 0.2216 -1.1096 0.0621 0.204 -1.1257 0.0734 0.1909 -1.1487 0.0794 0.1824 -1.1663 0.0441 0.2169 -1.1678 0.053 0.2075 -1.1737 0.0614 0.1984 -1.1838 0.0686 0.1901 -1.1834 0.0553 0.2036
4.0 -1.2244 0.0497 0.2054 -1.1561 0.0314 0.2308 -1.1118 0.0447 0.2216 -1.1112 0.0613 0.2047 -1.1257 0.0734 0.1909 -1.1495 0.0787 0.1831 -1.1672 0.0446 0.2163 -1.1679 0.0536 0.2069 -1.1738 0.062 0.1978 -1.1847 0.0691 0.1895 -1.1836 0.0558 0.2032
5.0 -1.2253 0.0496 0.2054 -1.1552 0.0309 0.2314 -1.1109 0.0442 0.2222 -1.1096 0.0621 0.204 -1.1257 0.0734 0.1909 -1.1487 0.0794 0.1824 -1.1662 0.0435 0.2175 -1.167 0.0532 0.2075 -1.1728 0.0615 0.1984 -1.1838 0.0686 0.1901 -1.183 0.0553 0.2038
6.0 -1.2253 0.0496 0.2054 -1.1569 0.0307 0.2315 -1.1118 0.0447 0.2216 -1.1096 0.0621 0.204 -1.1265 0.0733 0.191 -1.1496 0.0793 0.1825 -1.167 0.0434 0.2175 -1.1678 0.053 0.2075 -1.1736 0.0608 0.199 -1.1845 0.0679 0.1907 -1.1837 0.0549 0.204
7.0 -1.2235 0.0492 0.206 -1.1552 0.0309 0.2314 -1.1109 0.0442 0.2222 -1.1088 0.0622 0.204 -1.1266 0.0739 0.1903 -1.1496 0.0793 0.1825 -1.1653 0.0436 0.2174 -1.167 0.0532 0.2075 -1.1728 0.0615 0.1984 -1.1838 0.0686 0.1901 -1.1825 0.0552 0.2039
8.0 -1.2243 0.0491 0.206 -1.1552 0.0309 0.2314 -1.1109 0.0442 0.2222 -1.1095 0.0615 0.2047 -1.1264 0.0727 0.1916 -1.1496 0.0793 0.1825 -1.1662 0.0435 0.2175 -1.167 0.0532 0.2075 -1.1728 0.0615 0.1984 -1.1838 0.0686 0.1901 -1.1828 0.0552 0.2039
9.0 -1.2236 0.0498 0.2053 -1.1567 0.0295 0.2327 -1.1111 0.0454 0.221 -1.1086 0.0616 0.2046 -1.1248 0.0735 0.1909 -1.148 0.0802 0.1818 -1.1662 0.0435 0.2175 -1.167 0.0532 0.2075 -1.1727 0.0609 0.199 -1.1829 0.0687 0.19 -1.1825 0.0552 0.2039
10.0 -1.2235 0.0492 0.206 -1.1551 0.0303 0.232 -1.1108 0.0436 0.2228 -1.1104 0.0614 0.2047 -1.1274 0.0732 0.191 -1.1495 0.0787 0.1831 -1.1669 0.0428 0.2181 -1.1669 0.0526 0.2081 -1.1737 0.0614 0.1984 -1.1838 0.0686 0.1901 -1.1829 0.0549 0.2041
11.0 -1.2242 0.0485 0.2066 -1.1569 0.0307 0.2315 -1.1116 0.0435 0.2229 -1.1103 0.0608 0.2053 -1.1255 0.0722 0.1922 -1.1485 0.0782 0.1837 -1.1662 0.0435 0.2175 -1.167 0.0532 0.2075 -1.1736 0.0608 0.199 -1.1846 0.0685 0.1901 -1.1831 0.0549 0.2041
12.0 -1.2252 0.049 0.206 -1.156 0.0308 0.2314 -1.1109 0.0442 0.2222 -1.1096 0.0621 0.204 -1.1274 0.0732 0.191 -1.1504 0.0792 0.1825 -1.167 0.0434 0.2175 -1.1678 0.053 0.2075 -1.1737 0.0614 0.1984 -1.1846 0.0685 0.1901 -1.1837 0.0551 0.2039
13.0 -1.2252 0.049 0.206 -1.1552 0.0309 0.2314 -1.1109 0.0442 0.2222 -1.1105 0.062 0.2041 -1.1275 0.0738 0.1904 -1.1504 0.0792 0.1825 -1.1663 0.0441 0.2169 -1.1679 0.0536 0.2069 -1.1747 0.0619 0.1978 -1.1847 0.0691 0.1895 -1.1838 0.0555 0.2034
14.0 -1.2237 0.0504 0.2047 -1.1536 0.0318 0.2307 -1.1101 0.0449 0.2215 -1.1089 0.0628 0.2034 -1.1258 0.074 0.1903 -1.1488 0.08 0.1818 -1.1653 0.0436 0.2174 -1.1661 0.0533 0.2075 -1.172 0.0616 0.1983 -1.1821 0.0694 0.1894 -1.1818 0.0557 0.2035
15.0 -1.2236 0.0498 0.2053 -1.1543 0.031 0.2314 -1.1102 0.0455 0.2209 -1.1089 0.0628 0.2034 -1.1249 0.0741 0.1903 -1.1481 0.0808 0.1812 -1.1646 0.0443 0.2168 -1.1654 0.054 0.2068 -1.1721 0.0622 0.1977 -1.183 0.0693 0.1894 -1.1817 0.0559 0.2032
16.0 -1.2228 0.0505 0.2047 -1.1553 0.0315 0.2308 -1.1096 0.0469 0.2196 -1.109 0.0634 0.2028 -1.1242 0.0748 0.1896 -1.1481 0.0808 0.1812 -1.1647 0.0449 0.2162 -1.1655 0.0546 0.2062 -1.1721 0.0622 0.1977 -1.1821 0.0694 0.1894 -1.1814 0.0563 0.2028
17.0 -1.2228 0.0505 0.2047 -1.1543 0.031 0.2314 -1.1103 0.0461 0.2203 -1.109 0.0634 0.2028 -1.1242 0.0748 0.1896 -1.1482 0.0813 0.1806 -1.1647 0.0449 0.2162 -1.1655 0.0546 0.2062 -1.1712 0.0624 0.1977 -1.1814 0.0701 0.1887 -1.1811 0.0565 0.2027
18.0 -1.2227 0.0499 0.2053 -1.1536 0.0318 0.2307 -1.1095 0.0463 0.2203 -1.109 0.0634 0.2028 -1.1223 0.0745 0.1902 -1.1473 0.0815 0.1805 -1.1638 0.045 0.2161 -1.1646 0.0547 0.2062 -1.1712 0.0624 0.1977 -1.1813 0.0695 0.1893 -1.1807 0.0563 0.2029
19.0 -1.2219 0.05 0.2053 -1.1534 0.0312 0.2313 -1.1096 0.0469 0.2196 -1.1082 0.0641 0.2021 -1.1224 0.075 0.1895 -1.1473 0.0815 0.1805 -1.1638 0.045 0.2161 -1.1646 0.0547 0.2062 -1.1713 0.063 0.1971 -1.1823 0.07 0.1887 -1.1808 0.0565 0.2027
20.0 -1.2219 0.05 0.2053 -1.1536 0.0318 0.2307 -1.1103 0.0461 0.2203 -1.109 0.0634 0.2028 -1.1233 0.0749 0.1896 -1.1481 0.0808 0.1812 -1.1647 0.0449 0.2162 -1.1655 0.0546 0.2062 -1.1721 0.0622 0.1977 -1.1823 0.07 0.1887 -1.1813 0.0564 0.2028
21.0 -1.221 0.0501 0.2052 -1.1536 0.0318 0.2307 -1.1095 0.0463 0.2203 -1.1082 0.0641 0.2021 -1.1242 0.0748 0.1896 -1.148 0.0802 0.1818 -1.1638 0.045 0.2161 -1.1646 0.0547 0.2062 -1.1712 0.0624 0.1977 -1.1814 0.0701 0.1887 -1.1804 0.0565 0.2028
22.0 -1.2236 0.0498 0.2053 -1.1527 0.0319 0.2307 -1.1095 0.0463 0.2203 -1.1082 0.0641 0.2021 -1.1242 0.0748 0.1896 -1.1482 0.0813 0.1806 -1.1638 0.045 0.2161 -1.1646 0.0547 0.2062 -1.1712 0.0624 0.1977 -1.1813 0.0695 0.1893 -1.1809 0.0563 0.2029
23.0 -1.222 0.0506 0.2046 -1.1537 0.0324 0.2301 -1.1095 0.0463 0.2203 -1.1081 0.0635 0.2027 -1.1242 0.0748 0.1896 -1.1473 0.0815 0.1805 -1.1638 0.045 0.2161 -1.1655 0.0546 0.2062 -1.1712 0.0624 0.1977 -1.1821 0.0694 0.1894 -1.1809 0.0564 0.2028
24.0 -1.2219 0.05 0.2053 -1.1536 0.0318 0.2307 -1.1087 0.047 0.2196 -1.1082 0.0641 0.2021 -1.1233 0.0749 0.1896 -1.1473 0.0815 0.1805 -1.1638 0.045 0.2161 -1.1646 0.0547 0.2062 -1.1712 0.0624 0.1977 -1.1814 0.0701 0.1887 -1.1806 0.0565 0.2028
25.0 -1.222 0.0506 0.2046 -1.1536 0.0318 0.2307 -1.108 0.0477 0.219 -1.1073 0.0643 0.2021 -1.1233 0.0749 0.1896 -1.1465 0.0816 0.1805 -1.1629 0.0451 0.2161 -1.1646 0.0547 0.2062 -1.1705 0.0631 0.197 -1.1814 0.0701 0.1887 -1.1803 0.0567 0.2025
26.0 -1.2211 0.0507 0.2046 -1.1537 0.0324 0.2301 -1.1087 0.047 0.2196 -1.1082 0.0641 0.2021 -1.1233 0.0749 0.1896 -1.1463 0.081 0.1811 -1.1629 0.0451 0.2161 -1.1646 0.0547 0.2062 -1.1704 0.0625 0.1976 -1.1814 0.0701 0.1887 -1.1801 0.0566 0.2026
27.0 -1.2219 0.05 0.2053 -1.1519 0.0326 0.23 -1.1086 0.0464 0.2202 -1.1073 0.0643 0.2021 -1.1233 0.0749 0.1896 -1.1463 0.081 0.1811 -1.1629 0.0451 0.2161 -1.1646 0.0547 0.2062 -1.1705 0.0631 0.197 -1.1814 0.0701 0.1887 -1.1803 0.0566 0.2027
28.0 -1.2213 0.0519 0.2034 -1.1529 0.0331 0.2294 -1.1079 0.0471 0.2196 -1.1072 0.0637 0.2027 -1.1216 0.0752 0.1895 -1.1455 0.0811 0.1811 -1.163 0.0457 0.2155 -1.1646 0.0547 0.2062 -1.1704 0.0625 0.1976 -1.1813 0.0695 0.1893 -1.1801 0.0569 0.2024
29.0 -1.2202 0.0509 0.2046 -1.1502 0.0328 0.23 -1.107 0.0472 0.2195 -1.1064 0.0638 0.2027 -1.1223 0.0745 0.1902 -1.1454 0.0805 0.1817 -1.1621 0.0453 0.2161 -1.1638 0.0548 0.2061 -1.1704 0.0625 0.1976 -1.1804 0.0697 0.1893 -1.1794 0.0566 0.2027
30.0 -1.2066 0.0484 0.2084 -1.1369 0.0322 0.232 -1.0933 0.0442 0.224 -1.0917 0.0603 0.2077 -1.1075 0.0703 0.1958 -1.1298 0.0771 0.1867 -1.1492 0.0421 0.2206 -1.1498 0.0506 0.2118 -1.1546 0.0579 0.2039 -1.1636 0.064 0.1968 -1.1648 0.0526 0.2083
31.0 -1.1996 0.0487 0.2088 -1.1299 0.0325 0.2323 -1.0879 0.0437 0.2251 -1.0865 0.061 0.2075 -1.1032 0.0709 0.1957 -1.1245 0.0766 0.1878 -1.143 0.0417 0.2216 -1.1436 0.0502 0.2128 -1.1492 0.0574 0.2049 -1.1583 0.0641 0.1972 -1.1588 0.0524 0.2091
32.0 -1.1941 0.0471 0.2111 -1.1221 0.033 0.2326 -1.0801 0.0441 0.2254 -1.0786 0.0608 0.2085 -1.0959 0.0695 0.1979 -1.1163 0.0753 0.1899 -1.1359 0.0415 0.2225 -1.1365 0.0499 0.2138 -1.1412 0.0566 0.2065 -1.1502 0.0628 0.1994 -1.1516 0.0516 0.2107
33.0 -1.1754 0.0459 0.2141 -1.107 0.0319 0.2352 -1.0642 0.0438 0.2273 -1.0644 0.0603 0.2104 -1.0793 0.0699 0.1991 -1.1023 0.0753 0.1913 -1.1217 0.0409 0.2245 -1.1223 0.0494 0.2158 -1.1271 0.0567 0.2078 -1.1354 0.0635 0.2 -1.1364 0.0513 0.2124
34.0 -1.1687 0.048 0.2126 -1.0965 0.0327 0.2354 -1.0553 0.0432 0.2288 -1.0548 0.0604 0.2113 -1.0716 0.0709 0.1988 -1.0961 0.0755 0.1917 -1.1109 0.0393 0.2272 -1.1101 0.0498 0.2165 -1.1152 0.0589 0.2068 -1.1244 0.0662 0.1984 -1.1259 0.0525 0.2123
35.0 -1.1582 0.0482 0.2134 -1.0859 0.0323 0.2368 -1.0454 0.0421 0.2309 -1.0438 0.0582 0.2146 -1.0629 0.0666 0.2041 -1.0864 0.0701 0.1981 -1.0994 0.0391 0.2286 -1.0993 0.0482 0.2193 -1.1043 0.0567 0.2101 -1.1135 0.064 0.2017 -1.1149 0.0513 0.2146
36.0 -1.1522 0.049 0.2132 -1.077 0.0317 0.2384 -1.0386 0.0436 0.23 -1.0359 0.058 0.2155 -1.0526 0.068 0.2037 -1.0744 0.0718 0.1977 -1.0925 0.04 0.2284 -1.0931 0.0485 0.2196 -1.098 0.0564 0.2111 -1.108 0.0629 0.2034 -1.1088 0.0514 0.2151
37.0 -1.1458 0.0475 0.2154 -1.0667 0.0331 0.238 -1.0277 0.0414 0.2333 -1.0277 0.0567 0.2177 -1.0444 0.0666 0.2059 -1.0675 0.0727 0.1974 -1.0851 0.0379 0.2312 -1.0866 0.0463 0.2225 -1.0925 0.0547 0.2134 -1.1026 0.0625 0.2044 -1.1025 0.0498 0.2174
38.0 -1.1371 0.048 0.2157 -1.0604 0.0321 0.2396 -1.0163 0.0417 0.2341 -1.0192 0.0584 0.2168 -1.0339 0.0668 0.2067 -1.0605 0.073 0.1978 -1.0789 0.0376 0.2322 -1.0796 0.0466 0.2229 -1.0863 0.0549 0.2138 -1.0973 0.062 0.2054 -1.0958 0.0498 0.218
39.0 -1.1156 0.046 0.2199 -1.0465 0.0383 0.2347 -1.0082 0.0404 0.2363 -1.0101 0.0566 0.2195 -1.0261 0.0673 0.207 -1.0516 0.0724 0.1993 -1.0628 0.0361 0.2353 -1.0643 0.0444 0.2266 -1.0699 0.0516 0.2187 -1.0799 0.0582 0.211 -1.0785 0.0473 0.2223
40.0 -1.1012 0.0443 0.2231 -1.0391 0.0411 0.2325 -0.9977 0.0412 0.2365 -0.9996 0.0568 0.2204 -1.0208 0.0674 0.2075 -1.0443 0.0709 0.2015 -1.0522 0.0357 0.2368 -1.0546 0.0445 0.2275 -1.0605 0.0529 0.2184 -1.0686 0.0591 0.2112 -1.0674 0.0473 0.2234
41.0 -1.0895 0.0428 0.2257 -1.0307 0.0337 0.241 -0.9889 0.0412 0.2375 -0.9915 0.0561 0.2219 -1.0129 0.0672 0.2084 -1.037 0.0695 0.2037 -1.0424 0.0352 0.2383 -1.0449 0.044 0.229 -1.0505 0.0512 0.2211 -1.0596 0.0579 0.2133 -1.0574 0.0462 0.2255
42.0 -1.0847 0.0453 0.2237 -1.0319 0.0402 0.2341 -0.9846 0.0417 0.2373 -0.9844 0.0552 0.2235 -1.0066 0.0669 0.2094 -1.0256 0.0698 0.2045 -1.0347 0.0362 0.238 -1.0344 0.0448 0.2292 -1.0393 0.0527 0.2207 -1.0466 0.059 0.2135 -1.048 0.0476 0.225
43.0 -1.0763 0.0428 0.2271 -1.0136 0.0415 0.2347 -0.9769 0.0428 0.237 -0.9793 0.0565 0.2227 -0.999 0.0685 0.2085 -1.0226 0.0726 0.2019 -1.0277 0.0365 0.2383 -1.0301 0.0454 0.2291 -1.035 0.0533 0.2205 -1.0433 0.0601 0.2127 -1.0425 0.0476 0.2255
44.0 -1.0708 0.0417 0.2288 -1.0044 0.044 0.2331 -0.9715 0.0423 0.238 -0.9749 0.0565 0.2232 -0.9935 0.0674 0.2102 -1.0155 0.0724 0.2029 -1.0225 0.0366 0.2388 -1.0255 0.0442 0.2308 -1.0313 0.0519 0.2222 -1.0394 0.0582 0.2151 -1.0379 0.0465 0.2271
45.0 -1.0668 0.0435 0.2274 -1.0052 0.0438 0.2331 -0.968 0.0421 0.2385 -0.9706 0.0571 0.223 -0.9905 0.0654 0.2125 -1.0131 0.0684 0.2072 -1.0154 0.0364 0.2397 -1.017 0.0459 0.2298 -1.0228 0.0537 0.2213 -1.0309 0.0599 0.2141 -1.0306 0.0479 0.2265
46.0 -1.0632 0.0433 0.2278 -1.0034 0.0435 0.2336 -0.9629 0.0434 0.2377 -0.9645 0.0573 0.2234 -0.9873 0.067 0.2112 -1.0119 0.0668 0.209 -1.0102 0.0371 0.2395 -1.0117 0.0454 0.2308 -1.0183 0.0531 0.2224 -1.0272 0.0586 0.2158 -1.0261 0.0475 0.2273
47.0 -1.0671 0.0453 0.2255 -1.0084 0.0416 0.2351 -0.9594 0.0433 0.2382 -0.9618 0.057 0.2239 -0.9817 0.0653 0.2134 -1.0055 0.0652 0.2112 -1.0119 0.0368 0.2396 -1.0133 0.0446 0.2315 -1.0189 0.0518 0.2236 -1.0287 0.0572 0.2171 -1.028 0.0471 0.2275
48.0 -1.0695 0.0443 0.2262 -1.001 0.0346 0.2429 -0.955 0.0433 0.2386 -0.9565 0.0571 0.2243 -0.9738 0.0652 0.2144 -1.0007 0.0683 0.2086 -1.0102 0.0371 0.2395 -1.0107 0.0449 0.2314 -1.017 0.0508 0.2248 -1.0276 0.0561 0.2183 -1.027 0.0466 0.2281
49.0 -1.0462 0.0414 0.2316 -0.9833 0.0444 0.2347 -0.9479 0.043 0.2396 -0.9521 0.0571 0.2248 -0.9683 0.0641 0.216 -0.988 0.0657 0.2124 -0.996 0.0365 0.2415 -0.9983 0.0442 0.2334 -1.0037 0.0502 0.2268 -1.0108 0.0553 0.2208 -1.011 0.0455 0.2308
50.0 -1.0502 0.0445 0.228 -0.9864 0.0366 0.2424 -0.9453 0.0434 0.2395 -0.9513 0.0572 0.2248 -0.9653 0.0669 0.2134 -0.9926 0.0718 0.2057 -0.9927 0.0376 0.2407 -0.9944 0.0471 0.2308 -1.0018 0.0541 0.223 -1.0116 0.0601 0.2159 -1.0101 0.0487 0.2277
51.0 -1.0473 0.043 0.2297 -0.9785 0.0371 0.2427 -0.9407 0.0422 0.2412 -0.9468 0.0566 0.2258 -0.9635 0.0666 0.214 -0.9926 0.0718 0.2057 -0.9917 0.0371 0.2413 -0.9941 0.0453 0.2327 -1.0022 0.0516 0.2255 -1.0137 0.0567 0.2191 -1.0098 0.0468 0.2296
52.0 -1.0377 0.0431 0.2306 -0.9497 0.0434 0.2391 -0.9384 0.0437 0.2399 -0.9452 0.0574 0.2251 -0.9608 0.0663 0.2145 -0.9896 0.0698 0.2081 -0.9848 0.0374 0.2417 -0.9895 0.0441 0.2344 -0.9968 0.0511 0.2265 -1.0065 0.0559 0.2207 -1.003 0.0463 0.2308
53.0 -1.0341 0.043 0.2311 -0.9719 0.0392 0.2412 -0.933 0.0432 0.2409 -0.9388 0.0565 0.2268 -0.9592 0.0672 0.2138 -0.996 0.0665 0.2109 -0.981 0.0361 0.2434 -0.9825 0.0445 0.2347 -0.9899 0.0514 0.2269 -1.0004 0.0561 0.221 -0.9976 0.0462 0.2314
54.0 -1.0261 0.0422 0.2327 -0.9705 0.0412 0.2392 -0.9286 0.0432 0.2414 -0.9354 0.0569 0.2266 -0.9564 0.0663 0.215 -0.9919 0.0633 0.2145 -0.9738 0.0353 0.245 -0.9763 0.0441 0.2357 -0.9836 0.051 0.2279 -0.9941 0.0557 0.222 -0.9908 0.0457 0.2327
55.0 -1.0276 0.0408 0.234 -0.9608 0.0413 0.2401 -0.9259 0.0429 0.2419 -0.9327 0.0567 0.2272 -0.9546 0.0659 0.2155 -0.9806 0.0691 0.2097 -0.9747 0.0351 0.245 -0.9787 0.0431 0.2364 -0.987 0.05 0.2286 -0.9985 0.0557 0.2216 -0.9933 0.045 0.2331
56.0 -1.0163 0.0417 0.2341 -0.935 0.0399 0.2441 -0.9123 0.0454 0.2407 -0.9189 0.0579 0.2272 -0.939 0.0674 0.2155 -0.9687 0.0714 0.2086 -0.9628 0.0374 0.2439 -0.9675 0.0441 0.2366 -0.9755 0.0497 0.2301 -0.9878 0.0547 0.2237 -0.982 0.0455 0.2337
57.0 -1.0089 0.0397 0.237 -0.9213 0.0417 0.2436 -0.9073 0.0473 0.2393 -0.9153 0.0578 0.2277 -0.9356 0.0679 0.2154 -0.9662 0.0723 0.2079 -0.9541 0.0379 0.2442 -0.9604 0.0438 0.2376 -0.9711 0.0497 0.2305 -0.9843 0.0546 0.2242 -0.9757 0.0451 0.2347
58.0 -1.0039 0.041 0.2362 -0.9147 0.0444 0.2415 -0.9029 0.0473 0.2397 -0.913 0.0593 0.2264 -0.933 0.0682 0.2153 -0.9627 0.0722 0.2083 -0.9507 0.039 0.2435 -0.9579 0.0447 0.2369 -0.9676 0.0501 0.2304 -0.9808 0.0551 0.224 -0.9722 0.046 0.2342
59.0 -0.9981 0.043 0.2347 -0.9049 0.0488 0.2379 -0.9008 0.05 0.2372 -0.9124 0.0613 0.2245 -0.9312 0.0679 0.2159 -0.9593 0.0726 0.2082 -0.9442 0.0417 0.2413 -0.9521 0.0467 0.2354 -0.9627 0.052 0.2289 -0.9758 0.0564 0.2232 -0.9666 0.048 0.2327
60.0 -1.004 0.0471 0.2299 -0.9393 0.0692 0.2137 -0.8984 0.0564 0.2308 -0.898 0.0644 0.2227 -0.9124 0.0661 0.2195 -0.9415 0.0714 0.2113 -0.9507 0.0439 0.2385 -0.9525 0.0491 0.2329 -0.9577 0.0539 0.2275 -0.9666 0.0594 0.221 -0.9663 0.0507 0.23
61.0 -1.0032 0.0472 0.2299 -0.9072 0.0516 0.2349 -0.8906 0.0575 0.2305 -0.8955 0.0654 0.222 -0.9144 0.0677 0.2177 -0.9409 0.0733 0.2094 -0.944 0.046 0.237 -0.9494 0.0514 0.2309 -0.9565 0.0571 0.2243 -0.967 0.0618 0.2185 -0.964 0.0527 0.2281
62.0 -0.9811 0.0514 0.2278 -0.8939 0.0558 0.2319 -0.8856 0.0588 0.2297 -0.8955 0.0654 0.222 -0.91 0.0677 0.2182 -0.9251 0.0687 0.2156 -0.9281 0.0506 0.2339 -0.9336 0.0566 0.2272 -0.9406 0.0617 0.2212 -0.9483 0.0656 0.2165 -0.9463 0.0572 0.2253
63.0 -0.9853 0.0508 0.228 -0.8983 0.0558 0.2314 -0.8828 0.0579 0.2308 -0.8914 0.0671 0.2206 -0.9058 0.0689 0.2174 -0.9193 0.0707 0.2142 -0.9321 0.0482 0.2359 -0.935 0.0545 0.2291 -0.9403 0.0599 0.2231 -0.9455 0.0641 0.2183 -0.9476 0.0555 0.2269
64.0 -0.9861 0.0501 0.2286 -0.8985 0.057 0.2302 -0.8829 0.0585 0.2302 -0.8887 0.0663 0.2217 -0.9057 0.0683 0.218 -0.9212 0.0711 0.2136 -0.9344 0.0461 0.2378 -0.9375 0.0536 0.2298 -0.9421 0.0603 0.2225 -0.9485 0.0662 0.2159 -0.9497 0.0552 0.2269
65.0 -0.9876 0.0487 0.2299 -0.9023 0.059 0.2279 -0.8797 0.0602 0.2289 -0.8849 0.065 0.2234 -0.8977 0.0675 0.2196 -0.914 0.0702 0.2152 -0.9309 0.0465 0.2377 -0.9337 0.0523 0.2316 -0.939 0.0577 0.2255 -0.9452 0.0629 0.2195 -0.9473 0.0536 0.2288
66.0 -0.9768 0.052 0.2276 -0.8937 0.065 0.2225 -0.8766 0.063 0.2262 -0.8791 0.067 0.222 -0.8897 0.0674 0.2205 -0.9065 0.0676 0.2186 -0.9227 0.0495 0.2355 -0.927 0.0544 0.2301 -0.9323 0.0592 0.2246 -0.9392 0.0637 0.2193 -0.9396 0.0558 0.2274
67.0 -0.9707 0.0528 0.2274 -0.873 0.0623 0.2273 -0.8759 0.0637 0.2256 -0.8982 0.0656 0.2215 -0.9132 0.066 0.2195 -0.925 0.0681 0.2162 -0.9167 0.0509 0.2347 -0.9233 0.058 0.2268 -0.9314 0.0642 0.2196 -0.9391 0.068 0.2149 -0.9362 0.0588 0.2247
68.0 -0.97 0.0535 0.2267 -0.8722 0.063 0.2267 -0.8701 0.0657 0.2241 -0.8781 0.0714 0.2176 -0.8946 0.0753 0.2119 -0.9132 0.0758 0.2095 -0.9117 0.0522 0.2338 -0.9174 0.0594 0.2259 -0.9246 0.0657 0.2187 -0.9332 0.0694 0.2141 -0.9314 0.06 0.2239
69.0 -0.97 0.0535 0.2267 -0.8756 0.0668 0.2224 -0.866 0.0675 0.2227 -0.8668 0.0668 0.2234 -0.8727 0.0654 0.2242 -0.8815 0.0605 0.2283 -0.9114 0.0608 0.2251 -0.9148 0.0597 0.2258 -0.9179 0.0575 0.2278 -0.9207 0.0534 0.2317 -0.927 0.057 0.2274
70.0 -0.9648 0.0542 0.2265 -0.8655 0.0645 0.2258 -0.8647 0.0652 0.2251 -0.8745 0.0707 0.2187 -0.8893 0.0748 0.213 -0.9062 0.0761 0.2099 -0.9048 0.0531 0.2336 -0.9121 0.0595 0.2264 -0.921 0.065 0.2198 -0.9287 0.0688 0.2151 -0.9263 0.0601 0.2243
71.0 -0.9655 0.0529 0.2278 -0.8709 0.0705 0.2191 -0.8606 0.067 0.2237 -0.8642 0.0672 0.2233 -0.8758 0.068 0.2212 -0.8923 0.067 0.2206 -0.9045 0.0562 0.2304 -0.9101 0.0579 0.2282 -0.9165 0.0595 0.2259 -0.9228 0.0605 0.2243 -0.9239 0.0574 0.2273
72.0 -0.9629 0.0532 0.2277 -0.8585 0.0649 0.2262 -0.8593 0.0696 0.2212 -0.8669 0.0729 0.2171 -0.8832 0.0756 0.2128 -0.9027 0.076 0.2104 -0.8999 0.055 0.2321 -0.9078 0.06 0.2262 -0.9174 0.0649 0.2203 -0.9269 0.0685 0.2157 -0.923 0.0603 0.2244
73.0 -0.9639 0.0537 0.2271 -0.8598 0.0671 0.2237 -0.8586 0.0704 0.2205 -0.8683 0.0758 0.214 -0.8848 0.0796 0.2084 -0.9045 0.0813 0.2048 -0.9029 0.057 0.2298 -0.9108 0.0621 0.2238 -0.9204 0.0669 0.2179 -0.929 0.0706 0.2133 -0.9254 0.0621 0.2224
74.0 -0.9605 0.0548 0.2264 -0.8609 0.0786 0.2119 -0.863 0.0856 0.2045 -0.8749 0.0932 0.1956 -0.8865 0.0941 0.1935 -0.9 0.091 0.1953 -0.897 0.0585 0.2289 -0.9062 0.0609 0.2255 -0.9157 0.0651 0.2203 -0.9243 0.0688 0.2156 -0.9207 0.0616 0.2233
75.0 -0.9548 0.0574 0.2243 -0.8623 0.0766 0.2138 -0.8596 0.0861 0.2043 -0.8777 0.094 0.1944 -0.8921 0.0958 0.1912 -0.9065 0.0926 0.193 -0.8938 0.0607 0.2269 -0.9034 0.0649 0.2217 -0.9138 0.069 0.2164 -0.924 0.0719 0.2125 -0.918 0.0648 0.2203
76.0 -0.9556 0.0566 0.2249 -0.865 0.0768 0.2133 -0.8624 0.0869 0.2032 -0.8812 0.0942 0.1939 -0.8901 0.0948 0.1924 -0.8962 0.0891 0.1976 -0.8951 0.0581 0.2295 -0.9017 0.0603 0.2266 -0.9093 0.0635 0.2225 -0.9161 0.0675 0.2178 -0.9156 0.0612 0.2242
77.0 -0.9532 0.0582 0.2236 -0.8831 0.0848 0.2034 -0.8714 0.0882 0.2011 -0.8779 0.0903 0.1982 -0.8735 0.0903 0.1986 -0.8683 0.0806 0.2091 -0.8969 0.0579 0.2295 -0.8966 0.0567 0.2308 -0.8969 0.0579 0.2295 -0.8974 0.0608 0.2264 -0.9082 0.0583 0.228
78.0 -0.9525 0.0589 0.2229 -0.8665 0.0754 0.2146 -0.8765 0.0875 0.2013 -0.8985 0.0876 0.199 -0.9025 0.0901 0.196 -0.9017 0.0853 0.201 -0.8941 0.057 0.2307 -0.8997 0.0593 0.2278 -0.9066 0.0633 0.223 -0.9135 0.0672 0.2183 -0.9133 0.0611 0.2245
79.0 -0.9508 0.0597 0.2222 -0.8772 0.0813 0.2075 -0.8752 0.0846 0.2043 -0.8941 0.0821 0.2051 -0.898 0.0846 0.2021 -0.8879 0.0823 0.2054 -0.8964 0.0555 0.232 -0.8982 0.0552 0.2321 -0.9004 0.058 0.229 -0.9021 0.0626 0.2241 -0.9096 0.0582 0.2279
80.0 -0.952 0.0614 0.2204 -0.8826 0.0818 0.2065 -0.8961 0.0787 0.2083 -0.8998 0.0795 0.2071 -0.9051 0.08 0.2061 -0.8808 0.0765 0.212 -0.8948 0.0563 0.2313 -0.8956 0.0556 0.232 -0.8966 0.0567 0.2308 -0.898 0.0595 0.2277 -0.9074 0.0579 0.2284
81.0 -0.9526 0.0595 0.2223 -0.8812 0.0789 0.2096 -0.8938 0.0809 0.2063 -0.8976 0.0822 0.2046 -0.9004 0.083 0.2034 -0.8721 0.0771 0.2123 -0.8954 0.0544 0.2332 -0.8961 0.0537 0.2339 -0.8972 0.0548 0.2327 -0.9005 0.0586 0.2284 -0.9083 0.0562 0.2301
82.0 -0.952 0.0614 0.2204 -0.8909 0.0788 0.2087 -0.8985 0.0821 0.2046 -0.9011 0.0823 0.2041 -0.9035 0.0808 0.2054 -0.8787 0.0799 0.2088 -0.8988 0.0588 0.2283 -0.8968 0.0573 0.2301 -0.895 0.0575 0.2301 -0.8943 0.0582 0.2294 -0.9074 0.0586 0.2277
83.0 -0.9465 0.0603 0.2221 -0.8671 0.079 0.2109 -0.8968 0.0774 0.2095 -0.9081 0.0771 0.2087 -0.9151 0.0768 0.2084 -0.9161 0.0772 0.2078 -0.892 0.0555 0.2325 -0.8959 0.0574 0.2301 -0.9 0.0605 0.2265 -0.904 0.0636 0.2229 -0.9077 0.0594 0.2268
84.0 -0.9504 0.0622 0.2197 -0.8933 0.0779 0.2094 -0.9032 0.079 0.2073 -0.9057 0.078 0.208 -0.9046 0.077 0.2092 -0.8922 0.0762 0.2112 -0.8978 0.0583 0.2289 -0.8949 0.0569 0.2307 -0.8923 0.0572 0.2306 -0.8907 0.0581 0.2299 -0.9052 0.0586 0.228
85.0 -0.9426 0.0627 0.22 -0.8748 0.0773 0.2118 -0.8954 0.0794 0.2076 -0.8988 0.079 0.2077 -0.9019 0.0767 0.2097 -0.8957 0.0763 0.2107 -0.8926 0.0584 0.2294 -0.8914 0.0568 0.2312 -0.8906 0.0575 0.2305 -0.8916 0.058 0.2299 -0.9017 0.0587 0.2282
86.0 -0.9427 0.0633 0.2194 -0.8789 0.0762 0.2126 -0.8928 0.0798 0.2075 -0.8946 0.0801 0.2069 -0.8979 0.0791 0.2077 -0.8934 0.0785 0.2088 -0.8923 0.0572 0.2306 -0.8912 0.0556 0.2324 -0.8903 0.0557 0.2324 -0.8915 0.0574 0.2306 -0.9016 0.0578 0.2291
87.0 -0.9373 0.0628 0.2205 -0.8782 0.0769 0.2119 -0.8944 0.079 0.2082 -0.902 0.0773 0.2091 -0.9044 0.0758 0.2104 -0.894 0.0766 0.2107 -0.8889 0.0577 0.2305 -0.8878 0.0566 0.2317 -0.8879 0.0572 0.231 -0.8882 0.0584 0.2298 -0.898 0.0586 0.2287
88.0 -0.9407 0.0623 0.2206 -0.881 0.0777 0.2108 -0.8903 0.0807 0.2068 -0.903 0.0778 0.2085 -0.9036 0.0765 0.2098 -0.8796 0.0797 0.2089 -0.8906 0.0575 0.2305 -0.8905 0.0569 0.2311 -0.8898 0.0576 0.2305 -0.8899 0.0582 0.2299 -0.9003 0.0585 0.2285
89.0 -0.9372 0.0622 0.2211 -0.8707 0.0791 0.2104 -0.8916 0.0781 0.2093 -0.9001 0.0764 0.2103 -0.9043 0.0752 0.2111 -0.8896 0.0766 0.2111 -0.8877 0.056 0.2323 -0.8885 0.0553 0.2329 -0.8897 0.057 0.2311 -0.8916 0.058 0.2299 -0.8989 0.0577 0.2295
90.0 -0.94 0.063 0.2199 -0.8756 0.0772 0.2118 -0.8954 0.0794 0.2076 -0.9005 0.0787 0.2078 -0.9031 0.0784 0.2079 -0.895 0.0776 0.2095 -0.8923 0.0572 0.2306 -0.8912 0.0556 0.2324 -0.8904 0.0563 0.2318 -0.8898 0.0576 0.2305 -0.9007 0.0579 0.229
91.0 -0.9406 0.0617 0.2212 -0.8765 0.0771 0.2119 -0.8953 0.0788 0.2082 -0.9037 0.0771 0.2092 -0.9063 0.0767 0.2093 -0.8938 0.0754 0.2119 -0.8913 0.0562 0.2318 -0.8911 0.055 0.233 -0.8903 0.0557 0.2324 -0.8914 0.0568 0.2312 -0.9009 0.0571 0.2299
92.0 -0.9383 0.0633 0.2199 -0.8774 0.0776 0.2113 -0.8926 0.0786 0.2087 -0.9011 0.0768 0.2097 -0.9027 0.076 0.2104 -0.8948 0.0765 0.2107 -0.8906 0.0575 0.2305 -0.8896 0.0564 0.2317 -0.8888 0.0571 0.2311 -0.8899 0.0582 0.2299 -0.8994 0.0585 0.2286
93.0 -0.9426 0.0627 0.22 -0.8835 0.0768 0.2115 -0.8971 0.0792 0.2077 -0.903 0.0778 0.2085 -0.9045 0.0764 0.2098 -0.8924 0.0774 0.21 -0.8944 0.0588 0.2288 -0.8923 0.0572 0.2306 -0.8898 0.0576 0.2305 -0.8889 0.0577 0.2305 -0.9016 0.0588 0.2281
94.0 -0.9427 0.0633 0.2194 -0.8783 0.0775 0.2113 -0.8903 0.0807 0.2068 -0.8961 0.0787 0.2083 -0.9002 0.077 0.2097 -0.8941 0.0772 0.2101 -0.8927 0.059 0.2287 -0.8915 0.0574 0.2306 -0.8898 0.0576 0.2305 -0.889 0.0583 0.2298 -0.9011 0.0591 0.2278
95.0 -0.9435 0.0632 0.2195 -0.8752 0.0797 0.2093 -0.898 0.0797 0.2071 -0.9022 0.0785 0.2079 -0.9045 0.0764 0.2098 -0.8973 0.0755 0.2114 -0.8935 0.0589 0.2288 -0.8923 0.0572 0.2306 -0.8897 0.057 0.2311 -0.8889 0.0577 0.2305 -0.9016 0.0588 0.2281
96.0 -0.9425 0.0621 0.2207 -0.8774 0.0776 0.2113 -0.8971 0.0792 0.2077 -0.9056 0.0774 0.2086 -0.9079 0.0759 0.21 -0.8904 0.0764 0.2112 -0.8933 0.0577 0.23 -0.8914 0.0568 0.2312 -0.8905 0.0569 0.2311 -0.8899 0.0582 0.2299 -0.9015 0.0583 0.2286
97.0 -0.9488 0.0631 0.219 -0.8812 0.0789 0.2096 -0.8973 0.0804 0.2064 -0.9067 0.0791 0.2068 -0.9099 0.0769 0.2088 -0.8948 0.0765 0.2107 -0.8963 0.0598 0.2276 -0.8943 0.0582 0.2294 -0.8915 0.0574 0.2306 -0.8897 0.057 0.2311 -0.9041 0.0591 0.2276
98.0 -0.9417 0.0628 0.22 -0.8691 0.0799 0.2097 -0.8955 0.08 0.207 -0.9066 0.0785 0.2074 -0.9107 0.0768 0.2088 -0.901 0.0762 0.2103 -0.8915 0.0574 0.2306 -0.8912 0.0556 0.2324 -0.8912 0.0556 0.2324 -0.8914 0.0568 0.2312 -0.9014 0.0576 0.2293
99.0 -0.939 0.0625 0.2205 -0.8764 0.0765 0.2125 -0.8892 0.0797 0.208 -0.8978 0.0785 0.2083 -0.9019 0.0767 0.2097 -0.8914 0.0769 0.2106 -0.8907 0.0581 0.2299 -0.8904 0.0563 0.2318 -0.8897 0.057 0.2311 -0.8906 0.0575 0.2305 -0.9001 0.0583 0.2288
100.0 -0.9452 0.0629 0.2195 -0.874 0.078 0.2111 -0.8964 0.0805 0.2064 -0.9048 0.0782 0.208 -0.9099 0.0769 0.2088 -0.8999 0.0752 0.2115 -0.8925 0.0578 0.23 -0.8912 0.0556 0.2324 -0.8903 0.0557 0.2324 -0.8903 0.0557 0.2324 -0.9019 0.0575 0.2293
101.0 -0.9454 0.0635 0.2189 -0.8758 0.0784 0.2106 -0.8946 0.0801 0.2069 -0.9014 0.0786 0.2078 -0.9056 0.0774 0.2086 -0.8976 0.0773 0.2096 -0.8926 0.0584 0.2294 -0.8922 0.0566 0.2312 -0.8914 0.0568 0.2312 -0.8916 0.058 0.2299 -0.9026 0.0587 0.2281
102.0 -0.9461 0.0628 0.2196 -0.8835 0.0768 0.2115 -0.8988 0.079 0.2077 -0.904 0.0783 0.2079 -0.9081 0.0771 0.2087 -0.8965 0.0756 0.2114 -0.8969 0.0579 0.2295 -0.8939 0.0558 0.2319 -0.8913 0.0562 0.2318 -0.8897 0.057 0.2311 -0.9036 0.0579 0.2288
103.0 -0.9383 0.0633 0.2199 -0.8743 0.0798 0.2093 -0.8911 0.08 0.2074 -0.9013 0.078 0.2085 -0.9054 0.0763 0.2099 -0.8913 0.0763 0.2112 -0.8912 0.0605 0.2274 -0.89 0.0588 0.2293 -0.8891 0.0589 0.2292 -0.889 0.0583 0.2298 -0.8995 0.0599 0.2271
104.0 -0.9434 0.0626 0.2201 -0.8801 0.0778 0.2108 -0.8998 0.0795 0.2071 -0.9099 0.0769 0.2088 -0.9114 0.0754 0.2101 -0.8981 0.0748 0.2121 -0.8936 0.0595 0.2281 -0.8925 0.0578 0.23 -0.8907 0.0581 0.2299 -0.8898 0.0576 0.2305 -0.902 0.0591 0.2277
105.0 -0.9433 0.062 0.2207 -0.8749 0.0779 0.2112 -0.8928 0.0798 0.2075 -0.8996 0.0783 0.2084 -0.9028 0.0766 0.2098 -0.8956 0.0757 0.2114 -0.8918 0.0591 0.2287 -0.8915 0.0574 0.2306 -0.8906 0.0575 0.2305 -0.8916 0.058 0.2299 -0.9018 0.0588 0.2281
106.0 -0.9441 0.0613 0.2214 -0.8725 0.0795 0.2098 -0.8983 0.0809 0.2058 -0.9084 0.0783 0.2075 -0.9106 0.0762 0.2094 -0.8981 0.0748 0.2121 -0.8943 0.0582 0.2294 -0.8931 0.0565 0.2312 -0.8914 0.0568 0.2312 -0.8897 0.057 0.2311 -0.9025 0.0579 0.2289
107.0 -0.9426 0.0627 0.22 -0.8867 0.0751 0.2129 -0.8935 0.0791 0.2082 -0.8963 0.0799 0.207 -0.9005 0.0787 0.2078 -0.8933 0.0779 0.2094 -0.8952 0.0587 0.2288 -0.8932 0.0571 0.2306 -0.8905 0.0569 0.2311 -0.8898 0.0576 0.2305 -0.9023 0.0586 0.2282
108.0 -0.9477 0.062 0.2202 -0.8791 0.0768 0.212 -0.8994 0.0777 0.209 -0.9056 0.0774 0.2086 -0.9078 0.0753 0.2106 -0.8962 0.0744 0.2126 -0.8971 0.0591 0.2283 -0.895 0.0575 0.2301 -0.8925 0.0578 0.23 -0.8907 0.0581 0.2299 -0.9046 0.0589 0.2277
109.0 -0.9454 0.0635 0.2189 -0.8795 0.0791 0.2095 -0.8956 0.0806 0.2064 -0.9016 0.0798 0.2066 -0.9047 0.0776 0.2086 -0.895 0.0776 0.2095 -0.8937 0.0601 0.2275 -0.8927 0.059 0.2287 -0.8908 0.0587 0.2293 -0.8907 0.0581 0.2299 -0.9027 0.0599 0.2269
110.0 -0.9463 0.064 0.2183 -0.8873 0.0787 0.2092 -0.9006 0.0793 0.2072 -0.9038 0.0777 0.2086 -0.9062 0.0761 0.2099 -0.8957 0.0763 0.2107 -0.8954 0.0599 0.2276 -0.8934 0.0583 0.2294 -0.8907 0.0581 0.2299 -0.8899 0.0582 0.2299 -0.9032 0.0597 0.227
111.0 -0.9463 0.064 0.2183 -0.8819 0.0782 0.2102 -0.8913 0.0812 0.2062 -0.893 0.081 0.2063 -0.8971 0.0792 0.2077 -0.8907 0.0782 0.2093 -0.8963 0.0598 0.2276 -0.8942 0.0576 0.23 -0.8923 0.0572 0.2306 -0.8916 0.058 0.2299 -0.9041 0.0593 0.2273
112.0 -0.9468 0.0615 0.2208 -0.8811 0.0783 0.2102 -0.8979 0.0791 0.2077 -0.9031 0.0784 0.2079 -0.9072 0.0766 0.2093 -0.8956 0.0757 0.2114 -0.8951 0.0581 0.2295 -0.8931 0.0565 0.2312 -0.8915 0.0574 0.2306 -0.8907 0.0581 0.2299 -0.9034 0.0583 0.2284
113.0 -0.9474 0.0602 0.2221 -0.8752 0.0797 0.2093 -0.8852 0.0814 0.2066 -0.8981 0.0852 0.2015 -0.9062 0.0859 0.1999 -0.8905 0.077 0.2105 -0.8922 0.0566 0.2312 -0.896 0.058 0.2295 -0.9009 0.061 0.2259 -0.9051 0.0647 0.2217 -0.9083 0.0601 0.2261
114.0 -0.9485 0.0613 0.2209 -0.8712 0.0723 0.2173 -0.8843 0.0815 0.2065 -0.8865 0.0843 0.2035 -0.8901 0.0844 0.203 -0.8882 0.0786 0.2092 -0.8977 0.0577 0.2296 -0.8986 0.0576 0.2296 -0.8996 0.0587 0.2284 -0.9008 0.0604 0.2265 -0.909 0.0591 0.227
115.0 -0.9521 0.062 0.2198 -0.8682 0.0703 0.2197 -0.8741 0.0835 0.2055 -0.8804 0.0894 0.1989 -0.8895 0.0912 0.1961 -0.9015 0.0896 0.1966 -0.897 0.0585 0.2289 -0.9037 0.0618 0.2248 -0.9105 0.0652 0.2207 -0.9172 0.0685 0.2166 -0.9161 0.0632 0.2221
116.0 -0.9547 0.0617 0.2199 -0.8656 0.07 0.2202 -0.8624 0.0821 0.2082 -0.875 0.0889 0.1999 -0.8861 0.0917 0.196 -0.8991 0.0905 0.1959 -0.8952 0.0587 0.2288 -0.9021 0.0626 0.2241 -0.9098 0.0665 0.2194 -0.9167 0.0705 0.2147 -0.9157 0.064 0.2214
117.0 -0.9543 0.0593 0.2224 -0.8631 0.071 0.2195 -0.8634 0.0776 0.2126 -0.8766 0.0881 0.2006 -0.8922 0.0915 0.1956 -0.9084 0.0887 0.1969 -0.8968 0.0573 0.2301 -0.9053 0.061 0.2255 -0.9158 0.0657 0.2196 -0.9253 0.0693 0.215 -0.9195 0.0625 0.2225
118.0 -0.9544 0.0599 0.2218 -0.8716 0.0741 0.2154 -0.8564 0.0731 0.218 -0.8626 0.0784 0.212 -0.8688 0.0787 0.2109 -0.8751 0.0693 0.2199 -0.8994 0.0575 0.2296 -0.9021 0.0578 0.2291 -0.9057 0.0579 0.2286 -0.9093 0.0586 0.2275 -0.9142 0.0583 0.2273
119.0 -0.9613 0.0589 0.222 -0.883 0.0793 0.209 -0.8609 0.0737 0.2169 -0.8682 0.0849 0.2047 -0.8705 0.0834 0.206 -0.8662 0.0687 0.2215 -0.9079 0.0606 0.2256 -0.9084 0.0587 0.2275 -0.9082 0.0575 0.2287 -0.9079 0.0558 0.2306 -0.9188 0.0583 0.2269
120.0 -0.9552 0.0597 0.2218 -0.8697 0.0737 0.216 -0.8561 0.0713 0.2198 -0.8565 0.0737 0.2173 -0.8617 0.073 0.2175 -0.8678 0.0679 0.2221 -0.9032 0.0588 0.2279 -0.9047 0.0574 0.2292 -0.9063 0.0566 0.2299 -0.9072 0.0565 0.2299 -0.9153 0.0578 0.2277
121.0 -0.955 0.0586 0.223 -0.8627 0.0686 0.2219 -0.8539 0.0685 0.2229 -0.8588 0.0715 0.2193 -0.8709 0.0754 0.2141 -0.8835 0.0768 0.2115 -0.8987 0.0533 0.234 -0.9039 0.0581 0.2285 -0.91 0.0628 0.2232 -0.916 0.0669 0.2184 -0.9167 0.0599 0.2254
122.0 -0.9577 0.0588 0.2225 -0.8625 0.0674 0.2232 -0.8547 0.0684 0.2229 -0.861 0.0743 0.2163 -0.8782 0.0818 0.2069 -0.8951 0.0831 0.2038 -0.8972 0.0548 0.2327 -0.9045 0.0611 0.2254 -0.9115 0.0663 0.2195 -0.921 0.0699 0.2148 -0.9184 0.0622 0.223
123.0 -0.9591 0.0568 0.2244 -0.8619 0.0644 0.2263 -0.8529 0.0681 0.2234 -0.8605 0.0762 0.2144 -0.8832 0.0854 0.2028 -0.9115 0.0864 0.1989 -0.8978 0.0534 0.2339 -0.9053 0.061 0.2255 -0.9161 0.0675 0.2178 -0.9282 0.0713 0.2126 -0.9213 0.062 0.2228
124.0 -0.96 0.0567 0.2245 -0.8626 0.0631 0.2276 -0.8517 0.0664 0.2253 -0.8573 0.073 0.218 -0.8745 0.081 0.208 -0.8945 0.0844 0.2026 -0.8979 0.054 0.2333 -0.9037 0.0618 0.2248 -0.9109 0.0676 0.2182 -0.9204 0.0718 0.2129 -0.9186 0.0624 0.2227
125.0 -0.9622 0.0545 0.2264 -0.8623 0.0613 0.2294 -0.8546 0.0678 0.2235 -0.8653 0.0786 0.2114 -0.8856 0.0838 0.2041 -0.9154 0.0834 0.2015 -0.8997 0.0538 0.2334 -0.9081 0.0618 0.2243 -0.9188 0.0677 0.2173 -0.9309 0.0716 0.2121 -0.924 0.0619 0.2227
126.0 -0.9657 0.0541 0.2266 -0.8678 0.0575 0.2328 -0.8532 0.065 0.2266 -0.8601 0.0738 0.2169 -0.8769 0.0795 0.2094 -0.9022 0.0785 0.2079 -0.9079 0.0509 0.2356 -0.9131 0.0599 0.2258 -0.9197 0.0676 0.2173 -0.9284 0.0719 0.212 -0.9269 0.0609 0.2234
127.0 -0.9631 0.0544 0.2265 -0.8685 0.0568 0.2334 -0.8541 0.0649 0.2266 -0.8638 0.0751 0.2151 -0.883 0.0793 0.209 -0.9093 0.0788 0.2069 -0.9054 0.0512 0.2355 -0.9105 0.0603 0.2257 -0.9177 0.0666 0.2185 -0.9273 0.0709 0.2132 -0.9248 0.0607 0.2239
128.0 -0.9664 0.0534 0.2272 -0.8709 0.0553 0.2348 -0.8574 0.0638 0.2274 -0.8638 0.0751 0.2151 -0.8932 0.0773 0.21 -0.9218 0.0795 0.2049 -0.9111 0.0486 0.2376 -0.9154 0.0584 0.2271 -0.923 0.0665 0.218 -0.9337 0.0724 0.211 -0.9299 0.0599 0.2242
129.0 -0.9698 0.0523 0.228 -0.8803 0.054 0.2351 -0.8563 0.0621 0.2292 -0.8656 0.0755 0.2146 -0.9058 0.0738 0.2124 -0.9265 0.0765 0.2076 -0.9099 0.0469 0.2394 -0.9135 0.0574 0.2283 -0.9212 0.0662 0.2186 -0.9311 0.0728 0.2109 -0.9291 0.0591 0.225
130.0 -0.9677 0.0556 0.2248 -0.8806 0.0503 0.2389 -0.8569 0.0608 0.2305 -0.8626 0.068 0.2226 -0.88 0.0723 0.2164 -0.9023 0.0687 0.2179 -0.9085 0.049 0.2375 -0.9119 0.0583 0.2276 -0.9168 0.0662 0.219 -0.9237 0.0707 0.2137 -0.9257 0.0599 0.2245
131.0 -0.9707 0.0528 0.2274 -0.8809 0.0521 0.237 -0.8596 0.0611 0.2299 -0.8647 0.0701 0.2202 -0.8982 0.0705 0.2165 -0.9187 0.072 0.2129 -0.9134 0.0471 0.2389 -0.9163 0.0583 0.2271 -0.9223 0.0673 0.2174 -0.9287 0.0737 0.2101 -0.9303 0.0598 0.2242
132.0 -0.9708 0.0534 0.2268 -0.8802 0.0479 0.2414 -0.8595 0.0605 0.2306 -0.8693 0.0713 0.2185 -0.9055 0.0622 0.2242 -0.9166 0.065 0.2203 -0.9116 0.0516 0.2345 -0.9161 0.062 0.2234 -0.9226 0.069 0.2155 -0.9294 0.073 0.2108 -0.9301 0.0618 0.2222
133.0 -0.975 0.0522 0.2276 -0.8791 0.0468 0.2426 -0.862 0.0595 0.2313 -0.8663 0.0693 0.2208 -0.8984 0.0619 0.2252 -0.9119 0.0632 0.2226 -0.9189 0.0482 0.2372 -0.9226 0.0593 0.2255 -0.9275 0.0672 0.217 -0.9346 0.0723 0.211 -0.9357 0.0598 0.2237
134.0 -0.9752 0.0534 0.2263 -0.8805 0.0448 0.2445 -0.8659 0.0571 0.2333 -0.8679 0.0685 0.2215 -0.8906 0.0575 0.2305 -0.9014 0.0585 0.2284 -0.9177 0.0514 0.2341 -0.922 0.0606 0.2242 -0.9274 0.0666 0.2176 -0.9331 0.0688 0.2147 -0.9351 0.0601 0.2234
135.0 -0.9778 0.053 0.2264 -0.8836 0.0425 0.2465 -0.8673 0.06 0.2302 -0.8716 0.0692 0.2204 -0.9044 0.0605 0.2261 -0.9164 0.0638 0.2215 -0.9187 0.0519 0.2335 -0.924 0.0621 0.2225 -0.9313 0.0685 0.2152 -0.9381 0.0724 0.2105 -0.938 0.0616 0.2216
136.0 -0.9803 0.0521 0.2271 -0.8908 0.0434 0.2449 -0.8737 0.061 0.2286 -0.8743 0.0646 0.2249 -0.8798 0.0608 0.2282 -0.896 0.0531 0.2345 -0.926 0.0533 0.2313 -0.9291 0.056 0.2283 -0.9343 0.0559 0.2278 -0.9408 0.0525 0.2306 -0.9421 0.0539 0.229
137.0 -0.9828 0.0511 0.2279 -0.8924 0.0377 0.2506 -0.8712 0.0522 0.2379 -0.879 0.0664 0.2226 -0.894 0.0668 0.2207 -0.9081 0.0667 0.2193 -0.9248 0.0468 0.2381 -0.93 0.0564 0.2277 -0.9365 0.0635 0.2198 -0.9424 0.067 0.2157 -0.9433 0.057 0.2258
138.0 -0.9905 0.0452 0.2331 -0.8979 0.0339 0.2539 -0.879 0.0511 0.2382 -0.8824 0.0659 0.2227 -0.9009 0.0708 0.2159 -0.9285 0.0725 0.2114 -0.9336 0.0419 0.2422 -0.9388 0.051 0.2324 -0.9478 0.0577 0.2246 -0.96 0.0616 0.2195 -0.9541 0.0515 0.2304
139.0 -0.989 0.0466 0.2318 -0.8994 0.0325 0.2552 -0.8777 0.0488 0.2406 -0.8839 0.0645 0.224 -0.9077 0.0698 0.2162 -0.9315 0.0746 0.209 -0.9328 0.042 0.2422 -0.9372 0.0524 0.2311 -0.9457 0.0604 0.222 -0.9562 0.0651 0.2162 -0.9522 0.0533 0.2287
140.0 -0.994 0.0447 0.2333 -0.9018 0.0309 0.2566 -0.8793 0.048 0.2413 -0.8865 0.0641 0.2241 -0.913 0.0697 0.2158 -0.9383 0.0736 0.2093 -0.9352 0.0405 0.2435 -0.9403 0.0496 0.2337 -0.9496 0.0575 0.2247 -0.9619 0.0625 0.2183 -0.9562 0.0509 0.2307
141.0 -0.9979 0.0424 0.2353 -0.9067 0.0284 0.2586 -0.8818 0.0471 0.242 -0.8881 0.0633 0.2248 -0.9105 0.0707 0.2151 -0.9393 0.0741 0.2087 -0.9412 0.0397 0.2437 -0.9463 0.0487 0.2339 -0.9546 0.0562 0.2255 -0.9668 0.0606 0.2197 -0.9614 0.0495 0.2316
142.0 -0.9987 0.0417 0.236 -0.9091 0.0275 0.2593 -0.8833 0.0456 0.2434 -0.8906 0.0624 0.2255 -0.9095 0.0696 0.2163 -0.9382 0.073 0.2099 -0.9434 0.0375 0.2457 -0.9477 0.0467 0.2359 -0.9561 0.0547 0.2268 -0.9667 0.06 0.2204 -0.9625 0.0481 0.2329
143.0 -0.9996 0.0415 0.236 -0.9124 0.0258 0.2607 -0.8848 0.0442 0.2447 -0.8922 0.0615 0.2262 -0.9129 0.0691 0.2164 -0.9427 0.0737 0.2088 -0.9444 0.038 0.2451 -0.9486 0.0472 0.2353 -0.957 0.0546 0.2269 -0.9693 0.0597 0.2205 -0.9638 0.0482 0.2327
144.0 -1.003 0.0411 0.2361 -0.9148 0.0249 0.2614 -0.8866 0.0446 0.2441 -0.8939 0.0613 0.2263 -0.9137 0.0684 0.2171 -0.946 0.072 0.2102 -0.9462 0.0384 0.2445 -0.9505 0.0476 0.2347 -0.9596 0.0543 0.227 -0.9709 0.0589 0.2211 -0.966 0.048 0.2327
145.0 -1.0042 0.0428 0.2343 -0.9181 0.0232 0.2628 -0.889 0.043 0.2454 -0.8957 0.0611 0.2263 -0.9109 0.0676 0.2182 -0.9413 0.0653 0.2175 -0.9471 0.0383 0.2446 -0.9522 0.0473 0.2348 -0.962 0.0533 0.2277 -0.974 0.0566 0.2231 -0.9679 0.0477 0.2329
146.0 -1.0089 0.0397 0.237 -0.9231 0.0219 0.2636 -0.8907 0.0428 0.2455 -0.898 0.0595 0.2277 -0.9179 0.0672 0.2178 -0.9513 0.0725 0.2091 -0.9503 0.0366 0.246 -0.9546 0.0458 0.2361 -0.9645 0.0524 0.2284 -0.9777 0.0573 0.222 -0.9712 0.0464 0.2339
147.0 -1.0131 0.0385 0.2378 -0.9258 0.0222 0.2631 -0.894 0.0417 0.2463 -0.9014 0.0585 0.2284 -0.9229 0.0659 0.2187 -0.9537 0.071 0.2105 -0.9547 0.0366 0.2455 -0.9588 0.0446 0.2369 -0.9678 0.0513 0.2291 -0.981 0.0563 0.2228 -0.9751 0.0455 0.2344
148.0 -1.015 0.0395 0.2366 -0.9273 0.0208 0.2644 -0.8957 0.0415 0.2463 -0.9022 0.0584 0.2285 -0.9206 0.0681 0.2167 -0.9554 0.0707 0.2106 -0.9561 0.0346 0.2474 -0.9595 0.0439 0.2376 -0.9678 0.0513 0.2291 -0.981 0.0563 0.2228 -0.9759 0.0451 0.2347
149.0 -1.0176 0.0391 0.2367 -0.9306 0.0197 0.2652 -0.8992 0.0411 0.2465 -0.9047 0.0574 0.2292 -0.9248 0.0669 0.2175 -0.9579 0.0698 0.2113 -0.9578 0.0344 0.2475 -0.9612 0.0437 0.2376 -0.9696 0.0511 0.2292 -0.9827 0.056 0.2229 -0.9778 0.0449 0.2348
150.0 -1.0203 0.0394 0.2362 -0.934 0.0186 0.2659 -0.9024 0.0394 0.2478 -0.9079 0.0558 0.2306 -0.9264 0.0661 0.2182 -0.9588 0.0703 0.2107 -0.9613 0.0339 0.2476 -0.9638 0.0433 0.2377 -0.9721 0.0507 0.2293 -0.9835 0.0553 0.2235 -0.9802 0.0445 0.2349
151.0 -1.0228 0.0384 0.2369 -0.9364 0.0177 0.2666 -0.904 0.0386 0.2485 -0.9096 0.0555 0.2306 -0.9299 0.0656 0.2183 -0.9612 0.0687 0.212 -0.9621 0.0338 0.2477 -0.9654 0.0425 0.2384 -0.9738 0.0499 0.23 -0.9861 0.055 0.2236 -0.982 0.0439 0.2353
152.0 -1.0254 0.0387 0.2364 -0.9416 0.017 0.2668 -0.9074 0.0375 0.2493 -0.9119 0.0534 0.2326 -0.9314 0.0642 0.2196 -0.9638 0.0684 0.2121 -0.9671 0.0319 0.2491 -0.9696 0.0413 0.2392 -0.9771 0.0489 0.2308 -0.9894 0.0539 0.2244 -0.9857 0.0429 0.236
153.0 -1.0296 0.0375 0.2372 -0.9441 0.0161 0.2676 -0.9107 0.0364 0.25 -0.9135 0.0526 0.2333 -0.9348 0.0637 0.2197 -0.9671 0.0673 0.2129 -0.9697 0.0315 0.2492 -0.9729 0.0403 0.24 -0.9813 0.0477 0.2315 -0.9927 0.0529 0.2251 -0.9893 0.042 0.2366
154.0 -1.0331 0.037 0.2373 -0.9482 0.0143 0.269 -0.914 0.0354 0.2508 -0.9161 0.0522 0.2334 -0.9373 0.0628 0.2205 -0.9688 0.0671 0.2129 -0.9731 0.0311 0.2493 -0.9756 0.0405 0.2394 -0.983 0.0474 0.2316 -0.9953 0.0525 0.2252 -0.992 0.0417 0.2366
155.0 -1.0365 0.0366 0.2374 -0.9531 0.0124 0.2704 -0.9165 0.0344 0.2515 -0.9204 0.0516 0.2336 -0.9399 0.0624 0.2206 -0.9698 0.0676 0.2124 -0.9758 0.0313 0.2488 -0.9773 0.0403 0.2395 -0.9856 0.0471 0.2317 -0.9971 0.0529 0.2247 -0.9945 0.0416 0.2364
156.0 -1.0408 0.036 0.2376 -0.959 0.011 0.2713 -0.9197 0.0328 0.2529 -0.9228 0.0501 0.2349 -0.9414 0.061 0.2219 -0.9724 0.0672 0.2125 -0.9808 0.03 0.2496 -0.9833 0.0389 0.2404 -0.9907 0.0464 0.2319 -1.0022 0.0516 0.2255 -0.9996 0.0406 0.237
157.0 -1.0434 0.0356 0.2377 -0.9649 0.0096 0.2721 -0.9238 0.031 0.2543 -0.927 0.0489 0.2357 -0.9458 0.061 0.2214 -0.9741 0.067 0.2125 -0.9834 0.0297 0.2497 -0.9859 0.0391 0.2398 -0.9933 0.0461 0.232 -1.0049 0.0518 0.225 -1.0022 0.0405 0.2368
158.0 -1.0502 0.0341 0.2386 -0.9716 0.0075 0.2736 -0.9272 0.0299 0.255 -0.9295 0.0486 0.2358 -0.949 0.0594 0.2228 -0.9784 0.0664 0.2127 -0.9886 0.029 0.2499 -0.9911 0.0384 0.24 -0.9985 0.0454 0.2322 -1.0109 0.051 0.2252 -1.0078 0.0396 0.2372
159.0 -1.0545 0.0335 0.2387 -0.9775 0.006 0.2745 -0.9323 0.0293 0.2552 -0.9337 0.0474 0.2366 -0.9541 0.0581 0.2236 -0.9835 0.0651 0.2135 -0.9946 0.0282 0.2502 -0.9963 0.0377 0.2402 -1.0037 0.0453 0.2318 -1.0154 0.0516 0.2241 -1.0129 0.0393 0.237
160.0 -1.0599 0.0346 0.2371 -0.9846 0.0063 0.2735 -0.9366 0.0287 0.2554 -0.9372 0.0469 0.2367 -0.9559 0.0584 0.2231 -0.9881 0.0663 0.2118 -0.9997 0.0275 0.2504 -1.0005 0.0371 0.2404 -1.0073 0.0454 0.2313 -1.018 0.0513 0.2242 -1.0171 0.0392 0.2367
161.0 -1.0651 0.0339 0.2373 -0.9924 0.0059 0.2732 -0.9426 0.0279 0.2556 -0.9431 0.0455 0.2376 -0.9609 0.0571 0.2239 -0.9923 0.0651 0.2126 -1.0049 0.0268 0.2506 -1.0066 0.0363 0.2406 -1.0132 0.044 0.2322 -1.0249 0.0504 0.2245 -1.0229 0.0383 0.237
162.0 -1.0695 0.0339 0.2368 -0.9983 0.0045 0.274 -0.9496 0.0275 0.2553 -0.9494 0.0465 0.2359 -0.9655 0.0578 0.2228 -0.9975 0.065 0.2122 -1.0093 0.0268 0.2501 -1.0111 0.0369 0.2396 -1.0177 0.0446 0.2311 -1.0286 0.0517 0.2228 -1.0272 0.0388 0.2361
163.0 -1.0747 0.0338 0.2364 -1.0045 0.0042 0.2737 -0.9539 0.0269 0.2555 -0.9536 0.0453 0.2367 -0.9705 0.0565 0.2236 -1.0026 0.0637 0.213 -1.0153 0.026 0.2503 -1.017 0.0355 0.2404 -1.0237 0.0438 0.2313 -1.0354 0.0502 0.2236 -1.0332 0.0379 0.2364
164.0 -1.082 0.0353 0.2342 -1.0125 0.005 0.2721 -0.961 0.0272 0.2545 -0.9591 0.0464 0.2351 -0.9767 0.0568 0.2226 -1.0041 0.0623 0.2143 -1.0241 0.026 0.2494 -1.0241 0.0358 0.2394 -1.0289 0.0431 0.2315 -1.037 0.0493 0.2243 -1.0392 0.0379 0.2358
165.0 -1.1077 0.0361 0.2308 -1.0413 0.0035 0.2707 -0.9862 0.0256 0.2536 -0.9831 0.0432 0.236 -1.0037 0.055 0.2218 -1.0307 0.0636 0.2103 -1.0504 0.0255 0.2473 -1.0503 0.0347 0.238 -1.0542 0.0421 0.23 -1.0632 0.0482 0.2228 -1.0652 0.0373 0.2338
166.0 -1.1148 0.0364 0.2298 -1.0501 0.0036 0.2698 -0.9931 0.0247 0.2539 -0.9892 0.0429 0.2356 -1.0091 0.0555 0.2208 -1.036 0.0635 0.2099 -1.0566 0.0259 0.2463 -1.0555 0.0346 0.2375 -1.0603 0.0419 0.2296 -1.0693 0.048 0.2225 -1.0713 0.0374 0.2332
167.0 -1.1202 0.0375 0.2282 -1.0562 0.0034 0.2694 -0.9993 0.0251 0.2528 -0.9955 0.0433 0.2346 -1.0135 0.0556 0.2203 -1.0421 0.0633 0.2095 -1.0619 0.0258 0.2459 -1.0609 0.0351 0.2365 -1.0648 0.0425 0.2285 -1.0737 0.048 0.222 -1.0763 0.0378 0.2322
168.0 -1.1256 0.038 0.2271 -1.0624 0.0037 0.2684 -1.0046 0.025 0.2524 -1.0025 0.043 0.2342 -1.0206 0.0564 0.2187 -1.0491 0.063 0.2092 -1.0664 0.0264 0.2448 -1.0663 0.0356 0.2355 -1.0712 0.0435 0.2269 -1.0809 0.0489 0.2204 -1.0821 0.0385 0.2309
169.0 -1.1309 0.0379 0.2267 -1.0659 0.0033 0.2685 -1.0133 0.0244 0.2521 -1.0077 0.0429 0.2338 -1.0272 0.0537 0.2208 -1.0558 0.0614 0.2101 -1.0735 0.0267 0.2439 -1.0725 0.036 0.2344 -1.0774 0.0439 0.2259 -1.0864 0.05 0.2188 -1.0881 0.0389 0.2299
170.0 -1.1368 0.0365 0.2276 -1.0722 0.0043 0.2669 -1.0167 0.024 0.2523 -1.0104 0.0431 0.2333 -1.0299 0.0539 0.2203 -1.0602 0.0615 0.2096 -1.0779 0.0267 0.2434 -1.0776 0.0353 0.2346 -1.0825 0.0432 0.2261 -1.0915 0.0493 0.219 -1.0933 0.0382 0.2301
171.0 -1.1438 0.0361 0.2272 -1.0791 0.0033 0.2672 -1.0236 0.023 0.2525 -1.0207 0.0417 0.2337 -1.0368 0.053 0.2206 -1.0647 0.0621 0.2085 -1.084 0.0265 0.243 -1.0829 0.0352 0.2342 -1.0878 0.0431 0.2257 -1.0968 0.0492 0.2185 -1.0991 0.038 0.2297
172.0 -1.1497 0.0347 0.2281 -1.0859 0.0024 0.2674 -1.0299 0.024 0.2509 -1.0267 0.0409 0.2339 -1.0419 0.0523 0.2208 -1.0708 0.0613 0.2088 -1.09 0.0257 0.2432 -1.0898 0.0343 0.2345 -1.0947 0.0421 0.2259 -1.1037 0.0483 0.2188 -1.1056 0.037 0.2301
173.0 -1.1558 0.0345 0.2277 -1.0922 0.0028 0.2664 -1.0341 0.0228 0.2517 -1.0321 0.0414 0.2329 -1.0479 0.0515 0.221 -1.0759 0.0606 0.209 -1.0953 0.0256 0.2428 -1.095 0.0342 0.2341 -1.0999 0.042 0.2255 -1.1081 0.0483 0.2183 -1.1108 0.0369 0.2297
174.0 -1.162 0.0349 0.2267 -1.0974 0.0027 0.266 -1.0386 0.0235 0.2506 -1.0366 0.042 0.2318 -1.0534 0.0526 0.2193 -1.0803 0.0606 0.2085 -1.1015 0.026 0.2418 -1.1004 0.0347 0.233 -1.1052 0.0419 0.2251 -1.1142 0.0481 0.218 -1.1167 0.0371 0.2289
175.0 -1.1655 0.0344 0.2268 -1.1043 0.0018 0.2663 -1.0447 0.0232 0.2502 -1.04 0.0416 0.2319 -1.0569 0.0527 0.2189 -1.085 0.0624 0.2062 -1.1068 0.0259 0.2414 -1.1056 0.034 0.2332 -1.1104 0.0413 0.2253 -1.1193 0.0474 0.2182 -1.1215 0.0366 0.229
176.0 -1.1699 0.0344 0.2264 -1.1089 0.003 0.2646 -1.0508 0.0224 0.2505 -1.0453 0.0415 0.2315 -1.063 0.0519 0.2191 -1.0891 0.0606 0.2076 -1.1111 0.0253 0.2416 -1.11 0.034 0.2328 -1.1149 0.0419 0.2242 -1.123 0.0481 0.217 -1.1257 0.0367 0.2284
177.0 -1.1734 0.0346 0.2259 -1.115 0.0028 0.2642 -1.056 0.0223 0.25 -1.0505 0.0408 0.2317 -1.0675 0.0525 0.218 -1.0934 0.06 0.2078 -1.1163 0.0252 0.2411 -1.1145 0.0346 0.2317 -1.1184 0.042 0.2237 -1.1265 0.0482 0.2166 -1.1298 0.0369 0.2278
178.0 -1.1778 0.0346 0.2254 -1.1197 0.004 0.2625 -1.0598 0.0237 0.2483 -1.055 0.0414 0.2306 -1.0718 0.052 0.2182 -1.0995 0.0598 0.2074 -1.1199 0.0253 0.2407 -1.1197 0.0345 0.2313 -1.1237 0.0419 0.2233 -1.1327 0.048 0.2162 -1.1347 0.0369 0.2274
179.0 -1.2553 0.0449 0.2072 -1.2025 0.0148 0.2432 -1.1414 0.0328 0.2309 -1.1369 0.0523 0.2113 -1.1513 0.0638 0.1982 -1.1751 0.0747 0.1847 -1.1975 0.0368 0.2212 -1.1975 0.0466 0.2112 -1.2024 0.0545 0.2026 -1.2125 0.0617 0.1943 -1.213 0.0489 0.2073
180.0 -1.2572 0.0459 0.206 -1.2052 0.015 0.2427 -1.1459 0.0334 0.2298 -1.1396 0.0526 0.2108 -1.1549 0.0646 0.1971 -1.1788 0.0754 0.1836 -1.2021 0.0374 0.2201 -1.2011 0.0473 0.2101 -1.2052 0.0553 0.2015 -1.2144 0.0626 0.1931 -1.216 0.0497 0.2062
181.0 -1.2599 0.0461 0.2055 -1.2088 0.0157 0.2416 -1.1504 0.034 0.2287 -1.1433 0.0533 0.2097 -1.1578 0.066 0.1953 -1.1832 0.0754 0.1832 -1.2048 0.0383 0.219 -1.2039 0.0482 0.2089 -1.2088 0.0561 0.2004 -1.2179 0.0628 0.1926 -1.2191 0.0503 0.2053
182.0 -1.2636 0.0474 0.2038 -1.2116 0.0166 0.2405 -1.1524 0.035 0.2276 -1.147 0.0546 0.208 -1.1605 0.0662 0.1948 -1.1868 0.0761 0.1821 -1.2085 0.039 0.2179 -1.2075 0.0483 0.2085 -1.2114 0.0557 0.2005 -1.2196 0.0625 0.1927 -1.2221 0.0506 0.2047
183.0 -1.266 0.0459 0.2051 -1.2136 0.0182 0.2387 -1.157 0.0362 0.2259 -1.1497 0.0549 0.2075 -1.165 0.0669 0.1937 -1.1904 0.0763 0.1816 -1.2113 0.0398 0.2167 -1.2103 0.0491 0.2073 -1.2143 0.0572 0.1987 -1.2243 0.0637 0.191 -1.2252 0.0512 0.2038
184.0 -1.2688 0.0467 0.204 -1.2164 0.019 0.2375 -1.1597 0.0364 0.2253 -1.1533 0.0556 0.2064 -1.1677 0.0671 0.1932 -1.1938 0.0758 0.1817 -1.2148 0.04 0.2162 -1.2138 0.0493 0.2068 -1.2177 0.0567 0.1989 -1.2267 0.0628 0.1917 -1.2284 0.0511 0.2035
185.0 -1.2723 0.0469 0.2035 -1.2192 0.0198 0.2364 -1.1641 0.0364 0.2249 -1.1587 0.0561 0.2053 -1.1712 0.0672 0.1927 -1.1975 0.0765 0.1806 -1.2184 0.0401 0.2157 -1.2173 0.0494 0.2063 -1.2213 0.0568 0.1984 -1.2303 0.0629 0.1912 -1.2319 0.0512 0.203
186.0 -1.2784 0.0467 0.2031 -1.2227 0.02 0.2359 -1.1677 0.0372 0.2238 -1.1623 0.0568 0.2042 -1.1749 0.068 0.1916 -1.2011 0.0773 0.1795 -1.2219 0.0402 0.2153 -1.2209 0.0495 0.2059 -1.2248 0.057 0.1979 -1.2338 0.0631 0.1907 -1.236 0.0513 0.2026
187.0 -1.2803 0.047 0.2025 -1.2228 0.0206 0.2353 -1.1695 0.0375 0.2232 -1.1649 0.0565 0.2043 -1.1776 0.0688 0.1904 -1.2038 0.0775 0.179 -1.2245 0.0399 0.2154 -1.2235 0.0492 0.206 -1.2274 0.0566 0.198 -1.2373 0.0626 0.1909 -1.2386 0.0511 0.2025
188.0 -1.282 0.0468 0.2026 -1.2245 0.0197 0.236 -1.1721 0.0372 0.2233 -1.1675 0.0561 0.2044 -1.1812 0.069 0.19 -1.2057 0.0785 0.1778 -1.2263 0.0403 0.2148 -1.2252 0.049 0.206 -1.23 0.0563 0.1981 -1.239 0.0624 0.1909 -1.2405 0.0509 0.2025
189.0 -1.2838 0.0472 0.202 -1.2271 0.02 0.2354 -1.1748 0.0374 0.2228 -1.1692 0.0559 0.2045 -1.1836 0.0674 0.1913 -1.2091 0.0774 0.1785 -1.2281 0.0406 0.2143 -1.2269 0.0487 0.2061 -1.2317 0.056 0.1982 -1.2407 0.0621 0.191 -1.2422 0.0509 0.2023
