1.0 -1.2606 -0.0248 0.278 -1.1813 -0.0508 0.3124 -1.1311 -0.0208 0.2867 -1.1339 0.0002 0.2649 -1.1477 0.0081 0.2555 -1.1749 0.0179 0.2428 -1.1947 -0.0349 0.2948 -1.1958 -0.0234 0.2829 -1.2028 -0.0134 0.272 -1.2125 -0.0031 0.2605 -1.2133 -0.0199 0.2776
2.0 -1.2568 -0.0268 0.2803 -1.1822 -0.0509 0.3124 -1.1312 -0.0202 0.2861 -1.1331 0.0003 0.2649 -1.1468 0.0082 0.2554 -1.1756 0.0172 0.2434 -1.193 -0.034 0.2941 -1.195 -0.0227 0.2823 -1.2011 -0.0131 0.2719 -1.2117 -0.003 0.2605 -1.2115 -0.0199 0.2778
3.0 -1.2588 -0.0252 0.2785 -1.1797 -0.05 0.3117 -1.1294 -0.0206 0.2866 -1.1332 0.0009 0.2643 -1.1459 0.0084 0.2554 -1.1749 0.0179 0.2428 -1.1922 -0.0339 0.294 -1.1942 -0.0226 0.2823 -1.2012 -0.0125 0.2713 -1.2125 -0.0031 0.2605 -1.2118 -0.0195 0.2773
4.0 -1.2563 -0.0243 0.2778 -1.1823 -0.0503 0.3118 -1.1294 -0.0206 0.2866 -1.1331 0.0003 0.2649 -1.1458 0.0078 0.256 -1.1715 0.0189 0.242 -1.1924 -0.0327 0.2928 -1.1934 -0.0219 0.2816 -1.2005 -0.0118 0.2706 -1.211 -0.0017 0.2592 -1.2107 -0.0185 0.2764
5.0 -1.2559 -0.0218 0.2753 -1.1796 -0.0457 0.3073 -1.1309 -0.0171 0.2829 -1.1347 0.0044 0.2606 -1.1465 0.0113 0.2523 -1.1731 0.023 0.2377 -1.1911 -0.0301 0.2903 -1.1931 -0.0188 0.2785 -1.2 -0.0093 0.2681 -1.2113 0.0001 0.2573 -1.2103 -0.016 0.2739
6.0 -1.2575 -0.0226 0.276 -1.1785 -0.0467 0.3085 -1.1309 -0.0171 0.2829 -1.1337 0.0039 0.2612 -1.1466 0.0119 0.2517 -1.1723 0.0231 0.2377 -1.192 -0.0302 0.2903 -1.1922 -0.0187 0.2784 -1.1993 -0.0086 0.2675 -1.2115 0.0007 0.2567 -1.2105 -0.0159 0.2738
7.0 -1.256 -0.0212 0.2747 -1.1779 -0.0454 0.3072 -1.1294 -0.0157 0.2816 -1.133 0.0046 0.2605 -1.1449 0.0128 0.251 -1.1721 0.0219 0.2389 -1.1902 -0.03 0.2902 -1.1914 -0.0185 0.2784 -1.1984 -0.0085 0.2674 -1.2097 0.001 0.2566 -1.2091 -0.0154 0.2735
8.0 -1.254 -0.0227 0.2765 -1.1759 -0.0464 0.3084 -1.1292 -0.0169 0.2829 -1.1311 0.0042 0.2611 -1.1431 0.0124 0.2516 -1.1698 0.0241 0.237 -1.1902 -0.03 0.2902 -1.1914 -0.0185 0.2784 -1.1984 -0.0085 0.2674 -1.2098 0.0016 0.256 -1.2088 -0.0156 0.2737
9.0 -1.2551 -0.021 0.2746 -1.175 -0.0469 0.309 -1.1267 -0.0159 0.2821 -1.1304 0.005 0.2604 -1.1431 0.0124 0.2516 -1.1697 0.0235 0.2376 -1.1895 -0.0293 0.2896 -1.1905 -0.0184 0.2784 -1.1975 -0.0084 0.2674 -1.2081 0.0018 0.2559 -1.2082 -0.0151 0.2732
10.0 -1.2576 -0.022 0.2753 -1.1752 -0.0457 0.3077 -1.1267 -0.0159 0.2821 -1.1313 0.0054 0.2598 -1.1432 0.013 0.2509 -1.1697 0.0235 0.2376 -1.1904 -0.0288 0.289 -1.1915 -0.0179 0.2778 -1.1985 -0.0079 0.2668 -1.2107 0.0014 0.256 -1.2097 -0.015 0.273
11.0 -1.2551 -0.021 0.2746 -1.175 -0.0414 0.3034 -1.1276 -0.016 0.2822 -1.1306 0.0061 0.2592 -1.1442 0.0135 0.2503 -1.1714 0.0232 0.2377 -1.1887 -0.0286 0.2889 -1.1914 -0.0185 0.2784 -1.1993 -0.0086 0.2675 -1.2113 0.0001 0.2573 -1.2092 -0.0153 0.2733
12.0 -1.2551 -0.021 0.2746 -1.1745 -0.0444 0.3065 -1.1269 -0.0147 0.2809 -1.1307 0.0067 0.2586 -1.1443 0.0141 0.2497 -1.1708 0.0245 0.2364 -1.1897 -0.0281 0.2883 -1.1917 -0.0168 0.2765 -1.1986 -0.0073 0.2662 -1.2107 0.0014 0.256 -1.2092 -0.0144 0.2723
13.0 -1.2586 -0.0215 0.2748 -1.1739 -0.0431 0.3052 -1.1268 -0.0153 0.2815 -1.1318 0.0078 0.2574 -1.1453 0.0146 0.2491 -1.1726 0.0249 0.2358 -1.1897 -0.0281 0.2883 -1.1924 -0.0175 0.2772 -1.2002 -0.0081 0.2669 -1.2124 0.0012 0.2561 -1.2107 -0.0148 0.2727
14.0 -1.2572 -0.0195 0.2728 -1.1756 -0.0433 0.3053 -1.1297 -0.0139 0.2798 -1.1327 0.0083 0.2568 -1.1462 0.015 0.2485 -1.1726 0.0249 0.2358 -1.1907 -0.0276 0.2877 -1.1926 -0.0163 0.276 -1.1996 -0.0068 0.2656 -1.211 0.0032 0.2542 -1.2102 -0.0134 0.2713
15.0 -1.258 -0.0196 0.2729 -1.1756 -0.0433 0.3053 -1.1289 -0.0138 0.2797 -1.1336 0.0082 0.2568 -1.1463 0.0156 0.2479 -1.1729 0.0267 0.234 -1.1915 -0.0277 0.2878 -1.1935 -0.0164 0.276 -1.2005 -0.0063 0.265 -1.2119 0.0031 0.2542 -1.2111 -0.0134 0.2712
16.0 -1.2592 -0.0179 0.271 -1.1786 -0.0413 0.3029 -1.1299 -0.0127 0.2785 -1.1346 0.0087 0.2562 -1.1482 0.016 0.2474 -1.1746 0.0265 0.234 -1.1926 -0.0267 0.2866 -1.1936 -0.0158 0.2754 -1.2006 -0.0057 0.2644 -1.212 0.0037 0.2536 -1.2116 -0.0125 0.2702
17.0 -1.2611 -0.017 0.2699 -1.1779 -0.0399 0.3016 -1.1327 -0.0119 0.2774 -1.1372 0.0089 0.2557 -1.15 0.0164 0.2468 -1.1764 0.0268 0.2335 -1.1935 -0.0262 0.286 -1.1954 -0.0154 0.2748 -1.2016 -0.0053 0.2638 -1.2129 0.0042 0.253 -1.2129 -0.0119 0.2695
18.0 -1.2591 -0.0185 0.2717 -1.1795 -0.0408 0.3023 -1.1311 -0.011 0.2767 -1.1382 0.0094 0.2551 -1.151 0.0174 0.2456 -1.1749 0.0283 0.2322 -1.1927 -0.0261 0.2859 -1.1947 -0.0147 0.2742 -1.2017 -0.0047 0.2632 -1.2122 0.0049 0.2524 -1.2121 -0.0118 0.2695
19.0 -1.2609 -0.0182 0.2711 -1.1776 -0.0417 0.3035 -1.1327 -0.0119 0.2774 -1.1373 0.0095 0.2551 -1.1501 0.017 0.2462 -1.1758 0.0281 0.2322 -1.1936 -0.0256 0.2854 -1.1955 -0.0148 0.2742 -1.2026 -0.0048 0.2632 -1.2139 0.0047 0.2524 -1.2133 -0.0117 0.2693
20.0 -1.263 -0.0166 0.2693 -1.1794 -0.0414 0.3029 -1.1327 -0.0119 0.2774 -1.1373 0.0095 0.2551 -1.151 0.0174 0.2456 -1.1765 0.0274 0.2329 -1.1944 -0.0263 0.286 -1.1955 -0.0148 0.2742 -1.2026 -0.0048 0.2632 -1.2131 0.0054 0.2518 -1.2137 -0.0114 0.2689
21.0 -1.2609 -0.0182 0.2711 -1.1803 -0.0415 0.303 -1.1337 -0.0114 0.2768 -1.1383 0.01 0.2545 -1.1518 0.0167 0.2463 -1.1774 0.0273 0.2329 -1.1945 -0.0257 0.2854 -1.1965 -0.0144 0.2736 -1.2035 -0.0043 0.2626 -1.2149 0.0052 0.2518 -1.2141 -0.0115 0.2689
22.0 -1.2609 -0.0182 0.2711 -1.1793 -0.042 0.3035 -1.1352 -0.0128 0.2781 -1.1391 0.0093 0.2551 -1.1519 0.0173 0.2456 -1.1783 0.0272 0.2329 -1.1953 -0.0264 0.286 -1.1972 -0.0151 0.2743 -1.2034 -0.0049 0.2633 -1.2139 0.0047 0.2524 -1.2142 -0.012 0.2694
23.0 -1.2626 -0.0184 0.2712 -1.1812 -0.0416 0.303 -1.1352 -0.0128 0.2781 -1.1391 0.0093 0.2551 -1.1527 0.0166 0.2463 -1.1791 0.0271 0.233 -1.1962 -0.0259 0.2855 -1.1981 -0.0152 0.2743 -1.205 -0.0057 0.2639 -1.2165 0.0043 0.2525 -1.2157 -0.0122 0.2695
24.0 -1.2624 -0.0196 0.2724 -1.1802 -0.0421 0.3036 -1.1379 -0.0125 0.2776 -1.1408 0.009 0.2552 -1.1535 0.0165 0.2463 -1.18 0.027 0.233 -1.1961 -0.0265 0.2861 -1.1981 -0.0152 0.2743 -1.205 -0.0057 0.2639 -1.2156 0.0044 0.2525 -1.2155 -0.0125 0.2698
25.0 -1.2616 -0.0195 0.2724 -1.1811 -0.0422 0.3036 -1.1378 -0.0131 0.2782 -1.1408 0.009 0.2552 -1.1543 0.0158 0.247 -1.1801 0.0276 0.2324 -1.1978 -0.0267 0.2861 -1.1998 -0.0154 0.2744 -1.2068 -0.006 0.264 -1.2172 0.0036 0.2532 -1.2166 -0.0128 0.27
26.0 -1.2662 -0.0183 0.2707 -1.1829 -0.0418 0.3031 -1.1369 -0.013 0.2782 -1.1415 0.0083 0.2559 -1.155 0.0151 0.2476 -1.1817 0.0267 0.2331 -1.1988 -0.0263 0.2856 -1.2007 -0.0155 0.2744 -1.2076 -0.0061 0.264 -1.219 0.0034 0.2532 -1.2185 -0.0126 0.2696
27.0 -1.267 -0.0184 0.2707 -1.1828 -0.0424 0.3037 -1.1363 -0.0117 0.2769 -1.1426 0.0094 0.2547 -1.1561 0.0161 0.2464 -1.1817 0.0267 0.2331 -1.1979 -0.0262 0.2855 -1.1998 -0.0154 0.2744 -1.2076 -0.0061 0.264 -1.219 0.0034 0.2532 -1.2183 -0.0125 0.2696
28.0 -1.267 -0.0184 0.2707 -1.1844 -0.0433 0.3044 -1.136 -0.0129 0.2781 -1.1432 0.0081 0.2559 -1.1568 0.0154 0.2471 -1.1826 0.0266 0.2331 -1.1996 -0.027 0.2862 -1.2006 -0.0161 0.275 -1.2075 -0.0067 0.2647 -1.2189 0.0028 0.2539 -1.2187 -0.0131 0.2701
29.0 -1.2651 -0.0242 0.2769 -1.1854 -0.0477 0.3088 -1.1351 -0.0183 0.2837 -1.1389 0.0032 0.2614 -1.1532 0.0098 0.2532 -1.1773 0.0218 0.2385 -1.1979 -0.0316 0.2911 -1.199 -0.0202 0.2793 -1.206 -0.0101 0.2684 -1.2165 -0.0006 0.2575 -1.2169 -0.0174 0.2746
30.0 -1.2651 -0.0242 0.2769 -1.1836 -0.048 0.3093 -1.134 -0.0194 0.2849 -1.1377 0.0015 0.2632 -1.1519 0.0075 0.2556 -1.1762 0.0202 0.2403 -1.197 -0.0315 0.2911 -1.198 -0.0207 0.2799 -1.2051 -0.0106 0.2689 -1.2164 -0.0012 0.2581 -1.2163 -0.0176 0.275
31.0 -1.2653 -0.023 0.2756 -1.1834 -0.0486 0.3099 -1.1321 -0.0203 0.2861 -1.1358 0.0006 0.2644 -1.15 0.0066 0.2568 -1.1752 0.0197 0.2409 -1.1959 -0.0326 0.2923 -1.1971 -0.0211 0.2805 -1.204 -0.0117 0.2701 -1.2162 -0.0024 0.2594 -1.2157 -0.0182 0.2756
32.0 -1.2645 -0.0229 0.2756 -1.1827 -0.0479 0.3093 -1.1306 -0.0189 0.2848 -1.1341 0.0008 0.2643 -1.1464 0.0059 0.2579 -1.1742 0.0192 0.2415 -1.1942 -0.0324 0.2923 -1.1952 -0.0215 0.281 -1.2022 -0.0121 0.2707 -1.2135 -0.0026 0.2599 -1.2139 -0.0183 0.2759
33.0 -1.2599 -0.0241 0.2773 -1.1781 -0.0491 0.311 -1.1286 -0.0205 0.2866 -1.1313 -4.965e-05 0.2655 -1.1443 0.0043 0.2597 -1.1706 0.0185 0.2426 -1.1908 -0.0319 0.2921 -1.1926 -0.0218 0.2816 -1.1995 -0.0123 0.2712 -1.21 -0.0027 0.2604 -1.2105 -0.0186 0.2765
34.0 -1.2565 -0.0231 0.2766 -1.1745 -0.0493 0.3115 -1.1229 -0.0227 0.2895 -1.1267 -0.0013 0.2672 -1.1417 0.004 0.2602 -1.1695 0.0174 0.2438 -1.1879 -0.0333 0.2939 -1.1889 -0.0225 0.2827 -1.1958 -0.013 0.2723 -1.208 -0.0037 0.2616 -1.2074 -0.0191 0.2774
35.0 -1.2539 -0.0233 0.2771 -1.1701 -0.0493 0.3119 -1.1201 -0.0236 0.2906 -1.1231 -0.0014 0.2676 -1.1374 0.0046 0.2601 -1.1651 0.0174 0.2443 -1.1853 -0.033 0.2938 -1.1862 -0.0227 0.2832 -1.1932 -0.0133 0.2728 -1.2036 -0.0037 0.262 -1.2044 -0.0192 0.2778
36.0 -1.2486 -0.0232 0.2775 -1.1672 -0.0507 0.3137 -1.1166 -0.0237 0.2911 -1.1197 -0.0009 0.2675 -1.1331 0.0052 0.2599 -1.1615 0.0166 0.2454 -1.1808 -0.0336 0.2949 -1.1818 -0.0228 0.2837 -1.1888 -0.0133 0.2733 -1.2001 -0.0038 0.2625 -1.2 -0.0193 0.2784
37.0 -1.2468 -0.0236 0.2781 -1.1631 -0.0495 0.3129 -1.1116 -0.0218 0.2897 -1.1153 -0.0009 0.268 -1.1304 0.005 0.2604 -1.1563 0.0173 0.2452 -1.1788 -0.0352 0.2966 -1.1798 -0.0243 0.2854 -1.1867 -0.0149 0.2751 -1.1982 -0.0048 0.2637 -1.198 -0.0205 0.2798
38.0 -1.2378 -0.0248 0.2802 -1.1587 -0.0496 0.3134 -1.1081 -0.022 0.2902 -1.1108 -0.0016 0.269 -1.1228 0.0066 0.2595 -1.1509 0.0168 0.2462 -1.1726 -0.035 0.297 -1.1737 -0.0241 0.2858 -1.1799 -0.0139 0.2748 -1.1904 -0.0038 0.2634 -1.1909 -0.0203 0.2803
39.0 -1.2325 -0.0247 0.2806 -1.1525 -0.0493 0.3137 -1.1026 -0.0231 0.2918 -1.1044 -0.0025 0.2707 -1.1163 0.005 0.2618 -1.144 0.0172 0.2466 -1.1676 -0.0337 0.2962 -1.1686 -0.0228 0.285 -1.1738 -0.0131 0.2746 -1.1843 -0.0035 0.2638 -1.1854 -0.0196 0.28
40.0 -1.2302 -0.0226 0.2787 -1.1474 -0.0486 0.3135 -1.0955 -0.0233 0.2928 -1.099 -0.0036 0.2723 -1.1102 0.0052 0.2621 -1.136 0.017 0.2475 -1.1623 -0.0336 0.2966 -1.1625 -0.0226 0.2854 -1.1686 -0.013 0.275 -1.1792 -0.0028 0.2636 -1.1806 -0.0189 0.2799
41.0 -1.2117 -0.0231 0.2811 -1.129 -0.048 0.3147 -1.0766 -0.0257 0.2971 -1.0794 -0.0047 0.2753 -1.0965 0.0022 0.2666 -1.1207 0.0148 0.2513 -1.1461 -0.0357 0.3004 -1.1464 -0.0241 0.2885 -1.1534 -0.014 0.2776 -1.164 -0.0039 0.2661 -1.1643 -0.0202 0.2827
42.0 -1.1342 -0.0237 0.2893 -1.0563 -0.0461 0.32 -1.0046 -0.0251 0.3036 -1.0049 -0.0032 0.2812 -1.0176 0.0037 0.2729 -1.0437 0.0173 0.2564 -1.0747 -0.0364 0.3082 -1.0765 -0.0263 0.2977 -1.0827 -0.0161 0.2867 -1.0917 -0.0051 0.2745 -1.092 -0.0215 0.2913
43.0 -1.1237 -0.018 0.2845 -1.0397 -0.0408 0.3162 -0.9919 -0.0222 0.3019 -0.993 -0.0009 0.2801 -1.0084 0.0068 0.2707 -1.0326 0.0194 0.2554 -1.0622 -0.0329 0.3059 -1.0622 -0.0225 0.2953 -1.0684 -0.0123 0.2843 -1.0781 -0.002 0.2728 -1.0789 -0.0175 0.2885
44.0 -1.1141 -0.0179 0.2854 -1.0322 -0.038 0.3141 -0.9835 -0.0198 0.3003 -0.9846 0.0014 0.2785 -1.0001 0.0097 0.2685 -1.0268 0.0214 0.2539 -1.0535 -0.0323 0.3062 -1.0545 -0.0214 0.295 -1.0607 -0.0113 0.284 -1.0713 -0.0011 0.2725 -1.0708 -0.0168 0.2886
45.0 -1.1119 -0.0151 0.2828 -1.0255 -0.0365 0.3132 -0.9775 -0.019 0.3001 -0.9804 0.0026 0.2777 -0.9957 0.0097 0.2689 -1.0226 0.0226 0.2531 -1.0478 -0.0297 0.3041 -1.0486 -0.02 0.2941 -1.0548 -0.0099 0.2831 -1.0662 0.0002 0.2717 -1.0658 -0.0149 0.2872
46.0 -1.1094 -0.0142 0.2821 -1.0188 -0.0343 0.3117 -0.9732 -0.0184 0.2999 -0.9754 0.0039 0.2769 -0.9891 0.0118 0.2674 -1.0177 0.0244 0.2517 -1.0444 -0.0286 0.3033 -1.0453 -0.019 0.2933 -1.0506 -0.0087 0.2823 -1.0612 0.0015 0.2709 -1.0622 -0.0138 0.2864
47.0 -1.1009 -0.0124 0.2811 -1.0102 -0.0332 0.3113 -0.9656 -0.0168 0.299 -0.9677 0.0055 0.276 -0.9848 0.0124 0.2673 -1.0099 0.0255 0.2514 -1.0376 -0.0277 0.303 -1.0393 -0.0176 0.2925 -1.0456 -0.0068 0.2809 -1.0553 0.0035 0.2694 -1.0558 -0.0122 0.2854
48.0 -1.094 -0.0121 0.2815 -1.0042 -0.0324 0.3111 -0.9589 -0.0147 0.2975 -0.9627 0.0068 0.2752 -0.9787 0.0126 0.2677 -1.0048 0.0262 0.2512 -1.0299 -0.0261 0.3021 -1.0317 -0.0159 0.2916 -1.0379 -0.0058 0.2806 -1.0493 0.0043 0.2691 -1.0486 -0.0111 0.285
49.0 -1.0862 -0.0111 0.2812 -0.9966 -0.0307 0.3102 -0.9539 -0.0134 0.2967 -0.9564 0.0058 0.2768 -0.9724 0.0122 0.2687 -0.9987 0.0264 0.2516 -1.0263 -0.0268 0.3032 -1.0281 -0.0167 0.2927 -1.0343 -0.0059 0.2811 -1.0442 0.005 0.269 -1.0438 -0.0111 0.2854
50.0 -1.0796 -0.009 0.2797 -0.9922 -0.0307 0.3107 -0.9468 -0.0136 0.2977 -0.9496 0.0074 0.2759 -0.9637 0.0128 0.269 -0.9919 0.0279 0.2507 -1.0169 -0.0249 0.3022 -1.0187 -0.0148 0.2917 -1.0249 -0.0046 0.2807 -1.0345 0.0051 0.2698 -1.0349 -0.0096 0.2848
51.0 -1.0777 -0.0093 0.2802 -0.983 -0.0277 0.3084 -0.9408 -0.0128 0.2974 -0.9427 0.0083 0.2756 -0.9577 0.0136 0.2687 -0.9849 0.0283 0.251 -1.0118 -0.0242 0.302 -1.0128 -0.0134 0.2908 -1.019 -0.0032 0.2798 -1.0296 0.007 0.2684 -1.0302 -0.0086 0.2843
52.0 -1.0773 -0.0068 0.2777 -0.977 -0.022 0.3032 -0.9339 -0.0119 0.2972 -0.9364 0.0073 0.2773 -0.9508 0.0145 0.2685 -0.9804 0.0276 0.2521 -1.0048 -0.0239 0.3024 -1.0065 -0.0144 0.2925 -1.0134 -0.0049 0.2821 -1.025 0.0057 0.2701 -1.0254 -0.0088 0.285
53.0 -1.0685 -0.0068 0.2786 -0.9721 -0.025 0.3067 -0.9287 -0.0112 0.297 -0.9305 0.0087 0.2764 -0.9448 0.0153 0.2682 -0.9747 0.0302 0.25 -1.0006 -0.0227 0.3016 -1.0023 -0.0132 0.2917 -1.0093 -0.0031 0.2807 -1.0208 0.0069 0.2693 -1.0203 -0.0078 0.2844
54.0 -1.0597 -0.0069 0.2795 -0.9607 -0.0247 0.3076 -0.9221 -0.0091 0.2954 -0.9248 0.0113 0.2743 -0.939 0.0173 0.2667 -0.9661 0.0314 0.2497 -0.9928 -0.0223 0.3019 -0.9954 -0.0123 0.2914 -1.0017 -0.0015 0.2798 -1.0123 0.0087 0.2683 -1.0124 -0.0068 0.2842
55.0 -1.0522 -0.0046 0.278 -0.9557 -0.0228 0.3061 -0.9143 -0.008 0.2951 -0.918 0.0129 0.2734 -0.9348 0.0185 0.266 -0.9611 0.0327 0.2489 -0.9868 -0.0215 0.3017 -0.9885 -0.0113 0.2911 -0.9957 -0.0007 0.2796 -1.0063 0.0095 0.2681 -1.0059 -0.0057 0.2837
56.0 -1.0432 -0.0059 0.2802 -0.9465 -0.0203 0.3045 -0.9085 -0.006 0.2937 -0.9122 0.0149 0.272 -0.9282 0.0206 0.2645 -0.9541 0.033 0.2492 -0.979 -0.0204 0.3014 -0.9826 -0.0099 0.2903 -0.9898 0.0007 0.2787 -1.0013 0.0114 0.2667 -0.9992 -0.0048 0.2834
57.0 -1.0408 -0.0043 0.2788 -0.9399 -0.0176 0.3024 -0.9025 -0.0052 0.2934 -0.9063 0.0163 0.2711 -0.9214 0.0222 0.2636 -0.9481 0.0338 0.249 -0.9741 -0.0185 0.3 -0.9767 -0.0085 0.2894 -0.9847 0.002 0.2779 -0.9954 0.0128 0.2658 -0.9943 -0.0033 0.2824
58.0 -1.0323 -0.0026 0.2779 -0.9336 -0.0186 0.304 -0.8956 -0.0043 0.2932 -0.9001 0.0159 0.2721 -0.9162 0.0229 0.2634 -0.9421 0.0347 0.2488 -0.9664 -0.0169 0.299 -0.9692 -0.0063 0.2879 -0.9771 0.0037 0.277 -0.9895 0.0142 0.265 -0.9869 -0.0016 0.2813
59.0 -0.9918 0.0072 0.2719 -0.89 -0.0066 0.2961 -0.8585 0.0044 0.288 -0.8619 0.0241 0.2675 -0.8784 0.0329 0.2569 -0.9049 0.0433 0.2436 -0.925 -0.0076 0.2937 -0.9275 0.0018 0.2838 -0.9361 0.011 0.2735 -0.9476 0.0211 0.2621 -0.9456 0.0067 0.277
60.0 -0.9859 0.0086 0.2711 -0.8817 -0.0085 0.2989 -0.8525 0.0058 0.2871 -0.8562 0.0267 0.2654 -0.8726 0.0349 0.2554 -0.9001 0.0464 0.2409 -0.9191 -0.0062 0.2928 -0.9224 0.0031 0.283 -0.9313 0.0135 0.2714 -0.9437 0.024 0.2594 -0.9405 0.0086 0.2755
61.0 -0.9796 0.0082 0.2721 -0.8704 -0.0076 0.2991 -0.8452 0.0092 0.2843 -0.8479 0.0296 0.2632 -0.8673 0.035 0.2559 -0.8935 0.0485 0.2394 -0.9157 -0.0052 0.2921 -0.92 0.004 0.2822 -0.9288 0.0144 0.2707 -0.9404 0.0251 0.2587 -0.9369 0.0093 0.2752
62.0 -0.9796 0.0131 0.2671 -0.8772 0.0007 0.29 -0.8436 0.0101 0.2837 -0.8455 0.0306 0.2625 -0.8627 0.0386 0.2525 -0.8866 0.0495 0.2391 -0.9126 -0.0029 0.2901 -0.9143 0.0066 0.2802 -0.9203 0.0162 0.2698 -0.9309 0.0264 0.2583 -0.9316 0.0119 0.2731
63.0 -0.9717 0.0178 0.263 -0.891 0.0446 0.2437 -0.8418 0.0146 0.2792 -0.8369 0.0318 0.2622 -0.8532 0.0344 0.2578 -0.8761 0.035 0.2549 -0.9058 0.0084 0.2792 -0.9065 0.0077 0.2799 -0.9137 0.0085 0.2783 -0.9232 0.0122 0.2736 -0.9242 0.0109 0.2748
64.0 -0.9606 0.015 0.267 -0.8621 0.0051 0.2869 -0.8362 0.008 0.2865 -0.834 0.0358 0.2583 -0.851 0.0421 0.2502 -0.8803 0.054 0.2351 -0.9011 0.0017 0.2865 -0.9052 0.0103 0.2773 -0.9139 0.0195 0.267 -0.9253 0.0296 0.2556 -0.9212 0.0152 0.2707
65.0 -0.961 0.0174 0.2645 -0.8553 0.0213 0.271 -0.8266 0.0185 0.2768 -0.8293 0.0389 0.2556 -0.8472 0.0456 0.247 -0.8768 0.0538 0.2356 -0.8923 0.0066 0.2824 -0.8976 0.0119 0.2764 -0.9068 0.0193 0.268 -0.9189 0.028 0.2579 -0.9153 0.0166 0.2698
66.0 -0.9542 0.0238 0.2586 -0.8736 0.0506 0.2392 -0.8264 0.0325 0.2624 -0.8247 0.0426 0.2523 -0.8381 0.0438 0.2497 -0.8562 0.0365 0.2554 -0.8866 0.0195 0.2697 -0.8862 0.0171 0.2722 -0.8911 0.0153 0.2736 -0.8989 0.0142 0.2739 -0.9034 0.018 0.2696
67.0 -0.9463 0.0237 0.2595 -0.8624 0.0521 0.2388 -0.8198 0.0249 0.2709 -0.8157 0.0413 0.2545 -0.8328 0.0439 0.2501 -0.855 0.0348 0.2572 -0.8816 0.0208 0.2689 -0.8829 0.0182 0.2714 -0.8888 0.0168 0.2723 -0.8984 0.0167 0.2714 -0.8996 0.0193 0.2687
68.0 -0.9413 0.0256 0.2581 -0.8525 0.0455 0.2465 -0.8146 0.025 0.2713 -0.8116 0.048 0.2481 -0.836 0.052 0.2415 -0.8681 0.0544 0.2359 -0.8763 0.016 0.2743 -0.8804 0.0192 0.2707 -0.8892 0.0241 0.2648 -0.9018 0.0309 0.2566 -0.8978 0.0232 0.2649
69.0 -0.936 0.03 0.2541 -0.8384 0.0407 0.2529 -0.8057 0.0347 0.2622 -0.8057 0.05 0.2466 -0.8231 0.0538 0.241 -0.8466 0.0469 0.2457 -0.8678 0.0227 0.2684 -0.87 0.0248 0.2659 -0.8756 0.0271 0.263 -0.885 0.0301 0.259 -0.8869 0.027 0.2621
70.0 -0.9343 0.0308 0.2535 -0.8263 0.0368 0.258 -0.8033 0.0363 0.2609 -0.8072 0.0535 0.2429 -0.8317 0.0575 0.2364 -0.858 0.0521 0.2393 -0.8684 0.0208 0.2703 -0.8725 0.0245 0.266 -0.8812 0.0288 0.2608 -0.8928 0.0346 0.2537 -0.8898 0.0279 0.2608
71.0 -0.9151 0.0267 0.2596 -0.819 0.0305 0.2652 -0.8018 0.0273 0.2702 -0.806 0.0512 0.2454 -0.8252 0.0608 0.2336 -0.8562 0.067 0.2242 -0.8532 0.0198 0.2728 -0.86 0.028 0.2637 -0.8718 0.0356 0.2548 -0.8862 0.0422 0.2466 -0.8773 0.0304 0.2595
72.0 -1.6214 0.1512 0.0621 -1.5654 0.168 0.0506 -1.565 0.1656 0.0531 -1.5717 0.1537 0.0646 -1.5826 0.1455 0.0719 -1.5834 0.1405 0.0769 -1.5613 0.1801 0.0386 -1.5559 0.1692 0.0502 -1.5557 0.1577 0.0621 -1.5562 0.146 0.074 -1.5701 0.1608 0.0574
73.0 -1.6222 0.1511 0.0622 -1.5624 0.1659 0.053 -1.5658 0.1655 0.0531 -1.5623 0.1555 0.0636 -1.5683 0.1492 0.0694 -1.5759 0.1427 0.0753 -1.5612 0.1795 0.0392 -1.554 0.1683 0.0514 -1.5519 0.1563 0.0638 -1.5524 0.1441 0.0763 -1.5684 0.1599 0.0586
74.0 -1.6198 0.1521 0.0614 -1.5735 0.1693 0.0484 -1.5757 0.1666 0.051 -1.5746 0.1551 0.0628 -1.577 0.1487 0.0691 -1.5749 0.1422 0.0759 -1.565 0.1808 0.0375 -1.5567 0.1685 0.0509 -1.5536 0.1561 0.0639 -1.5523 0.1435 0.0769 -1.5695 0.1602 0.0581
75.0 -1.6231 0.151 0.0622 -1.5658 0.1655 0.0531 -1.5746 0.1655 0.0522 -1.5703 0.1557 0.0626 -1.5716 0.1482 0.0702 -1.5719 0.1402 0.0783 -1.562 0.1788 0.0398 -1.5553 0.1657 0.0539 -1.5531 0.1531 0.067 -1.5537 0.1414 0.0789 -1.5694 0.158 0.0604
76.0 -1.6237 0.1491 0.0641 -1.5686 0.1663 0.052 -1.5692 0.1644 0.0539 -1.5691 0.154 0.0645 -1.5757 0.1464 0.0716 -1.5781 0.14 0.0779 -1.5655 0.1789 0.0393 -1.5582 0.1671 0.0522 -1.5552 0.1553 0.0646 -1.5549 0.1431 0.077 -1.5715 0.1587 0.0594
77.0 -1.6234 0.1479 0.0653 -1.5667 0.1653 0.0531 -1.5694 0.1656 0.0526 -1.5676 0.1554 0.0632 -1.5716 0.1482 0.0702 -1.5737 0.14 0.0784 -1.5644 0.1773 0.0412 -1.5569 0.1648 0.0546 -1.554 0.153 0.067 -1.5536 0.1408 0.0795 -1.5705 0.1568 0.0615
77.0 -1.6234 0.1479 0.0653 -1.5667 0.1653 0.0531 -1.5694 0.1656 0.0526 -1.5676 0.1554 0.0632 -1.5716 0.1482 0.0702 -1.5737 0.14 0.0784 -1.5644 0.1773 0.0412 -1.5569 0.1648 0.0546 -1.554 0.153 0.067 -1.5536 0.1408 0.0795 -1.5705 0.1568 0.0615
79.0 -1.6241 0.1466 0.0666 -1.5688 0.1626 0.0557 -1.5775 0.162 0.0554 -1.575 0.1526 0.0653 -1.5789 0.1448 0.073 -1.5776 0.1376 0.0804 -1.5687 0.1767 0.0413 -1.5605 0.165 0.0541 -1.5565 0.1527 0.0671 -1.5553 0.1406 0.0795 -1.573 0.1563 0.0617
80.0 -1.6229 0.1449 0.0684 -1.5678 0.1615 0.0569 -1.5684 0.1602 0.0582 -1.565 0.1509 0.0681 -1.5733 0.1431 0.0752 -1.5784 0.1369 0.0811 -1.5657 0.1746 0.0437 -1.5583 0.1628 0.0566 -1.5554 0.151 0.0689 -1.555 0.1388 0.0814 -1.5715 0.1544 0.0638
81.0 -1.6235 0.143 0.0703 -1.5709 0.1593 0.0589 -1.5751 0.1581 0.0597 -1.572 0.1506 0.0677 -1.5769 0.1432 0.0748 -1.5774 0.1364 0.0817 -1.5681 0.1737 0.0444 -1.5599 0.162 0.0572 -1.557 0.1502 0.0696 -1.5557 0.1381 0.0821 -1.5729 0.1534 0.0647
82.0 -1.626 0.1427 0.0704 -1.5702 0.1606 0.0576 -1.5764 0.1604 0.0573 -1.5771 0.1493 0.0685 -1.5817 0.1407 0.0768 -1.5806 0.1341 0.0836 -1.5708 0.1739 0.0439 -1.5618 0.1623 0.0567 -1.5578 0.15 0.0697 -1.5566 0.138 0.0821 -1.5746 0.1534 0.0646
83.0 -1.6291 0.1398 0.073 -1.5753 0.1593 0.0585 -1.5801 0.1568 0.0605 -1.5784 0.1467 0.0711 -1.5855 0.1371 0.0801 -1.5826 0.1308 0.0868 -1.5724 0.1731 0.0446 -1.5635 0.1621 0.0568 -1.5596 0.1498 0.0697 -1.5583 0.1378 0.0822 -1.5766 0.1525 0.0653
84.0 -1.6253 0.1385 0.0748 -1.5762 0.1592 0.0585 -1.5758 0.1574 0.0604 -1.5766 0.1469 0.071 -1.5813 0.1383 0.0793 -1.5827 0.1314 0.0862 -1.5729 0.1706 0.0471 -1.5657 0.16 0.0587 -1.5619 0.1483 0.0711 -1.5599 0.1369 0.0828 -1.5772 0.1509 0.0669
85.0 -1.628 0.1387 0.0742 -1.5758 0.1574 0.0604 -1.5799 0.1556 0.0618 -1.5791 0.1459 0.0717 -1.583 0.1381 0.0794 -1.581 0.1316 0.0862 -1.5739 0.1717 0.0459 -1.5658 0.1606 0.0581 -1.562 0.1489 0.0704 -1.5591 0.137 0.0828 -1.5778 0.1514 0.0663
86.0 -1.6293 0.1361 0.0768 -1.5819 0.1566 0.0606 -1.5815 0.1548 0.0625 -1.5807 0.1451 0.0724 -1.5845 0.1367 0.0807 -1.5825 0.1302 0.0875 -1.5791 0.171 0.0461 -1.5702 0.1606 0.0576 -1.5655 0.1484 0.0706 -1.5617 0.1367 0.0829 -1.5812 0.1506 0.0668
87.0 -1.6265 0.1353 0.0779 -1.5811 0.1573 0.0599 -1.581 0.1567 0.0606 -1.5799 0.1452 0.0724 -1.5821 0.1376 0.08 -1.5834 0.1301 0.0875 -1.5761 0.169 0.0485 -1.5671 0.1579 0.0606 -1.5632 0.1456 0.0736 -1.5611 0.1337 0.086 -1.5788 0.1483 0.0693
88.0 -1.6325 0.1345 0.0782 -1.5844 0.1562 0.0607 -1.586 0.1554 0.0614 -1.584 0.1435 0.0738 -1.586 0.1352 0.082 -1.5846 0.1269 0.0907 -1.5805 0.169 0.048 -1.5708 0.1587 0.0595 -1.566 0.1465 0.0725 -1.5621 0.1342 0.0854 -1.5824 0.1486 0.0687
89.0 -1.6264 0.1347 0.0786 -1.5782 0.1558 0.0617 -1.5831 0.1534 0.0638 -1.5804 0.1433 0.0743 -1.5843 0.1355 0.0819 -1.5821 0.1278 0.09 -1.5767 0.167 0.0504 -1.5677 0.156 0.0625 -1.5629 0.1439 0.0755 -1.5609 0.1325 0.0873 -1.5789 0.1468 0.0708
90.0 -1.6306 0.1335 0.0793 -1.581 0.1518 0.0656 -1.5827 0.1516 0.0656 -1.585 0.1396 0.0776 -1.5882 0.1325 0.0846 -1.5881 0.127 0.0902 -1.5811 0.1671 0.0499 -1.5729 0.1559 0.0621 -1.5683 0.1444 0.0744 -1.5645 0.1327 0.0868 -1.5835 0.1467 0.0705
91.0 -1.633 0.132 0.0807 -1.5832 0.154 0.0631 -1.5823 0.1541 0.0631 -1.5812 0.1426 0.0749 -1.5842 0.1349 0.0825 -1.5847 0.1275 0.0901 -1.5783 0.1662 0.0511 -1.5693 0.1552 0.0632 -1.5647 0.1442 0.0749 -1.5636 0.1328 0.0867 -1.5818 0.1461 0.0713
92.0 -1.6312 0.1322 0.0806 -1.584 0.1538 0.0632 -1.5878 0.1503 0.0664 -1.5857 0.1383 0.0788 -1.5879 0.1307 0.0864 -1.5848 0.1232 0.0944 -1.5816 0.1652 0.0518 -1.572 0.1555 0.0627 -1.5665 0.144 0.075 -1.5626 0.1323 0.0873 -1.5828 0.1458 0.0715
93.0 -1.6281 0.1296 0.0836 -1.5856 0.153 0.0639 -1.5862 0.1511 0.0658 -1.5825 0.14 0.0775 -1.5839 0.1331 0.0844 -1.5826 0.1259 0.0918 -1.5825 0.165 0.0519 -1.5718 0.1543 0.0639 -1.5662 0.1428 0.0762 -1.5616 0.1312 0.0885 -1.582 0.1446 0.0728
93.0 -1.6281 0.1296 0.0836 -1.5856 0.153 0.0639 -1.5862 0.1511 0.0658 -1.5825 0.14 0.0775 -1.5839 0.1331 0.0844 -1.5826 0.1259 0.0918 -1.5825 0.165 0.0519 -1.5718 0.1543 0.0639 -1.5662 0.1428 0.0762 -1.5616 0.1312 0.0885 -1.582 0.1446 0.0728
95.0 -1.6232 0.1266 0.0872 -1.5824 0.1498 0.0675 -1.5838 0.1478 0.0694 -1.5826 0.1357 0.0819 -1.5838 0.1276 0.09 -1.584 0.1184 0.0994 -1.5798 0.1599 0.0574 -1.5693 0.1503 0.0682 -1.5639 0.1395 0.0799 -1.5602 0.1283 0.0916 -1.5793 0.1409 0.0769
96.0 -1.6266 0.1255 0.0879 -1.5821 0.148 0.0693 -1.5821 0.148 0.0693 -1.5823 0.1339 0.0837 -1.5852 0.1256 0.0919 -1.5821 0.1181 0.0999 -1.5823 0.159 0.0581 -1.5727 0.1493 0.069 -1.5672 0.1384 0.0806 -1.5634 0.1267 0.093 -1.5824 0.1398 0.0777
97.0 -1.6231 0.126 0.0878 -1.5805 0.1488 0.0687 -1.5819 0.1468 0.0706 -1.5814 0.134 0.0837 -1.5835 0.1258 0.0919 -1.5821 0.1181 0.0999 -1.5796 0.1587 0.0586 -1.57 0.149 0.0695 -1.5647 0.1387 0.0805 -1.5609 0.1276 0.0923 -1.5797 0.14 0.0777
98.0 -1.6239 0.1252 0.0884 -1.5785 0.1473 0.0705 -1.5832 0.1442 0.0731 -1.5805 0.1336 0.0843 -1.581 0.1268 0.0912 -1.5797 0.119 0.0992 -1.577 0.1591 0.0585 -1.5673 0.1488 0.07 -1.5626 0.1372 0.0823 -1.5589 0.1261 0.094 -1.5779 0.1393 0.0787
99.0 -1.623 0.1254 0.0884 -1.5764 0.1457 0.0722 -1.5832 0.1442 0.0731 -1.5804 0.133 0.0849 -1.5816 0.1248 0.0931 -1.58 0.1159 0.1024 -1.5768 0.1579 0.0598 -1.5671 0.1476 0.0713 -1.5624 0.136 0.0836 -1.5586 0.1243 0.0959 -1.5776 0.1382 0.0798
100.0 -1.6255 0.1244 0.0891 -1.5776 0.1474 0.0704 -1.5805 0.1439 0.0737 -1.5771 0.1346 0.0835 -1.5794 0.1276 0.0905 -1.5763 0.1201 0.0985 -1.5751 0.1581 0.0597 -1.5653 0.1472 0.0718 -1.5606 0.1356 0.0841 -1.5576 0.1238 0.0965 -1.5768 0.1378 0.0803
101.0 -1.626 0.1225 0.091 -1.5851 0.1451 0.072 -1.5833 0.1448 0.0725 -1.5812 0.1328 0.0849 -1.5842 0.1245 0.0932 -1.581 0.1164 0.1018 -1.5805 0.1586 0.0587 -1.5689 0.1479 0.0707 -1.5625 0.1366 0.0829 -1.5587 0.1249 0.0953 -1.5793 0.1381 0.0797
102.0 -1.6292 0.1203 0.093 -1.5843 0.1453 0.0719 -1.5822 0.1437 0.0737 -1.5785 0.1326 0.0854 -1.5799 0.1251 0.093 -1.5792 0.1166 0.1017 -1.5794 0.1575 0.0599 -1.5688 0.1473 0.0713 -1.564 0.1352 0.0843 -1.5611 0.1233 0.0966 -1.5805 0.1367 0.081
103.0 -1.6292 0.1203 0.093 -1.5852 0.1457 0.0713 -1.583 0.143 0.0744 -1.5801 0.1318 0.0861 -1.5822 0.1235 0.0943 -1.5799 0.1153 0.103 -1.581 0.1567 0.0606 -1.5713 0.1464 0.072 -1.5659 0.1355 0.0837 -1.562 0.1238 0.096 -1.5819 0.1365 0.0811
103.0 -1.6292 0.1203 0.093 -1.5852 0.1457 0.0713 -1.583 0.143 0.0744 -1.5801 0.1318 0.0861 -1.5822 0.1235 0.0943 -1.5799 0.1153 0.103 -1.581 0.1567 0.0606 -1.5713 0.1464 0.072 -1.5659 0.1355 0.0837 -1.562 0.1238 0.096 -1.5819 0.1365 0.0811
105.0 -1.6274 0.1205 0.093 -1.5815 0.1444 0.0731 -1.5828 0.1418 0.0756 -1.5801 0.1318 0.0861 -1.5847 0.1226 0.095 -1.5806 0.114 0.1043 -1.5775 0.1566 0.061 -1.5668 0.1458 0.0731 -1.5621 0.1342 0.0854 -1.5591 0.1224 0.0978 -1.5786 0.1359 0.0821
106.0 -1.6289 0.1191 0.0943 -1.5842 0.1447 0.0725 -1.5822 0.1437 0.0737 -1.5794 0.1325 0.0855 -1.5822 0.1235 0.0943 -1.5816 0.1151 0.103 -1.5799 0.1556 0.0618 -1.5693 0.1454 0.0732 -1.5647 0.1338 0.0855 -1.5618 0.1226 0.0973 -1.5809 0.1353 0.0824
107.0 -1.6282 0.1198 0.0936 -1.5839 0.1429 0.0744 -1.5839 0.1429 0.0744 -1.58 0.1312 0.0867 -1.5804 0.1232 0.0949 -1.5781 0.1149 0.1035 -1.5826 0.1559 0.0612 -1.5703 0.1459 0.0726 -1.5639 0.1346 0.0849 -1.5594 0.1236 0.0966 -1.5809 0.1359 0.0818
108.0 -1.6273 0.1199 0.0936 -1.5778 0.1437 0.0742 -1.5812 0.1426 0.0749 -1.5776 0.1321 0.086 -1.5789 0.1246 0.0936 -1.5775 0.1168 0.1016 -1.5799 0.1556 0.0618 -1.5702 0.1453 0.0733 -1.5648 0.1344 0.0849 -1.5611 0.1233 0.0966 -1.5807 0.1357 0.082
109.0 -1.6229 0.1199 0.094 -1.5799 0.1452 0.0724 -1.5848 0.1433 0.0738 -1.5794 0.1325 0.0855 -1.5772 0.1248 0.0935 -1.5773 0.1156 0.1029 -1.5789 0.1545 0.063 -1.5673 0.1439 0.075 -1.5618 0.1324 0.0873 -1.5589 0.1212 0.099 -1.578 0.1344 0.0837
110.0 -1.6273 0.1199 0.0936 -1.5787 0.1436 0.0742 -1.5813 0.1432 0.0743 -1.5785 0.1326 0.0854 -1.5815 0.1243 0.0937 -1.5774 0.1162 0.1023 -1.5782 0.1558 0.0617 -1.5674 0.1445 0.0744 -1.561 0.1331 0.0866 -1.5581 0.1213 0.099 -1.5784 0.1349 0.0831
111.0 -1.6266 0.1206 0.0929 -1.5797 0.144 0.0736 -1.5812 0.1426 0.0749 -1.5767 0.1322 0.086 -1.5772 0.1248 0.0935 -1.5775 0.1168 0.1016 -1.5763 0.1549 0.0629 -1.5665 0.144 0.075 -1.5618 0.1324 0.0873 -1.5606 0.1204 0.0997 -1.5783 0.1344 0.0836
112.0 -1.6266 0.1206 0.0929 -1.5788 0.1442 0.0736 -1.5822 0.1437 0.0737 -1.5793 0.1319 0.0861 -1.5779 0.1241 0.0942 -1.5773 0.1156 0.1029 -1.5798 0.155 0.0624 -1.5692 0.1448 0.0738 -1.5637 0.1334 0.0861 -1.5599 0.1217 0.0985 -1.5799 0.1351 0.0827
113.0 -1.6239 0.1204 0.0934 -1.5796 0.1434 0.0742 -1.5804 0.1433 0.0743 -1.5784 0.132 0.0861 -1.5789 0.1246 0.0936 -1.5765 0.1158 0.1028 -1.5789 0.1545 0.063 -1.5683 0.1444 0.0744 -1.5618 0.1324 0.0873 -1.558 0.1207 0.0996 -1.5782 0.1345 0.0836
114.0 -1.6246 0.1196 0.0941 -1.5828 0.1418 0.0756 -1.5805 0.1439 0.0737 -1.5792 0.1313 0.0867 -1.5829 0.1222 0.0956 -1.5822 0.1132 0.1049 -1.5816 0.1554 0.0618 -1.5712 0.1458 0.0727 -1.5656 0.1343 0.0849 -1.5611 0.1233 0.0966 -1.5808 0.1357 0.082
115.0 -1.6236 0.1186 0.0953 -1.5778 0.1437 0.0742 -1.5802 0.1421 0.0755 -1.5766 0.1316 0.0866 -1.5795 0.1233 0.0948 -1.5782 0.1155 0.1029 -1.579 0.1551 0.0624 -1.5683 0.1444 0.0744 -1.562 0.1336 0.086 -1.5573 0.122 0.0984 -1.578 0.1347 0.0833
116.0 -1.6241 0.1216 0.0922 -1.5788 0.1442 0.0736 -1.5804 0.1433 0.0743 -1.5792 0.1313 0.0867 -1.5796 0.1239 0.0942 -1.579 0.1154 0.1029 -1.5772 0.1554 0.0623 -1.5684 0.145 0.0738 -1.5629 0.1335 0.0861 -1.5599 0.1217 0.0985 -1.5785 0.1354 0.0826
117.0 -1.6222 0.1206 0.0934 -1.5822 0.1437 0.0737 -1.5817 0.1407 0.0768 -1.5782 0.1308 0.0873 -1.5796 0.1239 0.0942 -1.5783 0.1161 0.1023 -1.5781 0.1552 0.0623 -1.5693 0.1454 0.0732 -1.5639 0.1346 0.0849 -1.5593 0.123 0.0972 -1.5786 0.1358 0.0822
118.0 -1.626 0.1225 0.091 -1.5784 0.1418 0.0761 -1.5756 0.1409 0.0772 -1.5771 0.1297 0.0885 -1.5819 0.1217 0.0962 -1.5833 0.1148 0.1031 -1.5775 0.1566 0.061 -1.5716 0.1482 0.0702 -1.568 0.1377 0.0813 -1.5661 0.1269 0.0925 -1.5818 0.1384 0.0792
118.0 -1.626 0.1225 0.091 -1.5784 0.1418 0.0761 -1.5756 0.1409 0.0772 -1.5771 0.1297 0.0885 -1.5819 0.1217 0.0962 -1.5833 0.1148 0.1031 -1.5775 0.1566 0.061 -1.5716 0.1482 0.0702 -1.568 0.1377 0.0813 -1.5661 0.1269 0.0925 -1.5818 0.1384 0.0792
120.0 -1.6259 0.1219 0.0916 -1.5822 0.1437 0.0737 -1.5772 0.145 0.0729 -1.5774 0.1309 0.0873 -1.5804 0.1232 0.0949 -1.5809 0.1158 0.1024 -1.5811 0.1573 0.0599 -1.5717 0.1488 0.0696 -1.5665 0.1391 0.08 -1.5629 0.1286 0.0911 -1.5816 0.1391 0.0784
121.0 -1.62 0.1233 0.0908 -1.58 0.1458 0.0718 -1.5763 0.1451 0.0729 -1.5741 0.1326 0.0859 -1.5771 0.1242 0.0941 -1.5756 0.1159 0.1028 -1.5777 0.1577 0.0598 -1.5663 0.1483 0.0706 -1.56 0.1375 0.0822 -1.5555 0.1265 0.0939 -1.5759 0.1387 0.0795
122.0 -1.6252 0.1226 0.091 -1.5764 0.1457 0.0722 -1.5781 0.1455 0.0723 -1.5768 0.1328 0.0854 -1.579 0.1252 0.093 -1.5758 0.1171 0.1016 -1.5769 0.1585 0.0591 -1.5663 0.1483 0.0706 -1.5599 0.1369 0.0828 -1.5561 0.1252 0.0952 -1.5769 0.1383 0.0798
123.0 -1.6225 0.1224 0.0915 -1.5793 0.1471 0.0705 -1.5781 0.1455 0.0723 -1.5755 0.1354 0.0828 -1.576 0.128 0.0903 -1.5739 0.121 0.0978 -1.5751 0.1581 0.0597 -1.5644 0.1473 0.0718 -1.559 0.1365 0.0834 -1.5561 0.1252 0.0952 -1.5754 0.1379 0.0803
124.0 -1.6217 0.1231 0.0909 -1.5785 0.1473 0.0705 -1.5783 0.1461 0.0717 -1.5754 0.1348 0.0834 -1.5766 0.1267 0.0916 -1.5735 0.1192 0.0996 -1.5769 0.1585 0.0591 -1.5672 0.1482 0.0706 -1.5617 0.1367 0.0829 -1.557 0.1251 0.0952 -1.5769 0.1383 0.0798
125.0 -1.6259 0.1219 0.0916 -1.5793 0.1471 0.0705 -1.5791 0.1459 0.0717 -1.5763 0.1347 0.0835 -1.5783 0.1265 0.0917 -1.5761 0.1189 0.0997 -1.5753 0.1593 0.0585 -1.5655 0.1484 0.0706 -1.5599 0.1369 0.0828 -1.5569 0.1245 0.0958 -1.5767 0.1382 0.0799
125.0 -1.6259 0.1219 0.0916 -1.5793 0.1471 0.0705 -1.5791 0.1459 0.0717 -1.5763 0.1347 0.0835 -1.5783 0.1265 0.0917 -1.5761 0.1189 0.0997 -1.5753 0.1593 0.0585 -1.5655 0.1484 0.0706 -1.5599 0.1369 0.0828 -1.5569 0.1245 0.0958 -1.5767 0.1382 0.0799
127.0 -1.6209 0.1232 0.0908 -1.5786 0.1479 0.0698 -1.5806 0.1445 0.073 -1.5763 0.1347 0.0835 -1.5776 0.1272 0.091 -1.5744 0.1191 0.0996 -1.5736 0.1595 0.0584 -1.5629 0.1487 0.0705 -1.5574 0.1373 0.0827 -1.5544 0.1255 0.0951 -1.5738 0.1388 0.0795
128.0 -1.6244 0.1233 0.0903 -1.581 0.1469 0.0706 -1.5773 0.1456 0.0723 -1.5777 0.1327 0.0854 -1.5815 0.1243 0.0937 -1.58 0.1159 0.1024 -1.5803 0.158 0.0593 -1.571 0.1501 0.0683 -1.5641 0.1406 0.0786 -1.5588 0.1304 0.0897 -1.5797 0.1405 0.0772
129.0 -1.6201 0.1239 0.0902 -1.5778 0.1486 0.0692 -1.5764 0.1457 0.0722 -1.5764 0.1353 0.0829 -1.5801 0.1263 0.0917 -1.5769 0.1182 0.1004 -1.5751 0.1581 0.0597 -1.5645 0.1479 0.0712 -1.5591 0.137 0.0828 -1.5545 0.1261 0.0945 -1.5747 0.1386 0.0797
130.0 -1.6245 0.1239 0.0897 -1.5821 0.148 0.0693 -1.5823 0.1443 0.0731 -1.5809 0.131 0.0868 -1.5837 0.1221 0.0956 -1.5798 0.1147 0.1036 -1.5796 0.1587 0.0586 -1.5692 0.1497 0.0688 -1.5628 0.1384 0.0811 -1.5573 0.1269 0.0934 -1.5787 0.1395 0.0783
131.0 -1.6236 0.1235 0.0903 -1.577 0.1487 0.0691 -1.5792 0.1465 0.0711 -1.5756 0.136 0.0822 -1.5761 0.1286 0.0897 -1.5755 0.1202 0.0984 -1.5734 0.1583 0.0596 -1.5645 0.1479 0.0712 -1.5598 0.1363 0.0835 -1.5587 0.1249 0.0953 -1.576 0.1382 0.08
132.0 -1.6263 0.1243 0.0892 -1.5807 0.1451 0.0724 -1.5774 0.1462 0.0717 -1.5787 0.1338 0.0842 -1.5809 0.1262 0.0918 -1.5781 0.1198 0.0985 -1.5806 0.1592 0.058 -1.5718 0.1494 0.0689 -1.5663 0.1379 0.0812 -1.5608 0.127 0.0929 -1.5812 0.1396 0.078
133.0 -1.626 0.1225 0.091 -1.5787 0.1485 0.0692 -1.5803 0.1476 0.0699 -1.5773 0.1358 0.0823 -1.5777 0.1278 0.0904 -1.5761 0.1189 0.0997 -1.5769 0.1585 0.0591 -1.5671 0.1476 0.0713 -1.5616 0.1361 0.0835 -1.5604 0.1246 0.0954 -1.5784 0.1379 0.0801
134.0 -1.6245 0.1239 0.0897 -1.5806 0.1494 0.068 -1.5834 0.1454 0.0719 -1.5797 0.1343 0.0836 -1.5811 0.1274 0.0905 -1.5782 0.1204 0.0979 -1.5798 0.1599 0.0574 -1.5702 0.1502 0.0683 -1.5639 0.1395 0.0799 -1.5593 0.1285 0.0916 -1.5795 0.1404 0.0774
135.0 -1.6229 0.1248 0.089 -1.5811 0.1475 0.0699 -1.5809 0.1463 0.0712 -1.5789 0.135 0.083 -1.5811 0.1274 0.0905 -1.5799 0.1202 0.098 -1.5815 0.1597 0.0575 -1.572 0.1506 0.0677 -1.5666 0.1397 0.0794 -1.5613 0.1294 0.0904 -1.5809 0.1408 0.0768
136.0 -1.6212 0.125 0.089 -1.5797 0.1495 0.068 -1.583 0.1479 0.0694 -1.5775 0.137 0.081 -1.5763 0.1298 0.0885 -1.5756 0.1208 0.0978 -1.578 0.1595 0.0579 -1.5675 0.15 0.0688 -1.5612 0.1392 0.0804 -1.5567 0.1282 0.0921 -1.5769 0.1404 0.0776
137.0 -1.629 0.1246 0.0886 -1.5806 0.1494 0.068 -1.5838 0.1478 0.0694 -1.58 0.1361 0.0818 -1.5797 0.1294 0.0886 -1.5766 0.1218 0.0966 -1.5806 0.1592 0.058 -1.57 0.149 0.0695 -1.5636 0.1377 0.0817 -1.5598 0.126 0.0941 -1.5806 0.1393 0.0784
137.0 -1.629 0.1246 0.0886 -1.5806 0.1494 0.068 -1.5838 0.1478 0.0694 -1.58 0.1361 0.0818 -1.5797 0.1294 0.0886 -1.5766 0.1218 0.0966 -1.5806 0.1592 0.058 -1.57 0.149 0.0695 -1.5636 0.1377 0.0817 -1.5598 0.126 0.0941 -1.5806 0.1393 0.0784
139.0 -1.6282 0.1247 0.0886 -1.5829 0.1473 0.07 -1.5821 0.148 0.0693 -1.58 0.1361 0.0818 -1.5805 0.1287 0.0893 -1.579 0.1203 0.098 -1.5808 0.1604 0.0568 -1.5702 0.1502 0.0683 -1.5647 0.1387 0.0805 -1.5609 0.1276 0.0923 -1.5809 0.1403 0.0773
139.0 -1.6282 0.1247 0.0886 -1.5829 0.1473 0.07 -1.5821 0.148 0.0693 -1.58 0.1361 0.0818 -1.5805 0.1287 0.0893 -1.579 0.1203 0.098 -1.5808 0.1604 0.0568 -1.5702 0.1502 0.0683 -1.5647 0.1387 0.0805 -1.5609 0.1276 0.0923 -1.5809 0.1403 0.0773
139.0 -1.6282 0.1247 0.0886 -1.5829 0.1473 0.07 -1.5821 0.148 0.0693 -1.58 0.1361 0.0818 -1.5805 0.1287 0.0893 -1.579 0.1203 0.098 -1.5808 0.1604 0.0568 -1.5702 0.1502 0.0683 -1.5647 0.1387 0.0805 -1.5609 0.1276 0.0923 -1.5809 0.1403 0.0773
142.0 -1.6241 0.1264 0.0872 -1.579 0.1502 0.0673 -1.5833 0.1497 0.0675 -1.5803 0.1378 0.0799 -1.5808 0.1305 0.0874 -1.5785 0.1222 0.0961 -1.5808 0.1604 0.0568 -1.571 0.1501 0.0683 -1.5656 0.1392 0.0799 -1.5619 0.1281 0.0917 -1.5807 0.1408 0.0768
143.0 -1.6277 0.1272 0.0861 -1.5845 0.1513 0.0657 -1.5854 0.1469 0.0701 -1.5818 0.1364 0.0812 -1.5849 0.1287 0.0888 -1.5833 0.1197 0.0981 -1.5811 0.1622 0.0549 -1.5707 0.1532 0.0652 -1.566 0.1416 0.0775 -1.5615 0.1306 0.0892 -1.5814 0.143 0.0746
144.0 -1.6287 0.1277 0.0855 -1.58 0.1507 0.0668 -1.5859 0.1493 0.0676 -1.5823 0.1388 0.0787 -1.5819 0.1315 0.0862 -1.5806 0.1244 0.0936 -1.5819 0.1621 0.055 -1.5704 0.1514 0.067 -1.5649 0.1399 0.0793 -1.5603 0.1289 0.091 -1.5812 0.142 0.0756
145.0 -1.6297 0.1281 0.0849 -1.5811 0.1524 0.0649 -1.5852 0.1506 0.0663 -1.5806 0.1396 0.078 -1.5819 0.1315 0.0862 -1.5804 0.1232 0.0949 -1.5812 0.1628 0.0543 -1.5705 0.152 0.0664 -1.565 0.1405 0.0787 -1.5621 0.1293 0.0904 -1.5817 0.1425 0.0749
145.0 -1.6297 0.1281 0.0849 -1.5811 0.1524 0.0649 -1.5852 0.1506 0.0663 -1.5806 0.1396 0.078 -1.5819 0.1315 0.0862 -1.5804 0.1232 0.0949 -1.5812 0.1628 0.0543 -1.5705 0.152 0.0664 -1.565 0.1405 0.0787 -1.5621 0.1293 0.0904 -1.5817 0.1425 0.0749
147.0 -1.6264 0.1298 0.0836 -1.5818 0.1511 0.0662 -1.5859 0.1493 0.0676 -1.5824 0.1394 0.0781 -1.5838 0.1325 0.085 -1.5833 0.1246 0.0931 -1.5793 0.1618 0.0555 -1.5703 0.1508 0.0676 -1.5649 0.1399 0.0793 -1.562 0.1287 0.091 -1.5806 0.1422 0.0754
148.0 -1.6315 0.1285 0.0844 -1.5836 0.1515 0.0657 -1.5859 0.1493 0.0676 -1.5825 0.14 0.0775 -1.5838 0.1325 0.085 -1.5817 0.1254 0.0924 -1.5815 0.1646 0.0525 -1.5717 0.1537 0.0646 -1.5662 0.1428 0.0762 -1.5633 0.131 0.0886 -1.5828 0.1441 0.0732
149.0 -1.6318 0.1303 0.0825 -1.5865 0.1529 0.0639 -1.5885 0.1496 0.0671 -1.5868 0.1394 0.0776 -1.5897 0.1311 0.0859 -1.5867 0.1242 0.0933 -1.5842 0.1648 0.0519 -1.5753 0.1544 0.0635 -1.5699 0.1435 0.0751 -1.5662 0.1324 0.0868 -1.5855 0.1451 0.072
150.0 -1.6301 0.1305 0.0824 -1.5842 0.155 0.0619 -1.5875 0.1534 0.0633 -1.5839 0.1429 0.0744 -1.5852 0.1354 0.082 -1.5838 0.1276 0.09 -1.5842 0.1648 0.0519 -1.5744 0.1539 0.064 -1.5689 0.143 0.0757 -1.5652 0.1319 0.0874 -1.5846 0.1448 0.0723
151.0 -1.632 0.1315 0.0813 -1.5819 0.1517 0.0656 -1.5802 0.1519 0.0655 -1.5809 0.1408 0.0768 -1.5891 0.1324 0.0846 -1.5878 0.1252 0.092 -1.5824 0.1644 0.0525 -1.5727 0.1547 0.0634 -1.5681 0.1432 0.0757 -1.5652 0.1319 0.0874 -1.5841 0.1452 0.072
152.0 -1.632 0.1315 0.0813 -1.5804 0.1531 0.0643 -1.5803 0.1525 0.0649 -1.5801 0.1415 0.0761 -1.5873 0.1326 0.0845 -1.587 0.1259 0.0914 -1.5806 0.1647 0.0524 -1.5717 0.1537 0.0646 -1.567 0.1421 0.0769 -1.5642 0.1309 0.0886 -1.5831 0.1446 0.0728
153.0 -1.6322 0.1327 0.08 -1.5778 0.1535 0.0642 -1.5794 0.1526 0.0649 -1.5793 0.1423 0.0755 -1.5868 0.1345 0.0826 -1.5883 0.1282 0.0889 -1.578 0.1644 0.0529 -1.5698 0.1533 0.0651 -1.5669 0.1415 0.0775 -1.5658 0.13 0.0893 -1.5825 0.1444 0.073
154.0 -1.6332 0.1332 0.0794 -1.5862 0.156 0.0608 -1.5839 0.1532 0.0638 -1.5837 0.1423 0.075 -1.5917 0.1326 0.0841 -1.5898 0.1268 0.0903 -1.5811 0.1671 0.0499 -1.5722 0.1567 0.0615 -1.5683 0.1444 0.0744 -1.5662 0.1324 0.0868 -1.5842 0.1467 0.0704
155.0 -1.6369 0.1345 0.0777 -1.5834 0.1551 0.0619 -1.5814 0.1542 0.0631 -1.5839 0.1429 0.0744 -1.5904 0.1353 0.0815 -1.5921 0.1295 0.0872 -1.5802 0.1672 0.0499 -1.5738 0.1558 0.0622 -1.5726 0.1438 0.0746 -1.5731 0.1315 0.0871 -1.5873 0.1466 0.0703
155.0 -1.6369 0.1345 0.0777 -1.5834 0.1551 0.0619 -1.5814 0.1542 0.0631 -1.5839 0.1429 0.0744 -1.5904 0.1353 0.0815 -1.5921 0.1295 0.0872 -1.5802 0.1672 0.0499 -1.5738 0.1558 0.0622 -1.5726 0.1438 0.0746 -1.5731 0.1315 0.0871 -1.5873 0.1466 0.0703
155.0 -1.6369 0.1345 0.0777 -1.5834 0.1551 0.0619 -1.5814 0.1542 0.0631 -1.5839 0.1429 0.0744 -1.5904 0.1353 0.0815 -1.5921 0.1295 0.0872 -1.5802 0.1672 0.0499 -1.5738 0.1558 0.0622 -1.5726 0.1438 0.0746 -1.5731 0.1315 0.0871 -1.5873 0.1466 0.0703
155.0 -1.6369 0.1345 0.0777 -1.5834 0.1551 0.0619 -1.5814 0.1542 0.0631 -1.5839 0.1429 0.0744 -1.5904 0.1353 0.0815 -1.5921 0.1295 0.0872 -1.5802 0.1672 0.0499 -1.5738 0.1558 0.0622 -1.5726 0.1438 0.0746 -1.5731 0.1315 0.0871 -1.5873 0.1466 0.0703
155.0 -1.6369 0.1345 0.0777 -1.5834 0.1551 0.0619 -1.5814 0.1542 0.0631 -1.5839 0.1429 0.0744 -1.5904 0.1353 0.0815 -1.5921 0.1295 0.0872 -1.5802 0.1672 0.0499 -1.5738 0.1558 0.0622 -1.5726 0.1438 0.0746 -1.5731 0.1315 0.0871 -1.5873 0.1466 0.0703
155.0 -1.6369 0.1345 0.0777 -1.5834 0.1551 0.0619 -1.5814 0.1542 0.0631 -1.5839 0.1429 0.0744 -1.5904 0.1353 0.0815 -1.5921 0.1295 0.0872 -1.5802 0.1672 0.0499 -1.5738 0.1558 0.0622 -1.5726 0.1438 0.0746 -1.5731 0.1315 0.0871 -1.5873 0.1466 0.0703
161.0 -0.9102 0.0487 0.2375 -0.8264 0.0576 0.2368 -0.8077 0.0613 0.2348 -0.8108 0.0786 0.2168 -0.8324 0.0818 0.2114 -0.8597 0.0867 0.2037 -0.8546 0.0477 0.2441 -0.8605 0.056 0.235 -0.8696 0.0628 0.2272 -0.8811 0.0685 0.2202 -0.8752 0.0567 0.2328
162.0 -0.9266 0.0471 0.2375 -0.8413 0.0519 0.2411 -0.8071 0.0578 0.2385 -0.8144 0.0745 0.2207 -0.8346 0.0791 0.214 -0.856 0.0805 0.2104 -0.8661 0.0431 0.2477 -0.8721 0.052 0.2379 -0.8804 0.0595 0.2295 -0.8904 0.0661 0.2218 -0.8871 0.0536 0.2349
163.0 -0.9515 0.0432 0.2391 -0.8889 0.0828 0.2049 -0.8237 0.0573 0.2373 -0.8205 0.0688 0.2259 -0.8249 0.0688 0.2255 -0.8437 0.0656 0.2268 -0.8909 0.0489 0.2393 -0.8889 0.0473 0.2411 -0.8895 0.046 0.2423 -0.8922 0.0463 0.2418 -0.9026 0.0463 0.2407
164.0 -0.9476 0.0412 0.2415 -0.87 0.045 0.2453 -0.8309 0.0429 0.2513 -0.8278 0.0605 0.2337 -0.8381 0.0688 0.2241 -0.8605 0.0713 0.2194 -0.891 0.0342 0.2543 -0.8909 0.044 0.2443 -0.8949 0.052 0.2357 -0.9015 0.0591 0.2278 -0.9052 0.0461 0.2407
165.0 -0.9653 0.037 0.244 -0.8722 0.0429 0.2473 -0.8406 0.0429 0.2504 -0.8433 0.0633 0.2293 -0.8619 0.0693 0.2213 -0.8988 0.079 0.2077 -0.9037 0.0319 0.2554 -0.909 0.0416 0.245 -0.9185 0.0507 0.2347 -0.9323 0.0592 0.2246 -0.9258 0.0441 0.2408
166.0 -0.9865 0.0323 0.2467 -0.8749 0.0327 0.2574 -0.8549 0.0446 0.2473 -0.862 0.0595 0.2313 -0.8859 0.0654 0.2228 -0.9201 0.0749 0.2098 -0.9227 0.0244 0.2611 -0.9297 0.0345 0.2502 -0.941 0.044 0.2393 -0.955 0.0531 0.2286 -0.947 0.0377 0.2452
167.0 -1.0225 0.022 0.2537 -0.9076 0.0185 0.2687 -0.8804 0.0344 0.2551 -0.8868 0.0507 0.2379 -0.9097 0.0561 0.23 -0.9502 0.0659 0.216 -0.9527 0.0149 0.2679 -0.958 0.0252 0.2569 -0.9685 0.0348 0.246 -0.9842 0.0442 0.2348 -0.9772 0.0282 0.2519
168.0 -1.0297 0.0179 0.2571 -0.9179 0.0123 0.274 -0.8897 0.032 0.2567 -0.8961 0.0488 0.2389 -0.9189 0.0531 0.2322 -0.9574 0.0619 0.2194 -0.9581 0.0105 0.2719 -0.9642 0.0207 0.2609 -0.9756 0.0301 0.2501 -0.9912 0.039 0.2394 -0.9838 0.0236 0.2559
169.0 -1.0425 0.0156 0.2583 -0.9359 0.0098 0.2747 -0.9033 0.0246 0.2629 -0.9048 0.0427 0.2442 -0.9266 0.0471 0.2375 -0.9624 0.0606 0.2202 -0.9708 0.0082 0.273 -0.9744 0.0187 0.2619 -0.9849 0.0283 0.251 -1.0004 0.0365 0.241 -0.9946 0.0214 0.257
170.0 -1.0467 0.0144 0.2591 -0.9607 0.0309 0.2507 -0.9129 0.0239 0.2626 -0.9122 0.0399 0.2463 -0.9342 0.0449 0.2391 -0.9699 0.0529 0.2274 -0.9781 0.0096 0.2708 -0.981 0.016 0.264 -0.991 0.0226 0.2563 -1.0053 0.0292 0.2481 -1.0004 0.0183 0.2596
171.0 -1.0557 0.0108 0.2619 -0.9554 0.0005 0.2824 -0.9191 0.0194 0.2666 -0.9228 0.0354 0.2499 -0.9442 0.0417 0.2413 -0.9789 0.0541 0.2252 -0.9888 0.0002 0.2793 -0.9934 0.0112 0.2676 -1.0039 0.0214 0.2562 -1.0179 0.0305 0.2454 -1.0119 0.0148 0.2621
172.0 -1.0654 0.0107 0.261 -0.9854 0.0258 0.2536 -0.9303 0.0179 0.267 -0.931 0.0319 0.2527 -0.953 0.0368 0.2454 -0.9907 0.0464 0.2319 -0.9971 0.0022 0.2765 -1.0009 0.009 0.2691 -1.011 0.0162 0.2608 -1.0263 0.0233 0.252 -1.0201 0.0123 0.2639
173.0 -1.0681 0.006 0.2655 -0.9756 -0.0047 0.2857 -0.9393 0.0137 0.2705 -0.9409 0.0281 0.2556 -0.9606 0.0352 0.2464 -0.9986 0.046 0.2316 -1.0058 -0.0033 0.2812 -1.0101 0.0065 0.2708 -1.0206 0.0161 0.2599 -1.0355 0.0257 0.2486 -1.028 0.0102 0.2652
174.0 -1.0793 0.0045 0.2659 -0.9946 0.008 0.2708 -0.9483 0.0149 0.2684 -0.9468 0.0267 0.2564 -0.965 0.0303 0.2509 -1.0019 0.04 0.2373 -1.0145 -0.0038 0.2809 -1.0176 0.0037 0.2729 -1.0276 0.0109 0.2646 -1.0423 0.0193 0.2545 -1.0362 0.0069 0.2678
175.0 -1.0924 0.004 0.2652 -1.018 0.0415 0.2342 -0.9698 0.0321 0.2486 -0.9553 0.0249 0.2574 -0.9591 0.0067 0.2756 -0.9872 -0.0142 0.2942 -1.0303 0.0111 0.264 -1.0282 0.0041 0.2715 -1.0322 -0.0032 0.2785 -1.0397 -0.0103 0.285 -1.0446 0.0011 0.2728
176.0 -1.0994 0.0036 0.2648 -1.0273 0.039 0.2358 -0.9754 0.0289 0.2513 -0.9638 0.0232 0.2583 -0.9683 0.0036 0.2779 -0.9975 -0.0156 0.2946 -1.0362 0.0097 0.2649 -1.0351 0.0032 0.2717 -1.0399 -0.0042 0.2788 -1.0502 -0.0111 0.2848 -1.0521 0.0002 0.273
177.0 -1.1089 0.003 0.2646 -1.0351 0.0386 0.2355 -0.9865 0.0274 0.2517 -0.973 0.0207 0.2599 -0.9795 0.0021 0.2783 -1.0085 -0.0177 0.2957 -1.0464 0.0077 0.2659 -1.0461 0.0011 0.2728 -1.051 -0.0063 0.2798 -1.0612 -0.0132 0.2858 -1.0627 -0.0015 0.2738
178.0 -1.118 -0.0007 0.2674 -1.0419 0.0371 0.2364 -0.995 0.0257 0.2527 -0.9816 0.0195 0.2603 -0.9873 0.0017 0.278 -1.0154 -0.0186 0.2959 -1.0556 0.0047 0.2681 -1.0553 -0.002 0.275 -1.0593 -0.0093 0.282 -1.0685 -0.0166 0.2886 -1.0713 -0.0048 0.2762
179.0 -1.123 -0.002 0.2683 -1.0525 0.0326 0.2399 -0.9987 0.0215 0.2566 -0.9894 0.0185 0.2606 -0.9992 0.0043 0.2741 -1.029 -0.0113 0.2871 -1.0604 0.0022 0.2702 -1.0603 -0.0033 0.2758 -1.0665 -0.0084 0.2804 -1.0781 -0.0124 0.2834 -1.0777 -0.0048 0.2756
180.0 -1.2406 -0.0038 0.2584 -1.1521 -0.0114 0.275 -1.1114 0.002 0.2653 -1.1149 0.0223 0.2442 -1.1261 0.0257 0.2397 -1.159 0.0377 0.2241 -1.1739 -0.0125 0.274 -1.1767 -0.0019 0.2628 -1.1845 0.0074 0.2525 -1.1966 0.0162 0.2424 -1.1944 0.0011 0.258
181.0 -1.2472 -0.0059 0.26 -1.1627 -0.0116 0.2742 -1.1217 0.0055 0.2607 -1.1261 0.0208 0.2446 -1.1371 0.023 0.2413 -1.166 0.0325 0.2287 -1.1811 -0.0117 0.2724 -1.1837 -0.0022 0.2625 -1.1933 0.0075 0.2516 -1.2072 0.0166 0.2409 -1.2025 0.0008 0.2575
182.0 -1.2611 -0.0023 0.2549 -1.1734 -0.0204 0.2821 -1.1336 0.0033 0.2618 -1.1367 0.0212 0.2432 -1.1479 0.0246 0.2386 -1.1757 0.0379 0.2222 -1.1965 -0.0095 0.2686 -1.1982 0.0007 0.2581 -1.2051 0.0095 0.2483 -1.2163 0.0184 0.2381 -1.2154 0.0034 0.2536
183.0 -1.2664 -0.0018 0.2538 -1.1856 -0.0165 0.2769 -1.1472 0.0057 0.258 -1.1519 0.0222 0.2406 -1.1621 0.0251 0.2367 -1.1892 0.0343 0.2246 -1.2027 -0.0091 0.2676 -1.2053 0.0009 0.2571 -1.2139 0.0096 0.2474 -1.2267 0.0176 0.2379 -1.223 0.0034 0.2528
184.0 -1.2811 0.0017 0.2488 -1.2018 0.0259 0.232 -1.1579 0.0116 0.2509 -1.1614 0.0215 0.2404 -1.168 0.0139 0.2475 -1.1964 0.0052 0.2536 -1.2159 0.0007 0.2562 -1.2183 -0.0002 0.257 -1.2277 -0.0021 0.258 -1.2423 -0.004 0.2585 -1.2371 -0.0008 0.2557
185.0 -1.2878 -0.0004 0.2503 -1.2093 -0.0014 0.2591 -1.1678 0.0078 0.2538 -1.1731 0.023 0.2377 -1.1816 0.0261 0.2337 -1.2097 0.026 0.231 -1.2261 -0.0061 0.2623 -1.2296 -0.0011 0.2568 -1.2374 0.0033 0.2515 -1.2497 0.0084 0.2451 -1.2461 0.0008 0.2532
186.0 -1.2986 -0.0037 0.2526 -1.218 -0.027 0.2844 -1.1815 0.0054 0.2549 -1.1865 0.0242 0.2351 -1.1923 0.0271 0.2316 -1.2212 0.0361 0.2196 -1.2352 -0.0092 0.2645 -1.2369 0.0004 0.2546 -1.2436 0.0086 0.2455 -1.2548 0.0169 0.2359 -1.2538 0.0026 0.2506
187.0 -1.3072 -0.0049 0.2529 -1.2294 -0.0273 0.2836 -1.1884 0.0045 0.2552 -1.1943 0.0232 0.2354 -1.2011 0.0272 0.2307 -1.2283 0.0363 0.2186 -1.2454 -0.0112 0.2655 -1.2464 -0.0009 0.2549 -1.2522 0.0074 0.2458 -1.2625 0.0158 0.2362 -1.2627 0.0013 0.2511
188.0 -1.3251 -0.0036 0.2499 -1.2421 0.0149 0.2391 -1.2008 0.0101 0.2482 -1.2072 0.0215 0.2359 -1.2134 0.017 0.2399 -1.2404 0.0054 0.2491 -1.259 -0.0039 0.2567 -1.2616 -0.0042 0.2568 -1.2703 -0.0048 0.2565 -1.2823 -0.0064 0.2569 -1.2797 -0.0046 0.2553
189.0 -1.3303 -0.0086 0.2544 -1.2516 -0.031 0.2851 -1.2091 0.0023 0.2554 -1.215 0.021 0.2356 -1.2226 0.0243 0.2315 -1.2499 0.0346 0.2182 -1.2661 -0.014 0.2663 -1.2669 -0.0043 0.2563 -1.2726 0.0035 0.2478 -1.2839 0.0123 0.2376 -1.284 -0.0022 0.2525
190.0 -1.3663 -0.0141 0.2565 -1.287 -0.04 0.2909 -1.2438 -0.0055 0.2598 -1.2504 0.012 0.2413 -1.2571 0.0153 0.2372 -1.2811 0.0268 0.2232 -1.2991 -0.0215 0.2707 -1.299 -0.0117 0.2607 -1.3041 -0.0026 0.2509 -1.3144 0.0058 0.2413 -1.3166 -0.0088 0.256
191.0 -1.3734 -0.0138 0.2555 -1.2922 -0.0407 0.2911 -1.2511 -0.004 0.2576 -1.2566 0.0124 0.2403 -1.2653 0.0167 0.2351 -1.2891 0.0269 0.2222 -1.3043 -0.0216 0.2703 -1.3043 -0.0118 0.2603 -1.3094 -0.0027 0.2505 -1.3205 0.0056 0.2409 -1.3224 -0.0089 0.2555
192.0 -1.3787 -0.0139 0.2551 -1.2977 -0.039 0.2888 -1.255 -0.0015 0.2546 -1.2647 0.0137 0.2382 -1.2734 0.018 0.2329 -1.2959 0.026 0.2225 -1.3088 -0.021 0.2692 -1.3089 -0.0106 0.2586 -1.3147 -0.0022 0.2495 -1.3251 0.0068 0.2392 -1.3272 -0.0082 0.2543
193.0 -1.3457 -0.0113 0.2557 -1.2978 -0.0335 0.2832 -1.2564 0.0014 0.2516 -1.2667 0.0195 0.232 -1.276 0.0226 0.228 -1.3018 0.0295 0.2184 -1.3017 -0.0163 0.2652 -1.3043 -0.0063 0.2547 -1.3101 0.0015 0.2462 -1.3192 0.0082 0.2384 -1.3162 -0.0049 0.252
193.0 -1.3457 -0.0113 0.2557 -1.2978 -0.0335 0.2832 -1.2564 0.0014 0.2516 -1.2667 0.0195 0.232 -1.276 0.0226 0.228 -1.3018 0.0295 0.2184 -1.3017 -0.0163 0.2652 -1.3043 -0.0063 0.2547 -1.3101 0.0015 0.2462 -1.3192 0.0082 0.2384 -1.3162 -0.0049 0.252
195.0 -1.3333 -0.012 0.2577 -1.3048 -0.029 0.2778 -1.2599 0.0009 0.2517 -1.2711 0.0196 0.2315 -1.2795 0.0227 0.2275 -1.3032 0.0274 0.2203 -1.2991 -0.016 0.2651 -1.3019 -0.0054 0.254 -1.3076 0.0024 0.2454 -1.3166 0.0085 0.2383 -1.3117 -0.0045 0.2521
196.0 -1.378 -0.0175 0.2588 -1.3014 -0.0383 0.2877 -1.2615 8.557e-05 0.2524 -1.2703 0.0154 0.2359 -1.2799 0.0196 0.2306 -1.3014 0.0271 0.2208 -1.3123 -0.0214 0.2693 -1.314 -0.0113 0.2588 -1.3191 -0.0022 0.249 -1.3294 0.0062 0.2394 -1.3306 -0.0092 0.2551
197.0 -1.3467 -0.0157 0.2601 -1.3014 -0.0383 0.2877 -1.2576 -0.0018 0.2547 -1.2658 0.0148 0.2369 -1.2737 0.0198 0.231 -1.2989 0.028 0.2201 -1.3037 -0.0203 0.269 -1.3047 -0.0094 0.2578 -1.3096 -0.0015 0.2493 -1.3188 0.0058 0.2409 -1.3167 -0.0082 0.2554
198.0 -1.344 -0.0159 0.2606 -1.3003 -0.0394 0.2889 -1.2575 -0.0024 0.2554 -1.2669 0.0158 0.2357 -1.2755 0.0196 0.2311 -1.2995 0.0261 0.222 -1.301 -0.0205 0.2695 -1.3029 -0.0098 0.2584 -1.3087 -0.0014 0.2492 -1.3178 0.0053 0.2415 -1.3149 -0.0085 0.2558
199.0 -1.3303 -0.0141 0.2601 -1.3037 -0.0349 0.284 -1.2617 -0.0036 0.2561 -1.2701 0.0142 0.2371 -1.2762 0.0189 0.2317 -1.2992 0.0243 0.2239 -1.2993 -0.0203 0.2695 -1.3011 -0.0095 0.2583 -1.3063 -0.0005 0.2485 -1.3136 0.0065 0.2407 -1.3101 -0.0076 0.2554
200.0 -1.3457 -0.0162 0.2607 -1.303 -0.0391 0.2883 -1.261 -0.0029 0.2555 -1.2682 0.0132 0.2383 -1.2762 0.0189 0.2317 -1.3019 0.0252 0.2227 -1.3026 -0.0213 0.2702 -1.3036 -0.0105 0.259 -1.3095 -0.0021 0.2499 -1.3194 0.0045 0.2421 -1.3162 -0.0091 0.2564
201.0 -1.3593 -0.0192 0.2624 -1.303 -0.0391 0.2883 -1.2634 -0.0038 0.2562 -1.2709 0.0135 0.2378 -1.2803 0.0171 0.2331 -1.3018 0.0246 0.2234 -1.3094 -0.0229 0.2711 -1.3111 -0.0127 0.2606 -1.317 -0.0044 0.2514 -1.3262 0.003 0.243 -1.3246 -0.0112 0.2577
202.0 -1.348 -0.0183 0.2626 -1.3029 -0.0397 0.289 -1.2618 -0.003 0.2555 -1.2702 0.0148 0.2365 -1.2804 0.0177 0.2325 -1.3036 0.0243 0.2234 -1.3033 -0.0221 0.2709 -1.3053 -0.0107 0.2591 -1.3121 -0.0025 0.25 -1.3212 0.0042 0.2422 -1.318 -0.0099 0.257
203.0 -1.3568 -0.0183 0.2617 -1.3027 -0.0409 0.2902 -1.2642 -0.0046 0.2569 -1.2725 0.0126 0.2385 -1.2794 0.0172 0.2331 -1.3017 0.024 0.224 -1.3083 -0.0239 0.2723 -1.3101 -0.0138 0.2618 -1.3152 -0.0047 0.252 -1.3253 0.0031 0.243 -1.3231 -0.0115 0.2582
204.0 -1.3622 -0.0178 0.2607 -1.3026 -0.0415 0.2908 -1.2631 -0.0056 0.2581 -1.2714 0.0116 0.2397 -1.2801 0.0159 0.2344 -1.3014 0.0222 0.2258 -1.3099 -0.0248 0.273 -1.3109 -0.0139 0.2618 -1.3168 -0.0055 0.2527 -1.3252 0.0025 0.2436 -1.325 -0.0119 0.2583
205.0 -1.3424 -0.02 0.2649 -1.3036 -0.0404 0.2896 -1.2613 -0.006 0.2586 -1.2716 0.0128 0.2384 -1.2786 0.0173 0.2331 -1.3014 0.0222 0.2258 -1.3013 -0.0236 0.2727 -1.3041 -0.013 0.2615 -1.3108 -0.0047 0.2524 -1.32 0.0026 0.244 -1.3157 -0.0118 0.2591
206.0 -1.3399 -0.0191 0.2642 -1.3072 -0.0403 0.2891 -1.2613 -0.006 0.2586 -1.2725 0.0126 0.2385 -1.2786 0.0173 0.2331 -1.3013 0.0216 0.2265 -1.3014 -0.023 0.272 -1.3033 -0.0123 0.2609 -1.31 -0.004 0.2518 -1.3191 0.0027 0.244 -1.3148 -0.0111 0.2586
207.0 -1.3409 -0.0186 0.2636 -1.3041 -0.038 0.2871 -1.2613 -0.006 0.2586 -1.2706 0.0117 0.2396 -1.2777 0.0174 0.233 -1.3023 0.0221 0.2259 -1.3014 -0.023 0.272 -1.3042 -0.0124 0.2609 -1.31 -0.004 0.2518 -1.3201 0.0032 0.2434 -1.3153 -0.011 0.2583
208.0 -1.3584 -0.0191 0.2624 -1.3031 -0.0385 0.2877 -1.2679 -0.0032 0.2551 -1.2742 0.0124 0.2385 -1.2873 0.0168 0.2328 -1.3066 0.0215 0.226 -1.3093 -0.0235 0.2717 -1.3094 -0.0125 0.2605 -1.3144 -0.004 0.2513 -1.3236 0.0033 0.2429 -1.323 -0.0112 0.2578
