1.0 -1.3505 0.0461 0.1965 -1.2953 0.0273 0.2212 -1.2373 0.0479 0.2059 -1.2281 0.0608 0.1936 -1.2319 0.067 0.1869 -1.2457 0.0706 0.1818 -1.2931 0.03 0.2186 -1.2879 0.0405 0.2085 -1.2877 0.0491 0.1997 -1.2926 0.057 0.1911 -1.3024 0.0445 0.2029
2.0 -1.3496 0.0462 0.1965 -1.296 0.0266 0.2219 -1.2375 0.0491 0.2046 -1.2281 0.0608 0.1936 -1.2308 0.0659 0.1881 -1.2456 0.07 0.1825 -1.2956 0.0291 0.2194 -1.2895 0.0397 0.2091 -1.2884 0.0484 0.2004 -1.2935 0.0575 0.1906 -1.3033 0.0442 0.2032
3.0 -1.3478 0.0458 0.197 -1.2936 0.0275 0.2212 -1.2374 0.0485 0.2052 -1.2274 0.0615 0.193 -1.2318 0.0664 0.1875 -1.2447 0.0701 0.1824 -1.2946 0.0286 0.22 -1.2887 0.0398 0.2091 -1.2885 0.049 0.1997 -1.2927 0.0576 0.1905 -1.3025 0.0442 0.2033
4.0 -1.3488 0.0463 0.1964 -1.2943 0.0268 0.2218 -1.2372 0.0473 0.2065 -1.2273 0.0609 0.1936 -1.2308 0.0659 0.1881 -1.2438 0.0697 0.183 -1.2929 0.0288 0.2199 -1.2878 0.0399 0.2091 -1.2868 0.0492 0.1997 -1.291 0.0578 0.1905 -1.3015 0.0444 0.2031
5.0 -1.3487 0.0457 0.1971 -1.2953 0.0273 0.2212 -1.2365 0.0481 0.2058 -1.2273 0.0609 0.1936 -1.2308 0.0659 0.1881 -1.2456 0.07 0.1825 -1.294 0.0299 0.2187 -1.2888 0.0404 0.2085 -1.2877 0.0491 0.1997 -1.2927 0.0576 0.1905 -1.3024 0.0445 0.2029
6.0 -1.3495 0.0456 0.1971 -1.2927 0.0276 0.2211 -1.2364 0.0475 0.2065 -1.228 0.0602 0.1943 -1.2325 0.0657 0.1882 -1.2455 0.0694 0.1831 -1.293 0.0294 0.2193 -1.2887 0.0398 0.2091 -1.2884 0.0484 0.2004 -1.2927 0.0576 0.1905 -1.3025 0.0442 0.2033
7.0 -1.3478 0.0458 0.197 -1.2952 0.0267 0.2218 -1.2365 0.0481 0.2058 -1.2273 0.0609 0.1936 -1.2308 0.0659 0.1881 -1.2455 0.0694 0.1831 -1.293 0.0294 0.2193 -1.287 0.04 0.209 -1.2868 0.0492 0.1997 -1.291 0.0578 0.1905 -1.3011 0.0445 0.2031
8.0 -1.3476 0.0447 0.1983 -1.2927 0.0276 0.2211 -1.2371 0.0467 0.2071 -1.2272 0.0603 0.1942 -1.2308 0.0659 0.1881 -1.2448 0.0707 0.1818 -1.2929 0.0288 0.2199 -1.287 0.04 0.209 -1.2867 0.0486 0.2003 -1.2908 0.0572 0.1911 -1.301 0.0439 0.2037
9.0 -1.3489 0.0469 0.1958 -1.2936 0.0275 0.2212 -1.2373 0.0479 0.2059 -1.2281 0.0608 0.1936 -1.2325 0.0657 0.1882 -1.2473 0.0698 0.1825 -1.2922 0.0295 0.2192 -1.2871 0.0406 0.2084 -1.2868 0.0492 0.1997 -1.2918 0.0577 0.1905 -1.3013 0.0448 0.2027
10.0 -1.3477 0.0453 0.1977 -1.2945 0.028 0.2206 -1.2357 0.0488 0.2052 -1.2266 0.0622 0.1923 -1.2301 0.0672 0.1869 -1.2448 0.0707 0.1818 -1.294 0.0299 0.2187 -1.2888 0.0404 0.2085 -1.2885 0.049 0.1997 -1.2926 0.057 0.1911 -1.3023 0.0443 0.2031
11.0 -1.3468 0.0454 0.1976 -1.2912 0.0291 0.2198 -1.2356 0.0482 0.2058 -1.2258 0.0623 0.1923 -1.2303 0.0678 0.1862 -1.2449 0.0713 0.1812 -1.2921 0.0289 0.2199 -1.287 0.04 0.209 -1.2877 0.0491 0.1997 -1.2918 0.0577 0.1905 -1.3011 0.0442 0.2033
12.0 -1.347 0.0466 0.1964 -1.2919 0.0283 0.2205 -1.2375 0.0491 0.2046 -1.2285 0.0626 0.1918 -1.232 0.0676 0.1863 -1.2448 0.0707 0.1818 -1.2922 0.0295 0.2192 -1.2871 0.0406 0.2084 -1.2868 0.0492 0.1997 -1.291 0.0578 0.1905 -1.3008 0.0447 0.2028
13.0 -1.3478 0.0458 0.197 -1.2911 0.0285 0.2204 -1.2374 0.0485 0.2052 -1.2293 0.0625 0.1918 -1.233 0.0687 0.1851 -1.2467 0.0711 0.1812 -1.2923 0.0301 0.2186 -1.288 0.0411 0.2078 -1.2878 0.0497 0.1991 -1.2928 0.0582 0.1899 -1.3017 0.045 0.2025
14.0 -1.3452 0.0462 0.1969 -1.2921 0.0289 0.2199 -1.236 0.0506 0.2033 -1.2268 0.0634 0.1911 -1.2313 0.0689 0.185 -1.2449 0.0713 0.1812 -1.2922 0.0295 0.2192 -1.2871 0.0406 0.2084 -1.2877 0.0491 0.1997 -1.2918 0.0577 0.1905 -1.3008 0.0446 0.203
15.0 -1.3479 0.0464 0.1964 -1.2921 0.0289 0.2199 -1.2376 0.0497 0.204 -1.2294 0.0631 0.1912 -1.2331 0.0693 0.1845 -1.2468 0.0717 0.1806 -1.2923 0.0301 0.2186 -1.2879 0.0405 0.2085 -1.2878 0.0497 0.1991 -1.2928 0.0582 0.1899 -1.3017 0.045 0.2025
16.0 -1.3469 0.046 0.197 -1.2904 0.0298 0.2192 -1.2374 0.0485 0.2052 -1.2286 0.0632 0.1912 -1.233 0.0687 0.1851 -1.2458 0.0712 0.1812 -1.2913 0.0297 0.2192 -1.2871 0.0406 0.2084 -1.2878 0.0497 0.1991 -1.2928 0.0582 0.1899 -1.3012 0.0448 0.2027
17.0 -1.347 0.0466 0.1964 -1.2912 0.0291 0.2198 -1.2374 0.0485 0.2052 -1.2293 0.0625 0.1918 -1.233 0.0687 0.1851 -1.2449 0.0713 0.1812 -1.2913 0.0297 0.2192 -1.2871 0.0406 0.2084 -1.2878 0.0497 0.1991 -1.2919 0.0583 0.1899 -1.301 0.045 0.2026
18.0 -1.3469 0.046 0.197 -1.2904 0.0298 0.2192 -1.2367 0.0492 0.2046 -1.2293 0.0625 0.1918 -1.2322 0.0688 0.1851 -1.2449 0.0713 0.1812 -1.2922 0.0295 0.2192 -1.2879 0.0405 0.2085 -1.2878 0.0497 0.1991 -1.2928 0.0582 0.1899 -1.3015 0.0448 0.2027
19.0 -1.347 0.0466 0.1964 -1.2903 0.0292 0.2198 -1.2367 0.0492 0.2046 -1.2294 0.0631 0.1912 -1.2331 0.0693 0.1845 -1.2459 0.0718 0.1806 -1.2913 0.0297 0.2192 -1.2871 0.0406 0.2084 -1.2869 0.0498 0.199 -1.2919 0.0583 0.1899 -1.3008 0.045 0.2026
20.0 -1.3471 0.0472 0.1958 -1.2911 0.0285 0.2204 -1.2367 0.0492 0.2046 -1.2287 0.0638 0.1905 -1.2332 0.0699 0.1838 -1.2459 0.0718 0.1806 -1.2913 0.0297 0.2192 -1.2862 0.0407 0.2084 -1.2861 0.0499 0.199 -1.2902 0.0585 0.1898 -1.3002 0.0452 0.2024
21.0 -1.3461 0.0461 0.197 -1.2897 0.0305 0.2185 -1.2375 0.0491 0.2046 -1.2303 0.0629 0.1912 -1.234 0.0692 0.1845 -1.2468 0.0717 0.1806 -1.2904 0.0298 0.2192 -1.2871 0.0406 0.2084 -1.2878 0.0497 0.1991 -1.2928 0.0582 0.1899 -1.3008 0.0449 0.2027
22.0 -1.3473 0.0478 0.1951 -1.2902 0.0286 0.2204 -1.2358 0.0494 0.2046 -1.2287 0.0638 0.1905 -1.2332 0.0699 0.1838 -1.2461 0.073 0.1794 -1.2913 0.0297 0.2192 -1.2871 0.0406 0.2084 -1.2869 0.0498 0.199 -1.2919 0.0583 0.1899 -1.3009 0.0452 0.2023
23.0 -1.3453 0.0468 0.1963 -1.2895 0.0293 0.2198 -1.2367 0.0492 0.2046 -1.2296 0.0642 0.19 -1.2332 0.0699 0.1838 -1.246 0.0724 0.18 -1.2904 0.0298 0.2192 -1.2862 0.0407 0.2084 -1.2869 0.0498 0.199 -1.2918 0.0577 0.1905 -1.3001 0.045 0.2027
24.0 -1.3469 0.046 0.197 -1.2895 0.0293 0.2198 -1.2365 0.0481 0.2058 -1.2294 0.0631 0.1912 -1.2332 0.0699 0.1838 -1.246 0.0724 0.18 -1.2903 0.0292 0.2198 -1.2871 0.0406 0.2084 -1.2878 0.0497 0.1991 -1.2927 0.0576 0.1905 -1.301 0.0446 0.203
25.0 -1.3471 0.0472 0.1958 -1.2886 0.0294 0.2197 -1.2367 0.0492 0.2046 -1.2294 0.0631 0.1912 -1.2331 0.0693 0.1845 -1.2459 0.0718 0.1806 -1.2905 0.0304 0.2185 -1.2871 0.0406 0.2084 -1.2878 0.0497 0.1991 -1.2919 0.0583 0.1899 -1.3009 0.0452 0.2023
26.0 -1.3453 0.0468 0.1963 -1.2903 0.0292 0.2198 -1.2366 0.0486 0.2052 -1.2286 0.0632 0.1912 -1.2324 0.07 0.1838 -1.2452 0.0725 0.1799 -1.2904 0.0298 0.2192 -1.2853 0.0408 0.2084 -1.2861 0.0499 0.199 -1.2902 0.0585 0.1898 -1.2995 0.0452 0.2025
27.0 -1.347 0.0466 0.1964 -1.2896 0.0299 0.2191 -1.2358 0.0494 0.2046 -1.2288 0.0644 0.1899 -1.2324 0.07 0.1838 -1.2452 0.0725 0.1799 -1.2904 0.0298 0.2192 -1.2862 0.0407 0.2084 -1.2869 0.0498 0.199 -1.2919 0.0583 0.1899 -1.3005 0.045 0.2026
28.0 -1.3471 0.0472 0.1958 -1.2886 0.0294 0.2197 -1.2358 0.0494 0.2046 -1.2277 0.0633 0.1911 -1.2306 0.0696 0.1844 -1.2443 0.0726 0.1799 -1.2898 0.0311 0.2179 -1.2856 0.042 0.2071 -1.2862 0.0505 0.1984 -1.2912 0.059 0.1892 -1.3 0.046 0.2017
29.0 -1.3452 0.0462 0.1969 -1.2896 0.0299 0.2191 -1.2351 0.0501 0.2039 -1.226 0.0635 0.1911 -1.2296 0.0691 0.185 -1.2432 0.0716 0.1811 -1.2898 0.0311 0.2179 -1.2856 0.042 0.2071 -1.2862 0.0505 0.1984 -1.2912 0.059 0.1892 -1.2996 0.0458 0.2019
30.0 -1.3444 0.0463 0.1969 -1.2888 0.0306 0.2185 -1.2342 0.0502 0.2039 -1.225 0.063 0.1916 -1.2294 0.0679 0.1862 -1.2424 0.0717 0.1811 -1.2898 0.0311 0.2179 -1.2856 0.042 0.2071 -1.2853 0.0506 0.1984 -1.2903 0.0591 0.1892 -1.2991 0.0458 0.2019
31.0 -1.3454 0.0474 0.1957 -1.2879 0.0301 0.2191 -1.2342 0.0502 0.2039 -1.225 0.063 0.1916 -1.2284 0.0675 0.1868 -1.2422 0.0705 0.1823 -1.289 0.0318 0.2172 -1.2848 0.0427 0.2065 -1.2854 0.0512 0.1977 -1.2904 0.0597 0.1886 -1.299 0.0466 0.2011
32.0 -1.347 0.0466 0.1964 -1.287 0.0302 0.219 -1.2323 0.0492 0.205 -1.2231 0.0621 0.1928 -1.2266 0.0671 0.1873 -1.2413 0.0706 0.1823 -1.2889 0.0312 0.2179 -1.2847 0.0422 0.2071 -1.2854 0.0512 0.1977 -1.2904 0.0597 0.1886 -1.2993 0.0462 0.2015
33.0 -1.3453 0.0468 0.1963 -1.2868 0.029 0.2203 -1.2295 0.0484 0.2062 -1.2214 0.0623 0.1928 -1.2256 0.0666 0.1879 -1.2403 0.0701 0.1829 -1.2867 0.0333 0.2159 -1.2822 0.0431 0.2064 -1.2828 0.0516 0.1976 -1.2876 0.0589 0.1897 -1.2969 0.0467 0.2012
34.0 -1.3426 0.0465 0.1968 -1.2842 0.0294 0.2202 -1.2278 0.0486 0.2061 -1.2187 0.0621 0.1933 -1.223 0.0664 0.1884 -1.2368 0.07 0.1834 -1.2846 0.0318 0.2177 -1.2803 0.0421 0.2075 -1.28 0.0507 0.1988 -1.285 0.0592 0.1896 -1.2945 0.0461 0.2021
35.0 -1.3401 0.0469 0.1967 -1.2809 0.0305 0.2194 -1.2251 0.0484 0.2066 -1.2176 0.061 0.1945 -1.2211 0.066 0.189 -1.235 0.0696 0.1839 -1.282 0.0315 0.2182 -1.2786 0.0424 0.2075 -1.2783 0.051 0.1987 -1.2832 0.0588 0.1902 -1.2924 0.0461 0.2023
36.0 -1.3348 0.047 0.1972 -1.2773 0.0303 0.2199 -1.2215 0.0482 0.2071 -1.213 0.0598 0.1962 -1.2176 0.0659 0.1895 -1.2295 0.0685 0.1856 -1.2793 0.0313 0.2187 -1.2742 0.0424 0.2079 -1.2739 0.0509 0.1992 -1.2779 0.0583 0.1912 -1.288 0.046 0.2028
37.0 -1.3302 0.0458 0.1988 -1.2726 0.0285 0.2222 -1.2169 0.047 0.2088 -1.2093 0.0584 0.1979 -1.213 0.0647 0.1912 -1.2259 0.0678 0.1867 -1.2748 0.0307 0.2198 -1.2705 0.0416 0.209 -1.2711 0.0501 0.2003 -1.2751 0.0575 0.1923 -1.2843 0.0451 0.2041
38.0 -1.3276 0.0461 0.1987 -1.268 0.0273 0.2239 -1.2115 0.0459 0.2105 -1.2029 0.0575 0.1995 -1.2074 0.063 0.1935 -1.2203 0.0661 0.189 -1.2705 0.0312 0.2196 -1.2652 0.0411 0.2101 -1.2648 0.0491 0.2019 -1.2686 0.0559 0.1946 -1.2793 0.0447 0.205
39.0 -1.2919 0.043 0.2055 -1.2333 0.0253 0.2294 -1.1791 0.0418 0.218 -1.1713 0.0526 0.2077 -1.1741 0.0589 0.2009 -1.1888 0.0624 0.1959 -1.2391 0.0281 0.2259 -1.2347 0.0379 0.2164 -1.2335 0.046 0.2082 -1.2371 0.0516 0.2021 -1.2473 0.0413 0.2116
40.0 -1.2774 0.0407 0.2093 -1.2153 0.0277 0.2287 -1.1677 0.0421 0.2188 -1.1607 0.0522 0.2091 -1.1652 0.0583 0.2024 -1.178 0.0608 0.1986 -1.2275 0.0273 0.228 -1.2249 0.0374 0.2179 -1.2254 0.0453 0.2098 -1.229 0.0509 0.2037 -1.2369 0.0403 0.2137
41.0 -1.2765 0.0408 0.2093 -1.2062 0.0259 0.2315 -1.1559 0.04 0.2221 -1.1482 0.0514 0.2112 -1.1532 0.055 0.207 -1.1686 0.0572 0.2032 -1.2179 0.0273 0.2288 -1.2149 0.0357 0.2206 -1.2171 0.0427 0.2132 -1.2214 0.0476 0.2077 -1.2296 0.0388 0.2159
42.0 -1.2632 0.0402 0.2112 -1.1916 0.0278 0.2309 -1.1451 0.039 0.2242 -1.1364 0.0493 0.2144 -1.1398 0.0538 0.2096 -1.1543 0.0561 0.2058 -1.2064 0.0271 0.2303 -1.2028 0.0367 0.2208 -1.2031 0.0434 0.2139 -1.2067 0.049 0.2078 -1.2164 0.0393 0.2168
43.0 -1.2551 0.0388 0.2134 -1.1738 0.0266 0.234 -1.1309 0.0379 0.2267 -1.1231 0.0487 0.2164 -1.1283 0.0535 0.211 -1.1399 0.0544 0.209 -1.1939 0.0263 0.2323 -1.1913 0.0364 0.2222 -1.1917 0.0437 0.2147 -1.1951 0.0481 0.2099 -1.2054 0.0387 0.2185
44.0 -1.2435 0.0379 0.2155 -1.1615 0.027 0.2348 -1.1191 0.0407 0.225 -1.114 0.0469 0.2192 -1.1169 0.0483 0.2174 -1.1265 0.0482 0.2166 -1.1787 0.0296 0.2304 -1.1763 0.036 0.2241 -1.1769 0.0396 0.2204 -1.1816 0.0414 0.2181 -1.1914 0.0369 0.2217
45.0 -1.2294 0.038 0.2168 -1.1446 0.036 0.2273 -1.1037 0.0483 0.2188 -1.0972 0.0467 0.221 -1.0993 0.0434 0.2242 -1.1073 0.0337 0.2333 -1.1625 0.0428 0.2186 -1.1617 0.038 0.2235 -1.1631 0.0311 0.2305 -1.1684 0.0212 0.24 -1.177 0.0342 0.2259
46.0 -1.221 0.0349 0.2208 -1.1306 0.0263 0.2386 -1.0899 0.0349 0.2339 -1.0847 0.0404 0.2287 -1.0888 0.0436 0.2251 -1.1041 0.0409 0.2263 -1.1545 0.0219 0.2407 -1.1526 0.0264 0.2363 -1.154 0.0293 0.2332 -1.158 0.0318 0.2303 -1.168 0.0288 0.2323
47.0 -1.201 0.0363 0.2213 -1.1145 0.0248 0.2417 -1.0754 0.0325 0.2377 -1.0699 0.0363 0.2343 -1.0763 0.0379 0.2321 -1.0922 0.0333 0.2352 -1.1359 0.0262 0.2382 -1.1351 0.0269 0.2375 -1.1377 0.0266 0.2376 -1.1445 0.025 0.2385 -1.1508 0.0282 0.2346
48.0 -1.1872 0.0327 0.2264 -1.1007 0.0212 0.2468 -1.0603 0.0266 0.2452 -1.0553 0.0334 0.2388 -1.0613 0.0375 0.234 -1.0757 0.0392 0.2308 -1.1278 0.0151 0.2503 -1.1253 0.0209 0.2446 -1.1256 0.0276 0.2378 -1.1284 0.0339 0.231 -1.1388 0.026 0.238
49.0 -1.1752 0.0301 0.2303 -1.0863 0.0195 0.25 -1.048 0.032 0.241 -1.0438 0.0331 0.2402 -1.0523 0.0314 0.2412 -1.0756 0.0239 0.2464 -1.1078 0.0214 0.2458 -1.1088 0.0225 0.2446 -1.1134 0.0237 0.2429 -1.1213 0.0233 0.2426 -1.1253 0.0242 0.2412
50.0 -1.1243 0.0253 0.2402 -1.0618 0.0203 0.2515 -1.0357 0.0269 0.2474 -1.0283 0.0346 0.2402 -1.0315 0.0379 0.2366 -1.0388 0.0393 0.2344 -1.0785 0.0199 0.2503 -1.0754 0.0276 0.2427 -1.0739 0.034 0.2364 -1.0747 0.0387 0.2314 -1.0854 0.0291 0.2402
51.0 -1.1431 0.0271 0.2366 -1.0512 0.0248 0.248 -1.0226 0.0274 0.2481 -1.0182 0.0323 0.2436 -1.0251 0.0314 0.2439 -1.0443 0.0257 0.2477 -1.083 0.0156 0.2542 -1.0834 0.018 0.2517 -1.0865 0.0207 0.2487 -1.0923 0.0235 0.2452 -1.0976 0.021 0.2473
52.0 -1.1162 0.0246 0.2418 -1.0331 0.0169 0.2579 -1.0057 0.0267 0.2506 -1.0008 0.0286 0.2492 -1.007 0.0289 0.2482 -1.0254 0.0283 0.247 -1.0573 0.0197 0.2526 -1.0588 0.0232 0.2489 -1.0629 0.0263 0.2453 -1.0699 0.0266 0.2443 -1.073 0.0241 0.2466
53.0 -1.1174 0.0263 0.2399 -1.0164 0.0173 0.2591 -0.9916 0.031 0.2476 -0.988 0.0309 0.248 -0.9952 0.0269 0.2514 -1.0187 0.02 0.2561 -1.0514 0.0162 0.2567 -1.0527 0.0185 0.2543 -1.0583 0.0202 0.252 -1.0663 0.0209 0.2504 -1.0692 0.0204 0.2507
54.0 -1.1041 0.0256 0.2419 -1.0128 0.0269 0.2496 -0.9832 0.0285 0.251 -0.9773 0.0299 0.2501 -0.9805 0.0282 0.2515 -0.9946 0.0233 0.2552 -1.0423 0.0144 0.2595 -1.0431 0.0137 0.2602 -1.0457 0.0139 0.2596 -1.0505 0.0157 0.2573 -1.0571 0.0167 0.2557
55.0 -1.0722 0.0244 0.2463 -1.0017 0.0138 0.2642 -0.9713 0.0258 0.2549 -0.9691 0.0334 0.2473 -0.9741 0.037 0.2431 -0.9861 0.0403 0.2386 -1.0212 0.0142 0.2618 -1.0218 0.0227 0.2531 -1.0231 0.0304 0.245 -1.0269 0.0366 0.2383 -1.033 0.0257 0.2489
56.0 -1.0755 0.0234 0.2471 -0.9926 0.0217 0.257 -0.9683 0.0287 0.2523 -0.9643 0.031 0.2502 -0.9653 0.0315 0.2497 -0.9743 0.0279 0.2525 -1.0202 0.0137 0.2624 -1.019 0.0169 0.2592 -1.0188 0.0206 0.2555 -1.0211 0.024 0.2518 -1.0309 0.0197 0.2552
57.0 -1.0666 0.0227 0.2486 -0.9786 0.0224 0.2577 -0.9601 0.0322 0.2495 -0.9537 0.0306 0.2517 -0.9559 0.0285 0.2537 -0.9688 0.0219 0.2592 -1.0086 0.0226 0.2545 -1.0086 0.0226 0.2545 -1.0109 0.0211 0.2558 -1.015 0.0193 0.2572 -1.0219 0.0217 0.2541
58.0 -1.0576 0.0215 0.2507 -0.9498 0.0238 0.259 -0.9467 0.031 0.2521 -0.9472 0.034 0.249 -0.9555 0.0359 0.2462 -0.9718 0.0337 0.2468 -0.9963 0.0127 0.2658 -1.0008 0.0188 0.2592 -1.0064 0.0254 0.2519 -1.0137 0.0317 0.2447 -1.015 0.022 0.2545
59.0 -1.0481 0.0222 0.251 -0.9412 0.025 0.2587 -0.943 0.0302 0.2532 -0.9504 0.0323 0.2503 -0.9581 0.0361 0.2456 -0.9721 0.0404 0.2399 -0.9826 0.0151 0.2647 -0.9874 0.0224 0.2568 -0.9947 0.0288 0.2495 -1.0028 0.035 0.2424 -1.0031 0.0247 0.2529
60.0 -1.0408 0.0207 0.2532 -0.9345 0.0265 0.2578 -0.9377 0.0297 0.2542 -0.9446 0.0343 0.2489 -0.9533 0.0386 0.2436 -0.9661 0.0412 0.2397 -0.9748 0.0156 0.265 -0.9822 0.0225 0.2572 -0.9903 0.0288 0.25 -0.9982 0.0338 0.2441 -0.9972 0.0243 0.2539
61.0 -1.0381 0.0205 0.2537 -0.9287 0.0285 0.2564 -0.9325 0.0304 0.254 -0.9421 0.0347 0.2488 -0.9507 0.039 0.2435 -0.9642 0.0408 0.2402 -0.9696 0.0163 0.2648 -0.977 0.0232 0.257 -0.9859 0.0287 0.2505 -0.9947 0.0337 0.2445 -0.993 0.0245 0.2541
62.0 -1.0388 0.0198 0.2544 -0.9269 0.0288 0.2563 -0.9281 0.0304 0.2545 -0.9394 0.0344 0.2493 -0.95 0.0397 0.2428 -0.9646 0.0426 0.2384 -0.9661 0.0161 0.2653 -0.9753 0.0234 0.2569 -0.9852 0.03 0.2492 -0.9957 0.0347 0.2433 -0.9922 0.0248 0.2538
63.0 -1.0352 0.019 0.2555 -0.9218 0.0294 0.2561 -0.9267 0.0324 0.2525 -0.9386 0.0351 0.2486 -0.9534 0.0392 0.243 -0.9686 0.0408 0.2398 -0.9619 0.0173 0.2645 -0.9727 0.0238 0.2568 -0.9841 0.0284 0.251 -0.9946 0.0331 0.2452 -0.9897 0.0243 0.2546
64.0 -1.035 0.0178 0.2567 -0.9179 0.0324 0.2534 -0.9246 0.0352 0.25 -0.9404 0.0355 0.2481 -0.9568 0.0388 0.2431 -0.9771 0.0391 0.2407 -0.9615 0.0204 0.2614 -0.9736 0.0237 0.2568 -0.9865 0.0274 0.2517 -0.9976 0.0302 0.2478 -0.9908 0.0239 0.2549
65.0 -1.0182 0.0176 0.2586 -0.919 0.0384 0.2472 -0.9433 0.0571 0.2257 -0.9607 0.0657 0.2151 -0.9733 0.0726 0.2069 -0.9946 0.0685 0.2089 -0.9582 0.0313 0.2506 -0.9756 0.0356 0.2444 -0.9921 0.0389 0.2395 -1.0056 0.0407 0.2362 -0.9899 0.0328 0.2459
66.0 -1.0147 0.0175 0.2591 -0.9201 0.0401 0.2454 -0.9434 0.0577 0.2251 -0.962 0.068 0.2127 -0.977 0.0733 0.2058 -0.9983 0.0692 0.2078 -0.96 0.0316 0.2501 -0.9765 0.0355 0.2445 -0.9929 0.0388 0.2395 -1.0063 0.04 0.2369 -0.9901 0.0327 0.246
67.0 -1.0156 0.0174 0.2591 -0.9193 0.0402 0.2454 -0.9434 0.0577 0.2251 -0.9619 0.0674 0.2133 -0.976 0.0728 0.2064 -0.9966 0.07 0.2072 -0.9573 0.0314 0.2506 -0.9755 0.035 0.2451 -0.9928 0.0382 0.2401 -1.0072 0.0399 0.2369 -0.9897 0.0324 0.2464
68.0 -1.0174 0.0178 0.2585 -0.9194 0.0408 0.2448 -0.9388 0.0565 0.2268 -0.9603 0.0682 0.2126 -0.9762 0.074 0.2051 -0.9976 0.0705 0.2066 -0.9566 0.0321 0.2499 -0.9738 0.0353 0.245 -0.9902 0.0385 0.24 -1.0045 0.0397 0.2374 -0.9885 0.0327 0.2462
69.0 -1.015 0.0193 0.2572 -0.917 0.0423 0.2434 -0.9456 0.0598 0.2227 -0.9613 0.0693 0.2114 -0.9737 0.075 0.2044 -0.9946 0.0734 0.204 -0.9584 0.0324 0.2494 -0.9741 0.037 0.2431 -0.9897 0.0404 0.2381 -1.0034 0.0435 0.2336 -0.9881 0.0345 0.2443
70.0 -1.0141 0.0188 0.2578 -0.9172 0.0435 0.2422 -0.9426 0.0627 0.22 -0.9618 0.0723 0.2083 -0.9765 0.0758 0.2033 -0.9963 0.0731 0.204 -0.9559 0.0334 0.2487 -0.974 0.0364 0.2437 -0.9913 0.0396 0.2388 -1.0049 0.042 0.235 -0.988 0.0341 0.2448
71.0 -1.016 0.0198 0.2566 -0.9167 0.0454 0.2403 -0.9452 0.0629 0.2195 -0.9629 0.0734 0.2071 -0.9776 0.0769 0.202 -0.9988 0.0722 0.2047 -0.9568 0.0333 0.2487 -0.974 0.0364 0.2437 -0.9904 0.0397 0.2388 -1.0041 0.0422 0.2349 -0.9883 0.0343 0.2446
72.0 -1.0143 0.02 0.2565 -0.9151 0.0462 0.2396 -0.9379 0.0609 0.2224 -0.9618 0.0723 0.2083 -0.9785 0.0768 0.2021 -0.9997 0.0727 0.2042 -0.9558 0.0328 0.2493 -0.9741 0.037 0.2431 -0.9914 0.0402 0.2382 -1.0051 0.0432 0.2337 -0.9881 0.0347 0.2442
73.0 -1.0133 0.0195 0.2571 -0.9142 0.0464 0.2396 -0.9467 0.0664 0.2158 -0.9641 0.075 0.2053 -0.9787 0.078 0.2008 -0.999 0.0734 0.2035 -0.9552 0.0341 0.248 -0.9723 0.0367 0.2437 -0.9896 0.0398 0.2387 -1.0042 0.0428 0.2343 -0.9869 0.0346 0.2444
74.0 -1.0178 0.0202 0.2561 -0.9145 0.0481 0.2377 -0.9496 0.0678 0.2141 -0.9648 0.0743 0.2059 -0.9775 0.0763 0.2027 -0.996 0.0714 0.2059 -0.9554 0.0353 0.2468 -0.9741 0.037 0.2431 -0.9921 0.0389 0.2395 -1.0056 0.0407 0.2362 -0.989 0.0344 0.2443
75.0 -1.0144 0.0206 0.2559 -0.9129 0.049 0.237 -0.9418 0.0634 0.2194 -0.9649 0.0749 0.2053 -0.9785 0.0768 0.2021 -0.9993 0.0703 0.2066 -0.955 0.0335 0.2486 -0.9731 0.036 0.2443 -0.9912 0.039 0.2394 -1.0048 0.0415 0.2356 -0.9877 0.0341 0.2448
76.0 -1.0135 0.0207 0.2559 -0.9128 0.0484 0.2376 -0.9477 0.0669 0.2153 -0.9649 0.0749 0.2053 -0.977 0.0782 0.2008 -0.9978 0.0717 0.2053 -0.9564 0.0364 0.2456 -0.9736 0.0389 0.2412 -0.9907 0.0409 0.2375 -1.005 0.0426 0.2343 -0.9878 0.0359 0.2429
77.0 -1.012 0.0222 0.2546 -0.9139 0.0495 0.2364 -0.9469 0.0676 0.2146 -0.9667 0.0747 0.2054 -0.9794 0.0773 0.2015 -0.9994 0.0709 0.206 -0.955 0.0384 0.2436 -0.973 0.0409 0.2393 -0.991 0.0427 0.2357 -1.0046 0.0451 0.2318 -0.9871 0.0379 0.241
78.0 -1.0105 0.0236 0.2533 -0.9138 0.0489 0.237 -0.946 0.0671 0.2152 -0.9658 0.0748 0.2053 -0.9787 0.078 0.2008 -0.9971 0.0724 0.2047 -0.956 0.0389 0.2431 -0.975 0.0418 0.2382 -0.993 0.0443 0.2339 -1.0074 0.046 0.2307 -0.9884 0.0389 0.2398
79.0 -1.0096 0.0237 0.2532 -0.9139 0.0495 0.2364 -0.9493 0.066 0.2159 -0.9701 0.0742 0.2055 -0.9852 0.0752 0.203 -1.0036 0.0697 0.2068 -0.9571 0.04 0.2418 -0.9753 0.0436 0.2363 -0.9923 0.0456 0.2326 -1.0066 0.0467 0.23 -0.9882 0.0399 0.2388
80.0 -1.0118 0.0259 0.2508 -0.9132 0.0508 0.2351 -0.9441 0.0613 0.2214 -0.9669 0.071 0.2091 -0.9804 0.0728 0.2059 -0.9974 0.0693 0.2078 -0.957 0.0394 0.2425 -0.9736 0.0438 0.2362 -0.9901 0.0477 0.2306 -1.0037 0.0502 0.2268 -0.9872 0.0414 0.2374
81.0 -1.0103 0.0224 0.2545 -0.9163 0.0485 0.2371 -0.9496 0.0629 0.2191 -0.9683 0.069 0.2111 -0.9811 0.0715 0.2072 -0.9997 0.0672 0.2098 -0.9561 0.0395 0.2424 -0.9727 0.044 0.2362 -0.989 0.0466 0.2318 -1.0044 0.0488 0.2281 -0.9865 0.0403 0.2386
82.0 -1.0164 0.0222 0.2541 -0.914 0.0501 0.2358 -0.9494 0.0618 0.2203 -0.9721 0.0654 0.2143 -0.9845 0.0662 0.2123 -0.996 0.0616 0.2159 -0.9567 0.0382 0.2437 -0.9736 0.0438 0.2362 -0.9884 0.0479 0.2306 -1.0002 0.05 0.2273 -0.987 0.0404 0.2384
83.0 -1.0215 0.0209 0.255 -0.9274 0.0513 0.2332 -0.9562 0.0602 0.2212 -0.9738 0.0652 0.2144 -0.9753 0.0686 0.2107 -0.9721 0.0605 0.2193 -0.9649 0.0346 0.2465 -0.9722 0.0361 0.2443 -0.9769 0.0379 0.242 -0.9796 0.0381 0.2415 -0.983 0.0335 0.2458
84.0 -1.0215 0.0209 0.255 -0.9136 0.0483 0.2377 -0.9378 0.0554 0.228 -0.9723 0.0617 0.2181 -0.9842 0.0644 0.2142 -0.9967 0.0603 0.2171 -0.956 0.034 0.248 -0.9729 0.0403 0.24 -0.987 0.0451 0.2336 -0.9973 0.0486 0.229 -0.9869 0.0378 0.2411
85.0 -1.022 0.019 0.2568 -0.9167 0.0509 0.2347 -0.9327 0.0567 0.2272 -0.974 0.0615 0.2181 -0.9914 0.0604 0.2176 -1.0056 0.056 0.2206 -0.9553 0.0347 0.2474 -0.9728 0.0397 0.2406 -0.9892 0.0429 0.2356 -1.0019 0.0449 0.2323 -0.9882 0.0362 0.2426
86.0 -1.0213 0.0203 0.2556 -0.9148 0.045 0.2408 -0.9556 0.0518 0.2299 -0.9849 0.0582 0.2204 -0.9953 0.0623 0.2152 -0.9966 0.0597 0.2178 -0.9598 0.0304 0.2513 -0.9734 0.0378 0.2425 -0.9857 0.0428 0.2361 -0.9935 0.0473 0.2308 -0.9867 0.0357 0.2432
87.0 -1.0172 0.0215 0.2548 -0.9188 0.0427 0.2429 -0.9537 0.0508 0.2311 -0.9853 0.0557 0.223 -0.9871 0.0609 0.2174 -0.9844 0.0607 0.2179 -0.96 0.0316 0.2501 -0.9715 0.0368 0.2436 -0.9801 0.0411 0.2384 -0.9852 0.0447 0.2342 -0.9828 0.0351 0.2442
88.0 -1.0141 0.0243 0.2522 -0.9868 0.0592 0.2193 -0.9876 0.0584 0.2199 -0.9803 0.057 0.2221 -0.949 0.0594 0.2228 -0.9248 0.0516 0.2331 -0.9801 0.0411 0.2384 -0.969 0.0377 0.2429 -0.9577 0.0338 0.2481 -0.9464 0.0292 0.2539 -0.9735 0.0332 0.2471
89.0 -1.0146 0.0267 0.2497 -0.9223 0.0422 0.243 -0.9518 0.0498 0.2323 -0.9853 0.0508 0.228 -0.9925 0.0565 0.2214 -0.9887 0.0601 0.2181 -0.9577 0.0338 0.2481 -0.9686 0.0408 0.2398 -0.9773 0.0452 0.2345 -0.984 0.0479 0.231 -0.9804 0.0389 0.2406
90.0 -1.0108 0.0254 0.2514 -0.9214 0.0423 0.243 -0.947 0.0529 0.2296 -0.9842 0.0491 0.2298 -0.9977 0.051 0.2266 -1.0062 0.0541 0.2225 -0.954 0.0373 0.2448 -0.9702 0.0449 0.2355 -0.985 0.049 0.2298 -0.9987 0.0514 0.226 -0.9837 0.0416 0.2375
91.0 -1.0159 0.0241 0.2522 -0.9199 0.0438 0.2417 -0.9414 0.0512 0.2319 -0.9868 0.0488 0.2299 -1.0012 0.0511 0.2261 -1.0097 0.0542 0.222 -0.9529 0.0362 0.2461 -0.97 0.0437 0.2367 -0.9859 0.0489 0.2298 -0.9995 0.0513 0.226 -0.9848 0.0409 0.2382
92.0 -1.0137 0.0268 0.2497 -0.9197 0.0426 0.2429 -0.9381 0.0523 0.2311 -0.9864 0.047 0.2317 -1.0002 0.05 0.2273 -1.0091 0.0555 0.2208 -0.9556 0.0365 0.2455 -0.972 0.0447 0.2356 -0.987 0.05 0.2286 -0.9998 0.0531 0.2241 -0.9856 0.0422 0.2367
93.0 -1.0153 0.026 0.2503 -0.9196 0.042 0.2435 -0.9451 0.052 0.2308 -0.9882 0.0468 0.2318 -1.0024 0.0479 0.2292 -1.0102 0.0523 0.2239 -0.9562 0.0352 0.2468 -0.9716 0.0429 0.2374 -0.9866 0.0482 0.2305 -0.9986 0.0508 0.2266 -0.9857 0.0406 0.2383
94.0 -1.0121 0.0276 0.249 -0.921 0.0399 0.2454 -0.9401 0.0538 0.2293 -0.9852 0.0502 0.2286 -0.9962 0.0524 0.2252 -0.9986 0.0563 0.221 -0.9567 0.0327 0.2493 -0.9684 0.0396 0.241 -0.979 0.0449 0.2346 -0.9873 0.0469 0.2318 -0.9807 0.0384 0.2411
95.0 -1.0078 0.0282 0.2488 -0.9213 0.0417 0.2436 -0.9462 0.053 0.2296 -0.9831 0.048 0.231 -0.9972 0.048 0.2297 -1.0038 0.0507 0.2262 -0.9525 0.0339 0.2485 -0.967 0.0417 0.2391 -0.9802 0.0466 0.2327 -0.9912 0.0488 0.2294 -0.9797 0.0398 0.2397
96.0 -1.0105 0.0285 0.2483 -0.9212 0.0411 0.2442 -0.94 0.0533 0.2299 -0.9824 0.0488 0.2303 -0.9948 0.0495 0.2283 -0.9973 0.0535 0.224 -0.9531 0.0325 0.2498 -0.965 0.0401 0.2409 -0.9756 0.0454 0.2344 -0.9849 0.0484 0.2304 -0.9778 0.039 0.2408
97.0 -1.0105 0.0285 0.2483 -0.9183 0.0397 0.246 -0.9341 0.0547 0.2291 -0.9831 0.048 0.231 -0.9956 0.0488 0.229 -0.9965 0.0542 0.2234 -0.9531 0.0325 0.2498 -0.9658 0.0394 0.2416 -0.9772 0.0446 0.2351 -0.9863 0.0464 0.2324 -0.9786 0.0383 0.2414
98.0 -1.0089 0.0293 0.2476 -0.9208 0.0436 0.2417 -0.9378 0.0554 0.228 -0.9856 0.0471 0.2317 -0.9996 0.047 0.2304 -1.0053 0.0493 0.2275 -0.951 0.0353 0.2472 -0.9647 0.0432 0.2378 -0.9788 0.0486 0.2308 -0.9908 0.0519 0.2263 -0.9788 0.0417 0.2379
99.0 -1.007 0.0289 0.2482 -0.9206 0.043 0.2423 -0.9435 0.0528 0.2301 -0.9849 0.0484 0.2304 -0.9962 0.0475 0.2302 -0.9983 0.0497 0.2278 -0.9524 0.0333 0.2492 -0.965 0.0401 0.2409 -0.9755 0.0448 0.2351 -0.9845 0.046 0.2329 -0.9769 0.0386 0.2412
100.0 -1.0108 0.0303 0.2464 -0.9211 0.0405 0.2448 -0.936 0.0556 0.2279 -0.9881 0.0462 0.2324 -1.0021 0.0461 0.2311 -1.0079 0.049 0.2276 -0.9517 0.0346 0.2479 -0.9663 0.0424 0.2385 -0.9803 0.0472 0.2321 -0.9922 0.0499 0.2282 -0.9803 0.0409 0.2386
101.0 -1.0091 0.0305 0.2464 -0.9213 0.0417 0.2436 -0.9325 0.0555 0.2284 -0.9863 0.0464 0.2324 -0.9994 0.0458 0.2316 -1.0068 0.0479 0.2288 -0.9527 0.0351 0.2473 -0.9664 0.043 0.2378 -0.9806 0.049 0.2303 -0.9925 0.0517 0.2264 -0.9803 0.0418 0.2376
102.0 -1.0106 0.0291 0.2477 -0.9201 0.0401 0.2454 -0.9435 0.0528 0.2301 -0.9873 0.0469 0.2318 -0.9996 0.047 0.2304 -1.0004 0.0512 0.226 -0.953 0.032 0.2504 -0.9649 0.0395 0.2415 -0.9755 0.0448 0.2351 -0.984 0.0479 0.231 -0.9776 0.0387 0.2411
103.0 -1.0043 0.0287 0.2487 -0.9261 0.0441 0.2406 -0.9451 0.052 0.2308 -0.9833 0.0444 0.2347 -0.9957 0.0445 0.2333 -1.0033 0.0478 0.2293 -0.9524 0.0333 0.2492 -0.9662 0.0418 0.2391 -0.9795 0.0473 0.2321 -0.9915 0.0506 0.2276 -0.9788 0.0403 0.2393
104.0 -1.0082 0.0306 0.2463 -0.9212 0.0411 0.2442 -0.9369 0.0555 0.2279 -0.9877 0.0444 0.2343 -1.0009 0.0444 0.2329 -1.0067 0.0473 0.2294 -0.9526 0.0345 0.2479 -0.9671 0.0423 0.2385 -0.9805 0.0484 0.2309 -0.9925 0.0517 0.2264 -0.9802 0.0415 0.238
105.0 -1.0082 0.0306 0.2463 -0.9203 0.0412 0.2442 -0.942 0.0542 0.2288 -0.9871 0.0457 0.233 -1.002 0.0455 0.2317 -1.0094 0.0475 0.2289 -0.9511 0.0359 0.2466 -0.9656 0.0437 0.2372 -0.9798 0.0491 0.2302 -0.9935 0.0521 0.2258 -0.9796 0.0423 0.2372
106.0 -1.0081 0.03 0.2469 -0.9214 0.0423 0.243 -0.9359 0.055 0.2285 -0.9842 0.0442 0.2348 -0.9992 0.0446 0.2329 -1.006 0.048 0.2287 -0.9511 0.0359 0.2466 -0.9656 0.0437 0.2372 -0.9798 0.0491 0.2302 -0.9925 0.0517 0.2264 -0.9794 0.0421 0.2375
107.0 -1.0072 0.0301 0.2469 -0.9219 0.0404 0.2449 -0.9581 0.0508 0.2306 -0.984 0.0479 0.231 -0.9895 0.0496 0.2287 -0.9817 0.055 0.2241 -0.9583 0.0319 0.25 -0.9654 0.0376 0.2434 -0.9715 0.0423 0.238 -0.9744 0.0437 0.2363 -0.9754 0.0371 0.2429
108.0 -1.0083 0.0312 0.2457 -0.9185 0.0409 0.2447 -0.942 0.0542 0.2288 -0.9879 0.0456 0.233 -1.0005 0.0469 0.2304 -1.0047 0.0506 0.2262 -0.9511 0.0359 0.2466 -0.9648 0.0438 0.2371 -0.9781 0.0493 0.2302 -0.99 0.052 0.2263 -0.9784 0.0424 0.2372
109.0 -1.0106 0.0291 0.2477 -0.9213 0.0417 0.2436 -0.936 0.0556 0.2279 -0.9855 0.0465 0.2323 -0.9993 0.0452 0.2322 -1.0076 0.0472 0.2294 -0.9525 0.0339 0.2485 -0.967 0.0417 0.2391 -0.9813 0.0477 0.2315 -0.9932 0.0504 0.2276 -0.9809 0.0405 0.2389
110.0 -1.0097 0.0292 0.2476 -0.9203 0.0412 0.2442 -0.9343 0.0559 0.2278 -0.9855 0.0465 0.2323 -0.9994 0.0458 0.2316 -1.0018 0.0492 0.228 -0.9516 0.034 0.2485 -0.9643 0.0414 0.2396 -0.9768 0.0471 0.2326 -0.9878 0.0499 0.2287 -0.9781 0.0403 0.2394
111.0 -1.0081 0.03 0.2469 -0.9204 0.0418 0.2435 -0.9369 0.0555 0.2279 -0.9882 0.0468 0.2318 -1.0029 0.0454 0.2318 -1.0094 0.0475 0.2289 -0.9533 0.0337 0.2486 -0.9671 0.0423 0.2385 -0.9796 0.0479 0.2315 -0.9923 0.0505 0.2276 -0.9801 0.0409 0.2386
112.0 -1.0158 0.029 0.2472 -0.9212 0.0411 0.2442 -0.9395 0.0552 0.228 -0.9897 0.0453 0.2331 -1.0031 0.0466 0.2305 -1.0081 0.0502 0.2263 -0.9536 0.0355 0.2467 -0.9681 0.0427 0.2379 -0.9815 0.0489 0.2303 -0.9934 0.0515 0.2264 -0.9825 0.0415 0.2377
113.0 -1.0349 0.0221 0.2524 -0.9304 0.0436 0.2408 -0.9751 0.0473 0.2325 -0.9963 0.0481 0.2296 -0.9987 0.0514 0.226 -0.9873 0.0566 0.2218 -0.9703 0.0351 0.2455 -0.9781 0.0396 0.2402 -0.9829 0.042 0.2372 -0.9845 0.0411 0.2379 -0.9901 0.036 0.2426
114.0 -1.0097 0.0292 0.2476 -0.9202 0.0407 0.2448 -0.936 0.0556 0.2279 -0.9872 0.0463 0.2324 -1.0014 0.0468 0.2304 -1.0088 0.0489 0.2276 -0.9514 0.0328 0.2497 -0.966 0.0406 0.2403 -0.9794 0.0467 0.2327 -0.9921 0.0493 0.2288 -0.9797 0.0397 0.2398
115.0 -1.0097 0.0292 0.2476 -0.9208 0.0436 0.2417 -0.9354 0.0569 0.2266 -0.9874 0.0475 0.2312 -1.0023 0.0473 0.2299 -1.0096 0.0487 0.2276 -0.9515 0.0334 0.2491 -0.9668 0.0405 0.2403 -0.981 0.0459 0.2334 -0.9929 0.0486 0.2295 -0.9804 0.0395 0.24
116.0 -1.0106 0.0291 0.2477 -0.9312 0.0428 0.2415 -0.974 0.0511 0.2288 -0.9877 0.0493 0.2293 -0.9885 0.0485 0.2299 -0.9638 0.0531 0.2277 -0.963 0.0337 0.2477 -0.9625 0.0362 0.2452 -0.9593 0.0378 0.2438 -0.9548 0.0372 0.2449 -0.97 0.0348 0.2458
117.0 -1.0106 0.0291 0.2477 -0.9197 0.0426 0.2429 -0.936 0.0556 0.2279 -0.9874 0.0475 0.2312 -0.9996 0.047 0.2304 -1.0002 0.05 0.2273 -0.951 0.0353 0.2472 -0.9636 0.0421 0.239 -0.9759 0.0472 0.2326 -0.986 0.0495 0.2292 -0.9774 0.0406 0.2391
118.0 -1.0072 0.0301 0.2469 -0.9188 0.0427 0.2429 -0.9378 0.0554 0.228 -0.9845 0.046 0.2329 -0.9977 0.0461 0.2316 -1.0043 0.0482 0.2287 -0.95 0.0348 0.2478 -0.9646 0.0426 0.2384 -0.9777 0.0475 0.232 -0.9895 0.0496 0.2287 -0.9778 0.0409 0.2388
119.0 -1.0091 0.0305 0.2464 -0.9213 0.0417 0.2436 -0.9376 0.0542 0.2292 -0.9879 0.0456 0.233 -1.0012 0.0456 0.2317 -1.0062 0.0492 0.2275 -0.9534 0.0343 0.2479 -0.9672 0.0429 0.2379 -0.9805 0.0484 0.2309 -0.9917 0.0518 0.2263 -0.9804 0.0416 0.2379
120.0 -1.008 0.0294 0.2476 -0.9254 0.04 0.245 -0.9715 0.0472 0.233 -0.989 0.0466 0.2318 -0.9952 0.047 0.2308 -0.9909 0.0525 0.2257 -0.9576 0.0332 0.2487 -0.9666 0.0393 0.2416 -0.9735 0.0432 0.2369 -0.9781 0.0444 0.2352 -0.9768 0.0379 0.242
121.0 -1.0098 0.0298 0.247 -0.9195 0.0414 0.2441 -0.9335 0.056 0.2278 -0.9845 0.046 0.2329 -0.9985 0.0454 0.2322 -1.0052 0.0487 0.2281 -0.9507 0.0341 0.2485 -0.9636 0.0421 0.239 -0.9777 0.0475 0.232 -0.9896 0.0502 0.2281 -0.9783 0.0408 0.2389
122.0 -1.0117 0.0307 0.2458 -0.9213 0.0417 0.2436 -0.9508 0.0494 0.2329 -0.9852 0.0447 0.2342 -0.9985 0.0454 0.2322 -1.006 0.048 0.2287 -0.9547 0.0366 0.2455 -0.9692 0.0438 0.2367 -0.9824 0.0488 0.2303 -0.9944 0.052 0.2258 -0.9825 0.0424 0.2368
123.0 -1.0097 0.0292 0.2476 -0.9223 0.0422 0.243 -0.9477 0.0516 0.2309 -0.987 0.0451 0.2336 -1.0009 0.0444 0.2329 -1.0094 0.0475 0.2289 -0.9545 0.0354 0.2467 -0.9699 0.0431 0.2373 -0.984 0.0479 0.231 -0.9967 0.0505 0.2271 -0.983 0.0412 0.238
124.0 -1.0126 0.0306 0.2459 -0.9205 0.0424 0.2429 -0.9412 0.0549 0.2281 -0.9868 0.0488 0.2299 -1.0016 0.048 0.2292 -1.0073 0.0503 0.2263 -0.951 0.0353 0.2472 -0.9645 0.042 0.239 -0.9785 0.0468 0.2327 -0.9904 0.0495 0.2288 -0.9794 0.0409 0.2387
125.0 -1.0135 0.0305 0.2459 -0.9177 0.041 0.2447 -0.947 0.0529 0.2296 -0.987 0.05 0.2286 -1.001 0.0499 0.2273 -1.005 0.0524 0.2243 -0.9527 0.0351 0.2473 -0.9663 0.0424 0.2385 -0.9786 0.0474 0.2321 -0.9896 0.0502 0.2281 -0.9801 0.0411 0.2384
126.0 -1.0114 0.029 0.2477 -0.9213 0.0417 0.2436 -0.9499 0.0495 0.2328 -0.9825 0.0494 0.2297 -0.9975 0.0498 0.2278 -1.005 0.0524 0.2243 -0.9537 0.0361 0.2461 -0.9675 0.0441 0.2366 -0.9815 0.0489 0.2303 -0.9943 0.0514 0.2264 -0.9817 0.0419 0.2374
127.0 -1.0141 0.0292 0.2472 -0.9195 0.0414 0.2441 -0.9383 0.0535 0.2299 -0.9829 0.0517 0.2272 -0.9989 0.0526 0.2247 -1.0061 0.0535 0.2231 -0.9519 0.0358 0.2466 -0.9656 0.0437 0.2372 -0.9797 0.0485 0.2309 -0.9924 0.0511 0.227 -0.9808 0.0416 0.2378
128.0 -1.0133 0.0293 0.2471 -0.9173 0.0441 0.2416 -0.9363 0.0568 0.2267 -0.9732 0.0567 0.2231 -0.9905 0.055 0.2232 -1.0009 0.0542 0.2229 -0.9505 0.0329 0.2497 -0.9649 0.0395 0.2415 -0.9789 0.0443 0.2352 -0.9908 0.047 0.2313 -0.9797 0.0386 0.241
129.0 -1.0166 0.0283 0.2479 -0.917 0.0423 0.2434 -0.9371 0.0567 0.2267 -0.9813 0.0581 0.2209 -0.9979 0.057 0.2203 -1.0054 0.0548 0.2219 -0.9534 0.0343 0.2479 -0.9678 0.041 0.2398 -0.9817 0.0452 0.2341 -0.9927 0.0474 0.2307 -0.9824 0.0392 0.2401
130.0 -1.0171 0.0264 0.2498 -0.9196 0.042 0.2435 -0.9454 0.0586 0.2239 -0.9791 0.0602 0.219 -0.997 0.0572 0.2203 -1.0063 0.0547 0.2219 -0.9514 0.0377 0.2447 -0.9654 0.0425 0.2384 -0.981 0.0459 0.2334 -0.9936 0.0478 0.2301 -0.9817 0.0401 0.2393
131.0 -1.0177 0.0244 0.2517 -0.9183 0.0446 0.241 -0.9423 0.0609 0.2219 -0.9731 0.061 0.2187 -0.9887 0.0601 0.2181 -1.0013 0.0566 0.2205 -0.9526 0.0345 0.2479 -0.9677 0.0404 0.2404 -0.9816 0.0446 0.2347 -0.9934 0.0467 0.2314 -0.9826 0.0381 0.2412
132.0 -1.0193 0.0236 0.2524 -0.9189 0.0433 0.2422 -0.9395 0.06 0.2231 -0.9665 0.0637 0.2166 -0.9823 0.0634 0.2153 -0.9958 0.0604 0.2171 -0.9512 0.0365 0.246 -0.9643 0.0414 0.2396 -0.979 0.0449 0.2346 -0.9917 0.0469 0.2313 -0.9811 0.0387 0.2408
133.0 -1.0177 0.0244 0.2517 -0.9183 0.0446 0.241 -0.9489 0.0637 0.2184 -0.9661 0.0662 0.2141 -0.9794 0.0669 0.2121 -0.9919 0.0633 0.2145 -0.9532 0.038 0.2442 -0.9681 0.0427 0.2379 -0.9827 0.0457 0.2335 -0.9962 0.0475 0.2302 -0.9836 0.0397 0.2395
134.0 -1.016 0.0247 0.2516 -0.9195 0.0463 0.2391 -0.9461 0.0628 0.2196 -0.9647 0.0683 0.2122 -0.9773 0.0702 0.2089 -0.9915 0.0658 0.212 -0.9543 0.0391 0.243 -0.9699 0.0431 0.2373 -0.9855 0.0465 0.2323 -0.9981 0.0485 0.2291 -0.9848 0.0404 0.2387
135.0 -1.0115 0.0241 0.2527 -0.9203 0.0461 0.2392 -0.9435 0.0632 0.2195 -0.9643 0.0714 0.209 -0.9786 0.0725 0.2065 -0.9939 0.0692 0.2083 -0.9526 0.0393 0.2429 -0.969 0.0426 0.2379 -0.9861 0.0452 0.2336 -1.0005 0.0469 0.2304 -0.9839 0.0396 0.2395
136.0 -1.0087 0.0232 0.2538 -0.927 0.0489 0.2357 -0.9447 0.0648 0.2176 -0.9616 0.076 0.2045 -0.9767 0.077 0.202 -0.9962 0.0725 0.2046 -0.9532 0.038 0.2442 -0.9704 0.0406 0.2399 -0.9892 0.0429 0.2356 -1.0037 0.0453 0.2318 -0.985 0.038 0.2411
137.0 -1.0098 0.0249 0.252 -0.9229 0.0507 0.2343 -0.9432 0.0663 0.2163 -0.9608 0.0761 0.2045 -0.9743 0.0779 0.2013 -0.9936 0.0729 0.2045 -0.954 0.0373 0.2448 -0.9721 0.0404 0.2399 -0.9902 0.0434 0.235 -1.0047 0.0457 0.2312 -0.9862 0.0384 0.2406
138.0 -1.0105 0.0236 0.2533 -0.9184 0.0501 0.2353 -0.9436 0.0686 0.2138 -0.9584 0.0776 0.2032 -0.9719 0.0795 0.2 -0.9931 0.0748 0.2026 -0.9556 0.0365 0.2455 -0.9736 0.0389 0.2412 -0.9917 0.042 0.2363 -1.0063 0.0449 0.2319 -0.9875 0.0372 0.2416
139.0 -1.0152 0.0254 0.251 -0.9161 0.0473 0.2384 -0.9378 0.0658 0.2174 -0.9564 0.0761 0.205 -0.9692 0.0792 0.2005 -0.9904 0.0745 0.2032 -0.9562 0.0352 0.2468 -0.9742 0.0376 0.2425 -0.9915 0.0408 0.2376 -1.0052 0.0438 0.2331 -0.9885 0.0366 0.2422
140.0 -1.015 0.0242 0.2522 -0.9153 0.0474 0.2383 -0.9361 0.066 0.2173 -0.9518 0.0755 0.206 -0.9665 0.079 0.201 -0.9903 0.074 0.2038 -0.952 0.0364 0.246 -0.9691 0.0383 0.2423 -0.9871 0.0408 0.238 -1.0016 0.0431 0.2342 -0.985 0.0366 0.2425
141.0 -1.0117 0.0253 0.2515 -0.9164 0.0436 0.2421 -0.93 0.0613 0.2227 -0.9507 0.0738 0.2079 -0.9639 0.0787 0.2015 -0.9878 0.0749 0.2031 -0.9542 0.0336 0.2486 -0.9715 0.0368 0.2436 -0.988 0.0407 0.238 -1.0025 0.043 0.2342 -0.9855 0.0359 0.2432
142.0 -1.0197 0.026 0.2499 -0.9146 0.0439 0.2421 -0.9299 0.0607 0.2233 -0.9504 0.072 0.2097 -0.9653 0.0767 0.2034 -0.9901 0.0728 0.205 -0.9578 0.0344 0.2475 -0.9741 0.037 0.2431 -0.9905 0.0403 0.2381 -1.0031 0.0417 0.2355 -0.9891 0.0359 0.2428
143.0 -1.0184 0.0286 0.2473 -0.9146 0.0439 0.2421 -0.9265 0.0563 0.2282 -0.948 0.0687 0.2134 -0.963 0.074 0.2065 -0.9871 0.0707 0.2074 -0.9568 0.0333 0.2487 -0.9734 0.0378 0.2425 -0.9883 0.0425 0.2362 -1.0018 0.0443 0.233 -0.9877 0.0373 0.2415
144.0 -1.0254 0.0234 0.252 -0.9125 0.0417 0.2445 -0.9197 0.0474 0.2379 -0.9411 0.0641 0.2187 -0.9611 0.073 0.2077 -0.9874 0.0725 0.2055 -0.9606 0.0303 0.2513 -0.9755 0.035 0.2451 -0.9897 0.0404 0.2381 -1.0035 0.0441 0.233 -0.991 0.0346 0.2439
145.0 -1.0147 0.0273 0.2491 -0.9177 0.041 0.2447 -0.9158 0.0455 0.2402 -0.9401 0.0636 0.2193 -0.9583 0.0722 0.2088 -0.9845 0.0711 0.2073 -0.9553 0.0298 0.2524 -0.9703 0.0351 0.2455 -0.9845 0.0411 0.2379 -0.9966 0.045 0.2328 -0.9843 0.0357 0.2435
146.0 -1.021 0.0283 0.2474 -0.9106 0.0407 0.2457 -0.9125 0.0417 0.2445 -0.9232 0.0476 0.2374 -0.9385 0.0547 0.2286 -0.9597 0.0549 0.2263 -0.9531 0.0277 0.2548 -0.9644 0.0316 0.2496 -0.9748 0.0357 0.2444 -0.984 0.0382 0.241 -0.9795 0.0323 0.2475
147.0 -1.028 0.0279 0.2471 -0.9053 0.0359 0.2511 -0.9224 0.0483 0.2368 -0.9327 0.0518 0.2322 -0.9495 0.0569 0.2253 -0.9679 0.0568 0.2235 -0.9583 0.0319 0.25 -0.9704 0.0357 0.2449 -0.9815 0.0391 0.2403 -0.9907 0.0409 0.2375 -0.9858 0.0351 0.244
148.0 -1.0207 0.0265 0.2493 -0.9088 0.0306 0.2562 -0.9154 0.0334 0.2527 -0.9266 0.0367 0.2482 -0.9396 0.0405 0.243 -0.956 0.0438 0.2381 -0.9534 0.024 0.2586 -0.9639 0.0287 0.2527 -0.9732 0.0317 0.2487 -0.9816 0.0342 0.2453 -0.9785 0.029 0.2509
149.0 -1.0418 0.0218 0.252 -0.9177 0.0312 0.2547 -0.9203 0.0309 0.2548 -0.9342 0.0351 0.2491 -0.953 0.0417 0.2404 -0.9737 0.0444 0.2356 -0.9637 0.0226 0.259 -0.9759 0.027 0.2532 -0.9889 0.0308 0.2481 -1.0 0.0342 0.2435 -0.9941 0.0273 0.2511
150.0 -1.0449 0.0189 0.2546 -0.9371 0.0463 0.2373 -0.9185 0.0305 0.2553 -0.9303 0.0326 0.252 -0.9478 0.0375 0.2452 -0.9665 0.0387 0.2422 -0.9637 0.0226 0.259 -0.9743 0.023 0.2575 -0.9843 0.0247 0.2548 -0.9936 0.0277 0.2508 -0.9922 0.0234 0.2553
151.0 -1.0442 0.0203 0.2533 -0.9525 0.0491 0.2329 -0.9309 0.0362 0.2483 -0.9313 0.0337 0.2508 -0.9356 0.0331 0.251 -0.9394 0.0295 0.2543 -0.9731 0.0262 0.2543 -0.9743 0.023 0.2575 -0.9757 0.0209 0.2594 -0.9772 0.0195 0.2607 -0.9889 0.022 0.2571
152.0 -1.0485 0.0197 0.2535 -0.923 0.0311 0.2543 -0.9243 0.0285 0.2568 -0.9374 0.0334 0.2505 -0.9544 0.0397 0.2424 -0.9736 0.0438 0.2362 -0.9663 0.0222 0.2591 -0.9802 0.0264 0.2534 -0.9915 0.0304 0.2482 -1.0016 0.0333 0.2442 -0.9976 0.0264 0.2517
153.0 -1.0521 0.0198 0.253 -0.9395 0.035 0.2487 -0.9392 0.0332 0.2505 -0.9391 0.0326 0.2511 -0.9454 0.0336 0.2495 -0.9507 0.0341 0.2485 -0.9806 0.0239 0.2559 -0.9844 0.0253 0.2541 -0.9871 0.0255 0.2536 -0.9897 0.0252 0.2537 -0.9988 0.0239 0.2541
154.0 -1.0448 0.0238 0.2496 -0.9336 0.0266 0.2578 -0.9355 0.0276 0.2566 -0.948 0.0332 0.2496 -0.961 0.0376 0.2439 -0.9767 0.0416 0.2382 -0.9715 0.0221 0.2586 -0.9822 0.028 0.2516 -0.9919 0.0328 0.2457 -1.0002 0.0354 0.2423 -0.9981 0.0284 0.2496
154.0 -1.0448 0.0238 0.2496 -0.9336 0.0266 0.2578 -0.9355 0.0276 0.2566 -0.948 0.0332 0.2496 -0.961 0.0376 0.2439 -0.9767 0.0416 0.2382 -0.9715 0.0221 0.2586 -0.9822 0.028 0.2516 -0.9919 0.0328 0.2457 -1.0002 0.0354 0.2423 -0.9981 0.0284 0.2496
154.0 -1.0448 0.0238 0.2496 -0.9336 0.0266 0.2578 -0.9355 0.0276 0.2566 -0.948 0.0332 0.2496 -0.961 0.0376 0.2439 -0.9767 0.0416 0.2382 -0.9715 0.0221 0.2586 -0.9822 0.028 0.2516 -0.9919 0.0328 0.2457 -1.0002 0.0354 0.2423 -0.9981 0.0284 0.2496
157.0 -1.0614 0.0228 0.249 -0.9653 0.0217 0.2596 -0.9619 0.0277 0.2539 -0.9625 0.0362 0.2452 -0.973 0.0409 0.2393 -0.9963 0.0481 0.2296 -1.0054 0.0194 0.2581 -1.0093 0.0268 0.2501 -1.0167 0.0337 0.2423 -1.0257 0.0399 0.2351 -1.0237 0.0285 0.2469
158.0 -1.0725 0.0262 0.2444 -0.9833 0.034 0.2454 -0.9706 0.0369 0.2436 -0.9652 0.0364 0.2447 -0.9708 0.0332 0.2474 -0.981 0.0257 0.254 -1.0186 0.0249 0.2511 -1.0203 0.0241 0.2518 -1.0236 0.023 0.2525 -1.0278 0.0219 0.2533 -1.0326 0.024 0.2506
159.0 -1.0775 0.0243 0.2459 -0.9761 0.0282 0.2519 -0.9742 0.0322 0.2481 -0.973 0.0409 0.2393 -0.9839 0.0473 0.2316 -1.0104 0.0529 0.2233 -1.0229 0.0189 0.2569 -1.0271 0.0281 0.2471 -1.0331 0.037 0.2373 -1.0415 0.045 0.2283 -1.0404 0.0307 0.2431
160.0 -1.0809 0.0238 0.246 -0.9894 0.0289 0.25 -0.982 0.0317 0.2478 -0.9853 0.0404 0.2386 -1.0013 0.0462 0.2311 -1.024 0.0505 0.2245 -1.022 0.019 0.2568 -1.0269 0.0269 0.2483 -1.0353 0.0349 0.2393 -1.0462 0.0414 0.2316 -1.0423 0.0292 0.2444
161.0 -1.0939 0.0227 0.2459 -1.0008 0.0237 0.2542 -0.9891 0.032 0.2468 -0.9971 0.0425 0.2353 -1.0097 0.0493 0.227 -1.0317 0.0543 0.2198 -1.0349 0.0172 0.2573 -1.0406 0.025 0.2488 -1.0489 0.0318 0.241 -1.0606 0.0382 0.2334 -1.0558 0.027 0.2453
161.0 -1.0939 0.0227 0.2459 -1.0008 0.0237 0.2542 -0.9891 0.032 0.2468 -0.9971 0.0425 0.2353 -1.0097 0.0493 0.227 -1.0317 0.0543 0.2198 -1.0349 0.0172 0.2573 -1.0406 0.025 0.2488 -1.0489 0.0318 0.241 -1.0606 0.0382 0.2334 -1.0558 0.027 0.2453
163.0 -1.1103 0.0211 0.2459 -1.0212 0.0246 0.2512 -1.009 0.0299 0.247 -1.013 0.0428 0.2334 -1.0253 0.0478 0.227 -1.0479 0.0515 0.221 -1.0592 0.0152 0.257 -1.0649 0.023 0.2485 -1.0724 0.0305 0.2401 -1.0815 0.0372 0.2323 -1.0777 0.0254 0.2448
163.0 -1.1103 0.0211 0.2459 -1.0212 0.0246 0.2512 -1.009 0.0299 0.247 -1.013 0.0428 0.2334 -1.0253 0.0478 0.227 -1.0479 0.0515 0.221 -1.0592 0.0152 0.257 -1.0649 0.023 0.2485 -1.0724 0.0305 0.2401 -1.0815 0.0372 0.2323 -1.0777 0.0254 0.2448
163.0 -1.1103 0.0211 0.2459 -1.0212 0.0246 0.2512 -1.009 0.0299 0.247 -1.013 0.0428 0.2334 -1.0253 0.0478 0.227 -1.0479 0.0515 0.221 -1.0592 0.0152 0.257 -1.0649 0.023 0.2485 -1.0724 0.0305 0.2401 -1.0815 0.0372 0.2323 -1.0777 0.0254 0.2448
163.0 -1.1103 0.0211 0.2459 -1.0212 0.0246 0.2512 -1.009 0.0299 0.247 -1.013 0.0428 0.2334 -1.0253 0.0478 0.227 -1.0479 0.0515 0.221 -1.0592 0.0152 0.257 -1.0649 0.023 0.2485 -1.0724 0.0305 0.2401 -1.0815 0.0372 0.2323 -1.0777 0.0254 0.2448
163.0 -1.1103 0.0211 0.2459 -1.0212 0.0246 0.2512 -1.009 0.0299 0.247 -1.013 0.0428 0.2334 -1.0253 0.0478 0.227 -1.0479 0.0515 0.221 -1.0592 0.0152 0.257 -1.0649 0.023 0.2485 -1.0724 0.0305 0.2401 -1.0815 0.0372 0.2323 -1.0777 0.0254 0.2448
168.0 -1.1694 0.0266 0.2345 -1.0959 0.0243 0.2441 -1.0568 0.0271 0.2451 -1.0562 0.0382 0.2338 -1.0693 0.0431 0.2275 -1.0892 0.0459 0.2226 -1.1094 0.0157 0.2515 -1.1109 0.0241 0.2428 -1.1157 0.0314 0.2349 -1.1246 0.0375 0.2277 -1.126 0.027 0.2383
169.0 -1.1759 0.0287 0.2316 -1.1087 0.0268 0.2402 -1.0682 0.0268 0.2443 -1.0654 0.0357 0.2354 -1.0752 0.0417 0.2283 -1.0963 0.0462 0.2216 -1.1195 0.018 0.2481 -1.1183 0.0261 0.24 -1.1212 0.0331 0.2326 -1.1293 0.0387 0.226 -1.1328 0.0289 0.2357
170.0 -1.2077 0.0293 0.2278 -1.109 0.0335 0.2334 -1.0794 0.0302 0.2397 -1.078 0.0371 0.2328 -1.09 0.0403 0.2283 -1.118 0.0396 0.2262 -1.1447 0.0165 0.2472 -1.1479 0.0197 0.2436 -1.1557 0.0241 0.2383 -1.1647 0.0302 0.2312 -1.1642 0.024 0.2376
171.0 -1.2185 0.0309 0.2251 -1.1279 0.0358 0.2291 -1.0876 0.0321 0.2369 -1.0855 0.0397 0.2293 -1.0981 0.0417 0.2261 -1.13 0.038 0.2267 -1.1547 0.0182 0.2445 -1.1579 0.0214 0.2409 -1.165 0.0266 0.2349 -1.1748 0.0326 0.2278 -1.1742 0.0259 0.2346
172.0 -1.2381 0.0326 0.2215 -1.1445 0.0354 0.2279 -1.0994 0.0342 0.2336 -1.097 0.0406 0.2273 -1.1104 0.0413 0.2253 -1.1419 0.0407 0.2228 -1.1684 0.0212 0.24 -1.1708 0.0245 0.2364 -1.1787 0.0296 0.2304 -1.1886 0.0362 0.2227 -1.1889 0.0288 0.2302
173.0 -1.2394 0.0348 0.2191 -1.1605 0.0363 0.2254 -1.1139 0.0365 0.2298 -1.1107 0.043 0.2234 -1.1225 0.0451 0.2201 -1.15 0.0469 0.2156 -1.1778 0.0248 0.2354 -1.1789 0.0308 0.2292 -1.1842 0.0362 0.2232 -1.1932 0.0423 0.216 -1.1947 0.0338 0.2246
174.0 -1.2449 0.0359 0.2174 -1.1738 0.037 0.2234 -1.1262 0.0361 0.229 -1.1209 0.0459 0.2195 -1.1305 0.0508 0.2136 -1.1497 0.0549 0.2075 -1.1859 0.0256 0.2338 -1.1852 0.0318 0.2276 -1.1881 0.0381 0.2208 -1.1945 0.0446 0.2136 -1.1997 0.0352 0.2226
175.0 -1.2569 0.0392 0.2129 -1.1855 0.0384 0.2207 -1.137 0.0377 0.2263 -1.1318 0.0481 0.2161 -1.1389 0.0533 0.2102 -1.1606 0.0571 0.2041 -1.1986 0.0275 0.2306 -1.1963 0.0345 0.2236 -1.1975 0.0417 0.2162 -1.2022 0.0484 0.2089 -1.2103 0.0383 0.2184
176.0 -1.2671 0.0372 0.2139 -1.1972 0.0399 0.218 -1.1481 0.041 0.2218 -1.1435 0.0496 0.2135 -1.153 0.0538 0.2082 -1.1747 0.057 0.2028 -1.2101 0.0284 0.2285 -1.2095 0.0346 0.2223 -1.2123 0.0409 0.2155 -1.2196 0.0473 0.2083 -1.2237 0.0377 0.2177
177.0 -1.2773 0.0401 0.2099 -1.2081 0.0421 0.2147 -1.1588 0.0414 0.2203 -1.1535 0.0513 0.2107 -1.1621 0.0556 0.2054 -1.1822 0.0597 0.1994 -1.22 0.0295 0.2264 -1.2186 0.0364 0.2195 -1.2197 0.043 0.2127 -1.2244 0.0497 0.2054 -1.232 0.0397 0.2148
178.0 -1.2813 0.0426 0.2069 -1.2206 0.0429 0.2127 -1.1744 0.0405 0.2197 -1.17 0.0503 0.2101 -1.1779 0.0553 0.2042 -1.1919 0.0596 0.1985 -1.2319 0.0322 0.2225 -1.2295 0.0386 0.2162 -1.2289 0.0448 0.2099 -1.2316 0.0505 0.2038 -1.2406 0.0417 0.2119
179.0 -1.2936 0.0428 0.2055 -1.2323 0.0443 0.21 -1.1896 0.0416 0.2171 -1.1849 0.0501 0.2088 -1.1913 0.0566 0.2016 -1.2027 0.0612 0.1958 -1.2462 0.0333 0.2199 -1.243 0.0404 0.213 -1.2432 0.0465 0.2067 -1.2451 0.0524 0.2005 -1.2542 0.0431 0.2091
180.0 -1.302 0.0453 0.2021 -1.2441 0.0464 0.2068 -1.1972 0.0448 0.2131 -1.1936 0.0544 0.2035 -1.2015 0.0595 0.1976 -1.2125 0.0617 0.1943 -1.2577 0.0336 0.2185 -1.2545 0.0407 0.2115 -1.253 0.047 0.2052 -1.2549 0.0529 0.1991 -1.2644 0.0439 0.2073
181.0 -1.319 0.0473 0.1984 -1.2577 0.0488 0.2029 -1.2053 0.0461 0.2109 -1.1991 0.0555 0.2019 -1.206 0.0601 0.1965 -1.2172 0.0635 0.192 -1.2686 0.0358 0.2152 -1.2636 0.0425 0.2088 -1.2622 0.0495 0.2018 -1.2633 0.0554 0.1956 -1.2754 0.0461 0.204
181.0 -1.319 0.0473 0.1984 -1.2577 0.0488 0.2029 -1.2053 0.0461 0.2109 -1.1991 0.0555 0.2019 -1.206 0.0601 0.1965 -1.2172 0.0635 0.192 -1.2686 0.0358 0.2152 -1.2636 0.0425 0.2088 -1.2622 0.0495 0.2018 -1.2633 0.0554 0.1956 -1.2754 0.0461 0.204
181.0 -1.319 0.0473 0.1984 -1.2577 0.0488 0.2029 -1.2053 0.0461 0.2109 -1.1991 0.0555 0.2019 -1.206 0.0601 0.1965 -1.2172 0.0635 0.192 -1.2686 0.0358 0.2152 -1.2636 0.0425 0.2088 -1.2622 0.0495 0.2018 -1.2633 0.0554 0.1956 -1.2754 0.0461 0.204
181.0 -1.319 0.0473 0.1984 -1.2577 0.0488 0.2029 -1.2053 0.0461 0.2109 -1.1991 0.0555 0.2019 -1.206 0.0601 0.1965 -1.2172 0.0635 0.192 -1.2686 0.0358 0.2152 -1.2636 0.0425 0.2088 -1.2622 0.0495 0.2018 -1.2633 0.0554 0.1956 -1.2754 0.0461 0.204
181.0 -1.319 0.0473 0.1984 -1.2577 0.0488 0.2029 -1.2053 0.0461 0.2109 -1.1991 0.0555 0.2019 -1.206 0.0601 0.1965 -1.2172 0.0635 0.192 -1.2686 0.0358 0.2152 -1.2636 0.0425 0.2088 -1.2622 0.0495 0.2018 -1.2633 0.0554 0.1956 -1.2754 0.0461 0.204
181.0 -1.319 0.0473 0.1984 -1.2577 0.0488 0.2029 -1.2053 0.0461 0.2109 -1.1991 0.0555 0.2019 -1.206 0.0601 0.1965 -1.2172 0.0635 0.192 -1.2686 0.0358 0.2152 -1.2636 0.0425 0.2088 -1.2622 0.0495 0.2018 -1.2633 0.0554 0.1956 -1.2754 0.0461 0.204
181.0 -1.319 0.0473 0.1984 -1.2577 0.0488 0.2029 -1.2053 0.0461 0.2109 -1.1991 0.0555 0.2019 -1.206 0.0601 0.1965 -1.2172 0.0635 0.192 -1.2686 0.0358 0.2152 -1.2636 0.0425 0.2088 -1.2622 0.0495 0.2018 -1.2633 0.0554 0.1956 -1.2754 0.0461 0.204
188.0 -1.4009 0.068 0.1691 -1.353 0.0604 0.1816 -1.339 0.0611 0.1823 -1.3339 0.0667 0.1771 -1.3347 0.0714 0.1722 -1.3406 0.0749 0.168 -1.3923 0.049 0.1894 -1.387 0.0589 0.1798 -1.3816 0.0682 0.1709 -1.3743 0.0765 0.1631 -1.3872 0.0641 0.1745
189.0 -1.365 0.0686 0.1721 -1.3519 0.0691 0.1728 -1.344 0.0592 0.1838 -1.3446 0.0726 0.1701 -1.3446 0.078 0.1644 -1.344 0.0793 0.1632 -1.3857 0.0462 0.1929 -1.3728 0.048 0.1924 -1.3591 0.0553 0.1862 -1.3467 0.0649 0.1776 -1.3659 0.0566 0.1842
189.0 -1.365 0.0686 0.1721 -1.3519 0.0691 0.1728 -1.344 0.0592 0.1838 -1.3446 0.0726 0.1701 -1.3446 0.078 0.1644 -1.344 0.0793 0.1632 -1.3857 0.0462 0.1929 -1.3728 0.048 0.1924 -1.3591 0.0553 0.1862 -1.3467 0.0649 0.1776 -1.3659 0.0566 0.1842
191.0 -1.3943 0.0701 0.1676 -1.3483 0.069 0.1733 -1.3428 0.0624 0.1806 -1.3359 0.0682 0.1753 -1.3385 0.0734 0.1698 -1.3429 0.0783 0.1644 -1.3904 0.048 0.1906 -1.3887 0.0586 0.1799 -1.3854 0.0695 0.1691 -1.3811 0.0804 0.1584 -1.388 0.0653 0.1731
192.0 -1.3984 0.0738 0.1634 -1.3524 0.0623 0.1797 -1.3453 0.0566 0.1863 -1.3447 0.0683 0.1744 -1.346 0.076 0.1664 -1.3539 0.0805 0.161 -1.3939 0.0531 0.1851 -1.388 0.0642 0.1742 -1.3835 0.074 0.1647 -1.378 0.0827 0.1564 -1.3884 0.0696 0.1688
193.0 -1.3853 0.0793 0.1591 -1.3516 0.0728 0.1691 -1.3516 0.0673 0.1747 -1.3451 0.0755 0.1669 -1.3494 0.0798 0.1621 -1.3541 0.0817 0.1598 -1.3869 0.0534 0.1854 -1.3761 0.0616 0.1781 -1.368 0.0706 0.1697 -1.3617 0.08 0.1607 -1.3756 0.069 0.1706
