1.0 -1.2453 -0.027 0.2817 -1.2141 -0.0393 0.2974 -1.1368 -0.0387 0.3044 -1.1338 -0.0206 0.2862 -1.1475 -0.0077 0.2717 -1.1689 -0.0009 0.2625 -1.1924 -0.0425 0.3028 -1.1907 -0.0325 0.2927 -1.1941 -0.0232 0.2829 -1.2018 -0.0145 0.2732 -1.2048 -0.0279 0.2867
2.0 -1.2445 -0.0263 0.2811 -1.2124 -0.0391 0.2973 -1.1358 -0.0391 0.305 -1.1363 -0.0215 0.2869 -1.149 -0.0092 0.273 -1.1708 -0.0005 0.262 -1.1924 -0.0425 0.3028 -1.1907 -0.0325 0.2927 -1.1942 -0.0226 0.2823 -1.2019 -0.0139 0.2726 -1.2047 -0.0276 0.2863
3.0 -1.2471 -0.0267 0.2812 -1.2135 -0.038 0.2961 -1.1368 -0.0387 0.3044 -1.1347 -0.0207 0.2862 -1.1473 -0.0089 0.2729 -1.1688 -0.0015 0.2632 -1.1933 -0.0426 0.3028 -1.1915 -0.0326 0.2928 -1.1949 -0.0233 0.2829 -1.2027 -0.014 0.2726 -1.2059 -0.0278 0.2865
4.0 -1.2466 -0.0248 0.2793 -1.2135 -0.038 0.2961 -1.1368 -0.0387 0.3044 -1.1346 -0.0213 0.2868 -1.1472 -0.0095 0.2736 -1.1681 -0.0007 0.2625 -1.1934 -0.042 0.3022 -1.1916 -0.032 0.2922 -1.195 -0.0227 0.2823 -1.202 -0.0133 0.2719 -1.2057 -0.027 0.2856
5.0 -1.2489 -0.0263 0.2806 -1.2136 -0.0374 0.2955 -1.1367 -0.0393 0.305 -1.1348 -0.0201 0.2856 -1.1474 -0.0083 0.2723 -1.1689 -0.0009 0.2625 -1.1943 -0.0421 0.3022 -1.1916 -0.032 0.2922 -1.195 -0.0227 0.2823 -1.2027 -0.014 0.2726 -1.2065 -0.0274 0.286
6.0 -1.2471 -0.0267 0.2812 -1.211 -0.0371 0.2954 -1.1369 -0.0381 0.3038 -1.1348 -0.0201 0.2856 -1.1467 -0.0076 0.2717 -1.1683 0.0004 0.2613 -1.1934 -0.042 0.3022 -1.1908 -0.0319 0.2921 -1.1942 -0.0226 0.2823 -1.2011 -0.0131 0.2719 -1.2053 -0.0273 0.2859
7.0 -1.2447 -0.0251 0.2798 -1.2142 -0.0387 0.2968 -1.1379 -0.0376 0.3032 -1.1338 -0.0206 0.2862 -1.1484 -0.0079 0.2717 -1.17 0.0002 0.2613 -1.1944 -0.0416 0.3016 -1.1917 -0.0314 0.2915 -1.1943 -0.022 0.2816 -1.2011 -0.0131 0.2719 -1.2052 -0.0267 0.2853
8.0 -1.2456 -0.0253 0.2799 -1.2143 -0.0381 0.2962 -1.1387 -0.0377 0.3032 -1.1349 -0.0195 0.285 -1.1476 -0.0071 0.2711 -1.1692 0.0003 0.2613 -1.1935 -0.0414 0.3016 -1.1909 -0.0313 0.2915 -1.1942 -0.0226 0.2823 -1.2011 -0.0131 0.2719 -1.2051 -0.0267 0.2854
9.0 -1.2482 -0.0256 0.28 -1.2125 -0.0385 0.2967 -1.137 -0.0375 0.3031 -1.134 -0.0194 0.2849 -1.1476 -0.0071 0.2711 -1.1691 -0.0003 0.2619 -1.1945 -0.041 0.301 -1.1917 -0.0314 0.2915 -1.1951 -0.0221 0.2817 -1.202 -0.0133 0.2719 -1.2063 -0.0267 0.2852
10.0 -1.2482 -0.0256 0.28 -1.2127 -0.0373 0.2955 -1.1378 -0.0382 0.3038 -1.1357 -0.0202 0.2856 -1.1474 -0.0083 0.2723 -1.1692 0.0003 0.2613 -1.1934 -0.042 0.3022 -1.1908 -0.0319 0.2921 -1.1943 -0.022 0.2816 -1.2021 -0.0127 0.2713 -1.2057 -0.0268 0.2855
11.0 -1.2456 -0.0253 0.2799 -1.2134 -0.0386 0.2967 -1.1379 -0.0376 0.3032 -1.1358 -0.0196 0.285 -1.1475 -0.0077 0.2717 -1.1682 -0.0001 0.2619 -1.1935 -0.0414 0.3016 -1.1909 -0.0313 0.2915 -1.1942 -0.0226 0.2823 -1.2011 -0.0131 0.2719 -1.2051 -0.0267 0.2854
12.0 -1.2475 -0.0243 0.2787 -1.2136 -0.0374 0.2955 -1.1378 -0.0382 0.3038 -1.1357 -0.0202 0.2856 -1.1474 -0.0083 0.2723 -1.1699 -0.0004 0.262 -1.1944 -0.0416 0.3016 -1.1917 -0.0314 0.2915 -1.1951 -0.0221 0.2817 -1.2021 -0.0127 0.2713 -1.2062 -0.0264 0.285
13.0 -1.2474 -0.0249 0.2793 -1.2135 -0.038 0.2961 -1.1379 -0.0376 0.3032 -1.135 -0.0189 0.2843 -1.1468 -0.007 0.2711 -1.1683 0.0004 0.2613 -1.1944 -0.0416 0.3016 -1.1917 -0.0314 0.2915 -1.1943 -0.022 0.2816 -1.202 -0.0133 0.2719 -1.206 -0.0266 0.2852
14.0 -1.2474 -0.0249 0.2793 -1.2135 -0.038 0.2961 -1.138 -0.037 0.3026 -1.1359 -0.019 0.2844 -1.1484 -0.0079 0.2717 -1.1693 0.0009 0.2607 -1.1935 -0.0414 0.3016 -1.1917 -0.0314 0.2915 -1.1943 -0.022 0.2816 -1.2021 -0.0127 0.2713 -1.2058 -0.0265 0.2851
15.0 -1.2474 -0.0249 0.2793 -1.2144 -0.0375 0.2955 -1.1379 -0.0376 0.3032 -1.1348 -0.0201 0.2856 -1.1492 -0.008 0.2718 -1.1701 0.0008 0.2607 -1.1944 -0.0416 0.3016 -1.1918 -0.0308 0.2909 -1.1952 -0.0215 0.281 -1.203 -0.0122 0.2707 -1.2064 -0.0262 0.2847
16.0 -1.2483 -0.025 0.2794 -1.2127 -0.0373 0.2955 -1.1371 -0.0369 0.3025 -1.1349 -0.0195 0.285 -1.1467 -0.0076 0.2717 -1.1683 0.0004 0.2613 -1.1945 -0.041 0.301 -1.1917 -0.0314 0.2915 -1.1951 -0.0221 0.2817 -1.2021 -0.0127 0.2713 -1.2063 -0.0264 0.285
17.0 -1.2491 -0.0251 0.2794 -1.2127 -0.0373 0.2955 -1.137 -0.0375 0.3031 -1.135 -0.0189 0.2843 -1.1475 -0.0077 0.2717 -1.1692 0.0003 0.2613 -1.1945 -0.041 0.301 -1.1927 -0.0309 0.2909 -1.196 -0.0222 0.2817 -1.2029 -0.0128 0.2714 -1.207 -0.0264 0.2849
18.0 -1.2474 -0.0249 0.2793 -1.2144 -0.0375 0.2955 -1.138 -0.037 0.3026 -1.1359 -0.019 0.2844 -1.1476 -0.0071 0.2711 -1.1692 0.0003 0.2613 -1.1936 -0.0408 0.301 -1.191 -0.0307 0.2909 -1.1944 -0.0214 0.281 -1.2021 -0.0127 0.2713 -1.2057 -0.0261 0.2847
19.0 -1.2457 -0.0247 0.2793 -1.2125 -0.0385 0.2967 -1.1379 -0.0376 0.3032 -1.1365 -0.0203 0.2856 -1.1491 -0.0086 0.2724 -1.1701 0.0008 0.2607 -1.1944 -0.0416 0.3016 -1.1917 -0.0314 0.2915 -1.1951 -0.0221 0.2817 -1.2029 -0.0128 0.2714 -1.206 -0.0265 0.2851
20.0 -1.2474 -0.0249 0.2793 -1.2128 -0.0367 0.2948 -1.138 -0.037 0.3026 -1.1365 -0.0203 0.2856 -1.1484 -0.0079 0.2717 -1.17 0.0002 0.2613 -1.1935 -0.0414 0.3016 -1.1909 -0.0313 0.2915 -1.1951 -0.0221 0.2817 -1.2029 -0.0128 0.2714 -1.206 -0.0265 0.2851
21.0 -1.2485 -0.0238 0.2781 -1.2109 -0.0377 0.296 -1.137 -0.0375 0.3031 -1.135 -0.0189 0.2843 -1.1493 -0.0074 0.2712 -1.171 0.0007 0.2607 -1.1944 -0.0416 0.3016 -1.1918 -0.0308 0.2909 -1.1944 -0.0214 0.281 -1.2013 -0.0119 0.2707 -1.2061 -0.0259 0.2845
22.0 -1.2482 -0.0256 0.28 -1.2129 -0.0361 0.2942 -1.137 -0.0375 0.3031 -1.1358 -0.0196 0.285 -1.1467 -0.0076 0.2717 -1.1699 -0.0004 0.262 -1.1935 -0.0414 0.3016 -1.1917 -0.0314 0.2915 -1.1951 -0.0221 0.2817 -1.2029 -0.0128 0.2714 -1.2063 -0.0267 0.2852
23.0 -1.2467 -0.0242 0.2787 -1.2125 -0.0385 0.2967 -1.1388 -0.0371 0.3026 -1.1341 -0.0188 0.2843 -1.1476 -0.0071 0.2711 -1.17 0.0002 0.2613 -1.1945 -0.041 0.301 -1.1917 -0.0314 0.2915 -1.1943 -0.022 0.2816 -1.2012 -0.0125 0.2713 -1.2057 -0.0262 0.2848
24.0 -1.2467 -0.0242 0.2787 -1.2127 -0.0373 0.2955 -1.1379 -0.0376 0.3032 -1.1366 -0.0197 0.285 -1.1484 -0.0079 0.2717 -1.1701 0.0008 0.2607 -1.1935 -0.0414 0.3016 -1.1909 -0.0313 0.2915 -1.1944 -0.0214 0.281 -1.2022 -0.0121 0.2707 -1.2055 -0.0261 0.2847
25.0 -1.2474 -0.0249 0.2793 -1.2134 -0.0386 0.2967 -1.1379 -0.0376 0.3032 -1.1348 -0.0201 0.2856 -1.1484 -0.0079 0.2717 -1.17 0.0002 0.2613 -1.1945 -0.041 0.301 -1.1918 -0.0308 0.2909 -1.1952 -0.0215 0.281 -1.2029 -0.0128 0.2714 -1.2064 -0.0262 0.2847
26.0 -1.2466 -0.0248 0.2793 -1.2135 -0.038 0.2961 -1.1379 -0.0376 0.3032 -1.1359 -0.019 0.2844 -1.1475 -0.0077 0.2717 -1.1692 0.0003 0.2613 -1.1944 -0.0416 0.3016 -1.1917 -0.0314 0.2915 -1.1951 -0.0221 0.2817 -1.202 -0.0133 0.2719 -1.206 -0.0266 0.2852
27.0 -1.2475 -0.0243 0.2787 -1.2127 -0.0373 0.2955 -1.1379 -0.0376 0.3032 -1.1366 -0.0197 0.285 -1.1483 -0.0085 0.2724 -1.1692 0.0003 0.2613 -1.1944 -0.0416 0.3016 -1.1917 -0.0314 0.2915 -1.1951 -0.0221 0.2817 -1.2021 -0.0127 0.2713 -1.2062 -0.0264 0.285
28.0 -1.2455 -0.0259 0.2805 -1.2116 -0.0384 0.2967 -1.1369 -0.0381 0.3038 -1.1357 -0.0202 0.2856 -1.1484 -0.0079 0.2717 -1.1701 0.0008 0.2607 -1.1926 -0.0413 0.3016 -1.1909 -0.0313 0.2915 -1.1943 -0.022 0.2816 -1.2021 -0.0127 0.2713 -1.2051 -0.0266 0.2853
29.0 -1.2474 -0.0249 0.2793 -1.2126 -0.0379 0.2961 -1.137 -0.0375 0.3031 -1.1349 -0.0195 0.285 -1.1475 -0.0077 0.2717 -1.1684 0.001 0.2606 -1.1935 -0.0414 0.3016 -1.1909 -0.0313 0.2915 -1.1943 -0.022 0.2816 -1.2012 -0.0125 0.2713 -1.2055 -0.0264 0.2851
30.0 -1.2466 -0.0248 0.2793 -1.2135 -0.038 0.2961 -1.138 -0.037 0.3026 -1.135 -0.0189 0.2843 -1.1476 -0.0071 0.2711 -1.1685 0.0016 0.26 -1.1935 -0.0414 0.3016 -1.1909 -0.0313 0.2915 -1.1943 -0.022 0.2816 -1.2012 -0.0125 0.2713 -1.2053 -0.0264 0.2851
31.0 -1.2457 -0.0247 0.2793 -1.2134 -0.0386 0.2967 -1.1379 -0.0376 0.3032 -1.1358 -0.0196 0.285 -1.1484 -0.0079 0.2717 -1.1693 0.0009 0.2607 -1.1944 -0.0416 0.3016 -1.1917 -0.0314 0.2915 -1.1943 -0.022 0.2816 -1.2021 -0.0127 0.2713 -1.2056 -0.0265 0.2851
32.0 -1.2491 -0.0251 0.2794 -1.2136 -0.0374 0.2955 -1.138 -0.037 0.3026 -1.135 -0.0189 0.2843 -1.1485 -0.0073 0.2711 -1.17 0.0002 0.2613 -1.1944 -0.0416 0.3016 -1.1917 -0.0314 0.2915 -1.195 -0.0227 0.2823 -1.2028 -0.0134 0.272 -1.2066 -0.0268 0.2854
33.0 -1.249 -0.0257 0.28 -1.2126 -0.0379 0.2961 -1.1379 -0.0376 0.3032 -1.1349 -0.0195 0.285 -1.1485 -0.0073 0.2711 -1.17 0.0002 0.2613 -1.1944 -0.0416 0.3016 -1.1917 -0.0314 0.2915 -1.1942 -0.0226 0.2823 -1.202 -0.0133 0.2719 -1.2063 -0.0269 0.2855
34.0 -1.2473 -0.0255 0.2799 -1.2118 -0.0372 0.2954 -1.1351 -0.0384 0.3043 -1.1338 -0.0206 0.2862 -1.1456 -0.0087 0.2729 -1.1664 -0.0005 0.2624 -1.1926 -0.0413 0.3016 -1.1909 -0.0313 0.2915 -1.1943 -0.022 0.2816 -1.2011 -0.0131 0.2719 -1.2052 -0.0267 0.2853
35.0 -1.2441 -0.0238 0.2786 -1.2064 -0.0432 0.3021 -1.1286 -0.0406 0.3072 -1.1246 -0.023 0.2896 -1.1396 -0.0079 0.2726 -1.1611 -0.0004 0.2629 -1.1881 -0.0419 0.3026 -1.1847 -0.0317 0.2925 -1.1881 -0.0224 0.2826 -1.1951 -0.0123 0.2717 -1.2 -0.0264 0.2856
36.0 -1.2411 -0.0259 0.281 -1.1947 -0.0447 0.3048 -1.1214 -0.0415 0.3088 -1.1191 -0.0241 0.2912 -1.1367 -0.0093 0.2744 -1.1594 -0.0002 0.2628 -1.1827 -0.043 0.3043 -1.1802 -0.0323 0.2936 -1.1835 -0.023 0.2837 -1.1932 -0.0133 0.2728 -1.1961 -0.0275 0.2871
37.0 -1.238 -0.0285 0.284 -1.1884 -0.0456 0.3064 -1.116 -0.042 0.3098 -1.1147 -0.0241 0.2917 -1.1304 -0.0097 0.2754 -1.1549 -0.0008 0.2639 -1.1773 -0.0435 0.3053 -1.1756 -0.0329 0.2947 -1.1809 -0.0232 0.2842 -1.1923 -0.0132 0.2728 -1.1928 -0.0283 0.2882
38.0 -1.2328 -0.0278 0.2838 -1.1756 -0.0482 0.3103 -1.109 -0.0416 0.3102 -1.107 -0.023 0.2914 -1.1236 -0.0088 0.2751 -1.149 0.0006 0.263 -1.1703 -0.0432 0.3057 -1.1678 -0.0325 0.295 -1.173 -0.0228 0.2846 -1.1825 -0.0137 0.2743 -1.1853 -0.028 0.2887
39.0 -1.2282 -0.029 0.2855 -1.1711 -0.0488 0.3113 -1.1038 -0.0415 0.3106 -1.0999 -0.0233 0.2923 -1.1168 -0.0073 0.2743 -1.142 0.0009 0.2634 -1.1651 -0.0431 0.3061 -1.1635 -0.0319 0.2948 -1.1686 -0.0228 0.285 -1.1781 -0.0137 0.2748 -1.1807 -0.0281 0.2892
40.0 -1.2218 -0.0306 0.2877 -1.1605 -0.0492 0.3128 -1.0946 -0.0385 0.3084 -1.0931 -0.0218 0.2915 -1.1091 -0.0062 0.274 -1.135 0.0013 0.2637 -1.1581 -0.0428 0.3065 -1.1582 -0.0318 0.2952 -1.1635 -0.0221 0.2848 -1.1747 -0.0132 0.2746 -1.1753 -0.0281 0.2898
41.0 -1.2172 -0.0318 0.2894 -1.1518 -0.0486 0.3131 -1.086 -0.0373 0.308 -1.0842 -0.0224 0.293 -1.1004 -0.0057 0.2743 -1.1271 0.0011 0.2647 -1.1521 -0.0419 0.3062 -1.1521 -0.0316 0.2956 -1.1573 -0.0219 0.2852 -1.1678 -0.0123 0.2744 -1.1693 -0.0279 0.2902
42.0 -1.2065 -0.0328 0.2915 -1.1409 -0.0502 0.3158 -1.0762 -0.0384 0.3102 -1.0754 -0.0224 0.2939 -1.0915 -0.0063 0.2758 -1.121 0.0013 0.2651 -1.1413 -0.0429 0.3083 -1.1414 -0.0326 0.2977 -1.1475 -0.023 0.2873 -1.1597 -0.0137 0.2765 -1.1593 -0.029 0.2923
43.0 -1.1986 -0.0324 0.2918 -1.129 -0.0529 0.3197 -1.0661 -0.0407 0.3135 -1.064 -0.0227 0.2953 -1.0779 -0.0081 0.279 -1.1082 -0.0012 0.2689 -1.1306 -0.0439 0.3104 -1.1298 -0.0334 0.2997 -1.1358 -0.0245 0.29 -1.148 -0.0151 0.2792 -1.1486 -0.0299 0.2942
44.0 -1.1849 -0.0354 0.2963 -1.1167 -0.0531 0.3211 -1.0536 -0.0415 0.3155 -1.0515 -0.0235 0.2973 -1.0656 -0.0083 0.2804 -1.0933 -0.001 0.2702 -1.1179 -0.0459 0.3137 -1.1181 -0.0349 0.3024 -1.1242 -0.0254 0.292 -1.1363 -0.0166 0.2819 -1.1363 -0.0316 0.2973
45.0 -1.1671 -0.0366 0.2993 -1.1009 -0.0576 0.3274 -1.0376 -0.0424 0.318 -1.038 -0.0253 0.3006 -1.053 -0.0096 0.283 -1.0822 -0.0038 0.2742 -1.1033 -0.0494 0.3187 -1.1035 -0.0378 0.3068 -1.1106 -0.0278 0.2959 -1.1228 -0.0184 0.2851 -1.1214 -0.034 0.3012
46.0 -1.1574 -0.0415 0.3052 -1.0809 -0.0617 0.3334 -1.0218 -0.0421 0.3193 -1.0219 -0.0268 0.3037 -1.0388 -0.0108 0.2856 -1.0681 -0.0043 0.2761 -1.0904 -0.0526 0.3232 -1.0915 -0.0411 0.3114 -1.0995 -0.0306 0.2998 -1.1127 -0.0208 0.2885 -1.1103 -0.0373 0.3056
47.0 -1.1446 -0.0446 0.3097 -1.0648 -0.0632 0.3366 -1.0094 -0.0428 0.3213 -1.0093 -0.0282 0.3063 -1.0264 -0.0109 0.287 -1.0567 -0.004 0.2769 -1.0753 -0.0536 0.3257 -1.0764 -0.0421 0.3139 -1.0843 -0.0322 0.303 -1.0973 -0.023 0.2922 -1.0956 -0.0391 0.3089
48.0 -1.1329 -0.0461 0.3124 -1.0469 -0.065 0.3402 -0.9959 -0.0447 0.3245 -0.9942 -0.0292 0.3089 -1.0111 -0.0131 0.2908 -1.0419 -0.0081 0.2826 -1.0635 -0.0556 0.329 -1.0653 -0.0449 0.3179 -1.0732 -0.035 0.3069 -1.0854 -0.0256 0.2962 -1.0841 -0.0414 0.3125
49.0 -1.1217 -0.0495 0.3169 -1.027 -0.0678 0.3451 -0.9755 -0.0456 0.3275 -0.9776 -0.0288 0.3101 -0.9954 -0.0123 0.2914 -1.0263 -0.0066 0.2826 -1.0479 -0.059 0.334 -1.0509 -0.0472 0.3217 -1.0589 -0.0367 0.3101 -1.0712 -0.0268 0.2987 -1.0701 -0.0438 0.3163
50.0 -1.0916 -0.0509 0.3214 -0.9925 -0.0693 0.35 -0.9495 -0.0433 0.3277 -0.9503 -0.0288 0.3128 -0.9677 -0.0146 0.2966 -1.0003 -0.0093 0.2879 -1.0206 -0.059 0.3367 -1.0237 -0.0466 0.3237 -1.0307 -0.0366 0.3128 -1.0429 -0.0272 0.302 -1.0419 -0.0441 0.3193
51.0 -1.0764 -0.0519 0.3239 -0.9732 -0.0685 0.3511 -0.9297 -0.0406 0.327 -0.9312 -0.0274 0.3133 -0.9505 -0.0123 0.2959 -0.9822 -0.0074 0.2878 -1.0023 -0.0584 0.3379 -1.0061 -0.0467 0.3256 -1.0141 -0.0362 0.314 -1.0262 -0.0274 0.3039 -1.025 -0.0441 0.321
52.0 -1.0586 -0.0532 0.327 -0.954 -0.0677 0.3523 -0.9131 -0.0402 0.3282 -0.9145 -0.027 0.3145 -0.9357 -0.0115 0.2966 -0.9681 -0.0073 0.2891 -0.9864 -0.0587 0.3398 -0.9901 -0.0476 0.3281 -0.999 -0.0372 0.3165 -1.0112 -0.0278 0.3058 -1.009 -0.0449 0.3234
53.0 -0.9265 -0.0543 0.3412 -0.8075 -0.0553 0.3541 -0.7939 -0.0174 0.3167 -0.7992 -0.0023 0.3007 -0.8253 0.0058 0.2898 -0.8576 0.0045 0.2879 -0.8522 -0.0461 0.3402 -0.8638 -0.0354 0.3282 -0.8793 -0.0271 0.3181 -0.8989 -0.0206 0.3095 -0.8842 -0.0367 0.3274
54.0 -0.9142 -0.0538 0.342 -0.7925 -0.0557 0.356 -0.7933 -0.021 0.3204 -0.7964 -0.0031 0.3018 -0.8152 0.0084 0.2882 -0.8481 0.0058 0.2876 -0.8409 -0.0458 0.341 -0.8509 -0.0337 0.3277 -0.8665 -0.0248 0.317 -0.8852 -0.0188 0.309 -0.8715 -0.0354 0.3273
55.0 -0.9022 -0.0571 0.3465 -0.7873 -0.055 0.3558 -0.7931 -0.0222 0.3217 -0.7964 -0.0031 0.3018 -0.8066 0.0096 0.2878 -0.8377 0.0066 0.2878 -0.8281 -0.0434 0.3399 -0.8389 -0.032 0.3272 -0.8552 -0.0245 0.3178 -0.8745 -0.0197 0.3111 -0.8598 -0.0354 0.3285
56.0 -0.8898 -0.0578 0.3485 -0.787 -0.0568 0.3577 -0.7935 -0.0198 0.3192 -0.796 -0.0055 0.3043 -0.7988 0.0106 0.2875 -0.8274 0.008 0.2874 -0.8151 -0.0423 0.34 -0.8258 -0.0315 0.3279 -0.8429 -0.024 0.3186 -0.8624 -0.0181 0.3106 -0.8472 -0.0348 0.3291
57.0 -0.8757 -0.0578 0.3499 -0.7866 -0.0592 0.3601 -0.7927 -0.0246 0.3242 -0.7958 -0.0067 0.3055 -0.7984 0.0082 0.29 -0.8197 0.009 0.2871 -0.8072 -0.0418 0.3403 -0.8189 -0.0306 0.3277 -0.8352 -0.023 0.3183 -0.8545 -0.0183 0.3116 -0.8383 -0.0343 0.3295
58.0 -0.8688 -0.0569 0.3496 -0.789 -0.0455 0.3459 -0.793 -0.0228 0.3223 -0.7947 -0.0132 0.3124 -0.7974 0.0023 0.2962 -0.8133 0.008 0.2887 -0.7941 -0.0413 0.3411 -0.8047 -0.0311 0.3296 -0.8209 -0.0241 0.3209 -0.8401 -0.02 0.3148 -0.8257 -0.0347 0.3312
59.0 -0.8605 -0.049 0.3424 -0.8014 0.0103 0.2876 -0.7958 -0.0067 0.3055 -0.7928 -0.024 0.3235 -0.7897 -0.0413 0.3415 -0.7866 -0.0592 0.3601 -0.8012 -0.0209 0.3195 -0.7939 -0.0327 0.3323 -0.7899 -0.0456 0.3459 -0.7893 -0.0589 0.3596 -0.807 -0.0414 0.3399
60.0 -0.8508 -0.0544 0.3489 -0.7895 -0.0425 0.3428 -0.794 -0.0168 0.3161 -0.796 -0.0055 0.3043 -0.7978 0.0047 0.2938 -0.7995 0.0142 0.2838 -0.7908 -0.0353 0.3353 -0.7971 -0.0246 0.3237 -0.8116 -0.0168 0.3143 -0.8278 -0.0098 0.3055 -0.8156 -0.0282 0.3255
61.0 -0.8436 -0.0553 0.3505 -0.792 -0.0282 0.3279 -0.7947 -0.0132 0.3124 -0.7961 -0.0049 0.3037 -0.7975 0.0029 0.2956 -0.7987 0.01 0.2882 -0.7915 -0.0312 0.331 -0.7931 -0.0222 0.3217 -0.8066 -0.0155 0.3135 -0.8218 -0.009 0.3053 -0.8113 -0.0266 0.3244
62.0 -0.8367 -0.0544 0.3502 -0.795 -0.0115 0.3105 -0.7956 -0.0079 0.3068 -0.7961 -0.0049 0.3037 -0.7962 -0.0043 0.3031 -0.7973 0.0017 0.2969 -0.7925 -0.0258 0.3254 -0.7932 -0.0216 0.3211 -0.8008 -0.0184 0.317 -0.8128 -0.0151 0.3124 -0.8072 -0.027 0.3252
63.0 -0.8339 -0.0552 0.3514 -0.7936 -0.0192 0.3186 -0.7957 -0.0073 0.3062 -0.7969 -0.0007 0.2993 -0.7977 0.0041 0.2944 -0.7986 0.0094 0.2888 -0.7919 -0.0288 0.3285 -0.7931 -0.0222 0.3217 -0.8011 -0.0166 0.3151 -0.8143 -0.0116 0.3088 -0.8069 -0.0269 0.3251
63.0 -0.8339 -0.0552 0.3514 -0.7936 -0.0192 0.3186 -0.7957 -0.0073 0.3062 -0.7969 -0.0007 0.2993 -0.7977 0.0041 0.2944 -0.7986 0.0094 0.2888 -0.7919 -0.0288 0.3285 -0.7931 -0.0222 0.3217 -0.8011 -0.0166 0.3151 -0.8143 -0.0116 0.3088 -0.8069 -0.0269 0.3251
63.0 -0.8339 -0.0552 0.3514 -0.7936 -0.0192 0.3186 -0.7957 -0.0073 0.3062 -0.7969 -0.0007 0.2993 -0.7977 0.0041 0.2944 -0.7986 0.0094 0.2888 -0.7919 -0.0288 0.3285 -0.7931 -0.0222 0.3217 -0.8011 -0.0166 0.3151 -0.8143 -0.0116 0.3088 -0.8069 -0.0269 0.3251
63.0 -0.8339 -0.0552 0.3514 -0.7936 -0.0192 0.3186 -0.7957 -0.0073 0.3062 -0.7969 -0.0007 0.2993 -0.7977 0.0041 0.2944 -0.7986 0.0094 0.2888 -0.7919 -0.0288 0.3285 -0.7931 -0.0222 0.3217 -0.8011 -0.0166 0.3151 -0.8143 -0.0116 0.3088 -0.8069 -0.0269 0.3251
63.0 -0.8339 -0.0552 0.3514 -0.7936 -0.0192 0.3186 -0.7957 -0.0073 0.3062 -0.7969 -0.0007 0.2993 -0.7977 0.0041 0.2944 -0.7986 0.0094 0.2888 -0.7919 -0.0288 0.3285 -0.7931 -0.0222 0.3217 -0.8011 -0.0166 0.3151 -0.8143 -0.0116 0.3088 -0.8069 -0.0269 0.3251
63.0 -0.8339 -0.0552 0.3514 -0.7936 -0.0192 0.3186 -0.7957 -0.0073 0.3062 -0.7969 -0.0007 0.2993 -0.7977 0.0041 0.2944 -0.7986 0.0094 0.2888 -0.7919 -0.0288 0.3285 -0.7931 -0.0222 0.3217 -0.8011 -0.0166 0.3151 -0.8143 -0.0116 0.3088 -0.8069 -0.0269 0.3251
63.0 -0.8339 -0.0552 0.3514 -0.7936 -0.0192 0.3186 -0.7957 -0.0073 0.3062 -0.7969 -0.0007 0.2993 -0.7977 0.0041 0.2944 -0.7986 0.0094 0.2888 -0.7919 -0.0288 0.3285 -0.7931 -0.0222 0.3217 -0.8011 -0.0166 0.3151 -0.8143 -0.0116 0.3088 -0.8069 -0.0269 0.3251
63.0 -0.8339 -0.0552 0.3514 -0.7936 -0.0192 0.3186 -0.7957 -0.0073 0.3062 -0.7969 -0.0007 0.2993 -0.7977 0.0041 0.2944 -0.7986 0.0094 0.2888 -0.7919 -0.0288 0.3285 -0.7931 -0.0222 0.3217 -0.8011 -0.0166 0.3151 -0.8143 -0.0116 0.3088 -0.8069 -0.0269 0.3251
63.0 -0.8339 -0.0552 0.3514 -0.7936 -0.0192 0.3186 -0.7957 -0.0073 0.3062 -0.7969 -0.0007 0.2993 -0.7977 0.0041 0.2944 -0.7986 0.0094 0.2888 -0.7919 -0.0288 0.3285 -0.7931 -0.0222 0.3217 -0.8011 -0.0166 0.3151 -0.8143 -0.0116 0.3088 -0.8069 -0.0269 0.3251
63.0 -0.8339 -0.0552 0.3514 -0.7936 -0.0192 0.3186 -0.7957 -0.0073 0.3062 -0.7969 -0.0007 0.2993 -0.7977 0.0041 0.2944 -0.7986 0.0094 0.2888 -0.7919 -0.0288 0.3285 -0.7931 -0.0222 0.3217 -0.8011 -0.0166 0.3151 -0.8143 -0.0116 0.3088 -0.8069 -0.0269 0.3251
63.0 -0.8339 -0.0552 0.3514 -0.7936 -0.0192 0.3186 -0.7957 -0.0073 0.3062 -0.7969 -0.0007 0.2993 -0.7977 0.0041 0.2944 -0.7986 0.0094 0.2888 -0.7919 -0.0288 0.3285 -0.7931 -0.0222 0.3217 -0.8011 -0.0166 0.3151 -0.8143 -0.0116 0.3088 -0.8069 -0.0269 0.3251
63.0 -0.8339 -0.0552 0.3514 -0.7936 -0.0192 0.3186 -0.7957 -0.0073 0.3062 -0.7969 -0.0007 0.2993 -0.7977 0.0041 0.2944 -0.7986 0.0094 0.2888 -0.7919 -0.0288 0.3285 -0.7931 -0.0222 0.3217 -0.8011 -0.0166 0.3151 -0.8143 -0.0116 0.3088 -0.8069 -0.0269 0.3251
63.0 -0.8339 -0.0552 0.3514 -0.7936 -0.0192 0.3186 -0.7957 -0.0073 0.3062 -0.7969 -0.0007 0.2993 -0.7977 0.0041 0.2944 -0.7986 0.0094 0.2888 -0.7919 -0.0288 0.3285 -0.7931 -0.0222 0.3217 -0.8011 -0.0166 0.3151 -0.8143 -0.0116 0.3088 -0.8069 -0.0269 0.3251
63.0 -0.8339 -0.0552 0.3514 -0.7936 -0.0192 0.3186 -0.7957 -0.0073 0.3062 -0.7969 -0.0007 0.2993 -0.7977 0.0041 0.2944 -0.7986 0.0094 0.2888 -0.7919 -0.0288 0.3285 -0.7931 -0.0222 0.3217 -0.8011 -0.0166 0.3151 -0.8143 -0.0116 0.3088 -0.8069 -0.0269 0.3251
63.0 -0.8339 -0.0552 0.3514 -0.7936 -0.0192 0.3186 -0.7957 -0.0073 0.3062 -0.7969 -0.0007 0.2993 -0.7977 0.0041 0.2944 -0.7986 0.0094 0.2888 -0.7919 -0.0288 0.3285 -0.7931 -0.0222 0.3217 -0.8011 -0.0166 0.3151 -0.8143 -0.0116 0.3088 -0.8069 -0.0269 0.3251
63.0 -0.8339 -0.0552 0.3514 -0.7936 -0.0192 0.3186 -0.7957 -0.0073 0.3062 -0.7969 -0.0007 0.2993 -0.7977 0.0041 0.2944 -0.7986 0.0094 0.2888 -0.7919 -0.0288 0.3285 -0.7931 -0.0222 0.3217 -0.8011 -0.0166 0.3151 -0.8143 -0.0116 0.3088 -0.8069 -0.0269 0.3251
63.0 -0.8339 -0.0552 0.3514 -0.7936 -0.0192 0.3186 -0.7957 -0.0073 0.3062 -0.7969 -0.0007 0.2993 -0.7977 0.0041 0.2944 -0.7986 0.0094 0.2888 -0.7919 -0.0288 0.3285 -0.7931 -0.0222 0.3217 -0.8011 -0.0166 0.3151 -0.8143 -0.0116 0.3088 -0.8069 -0.0269 0.3251
63.0 -0.8339 -0.0552 0.3514 -0.7936 -0.0192 0.3186 -0.7957 -0.0073 0.3062 -0.7969 -0.0007 0.2993 -0.7977 0.0041 0.2944 -0.7986 0.0094 0.2888 -0.7919 -0.0288 0.3285 -0.7931 -0.0222 0.3217 -0.8011 -0.0166 0.3151 -0.8143 -0.0116 0.3088 -0.8069 -0.0269 0.3251
63.0 -0.8339 -0.0552 0.3514 -0.7936 -0.0192 0.3186 -0.7957 -0.0073 0.3062 -0.7969 -0.0007 0.2993 -0.7977 0.0041 0.2944 -0.7986 0.0094 0.2888 -0.7919 -0.0288 0.3285 -0.7931 -0.0222 0.3217 -0.8011 -0.0166 0.3151 -0.8143 -0.0116 0.3088 -0.8069 -0.0269 0.3251
63.0 -0.8339 -0.0552 0.3514 -0.7936 -0.0192 0.3186 -0.7957 -0.0073 0.3062 -0.7969 -0.0007 0.2993 -0.7977 0.0041 0.2944 -0.7986 0.0094 0.2888 -0.7919 -0.0288 0.3285 -0.7931 -0.0222 0.3217 -0.8011 -0.0166 0.3151 -0.8143 -0.0116 0.3088 -0.8069 -0.0269 0.3251
63.0 -0.8339 -0.0552 0.3514 -0.7936 -0.0192 0.3186 -0.7957 -0.0073 0.3062 -0.7969 -0.0007 0.2993 -0.7977 0.0041 0.2944 -0.7986 0.0094 0.2888 -0.7919 -0.0288 0.3285 -0.7931 -0.0222 0.3217 -0.8011 -0.0166 0.3151 -0.8143 -0.0116 0.3088 -0.8069 -0.0269 0.3251
63.0 -0.8339 -0.0552 0.3514 -0.7936 -0.0192 0.3186 -0.7957 -0.0073 0.3062 -0.7969 -0.0007 0.2993 -0.7977 0.0041 0.2944 -0.7986 0.0094 0.2888 -0.7919 -0.0288 0.3285 -0.7931 -0.0222 0.3217 -0.8011 -0.0166 0.3151 -0.8143 -0.0116 0.3088 -0.8069 -0.0269 0.3251
63.0 -0.8339 -0.0552 0.3514 -0.7936 -0.0192 0.3186 -0.7957 -0.0073 0.3062 -0.7969 -0.0007 0.2993 -0.7977 0.0041 0.2944 -0.7986 0.0094 0.2888 -0.7919 -0.0288 0.3285 -0.7931 -0.0222 0.3217 -0.8011 -0.0166 0.3151 -0.8143 -0.0116 0.3088 -0.8069 -0.0269 0.3251
63.0 -0.8339 -0.0552 0.3514 -0.7936 -0.0192 0.3186 -0.7957 -0.0073 0.3062 -0.7969 -0.0007 0.2993 -0.7977 0.0041 0.2944 -0.7986 0.0094 0.2888 -0.7919 -0.0288 0.3285 -0.7931 -0.0222 0.3217 -0.8011 -0.0166 0.3151 -0.8143 -0.0116 0.3088 -0.8069 -0.0269 0.3251
63.0 -0.8339 -0.0552 0.3514 -0.7936 -0.0192 0.3186 -0.7957 -0.0073 0.3062 -0.7969 -0.0007 0.2993 -0.7977 0.0041 0.2944 -0.7986 0.0094 0.2888 -0.7919 -0.0288 0.3285 -0.7931 -0.0222 0.3217 -0.8011 -0.0166 0.3151 -0.8143 -0.0116 0.3088 -0.8069 -0.0269 0.3251
63.0 -0.8339 -0.0552 0.3514 -0.7936 -0.0192 0.3186 -0.7957 -0.0073 0.3062 -0.7969 -0.0007 0.2993 -0.7977 0.0041 0.2944 -0.7986 0.0094 0.2888 -0.7919 -0.0288 0.3285 -0.7931 -0.0222 0.3217 -0.8011 -0.0166 0.3151 -0.8143 -0.0116 0.3088 -0.8069 -0.0269 0.3251
63.0 -0.8339 -0.0552 0.3514 -0.7936 -0.0192 0.3186 -0.7957 -0.0073 0.3062 -0.7969 -0.0007 0.2993 -0.7977 0.0041 0.2944 -0.7986 0.0094 0.2888 -0.7919 -0.0288 0.3285 -0.7931 -0.0222 0.3217 -0.8011 -0.0166 0.3151 -0.8143 -0.0116 0.3088 -0.8069 -0.0269 0.3251
63.0 -0.8339 -0.0552 0.3514 -0.7936 -0.0192 0.3186 -0.7957 -0.0073 0.3062 -0.7969 -0.0007 0.2993 -0.7977 0.0041 0.2944 -0.7986 0.0094 0.2888 -0.7919 -0.0288 0.3285 -0.7931 -0.0222 0.3217 -0.8011 -0.0166 0.3151 -0.8143 -0.0116 0.3088 -0.8069 -0.0269 0.3251
63.0 -0.8339 -0.0552 0.3514 -0.7936 -0.0192 0.3186 -0.7957 -0.0073 0.3062 -0.7969 -0.0007 0.2993 -0.7977 0.0041 0.2944 -0.7986 0.0094 0.2888 -0.7919 -0.0288 0.3285 -0.7931 -0.0222 0.3217 -0.8011 -0.0166 0.3151 -0.8143 -0.0116 0.3088 -0.8069 -0.0269 0.3251
63.0 -0.8339 -0.0552 0.3514 -0.7936 -0.0192 0.3186 -0.7957 -0.0073 0.3062 -0.7969 -0.0007 0.2993 -0.7977 0.0041 0.2944 -0.7986 0.0094 0.2888 -0.7919 -0.0288 0.3285 -0.7931 -0.0222 0.3217 -0.8011 -0.0166 0.3151 -0.8143 -0.0116 0.3088 -0.8069 -0.0269 0.3251
63.0 -0.8339 -0.0552 0.3514 -0.7936 -0.0192 0.3186 -0.7957 -0.0073 0.3062 -0.7969 -0.0007 0.2993 -0.7977 0.0041 0.2944 -0.7986 0.0094 0.2888 -0.7919 -0.0288 0.3285 -0.7931 -0.0222 0.3217 -0.8011 -0.0166 0.3151 -0.8143 -0.0116 0.3088 -0.8069 -0.0269 0.3251
63.0 -0.8339 -0.0552 0.3514 -0.7936 -0.0192 0.3186 -0.7957 -0.0073 0.3062 -0.7969 -0.0007 0.2993 -0.7977 0.0041 0.2944 -0.7986 0.0094 0.2888 -0.7919 -0.0288 0.3285 -0.7931 -0.0222 0.3217 -0.8011 -0.0166 0.3151 -0.8143 -0.0116 0.3088 -0.8069 -0.0269 0.3251
63.0 -0.8339 -0.0552 0.3514 -0.7936 -0.0192 0.3186 -0.7957 -0.0073 0.3062 -0.7969 -0.0007 0.2993 -0.7977 0.0041 0.2944 -0.7986 0.0094 0.2888 -0.7919 -0.0288 0.3285 -0.7931 -0.0222 0.3217 -0.8011 -0.0166 0.3151 -0.8143 -0.0116 0.3088 -0.8069 -0.0269 0.3251
63.0 -0.8339 -0.0552 0.3514 -0.7936 -0.0192 0.3186 -0.7957 -0.0073 0.3062 -0.7969 -0.0007 0.2993 -0.7977 0.0041 0.2944 -0.7986 0.0094 0.2888 -0.7919 -0.0288 0.3285 -0.7931 -0.0222 0.3217 -0.8011 -0.0166 0.3151 -0.8143 -0.0116 0.3088 -0.8069 -0.0269 0.3251
63.0 -0.8339 -0.0552 0.3514 -0.7936 -0.0192 0.3186 -0.7957 -0.0073 0.3062 -0.7969 -0.0007 0.2993 -0.7977 0.0041 0.2944 -0.7986 0.0094 0.2888 -0.7919 -0.0288 0.3285 -0.7931 -0.0222 0.3217 -0.8011 -0.0166 0.3151 -0.8143 -0.0116 0.3088 -0.8069 -0.0269 0.3251
63.0 -0.8339 -0.0552 0.3514 -0.7936 -0.0192 0.3186 -0.7957 -0.0073 0.3062 -0.7969 -0.0007 0.2993 -0.7977 0.0041 0.2944 -0.7986 0.0094 0.2888 -0.7919 -0.0288 0.3285 -0.7931 -0.0222 0.3217 -0.8011 -0.0166 0.3151 -0.8143 -0.0116 0.3088 -0.8069 -0.0269 0.3251
63.0 -0.8339 -0.0552 0.3514 -0.7936 -0.0192 0.3186 -0.7957 -0.0073 0.3062 -0.7969 -0.0007 0.2993 -0.7977 0.0041 0.2944 -0.7986 0.0094 0.2888 -0.7919 -0.0288 0.3285 -0.7931 -0.0222 0.3217 -0.8011 -0.0166 0.3151 -0.8143 -0.0116 0.3088 -0.8069 -0.0269 0.3251
63.0 -0.8339 -0.0552 0.3514 -0.7936 -0.0192 0.3186 -0.7957 -0.0073 0.3062 -0.7969 -0.0007 0.2993 -0.7977 0.0041 0.2944 -0.7986 0.0094 0.2888 -0.7919 -0.0288 0.3285 -0.7931 -0.0222 0.3217 -0.8011 -0.0166 0.3151 -0.8143 -0.0116 0.3088 -0.8069 -0.0269 0.3251
63.0 -0.8339 -0.0552 0.3514 -0.7936 -0.0192 0.3186 -0.7957 -0.0073 0.3062 -0.7969 -0.0007 0.2993 -0.7977 0.0041 0.2944 -0.7986 0.0094 0.2888 -0.7919 -0.0288 0.3285 -0.7931 -0.0222 0.3217 -0.8011 -0.0166 0.3151 -0.8143 -0.0116 0.3088 -0.8069 -0.0269 0.3251
63.0 -0.8339 -0.0552 0.3514 -0.7936 -0.0192 0.3186 -0.7957 -0.0073 0.3062 -0.7969 -0.0007 0.2993 -0.7977 0.0041 0.2944 -0.7986 0.0094 0.2888 -0.7919 -0.0288 0.3285 -0.7931 -0.0222 0.3217 -0.8011 -0.0166 0.3151 -0.8143 -0.0116 0.3088 -0.8069 -0.0269 0.3251
63.0 -0.8339 -0.0552 0.3514 -0.7936 -0.0192 0.3186 -0.7957 -0.0073 0.3062 -0.7969 -0.0007 0.2993 -0.7977 0.0041 0.2944 -0.7986 0.0094 0.2888 -0.7919 -0.0288 0.3285 -0.7931 -0.0222 0.3217 -0.8011 -0.0166 0.3151 -0.8143 -0.0116 0.3088 -0.8069 -0.0269 0.3251
63.0 -0.8339 -0.0552 0.3514 -0.7936 -0.0192 0.3186 -0.7957 -0.0073 0.3062 -0.7969 -0.0007 0.2993 -0.7977 0.0041 0.2944 -0.7986 0.0094 0.2888 -0.7919 -0.0288 0.3285 -0.7931 -0.0222 0.3217 -0.8011 -0.0166 0.3151 -0.8143 -0.0116 0.3088 -0.8069 -0.0269 0.3251
63.0 -0.8339 -0.0552 0.3514 -0.7936 -0.0192 0.3186 -0.7957 -0.0073 0.3062 -0.7969 -0.0007 0.2993 -0.7977 0.0041 0.2944 -0.7986 0.0094 0.2888 -0.7919 -0.0288 0.3285 -0.7931 -0.0222 0.3217 -0.8011 -0.0166 0.3151 -0.8143 -0.0116 0.3088 -0.8069 -0.0269 0.3251
63.0 -0.8339 -0.0552 0.3514 -0.7936 -0.0192 0.3186 -0.7957 -0.0073 0.3062 -0.7969 -0.0007 0.2993 -0.7977 0.0041 0.2944 -0.7986 0.0094 0.2888 -0.7919 -0.0288 0.3285 -0.7931 -0.0222 0.3217 -0.8011 -0.0166 0.3151 -0.8143 -0.0116 0.3088 -0.8069 -0.0269 0.3251
63.0 -0.8339 -0.0552 0.3514 -0.7936 -0.0192 0.3186 -0.7957 -0.0073 0.3062 -0.7969 -0.0007 0.2993 -0.7977 0.0041 0.2944 -0.7986 0.0094 0.2888 -0.7919 -0.0288 0.3285 -0.7931 -0.0222 0.3217 -0.8011 -0.0166 0.3151 -0.8143 -0.0116 0.3088 -0.8069 -0.0269 0.3251
63.0 -0.8339 -0.0552 0.3514 -0.7936 -0.0192 0.3186 -0.7957 -0.0073 0.3062 -0.7969 -0.0007 0.2993 -0.7977 0.0041 0.2944 -0.7986 0.0094 0.2888 -0.7919 -0.0288 0.3285 -0.7931 -0.0222 0.3217 -0.8011 -0.0166 0.3151 -0.8143 -0.0116 0.3088 -0.8069 -0.0269 0.3251
63.0 -0.8339 -0.0552 0.3514 -0.7936 -0.0192 0.3186 -0.7957 -0.0073 0.3062 -0.7969 -0.0007 0.2993 -0.7977 0.0041 0.2944 -0.7986 0.0094 0.2888 -0.7919 -0.0288 0.3285 -0.7931 -0.0222 0.3217 -0.8011 -0.0166 0.3151 -0.8143 -0.0116 0.3088 -0.8069 -0.0269 0.3251
63.0 -0.8339 -0.0552 0.3514 -0.7936 -0.0192 0.3186 -0.7957 -0.0073 0.3062 -0.7969 -0.0007 0.2993 -0.7977 0.0041 0.2944 -0.7986 0.0094 0.2888 -0.7919 -0.0288 0.3285 -0.7931 -0.0222 0.3217 -0.8011 -0.0166 0.3151 -0.8143 -0.0116 0.3088 -0.8069 -0.0269 0.3251
63.0 -0.8339 -0.0552 0.3514 -0.7936 -0.0192 0.3186 -0.7957 -0.0073 0.3062 -0.7969 -0.0007 0.2993 -0.7977 0.0041 0.2944 -0.7986 0.0094 0.2888 -0.7919 -0.0288 0.3285 -0.7931 -0.0222 0.3217 -0.8011 -0.0166 0.3151 -0.8143 -0.0116 0.3088 -0.8069 -0.0269 0.3251
63.0 -0.8339 -0.0552 0.3514 -0.7936 -0.0192 0.3186 -0.7957 -0.0073 0.3062 -0.7969 -0.0007 0.2993 -0.7977 0.0041 0.2944 -0.7986 0.0094 0.2888 -0.7919 -0.0288 0.3285 -0.7931 -0.0222 0.3217 -0.8011 -0.0166 0.3151 -0.8143 -0.0116 0.3088 -0.8069 -0.0269 0.3251
63.0 -0.8339 -0.0552 0.3514 -0.7936 -0.0192 0.3186 -0.7957 -0.0073 0.3062 -0.7969 -0.0007 0.2993 -0.7977 0.0041 0.2944 -0.7986 0.0094 0.2888 -0.7919 -0.0288 0.3285 -0.7931 -0.0222 0.3217 -0.8011 -0.0166 0.3151 -0.8143 -0.0116 0.3088 -0.8069 -0.0269 0.3251
63.0 -0.8339 -0.0552 0.3514 -0.7936 -0.0192 0.3186 -0.7957 -0.0073 0.3062 -0.7969 -0.0007 0.2993 -0.7977 0.0041 0.2944 -0.7986 0.0094 0.2888 -0.7919 -0.0288 0.3285 -0.7931 -0.0222 0.3217 -0.8011 -0.0166 0.3151 -0.8143 -0.0116 0.3088 -0.8069 -0.0269 0.3251
63.0 -0.8339 -0.0552 0.3514 -0.7936 -0.0192 0.3186 -0.7957 -0.0073 0.3062 -0.7969 -0.0007 0.2993 -0.7977 0.0041 0.2944 -0.7986 0.0094 0.2888 -0.7919 -0.0288 0.3285 -0.7931 -0.0222 0.3217 -0.8011 -0.0166 0.3151 -0.8143 -0.0116 0.3088 -0.8069 -0.0269 0.3251
63.0 -0.8339 -0.0552 0.3514 -0.7936 -0.0192 0.3186 -0.7957 -0.0073 0.3062 -0.7969 -0.0007 0.2993 -0.7977 0.0041 0.2944 -0.7986 0.0094 0.2888 -0.7919 -0.0288 0.3285 -0.7931 -0.0222 0.3217 -0.8011 -0.0166 0.3151 -0.8143 -0.0116 0.3088 -0.8069 -0.0269 0.3251
63.0 -0.8339 -0.0552 0.3514 -0.7936 -0.0192 0.3186 -0.7957 -0.0073 0.3062 -0.7969 -0.0007 0.2993 -0.7977 0.0041 0.2944 -0.7986 0.0094 0.2888 -0.7919 -0.0288 0.3285 -0.7931 -0.0222 0.3217 -0.8011 -0.0166 0.3151 -0.8143 -0.0116 0.3088 -0.8069 -0.0269 0.3251
63.0 -0.8339 -0.0552 0.3514 -0.7936 -0.0192 0.3186 -0.7957 -0.0073 0.3062 -0.7969 -0.0007 0.2993 -0.7977 0.0041 0.2944 -0.7986 0.0094 0.2888 -0.7919 -0.0288 0.3285 -0.7931 -0.0222 0.3217 -0.8011 -0.0166 0.3151 -0.8143 -0.0116 0.3088 -0.8069 -0.0269 0.3251
63.0 -0.8339 -0.0552 0.3514 -0.7936 -0.0192 0.3186 -0.7957 -0.0073 0.3062 -0.7969 -0.0007 0.2993 -0.7977 0.0041 0.2944 -0.7986 0.0094 0.2888 -0.7919 -0.0288 0.3285 -0.7931 -0.0222 0.3217 -0.8011 -0.0166 0.3151 -0.8143 -0.0116 0.3088 -0.8069 -0.0269 0.3251
63.0 -0.8339 -0.0552 0.3514 -0.7936 -0.0192 0.3186 -0.7957 -0.0073 0.3062 -0.7969 -0.0007 0.2993 -0.7977 0.0041 0.2944 -0.7986 0.0094 0.2888 -0.7919 -0.0288 0.3285 -0.7931 -0.0222 0.3217 -0.8011 -0.0166 0.3151 -0.8143 -0.0116 0.3088 -0.8069 -0.0269 0.3251
63.0 -0.8339 -0.0552 0.3514 -0.7936 -0.0192 0.3186 -0.7957 -0.0073 0.3062 -0.7969 -0.0007 0.2993 -0.7977 0.0041 0.2944 -0.7986 0.0094 0.2888 -0.7919 -0.0288 0.3285 -0.7931 -0.0222 0.3217 -0.8011 -0.0166 0.3151 -0.8143 -0.0116 0.3088 -0.8069 -0.0269 0.3251
63.0 -0.8339 -0.0552 0.3514 -0.7936 -0.0192 0.3186 -0.7957 -0.0073 0.3062 -0.7969 -0.0007 0.2993 -0.7977 0.0041 0.2944 -0.7986 0.0094 0.2888 -0.7919 -0.0288 0.3285 -0.7931 -0.0222 0.3217 -0.8011 -0.0166 0.3151 -0.8143 -0.0116 0.3088 -0.8069 -0.0269 0.3251
63.0 -0.8339 -0.0552 0.3514 -0.7936 -0.0192 0.3186 -0.7957 -0.0073 0.3062 -0.7969 -0.0007 0.2993 -0.7977 0.0041 0.2944 -0.7986 0.0094 0.2888 -0.7919 -0.0288 0.3285 -0.7931 -0.0222 0.3217 -0.8011 -0.0166 0.3151 -0.8143 -0.0116 0.3088 -0.8069 -0.0269 0.3251
63.0 -0.8339 -0.0552 0.3514 -0.7936 -0.0192 0.3186 -0.7957 -0.0073 0.3062 -0.7969 -0.0007 0.2993 -0.7977 0.0041 0.2944 -0.7986 0.0094 0.2888 -0.7919 -0.0288 0.3285 -0.7931 -0.0222 0.3217 -0.8011 -0.0166 0.3151 -0.8143 -0.0116 0.3088 -0.8069 -0.0269 0.3251
63.0 -0.8339 -0.0552 0.3514 -0.7936 -0.0192 0.3186 -0.7957 -0.0073 0.3062 -0.7969 -0.0007 0.2993 -0.7977 0.0041 0.2944 -0.7986 0.0094 0.2888 -0.7919 -0.0288 0.3285 -0.7931 -0.0222 0.3217 -0.8011 -0.0166 0.3151 -0.8143 -0.0116 0.3088 -0.8069 -0.0269 0.3251
63.0 -0.8339 -0.0552 0.3514 -0.7936 -0.0192 0.3186 -0.7957 -0.0073 0.3062 -0.7969 -0.0007 0.2993 -0.7977 0.0041 0.2944 -0.7986 0.0094 0.2888 -0.7919 -0.0288 0.3285 -0.7931 -0.0222 0.3217 -0.8011 -0.0166 0.3151 -0.8143 -0.0116 0.3088 -0.8069 -0.0269 0.3251
63.0 -0.8339 -0.0552 0.3514 -0.7936 -0.0192 0.3186 -0.7957 -0.0073 0.3062 -0.7969 -0.0007 0.2993 -0.7977 0.0041 0.2944 -0.7986 0.0094 0.2888 -0.7919 -0.0288 0.3285 -0.7931 -0.0222 0.3217 -0.8011 -0.0166 0.3151 -0.8143 -0.0116 0.3088 -0.8069 -0.0269 0.3251
63.0 -0.8339 -0.0552 0.3514 -0.7936 -0.0192 0.3186 -0.7957 -0.0073 0.3062 -0.7969 -0.0007 0.2993 -0.7977 0.0041 0.2944 -0.7986 0.0094 0.2888 -0.7919 -0.0288 0.3285 -0.7931 -0.0222 0.3217 -0.8011 -0.0166 0.3151 -0.8143 -0.0116 0.3088 -0.8069 -0.0269 0.3251
63.0 -0.8339 -0.0552 0.3514 -0.7936 -0.0192 0.3186 -0.7957 -0.0073 0.3062 -0.7969 -0.0007 0.2993 -0.7977 0.0041 0.2944 -0.7986 0.0094 0.2888 -0.7919 -0.0288 0.3285 -0.7931 -0.0222 0.3217 -0.8011 -0.0166 0.3151 -0.8143 -0.0116 0.3088 -0.8069 -0.0269 0.3251
130.0 -0.8466 -0.0532 0.3481 -0.7974 0.0023 0.2962 -0.7961 -0.0049 0.3037 -0.7945 -0.0144 0.3136 -0.7927 -0.0246 0.3242 -0.7907 -0.0359 0.3359 -0.8002 -0.017 0.3157 -0.7924 -0.0264 0.326 -0.7905 -0.0371 0.3372 -0.7888 -0.0467 0.3471 -0.8037 -0.0361 0.3348
131.0 -0.8535 -0.0542 0.3484 -0.7976 0.0035 0.295 -0.7962 -0.0043 0.3031 -0.794 -0.0168 0.3161 -0.7914 -0.0317 0.3316 -0.7885 -0.0485 0.349 -0.805 -0.0195 0.3178 -0.7952 -0.0304 0.3299 -0.7895 -0.0425 0.3428 -0.7873 -0.055 0.3558 -0.8061 -0.0403 0.3389
132.0 -0.865 -0.0539 0.3469 -0.7994 0.0038 0.2944 -0.7958 -0.0067 0.3055 -0.7933 -0.021 0.3204 -0.7905 -0.0371 0.3372 -0.7865 -0.0598 0.3608 -0.8019 -0.0271 0.3258 -0.7948 -0.0377 0.3373 -0.7909 -0.05 0.3503 -0.7894 -0.0632 0.364 -0.8084 -0.0464 0.3449
133.0 -0.8712 -0.0633 0.3559 -0.7863 -0.061 0.362 -0.7919 -0.0288 0.3285 -0.7945 -0.0144 0.3136 -0.797 -0.0001 0.2987 -0.8126 0.0039 0.2931 -0.7978 -0.0503 0.35 -0.8095 -0.0391 0.3373 -0.8267 -0.031 0.3273 -0.847 -0.0258 0.32 -0.8305 -0.0419 0.3381
134.0 -0.8822 -0.066 0.3576 -0.7863 -0.061 0.362 -0.7914 -0.0317 0.3316 -0.7942 -0.0156 0.3148 -0.7971 0.0005 0.2981 -0.8238 0.0024 0.2935 -0.8124 -0.0523 0.3505 -0.825 -0.0412 0.3379 -0.8422 -0.0331 0.3279 -0.8619 -0.026 0.3187 -0.8447 -0.0437 0.3385
135.0 -0.8945 -0.0658 0.3562 -0.7861 -0.0622 0.3632 -0.7908 -0.0353 0.3353 -0.7945 -0.0144 0.3136 -0.7972 0.0011 0.2975 -0.834 0.0004 0.2945 -0.8223 -0.0561 0.3534 -0.835 -0.0443 0.3402 -0.8516 -0.035 0.3289 -0.8721 -0.028 0.3197 -0.8551 -0.0458 0.3397
136.0 -0.9257 -0.0688 0.3562 -0.8104 -0.0691 0.3679 -0.7907 -0.0359 0.3359 -0.7939 -0.0174 0.3167 -0.8188 -0.0061 0.3027 -0.8567 -0.0057 0.2985 -0.8504 -0.0617 0.3564 -0.8614 -0.0491 0.3424 -0.8772 -0.0391 0.3306 -0.8962 -0.0312 0.3207 -0.8822 -0.05 0.3412
137.0 -0.939 -0.0682 0.3542 -0.8251 -0.0705 0.3679 -0.7974 -0.038 0.3374 -0.8085 -0.0194 0.3173 -0.8323 -0.0092 0.3045 -0.8687 -0.0074 0.299 -0.8659 -0.0638 0.357 -0.8769 -0.0512 0.343 -0.8918 -0.041 0.3311 -0.9108 -0.0332 0.3212 -0.8969 -0.0515 0.3413
138.0 -0.9538 -0.0689 0.3535 -0.843 -0.0735 0.3692 -0.8136 -0.0408 0.3387 -0.822 -0.023 0.3197 -0.8433 -0.0119 0.3061 -0.8799 -0.0089 0.2994 -0.8781 -0.0642 0.3562 -0.8883 -0.0509 0.3416 -0.9025 -0.0406 0.3297 -0.9213 -0.0334 0.3204 -0.9088 -0.0516 0.3403
139.0 -1.0487 -0.0646 0.3397 -0.9632 -0.0757 0.3595 -0.9065 -0.0577 0.3467 -0.909 -0.0385 0.3268 -0.9261 -0.0261 0.3125 -0.9629 -0.017 0.2995 -0.9768 -0.0684 0.3506 -0.9799 -0.0554 0.337 -0.9897 -0.0451 0.3255 -1.0044 -0.0361 0.3149 -0.9999 -0.0539 0.3336
140.0 -1.063 -0.0635 0.3371 -0.9805 -0.0774 0.3595 -0.9194 -0.0594 0.3472 -0.9209 -0.0407 0.3279 -0.9373 -0.0276 0.3129 -0.9742 -0.0179 0.2993 -0.9889 -0.0694 0.3505 -0.9912 -0.0563 0.3368 -1.0001 -0.0459 0.3253 -1.0148 -0.0369 0.3147 -1.0116 -0.0544 0.3329
141.0 -1.0753 -0.0633 0.3357 -0.9964 -0.0771 0.3577 -0.9313 -0.0616 0.3483 -0.9344 -0.0443 0.3303 -0.9501 -0.03 0.314 -0.9846 -0.0187 0.2991 -1.0021 -0.0694 0.3491 -1.0051 -0.0575 0.3368 -1.0131 -0.047 0.3252 -1.0271 -0.0373 0.3139 -1.0245 -0.0549 0.3321
142.0 -1.0885 -0.0633 0.3344 -1.0129 -0.0781 0.357 -0.9452 -0.0629 0.3482 -0.945 -0.0439 0.3288 -0.9604 -0.0313 0.3144 -0.996 -0.019 0.2983 -1.0159 -0.0712 0.3497 -1.0172 -0.0586 0.3366 -1.0252 -0.048 0.325 -1.0392 -0.0383 0.3137 -1.0372 -0.0559 0.3319
143.0 -1.0984 -0.0622 0.3323 -1.0279 -0.0777 0.3551 -0.9563 -0.065 0.3492 -0.9559 -0.0472 0.3311 -0.9706 -0.0333 0.3154 -1.0074 -0.0194 0.2975 -1.0275 -0.0703 0.3476 -1.0287 -0.0583 0.3352 -1.0367 -0.0478 0.3236 -1.0497 -0.0385 0.3129 -1.0482 -0.0554 0.3303
144.0 -1.1107 -0.062 0.3309 -1.0429 -0.0773 0.3532 -0.9692 -0.0661 0.3491 -0.9672 -0.0475 0.3303 -0.9811 -0.0335 0.3146 -1.0168 -0.0206 0.2979 -1.0397 -0.0708 0.3468 -1.0409 -0.0587 0.3344 -1.048 -0.0487 0.3234 -1.0611 -0.0388 0.3121 -1.0601 -0.0558 0.3295
145.0 -1.1216 -0.0604 0.3282 -1.0562 -0.0773 0.3518 -0.9806 -0.0665 0.3483 -0.9784 -0.049 0.3307 -0.9915 -0.0343 0.3144 -1.0255 -0.0212 0.2976 -1.0502 -0.071 0.346 -1.0506 -0.0588 0.3335 -1.0586 -0.0483 0.322 -1.0718 -0.0384 0.3106 -1.0705 -0.0554 0.3281
146.0 -1.1308 -0.058 0.3248 -1.0678 -0.0758 0.3492 -0.9944 -0.0683 0.3488 -0.9896 -0.0506 0.3312 -1.0027 -0.0358 0.3148 -1.0365 -0.0239 0.2993 -1.0626 -0.0708 0.3446 -1.062 -0.0591 0.3327 -1.0683 -0.0483 0.3211 -1.0814 -0.0385 0.3097 -1.081 -0.055 0.3266
147.0 -1.1411 -0.0545 0.3202 -1.0791 -0.0718 0.344 -1.0081 -0.0702 0.3494 -1.0015 -0.0528 0.3322 -1.0136 -0.0391 0.3171 -1.045 -0.0257 0.3002 -1.0746 -0.0724 0.3451 -1.0724 -0.0599 0.3325 -1.0777 -0.0496 0.3215 -1.0884 -0.0389 0.3094 -1.0908 -0.0551 0.3257
148.0 -1.1486 -0.0519 0.3167 -1.0961 -0.0704 0.3409 -1.0207 -0.0737 0.3517 -1.0141 -0.0563 0.3346 -1.0243 -0.043 0.32 -1.0543 -0.0275 0.3012 -1.0884 -0.0737 0.345 -1.0853 -0.0616 0.333 -1.0881 -0.0504 0.3212 -1.098 -0.0395 0.3091 -1.1017 -0.0554 0.325
149.0 -1.1622 -0.0494 0.3129 -1.1096 -0.0686 0.3377 -1.0388 -0.0761 0.3524 -1.0313 -0.0586 0.3353 -1.0371 -0.0454 0.3211 -1.0621 -0.028 0.3009 -1.1028 -0.072 0.3418 -1.0977 -0.0609 0.331 -1.0986 -0.0506 0.3204 -1.1068 -0.0395 0.3082 -1.1136 -0.0545 0.3229
150.0 -1.1732 -0.0466 0.3089 -1.1214 -0.0665 0.3344 -1.0484 -0.0762 0.3516 -1.0403 -0.0574 0.3331 -1.046 -0.0447 0.3196 -1.0728 -0.0276 0.2994 -1.1138 -0.0698 0.3385 -1.1077 -0.0592 0.3282 -1.1096 -0.0484 0.3171 -1.1167 -0.0378 0.3055 -1.1242 -0.0524 0.3196
151.0 -1.1833 -0.0443 0.3056 -1.133 -0.0656 0.3323 -1.0575 -0.0744 0.3488 -1.0499 -0.0575 0.3322 -1.0566 -0.0443 0.3181 -1.083 -0.0247 0.2954 -1.1237 -0.0681 0.3357 -1.1178 -0.0569 0.3249 -1.1195 -0.0473 0.315 -1.1268 -0.0355 0.3021 -1.1342 -0.0504 0.3167
152.0 -1.1938 -0.0396 0.2997 -1.1402 -0.0648 0.3307 -1.0668 -0.072 0.3454 -1.0594 -0.0539 0.3276 -1.0687 -0.0411 0.3136 -1.0938 -0.0231 0.2927 -1.1349 -0.0647 0.3312 -1.1289 -0.0535 0.3203 -1.1299 -0.0432 0.3097 -1.1361 -0.0325 0.2981 -1.1447 -0.0467 0.3118
153.0 -1.2017 -0.0346 0.2938 -1.1504 -0.0613 0.3262 -1.0779 -0.0686 0.3408 -1.0704 -0.0511 0.3237 -1.0792 -0.0364 0.3078 -1.1021 -0.0211 0.2899 -1.1426 -0.0608 0.3265 -1.1365 -0.0502 0.3162 -1.1374 -0.0406 0.3063 -1.1445 -0.0299 0.2947 -1.1525 -0.0432 0.3075
154.0 -1.207 -0.0347 0.2934 -1.1605 -0.059 0.3228 -1.0856 -0.0647 0.3361 -1.0773 -0.0471 0.3189 -1.0869 -0.0325 0.3031 -1.1115 -0.0175 0.2853 -1.1501 -0.0582 0.323 -1.1441 -0.047 0.3122 -1.1459 -0.0368 0.3016 -1.1531 -0.0262 0.29 -1.1601 -0.0406 0.304
155.0 -1.2153 -0.0328 0.2906 -1.1707 -0.0561 0.3188 -1.0924 -0.0614 0.332 -1.084 -0.0438 0.3148 -1.0948 -0.0275 0.2971 -1.121 -0.0133 0.28 -1.1557 -0.0565 0.3207 -1.1508 -0.0442 0.3087 -1.1535 -0.0336 0.2975 -1.1616 -0.0225 0.2854 -1.1674 -0.0379 0.3006
156.0 -1.2255 -0.0293 0.286 -1.1862 -0.0533 0.3144 -1.1031 -0.0555 0.3249 -1.0958 -0.0368 0.3065 -1.1062 -0.0174 0.2857 -1.1342 -0.0035 0.2687 -1.1655 -0.0505 0.3136 -1.1605 -0.0388 0.3022 -1.1633 -0.0282 0.2911 -1.173 -0.0179 0.2796 -1.1776 -0.0329 0.2945
157.0 -1.236 -0.0246 0.2801 -1.2 -0.0496 0.3093 -1.1156 -0.0444 0.3123 -1.1081 -0.0269 0.2952 -1.121 -0.0084 0.275 -1.148 0.005 0.2586 -1.1771 -0.0447 0.3066 -1.1731 -0.0326 0.2946 -1.175 -0.0218 0.2834 -1.183 -0.0113 0.2718 -1.1888 -0.027 0.2873
158.0 -1.236 -0.0246 0.2801 -1.1989 -0.0507 0.3105 -1.1156 -0.0444 0.3123 -1.1088 -0.0276 0.2958 -1.1211 -0.0078 0.2744 -1.148 0.005 0.2586 -1.1772 -0.0441 0.306 -1.1731 -0.0326 0.2946 -1.175 -0.0218 0.2834 -1.183 -0.0113 0.2718 -1.1888 -0.0269 0.2872
159.0 -1.2354 -0.0233 0.2789 -1.2 -0.0496 0.3093 -1.1162 -0.0457 0.3136 -1.1086 -0.0288 0.2971 -1.1216 -0.0097 0.2763 -1.1488 0.0049 0.2586 -1.1789 -0.0444 0.306 -1.1731 -0.0326 0.2946 -1.1758 -0.0219 0.2834 -1.1838 -0.0114 0.2719 -1.1894 -0.0267 0.2869
160.0 -1.2363 -0.0234 0.2789 -1.1982 -0.05 0.3099 -1.1169 -0.047 0.3149 -1.1085 -0.0294 0.2977 -1.1208 -0.0096 0.2763 -1.1488 0.0049 0.2586 -1.178 -0.0448 0.3066 -1.173 -0.0332 0.2952 -1.1757 -0.0225 0.284 -1.1846 -0.0121 0.2725 -1.1895 -0.0272 0.2874
161.0 -1.2352 -0.0245 0.2801 -1.1981 -0.0506 0.3105 -1.116 -0.0469 0.3148 -1.1076 -0.0298 0.2983 -1.1208 -0.0096 0.2763 -1.1486 0.0037 0.2599 -1.1771 -0.0447 0.3066 -1.173 -0.0332 0.2952 -1.1757 -0.0225 0.284 -1.1837 -0.012 0.2725 -1.1889 -0.0274 0.2877
162.0 -1.236 -0.0246 0.2801 -1.1981 -0.0506 0.3105 -1.1167 -0.0482 0.3161 -1.1076 -0.0298 0.2983 -1.1208 -0.0096 0.2763 -1.1486 0.0037 0.2599 -1.1779 -0.0454 0.3072 -1.1729 -0.0338 0.2958 -1.1756 -0.0231 0.2847 -1.1846 -0.0121 0.2725 -1.1894 -0.0278 0.2881
163.0 -1.2358 -0.0258 0.2814 -1.1989 -0.0507 0.3105 -1.116 -0.0469 0.3148 -1.1083 -0.0305 0.2989 -1.1207 -0.0102 0.2769 -1.1477 0.0032 0.2605 -1.177 -0.0453 0.3072 -1.1729 -0.0338 0.2958 -1.1756 -0.0231 0.2847 -1.1845 -0.0127 0.2731 -1.1892 -0.0281 0.2884
164.0 -1.2362 -0.024 0.2795 -1.1989 -0.0507 0.3105 -1.1168 -0.0476 0.3155 -1.1084 -0.03 0.2983 -1.1225 -0.0099 0.2764 -1.1496 0.0042 0.2593 -1.1779 -0.0454 0.3072 -1.1729 -0.0338 0.2958 -1.1756 -0.0231 0.2847 -1.1845 -0.0127 0.2731 -1.1894 -0.0278 0.2881
165.0 -1.2377 -0.0254 0.2808 -1.1989 -0.0507 0.3105 -1.1177 -0.0471 0.3149 -1.1084 -0.03 0.2983 -1.1225 -0.0099 0.2764 -1.1495 0.0036 0.2599 -1.1779 -0.0454 0.3072 -1.1737 -0.0339 0.2958 -1.1765 -0.0233 0.2847 -1.1853 -0.0128 0.2732 -1.1902 -0.0282 0.2883
166.0 -1.2358 -0.0258 0.2814 -1.1981 -0.0506 0.3105 -1.1178 -0.0465 0.3143 -1.1086 -0.0288 0.2971 -1.1224 -0.0105 0.277 -1.1485 0.0031 0.2605 -1.1787 -0.0455 0.3073 -1.1737 -0.0339 0.2958 -1.1765 -0.0233 0.2847 -1.1844 -0.0133 0.2738 -1.1898 -0.0284 0.2886
167.0 -1.2358 -0.0258 0.2814 -1.1989 -0.0507 0.3105 -1.117 -0.0464 0.3142 -1.1095 -0.0289 0.2971 -1.1233 -0.0106 0.277 -1.1503 0.0029 0.2606 -1.1787 -0.0455 0.3073 -1.1746 -0.034 0.2959 -1.1773 -0.0234 0.2847 -1.1853 -0.0128 0.2732 -1.1904 -0.0283 0.2885
168.0 -1.2356 -0.027 0.2826 -1.1976 -0.0481 0.308 -1.1171 -0.0458 0.3136 -1.1086 -0.0288 0.2971 -1.1225 -0.0099 0.2764 -1.1493 0.0024 0.2612 -1.1769 -0.0459 0.3078 -1.1728 -0.0344 0.2964 -1.1755 -0.0237 0.2853 -1.1844 -0.0133 0.2738 -1.189 -0.0289 0.2892
169.0 -1.2349 -0.0263 0.282 -1.1968 -0.048 0.308 -1.1171 -0.0458 0.3136 -1.1078 -0.0286 0.297 -1.1216 -0.0097 0.2763 -1.1484 0.0025 0.2611 -1.1779 -0.0454 0.3072 -1.1729 -0.0338 0.2958 -1.1755 -0.0237 0.2853 -1.1835 -0.0132 0.2737 -1.1889 -0.0285 0.2888
170.0 -1.2358 -0.0258 0.2814 -1.1967 -0.0486 0.3086 -1.1162 -0.0457 0.3136 -1.1086 -0.0288 0.2971 -1.1215 -0.0103 0.2769 -1.1493 0.0024 0.2612 -1.1777 -0.046 0.3078 -1.1736 -0.0345 0.2964 -1.1764 -0.0238 0.2853 -1.1852 -0.0134 0.2738 -1.1898 -0.0287 0.289
