1.0 -1.1844 -0.0078 0.2681 -1.0887 -0.0523 0.3231 -1.0346 -0.0243 0.2998 -1.0254 -0.0065 0.2826 -1.042 0.0077 0.2664 -1.0761 0.0214 0.249 -1.1095 -0.0289 0.2971 -1.1084 -0.0153 0.2833 -1.114 -0.0032 0.2704 -1.1248 0.0082 0.2577 -1.1282 -0.0094 0.2753
2.0 -1.1852 -0.0086 0.2688 -1.0897 -0.0512 0.3219 -1.0348 -0.0237 0.2992 -1.0264 -0.0061 0.282 -1.0421 0.0083 0.2657 -1.077 0.0213 0.249 -1.1096 -0.0283 0.2965 -1.1085 -0.0147 0.2827 -1.1149 -0.0033 0.2704 -1.1256 0.008 0.2577 -1.1288 -0.0094 0.2752
3.0 -1.1864 -0.0069 0.267 -1.0915 -0.0515 0.322 -1.0346 -0.0243 0.2998 -1.0263 -0.0066 0.2826 -1.0421 0.0083 0.2657 -1.0773 0.0231 0.2471 -1.1097 -0.0277 0.2958 -1.1093 -0.0148 0.2827 -1.115 -0.0027 0.2698 -1.1259 0.0092 0.2565 -1.1292 -0.0086 0.2744
4.0 -1.1846 -0.0066 0.2669 -1.0895 -0.0524 0.3232 -1.0328 -0.0246 0.3004 -1.0257 -0.0053 0.2813 -1.0422 0.0089 0.2651 -1.0764 0.0232 0.2471 -1.1097 -0.0277 0.2958 -1.1094 -0.0142 0.2821 -1.1151 -0.0021 0.2692 -1.1257 0.0086 0.2571 -1.1289 -0.0084 0.2742
5.0 -1.1848 -0.006 0.2663 -1.0905 -0.052 0.3226 -1.0328 -0.0246 0.3004 -1.0247 -0.0058 0.2819 -1.0404 0.0086 0.2657 -1.0763 0.0226 0.2477 -1.1097 -0.0277 0.2958 -1.1094 -0.0142 0.2821 -1.1142 -0.002 0.2692 -1.124 0.0089 0.2571 -1.1284 -0.0082 0.2741
6.0 -1.1839 -0.0059 0.2662 -1.0896 -0.0518 0.3225 -1.032 -0.0245 0.3003 -1.0229 -0.0062 0.2825 -1.0404 0.0086 0.2657 -1.0773 0.0231 0.2471 -1.1088 -0.0276 0.2958 -1.1085 -0.0147 0.2827 -1.1142 -0.002 0.2692 -1.1241 0.0095 0.2564 -1.1279 -0.0081 0.2741
7.0 -1.1849 -0.0055 0.2657 -1.0887 -0.0523 0.3231 -1.0301 -0.0249 0.3009 -1.0229 -0.0062 0.2825 -1.0396 0.0093 0.265 -1.0753 0.0222 0.2483 -1.108 -0.0274 0.2958 -1.1076 -0.0146 0.2826 -1.1133 -0.0019 0.2691 -1.1232 0.009 0.257 -1.1274 -0.0081 0.274
8.0 -1.1821 -0.0063 0.2668 -1.0877 -0.0528 0.3237 -1.0302 -0.0243 0.3003 -1.0221 -0.0055 0.2818 -1.0389 0.01 0.2644 -1.0764 0.0232 0.2471 -1.107 -0.0279 0.2964 -1.1067 -0.0145 0.2826 -1.1115 -0.0023 0.2697 -1.1224 0.0097 0.2564 -1.126 -0.0083 0.2744
9.0 -1.1822 -0.0057 0.2662 -1.0878 -0.0522 0.3231 -1.0302 -0.0243 0.3003 -1.0211 -0.006 0.2824 -1.039 0.0106 0.2638 -1.0755 0.0234 0.2471 -1.1063 -0.0272 0.2957 -1.106 -0.0137 0.282 -1.1108 -0.0016 0.269 -1.1207 0.0099 0.2563 -1.1252 -0.0077 0.2738
10.0 -1.1823 -0.0051 0.2656 -1.087 -0.0521 0.3231 -1.0284 -0.0246 0.3008 -1.0212 -0.0054 0.2818 -1.038 0.0101 0.2643 -1.0756 0.0239 0.2464 -1.1055 -0.0265 0.2951 -1.1051 -0.0136 0.2819 -1.1108 -0.0016 0.269 -1.1216 0.0098 0.2563 -1.125 -0.0074 0.2736
11.0 -1.1814 -0.005 0.2655 -1.0862 -0.0514 0.3224 -1.0297 -0.0224 0.2984 -1.0232 -0.0044 0.2806 -1.039 0.0106 0.2638 -1.0738 0.0236 0.247 -1.1038 -0.0263 0.295 -1.1035 -0.0128 0.2812 -1.1092 -0.0007 0.2683 -1.12 0.0112 0.255 -1.1236 -0.0067 0.273
12.0 -1.1832 -0.0046 0.265 -1.0854 -0.0507 0.3218 -1.0289 -0.0217 0.2977 -1.0234 -0.0032 0.2794 -1.0399 0.0105 0.2638 -1.075 0.0253 0.2452 -1.104 -0.0251 0.2938 -1.1036 -0.0122 0.2806 -1.1101 -0.0002 0.2678 -1.1218 0.011 0.2551 -1.1246 -0.0062 0.2724
13.0 -1.1831 -0.0052 0.2656 -1.0863 -0.0508 0.3218 -1.0289 -0.0217 0.2977 -1.0233 -0.0038 0.28 -1.0389 0.01 0.2644 -1.0758 0.0245 0.2458 -1.1049 -0.0252 0.2938 -1.1045 -0.0123 0.2807 -1.111 -0.0004 0.2678 -1.1225 0.0103 0.2557 -1.1252 -0.0066 0.2727
14.0 -1.1825 -0.0039 0.2643 -1.0871 -0.0515 0.3224 -1.0289 -0.0217 0.2977 -1.0225 -0.0031 0.2794 -1.0381 0.0107 0.2637 -1.0739 0.0242 0.2464 -1.104 -0.0251 0.2938 -1.1037 -0.0116 0.28 -1.1102 0.0003 0.2671 -1.1209 0.0111 0.2551 -1.1243 -0.0058 0.2721
15.0 -1.1831 -0.0052 0.2656 -1.0854 -0.0507 0.3218 -1.0282 -0.021 0.2971 -1.0234 -0.0032 0.2794 -1.0391 0.0112 0.2631 -1.0749 0.0247 0.2458 -1.1032 -0.0244 0.2931 -1.1038 -0.011 0.2794 -1.1103 0.0009 0.2665 -1.1219 0.0116 0.2545 -1.1245 -0.0056 0.2718
16.0 -1.1831 -0.0052 0.2656 -1.0853 -0.0513 0.3224 -1.0272 -0.0214 0.2976 -1.0234 -0.0032 0.2794 -1.0392 0.0118 0.2625 -1.0749 0.0247 0.2458 -1.1031 -0.025 0.2937 -1.1037 -0.0116 0.28 -1.1102 0.0003 0.2671 -1.1227 0.0115 0.2545 -1.1246 -0.006 0.2722
17.0 -1.1823 -0.0051 0.2656 -1.0863 -0.0508 0.3218 -1.0282 -0.021 0.2971 -1.0226 -0.0025 0.2787 -1.0375 0.012 0.2624 -1.0741 0.0254 0.2451 -1.1032 -0.0244 0.2931 -1.1038 -0.011 0.2794 -1.1103 0.0009 0.2665 -1.122 0.0122 0.2539 -1.1243 -0.0055 0.2717
18.0 -1.1823 -0.0051 0.2656 -1.0864 -0.0502 0.3212 -1.0292 -0.0205 0.2965 -1.0226 -0.0025 0.2787 -1.0375 0.012 0.2624 -1.0732 0.0249 0.2457 -1.1041 -0.0245 0.2931 -1.1039 -0.0104 0.2788 -1.1103 0.0009 0.2665 -1.1219 0.0116 0.2545 -1.1245 -0.0055 0.2717
19.0 -1.1832 -0.0046 0.265 -1.0863 -0.0508 0.3218 -1.0283 -0.0204 0.2964 -1.0227 -0.0019 0.2781 -1.0385 0.0125 0.2619 -1.0742 0.026 0.2445 -1.1042 -0.0239 0.2925 -1.1039 -0.0104 0.2788 -1.1104 0.0015 0.2659 -1.122 0.0122 0.2539 -1.1248 -0.005 0.2712
20.0 -1.1824 -0.0045 0.2649 -1.0872 -0.0509 0.3218 -1.0282 -0.021 0.2971 -1.022 -0.0012 0.2775 -1.0377 0.0132 0.2612 -1.0741 0.0254 0.2451 -1.1032 -0.0244 0.2931 -1.1038 -0.011 0.2794 -1.1103 0.0009 0.2665 -1.1219 0.0116 0.2545 -1.1243 -0.0055 0.2717
20.0 -1.1232 0.2002 0.0616 -1.0742 0.106 0.1627 -1.0578 0.1027 0.1677 -1.0671 0.1008 0.1687 -1.0661 0.0949 0.1749 -1.0659 0.0986 0.1711 -1.0556 0.1555 0.1139 -1.0549 0.1617 0.1076 -1.0632 0.1637 0.1048 -1.0794 0.1609 0.1061 -1.0753 0.1684 0.0988
21.0 -1.1824 -0.0045 0.2649 -1.0854 -0.0507 0.3218 -1.0283 -0.0204 0.2964 -1.0219 -0.0018 0.2781 -1.0366 0.0121 0.2624 -1.0707 0.0258 0.245 -1.1032 -0.0244 0.2931 -1.1031 -0.0103 0.2787 -1.1095 0.0011 0.2665 -1.1203 0.0124 0.2538 -1.1237 -0.0051 0.2714
21.0 -1.1204 0.1987 0.0633 -1.0836 0.1047 0.1631 -1.0777 0.111 0.1572 -1.0934 0.1101 0.1566 -1.0861 0.0989 0.1688 -1.0684 0.0982 0.1712 -1.0583 0.1509 0.1184 -1.0587 0.1582 0.1109 -1.068 0.1612 0.1069 -1.0852 0.1589 0.1075 -1.0781 0.1656 0.1014
22.0 -1.1824 -0.0045 0.2649 -1.0854 -0.0507 0.3218 -1.0283 -0.0204 0.2964 -1.0219 -0.0018 0.2781 -1.0367 0.0127 0.2618 -1.0689 0.0255 0.2456 -1.1034 -0.0238 0.2925 -1.1031 -0.0103 0.2787 -1.1087 0.0018 0.2658 -1.1203 0.0124 0.2538 -1.1236 -0.0049 0.2712
22.0 -1.1226 0.2015 0.0603 -1.0809 0.1094 0.1586 -1.0791 0.1041 0.1641 -1.0953 0.1007 0.166 -1.0909 0.0958 0.1715 -1.0686 0.0994 0.17 -1.0565 0.1505 0.1189 -1.0577 0.1577 0.1115 -1.0673 0.1619 0.1062 -1.0847 0.1608 0.1056 -1.0778 0.1665 0.1005
23.0 -1.1848 -0.006 0.2663 -1.0862 -0.0514 0.3224 -1.0283 -0.0204 0.2964 -1.0219 -0.0018 0.2781 -1.0377 0.0132 0.2612 -1.069 0.0261 0.2449 -1.1051 -0.024 0.2925 -1.1039 -0.0104 0.2788 -1.1104 0.0015 0.2659 -1.121 0.0117 0.2544 -1.125 -0.0054 0.2716
23.0 -1.1224 0.2003 0.0615 -1.082 0.1001 0.168 -1.0619 0.1009 0.1691 -1.0719 0.0978 0.1714 -1.0721 0.0941 0.1751 -1.0722 0.0947 0.1745 -1.0576 0.1516 0.1177 -1.0579 0.1583 0.1109 -1.0662 0.1608 0.1074 -1.0824 0.158 0.1087 -1.0773 0.1658 0.1012
24.0 -1.1831 -0.0052 0.2656 -1.0854 -0.0507 0.3218 -1.0282 -0.021 0.2971 -1.0226 -0.0025 0.2787 -1.0375 0.012 0.2624 -1.0715 0.0251 0.2457 -1.1041 -0.0245 0.2931 -1.1038 -0.011 0.2794 -1.1102 0.0003 0.2671 -1.1218 0.011 0.2551 -1.1246 -0.0059 0.2721
24.0 -1.1218 0.2022 0.0596 -1.0752 0.0967 0.1721 -1.0804 0.1015 0.1667 -1.093 0.1077 0.1591 -1.0891 0.1058 0.1614 -1.083 0.1109 0.1568 -1.0577 0.1473 0.1221 -1.0577 0.1577 0.1115 -1.0667 0.1638 0.1043 -1.0828 0.1653 0.1012 -1.0774 0.1673 0.0997
25.0 -1.184 -0.0053 0.2656 -1.0854 -0.0507 0.3218 -1.0282 -0.021 0.2971 -1.0235 -0.0026 0.2788 -1.0374 0.0114 0.2631 -1.0716 0.0257 0.245 -1.104 -0.0251 0.2938 -1.1037 -0.0116 0.28 -1.1102 0.0003 0.2671 -1.1218 0.011 0.2551 -1.1247 -0.0061 0.2723
25.0 -1.1171 0.2004 0.0619 -1.0891 0.1107 0.1564 -1.0834 0.1084 0.1593 -1.0983 0.1027 0.1636 -1.0869 0.0933 0.1744 -1.0704 0.0992 0.17 -1.0584 0.1515 0.1177 -1.0585 0.157 0.1121 -1.067 0.1601 0.1081 -1.085 0.1577 0.1088 -1.0772 0.1653 0.1017
26.0 -1.182 -0.0069 0.2674 -1.0844 -0.0517 0.323 -1.0273 -0.0208 0.297 -1.0218 -0.0024 0.2787 -1.0374 0.0114 0.2631 -1.0707 0.0258 0.245 -1.1022 -0.0254 0.2943 -1.1028 -0.0121 0.2806 -1.1093 -0.0001 0.2677 -1.1208 0.0105 0.2557 -1.1234 -0.0068 0.2731
26.0 -1.1163 0.1956 0.0669 -1.0819 0.0946 0.1736 -1.0726 0.1117 0.157 -1.086 0.113 0.1544 -1.0878 0.1035 0.1639 -1.0786 0.1011 0.1672 -1.0584 0.1466 0.1227 -1.059 0.1551 0.114 -1.0677 0.1594 0.1087 -1.0824 0.158 0.1087 -1.0768 0.1629 0.1042
27.0 -1.1829 -0.0064 0.2668 -1.0844 -0.0517 0.323 -1.0273 -0.0208 0.297 -1.0218 -0.0024 0.2787 -1.0374 0.0114 0.2631 -1.0715 0.0251 0.2457 -1.1022 -0.0254 0.2943 -1.1029 -0.0115 0.28 -1.1094 0.0005 0.2671 -1.1209 0.0111 0.2551 -1.1236 -0.0064 0.2727
27.0 -1.0846 0.1602 0.1063 -1.0773 0.0885 0.1803 -1.0751 0.1163 0.1521 -1.0733 0.136 0.1321 -1.0686 0.1446 0.1238 -1.0616 0.1596 0.1091 -1.0627 0.1308 0.1385 -1.0598 0.1446 0.1247 -1.059 0.1551 0.114 -1.0601 0.161 0.1078 -1.0653 0.1503 0.1183
28.0 -1.1812 -0.0062 0.2668 -1.0852 -0.0519 0.323 -1.0279 -0.0227 0.2989 -1.0206 -0.004 0.2805 -1.0374 0.0114 0.2631 -1.0732 0.0249 0.2457 -1.1021 -0.026 0.2949 -1.1018 -0.0126 0.2812 -1.1083 -0.0006 0.2683 -1.12 0.0112 0.255 -1.1227 -0.0068 0.2732
28.0 -1.0817 0.1587 0.108 -1.0788 0.087 0.1816 -1.0877 0.1176 0.1495 -1.0867 0.1422 0.1245 -1.0805 0.1522 0.1149 -1.0668 0.1644 0.1037 -1.0626 0.1302 0.1391 -1.0608 0.1451 0.1241 -1.061 0.156 0.1128 -1.0614 0.1633 0.1054 -1.0655 0.1507 0.1179
29.0 -1.1812 -0.0062 0.2668 -1.0835 -0.0516 0.3229 -1.0271 -0.022 0.2983 -1.0215 -0.0042 0.2806 -1.0392 0.0118 0.2625 -1.0766 0.0244 0.2459 -1.1012 -0.0259 0.2949 -1.1018 -0.0126 0.2812 -1.1083 -0.0006 0.2683 -1.1208 0.0105 0.2557 -1.1227 -0.007 0.2734
29.0 -1.082 0.1556 0.1112 -1.078 0.0878 0.181 -1.0686 0.1141 0.155 -1.0591 0.1355 0.134 -1.0564 0.1499 0.1195 -1.049 0.1631 0.1068 -1.0606 0.1286 0.1409 -1.056 0.1427 0.127 -1.0545 0.1545 0.1151 -1.055 0.1623 0.107 -1.0616 0.1487 0.1202
30.0 -1.1811 -0.0068 0.2674 -1.0835 -0.0516 0.3229 -1.0262 -0.0225 0.2989 -1.0205 -0.0046 0.2811 -1.0362 0.0097 0.2649 -1.072 0.0232 0.2475 -1.1011 -0.0265 0.2955 -1.1008 -0.013 0.2818 -1.1073 -0.0011 0.2689 -1.1198 0.01 0.2563 -1.122 -0.0075 0.274
30.0 -1.1169 0.1992 0.0632 -1.0825 0.0933 0.1749 -1.0857 0.1112 0.1563 -1.0993 0.1136 0.1524 -1.0961 0.1055 0.161 -1.0845 0.1095 0.1581 -1.0608 0.1451 0.1241 -1.0618 0.1559 0.1129 -1.0707 0.1614 0.1064 -1.0865 0.1611 0.1051 -1.0794 0.1645 0.1023
31.0 -1.1811 -0.0068 0.2674 -1.0826 -0.0521 0.3235 -1.0242 -0.0235 0.3 -1.0196 -0.0045 0.2811 -1.0354 0.0098 0.2649 -1.0703 0.0235 0.2475 -1.1001 -0.027 0.2961 -1.0999 -0.0135 0.2823 -1.1064 -0.0016 0.2695 -1.118 0.0097 0.2568 -1.1211 -0.0078 0.2744
31.0 -1.1206 0.1999 0.0621 -1.0822 0.0915 0.1767 -1.0776 0.1 0.1684 -1.0874 0.1012 0.1663 -1.0859 0.0977 0.17 -1.0861 0.0989 0.1688 -1.0603 0.147 0.1222 -1.0626 0.1552 0.1135 -1.0721 0.1594 0.1083 -1.0877 0.1579 0.1083 -1.0806 0.1639 0.1029
32.0 -1.1799 -0.0085 0.2692 -1.0816 -0.0526 0.3241 -1.0251 -0.0236 0.3001 -1.0195 -0.0051 0.2817 -1.0374 0.0114 0.2631 -1.0729 0.0231 0.2476 -1.1 -0.0276 0.2967 -1.0998 -0.0141 0.283 -1.1063 -0.0022 0.2701 -1.1179 0.0091 0.2574 -1.1208 -0.0087 0.2753
32.0 -1.1202 0.203 0.0589 -1.0832 0.1023 0.1655 -1.079 0.098 0.1704 -1.0922 0.0981 0.169 -1.0887 0.0936 0.1739 -1.0836 0.0992 0.1687 -1.057 0.1486 0.1208 -1.0557 0.1561 0.1133 -1.0635 0.1606 0.108 -1.0819 0.1599 0.1068 -1.0757 0.1657 0.1016
33.0 -1.1791 -0.0083 0.2692 -1.0799 -0.0524 0.324 -1.0233 -0.024 0.3006 -1.0176 -0.0061 0.2829 -1.0355 0.0104 0.2642 -1.071 0.0227 0.2481 -1.0981 -0.0286 0.2979 -1.0979 -0.0145 0.2835 -1.1044 -0.0025 0.2707 -1.1162 0.0093 0.2574 -1.1192 -0.0089 0.2757
33.0 -1.1191 0.2013 0.0608 -1.0802 0.1003 0.1679 -1.0884 0.1016 0.1657 -1.0974 0.1029 0.1636 -1.0911 0.1019 0.1652 -1.0893 0.1217 0.1452 -1.0587 0.1478 0.1215 -1.0568 0.1572 0.1121 -1.0642 0.1642 0.1042 -1.0777 0.166 0.101 -1.0753 0.1673 0.0999
34.0 -1.1781 -0.0088 0.2698 -1.0789 -0.0528 0.3246 -1.0222 -0.025 0.3018 -1.0166 -0.0066 0.2835 -1.0337 0.0107 0.2642 -1.0674 0.022 0.2492 -1.0973 -0.0284 0.2979 -1.097 -0.015 0.2841 -1.1035 -0.003 0.2712 -1.1152 0.0088 0.258 -1.1182 -0.0093 0.2762
34.0 -1.1206 0.1999 0.0621 -1.0847 0.0954 0.1725 -1.0793 0.0998 0.1685 -1.0907 0.0995 0.1677 -1.0873 0.0957 0.1719 -1.0875 0.1018 0.1657 -1.0571 0.1492 0.1202 -1.0576 0.1571 0.1121 -1.0652 0.1603 0.108 -1.0808 0.1588 0.108 -1.0763 0.1651 0.1021
35.0 -1.1763 -0.0092 0.2703 -1.0779 -0.0533 0.3252 -1.0212 -0.0255 0.3024 -1.0149 -0.0063 0.2834 -1.0318 0.0097 0.2653 -1.0684 0.0225 0.2487 -1.0962 -0.0295 0.2991 -1.0959 -0.016 0.2853 -1.1015 -0.004 0.2724 -1.1142 0.0078 0.2592 -1.1168 -0.0102 0.2773
35.0 -1.0758 0.1553 0.1122 -1.0801 0.0893 0.1792 -1.0888 0.1291 0.1377 -1.0851 0.1479 0.1188 -1.0788 0.1573 0.1098 -1.0683 0.1679 0.1 -1.0635 0.1355 0.1336 -1.0615 0.1492 0.1197 -1.0607 0.1597 0.1091 -1.0591 0.1654 0.1034 -1.0641 0.153 0.1156
36.0 -1.1753 -0.0097 0.2709 -1.077 -0.0538 0.3258 -1.0178 -0.025 0.3023 -1.0131 -0.0067 0.284 -1.0317 0.0091 0.266 -1.0666 0.0227 0.2486 -1.0946 -0.0287 0.2984 -1.0943 -0.0152 0.2846 -1.1008 -0.0033 0.2718 -1.1124 0.008 0.2591 -1.1155 -0.0098 0.277
36.0 -1.1223 0.2046 0.0571 -1.0912 0.1074 0.1596 -1.0882 0.1004 0.167 -1.0989 0.0965 0.1699 -1.089 0.0899 0.1776 -1.0773 0.1037 0.1647 -1.0586 0.1527 0.1165 -1.0572 0.1596 0.1096 -1.0668 0.1644 0.1037 -1.0861 0.1636 0.1026 -1.0782 0.169 0.0979
37.0 -1.1735 -0.01 0.2715 -1.0743 -0.0541 0.3263 -1.0177 -0.0256 0.3029 -1.0114 -0.0065 0.2839 -1.0302 0.0105 0.2647 -1.0648 0.0224 0.2491 -1.0918 -0.0295 0.2995 -1.0925 -0.0156 0.2852 -1.099 -0.0036 0.2723 -1.1106 0.0076 0.2597 -1.1135 -0.0102 0.2776
37.0 -1.1168 0.1986 0.0638 -1.09 0.0959 0.1714 -1.0899 0.1051 0.1621 -1.1041 0.1007 0.1651 -1.0943 0.0953 0.1716 -1.0727 0.1178 0.1508 -1.0593 0.1465 0.1228 -1.0602 0.1567 0.1122 -1.0693 0.1635 0.1044 -1.0837 0.1652 0.1012 -1.0779 0.1661 0.1009
38.0 -1.1715 -0.0116 0.2733 -1.0715 -0.0549 0.3275 -1.0142 -0.0258 0.3034 -1.0087 -0.0067 0.2844 -1.0273 0.0091 0.2664 -1.0649 0.023 0.2485 -1.09 -0.0299 0.3001 -1.0905 -0.0165 0.2864 -1.0979 -0.0047 0.2735 -1.1104 0.0064 0.2609 -1.1121 -0.0113 0.2788
38.0 -1.1226 0.2064 0.0553 -1.0813 0.1014 0.1667 -1.0915 0.0994 0.1677 -1.1023 0.101 0.165 -1.0926 0.1005 0.1665 -1.0835 0.1237 0.1437 -1.0591 0.1502 0.119 -1.0598 0.1592 0.1097 -1.0697 0.1658 0.1019 -1.0858 0.1673 0.0988 -1.0794 0.1698 0.097
39.0 -1.1688 -0.0118 0.2738 -1.0669 -0.0561 0.3292 -1.0106 -0.0259 0.3039 -1.0061 -0.0064 0.2843 -1.0257 0.0099 0.2657 -1.062 0.0215 0.2503 -1.0863 -0.0306 0.3012 -1.087 -0.0167 0.2868 -1.0944 -0.0048 0.274 -1.1069 0.0063 0.2614 -1.1087 -0.0115 0.2794
39.0 -1.1209 0.2017 0.0602 -1.0869 0.0982 0.1694 -1.0898 0.0996 0.1677 -1.1007 0.0963 0.17 -1.0935 0.0906 0.1766 -1.0761 0.1118 0.1565 -1.0589 0.149 0.1203 -1.0577 0.1577 0.1115 -1.0657 0.1627 0.1055 -1.0824 0.1629 0.1037 -1.0771 0.1668 0.1002
40.0 -1.1617 -0.0121 0.2748 -1.0635 -0.0556 0.329 -1.0061 -0.0265 0.3049 -1.0024 -0.0077 0.2861 -1.023 0.0097 0.2663 -1.0582 0.0196 0.2526 -1.0817 -0.0318 0.3029 -1.0824 -0.0179 0.2885 -1.089 -0.0053 0.2751 -1.1006 0.0059 0.2624 -1.1031 -0.0122 0.2807
40.0 -1.106 0.1872 0.0765 -1.0823 0.0872 0.1811 -1.0942 0.1149 0.1516 -1.0973 0.1273 0.1386 -1.0933 0.1297 0.1366 -1.0808 0.1485 0.1186 -1.0655 0.142 0.1268 -1.0633 0.1545 0.1142 -1.0676 0.1637 0.1044 -1.0753 0.1675 0.0997 -1.0756 0.163 0.1043
41.0 -1.1558 -0.0156 0.2789 -1.0569 -0.0578 0.3319 -1.0015 -0.0277 0.3066 -0.996 -0.0087 0.2877 -1.0147 0.0077 0.2691 -1.0518 0.0186 0.2543 -1.0761 -0.0335 0.3052 -1.0768 -0.0196 0.2908 -1.0834 -0.007 0.2773 -1.0952 0.0048 0.2641 -1.0975 -0.0142 0.2833
41.0 -1.1194 0.2031 0.0589 -1.0843 0.1132 0.1543 -1.0944 0.1008 0.166 -1.1007 0.1018 0.1644 -1.0913 0.0982 0.169 -1.0745 0.1328 0.1352 -1.064 0.1532 0.1155 -1.0611 0.1615 0.1072 -1.0691 0.1672 0.1007 -1.0834 0.1683 0.0981 -1.0794 0.1707 0.0961
42.0 -1.1228 -0.0233 0.2901 -1.0267 -0.0647 0.342 -0.9711 -0.0352 0.3173 -0.9665 -0.0163 0.2984 -0.9834 -0.0003 0.2803 -1.0174 0.0129 0.2635 -1.0494 -0.0403 0.3147 -1.0495 -0.025 0.2991 -1.0553 -0.0118 0.285 -1.0661 -0.0004 0.2723 -1.0686 -0.0202 0.2923
42.0 -1.0801 0.1596 0.1073 -1.0807 0.0929 0.1754 -1.09 0.1258 0.1408 -1.0821 0.141 0.1262 -1.0737 0.1531 0.1146 -1.0696 0.1652 0.1026 -1.0662 0.1358 0.133 -1.0624 0.1491 0.1198 -1.0598 0.1592 0.1097 -1.0591 0.1654 0.1034 -1.0655 0.1538 0.1146
43.0 -1.0793 -0.0303 0.3015 -0.9767 -0.069 0.3513 -0.9225 -0.0415 0.3286 -0.9171 -0.0224 0.3096 -0.9345 -0.0083 0.2934 -0.9704 0.0058 0.2755 -1.0023 -0.048 0.3273 -1.003 -0.034 0.3129 -1.0096 -0.0215 0.2995 -1.0221 -0.0104 0.2868 -1.0233 -0.0288 0.3056
43.0 -1.1209 0.2121 0.0496 -1.0736 0.1275 0.1408 -1.0915 0.1092 0.1577 -1.0977 0.1095 0.1567 -1.0914 0.114 0.1527 -1.0883 0.1413 0.1251 -1.0716 0.1564 0.1114 -1.0706 0.1657 0.102 -1.0761 0.1723 0.0947 -1.0856 0.1759 0.0901 -1.085 0.1765 0.0895
44.0 -1.0696 -0.0308 0.303 -0.965 -0.0704 0.3539 -0.91 -0.0429 0.3312 -0.9071 -0.0242 0.3124 -0.9236 -0.0105 0.2968 -0.9634 0.0006 0.2814 -0.9923 -0.0503 0.3306 -0.9928 -0.0369 0.3169 -1.0002 -0.0251 0.3041 -1.0128 -0.0134 0.2908 -1.0135 -0.0313 0.3091
44.0 -1.0783 0.1543 0.1129 -1.0879 0.0938 0.1738 -1.0806 0.1277 0.1398 -1.0703 0.1493 0.1188 -1.0672 0.1613 0.1068 -1.0525 0.1731 0.0963 -1.0734 0.1317 0.1364 -1.0716 0.1467 0.1214 -1.0685 0.1587 0.1094 -1.0655 0.167 0.1012 -1.0715 0.1517 0.1163
45.0 -1.0559 -0.0332 0.3069 -0.9532 -0.0725 0.3572 -0.8999 -0.0452 0.3346 -0.8981 -0.0254 0.3145 -0.9146 -0.0117 0.2989 -0.9492 9.585e-05 0.2834 -0.9814 -0.0519 0.3333 -0.9829 -0.0387 0.3197 -0.9895 -0.0261 0.3062 -1.0012 -0.0143 0.2929 -1.0022 -0.0328 0.3118
45.0 -1.1182 0.2112 0.0507 -1.0821 0.1208 0.1468 -1.0951 0.1099 0.1566 -1.1031 0.11 0.1557 -1.095 0.1093 0.1573 -1.0838 0.1358 0.1312 -1.0667 0.1583 0.1099 -1.0647 0.1671 0.1011 -1.071 0.173 0.0945 -1.0827 0.1745 0.0918 -1.0806 0.1768 0.0896
46.0 -1.0448 -0.0366 0.3114 -0.9434 -0.073 0.3587 -0.8908 -0.047 0.3373 -0.8874 -0.0264 0.3166 -0.9048 -0.0122 0.3004 -0.9394 -0.0004 0.2849 -0.9707 -0.0529 0.3354 -0.9713 -0.0395 0.3217 -0.9779 -0.027 0.3082 -0.9895 -0.0157 0.2956 -0.9908 -0.0344 0.3145
47.0 -1.0356 -0.0391 0.3148 -0.931 -0.0738 0.3607 -0.8795 -0.0461 0.3375 -0.8776 -0.0269 0.3181 -0.8949 -0.0133 0.3025 -0.9304 -0.0016 0.287 -0.9599 -0.0545 0.3381 -0.9613 -0.0412 0.3244 -0.9688 -0.0288 0.311 -0.9821 -0.0178 0.2984 -0.9815 -0.0363 0.3174
48.0 -1.024 -0.0399 0.3169 -0.9175 -0.075 0.3633 -0.8687 -0.0477 0.3402 -0.8671 -0.0267 0.3189 -0.885 -0.0151 0.3052 -0.9212 -0.0041 0.2904 -0.9481 -0.0566 0.3414 -0.9504 -0.0434 0.3278 -0.9586 -0.0317 0.315 -0.9711 -0.0206 0.3023 -0.9704 -0.0384 0.3207
49.0 -1.0167 -0.0414 0.3191 -0.9061 -0.0753 0.3648 -0.8598 -0.0483 0.3417 -0.8544 -0.0286 0.3222 -0.8736 -0.0147 0.3061 -0.9094 -0.0061 0.2937 -0.9372 -0.0581 0.3441 -0.9388 -0.0443 0.3298 -0.9462 -0.0319 0.3164 -0.9596 -0.0209 0.3038 -0.9597 -0.0393 0.3226
50.0 -1.0003 -0.0447 0.3241 -0.8936 -0.0761 0.3668 -0.8471 -0.0503 0.345 -0.8463 -0.03 0.3244 -0.8661 -0.0174 0.3095 -0.9036 -0.009 0.2972 -0.9272 -0.0599 0.3469 -0.9295 -0.0467 0.3332 -0.9387 -0.0345 0.3198 -0.9513 -0.0228 0.3066 -0.9494 -0.0417 0.3261
51.0 -0.9921 -0.046 0.3263 -0.8829 -0.0771 0.3689 -0.8391 -0.051 0.3466 -0.8381 -0.0313 0.3265 -0.8562 -0.0185 0.3116 -0.8938 -0.0095 0.2987 -0.9159 -0.0595 0.3477 -0.9189 -0.0471 0.3347 -0.9279 -0.0361 0.3225 -0.942 -0.0258 0.3106 -0.9394 -0.0429 0.3283
52.0 -0.9794 -0.0486 0.3301 -0.8718 -0.0799 0.3728 -0.8299 -0.0528 0.3493 -0.829 -0.0332 0.3293 -0.8497 -0.0207 0.3145 -0.8862 -0.0128 0.3028 -0.9058 -0.0618 0.351 -0.9098 -0.0489 0.3374 -0.9205 -0.0382 0.3254 -0.9346 -0.0279 0.3134 -0.93 -0.0451 0.3315
53.0 -0.9675 -0.0512 0.334 -0.8613 -0.0797 0.3737 -0.8203 -0.0527 0.3502 -0.822 -0.0328 0.3297 -0.841 -0.0201 0.3148 -0.8781 -0.0141 0.305 -0.8969 -0.0625 0.3525 -0.9008 -0.0502 0.3396 -0.9115 -0.0394 0.3275 -0.9256 -0.0291 0.3156 -0.9204 -0.0465 0.3339
54.0 -0.9626 -0.0487 0.332 -0.8518 -0.079 0.3739 -0.8098 -0.0525 0.351 -0.8131 -0.0335 0.3312 -0.832 -0.0213 0.3169 -0.87 -0.0149 0.3065 -0.8887 -0.0638 0.3547 -0.8936 -0.051 0.3412 -0.9035 -0.0396 0.3284 -0.9169 -0.0285 0.3159 -0.9131 -0.0463 0.3344
55.0 -0.9508 -0.0508 0.3353 -0.8387 -0.0784 0.3746 -0.8003 -0.0513 0.3507 -0.8028 -0.0321 0.3308 -0.8251 -0.0204 0.3167 -0.8629 -0.0151 0.3075 -0.878 -0.0648 0.3568 -0.8847 -0.0517 0.3427 -0.8956 -0.0397 0.3294 -0.9098 -0.0288 0.3168 -0.9038 -0.0472 0.3362
56.0 -0.9393 -0.0511 0.3367 -0.8299 -0.0785 0.3756 -0.7885 -0.0485 0.349 -0.7917 -0.03 0.3297 -0.8174 -0.0188 0.3157 -0.8576 -0.0156 0.3086 -0.8668 -0.0633 0.3564 -0.875 -0.0516 0.3436 -0.8885 -0.04 0.3304 -0.9035 -0.0298 0.3185 -0.8946 -0.0471 0.3371
56.0 -1.0938 0.1779 0.0873 -1.0893 0.107 0.1602 -1.0897 0.1094 0.1577 -1.0766 0.1399 0.1278 -1.0712 0.1589 0.1089 -1.0577 0.1772 0.0915 -1.0888 0.1388 0.1277 -1.0842 0.1529 0.1137 -1.0785 0.1659 0.101 -1.0727 0.1777 0.0896 -1.0836 0.1626 0.1039
57.0 -0.9311 -0.053 0.3395 -0.8206 -0.076 0.3739 -0.7884 -0.0491 0.3496 -0.7917 -0.03 0.3297 -0.8105 -0.0184 0.3161 -0.8504 -0.0165 0.3102 -0.8607 -0.0631 0.3568 -0.8688 -0.052 0.3446 -0.8813 -0.0408 0.332 -0.8963 -0.0306 0.3201 -0.8876 -0.0479 0.3386
57.0 -1.093 0.178 0.0872 -1.0917 0.1104 0.1565 -1.0814 0.127 0.1405 -1.0785 0.1555 0.1117 -1.075 0.1706 0.0965 -1.0592 0.1862 0.0822 -1.0814 0.1423 0.1249 -1.0796 0.1572 0.1098 -1.0778 0.1715 0.0954 -1.0745 0.1829 0.084 -1.0813 0.1664 0.1003
58.0 -0.9206 -0.0528 0.3404 -0.8112 -0.0747 0.3736 -0.7883 -0.0496 0.3502 -0.7918 -0.0294 0.3291 -0.8034 -0.0187 0.3171 -0.8441 -0.0175 0.3118 -0.8542 -0.0653 0.3596 -0.8608 -0.0527 0.3462 -0.8718 -0.0401 0.3322 -0.8852 -0.0285 0.319 -0.8785 -0.0479 0.3395
58.0 -1.0951 0.1801 0.0848 -1.0902 0.1118 0.1552 -1.0768 0.1307 0.1372 -1.0738 0.1592 0.1084 -1.0738 0.1738 0.0934 -1.0552 0.1886 0.0802 -1.0809 0.1442 0.123 -1.0792 0.1597 0.1073 -1.0773 0.174 0.0929 -1.075 0.1859 0.0809 -1.0815 0.1688 0.0978
59.0 -0.9134 -0.0537 0.3419 -0.8005 -0.0702 0.37 -0.7871 -0.0562 0.357 -0.7912 -0.0329 0.3328 -0.7955 -0.0183 0.3174 -0.8364 -0.0158 0.3109 -0.8457 -0.0635 0.3587 -0.8521 -0.0521 0.3464 -0.8621 -0.0401 0.3331 -0.8771 -0.0299 0.3212 -0.8701 -0.0479 0.3403
60.0 -0.9112 -0.051 0.3394 -0.8172 -0.0652 0.3632 -0.7865 -0.0696 0.3708 -0.7901 -0.0395 0.3397 -0.7934 -0.0204 0.3198 -0.8285 -0.016 0.3118 -0.8438 -0.0639 0.3592 -0.8451 -0.0518 0.3468 -0.8533 -0.0401 0.334 -0.8673 -0.0304 0.3227 -0.8641 -0.0474 0.3404
61.0 -0.9043 -0.05 0.3391 -0.8112 -0.0643 0.363 -0.7846 -0.0705 0.3719 -0.7896 -0.0419 0.3421 -0.7933 -0.021 0.3204 -0.8215 -0.0157 0.3122 -0.8376 -0.0642 0.3602 -0.839 -0.0516 0.3472 -0.8472 -0.0399 0.3344 -0.8602 -0.0307 0.3236 -0.8577 -0.0473 0.3409
62.0 -0.8892 -0.0511 0.3416 -0.8058 -0.06 0.359 -0.7881 -0.0508 0.3515 -0.7914 -0.0317 0.3316 -0.7937 -0.0186 0.3179 -0.8156 -0.0142 0.3113 -0.8254 -0.0589 0.356 -0.829 -0.0484 0.3449 -0.8378 -0.038 0.3334 -0.8507 -0.03 0.3239 -0.8464 -0.0453 0.34
63.0 -0.8784 -0.0472 0.3387 -0.7875 -0.0593 0.3602 -0.7887 -0.0473 0.3477 -0.7912 -0.0329 0.3328 -0.7933 -0.021 0.3204 -0.8017 -0.013 0.3114 -0.8114 -0.0583 0.3567 -0.8168 -0.0474 0.3451 -0.8248 -0.0369 0.3335 -0.8369 -0.0281 0.3234 -0.8337 -0.0436 0.3395
63.0 -0.8784 -0.0472 0.3387 -0.7875 -0.0593 0.3602 -0.7887 -0.0473 0.3477 -0.7912 -0.0329 0.3328 -0.7933 -0.021 0.3204 -0.8017 -0.013 0.3114 -0.8114 -0.0583 0.3567 -0.8168 -0.0474 0.3451 -0.8248 -0.0369 0.3335 -0.8369 -0.0281 0.3234 -0.8337 -0.0436 0.3395
65.0 -1.1379 0.2385 0.0209 -1.092 0.1274 0.139 -1.0787 0.1616 0.1054 -1.1064 0.1493 0.1152 -1.0966 0.1433 0.1223 -1.1046 0.174 0.0902 -1.0644 0.1959 0.0718 -1.0788 0.2025 0.0636 -1.0946 0.2071 0.0573 -1.1118 0.2054 0.0574 -1.0975 0.2099 0.0542
66.0 -1.1387 0.2384 0.0209 -1.0888 0.1242 0.1427 -1.0828 0.1549 0.1118 -1.1048 0.1501 0.1145 -1.1038 0.1496 0.1151 -1.1113 0.1718 0.0917 -1.0628 0.1967 0.0711 -1.0759 0.2059 0.0603 -1.0943 0.2108 0.0536 -1.1143 0.2093 0.0531 -1.0972 0.2122 0.0518
66.0 -1.1387 0.2384 0.0209 -1.0888 0.1242 0.1427 -1.0828 0.1549 0.1118 -1.1048 0.1501 0.1145 -1.1038 0.1496 0.1151 -1.1113 0.1718 0.0917 -1.0628 0.1967 0.0711 -1.0759 0.2059 0.0603 -1.0943 0.2108 0.0536 -1.1143 0.2093 0.0531 -1.0972 0.2122 0.0518
68.0 -1.139 0.2347 0.0247 -1.093 0.1279 0.1384 -1.0988 0.1357 0.1299 -1.1097 0.1378 0.1266 -1.0952 0.1655 0.0998 -1.0811 0.2058 0.0599 -1.0761 0.1974 0.0691 -1.089 0.2054 0.0596 -1.1042 0.2119 0.0514 -1.1195 0.2141 0.0477 -1.1056 0.2127 0.0505
68.0 -1.139 0.2347 0.0247 -1.093 0.1279 0.1384 -1.0988 0.1357 0.1299 -1.1097 0.1378 0.1266 -1.0952 0.1655 0.0998 -1.0811 0.2058 0.0599 -1.0761 0.1974 0.0691 -1.089 0.2054 0.0596 -1.1042 0.2119 0.0514 -1.1195 0.2141 0.0477 -1.1056 0.2127 0.0505
68.0 -1.139 0.2347 0.0247 -1.093 0.1279 0.1384 -1.0988 0.1357 0.1299 -1.1097 0.1378 0.1266 -1.0952 0.1655 0.0998 -1.0811 0.2058 0.0599 -1.0761 0.1974 0.0691 -1.089 0.2054 0.0596 -1.1042 0.2119 0.0514 -1.1195 0.2141 0.0477 -1.1056 0.2127 0.0505
68.0 -1.139 0.2347 0.0247 -1.093 0.1279 0.1384 -1.0988 0.1357 0.1299 -1.1097 0.1378 0.1266 -1.0952 0.1655 0.0998 -1.0811 0.2058 0.0599 -1.0761 0.1974 0.0691 -1.089 0.2054 0.0596 -1.1042 0.2119 0.0514 -1.1195 0.2141 0.0477 -1.1056 0.2127 0.0505
68.0 -1.139 0.2347 0.0247 -1.093 0.1279 0.1384 -1.0988 0.1357 0.1299 -1.1097 0.1378 0.1266 -1.0952 0.1655 0.0998 -1.0811 0.2058 0.0599 -1.0761 0.1974 0.0691 -1.089 0.2054 0.0596 -1.1042 0.2119 0.0514 -1.1195 0.2141 0.0477 -1.1056 0.2127 0.0505
68.0 -1.139 0.2347 0.0247 -1.093 0.1279 0.1384 -1.0988 0.1357 0.1299 -1.1097 0.1378 0.1266 -1.0952 0.1655 0.0998 -1.0811 0.2058 0.0599 -1.0761 0.1974 0.0691 -1.089 0.2054 0.0596 -1.1042 0.2119 0.0514 -1.1195 0.2141 0.0477 -1.1056 0.2127 0.0505
74.0 -1.1333 0.2324 0.0276 -1.0878 0.1286 0.1382 -1.0991 0.1429 0.1224 -1.1069 0.1523 0.1121 -1.0989 0.1668 0.0981 -1.0878 0.2037 0.0614 -1.0764 0.1937 0.0729 -1.0859 0.2028 0.0626 -1.0986 0.2102 0.0537 -1.1114 0.2128 0.0499 -1.1011 0.2104 0.0533
74.0 -1.1333 0.2324 0.0276 -1.0878 0.1286 0.1382 -1.0991 0.1429 0.1224 -1.1069 0.1523 0.1121 -1.0989 0.1668 0.0981 -1.0878 0.2037 0.0614 -1.0764 0.1937 0.0729 -1.0859 0.2028 0.0626 -1.0986 0.2102 0.0537 -1.1114 0.2128 0.0499 -1.1011 0.2104 0.0533
76.0 -1.1349 0.2365 0.0233 -1.092 0.1274 0.139 -1.0971 0.1463 0.1192 -1.1099 0.1488 0.1154 -1.104 0.1704 0.0939 -1.0911 0.2027 0.0622 -1.0733 0.1965 0.0702 -1.0861 0.2039 0.0614 -1.1003 0.21 0.0538 -1.1147 0.2117 0.0506 -1.1019 0.2117 0.0519
76.0 -1.1349 0.2365 0.0233 -1.092 0.1274 0.139 -1.0971 0.1463 0.1192 -1.1099 0.1488 0.1154 -1.104 0.1704 0.0939 -1.0911 0.2027 0.0622 -1.0733 0.1965 0.0702 -1.0861 0.2039 0.0614 -1.1003 0.21 0.0538 -1.1147 0.2117 0.0506 -1.1019 0.2117 0.0519
78.0 -1.1441 0.2389 0.0199 -1.0938 0.1278 0.1385 -1.1003 0.1397 0.1256 -1.111 0.1456 0.1185 -1.1067 0.1712 0.0928 -1.1017 0.2025 0.0613 -1.0746 0.1939 0.0728 -1.0859 0.2028 0.0626 -1.1003 0.21 0.0538 -1.1174 0.2119 0.0501 -1.1045 0.2115 0.0518
79.0 -1.1415 0.2392 0.0198 -1.0941 0.129 0.1372 -1.0989 0.1417 0.1237 -1.1052 0.1525 0.1121 -1.1005 0.1708 0.0938 -1.0952 0.2009 0.0636 -1.0774 0.1996 0.0666 -1.0903 0.2077 0.0572 -1.1072 0.2139 0.0491 -1.126 0.2157 0.0454 -1.1085 0.2152 0.0476
80.0 -1.1037 0.1942 0.0695 -1.0941 0.129 0.1372 -1.1102 0.0907 0.1747 -1.1401 0.1008 0.1615 -1.1475 0.1077 0.1537 -1.1344 0.1131 0.1494 -1.0816 0.138 0.1293 -1.0894 0.1375 0.1289 -1.0967 0.139 0.1267 -1.1016 0.142 0.1232 -1.0946 0.1501 0.1155
81.0 -1.143 0.2378 0.0211 -1.0957 0.1281 0.1379 -1.1022 0.1352 0.1301 -1.1126 0.1393 0.1248 -1.1018 0.1682 0.0963 -1.091 0.2069 0.0578 -1.0796 0.1969 0.0692 -1.0908 0.2058 0.059 -1.1052 0.2124 0.0509 -1.1206 0.2152 0.0465 -1.1078 0.2136 0.0493
81.0 -1.143 0.2378 0.0211 -1.0957 0.1281 0.1379 -1.1022 0.1352 0.1301 -1.1126 0.1393 0.1248 -1.1018 0.1682 0.0963 -1.091 0.2069 0.0578 -1.0796 0.1969 0.0692 -1.0908 0.2058 0.059 -1.1052 0.2124 0.0509 -1.1206 0.2152 0.0465 -1.1078 0.2136 0.0493
81.0 -1.143 0.2378 0.0211 -1.0957 0.1281 0.1379 -1.1022 0.1352 0.1301 -1.1126 0.1393 0.1248 -1.1018 0.1682 0.0963 -1.091 0.2069 0.0578 -1.0796 0.1969 0.0692 -1.0908 0.2058 0.059 -1.1052 0.2124 0.0509 -1.1206 0.2152 0.0465 -1.1078 0.2136 0.0493
81.0 -1.143 0.2378 0.0211 -1.0957 0.1281 0.1379 -1.1022 0.1352 0.1301 -1.1126 0.1393 0.1248 -1.1018 0.1682 0.0963 -1.091 0.2069 0.0578 -1.0796 0.1969 0.0692 -1.0908 0.2058 0.059 -1.1052 0.2124 0.0509 -1.1206 0.2152 0.0465 -1.1078 0.2136 0.0493
81.0 -1.143 0.2378 0.0211 -1.0957 0.1281 0.1379 -1.1022 0.1352 0.1301 -1.1126 0.1393 0.1248 -1.1018 0.1682 0.0963 -1.091 0.2069 0.0578 -1.0796 0.1969 0.0692 -1.0908 0.2058 0.059 -1.1052 0.2124 0.0509 -1.1206 0.2152 0.0465 -1.1078 0.2136 0.0493
86.0 -1.1142 0.2087 0.0537 -1.0928 0.1267 0.1397 -1.0992 0.138 0.1274 -1.1028 0.1589 0.1057 -1.1057 0.1702 0.094 -1.0963 0.1971 0.0674 -1.0854 0.1802 0.0857 -1.0928 0.192 0.0729 -1.0999 0.2027 0.0613 -1.1068 0.2115 0.0515 -1.0998 0.199 0.065
87.0 -1.1341 0.2268 0.0332 -1.0937 0.1272 0.1391 -1.0914 0.1336 0.1328 -1.1083 0.1448 0.1197 -1.113 0.1569 0.1067 -1.1028 0.1889 0.0751 -1.0781 0.1885 0.0779 -1.0905 0.1991 0.0659 -1.1059 0.2068 0.0565 -1.1219 0.2126 0.049 -1.1061 0.2067 0.0565
87.0 -1.1341 0.2268 0.0332 -1.0937 0.1272 0.1391 -1.0914 0.1336 0.1328 -1.1083 0.1448 0.1197 -1.113 0.1569 0.1067 -1.1028 0.1889 0.0751 -1.0781 0.1885 0.0779 -1.0905 0.1991 0.0659 -1.1059 0.2068 0.0565 -1.1219 0.2126 0.049 -1.1061 0.2067 0.0565
89.0 -1.1334 0.2232 0.037 -1.0927 0.1261 0.1403 -1.1012 0.1396 0.1256 -1.1111 0.1511 0.1129 -1.1072 0.1638 0.1003 -1.1019 0.1988 0.0651 -1.0867 0.1874 0.0782 -1.0957 0.1984 0.0661 -1.1087 0.2076 0.0554 -1.1213 0.2139 0.0477 -1.1092 0.2061 0.0569
90.0 -1.1433 0.239 0.0199 -1.0974 0.1279 0.138 -1.1055 0.139 0.1258 -1.1134 0.1587 0.1049 -1.1284 0.1744 0.0874 -1.1379 0.1884 0.0721 -1.0786 0.1964 0.0698 -1.0916 0.205 0.0597 -1.1109 0.2098 0.053 -1.1287 0.211 0.0499 -1.1106 0.2122 0.0504
91.0 -1.1478 0.2396 0.0188 -1.0965 0.128 0.138 -1.1013 0.1353 0.13 -1.1089 0.1435 0.121 -1.0969 0.1555 0.1099 -1.0889 0.1999 0.0652 -1.0774 0.1996 0.0666 -1.0887 0.2091 0.0558 -1.1067 0.2164 0.0466 -1.1283 0.219 0.0418 -1.1098 0.2168 0.0459
92.0 -1.1459 0.2392 0.0193 -1.1008 0.1274 0.1381 -1.1036 0.1332 0.132 -1.1138 0.1465 0.1174 -1.1246 0.1676 0.0947 -1.1394 0.1919 0.0684 -1.0799 0.1938 0.0724 -1.0919 0.2019 0.0628 -1.1113 0.2073 0.0555 -1.1328 0.2093 0.0513 -1.1124 0.2103 0.0523
93.0 -1.143 0.2323 0.0267 -1.0988 0.121 0.1449 -1.0892 0.1363 0.1302 -1.1107 0.1487 0.1154 -1.1232 0.1598 0.1028 -1.1304 0.176 0.0856 -1.0693 0.1885 0.0788 -1.0858 0.1973 0.0682 -1.1063 0.2037 0.0596 -1.1286 0.2055 0.0555 -1.1066 0.2055 0.0578
94.0 -1.1478 0.2396 0.0188 -1.1017 0.1273 0.1382 -1.1008 0.1372 0.1281 -1.1173 0.146 0.1175 -1.1295 0.1804 0.0812 -1.137 0.2032 0.0571 -1.0768 0.196 0.0704 -1.095 0.2046 0.0598 -1.1189 0.2105 0.0514 -1.1422 0.2129 0.0467 -1.1161 0.2127 0.0494
95.0 -1.1416 0.2343 0.0248 -1.0985 0.1241 0.1418 -1.1053 0.1378 0.1271 -1.1141 0.1428 0.1212 -1.109 0.1538 0.1103 -1.1024 0.1914 0.0726 -1.0784 0.1952 0.0711 -1.0904 0.2034 0.0615 -1.1081 0.2089 0.0541 -1.1269 0.2107 0.0505 -1.1091 0.2105 0.0524
96.0 -1.1415 0.2337 0.0254 -1.0996 0.1203 0.1456 -1.0908 0.1355 0.1309 -1.1099 0.1439 0.1204 -1.1141 0.158 0.1055 -1.1128 0.1857 0.0774 -1.0712 0.1895 0.0776 -1.0869 0.1983 0.067 -1.1065 0.2049 0.0584 -1.1272 0.2076 0.0536 -1.1066 0.2068 0.0564
97.0 -1.1441 0.234 0.0249 -1.1006 0.1214 0.1444 -1.0977 0.1297 0.1361 -1.1167 0.1375 0.1262 -1.1151 0.1487 0.1149 -1.1053 0.183 0.0808 -1.0732 0.1904 0.0765 -1.0863 0.2003 0.0651 -1.1053 0.2081 0.0552 -1.1261 0.2114 0.0498 -1.107 0.2088 0.0543
98.0 -1.141 0.2313 0.0279 -1.1002 0.119 0.1468 -1.0977 0.1395 0.1261 -1.1132 0.1527 0.1111 -1.1197 0.1646 0.0983 -1.122 0.1777 0.0846 -1.0712 0.184 0.0833 -1.0843 0.1938 0.0719 -1.1004 0.2002 0.0638 -1.1183 0.202 0.0601 -1.103 0.2023 0.0614
98.0 -1.141 0.2313 0.0279 -1.1002 0.119 0.1468 -1.0977 0.1395 0.1261 -1.1132 0.1527 0.1111 -1.1197 0.1646 0.0983 -1.122 0.1777 0.0846 -1.0712 0.184 0.0833 -1.0843 0.1938 0.0719 -1.1004 0.2002 0.0638 -1.1183 0.202 0.0601 -1.103 0.2023 0.0614
98.0 -1.141 0.2313 0.0279 -1.1002 0.119 0.1468 -1.0977 0.1395 0.1261 -1.1132 0.1527 0.1111 -1.1197 0.1646 0.0983 -1.122 0.1777 0.0846 -1.0712 0.184 0.0833 -1.0843 0.1938 0.0719 -1.1004 0.2002 0.0638 -1.1183 0.202 0.0601 -1.103 0.2023 0.0614
101.0 -1.1439 0.2328 0.0261 -1.1011 0.1237 0.1419 -1.0962 0.1311 0.1348 -1.1117 0.1394 0.1248 -1.1106 0.153 0.111 -1.1063 0.189 0.0746 -1.0793 0.1902 0.0761 -1.0924 0.2 0.0647 -1.1115 0.2085 0.0542 -1.1325 0.2129 0.0475 -1.1119 0.2089 0.0537
101.0 -1.1439 0.2328 0.0261 -1.1011 0.1237 0.1419 -1.0962 0.1311 0.1348 -1.1117 0.1394 0.1248 -1.1106 0.153 0.111 -1.1063 0.189 0.0746 -1.0793 0.1902 0.0761 -1.0924 0.2 0.0647 -1.1115 0.2085 0.0542 -1.1325 0.2129 0.0475 -1.1119 0.2089 0.0537
101.0 -1.1439 0.2328 0.0261 -1.1011 0.1237 0.1419 -1.0962 0.1311 0.1348 -1.1117 0.1394 0.1248 -1.1106 0.153 0.111 -1.1063 0.189 0.0746 -1.0793 0.1902 0.0761 -1.0924 0.2 0.0647 -1.1115 0.2085 0.0542 -1.1325 0.2129 0.0475 -1.1119 0.2089 0.0537
101.0 -1.1439 0.2328 0.0261 -1.1011 0.1237 0.1419 -1.0962 0.1311 0.1348 -1.1117 0.1394 0.1248 -1.1106 0.153 0.111 -1.1063 0.189 0.0746 -1.0793 0.1902 0.0761 -1.0924 0.2 0.0647 -1.1115 0.2085 0.0542 -1.1325 0.2129 0.0475 -1.1119 0.2089 0.0537
101.0 -1.1439 0.2328 0.0261 -1.1011 0.1237 0.1419 -1.0962 0.1311 0.1348 -1.1117 0.1394 0.1248 -1.1106 0.153 0.111 -1.1063 0.189 0.0746 -1.0793 0.1902 0.0761 -1.0924 0.2 0.0647 -1.1115 0.2085 0.0542 -1.1325 0.2129 0.0475 -1.1119 0.2089 0.0537
101.0 -1.1439 0.2328 0.0261 -1.1011 0.1237 0.1419 -1.0962 0.1311 0.1348 -1.1117 0.1394 0.1248 -1.1106 0.153 0.111 -1.1063 0.189 0.0746 -1.0793 0.1902 0.0761 -1.0924 0.2 0.0647 -1.1115 0.2085 0.0542 -1.1325 0.2129 0.0475 -1.1119 0.2089 0.0537
101.0 -1.1439 0.2328 0.0261 -1.1011 0.1237 0.1419 -1.0962 0.1311 0.1348 -1.1117 0.1394 0.1248 -1.1106 0.153 0.111 -1.1063 0.189 0.0746 -1.0793 0.1902 0.0761 -1.0924 0.2 0.0647 -1.1115 0.2085 0.0542 -1.1325 0.2129 0.0475 -1.1119 0.2089 0.0537
108.0 -1.1408 0.2302 0.0291 -1.1013 0.12 0.1456 -1.0983 0.1382 0.1274 -1.1111 0.1511 0.1129 -1.1177 0.1636 0.0994 -1.1228 0.1776 0.0846 -1.0721 0.1845 0.0827 -1.0835 0.1939 0.0719 -1.1005 0.2008 0.0632 -1.1194 0.2031 0.0589 -1.1032 0.2025 0.0612
108.0 -1.1408 0.2302 0.0291 -1.1013 0.12 0.1456 -1.0983 0.1382 0.1274 -1.1111 0.1511 0.1129 -1.1177 0.1636 0.0994 -1.1228 0.1776 0.0846 -1.0721 0.1845 0.0827 -1.0835 0.1939 0.0719 -1.1005 0.2008 0.0632 -1.1194 0.2031 0.0589 -1.1032 0.2025 0.0612
108.0 -1.1408 0.2302 0.0291 -1.1013 0.12 0.1456 -1.0983 0.1382 0.1274 -1.1111 0.1511 0.1129 -1.1177 0.1636 0.0994 -1.1228 0.1776 0.0846 -1.0721 0.1845 0.0827 -1.0835 0.1939 0.0719 -1.1005 0.2008 0.0632 -1.1194 0.2031 0.0589 -1.1032 0.2025 0.0612
111.0 -1.145 0.2388 0.0199 -1.1053 0.1281 0.137 -1.1056 0.1347 0.1302 -1.1145 0.1451 0.1187 -1.1257 0.1638 0.0985 -1.1213 0.1839 0.0783 -1.0806 0.1925 0.0736 -1.0884 0.2018 0.0633 -1.1042 0.207 0.0564 -1.1228 0.2075 0.054 -1.1082 0.2095 0.0535
112.0 -1.148 0.2408 0.0175 -1.1005 0.1257 0.14 -1.1038 0.1393 0.1257 -1.1156 0.1566 0.1068 -1.1258 0.1845 0.0773 -1.1297 0.2121 0.0487 -1.0773 0.199 0.0673 -1.0957 0.2088 0.0555 -1.119 0.216 0.0458 -1.1442 0.2193 0.0399 -1.1168 0.2168 0.0452
113.0 -1.1433 0.239 0.0199 -1.1018 0.1279 0.1375 -1.1019 0.1383 0.1269 -1.1127 0.1448 0.1192 -1.1123 0.1528 0.1111 -1.1186 0.1837 0.0789 -1.0787 0.197 0.0692 -1.0898 0.2053 0.0596 -1.1084 0.2107 0.0522 -1.1279 0.2117 0.0492 -1.1096 0.2127 0.05
113.0 -1.1433 0.239 0.0199 -1.1018 0.1279 0.1375 -1.1019 0.1383 0.1269 -1.1127 0.1448 0.1192 -1.1123 0.1528 0.1111 -1.1186 0.1837 0.0789 -1.0787 0.197 0.0692 -1.0898 0.2053 0.0596 -1.1084 0.2107 0.0522 -1.1279 0.2117 0.0492 -1.1096 0.2127 0.05
115.0 -1.1483 0.2426 0.0157 -1.1004 0.1299 0.1356 -1.1061 0.1377 0.1271 -1.1132 0.1429 0.1211 -1.1055 0.1592 0.1052 -1.0978 0.1956 0.0687 -1.0797 0.1975 0.0686 -1.0916 0.205 0.0597 -1.1084 0.2107 0.0522 -1.1271 0.2119 0.0492 -1.111 0.2135 0.0491
115.0 -1.1483 0.2426 0.0157 -1.1004 0.1299 0.1356 -1.1061 0.1377 0.1271 -1.1132 0.1429 0.1211 -1.1055 0.1592 0.1052 -1.0978 0.1956 0.0687 -1.0797 0.1975 0.0686 -1.0916 0.205 0.0597 -1.1084 0.2107 0.0522 -1.1271 0.2119 0.0492 -1.111 0.2135 0.0491
117.0 -1.1469 0.2397 0.0188 -1.1024 0.1315 0.1338 -1.1034 0.1369 0.1282 -1.1164 0.1357 0.1281 -1.1086 0.1417 0.1228 -1.101 0.1836 0.0807 -1.0789 0.1933 0.073 -1.091 0.2021 0.0628 -1.1079 0.2077 0.0553 -1.1266 0.2095 0.0517 -1.1103 0.2105 0.0523
118.0 -1.144 0.2383 0.0205 -1.1014 0.1255 0.14 -1.0914 0.1391 0.1271 -1.1108 0.1444 0.1198 -1.1173 0.1509 0.1125 -1.1126 0.1845 0.0786 -1.0723 0.1954 0.0714 -1.0847 0.206 0.0594 -1.1044 0.2131 0.0502 -1.1259 0.2151 0.046 -1.1062 0.2136 0.0495
119.0 -1.1362 0.2289 0.0308 -1.0983 0.1229 0.143 -1.1017 0.1023 0.1638 -1.1316 0.1074 0.1556 -1.145 0.1135 0.148 -1.1396 0.1277 0.134 -1.0728 0.1734 0.0939 -1.0848 0.1766 0.0894 -1.1001 0.1782 0.0863 -1.1176 0.1777 0.0851 -1.1023 0.187 0.0771
120.0 -1.1396 0.2334 0.026 -1.097 0.1255 0.1405 -1.0894 0.1278 0.1389 -1.1045 0.1434 0.1214 -1.1118 0.1602 0.1036 -1.1111 0.1859 0.0773 -1.0732 0.1904 0.0765 -1.0874 0.2013 0.0639 -1.1062 0.2086 0.0546 -1.1245 0.2122 0.0491 -1.1062 0.2092 0.054
120.0 -1.1396 0.2334 0.026 -1.097 0.1255 0.1405 -1.0894 0.1278 0.1389 -1.1045 0.1434 0.1214 -1.1118 0.1602 0.1036 -1.1111 0.1859 0.0773 -1.0732 0.1904 0.0765 -1.0874 0.2013 0.0639 -1.1062 0.2086 0.0546 -1.1245 0.2122 0.0491 -1.1062 0.2092 0.054
120.0 -1.1396 0.2334 0.026 -1.097 0.1255 0.1405 -1.0894 0.1278 0.1389 -1.1045 0.1434 0.1214 -1.1118 0.1602 0.1036 -1.1111 0.1859 0.0773 -1.0732 0.1904 0.0765 -1.0874 0.2013 0.0639 -1.1062 0.2086 0.0546 -1.1245 0.2122 0.0491 -1.1062 0.2092 0.054
123.0 -1.1135 0.21 0.0524 -1.097 0.1255 0.1405 -1.1011 0.1292 0.1363 -1.1065 0.1499 0.1146 -1.1084 0.1655 0.0984 -1.0999 0.1874 0.0769 -1.0862 0.1795 0.0863 -1.0894 0.1925 0.0727 -1.0956 0.2033 0.0611 -1.1012 0.2098 0.0538 -1.0972 0.199 0.0653
123.0 -1.1135 0.21 0.0524 -1.097 0.1255 0.1405 -1.1011 0.1292 0.1363 -1.1065 0.1499 0.1146 -1.1084 0.1655 0.0984 -1.0999 0.1874 0.0769 -1.0862 0.1795 0.0863 -1.0894 0.1925 0.0727 -1.0956 0.2033 0.0611 -1.1012 0.2098 0.0538 -1.0972 0.199 0.0653
123.0 -1.1135 0.21 0.0524 -1.097 0.1255 0.1405 -1.1011 0.1292 0.1363 -1.1065 0.1499 0.1146 -1.1084 0.1655 0.0984 -1.0999 0.1874 0.0769 -1.0862 0.1795 0.0863 -1.0894 0.1925 0.0727 -1.0956 0.2033 0.0611 -1.1012 0.2098 0.0538 -1.0972 0.199 0.0653
126.0 -1.1476 0.2439 0.0144 -1.1045 0.1282 0.137 -1.1027 0.1382 0.127 -1.1173 0.146 0.1175 -1.1149 0.1573 0.1062 -1.1168 0.1937 0.0688 -1.0736 0.1977 0.069 -1.0884 0.2073 0.0577 -1.11 0.2148 0.0479 -1.1359 0.2174 0.0427 -1.1111 0.2162 0.0463
127.0 -1.1446 0.2364 0.0224 -1.1004 0.1251 0.1406 -1.1 0.1379 0.1275 -1.1139 0.147 0.1168 -1.117 0.1595 0.1038 -1.1166 0.1772 0.0857 -1.0743 0.1921 0.0746 -1.0847 0.2011 0.0644 -1.0989 0.2065 0.0575 -1.1166 0.2072 0.055 -1.1038 0.2086 0.0548
127.0 -1.1446 0.2364 0.0224 -1.1004 0.1251 0.1406 -1.1 0.1379 0.1275 -1.1139 0.147 0.1168 -1.117 0.1595 0.1038 -1.1166 0.1772 0.0857 -1.0743 0.1921 0.0746 -1.0847 0.2011 0.0644 -1.0989 0.2065 0.0575 -1.1166 0.2072 0.055 -1.1038 0.2086 0.0548
129.0 -1.151 0.2428 0.0152 -1.1047 0.1294 0.1358 -1.106 0.142 0.1227 -1.1168 0.1485 0.115 -1.1158 0.1676 0.0956 -1.1099 0.1995 0.0635 -1.0797 0.1975 0.0686 -1.0937 0.2072 0.0573 -1.1116 0.2139 0.0486 -1.1332 0.2165 0.0438 -1.1138 0.2156 0.0467
130.0 -1.1534 0.2419 0.0159 -1.1047 0.1294 0.1358 -1.1086 0.1319 0.1328 -1.1168 0.1381 0.1256 -1.1044 0.1581 0.1064 -1.0952 0.2009 0.0636 -1.0845 0.195 0.0707 -1.0932 0.2042 0.0604 -1.1096 0.2124 0.0504 -1.1305 0.2163 0.0443 -1.1142 0.214 0.0483
131.0 -1.1449 0.2382 0.0205 -1.1021 0.1248 0.1407 -1.0957 0.1385 0.1273 -1.1137 0.1459 0.118 -1.1163 0.1553 0.1081 -1.116 0.1791 0.0838 -1.0725 0.1917 0.0752 -1.0829 0.2007 0.065 -1.099 0.2071 0.0569 -1.1195 0.2086 0.0533 -1.1037 0.2093 0.0542
132.0 -1.1526 0.242 0.0159 -1.1055 0.1292 0.1358 -1.1097 0.1378 0.1266 -1.1181 0.1404 0.1232 -1.1139 0.1617 0.1018 -1.112 0.2011 0.0617 -1.0827 0.1995 0.0662 -1.0956 0.2082 0.0561 -1.1143 0.2142 0.0481 -1.1358 0.2168 0.0433 -1.1162 0.2161 0.0459
133.0 -1.1496 0.24 0.0182 -1.1055 0.1238 0.1414 -1.1087 0.1471 0.1172 -1.1199 0.1456 0.1176 -1.1204 0.1688 0.0939 -1.1154 0.2104 0.0519 -1.0815 0.1978 0.0681 -1.0946 0.2071 0.0573 -1.1118 0.2151 0.0474 -1.1318 0.2186 0.0419 -1.1138 0.2157 0.0466
133.0 -1.1496 0.24 0.0182 -1.1055 0.1238 0.1414 -1.1087 0.1471 0.1172 -1.1199 0.1456 0.1176 -1.1204 0.1688 0.0939 -1.1154 0.2104 0.0519 -1.0815 0.1978 0.0681 -1.0946 0.2071 0.0573 -1.1118 0.2151 0.0474 -1.1318 0.2186 0.0419 -1.1138 0.2157 0.0466
135.0 -1.1504 0.2399 0.0183 -1.1095 0.1269 0.1378 -1.1134 0.1337 0.1305 -1.1173 0.1362 0.1275 -1.1091 0.1446 0.1197 -1.1042 0.182 0.082 -1.0832 0.1927 0.0731 -1.0907 0.2003 0.0647 -1.1039 0.2052 0.0583 -1.1206 0.2054 0.0565 -1.1098 0.2087 0.0542
136.0 -1.1504 0.2399 0.0183 -1.1107 0.1286 0.136 -1.1108 0.134 0.1304 -1.1191 0.1311 0.1326 -1.107 0.1327 0.1321 -1.0991 0.1778 0.0868 -1.0832 0.1927 0.0731 -1.0905 0.1991 0.0659 -1.1053 0.2032 0.0602 -1.1212 0.2035 0.0584 -1.1101 0.2077 0.0552
136.0 -1.1504 0.2399 0.0183 -1.1107 0.1286 0.136 -1.1108 0.134 0.1304 -1.1191 0.1311 0.1326 -1.107 0.1327 0.1321 -1.0991 0.1778 0.0868 -1.0832 0.1927 0.0731 -1.0905 0.1991 0.0659 -1.1053 0.2032 0.0602 -1.1212 0.2035 0.0584 -1.1101 0.2077 0.0552
136.0 -1.1504 0.2399 0.0183 -1.1107 0.1286 0.136 -1.1108 0.134 0.1304 -1.1191 0.1311 0.1326 -1.107 0.1327 0.1321 -1.0991 0.1778 0.0868 -1.0832 0.1927 0.0731 -1.0905 0.1991 0.0659 -1.1053 0.2032 0.0602 -1.1212 0.2035 0.0584 -1.1101 0.2077 0.0552
136.0 -1.1504 0.2399 0.0183 -1.1107 0.1286 0.136 -1.1108 0.134 0.1304 -1.1191 0.1311 0.1326 -1.107 0.1327 0.1321 -1.0991 0.1778 0.0868 -1.0832 0.1927 0.0731 -1.0905 0.1991 0.0659 -1.1053 0.2032 0.0602 -1.1212 0.2035 0.0584 -1.1101 0.2077 0.0552
136.0 -1.1504 0.2399 0.0183 -1.1107 0.1286 0.136 -1.1108 0.134 0.1304 -1.1191 0.1311 0.1326 -1.107 0.1327 0.1321 -1.0991 0.1778 0.0868 -1.0832 0.1927 0.0731 -1.0905 0.1991 0.0659 -1.1053 0.2032 0.0602 -1.1212 0.2035 0.0584 -1.1101 0.2077 0.0552
136.0 -1.1504 0.2399 0.0183 -1.1107 0.1286 0.136 -1.1108 0.134 0.1304 -1.1191 0.1311 0.1326 -1.107 0.1327 0.1321 -1.0991 0.1778 0.0868 -1.0832 0.1927 0.0731 -1.0905 0.1991 0.0659 -1.1053 0.2032 0.0602 -1.1212 0.2035 0.0584 -1.1101 0.2077 0.0552
142.0 -1.1428 0.2311 0.028 -1.1082 0.1191 0.1459 -1.1105 0.1322 0.1323 -1.1195 0.1384 0.1251 -1.1183 0.152 0.1113 -1.111 0.1755 0.0879 -1.0875 0.1818 0.0839 -1.0936 0.1913 0.0735 -1.1044 0.1978 0.0658 -1.1179 0.1997 0.0626 -1.1092 0.2003 0.0628
142.0 -0.8664 -0.0559 0.3489 -0.7862 -0.0616 0.3626 -0.7891 -0.0449 0.3452 -0.7922 -0.0276 0.3273 -0.7952 -0.0103 0.3093 -0.8093 0.0049 0.2923 -0.7883 -0.0496 0.3502 -0.7941 -0.0364 0.3361 -0.8107 -0.027 0.3249 -0.8321 -0.0207 0.3163 -0.8183 -0.0379 0.3353
143.0 -0.8688 -0.0569 0.3496 -0.7836 -0.0765 0.3781 -0.7895 -0.0425 0.3428 -0.7925 -0.0258 0.3254 -0.7958 -0.0067 0.3055 -0.8113 0.0065 0.2905 -0.7878 -0.0526 0.3533 -0.7971 -0.0392 0.3387 -0.8138 -0.0293 0.3268 -0.8353 -0.0224 0.3177 -0.8206 -0.0401 0.3372
143.0 -1.1421 0.2324 0.0267 -1.1108 0.1243 0.1404 -1.112 0.1308 0.1336 -1.1216 0.1307 0.1327 -1.1183 0.1367 0.1269 -1.1136 0.1703 0.093 -1.0892 0.1864 0.079 -1.0993 0.1942 0.07 -1.1142 0.1989 0.0637 -1.1321 0.2002 0.0606 -1.1154 0.2024 0.06
144.0 -0.9564 -0.0644 0.3486 -0.8449 -0.1031 0.3992 -0.8021 -0.0509 0.3501 -0.8056 -0.0312 0.3296 -0.8302 -0.0211 0.3169 -0.8725 -0.0158 0.3073 -0.8752 -0.0705 0.3629 -0.8811 -0.0573 0.3488 -0.8942 -0.0475 0.3375 -0.9107 -0.0387 0.3269 -0.9035 -0.0557 0.3449
145.0 -0.9615 -0.0651 0.3488 -0.8499 -0.1044 0.4001 -0.8071 -0.0528 0.3516 -0.8099 -0.0318 0.3298 -0.8337 -0.0216 0.317 -0.8778 -0.0159 0.3068 -0.8787 -0.071 0.3631 -0.8854 -0.0579 0.349 -0.8977 -0.0479 0.3376 -0.915 -0.0393 0.327 -0.9076 -0.0562 0.3451
146.0 -0.9675 -0.0659 0.349 -0.8552 -0.1045 0.3996 -0.8124 -0.0523 0.3505 -0.815 -0.0325 0.33 -0.838 -0.0221 0.3172 -0.8811 -0.017 0.3076 -0.8855 -0.0719 0.3633 -0.8913 -0.0593 0.3498 -0.9045 -0.0488 0.3379 -0.921 -0.0401 0.3273 -0.914 -0.0572 0.3455
147.0 -0.9738 -0.0655 0.348 -0.8629 -0.1055 0.3999 -0.8186 -0.0525 0.3501 -0.8212 -0.0327 0.3296 -0.8433 -0.0217 0.3161 -0.8872 -0.0172 0.3072 -0.8898 -0.0725 0.3635 -0.8958 -0.0587 0.3488 -0.9082 -0.0481 0.3367 -0.9247 -0.0394 0.3261 -0.9184 -0.0568 0.3446
148.0 -0.9784 -0.0643 0.3463 -0.8692 -0.1052 0.3989 -0.8247 -0.0527 0.3498 -0.8273 -0.0329 0.3292 -0.8485 -0.0223 0.3163 -0.8918 -0.016 0.3055 -0.8978 -0.0724 0.3626 -0.9027 -0.0596 0.349 -0.9152 -0.0485 0.3364 -0.9317 -0.0397 0.3258 -0.9251 -0.0569 0.344
149.0 -0.9829 -0.0637 0.3453 -0.8779 -0.1057 0.3986 -0.8292 -0.0521 0.3487 -0.8326 -0.0324 0.3282 -0.8546 -0.0226 0.3159 -0.8982 -0.015 0.3039 -0.9033 -0.0713 0.3609 -0.9091 -0.058 0.3468 -0.9207 -0.0468 0.3341 -0.9364 -0.0379 0.3235 -0.9305 -0.0555 0.3421
150.0 -0.9909 -0.063 0.3437 -0.8852 -0.1043 0.3964 -0.8391 -0.051 0.3466 -0.8398 -0.0316 0.3266 -0.861 -0.021 0.3137 -0.9052 -0.0147 0.3029 -0.9104 -0.0704 0.3593 -0.9163 -0.0572 0.3452 -0.9279 -0.0459 0.3325 -0.9444 -0.0371 0.3219 -0.938 -0.0547 0.3405
150.0 -1.1168 0.1882 0.0744 -1.1085 0.1008 0.1646 -1.1136 0.1202 0.1442 -1.1189 0.1403 0.1232 -1.1166 0.1522 0.1113 -1.1087 0.1673 0.0966 -1.0824 0.158 0.1087 -1.0891 0.1712 0.0946 -1.0987 0.1803 0.0843 -1.108 0.1833 0.0803 -1.099 0.1762 0.0885
151.0 -0.9958 -0.06 0.3401 -0.8942 -0.103 0.3943 -0.8443 -0.0511 0.3461 -0.8446 -0.0298 0.3243 -0.8673 -0.0206 0.3127 -0.9099 -0.0135 0.3012 -0.9169 -0.0688 0.3571 -0.922 -0.0549 0.3423 -0.9335 -0.0442 0.3302 -0.9491 -0.0353 0.3196 -0.9435 -0.0526 0.3379
152.0 -1.0012 -0.0595 0.3391 -0.9048 -0.1026 0.3928 -0.8525 -0.0498 0.344 -0.8526 -0.029 0.3227 -0.8745 -0.0197 0.3111 -0.9163 -0.012 0.299 -0.925 -0.0675 0.3549 -0.9292 -0.054 0.3407 -0.9399 -0.0426 0.328 -0.9556 -0.0337 0.3174 -0.9502 -0.0515 0.336
153.0 -1.0113 -0.0572 0.3357 -0.912 -0.1018 0.3912 -0.8589 -0.0482 0.3417 -0.8592 -0.0262 0.3192 -0.8819 -0.0177 0.3082 -0.9244 -0.0106 0.2968 -0.9315 -0.0659 0.3526 -0.9364 -0.0525 0.3385 -0.9481 -0.0413 0.3258 -0.9637 -0.0324 0.3152 -0.9582 -0.0499 0.3336
153.0 -1.1172 0.1857 0.0769 -1.1116 0.0985 0.1666 -1.1186 0.1134 0.1507 -1.1236 0.1219 0.1415 -1.1138 0.141 0.123 -1.0991 0.1625 0.1025 -1.0891 0.151 0.1152 -1.0931 0.1639 0.1016 -1.1001 0.1734 0.0913 -1.1071 0.1785 0.0853 -1.1013 0.1705 0.0941
154.0 -1.0206 -0.0541 0.3317 -0.9186 -0.099 0.3877 -0.8663 -0.0461 0.3389 -0.8684 -0.0244 0.3165 -0.8907 -0.0177 0.3073 -0.9336 -0.0088 0.294 -0.939 -0.0633 0.3492 -0.9457 -0.0501 0.3351 -0.9572 -0.0395 0.323 -0.9728 -0.0306 0.3124 -0.9671 -0.0475 0.3303
155.0 -1.0515 -0.0436 0.3179 -0.9512 -0.0839 0.369 -0.8981 -0.0352 0.3245 -0.9009 -0.0142 0.3027 -0.9224 -0.0073 0.2936 -0.9631 -0.0006 0.2827 -0.9714 -0.0536 0.3361 -0.9756 -0.0401 0.3219 -0.9854 -0.0292 0.3098 -1.0009 -0.0209 0.2997 -0.997 -0.0375 0.3171
156.0 -1.0581 -0.0409 0.3145 -0.9571 -0.0804 0.3649 -0.9052 -0.03 0.3185 -0.9068 -0.0107 0.2986 -0.9272 -0.0049 0.2906 -0.9688 0.0017 0.2798 -0.9765 -0.05 0.3319 -0.9822 -0.0373 0.3184 -0.9928 -0.0272 0.3069 -1.0083 -0.0189 0.2969 -1.0036 -0.0349 0.3137
157.0 -1.0759 -0.0347 0.3064 -0.9734 -0.0728 0.3555 -0.9239 -0.024 0.3105 -0.9237 -0.005 0.2911 -0.9433 0.0015 0.2825 -0.9832 0.0083 0.2716 -0.9935 -0.0431 0.3232 -0.9984 -0.0304 0.3096 -1.0091 -0.0196 0.2976 -1.0236 -0.0118 0.2881 -1.0201 -0.0279 0.305
158.0 -1.0799 -0.0322 0.3034 -0.9796 -0.0724 0.3545 -0.9292 -0.0235 0.3095 -0.9282 -0.0044 0.2901 -0.9496 0.0025 0.2809 -0.9878 0.0095 0.2699 -0.9982 -0.0413 0.3209 -1.0031 -0.0286 0.3073 -1.0138 -0.0178 0.2953 -1.0285 -0.0094 0.2852 -1.0247 -0.0259 0.3024
159.0 -1.0865 -0.0294 0.2999 -0.987 -0.0704 0.3517 -0.9356 -0.0225 0.3078 -0.9337 -0.0027 0.2878 -0.9542 0.0037 0.2792 -0.9916 0.0115 0.2675 -1.0054 -0.0405 0.3193 -1.0087 -0.0269 0.305 -1.0185 -0.016 0.2929 -1.0323 -0.0075 0.2829 -1.0303 -0.024 0.3
160.0 -1.0886 -0.0279 0.2981 -0.9914 -0.0703 0.3512 -0.9385 -0.0205 0.3055 -0.9367 -0.0007 0.2854 -0.9573 0.0063 0.2762 -0.9964 0.0133 0.2652 -1.0094 -0.038 0.3163 -1.0134 -0.0251 0.3027 -1.0223 -0.0147 0.2912 -1.0361 -0.0061 0.2811 -1.0339 -0.0223 0.2979
161.0 -1.0941 -0.0262 0.2959 -0.9978 -0.0688 0.349 -0.9432 -0.0192 0.3038 -0.9429 -0.0009 0.285 -0.962 0.0081 0.2739 -1.0019 0.015 0.2629 -1.013 -0.0372 0.3152 -1.0171 -0.0237 0.301 -1.027 -0.0128 0.2889 -1.0408 -0.0043 0.2788 -1.0384 -0.0209 0.296
162.0 -1.0977 -0.0261 0.2954 -1.0015 -0.068 0.3479 -0.9485 -0.0187 0.3027 -0.9482 -0.0004 0.284 -0.9636 0.0073 0.2746 -1.005 0.0176 0.2599 -1.0168 -0.0359 0.3135 -1.0209 -0.0224 0.2993 -1.0307 -0.0115 0.2872 -1.0455 -0.0025 0.2765 -1.0423 -0.0197 0.2944
163.0 -1.1013 -0.0253 0.2943 -1.0078 -0.0671 0.3462 -0.9529 -0.0187 0.3023 -0.951 0.0005 0.2828 -0.969 0.0078 0.2735 -1.0075 0.0167 0.2607 -1.0222 -0.0348 0.3118 -1.0255 -0.0212 0.2976 -1.0353 -0.0103 0.2855 -1.0492 -0.0012 0.2748 -1.0467 -0.0186 0.2928
164.0 -1.1066 -0.0254 0.2939 -1.0122 -0.067 0.3458 -0.9574 -0.0181 0.3012 -0.9555 0.0011 0.2818 -0.9734 0.0078 0.2731 -1.0128 0.0166 0.2602 -1.0268 -0.0342 0.3107 -1.0308 -0.0213 0.2972 -1.0406 -0.0104 0.285 -1.0554 -0.0014 0.2744 -1.052 -0.0185 0.2922
165.0 -1.1103 -0.0241 0.2921 -1.0157 -0.0669 0.3453 -0.9626 -0.0188 0.3014 -0.9599 0.0011 0.2813 -0.9779 0.0084 0.272 -1.0163 0.0167 0.2598 -1.0312 -0.0342 0.3103 -1.0343 -0.0212 0.2967 -1.0433 -0.0102 0.2845 -1.0581 -0.0012 0.2739 -1.0554 -0.0182 0.2915
166.0 -1.1157 -0.0236 0.2911 -1.0199 -0.0681 0.3461 -0.9653 -0.0186 0.3009 -0.9627 0.0019 0.2802 -0.9815 0.0086 0.2715 -1.0217 0.0172 0.2587 -1.0357 -0.0336 0.3092 -1.0397 -0.0207 0.2956 -1.0486 -0.0097 0.2835 -1.0633 -0.0013 0.2734 -1.0606 -0.0178 0.2906
167.0 -1.1201 -0.0236 0.2906 -1.0244 -0.0675 0.345 -0.9706 -0.0181 0.2998 -0.9679 0.0012 0.2804 -0.9868 0.0091 0.2705 -1.0253 0.0179 0.2576 -1.0391 -0.034 0.3093 -1.0431 -0.0211 0.2958 -1.0521 -0.0101 0.2836 -1.066 -0.001 0.2729 -1.0641 -0.018 0.2905
167.0 -1.1003 0.1446 0.1206 -1.1166 0.0868 0.1781 -1.1027 0.118 0.1476 -1.0886 0.1382 0.1283 -1.0788 0.1475 0.1198 -1.0604 0.1579 0.111 -1.0983 0.1229 0.143 -1.0919 0.1366 0.1297 -1.0842 0.148 0.1187 -1.0769 0.1563 0.111 -1.0903 0.1417 0.1246
168.0 -1.123 -0.0221 0.2889 -1.0296 -0.0682 0.3452 -0.974 -0.0191 0.3006 -0.9713 0.0008 0.2805 -0.9903 0.0086 0.2706 -1.0274 0.0195 0.2558 -1.0435 -0.034 0.3089 -1.0467 -0.021 0.2953 -1.0556 -0.01 0.2831 -1.0688 -0.0002 0.2718 -1.0675 -0.0175 0.2896
169.0 -1.1264 -0.0226 0.289 -1.0341 -0.0676 0.3441 -0.9768 -0.0183 0.2994 -0.9731 0.0011 0.2799 -0.9929 0.0088 0.2701 -1.0326 0.0194 0.2554 -1.0463 -0.0332 0.3078 -1.0503 -0.0203 0.2942 -1.0593 -0.0093 0.282 -1.0739 -0.0009 0.272 -1.0712 -0.0172 0.289
170.0 -1.1291 -0.0224 0.2885 -1.0376 -0.0674 0.3436 -0.9802 -0.0187 0.2996 -0.9766 0.0007 0.2801 -0.9946 0.008 0.2708 -1.0344 0.0197 0.2548 -1.0498 -0.033 0.3073 -1.053 -0.02 0.2936 -1.062 -0.009 0.2815 -1.0759 9.84e-05 0.2708 -1.0739 -0.0169 0.2883
171.0 -1.1337 -0.0211 0.2868 -1.0403 -0.0672 0.3431 -0.9829 -0.0185 0.299 -0.9792 0.0009 0.2795 -0.9983 0.0093 0.269 -1.0381 0.0205 0.2537 -1.0525 -0.0328 0.3067 -1.0558 -0.0192 0.2925 -1.0656 -0.0083 0.2804 -1.0796 0.0014 0.2691 -1.0774 -0.016 0.2871
171.0 -1.1232 0.1849 0.0772 -1.1109 0.0894 0.176 -1.0999 0.1123 0.1537 -1.1115 0.1028 0.1623 -1.1124 0.0984 0.1667 -1.1036 0.1081 0.1576 -1.0792 0.1444 0.1229 -1.0813 0.1515 0.1155 -1.0871 0.1543 0.112 -1.0947 0.1527 0.1129 -1.0931 0.1576 0.1081
172.0 -1.1365 -0.0203 0.2856 -1.0423 -0.0662 0.3419 -0.9848 -0.0175 0.2979 -0.983 0.0023 0.2778 -1.0002 0.0103 0.2679 -1.0414 0.0194 0.2545 -1.0542 -0.033 0.3068 -1.0584 -0.0195 0.2926 -1.0674 -0.0079 0.2798 -1.0813 0.0012 0.2691 -1.0796 -0.0159 0.2868
172.0 -1.1223 0.1948 0.0671 -1.1151 0.0931 0.1718 -1.0999 0.1123 0.1537 -1.1098 0.1036 0.1616 -1.111 0.0949 0.1704 -1.1101 0.0999 0.1653 -1.0754 0.1431 0.1246 -1.0802 0.1504 0.1167 -1.0888 0.1541 0.1121 -1.1017 0.1524 0.1126 -1.0937 0.1589 0.1066
173.0 -1.1375 -0.0198 0.2851 -1.0431 -0.0663 0.342 -0.9857 -0.0177 0.2979 -0.9838 0.0015 0.2785 -1.001 0.0096 0.2685 -1.0424 0.0199 0.2539 -1.0561 -0.0327 0.3063 -1.0601 -0.0198 0.2927 -1.07 -0.0083 0.2799 -1.0823 0.0017 0.2686 -1.0812 -0.0158 0.2865
173.0 -1.1229 0.1929 0.069 -1.1124 0.088 0.1773 -1.1026 0.1125 0.1532 -1.1137 0.1153 0.1492 -1.1123 0.1125 0.1523 -1.1065 0.1346 0.1302 -1.0766 0.1448 0.1228 -1.0826 0.1537 0.1131 -1.0933 0.1596 0.106 -1.1039 0.16 0.1045 -1.0958 0.1622 0.1031
174.0 -1.1382 -0.0205 0.2857 -1.0448 -0.0666 0.342 -0.9882 -0.018 0.298 -0.9856 0.0019 0.2779 -1.0037 0.0098 0.268 -1.0442 0.0203 0.2533 -1.0579 -0.0323 0.3057 -1.0619 -0.0194 0.2921 -1.071 -0.0078 0.2794 -1.084 0.0014 0.2686 -1.0826 -0.0157 0.2863
174.0 -1.0958 0.144 0.1217 -1.1134 0.0836 0.1817 -1.1098 0.1134 0.1516 -1.0941 0.1345 0.1316 -1.0841 0.1474 0.1194 -1.0625 0.1546 0.1142 -1.0957 0.1232 0.1429 -1.0899 0.1356 0.1308 -1.0828 0.1451 0.1218 -1.0737 0.1531 0.1146 -1.0876 0.1402 0.1264
175.0 -1.1382 -0.0205 0.2857 -1.0465 -0.0668 0.3421 -0.9882 -0.018 0.298 -0.9856 0.0019 0.2779 -1.0038 0.0104 0.2674 -1.0443 0.0208 0.2527 -1.0579 -0.0323 0.3057 -1.062 -0.0188 0.2915 -1.071 -0.0078 0.2794 -1.0849 0.0013 0.2687 -1.0828 -0.0156 0.2862
175.0 -1.0915 0.1446 0.1215 -1.1118 0.0844 0.181 -1.1108 0.1243 0.1404 -1.0979 0.1358 0.1299 -1.0869 0.1434 0.1232 -1.0722 0.1496 0.1183 -1.088 0.1298 0.137 -1.0849 0.1418 0.125 -1.08 0.1492 0.118 -1.0737 0.1531 0.1146 -1.0836 0.1437 0.1232
176.0 -1.1391 -0.0207 0.2857 -1.0458 -0.0661 0.3415 -0.9902 -0.017 0.2968 -0.9875 0.0029 0.2767 -1.0056 0.0108 0.2668 -1.0443 0.0208 0.2527 -1.0586 -0.033 0.3064 -1.0628 -0.0195 0.2922 -1.0726 -0.0086 0.28 -1.0849 0.0013 0.2687 -1.0836 -0.0161 0.2866
176.0 -1.0964 0.1476 0.118 -1.1117 0.0838 0.1816 -1.0975 0.0986 0.168 -1.0829 0.1207 0.1468 -1.0722 0.135 0.1333 -1.0533 0.1473 0.1225 -1.0959 0.1147 0.1517 -1.0877 0.128 0.1389 -1.0792 0.1395 0.1279 -1.0701 0.1481 0.1201 -1.0859 0.1356 0.1313
177.0 -1.1395 -0.0183 0.2833 -1.0449 -0.0611 0.3364 -0.9908 -0.0135 0.2931 -0.9891 0.0069 0.2724 -1.0053 0.0139 0.2637 -1.0428 0.0223 0.2514 -1.059 -0.0306 0.3039 -1.0631 -0.0177 0.2903 -1.0721 -0.0061 0.2775 -1.0853 0.0037 0.2662 -1.0838 -0.0138 0.2842
178.0 -1.1379 -0.0174 0.2826 -1.0433 -0.0603 0.3357 -0.9936 -0.0126 0.292 -0.9902 0.008 0.2712 -1.0072 0.0149 0.2625 -1.0437 0.0222 0.2514 -1.0599 -0.0307 0.3039 -1.0631 -0.0177 0.2903 -1.072 -0.0067 0.2781 -1.0843 0.0032 0.2668 -1.0834 -0.0139 0.2843
179.0 -1.1379 -0.0174 0.2826 -1.0435 -0.0591 0.3345 -0.9929 -0.0113 0.2907 -0.9904 0.0092 0.27 -1.0056 0.0157 0.2618 -1.043 0.0235 0.2502 -1.06 -0.0301 0.3033 -1.064 -0.0172 0.2897 -1.0721 -0.0061 0.2775 -1.0844 0.0038 0.2661 -1.0837 -0.0134 0.2838
179.0 -1.0924 0.1494 0.1166 -1.1091 0.0842 0.1815 -1.097 0.1108 0.1555 -1.0771 0.1276 0.1403 -1.066 0.1395 0.1293 -1.0476 0.1499 0.1204 -1.0924 0.1194 0.1472 -1.085 0.1326 0.1344 -1.0763 0.143 0.1247 -1.0687 0.1501 0.1181 -1.083 0.1389 0.1282
180.0 -1.1377 -0.0186 0.2838 -1.0419 -0.0582 0.3338 -0.9956 -0.0111 0.2902 -0.9906 0.0104 0.2687 -1.0065 0.0162 0.2612 -1.0414 0.0243 0.2495 -1.0601 -0.0295 0.3027 -1.064 -0.0172 0.2897 -1.073 -0.0062 0.2776 -1.0853 0.0037 0.2662 -1.084 -0.0136 0.284
181.0 -1.1378 -0.018 0.2832 -1.0412 -0.0569 0.3325 -0.9967 -0.01 0.289 -0.9926 0.0119 0.267 -1.0067 0.0168 0.2606 -1.0406 0.025 0.2488 -1.0593 -0.0294 0.3026 -1.0641 -0.0166 0.2891 -1.0731 -0.0056 0.2769 -1.0854 0.0043 0.2656 -1.0839 -0.0131 0.2835
181.0 -1.1198 0.1957 0.0664 -1.1108 0.0937 0.1716 -1.1071 0.1083 0.1571 -1.1126 0.1045 0.1604 -1.1088 0.0977 0.1678 -1.1054 0.1134 0.152 -1.0769 0.1417 0.126 -1.0785 0.1506 0.1167 -1.0856 0.1558 0.1107 -1.0954 0.1569 0.1086 -1.0913 0.1601 0.1057
182.0 -1.1388 -0.0176 0.2826 -1.0407 -0.055 0.3306 -0.9972 -0.007 0.2859 -0.9944 0.0123 0.2664 -1.0094 0.0176 0.2595 -1.0397 0.0245 0.2494 -1.0602 -0.0289 0.302 -1.0641 -0.0166 0.2891 -1.074 -0.0058 0.277 -1.0863 0.0042 0.2656 -1.0847 -0.0129 0.2833
183.0 -1.1371 -0.0167 0.2819 -1.0383 -0.0535 0.3293 -0.9984 -0.0053 0.284 -0.9956 0.014 0.2646 -1.0094 0.0176 0.2595 -1.0388 0.0246 0.2494 -1.0595 -0.0282 0.3014 -1.0642 -0.016 0.2885 -1.074 -0.0058 0.277 -1.0863 0.0042 0.2656 -1.0842 -0.0125 0.2829
184.0 -1.1373 -0.0155 0.2807 -1.0373 -0.0491 0.3249 -1.0009 -0.0063 0.2848 -1.0016 0.0132 0.2648 -1.0166 0.0185 0.2579 -1.0406 0.025 0.2488 -1.0604 -0.0277 0.3008 -1.0652 -0.0156 0.2879 -1.0741 -0.0052 0.2764 -1.0864 0.0048 0.265 -1.0847 -0.0118 0.2821
184.0 -1.0955 0.1471 0.1186 -1.1113 0.0869 0.1785 -1.1012 0.1097 0.1563 -1.0809 0.1289 0.1386 -1.0669 0.1448 0.1237 -1.0489 0.1577 0.1124 -1.0922 0.1231 0.1434 -1.0866 0.1367 0.1301 -1.0797 0.1474 0.1198 -1.0725 0.1563 0.1114 -1.0853 0.1421 0.1247
185.0 -1.1365 -0.0154 0.2806 -1.0336 -0.0455 0.3216 -1.0066 -0.0034 0.2812 -1.006 0.0132 0.2643 -1.0204 0.0198 0.2562 -1.0405 0.0244 0.2494 -1.0604 -0.0277 0.3008 -1.0652 -0.0156 0.2879 -1.0742 -0.0046 0.2757 -1.0855 0.0049 0.2649 -1.0844 -0.0117 0.282
186.0 -1.1321 -0.0154 0.2811 -1.0319 -0.0398 0.3159 -1.0129 -0.003 0.2802 -1.0167 0.0136 0.2629 -1.03 0.0197 0.2553 -1.0463 0.0224 0.2509 -1.0608 -0.0254 0.2983 -1.0663 -0.0145 0.2867 -1.075 -0.0047 0.2758 -1.0854 0.0043 0.2656 -1.0839 -0.0111 0.2815
187.0 -1.1315 -0.0135 0.2792 -1.0314 -0.0379 0.314 -1.0157 -0.0022 0.2791 -1.0209 0.013 0.2631 -1.0335 0.0193 0.2554 -1.0472 0.0223 0.251 -1.0608 -0.0254 0.2983 -1.0654 -0.0144 0.2866 -1.0743 -0.004 0.2751 -1.0839 0.0057 0.2642 -1.0832 -0.0103 0.2807
