1.0 -1.02 0.0076 0.2686 -0.938 0.0065 0.278 -0.9174 -0.0005 0.2871 -0.9144 0.0176 0.2689 -0.9264 0.0307 0.2544 -0.9517 0.0395 0.2429 -0.9742 -0.0027 0.2837 -0.9785 0.0065 0.2739 -0.9854 0.016 0.2636 -0.9942 0.0258 0.2526 -0.9905 0.0107 0.2685
2.0 -1.0216 0.0068 0.2693 -0.9414 0.006 0.2781 -0.9182 -0.0012 0.2878 -0.9143 0.017 0.2695 -0.9247 0.0309 0.2543 -0.9516 0.0389 0.2435 -0.9742 -0.0027 0.2837 -0.9776 0.0066 0.2739 -0.9838 0.0168 0.2629 -0.9933 0.0259 0.2526 -0.9901 0.0107 0.2685
3.0 -1.0199 0.007 0.2693 -0.9389 0.0015 0.283 -0.9165 -0.001 0.2877 -0.9144 0.0176 0.2689 -0.9246 0.0303 0.2549 -0.9507 0.039 0.2435 -0.9726 -0.0018 0.283 -0.976 0.0075 0.2732 -0.9829 0.0169 0.2628 -0.9916 0.0261 0.2525 -0.9886 0.0111 0.2682
4.0 -1.0214 0.0056 0.2706 -0.9383 0.0034 0.2811 -0.9172 -0.0017 0.2884 -0.9136 0.0177 0.2689 -0.9245 0.0297 0.2556 -0.9508 0.0396 0.2429 -0.9716 -0.0023 0.2836 -0.975 0.007 0.2738 -0.982 0.0164 0.2634 -0.9923 0.0254 0.2532 -0.9885 0.0104 0.2689
5.0 -1.0215 0.0062 0.2699 -0.9381 0.0022 0.2823 -0.9165 -0.001 0.2877 -0.9127 0.0178 0.2689 -0.9245 0.0297 0.2556 -0.9505 0.0378 0.2447 -0.9726 -0.0018 0.283 -0.9759 0.0069 0.2738 -0.9828 0.0163 0.2635 -0.9932 0.0253 0.2532 -0.9892 0.0106 0.2687
6.0 -1.0224 0.0061 0.27 -0.9392 0.0033 0.2811 -0.9163 -0.0016 0.2884 -0.9135 0.0171 0.2695 -0.9236 0.0298 0.2555 -0.9489 0.0386 0.244 -0.9716 -0.0023 0.2836 -0.975 0.007 0.2738 -0.982 0.0164 0.2634 -0.9915 0.0255 0.2532 -0.9885 0.0105 0.2688
7.0 -1.0225 0.0067 0.2694 -0.9407 0.0019 0.2824 -0.9156 -0.0009 0.2877 -0.9127 0.0178 0.2689 -0.9237 0.0304 0.2549 -0.9489 0.0386 0.244 -0.9717 -0.0017 0.283 -0.9751 0.0076 0.2731 -0.982 0.0164 0.2634 -0.9915 0.0255 0.2532 -0.9886 0.0109 0.2684
8.0 -1.0199 0.007 0.2693 -0.9385 0.0046 0.2798 -0.9157 -0.0003 0.2871 -0.9119 0.018 0.2688 -0.9246 0.0303 0.2549 -0.9498 0.0385 0.2441 -0.9716 -0.0023 0.2836 -0.975 0.007 0.2738 -0.9828 0.0163 0.2635 -0.9924 0.026 0.2526 -0.9884 0.0108 0.2685
9.0 -1.0216 0.0068 0.2693 -0.9369 0.0054 0.2792 -0.9157 -0.0003 0.2871 -0.9127 0.0178 0.2689 -0.923 0.0311 0.2543 -0.949 0.0392 0.2434 -0.9716 -0.0023 0.2836 -0.975 0.007 0.2738 -0.982 0.0164 0.2634 -0.9907 0.0263 0.2525 -0.9882 0.0108 0.2685
10.0 -1.0228 0.0085 0.2675 -0.9436 0.0082 0.2757 -0.9156 -0.0009 0.2877 -0.9127 0.0178 0.2689 -0.9232 0.0323 0.253 -0.9489 0.0386 0.244 -0.9727 -0.0012 0.2824 -0.9751 0.0076 0.2731 -0.9822 0.0176 0.2622 -0.9909 0.0274 0.2513 -0.9887 0.012 0.2673
11.0 -1.0216 0.0068 0.2693 -0.9397 0.0063 0.278 -0.9156 -0.0009 0.2877 -0.9111 0.0187 0.2682 -0.9222 0.0318 0.2536 -0.949 0.0392 0.2434 -0.9726 -0.0018 0.283 -0.9751 0.0076 0.2731 -0.9821 0.017 0.2628 -0.9924 0.026 0.2526 -0.9888 0.0111 0.2682
12.0 -1.0226 0.0073 0.2687 -0.9407 0.0067 0.2774 -0.913 -0.0005 0.2876 -0.9127 0.0178 0.2689 -0.9232 0.0323 0.253 -0.9489 0.0386 0.244 -0.9726 -0.0018 0.283 -0.9751 0.0076 0.2731 -0.9822 0.0176 0.2622 -0.9909 0.0274 0.2513 -0.9887 0.0116 0.2677
13.0 -1.0243 0.0071 0.2688 -0.939 0.007 0.2774 -0.9122 -0.0004 0.2876 -0.9111 0.0187 0.2682 -0.9222 0.0318 0.2536 -0.9481 0.0393 0.2434 -0.9725 -0.0024 0.2837 -0.9759 0.0069 0.2738 -0.9821 0.017 0.2628 -0.9908 0.0268 0.2519 -0.9891 0.0111 0.2682
14.0 -1.0238 0.009 0.2669 -0.9423 0.0059 0.2781 -0.9138 -0.0012 0.2883 -0.911 0.0181 0.2688 -0.9213 0.032 0.2536 -0.9463 0.039 0.2439 -0.9727 -0.0012 0.2824 -0.9751 0.0076 0.2731 -0.9805 0.0179 0.2621 -0.9891 0.0271 0.2518 -0.9882 0.0121 0.2673
15.0 -1.0227 0.0079 0.2681 -0.9396 0.0057 0.2786 -0.9121 -0.001 0.2882 -0.9109 0.0175 0.2694 -0.9213 0.032 0.2536 -0.948 0.0387 0.244 -0.9717 -0.0017 0.283 -0.975 0.007 0.2738 -0.9811 0.0166 0.2634 -0.9907 0.0263 0.2525 -0.9883 0.0112 0.2682
16.0 -1.0244 0.0077 0.2682 -0.9397 0.0063 0.278 -0.9102 -0.0014 0.2887 -0.9093 0.0183 0.2687 -0.9193 0.0304 0.2554 -0.9471 0.0383 0.2446 -0.9724 -0.003 0.2843 -0.975 0.007 0.2738 -0.9804 0.0173 0.2627 -0.9891 0.0271 0.2518 -0.9883 0.0112 0.2682
17.0 -1.0216 0.0068 0.2693 -0.9371 0.0066 0.2779 -0.9121 -0.001 0.2882 -0.9109 0.0175 0.2694 -0.9219 0.03 0.2555 -0.9471 0.0383 0.2446 -0.9706 -0.0034 0.2848 -0.9731 0.006 0.2749 -0.9801 0.0161 0.264 -0.9898 0.0258 0.2531 -0.987 0.0103 0.2692
18.0 -1.0243 0.0071 0.2688 -0.9378 0.0053 0.2792 -0.9111 -0.0015 0.2888 -0.9101 0.0182 0.2688 -0.9203 0.0309 0.2548 -0.948 0.0387 0.244 -0.9723 -0.0036 0.2849 -0.9748 0.0058 0.275 -0.9811 0.0166 0.2634 -0.989 0.0265 0.2524 -0.9883 0.0105 0.2689
19.0 -1.0226 0.0073 0.2687 -0.9386 0.0052 0.2792 -0.9121 -0.001 0.2882 -0.9099 0.017 0.27 -0.9211 0.0308 0.2548 -0.9472 0.0388 0.244 -0.9714 -0.0035 0.2849 -0.974 0.0059 0.275 -0.9801 0.0161 0.264 -0.9881 0.0266 0.2524 -0.9873 0.0105 0.269
20.0 -1.0232 0.006 0.27 -0.9378 0.0053 0.2792 -0.9121 -0.001 0.2882 -0.9116 0.0168 0.2701 -0.9211 0.0308 0.2548 -0.9479 0.0381 0.2446 -0.9731 -0.0037 0.2849 -0.9757 0.0057 0.275 -0.9819 0.0158 0.264 -0.9907 0.0263 0.2525 -0.9889 0.01 0.2693
21.0 -1.0304 0.0068 0.2684 -0.9454 0.0037 0.2801 -0.9153 -0.0027 0.2896 -0.9124 0.0161 0.2707 -0.9209 0.0296 0.2561 -0.9479 0.0381 0.2446 -0.9768 -0.003 0.2838 -0.9784 0.0059 0.2745 -0.9827 0.0157 0.2641 -0.9915 0.0255 0.2532 -0.992 0.0102 0.2688
22.0 -1.0265 0.0043 0.2714 -0.9419 0.0035 0.2806 -0.9128 -0.0017 0.2888 -0.9108 0.0169 0.27 -0.922 0.0306 0.2548 -0.9478 0.0375 0.2452 -0.974 -0.0039 0.285 -0.9765 0.0056 0.2751 -0.9826 0.0151 0.2647 -0.9922 0.0248 0.2538 -0.9904 0.0092 0.27
23.0 -1.0249 0.0052 0.2707 -0.9411 0.0042 0.2799 -0.9126 -0.0029 0.2901 -0.9098 0.0164 0.2706 -0.9218 0.0294 0.2561 -0.9487 0.0374 0.2453 -0.9741 -0.0033 0.2843 -0.9765 0.0056 0.2751 -0.9827 0.0157 0.2641 -0.9915 0.0255 0.2532 -0.9899 0.0097 0.2695
24.0 -1.0338 0.0058 0.2692 -0.9458 0.006 0.2776 -0.9172 -0.0017 0.2884 -0.9158 0.0156 0.2708 -0.9253 0.0296 0.2556 -0.9505 0.0378 0.2447 -0.9801 -0.0041 0.2846 -0.9809 0.0056 0.2746 -0.9863 0.0159 0.2636 -0.9942 0.0258 0.2526 -0.995 0.0098 0.2689
25.0 -1.038 0.0046 0.27 -0.9501 0.0055 0.2778 -0.9172 -0.0017 0.2884 -0.9176 0.0154 0.2709 -0.9255 0.0308 0.2544 -0.9522 0.0376 0.2448 -0.982 -0.0037 0.284 -0.9836 0.0058 0.2741 -0.9888 0.0155 0.2637 -0.9976 0.0253 0.2528 -0.998 0.0095 0.2689
26.0 -1.0335 0.0046 0.2704 -0.9454 0.0037 0.2801 -0.9163 -0.0016 0.2884 -0.9168 0.0161 0.2703 -0.9255 0.0308 0.2544 -0.9522 0.0376 0.2448 -0.9802 -0.0035 0.284 -0.9819 0.0061 0.274 -0.988 0.0156 0.2636 -0.9958 0.025 0.2533 -0.9959 0.0096 0.2691
27.0 -1.0255 0.0038 0.272 -0.9354 0.002 0.2828 -0.9183 -0.0006 0.2872 -0.916 0.0168 0.2696 -0.928 0.0298 0.2551 -0.9521 0.037 0.2454 -0.9734 -0.0026 0.2837 -0.9766 0.0062 0.2745 -0.9844 0.0155 0.2641 -0.994 0.0246 0.2539 -0.9908 0.0095 0.2696
28.0 -1.0298 0.0033 0.2721 -0.9416 0.0017 0.2825 -0.9172 -0.0017 0.2884 -0.9162 0.0174 0.269 -0.9282 0.031 0.2538 -0.9532 0.038 0.2442 -0.9778 -0.0025 0.2832 -0.9802 0.0063 0.274 -0.987 0.0151 0.2642 -0.9957 0.0244 0.254 -0.9941 0.0093 0.2695
29.0 -1.0315 0.003 0.2722 -0.9407 0.0019 0.2824 -0.9172 -0.0017 0.2884 -0.9151 0.0163 0.2702 -0.9281 0.0304 0.2545 -0.9524 0.0387 0.2435 -0.9777 -0.0031 0.2839 -0.9801 0.0057 0.2746 -0.9862 0.0153 0.2642 -0.9965 0.0242 0.254 -0.9944 0.009 0.2698
30.0 -1.0257 0.005 0.2707 -0.9429 0.0046 0.2794 -0.9181 -0.0018 0.2884 -0.9152 0.0169 0.2696 -0.9265 0.0313 0.2538 -0.9521 0.037 0.2454 -0.975 -0.0034 0.2844 -0.9783 0.0053 0.2751 -0.9844 0.0155 0.2641 -0.994 0.0246 0.2539 -0.9915 0.0094 0.2697
31.0 -1.0334 0.004 0.271 -0.9481 0.0039 0.2796 -0.917 -0.0029 0.2896 -0.9167 0.0155 0.2709 -0.9255 0.0308 0.2544 -0.9531 0.0374 0.2448 -0.9794 -0.0034 0.2839 -0.9819 0.0061 0.274 -0.9871 0.0157 0.2636 -0.9958 0.025 0.2533 -0.9955 0.0095 0.2692
32.0 -1.0301 0.0051 0.2703 -0.9463 0.0035 0.2801 -0.9162 -0.0022 0.289 -0.9152 0.0169 0.2696 -0.9273 0.0305 0.2544 -0.9531 0.0374 0.2448 -0.9766 -0.0042 0.2851 -0.9791 0.0052 0.2752 -0.9853 0.0154 0.2642 -0.9949 0.0251 0.2533 -0.9932 0.0093 0.2696
33.0 -1.0325 0.0035 0.2716 -0.9456 0.0049 0.2789 -0.9161 -0.0028 0.2896 -0.9168 0.0161 0.2703 -0.9272 0.0299 0.255 -0.9522 0.0376 0.2448 -0.9792 -0.0046 0.2852 -0.9817 0.0049 0.2753 -0.987 0.0151 0.2642 -0.9958 0.025 0.2533 -0.9952 0.0088 0.2699
34.0 -1.0239 0.0047 0.2713 -0.9433 0.0015 0.2825 -0.9171 -0.0023 0.289 -0.9143 0.017 0.2695 -0.9273 0.0305 0.2544 -0.952 0.0364 0.246 -0.9734 -0.0026 0.2837 -0.9758 0.0063 0.2744 -0.9827 0.0157 0.2641 -0.9921 0.0242 0.2544 -0.9896 0.0097 0.2696
35.0 -1.0319 0.0054 0.2697 -0.9481 0.0039 0.2796 -0.9153 -0.0027 0.2896 -0.9152 0.0169 0.2696 -0.9274 0.0311 0.2538 -0.9539 0.0367 0.2455 -0.9768 -0.003 0.2838 -0.9793 0.0064 0.2739 -0.9854 0.016 0.2636 -0.9949 0.0251 0.2533 -0.9937 0.01 0.2689
36.0 -1.0258 0.0056 0.2701 -0.9455 0.0043 0.2795 -0.9171 -0.0023 0.289 -0.9143 0.017 0.2695 -0.9273 0.0305 0.2544 -0.9531 0.0374 0.2448 -0.975 -0.0034 0.2844 -0.9775 0.006 0.2745 -0.9836 0.0156 0.2641 -0.9932 0.0253 0.2532 -0.991 0.0098 0.2693
37.0 -1.0299 0.0039 0.2715 -0.9471 0.0034 0.2802 -0.9171 -0.0023 0.289 -0.9168 0.0161 0.2703 -0.9265 0.0313 0.2538 -0.9531 0.0374 0.2448 -0.976 -0.0023 0.2832 -0.9776 0.0066 0.2739 -0.9845 0.0161 0.2635 -0.9941 0.0252 0.2533 -0.9924 0.0099 0.2691
38.0 -1.0267 0.0055 0.2701 -0.9447 0.0044 0.2795 -0.9181 -0.0018 0.2884 -0.916 0.0168 0.2696 -0.9273 0.0305 0.2544 -0.9522 0.0376 0.2448 -0.9751 -0.0028 0.2838 -0.9776 0.0066 0.2739 -0.9845 0.0161 0.2635 -0.9941 0.0252 0.2533 -0.9916 0.0101 0.2689
39.0 -1.0241 0.0059 0.27 -0.9356 0.0031 0.2816 -0.9173 -0.0011 0.2878 -0.916 0.0168 0.2696 -0.9298 0.0302 0.2545 -0.9532 0.038 0.2442 -0.9734 -0.0026 0.2837 -0.9759 0.0069 0.2738 -0.9837 0.0162 0.2635 -0.9941 0.0252 0.2533 -0.9902 0.0103 0.2689
40.0 -1.0299 0.0039 0.2715 -0.9392 0.0033 0.2811 -0.919 -0.0013 0.2878 -0.9162 0.0174 0.269 -0.9283 0.0316 0.2532 -0.9534 0.0392 0.243 -0.9753 -0.0016 0.2825 -0.9769 0.0074 0.2732 -0.9837 0.0162 0.2635 -0.9948 0.0245 0.2539 -0.9921 0.0101 0.2689
41.0 -1.0256 0.0044 0.2714 -0.9382 0.0028 0.2817 -0.919 -0.0013 0.2878 -0.917 0.0173 0.269 -0.9282 0.031 0.2538 -0.9533 0.0386 0.2436 -0.9742 -0.0027 0.2837 -0.9776 0.0066 0.2739 -0.9844 0.0155 0.2641 -0.9938 0.024 0.2545 -0.9911 0.0096 0.2695
42.0 -1.0257 0.005 0.2707 -0.9323 0.0042 0.2809 -0.9209 -0.001 0.2873 -0.918 0.0177 0.2684 -0.9317 0.0306 0.254 -0.9542 0.0385 0.2436 -0.9734 -0.0026 0.2837 -0.9776 0.0066 0.2739 -0.9854 0.016 0.2636 -0.9958 0.025 0.2533 -0.9916 0.01 0.269
43.0 -1.0301 0.0051 0.2703 -0.9435 0.0027 0.2813 -0.9207 -0.0016 0.2879 -0.9171 0.0179 0.2684 -0.9292 0.0315 0.2533 -0.9544 0.0397 0.2424 -0.9779 -0.0019 0.2826 -0.9795 0.0076 0.2727 -0.9856 0.0172 0.2623 -0.9959 0.0256 0.2527 -0.9938 0.0107 0.2681
44.0 -1.0317 0.0042 0.271 -0.9442 0.002 0.2819 -0.9207 -0.0016 0.2879 -0.917 0.0173 0.269 -0.9291 0.0309 0.2539 -0.9543 0.0391 0.243 -0.9787 -0.0021 0.2827 -0.9813 0.0074 0.2728 -0.9872 0.0163 0.263 -0.9976 0.0253 0.2528 -0.9953 0.0102 0.2684
45.0 -1.0293 0.0052 0.2702 -0.9376 0.0041 0.2804 -0.9216 -0.0017 0.2879 -0.9198 0.0181 0.2679 -0.93 0.0314 0.2533 -0.9545 0.0403 0.2417 -0.9754 -0.001 0.2819 -0.9787 0.0077 0.2727 -0.9855 0.0166 0.2629 -0.9949 0.0251 0.2533 -0.9927 0.0107 0.2682
46.0 -1.033 0.0065 0.2685 -0.9497 0.0031 0.2803 -0.9218 -0.0005 0.2867 -0.9197 0.0175 0.2685 -0.931 0.0319 0.2527 -0.9573 0.0412 0.2406 -0.978 -0.0013 0.282 -0.9796 0.0082 0.2721 -0.9865 0.0171 0.2623 -0.9968 0.026 0.2521 -0.9948 0.0113 0.2674
47.0 -1.0325 0.0035 0.2716 -0.941 -0.0012 0.2856 -0.92 -0.0008 0.2872 -0.9187 0.017 0.2691 -0.9284 0.0322 0.2526 -0.9561 0.0444 0.2374 -0.976 -0.0023 0.2832 -0.9787 0.0077 0.2727 -0.9855 0.0166 0.2629 -0.9968 0.026 0.2521 -0.9939 0.0103 0.2685
48.0 -1.0334 0.004 0.271 -0.9515 0.0034 0.2797 -0.92 -0.0008 0.2872 -0.918 0.0177 0.2684 -0.9279 0.0341 0.2507 -0.9547 0.0464 0.2355 -0.976 -0.0023 0.2832 -0.9787 0.0077 0.2727 -0.9856 0.0172 0.2623 -0.9969 0.0266 0.2515 -0.9941 0.0106 0.2681
49.0 -1.0368 0.0078 0.2668 -0.9641 -0.005 0.2871 -0.92 -0.0008 0.2872 -0.9169 0.0167 0.2696 -0.9272 0.0354 0.2494 -0.9557 0.0475 0.2343 -0.98 0.0002 0.2802 -0.9801 0.0106 0.2696 -0.9853 0.0203 0.2592 -0.9965 0.0291 0.249 -0.9957 0.0136 0.2649
50.0 -1.0303 0.0111 0.264 -0.9617 -0.004 0.2864 -0.9166 -0.0004 0.2871 -0.9128 0.0184 0.2682 -0.9249 0.037 0.2481 -0.9563 0.0504 0.2312 -0.98 0.0002 0.2802 -0.9801 0.0106 0.2696 -0.9854 0.0209 0.2586 -0.9959 0.0304 0.2477 -0.9943 0.0146 0.264
51.0 -1.0281 0.0139 0.2615 -0.9592 -0.0031 0.2856 -0.9132 0.0007 0.2864 -0.9095 0.0195 0.2675 -0.9205 0.037 0.2485 -0.9529 0.0515 0.2304 -0.9742 0.0022 0.2787 -0.9734 0.0127 0.2681 -0.9795 0.0223 0.2577 -0.9925 0.0315 0.247 -0.9895 0.0165 0.2626
52.0 -1.0256 0.0142 0.2614 -0.9558 -0.0026 0.2855 -0.9091 0.0024 0.285 -0.9063 0.0212 0.2661 -0.9172 0.0386 0.2472 -0.9496 0.0526 0.2297 -0.9711 0.0045 0.2767 -0.9703 0.015 0.2661 -0.9763 0.0245 0.2557 -0.9884 0.0333 0.2456 -0.9863 0.0183 0.2611
53.0 -1.0201 0.018 0.258 -0.9533 -0.0017 0.2848 -0.9052 0.0048 0.2829 -0.9012 0.0225 0.2653 -0.9123 0.0405 0.2457 -0.9445 0.0539 0.2289 -0.9668 0.0051 0.2766 -0.966 0.0155 0.2659 -0.9712 0.0252 0.2555 -0.9824 0.0341 0.2453 -0.9813 0.0196 0.2603
54.0 -1.0174 0.0178 0.2585 -0.9477 0.0015 0.2821 -0.9001 0.0061 0.2821 -0.8954 0.0245 0.2638 -0.9072 0.0418 0.2449 -0.9378 0.0554 0.228 -0.9641 0.0048 0.2771 -0.9634 0.0159 0.2658 -0.9686 0.0256 0.2554 -0.9792 0.0357 0.2439 -0.9785 0.02 0.2602
55.0 -1.0137 0.0219 0.2547 -0.9472 0.004 0.2796 -0.8958 0.0067 0.2819 -0.8895 0.0259 0.263 -0.9014 0.0438 0.2434 -0.932 0.0574 0.2265 -0.9575 0.0075 0.275 -0.9559 0.0181 0.2643 -0.9612 0.0284 0.2532 -0.9725 0.0379 0.2424 -0.9722 0.0228 0.2579
56.0 -1.0122 0.0234 0.2533 -0.9391 0.0076 0.2767 -0.8883 0.0089 0.2804 -0.8838 0.0285 0.2609 -0.8957 0.0464 0.2413 -0.9269 0.0587 0.2257 -0.9515 0.0083 0.2747 -0.9517 0.0193 0.2635 -0.957 0.0296 0.2525 -0.9675 0.0392 0.2416 -0.968 0.0239 0.2571
57.0 -0.9953 0.0275 0.2508 -0.9071 0.0162 0.2711 -0.8593 0.0141 0.278 -0.8541 0.0349 0.2572 -0.8709 0.0553 0.2348 -0.9027 0.0662 0.2204 -0.927 0.0141 0.2713 -0.9263 0.0252 0.26 -0.9325 0.0353 0.249 -0.9438 0.0448 0.2382 -0.945 0.0294 0.2539
58.0 -0.9611 0.0327 0.2489 -0.876 0.024 0.2662 -0.8266 0.0136 0.2818 -0.8225 0.0404 0.2547 -0.8422 0.0622 0.2305 -0.8733 0.0739 0.2155 -0.8961 0.0183 0.2701 -0.8956 0.0305 0.2576 -0.9019 0.0413 0.2459 -0.9132 0.0508 0.2351 -0.9136 0.0347 0.2515
59.0 -0.9539 0.0318 0.2505 -0.8679 0.0282 0.2627 -0.8173 0.0155 0.2808 -0.8148 0.0414 0.2544 -0.8356 0.0649 0.2284 -0.865 0.0768 0.2133 -0.8919 0.0194 0.2693 -0.8913 0.0311 0.2574 -0.8967 0.042 0.2457 -0.9072 0.0516 0.2349 -0.9082 0.0352 0.2516
60.0 -0.9453 0.033 0.2501 -0.8608 0.0279 0.2637 -0.8078 0.0167 0.2804 -0.8046 0.0434 0.2534 -0.8256 0.0681 0.2261 -0.8591 0.0782 0.2124 -0.88 0.0217 0.2682 -0.8802 0.0332 0.2564 -0.8874 0.0439 0.2448 -0.8986 0.0527 0.2346 -0.8983 0.0369 0.2508
61.0 -0.9385 0.0345 0.2492 -0.8555 0.0329 0.2591 -0.8003 0.019 0.2789 -0.8049 0.0452 0.2516 -0.819 0.0702 0.2246 -0.8535 0.0814 0.2097 -0.8722 0.0227 0.2679 -0.8726 0.0349 0.2554 -0.879 0.0462 0.2432 -0.8912 0.0556 0.2324 -0.8907 0.0388 0.2496
62.0 -0.9316 0.0354 0.249 -0.8482 0.0363 0.2564 -0.8007 0.0214 0.2764 -0.8047 0.044 0.2528 -0.8099 0.0739 0.2218 -0.8468 0.0835 0.2082 -0.8663 0.0241 0.2671 -0.8674 0.0356 0.2552 -0.8738 0.0469 0.243 -0.8861 0.0569 0.2316 -0.8851 0.0398 0.2492
63.0 -0.923 0.0366 0.2486 -0.8405 0.0374 0.2561 -0.8011 0.0237 0.2739 -0.8048 0.0446 0.2522 -0.81 0.0745 0.2212 -0.8419 0.0854 0.2068 -0.8631 0.0258 0.2657 -0.8642 0.0372 0.2539 -0.8696 0.0481 0.2422 -0.8803 0.0589 0.2301 -0.8801 0.0413 0.2481
64.0 -0.917 0.0374 0.2484 -0.8332 0.0408 0.2533 -0.802 0.0285 0.2689 -0.8047 0.044 0.2528 -0.81 0.0745 0.2212 -0.8369 0.0873 0.2053 -0.858 0.0271 0.2649 -0.8593 0.0391 0.2524 -0.8648 0.0506 0.2401 -0.8746 0.0615 0.228 -0.8747 0.0431 0.2468
65.0 -0.9093 0.0434 0.2431 -0.826 0.0448 0.2499 -0.8021 0.0291 0.2683 -0.8045 0.0428 0.254 -0.8103 0.0763 0.2193 -0.8261 0.0906 0.203 -0.8459 0.033 0.26 -0.8452 0.0441 0.2487 -0.8507 0.0555 0.2365 -0.8621 0.0656 0.225 -0.8626 0.0483 0.2427
66.0 -0.9069 0.0449 0.2418 -0.8163 0.0449 0.2508 -0.8028 0.0333 0.264 -0.8066 0.0548 0.2416 -0.8112 0.081 0.2143 -0.8212 0.0931 0.201 -0.842 0.0359 0.2574 -0.8413 0.047 0.2461 -0.8467 0.0579 0.2344 -0.8571 0.0669 0.2242 -0.8588 0.0505 0.2408
67.0 -0.9053 0.0457 0.2411 -0.8129 0.0454 0.2506 -0.8027 0.0327 0.2646 -0.8054 0.0482 0.2485 -0.8107 0.078 0.2174 -0.8147 0.0958 0.1989 -0.8387 0.037 0.2566 -0.8388 0.048 0.2454 -0.8441 0.0583 0.2343 -0.8528 0.0675 0.2241 -0.8559 0.0513 0.2403
68.0 -0.8986 0.0478 0.2396 -0.8082 0.0442 0.2523 -0.8032 0.0357 0.2615 -0.806 0.0512 0.2454 -0.8106 0.0774 0.2181 -0.8139 0.0965 0.1982 -0.8337 0.0389 0.2552 -0.8339 0.0499 0.2439 -0.8384 0.0609 0.2323 -0.848 0.07 0.222 -0.8505 0.0535 0.2386
69.0 -0.8933 0.0473 0.2406 -0.8046 0.0434 0.2534 -0.8065 0.0542 0.2423 -0.8085 0.0655 0.2305 -0.8109 0.0792 0.2162 -0.8138 0.0959 0.1988 -0.8242 0.0451 0.2498 -0.8275 0.0538 0.2406 -0.8342 0.062 0.2315 -0.8452 0.0691 0.2231 -0.8449 0.0555 0.2371
70.0 -0.8698 0.0438 0.2466 -0.8055 0.0488 0.2478 -0.8079 0.0625 0.2336 -0.809 0.0685 0.2274 -0.8106 0.0774 0.2181 -0.8125 0.0888 0.2063 -0.8054 0.0482 0.2485 -0.808 0.0576 0.2386 -0.8154 0.0652 0.2301 -0.8272 0.0721 0.2218 -0.8252 0.0574 0.2371
71.0 -0.871 0.0461 0.2441 -0.806 0.0512 0.2454 -0.8082 0.0637 0.2323 -0.8091 0.0691 0.2267 -0.8102 0.0757 0.2199 -0.8121 0.0864 0.2087 -0.8053 0.0476 0.2491 -0.8086 0.0563 0.2398 -0.8169 0.0632 0.232 -0.8278 0.0702 0.2237 -0.8259 0.0567 0.2378
72.0 -0.8731 0.0476 0.2423 -0.8115 0.0828 0.2125 -0.8109 0.0792 0.2162 -0.8097 0.0727 0.223 -0.8085 0.0655 0.2305 -0.8064 0.0536 0.2429 -0.8108 0.064 0.2318 -0.8087 0.0569 0.2392 -0.8091 0.0489 0.2473 -0.8112 0.0407 0.2555 -0.8226 0.0516 0.2433
73.0 -0.8718 0.0454 0.2448 -0.8062 0.0524 0.2441 -0.8082 0.0637 0.2323 -0.8088 0.0673 0.2286 -0.8095 0.0715 0.2243 -0.812 0.0858 0.2094 -0.8056 0.0494 0.2472 -0.8078 0.0564 0.2398 -0.8166 0.062 0.2333 -0.8282 0.0677 0.2262 -0.826 0.0562 0.2383
74.0 -0.8701 0.0456 0.2447 -0.8089 0.0679 0.228 -0.8096 0.0721 0.2236 -0.8096 0.0721 0.2236 -0.8097 0.0727 0.223 -0.8102 0.0757 0.2199 -0.8072 0.0584 0.2379 -0.8072 0.0584 0.2379 -0.8115 0.0578 0.2381 -0.8196 0.0585 0.2365 -0.8231 0.0557 0.239
75.0 -0.8729 0.0464 0.2436 -0.8125 0.0888 0.2063 -0.8111 0.0804 0.215 -0.8096 0.0721 0.2236 -0.8078 0.0619 0.2342 -0.8049 0.0452 0.2516 -0.8097 0.0678 0.228 -0.8074 0.0595 0.2367 -0.8068 0.0511 0.2454 -0.8095 0.0415 0.2549 -0.8213 0.0533 0.2417
76.0 -0.871 0.0461 0.2441 -0.812 0.0858 0.2094 -0.8108 0.0786 0.2168 -0.8095 0.0715 0.2243 -0.8075 0.0601 0.236 -0.8049 0.0452 0.2516 -0.8117 0.0687 0.2268 -0.8086 0.0612 0.2348 -0.8079 0.0522 0.2442 -0.8089 0.0429 0.2536 -0.8216 0.0542 0.2407
77.0 -0.8671 0.0436 0.2471 -0.8065 0.0542 0.2423 -0.8105 0.0768 0.2187 -0.8115 0.0828 0.2125 -0.8124 0.0882 0.2069 -0.8132 0.0924 0.2025 -0.8069 0.0566 0.2398 -0.8082 0.0637 0.2323 -0.8151 0.0683 0.227 -0.8264 0.0723 0.2218 -0.8247 0.0609 0.2336
78.0 -0.8644 0.0433 0.2476 -0.8069 0.0566 0.2398 -0.8102 0.0757 0.2199 -0.8112 0.081 0.2143 -0.8121 0.0864 0.2087 -0.813 0.0912 0.2038 -0.8074 0.0595 0.2367 -0.8095 0.0666 0.2293 -0.8175 0.0716 0.2233 -0.8269 0.0752 0.2187 -0.8251 0.0633 0.2311
79.0 -0.8635 0.0434 0.2476 -0.8069 0.0566 0.2398 -0.81 0.0745 0.2212 -0.8113 0.0816 0.2137 -0.8122 0.087 0.2081 -0.8132 0.0924 0.2025 -0.8073 0.0589 0.2373 -0.8095 0.0666 0.2293 -0.8177 0.0728 0.2221 -0.8263 0.0771 0.2168 -0.8249 0.0638 0.2306
80.0 -0.863 0.0453 0.2457 -0.8074 0.0595 0.2367 -0.8098 0.0733 0.2224 -0.8112 0.081 0.2143 -0.8121 0.0864 0.2087 -0.8132 0.0924 0.2025 -0.8074 0.0595 0.2367 -0.8087 0.0667 0.2292 -0.8142 0.0733 0.2219 -0.8231 0.0788 0.2154 -0.8233 0.0647 0.2298
80.0 -0.863 0.0453 0.2457 -0.8074 0.0595 0.2367 -0.8098 0.0733 0.2224 -0.8112 0.081 0.2143 -0.8121 0.0864 0.2087 -0.8132 0.0924 0.2025 -0.8074 0.0595 0.2367 -0.8087 0.0667 0.2292 -0.8142 0.0733 0.2219 -0.8231 0.0788 0.2154 -0.8233 0.0647 0.2298
80.0 -0.863 0.0453 0.2457 -0.8074 0.0595 0.2367 -0.8098 0.0733 0.2224 -0.8112 0.081 0.2143 -0.8121 0.0864 0.2087 -0.8132 0.0924 0.2025 -0.8074 0.0595 0.2367 -0.8087 0.0667 0.2292 -0.8142 0.0733 0.2219 -0.8231 0.0788 0.2154 -0.8233 0.0647 0.2298
80.0 -0.863 0.0453 0.2457 -0.8074 0.0595 0.2367 -0.8098 0.0733 0.2224 -0.8112 0.081 0.2143 -0.8121 0.0864 0.2087 -0.8132 0.0924 0.2025 -0.8074 0.0595 0.2367 -0.8087 0.0667 0.2292 -0.8142 0.0733 0.2219 -0.8231 0.0788 0.2154 -0.8233 0.0647 0.2298
80.0 -0.863 0.0453 0.2457 -0.8074 0.0595 0.2367 -0.8098 0.0733 0.2224 -0.8112 0.081 0.2143 -0.8121 0.0864 0.2087 -0.8132 0.0924 0.2025 -0.8074 0.0595 0.2367 -0.8087 0.0667 0.2292 -0.8142 0.0733 0.2219 -0.8231 0.0788 0.2154 -0.8233 0.0647 0.2298
80.0 -0.863 0.0453 0.2457 -0.8074 0.0595 0.2367 -0.8098 0.0733 0.2224 -0.8112 0.081 0.2143 -0.8121 0.0864 0.2087 -0.8132 0.0924 0.2025 -0.8074 0.0595 0.2367 -0.8087 0.0667 0.2292 -0.8142 0.0733 0.2219 -0.8231 0.0788 0.2154 -0.8233 0.0647 0.2298
80.0 -0.863 0.0453 0.2457 -0.8074 0.0595 0.2367 -0.8098 0.0733 0.2224 -0.8112 0.081 0.2143 -0.8121 0.0864 0.2087 -0.8132 0.0924 0.2025 -0.8074 0.0595 0.2367 -0.8087 0.0667 0.2292 -0.8142 0.0733 0.2219 -0.8231 0.0788 0.2154 -0.8233 0.0647 0.2298
80.0 -0.863 0.0453 0.2457 -0.8074 0.0595 0.2367 -0.8098 0.0733 0.2224 -0.8112 0.081 0.2143 -0.8121 0.0864 0.2087 -0.8132 0.0924 0.2025 -0.8074 0.0595 0.2367 -0.8087 0.0667 0.2292 -0.8142 0.0733 0.2219 -0.8231 0.0788 0.2154 -0.8233 0.0647 0.2298
80.0 -0.863 0.0453 0.2457 -0.8074 0.0595 0.2367 -0.8098 0.0733 0.2224 -0.8112 0.081 0.2143 -0.8121 0.0864 0.2087 -0.8132 0.0924 0.2025 -0.8074 0.0595 0.2367 -0.8087 0.0667 0.2292 -0.8142 0.0733 0.2219 -0.8231 0.0788 0.2154 -0.8233 0.0647 0.2298
80.0 -0.863 0.0453 0.2457 -0.8074 0.0595 0.2367 -0.8098 0.0733 0.2224 -0.8112 0.081 0.2143 -0.8121 0.0864 0.2087 -0.8132 0.0924 0.2025 -0.8074 0.0595 0.2367 -0.8087 0.0667 0.2292 -0.8142 0.0733 0.2219 -0.8231 0.0788 0.2154 -0.8233 0.0647 0.2298
80.0 -0.863 0.0453 0.2457 -0.8074 0.0595 0.2367 -0.8098 0.0733 0.2224 -0.8112 0.081 0.2143 -0.8121 0.0864 0.2087 -0.8132 0.0924 0.2025 -0.8074 0.0595 0.2367 -0.8087 0.0667 0.2292 -0.8142 0.0733 0.2219 -0.8231 0.0788 0.2154 -0.8233 0.0647 0.2298
80.0 -0.863 0.0453 0.2457 -0.8074 0.0595 0.2367 -0.8098 0.0733 0.2224 -0.8112 0.081 0.2143 -0.8121 0.0864 0.2087 -0.8132 0.0924 0.2025 -0.8074 0.0595 0.2367 -0.8087 0.0667 0.2292 -0.8142 0.0733 0.2219 -0.8231 0.0788 0.2154 -0.8233 0.0647 0.2298
80.0 -0.863 0.0453 0.2457 -0.8074 0.0595 0.2367 -0.8098 0.0733 0.2224 -0.8112 0.081 0.2143 -0.8121 0.0864 0.2087 -0.8132 0.0924 0.2025 -0.8074 0.0595 0.2367 -0.8087 0.0667 0.2292 -0.8142 0.0733 0.2219 -0.8231 0.0788 0.2154 -0.8233 0.0647 0.2298
80.0 -0.863 0.0453 0.2457 -0.8074 0.0595 0.2367 -0.8098 0.0733 0.2224 -0.8112 0.081 0.2143 -0.8121 0.0864 0.2087 -0.8132 0.0924 0.2025 -0.8074 0.0595 0.2367 -0.8087 0.0667 0.2292 -0.8142 0.0733 0.2219 -0.8231 0.0788 0.2154 -0.8233 0.0647 0.2298
80.0 -0.863 0.0453 0.2457 -0.8074 0.0595 0.2367 -0.8098 0.0733 0.2224 -0.8112 0.081 0.2143 -0.8121 0.0864 0.2087 -0.8132 0.0924 0.2025 -0.8074 0.0595 0.2367 -0.8087 0.0667 0.2292 -0.8142 0.0733 0.2219 -0.8231 0.0788 0.2154 -0.8233 0.0647 0.2298
80.0 -0.863 0.0453 0.2457 -0.8074 0.0595 0.2367 -0.8098 0.0733 0.2224 -0.8112 0.081 0.2143 -0.8121 0.0864 0.2087 -0.8132 0.0924 0.2025 -0.8074 0.0595 0.2367 -0.8087 0.0667 0.2292 -0.8142 0.0733 0.2219 -0.8231 0.0788 0.2154 -0.8233 0.0647 0.2298
80.0 -0.863 0.0453 0.2457 -0.8074 0.0595 0.2367 -0.8098 0.0733 0.2224 -0.8112 0.081 0.2143 -0.8121 0.0864 0.2087 -0.8132 0.0924 0.2025 -0.8074 0.0595 0.2367 -0.8087 0.0667 0.2292 -0.8142 0.0733 0.2219 -0.8231 0.0788 0.2154 -0.8233 0.0647 0.2298
80.0 -0.863 0.0453 0.2457 -0.8074 0.0595 0.2367 -0.8098 0.0733 0.2224 -0.8112 0.081 0.2143 -0.8121 0.0864 0.2087 -0.8132 0.0924 0.2025 -0.8074 0.0595 0.2367 -0.8087 0.0667 0.2292 -0.8142 0.0733 0.2219 -0.8231 0.0788 0.2154 -0.8233 0.0647 0.2298
80.0 -0.863 0.0453 0.2457 -0.8074 0.0595 0.2367 -0.8098 0.0733 0.2224 -0.8112 0.081 0.2143 -0.8121 0.0864 0.2087 -0.8132 0.0924 0.2025 -0.8074 0.0595 0.2367 -0.8087 0.0667 0.2292 -0.8142 0.0733 0.2219 -0.8231 0.0788 0.2154 -0.8233 0.0647 0.2298
80.0 -0.863 0.0453 0.2457 -0.8074 0.0595 0.2367 -0.8098 0.0733 0.2224 -0.8112 0.081 0.2143 -0.8121 0.0864 0.2087 -0.8132 0.0924 0.2025 -0.8074 0.0595 0.2367 -0.8087 0.0667 0.2292 -0.8142 0.0733 0.2219 -0.8231 0.0788 0.2154 -0.8233 0.0647 0.2298
80.0 -0.863 0.0453 0.2457 -0.8074 0.0595 0.2367 -0.8098 0.0733 0.2224 -0.8112 0.081 0.2143 -0.8121 0.0864 0.2087 -0.8132 0.0924 0.2025 -0.8074 0.0595 0.2367 -0.8087 0.0667 0.2292 -0.8142 0.0733 0.2219 -0.8231 0.0788 0.2154 -0.8233 0.0647 0.2298
80.0 -0.863 0.0453 0.2457 -0.8074 0.0595 0.2367 -0.8098 0.0733 0.2224 -0.8112 0.081 0.2143 -0.8121 0.0864 0.2087 -0.8132 0.0924 0.2025 -0.8074 0.0595 0.2367 -0.8087 0.0667 0.2292 -0.8142 0.0733 0.2219 -0.8231 0.0788 0.2154 -0.8233 0.0647 0.2298
80.0 -0.863 0.0453 0.2457 -0.8074 0.0595 0.2367 -0.8098 0.0733 0.2224 -0.8112 0.081 0.2143 -0.8121 0.0864 0.2087 -0.8132 0.0924 0.2025 -0.8074 0.0595 0.2367 -0.8087 0.0667 0.2292 -0.8142 0.0733 0.2219 -0.8231 0.0788 0.2154 -0.8233 0.0647 0.2298
80.0 -0.863 0.0453 0.2457 -0.8074 0.0595 0.2367 -0.8098 0.0733 0.2224 -0.8112 0.081 0.2143 -0.8121 0.0864 0.2087 -0.8132 0.0924 0.2025 -0.8074 0.0595 0.2367 -0.8087 0.0667 0.2292 -0.8142 0.0733 0.2219 -0.8231 0.0788 0.2154 -0.8233 0.0647 0.2298
80.0 -0.863 0.0453 0.2457 -0.8074 0.0595 0.2367 -0.8098 0.0733 0.2224 -0.8112 0.081 0.2143 -0.8121 0.0864 0.2087 -0.8132 0.0924 0.2025 -0.8074 0.0595 0.2367 -0.8087 0.0667 0.2292 -0.8142 0.0733 0.2219 -0.8231 0.0788 0.2154 -0.8233 0.0647 0.2298
80.0 -0.863 0.0453 0.2457 -0.8074 0.0595 0.2367 -0.8098 0.0733 0.2224 -0.8112 0.081 0.2143 -0.8121 0.0864 0.2087 -0.8132 0.0924 0.2025 -0.8074 0.0595 0.2367 -0.8087 0.0667 0.2292 -0.8142 0.0733 0.2219 -0.8231 0.0788 0.2154 -0.8233 0.0647 0.2298
80.0 -0.863 0.0453 0.2457 -0.8074 0.0595 0.2367 -0.8098 0.0733 0.2224 -0.8112 0.081 0.2143 -0.8121 0.0864 0.2087 -0.8132 0.0924 0.2025 -0.8074 0.0595 0.2367 -0.8087 0.0667 0.2292 -0.8142 0.0733 0.2219 -0.8231 0.0788 0.2154 -0.8233 0.0647 0.2298
80.0 -0.863 0.0453 0.2457 -0.8074 0.0595 0.2367 -0.8098 0.0733 0.2224 -0.8112 0.081 0.2143 -0.8121 0.0864 0.2087 -0.8132 0.0924 0.2025 -0.8074 0.0595 0.2367 -0.8087 0.0667 0.2292 -0.8142 0.0733 0.2219 -0.8231 0.0788 0.2154 -0.8233 0.0647 0.2298
80.0 -0.863 0.0453 0.2457 -0.8074 0.0595 0.2367 -0.8098 0.0733 0.2224 -0.8112 0.081 0.2143 -0.8121 0.0864 0.2087 -0.8132 0.0924 0.2025 -0.8074 0.0595 0.2367 -0.8087 0.0667 0.2292 -0.8142 0.0733 0.2219 -0.8231 0.0788 0.2154 -0.8233 0.0647 0.2298
80.0 -0.863 0.0453 0.2457 -0.8074 0.0595 0.2367 -0.8098 0.0733 0.2224 -0.8112 0.081 0.2143 -0.8121 0.0864 0.2087 -0.8132 0.0924 0.2025 -0.8074 0.0595 0.2367 -0.8087 0.0667 0.2292 -0.8142 0.0733 0.2219 -0.8231 0.0788 0.2154 -0.8233 0.0647 0.2298
80.0 -0.863 0.0453 0.2457 -0.8074 0.0595 0.2367 -0.8098 0.0733 0.2224 -0.8112 0.081 0.2143 -0.8121 0.0864 0.2087 -0.8132 0.0924 0.2025 -0.8074 0.0595 0.2367 -0.8087 0.0667 0.2292 -0.8142 0.0733 0.2219 -0.8231 0.0788 0.2154 -0.8233 0.0647 0.2298
80.0 -0.863 0.0453 0.2457 -0.8074 0.0595 0.2367 -0.8098 0.0733 0.2224 -0.8112 0.081 0.2143 -0.8121 0.0864 0.2087 -0.8132 0.0924 0.2025 -0.8074 0.0595 0.2367 -0.8087 0.0667 0.2292 -0.8142 0.0733 0.2219 -0.8231 0.0788 0.2154 -0.8233 0.0647 0.2298
80.0 -0.863 0.0453 0.2457 -0.8074 0.0595 0.2367 -0.8098 0.0733 0.2224 -0.8112 0.081 0.2143 -0.8121 0.0864 0.2087 -0.8132 0.0924 0.2025 -0.8074 0.0595 0.2367 -0.8087 0.0667 0.2292 -0.8142 0.0733 0.2219 -0.8231 0.0788 0.2154 -0.8233 0.0647 0.2298
80.0 -0.863 0.0453 0.2457 -0.8074 0.0595 0.2367 -0.8098 0.0733 0.2224 -0.8112 0.081 0.2143 -0.8121 0.0864 0.2087 -0.8132 0.0924 0.2025 -0.8074 0.0595 0.2367 -0.8087 0.0667 0.2292 -0.8142 0.0733 0.2219 -0.8231 0.0788 0.2154 -0.8233 0.0647 0.2298
80.0 -0.863 0.0453 0.2457 -0.8074 0.0595 0.2367 -0.8098 0.0733 0.2224 -0.8112 0.081 0.2143 -0.8121 0.0864 0.2087 -0.8132 0.0924 0.2025 -0.8074 0.0595 0.2367 -0.8087 0.0667 0.2292 -0.8142 0.0733 0.2219 -0.8231 0.0788 0.2154 -0.8233 0.0647 0.2298
80.0 -0.863 0.0453 0.2457 -0.8074 0.0595 0.2367 -0.8098 0.0733 0.2224 -0.8112 0.081 0.2143 -0.8121 0.0864 0.2087 -0.8132 0.0924 0.2025 -0.8074 0.0595 0.2367 -0.8087 0.0667 0.2292 -0.8142 0.0733 0.2219 -0.8231 0.0788 0.2154 -0.8233 0.0647 0.2298
80.0 -0.863 0.0453 0.2457 -0.8074 0.0595 0.2367 -0.8098 0.0733 0.2224 -0.8112 0.081 0.2143 -0.8121 0.0864 0.2087 -0.8132 0.0924 0.2025 -0.8074 0.0595 0.2367 -0.8087 0.0667 0.2292 -0.8142 0.0733 0.2219 -0.8231 0.0788 0.2154 -0.8233 0.0647 0.2298
80.0 -0.863 0.0453 0.2457 -0.8074 0.0595 0.2367 -0.8098 0.0733 0.2224 -0.8112 0.081 0.2143 -0.8121 0.0864 0.2087 -0.8132 0.0924 0.2025 -0.8074 0.0595 0.2367 -0.8087 0.0667 0.2292 -0.8142 0.0733 0.2219 -0.8231 0.0788 0.2154 -0.8233 0.0647 0.2298
80.0 -0.863 0.0453 0.2457 -0.8074 0.0595 0.2367 -0.8098 0.0733 0.2224 -0.8112 0.081 0.2143 -0.8121 0.0864 0.2087 -0.8132 0.0924 0.2025 -0.8074 0.0595 0.2367 -0.8087 0.0667 0.2292 -0.8142 0.0733 0.2219 -0.8231 0.0788 0.2154 -0.8233 0.0647 0.2298
80.0 -0.863 0.0453 0.2457 -0.8074 0.0595 0.2367 -0.8098 0.0733 0.2224 -0.8112 0.081 0.2143 -0.8121 0.0864 0.2087 -0.8132 0.0924 0.2025 -0.8074 0.0595 0.2367 -0.8087 0.0667 0.2292 -0.8142 0.0733 0.2219 -0.8231 0.0788 0.2154 -0.8233 0.0647 0.2298
80.0 -0.863 0.0453 0.2457 -0.8074 0.0595 0.2367 -0.8098 0.0733 0.2224 -0.8112 0.081 0.2143 -0.8121 0.0864 0.2087 -0.8132 0.0924 0.2025 -0.8074 0.0595 0.2367 -0.8087 0.0667 0.2292 -0.8142 0.0733 0.2219 -0.8231 0.0788 0.2154 -0.8233 0.0647 0.2298
80.0 -0.863 0.0453 0.2457 -0.8074 0.0595 0.2367 -0.8098 0.0733 0.2224 -0.8112 0.081 0.2143 -0.8121 0.0864 0.2087 -0.8132 0.0924 0.2025 -0.8074 0.0595 0.2367 -0.8087 0.0667 0.2292 -0.8142 0.0733 0.2219 -0.8231 0.0788 0.2154 -0.8233 0.0647 0.2298
80.0 -0.863 0.0453 0.2457 -0.8074 0.0595 0.2367 -0.8098 0.0733 0.2224 -0.8112 0.081 0.2143 -0.8121 0.0864 0.2087 -0.8132 0.0924 0.2025 -0.8074 0.0595 0.2367 -0.8087 0.0667 0.2292 -0.8142 0.0733 0.2219 -0.8231 0.0788 0.2154 -0.8233 0.0647 0.2298
80.0 -0.863 0.0453 0.2457 -0.8074 0.0595 0.2367 -0.8098 0.0733 0.2224 -0.8112 0.081 0.2143 -0.8121 0.0864 0.2087 -0.8132 0.0924 0.2025 -0.8074 0.0595 0.2367 -0.8087 0.0667 0.2292 -0.8142 0.0733 0.2219 -0.8231 0.0788 0.2154 -0.8233 0.0647 0.2298
80.0 -0.863 0.0453 0.2457 -0.8074 0.0595 0.2367 -0.8098 0.0733 0.2224 -0.8112 0.081 0.2143 -0.8121 0.0864 0.2087 -0.8132 0.0924 0.2025 -0.8074 0.0595 0.2367 -0.8087 0.0667 0.2292 -0.8142 0.0733 0.2219 -0.8231 0.0788 0.2154 -0.8233 0.0647 0.2298
80.0 -0.863 0.0453 0.2457 -0.8074 0.0595 0.2367 -0.8098 0.0733 0.2224 -0.8112 0.081 0.2143 -0.8121 0.0864 0.2087 -0.8132 0.0924 0.2025 -0.8074 0.0595 0.2367 -0.8087 0.0667 0.2292 -0.8142 0.0733 0.2219 -0.8231 0.0788 0.2154 -0.8233 0.0647 0.2298
80.0 -0.863 0.0453 0.2457 -0.8074 0.0595 0.2367 -0.8098 0.0733 0.2224 -0.8112 0.081 0.2143 -0.8121 0.0864 0.2087 -0.8132 0.0924 0.2025 -0.8074 0.0595 0.2367 -0.8087 0.0667 0.2292 -0.8142 0.0733 0.2219 -0.8231 0.0788 0.2154 -0.8233 0.0647 0.2298
80.0 -0.863 0.0453 0.2457 -0.8074 0.0595 0.2367 -0.8098 0.0733 0.2224 -0.8112 0.081 0.2143 -0.8121 0.0864 0.2087 -0.8132 0.0924 0.2025 -0.8074 0.0595 0.2367 -0.8087 0.0667 0.2292 -0.8142 0.0733 0.2219 -0.8231 0.0788 0.2154 -0.8233 0.0647 0.2298
80.0 -0.863 0.0453 0.2457 -0.8074 0.0595 0.2367 -0.8098 0.0733 0.2224 -0.8112 0.081 0.2143 -0.8121 0.0864 0.2087 -0.8132 0.0924 0.2025 -0.8074 0.0595 0.2367 -0.8087 0.0667 0.2292 -0.8142 0.0733 0.2219 -0.8231 0.0788 0.2154 -0.8233 0.0647 0.2298
80.0 -0.863 0.0453 0.2457 -0.8074 0.0595 0.2367 -0.8098 0.0733 0.2224 -0.8112 0.081 0.2143 -0.8121 0.0864 0.2087 -0.8132 0.0924 0.2025 -0.8074 0.0595 0.2367 -0.8087 0.0667 0.2292 -0.8142 0.0733 0.2219 -0.8231 0.0788 0.2154 -0.8233 0.0647 0.2298
80.0 -0.863 0.0453 0.2457 -0.8074 0.0595 0.2367 -0.8098 0.0733 0.2224 -0.8112 0.081 0.2143 -0.8121 0.0864 0.2087 -0.8132 0.0924 0.2025 -0.8074 0.0595 0.2367 -0.8087 0.0667 0.2292 -0.8142 0.0733 0.2219 -0.8231 0.0788 0.2154 -0.8233 0.0647 0.2298
80.0 -0.863 0.0453 0.2457 -0.8074 0.0595 0.2367 -0.8098 0.0733 0.2224 -0.8112 0.081 0.2143 -0.8121 0.0864 0.2087 -0.8132 0.0924 0.2025 -0.8074 0.0595 0.2367 -0.8087 0.0667 0.2292 -0.8142 0.0733 0.2219 -0.8231 0.0788 0.2154 -0.8233 0.0647 0.2298
80.0 -0.863 0.0453 0.2457 -0.8074 0.0595 0.2367 -0.8098 0.0733 0.2224 -0.8112 0.081 0.2143 -0.8121 0.0864 0.2087 -0.8132 0.0924 0.2025 -0.8074 0.0595 0.2367 -0.8087 0.0667 0.2292 -0.8142 0.0733 0.2219 -0.8231 0.0788 0.2154 -0.8233 0.0647 0.2298
80.0 -0.863 0.0453 0.2457 -0.8074 0.0595 0.2367 -0.8098 0.0733 0.2224 -0.8112 0.081 0.2143 -0.8121 0.0864 0.2087 -0.8132 0.0924 0.2025 -0.8074 0.0595 0.2367 -0.8087 0.0667 0.2292 -0.8142 0.0733 0.2219 -0.8231 0.0788 0.2154 -0.8233 0.0647 0.2298
80.0 -0.863 0.0453 0.2457 -0.8074 0.0595 0.2367 -0.8098 0.0733 0.2224 -0.8112 0.081 0.2143 -0.8121 0.0864 0.2087 -0.8132 0.0924 0.2025 -0.8074 0.0595 0.2367 -0.8087 0.0667 0.2292 -0.8142 0.0733 0.2219 -0.8231 0.0788 0.2154 -0.8233 0.0647 0.2298
80.0 -0.863 0.0453 0.2457 -0.8074 0.0595 0.2367 -0.8098 0.0733 0.2224 -0.8112 0.081 0.2143 -0.8121 0.0864 0.2087 -0.8132 0.0924 0.2025 -0.8074 0.0595 0.2367 -0.8087 0.0667 0.2292 -0.8142 0.0733 0.2219 -0.8231 0.0788 0.2154 -0.8233 0.0647 0.2298
80.0 -0.863 0.0453 0.2457 -0.8074 0.0595 0.2367 -0.8098 0.0733 0.2224 -0.8112 0.081 0.2143 -0.8121 0.0864 0.2087 -0.8132 0.0924 0.2025 -0.8074 0.0595 0.2367 -0.8087 0.0667 0.2292 -0.8142 0.0733 0.2219 -0.8231 0.0788 0.2154 -0.8233 0.0647 0.2298
80.0 -0.863 0.0453 0.2457 -0.8074 0.0595 0.2367 -0.8098 0.0733 0.2224 -0.8112 0.081 0.2143 -0.8121 0.0864 0.2087 -0.8132 0.0924 0.2025 -0.8074 0.0595 0.2367 -0.8087 0.0667 0.2292 -0.8142 0.0733 0.2219 -0.8231 0.0788 0.2154 -0.8233 0.0647 0.2298
80.0 -0.863 0.0453 0.2457 -0.8074 0.0595 0.2367 -0.8098 0.0733 0.2224 -0.8112 0.081 0.2143 -0.8121 0.0864 0.2087 -0.8132 0.0924 0.2025 -0.8074 0.0595 0.2367 -0.8087 0.0667 0.2292 -0.8142 0.0733 0.2219 -0.8231 0.0788 0.2154 -0.8233 0.0647 0.2298
80.0 -0.863 0.0453 0.2457 -0.8074 0.0595 0.2367 -0.8098 0.0733 0.2224 -0.8112 0.081 0.2143 -0.8121 0.0864 0.2087 -0.8132 0.0924 0.2025 -0.8074 0.0595 0.2367 -0.8087 0.0667 0.2292 -0.8142 0.0733 0.2219 -0.8231 0.0788 0.2154 -0.8233 0.0647 0.2298
80.0 -0.863 0.0453 0.2457 -0.8074 0.0595 0.2367 -0.8098 0.0733 0.2224 -0.8112 0.081 0.2143 -0.8121 0.0864 0.2087 -0.8132 0.0924 0.2025 -0.8074 0.0595 0.2367 -0.8087 0.0667 0.2292 -0.8142 0.0733 0.2219 -0.8231 0.0788 0.2154 -0.8233 0.0647 0.2298
80.0 -0.863 0.0453 0.2457 -0.8074 0.0595 0.2367 -0.8098 0.0733 0.2224 -0.8112 0.081 0.2143 -0.8121 0.0864 0.2087 -0.8132 0.0924 0.2025 -0.8074 0.0595 0.2367 -0.8087 0.0667 0.2292 -0.8142 0.0733 0.2219 -0.8231 0.0788 0.2154 -0.8233 0.0647 0.2298
80.0 -0.863 0.0453 0.2457 -0.8074 0.0595 0.2367 -0.8098 0.0733 0.2224 -0.8112 0.081 0.2143 -0.8121 0.0864 0.2087 -0.8132 0.0924 0.2025 -0.8074 0.0595 0.2367 -0.8087 0.0667 0.2292 -0.8142 0.0733 0.2219 -0.8231 0.0788 0.2154 -0.8233 0.0647 0.2298
80.0 -0.863 0.0453 0.2457 -0.8074 0.0595 0.2367 -0.8098 0.0733 0.2224 -0.8112 0.081 0.2143 -0.8121 0.0864 0.2087 -0.8132 0.0924 0.2025 -0.8074 0.0595 0.2367 -0.8087 0.0667 0.2292 -0.8142 0.0733 0.2219 -0.8231 0.0788 0.2154 -0.8233 0.0647 0.2298
80.0 -0.863 0.0453 0.2457 -0.8074 0.0595 0.2367 -0.8098 0.0733 0.2224 -0.8112 0.081 0.2143 -0.8121 0.0864 0.2087 -0.8132 0.0924 0.2025 -0.8074 0.0595 0.2367 -0.8087 0.0667 0.2292 -0.8142 0.0733 0.2219 -0.8231 0.0788 0.2154 -0.8233 0.0647 0.2298
80.0 -0.863 0.0453 0.2457 -0.8074 0.0595 0.2367 -0.8098 0.0733 0.2224 -0.8112 0.081 0.2143 -0.8121 0.0864 0.2087 -0.8132 0.0924 0.2025 -0.8074 0.0595 0.2367 -0.8087 0.0667 0.2292 -0.8142 0.0733 0.2219 -0.8231 0.0788 0.2154 -0.8233 0.0647 0.2298
80.0 -0.863 0.0453 0.2457 -0.8074 0.0595 0.2367 -0.8098 0.0733 0.2224 -0.8112 0.081 0.2143 -0.8121 0.0864 0.2087 -0.8132 0.0924 0.2025 -0.8074 0.0595 0.2367 -0.8087 0.0667 0.2292 -0.8142 0.0733 0.2219 -0.8231 0.0788 0.2154 -0.8233 0.0647 0.2298
80.0 -0.863 0.0453 0.2457 -0.8074 0.0595 0.2367 -0.8098 0.0733 0.2224 -0.8112 0.081 0.2143 -0.8121 0.0864 0.2087 -0.8132 0.0924 0.2025 -0.8074 0.0595 0.2367 -0.8087 0.0667 0.2292 -0.8142 0.0733 0.2219 -0.8231 0.0788 0.2154 -0.8233 0.0647 0.2298
80.0 -0.863 0.0453 0.2457 -0.8074 0.0595 0.2367 -0.8098 0.0733 0.2224 -0.8112 0.081 0.2143 -0.8121 0.0864 0.2087 -0.8132 0.0924 0.2025 -0.8074 0.0595 0.2367 -0.8087 0.0667 0.2292 -0.8142 0.0733 0.2219 -0.8231 0.0788 0.2154 -0.8233 0.0647 0.2298
80.0 -0.863 0.0453 0.2457 -0.8074 0.0595 0.2367 -0.8098 0.0733 0.2224 -0.8112 0.081 0.2143 -0.8121 0.0864 0.2087 -0.8132 0.0924 0.2025 -0.8074 0.0595 0.2367 -0.8087 0.0667 0.2292 -0.8142 0.0733 0.2219 -0.8231 0.0788 0.2154 -0.8233 0.0647 0.2298
80.0 -0.863 0.0453 0.2457 -0.8074 0.0595 0.2367 -0.8098 0.0733 0.2224 -0.8112 0.081 0.2143 -0.8121 0.0864 0.2087 -0.8132 0.0924 0.2025 -0.8074 0.0595 0.2367 -0.8087 0.0667 0.2292 -0.8142 0.0733 0.2219 -0.8231 0.0788 0.2154 -0.8233 0.0647 0.2298
80.0 -0.863 0.0453 0.2457 -0.8074 0.0595 0.2367 -0.8098 0.0733 0.2224 -0.8112 0.081 0.2143 -0.8121 0.0864 0.2087 -0.8132 0.0924 0.2025 -0.8074 0.0595 0.2367 -0.8087 0.0667 0.2292 -0.8142 0.0733 0.2219 -0.8231 0.0788 0.2154 -0.8233 0.0647 0.2298
80.0 -0.863 0.0453 0.2457 -0.8074 0.0595 0.2367 -0.8098 0.0733 0.2224 -0.8112 0.081 0.2143 -0.8121 0.0864 0.2087 -0.8132 0.0924 0.2025 -0.8074 0.0595 0.2367 -0.8087 0.0667 0.2292 -0.8142 0.0733 0.2219 -0.8231 0.0788 0.2154 -0.8233 0.0647 0.2298
80.0 -0.863 0.0453 0.2457 -0.8074 0.0595 0.2367 -0.8098 0.0733 0.2224 -0.8112 0.081 0.2143 -0.8121 0.0864 0.2087 -0.8132 0.0924 0.2025 -0.8074 0.0595 0.2367 -0.8087 0.0667 0.2292 -0.8142 0.0733 0.2219 -0.8231 0.0788 0.2154 -0.8233 0.0647 0.2298
80.0 -0.863 0.0453 0.2457 -0.8074 0.0595 0.2367 -0.8098 0.0733 0.2224 -0.8112 0.081 0.2143 -0.8121 0.0864 0.2087 -0.8132 0.0924 0.2025 -0.8074 0.0595 0.2367 -0.8087 0.0667 0.2292 -0.8142 0.0733 0.2219 -0.8231 0.0788 0.2154 -0.8233 0.0647 0.2298
80.0 -0.863 0.0453 0.2457 -0.8074 0.0595 0.2367 -0.8098 0.0733 0.2224 -0.8112 0.081 0.2143 -0.8121 0.0864 0.2087 -0.8132 0.0924 0.2025 -0.8074 0.0595 0.2367 -0.8087 0.0667 0.2292 -0.8142 0.0733 0.2219 -0.8231 0.0788 0.2154 -0.8233 0.0647 0.2298
80.0 -0.863 0.0453 0.2457 -0.8074 0.0595 0.2367 -0.8098 0.0733 0.2224 -0.8112 0.081 0.2143 -0.8121 0.0864 0.2087 -0.8132 0.0924 0.2025 -0.8074 0.0595 0.2367 -0.8087 0.0667 0.2292 -0.8142 0.0733 0.2219 -0.8231 0.0788 0.2154 -0.8233 0.0647 0.2298
80.0 -0.863 0.0453 0.2457 -0.8074 0.0595 0.2367 -0.8098 0.0733 0.2224 -0.8112 0.081 0.2143 -0.8121 0.0864 0.2087 -0.8132 0.0924 0.2025 -0.8074 0.0595 0.2367 -0.8087 0.0667 0.2292 -0.8142 0.0733 0.2219 -0.8231 0.0788 0.2154 -0.8233 0.0647 0.2298
158.0 -0.8592 0.044 0.2474 -0.8117 0.084 0.2112 -0.8087 0.0667 0.2292 -0.8071 0.0578 0.2385 -0.8053 0.0476 0.2491 -0.8032 0.0357 0.2615 -0.8082 0.0637 0.2323 -0.8067 0.0554 0.241 -0.8051 0.0464 0.2503 -0.8036 0.0375 0.2596 -0.8166 0.0494 0.2461
159.0 -0.8607 0.0426 0.2487 -0.8097 0.0727 0.223 -0.8087 0.0667 0.2292 -0.8073 0.0589 0.2373 -0.806 0.0512 0.2454 -0.8039 0.0393 0.2578 -0.8075 0.0601 0.236 -0.8062 0.0524 0.2441 -0.8048 0.0446 0.2522 -0.8034 0.0369 0.2602 -0.8165 0.0473 0.2483
160.0 -0.8646 0.0396 0.2514 -0.8107 0.078 0.2174 -0.8089 0.0679 0.228 -0.8074 0.0595 0.2367 -0.8061 0.0518 0.2447 -0.8042 0.041 0.2559 -0.8078 0.0619 0.2342 -0.8064 0.0536 0.2429 -0.805 0.0458 0.2509 -0.8037 0.0381 0.259 -0.8175 0.0478 0.2477
161.0 -0.8662 0.0388 0.2521 -0.8101 0.0751 0.2205 -0.8093 0.0703 0.2255 -0.8076 0.0607 0.2354 -0.8062 0.0524 0.2441 -0.8037 0.0381 0.259 -0.8073 0.0589 0.2373 -0.806 0.0512 0.2454 -0.8046 0.0434 0.2534 -0.803 0.0345 0.2627 -0.8174 0.0454 0.2502
162.0 -0.8645 0.039 0.252 -0.8099 0.0739 0.2218 -0.8094 0.0709 0.2249 -0.8087 0.0667 0.2292 -0.8082 0.0637 0.2323 -0.8074 0.0595 0.2367 -0.8072 0.0584 0.2379 -0.8063 0.053 0.2435 -0.8054 0.0482 0.2485 -0.8082 0.0442 0.2523 -0.8183 0.0485 0.2468
163.0 -0.8646 0.0347 0.2564 -0.8045 0.0428 0.254 -0.8079 0.0625 0.2336 -0.8091 0.0691 0.2267 -0.8101 0.0751 0.2205 -0.8112 0.081 0.2143 -0.8057 0.05 0.2466 -0.8097 0.0574 0.2386 -0.8169 0.0632 0.232 -0.8255 0.0675 0.2268 -0.8245 0.0546 0.2401
164.0 -0.8681 0.0343 0.2565 -0.8048 0.0446 0.2522 -0.8074 0.0595 0.2367 -0.8083 0.0643 0.2317 -0.8093 0.0703 0.2255 -0.8109 0.0792 0.2162 -0.8051 0.0464 0.2503 -0.8073 0.0541 0.2423 -0.8155 0.0603 0.2351 -0.8261 0.0656 0.2286 -0.8244 0.0521 0.2426
165.0 -0.8697 0.0334 0.2572 -0.8052 0.047 0.2497 -0.8082 0.0637 0.2323 -0.809 0.0685 0.2274 -0.8101 0.0751 0.2205 -0.8115 0.0828 0.2125 -0.806 0.0463 0.2504 -0.8116 0.0535 0.2425 -0.8196 0.0585 0.2365 -0.8301 0.0632 0.2307 -0.8274 0.051 0.2434
166.0 -0.8753 0.0302 0.2599 -0.8045 0.0428 0.254 -0.8064 0.0536 0.2429 -0.8076 0.0607 0.2354 -0.8091 0.0691 0.2267 -0.8118 0.0846 0.2106 -0.8088 0.0423 0.2542 -0.8138 0.0507 0.245 -0.822 0.0576 0.2372 -0.8327 0.0635 0.2302 -0.8305 0.0489 0.2453
167.0 -0.8759 0.0289 0.2612 -0.8045 0.0428 0.254 -0.807 0.0572 0.2392 -0.8083 0.0643 0.2317 -0.8092 0.0697 0.2261 -0.8115 0.0828 0.2125 -0.8126 0.0442 0.2519 -0.8174 0.0515 0.2439 -0.8263 0.057 0.2374 -0.8378 0.0622 0.231 -0.834 0.0487 0.2451
168.0 -0.8785 0.0286 0.2613 -0.8044 0.0422 0.2547 -0.8072 0.0584 0.2379 -0.8088 0.0673 0.2286 -0.8099 0.0739 0.2218 -0.8117 0.084 0.2112 -0.8141 0.0422 0.2538 -0.8188 0.0495 0.2459 -0.8278 0.0556 0.2387 -0.8394 0.0613 0.2317 -0.8357 0.0474 0.2463
169.0 -0.8842 0.026 0.2634 -0.8045 0.0428 0.254 -0.8064 0.0536 0.2429 -0.808 0.0631 0.2329 -0.8095 0.0715 0.2243 -0.8117 0.084 0.2112 -0.8164 0.0406 0.2551 -0.8212 0.0479 0.2472 -0.8302 0.054 0.24 -0.8418 0.0598 0.233 -0.8388 0.0457 0.2478
170.0 -0.8883 0.0242 0.2648 -0.8037 0.0381 0.259 -0.8067 0.0554 0.241 -0.8087 0.0667 0.2292 -0.8101 0.0751 0.2205 -0.8117 0.084 0.2112 -0.8188 0.0391 0.2565 -0.8238 0.0476 0.2473 -0.8329 0.0543 0.2395 -0.8444 0.0594 0.2331 -0.8416 0.0449 0.2482
171.0 -0.8934 0.0229 0.2656 -0.8033 0.0363 0.2609 -0.8051 0.0464 0.2503 -0.8073 0.0589 0.2373 -0.8095 0.0715 0.2243 -0.8118 0.0846 0.2106 -0.8207 0.0351 0.2603 -0.8258 0.0442 0.2505 -0.8342 0.0517 0.2421 -0.8476 0.0578 0.2345 -0.8443 0.0423 0.2506
172.0 -0.8943 0.0234 0.265 -0.8024 0.0309 0.2665 -0.8043 0.0416 0.2553 -0.8068 0.056 0.2404 -0.8091 0.0691 0.2267 -0.8119 0.0852 0.21 -0.8206 0.0346 0.2609 -0.8249 0.0438 0.2511 -0.8341 0.0511 0.2427 -0.8483 0.0571 0.2351 -0.8445 0.042 0.251
173.0 -0.8977 0.0223 0.2658 -0.8014 0.0249 0.2727 -0.804 0.0399 0.2571 -0.8069 0.0566 0.2398 -0.8092 0.0697 0.2261 -0.8144 0.0843 0.2107 -0.8247 0.0328 0.2623 -0.829 0.042 0.2525 -0.8373 0.0494 0.2441 -0.8516 0.0554 0.2365 -0.848 0.0404 0.2522
174.0 -0.9029 0.0222 0.2654 -0.8015 0.0206 0.277 -0.8039 0.0393 0.2578 -0.8071 0.0578 0.2385 -0.809 0.0685 0.2274 -0.819 0.0806 0.214 -0.8286 0.0298 0.265 -0.8331 0.0402 0.2539 -0.8424 0.0481 0.2449 -0.8567 0.0547 0.2367 -0.8527 0.039 0.2532
175.0 -0.9045 0.0214 0.266 -0.805 0.0159 0.2815 -0.8027 0.0327 0.2646 -0.8064 0.0536 0.2429 -0.8086 0.0661 0.2298 -0.8223 0.0789 0.2154 -0.8309 0.0277 0.2669 -0.8353 0.0381 0.2559 -0.8456 0.0465 0.2463 -0.8599 0.0531 0.2381 -0.8553 0.0373 0.2546
176.0 -0.9073 0.0222 0.2649 -0.8185 0.0122 0.2839 -0.8018 0.0273 0.2702 -0.8051 0.0464 0.2503 -0.8079 0.0625 0.2336 -0.8254 0.0767 0.2174 -0.8364 0.0239 0.2703 -0.8391 0.0345 0.2591 -0.8486 0.0436 0.2489 -0.8631 0.0508 0.2401 -0.8589 0.035 0.2566
177.0 -0.9103 0.0194 0.2675 -0.8135 0.0086 0.2881 -0.801 0.0231 0.2745 -0.8049 0.0452 0.2516 -0.8078 0.0619 0.2342 -0.8284 0.0738 0.22 -0.8414 0.0226 0.2711 -0.8442 0.0332 0.2599 -0.8527 0.0418 0.2503 -0.8672 0.049 0.2415 -0.8632 0.0332 0.2581
178.0 -0.914 0.0201 0.2664 -0.82 0.0059 0.2902 -0.8014 0.0249 0.2727 -0.8048 0.0446 0.2522 -0.8074 0.0595 0.2367 -0.8331 0.0707 0.2227 -0.8446 0.0209 0.2725 -0.8482 0.0314 0.2614 -0.8576 0.0399 0.2517 -0.8712 0.0473 0.2429 -0.8672 0.0319 0.259
179.0 -0.9181 0.0183 0.2678 -0.8253 0.0009 0.2948 -0.8005 0.0202 0.2776 -0.8041 0.0405 0.2565 -0.8067 0.0554 0.241 -0.8362 0.0679 0.2253 -0.8496 0.019 0.2739 -0.8523 0.0297 0.2628 -0.8609 0.0383 0.2531 -0.8753 0.0455 0.2443 -0.8712 0.0302 0.2604
180.0 -0.9521 0.0064 0.2766 -0.8663 -0.0211 0.3133 -0.8231 -0.0067 0.3028 -0.8202 0.012 0.284 -0.8354 0.0234 0.2709 -0.8615 0.037 0.2544 -0.8867 -0.0049 0.2947 -0.8877 0.0053 0.2841 -0.8929 0.015 0.2737 -0.904 0.0233 0.2641 -0.9047 0.009 0.2787
181.0 -0.9551 0.0036 0.2792 -0.8727 -0.025 0.3166 -0.8302 -0.0113 0.3069 -0.8279 0.0055 0.2899 -0.8416 0.0189 0.2748 -0.8659 0.0321 0.2589 -0.8937 -0.0101 0.2993 -0.8938 0.0002 0.2887 -0.8991 0.0105 0.2777 -0.9078 0.0197 0.2674 -0.9099 0.0048 0.2825
182.0 -0.9618 0.0021 0.2801 -0.8808 -0.0285 0.3195 -0.8374 -0.0154 0.3103 -0.835 0.0009 0.2939 -0.8486 0.0137 0.2795 -0.8714 0.0283 0.2623 -0.9012 -0.013 0.3015 -0.9004 -0.0025 0.2909 -0.9047 0.0073 0.2804 -0.9134 0.0165 0.2701 -0.9163 0.0021 0.2846
183.0 -0.9686 0.0005 0.281 -0.8874 -0.0313 0.3216 -0.8439 -0.0187 0.313 -0.8405 -0.0029 0.2973 -0.8525 0.0107 0.2821 -0.8769 0.0245 0.2656 -0.9077 -0.0157 0.3036 -0.9069 -0.0052 0.293 -0.9113 0.0046 0.2825 -0.9199 0.0138 0.2723 -0.9229 -0.0004 0.2865
184.0 -0.9737 -0.0008 0.2818 -0.893 -0.0345 0.3243 -0.8522 -0.021 0.3146 -0.8481 -0.0046 0.2982 -0.8608 0.0078 0.2843 -0.8837 0.023 0.2665 -0.9153 -0.0173 0.3046 -0.9136 -0.0073 0.2945 -0.9179 0.0025 0.284 -0.9266 0.0117 0.2738 -0.9294 -0.0022 0.2877
185.0 -0.9796 -0.0022 0.2827 -0.8998 -0.036 0.3252 -0.8598 -0.0233 0.3161 -0.8556 -0.0068 0.2997 -0.8675 0.0056 0.2858 -0.8904 0.0209 0.268 -0.9221 -0.0188 0.3054 -0.9205 -0.0082 0.2948 -0.9238 0.0011 0.2849 -0.9325 0.0103 0.2746 -0.9357 -0.0036 0.2885
186.0 -0.9838 -0.0034 0.2835 -0.9065 -0.0375 0.3261 -0.8665 -0.0248 0.317 -0.8623 -0.0089 0.3012 -0.8742 0.0041 0.2867 -0.897 0.0187 0.2695 -0.928 -0.0203 0.3063 -0.9264 -0.0097 0.2956 -0.9299 0.0003 0.2851 -0.9384 0.0089 0.2755 -0.9413 -0.0048 0.2892
187.0 -0.9905 -0.0049 0.2844 -0.9153 -0.0375 0.3252 -0.8742 -0.0264 0.3179 -0.869 -0.0105 0.3021 -0.8809 0.002 0.2882 -0.9029 0.0173 0.2703 -0.9349 -0.0212 0.3066 -0.934 -0.0113 0.2965 -0.9375 -0.0014 0.286 -0.946 0.0072 0.2764 -0.9486 -0.0063 0.29
188.0 -0.9941 -0.0047 0.2839 -0.9213 -0.0383 0.3254 -0.8802 -0.0272 0.3182 -0.8767 -0.0121 0.3031 -0.8868 0.0006 0.2891 -0.9098 0.0164 0.2706 -0.9417 -0.0227 0.3074 -0.94 -0.0121 0.2968 -0.9435 -0.0022 0.2863 -0.9513 0.0071 0.276 -0.9541 -0.0069 0.2901
189.0 -0.9993 -0.0048 0.2835 -0.9255 -0.0395 0.3262 -0.8868 -0.0294 0.3197 -0.8827 -0.0129 0.3033 -0.8927 -0.0008 0.2899 -0.914 0.0152 0.2714 -0.9477 -0.0235 0.3077 -0.946 -0.0129 0.297 -0.9495 -0.003 0.2865 -0.9566 0.007 0.2755 -0.9598 -0.0074 0.29
190.0 -1.0025 -0.0071 0.2854 -0.9317 -0.0397 0.3258 -0.8936 -0.0309 0.3206 -0.8877 -0.0142 0.3041 -0.8986 -0.0022 0.2908 -0.9217 0.0142 0.2717 -0.9528 -0.0242 0.3079 -0.952 -0.0137 0.2972 -0.9554 -0.0044 0.2874 -0.9625 0.0056 0.2764 -0.9651 -0.0088 0.2909
191.0 -1.005 -0.0074 0.2855 -0.9369 -0.0398 0.3254 -0.8988 -0.0316 0.3208 -0.8946 -0.0151 0.3044 -0.9054 -0.0038 0.2917 -0.9276 0.0122 0.2732 -0.9571 -0.0248 0.308 -0.9555 -0.0142 0.2974 -0.9589 -0.0049 0.2875 -0.9667 0.0045 0.2772 -0.9686 -0.0094 0.2911
192.0 -1.0073 -0.0096 0.2875 -0.943 -0.04 0.325 -0.9039 -0.0323 0.321 -0.9003 -0.0177 0.3065 -0.9105 -0.0051 0.2925 -0.9326 0.0109 0.274 -0.9614 -0.0254 0.3082 -0.9605 -0.0155 0.2982 -0.9639 -0.0062 0.2883 -0.9727 0.0036 0.2774 -0.9732 -0.0106 0.2919
193.0 -1.0095 -0.0123 0.2901 -0.9473 -0.0406 0.3252 -0.9091 -0.033 0.3212 -0.9046 -0.0183 0.3066 -0.9155 -0.0064 0.2933 -0.9378 0.0102 0.2742 -0.9649 -0.0258 0.3083 -0.9647 -0.0167 0.299 -0.9682 -0.0067 0.2885 -0.9759 0.002 0.2788 -0.9766 -0.0119 0.2929
194.0 -1.0125 -0.0152 0.2927 -0.951 -0.0398 0.324 -0.9126 -0.0328 0.3207 -0.9089 -0.0189 0.3068 -0.9189 -0.0068 0.2934 -0.941 0.0085 0.2756 -0.9675 -0.0262 0.3084 -0.9664 -0.0169 0.299 -0.9707 -0.0077 0.2892 -0.9793 0.0015 0.2789 -0.9793 -0.0129 0.2937
195.0 -1.0163 -0.0132 0.2904 -0.9526 -0.0407 0.3247 -0.9151 -0.0338 0.3214 -0.9116 -0.0187 0.3063 -0.9208 -0.0065 0.2929 -0.9437 0.0088 0.275 -0.9701 -0.0259 0.3079 -0.97 -0.0168 0.2985 -0.9742 -0.0076 0.2887 -0.9828 0.0011 0.2791 -0.9827 -0.0125 0.2929
196.0 -1.0156 -0.0125 0.2897 -0.9553 -0.0404 0.3242 -0.9169 -0.0334 0.3208 -0.9133 -0.0189 0.3063 -0.9232 -0.0074 0.2936 -0.9461 0.0078 0.2758 -0.9728 -0.0257 0.3074 -0.9718 -0.0164 0.298 -0.9761 -0.0072 0.2882 -0.9846 0.0014 0.2785 -0.9842 -0.0121 0.2924
197.0 -1.0172 -0.0134 0.2904 -0.9562 -0.0399 0.3236 -0.9196 -0.0332 0.3203 -0.9143 -0.0184 0.3058 -0.926 -0.0066 0.2925 -0.9481 0.0088 0.2746 -0.9746 -0.0253 0.3068 -0.9736 -0.016 0.2974 -0.9778 -0.0074 0.2882 -0.9855 0.0013 0.2785 -0.9857 -0.0122 0.2923
198.0 -1.0182 -0.0129 0.2898 -0.9581 -0.0396 0.3231 -0.9206 -0.0327 0.3197 -0.9161 -0.018 0.3052 -0.9271 -0.0055 0.2913 -0.9508 0.009 0.2741 -0.9772 -0.0257 0.3069 -0.9762 -0.0164 0.2975 -0.9805 -0.0072 0.2877 -0.9882 0.0016 0.278 -0.988 -0.0121 0.292
199.0 -1.0181 -0.0135 0.2904 -0.9598 -0.0398 0.3231 -0.9216 -0.0316 0.3185 -0.9172 -0.017 0.304 -0.9298 -0.0052 0.2907 -0.9535 0.0099 0.2729 -0.978 -0.0264 0.3076 -0.9778 -0.0172 0.2982 -0.9821 -0.008 0.2884 -0.9899 0.0013 0.2781 -0.9892 -0.0128 0.2925
200.0 -1.0186 -0.0154 0.2923 -0.9609 -0.0387 0.3219 -0.9225 -0.0317 0.3186 -0.919 -0.0166 0.3034 -0.9307 -0.0047 0.2902 -0.9562 0.0101 0.2724 -0.9797 -0.0266 0.3077 -0.9795 -0.0174 0.2983 -0.9838 -0.0082 0.2885 -0.9914 -0.0001 0.2794 -0.9906 -0.0136 0.2932
201.0 -1.0279 -0.0124 0.2883 -0.9614 -0.0358 0.3188 -0.9271 -0.0305 0.3169 -0.9211 -0.0144 0.301 -0.9312 -0.0024 0.2877 -0.9573 0.0112 0.2712 -0.985 -0.0267 0.3072 -0.9847 -0.0181 0.2985 -0.989 -0.0089 0.2887 -0.995 0.0006 0.2783 -0.9963 -0.0131 0.2922
202.0 -1.0332 -0.0125 0.2879 -0.9658 -0.0357 0.3184 -0.9275 -0.0281 0.3144 -0.9223 -0.0128 0.2992 -0.9348 -0.0016 0.2866 -0.9585 0.0129 0.2694 -0.9898 -0.0243 0.3043 -0.9895 -0.0157 0.2956 -0.9928 -0.007 0.2863 -0.9987 0.0014 0.2772 -1.0008 -0.0116 0.2903
203.0 -1.0188 -0.0142 0.2911 -0.9636 -0.033 0.3158 -0.9297 -0.026 0.312 -0.9263 -0.0102 0.2962 -0.9384 -0.0015 0.2861 -0.9635 0.0116 0.2702 -0.9878 -0.0253 0.3055 -0.9894 -0.0163 0.2962 -0.9918 -0.0075 0.2869 -0.9959 0.0005 0.2783 -0.9968 -0.0126 0.2916
204.0 -1.0451 -0.0098 0.284 -0.9717 -0.0323 0.3142 -0.936 -0.025 0.3103 -0.9309 -0.009 0.2945 -0.9415 0.0011 0.2831 -0.966 0.0155 0.2659 -0.9996 -0.0232 0.3022 -1.0003 -0.0147 0.2935 -1.0028 -0.0053 0.2836 -1.007 0.0039 0.2738 -1.011 -0.0098 0.2874
204.0 -1.0451 -0.0098 0.284 -0.9717 -0.0323 0.3142 -0.936 -0.025 0.3103 -0.9309 -0.009 0.2945 -0.9415 0.0011 0.2831 -0.966 0.0155 0.2659 -0.9996 -0.0232 0.3022 -1.0003 -0.0147 0.2935 -1.0028 -0.0053 0.2836 -1.007 0.0039 0.2738 -1.011 -0.0098 0.2874
204.0 -1.0451 -0.0098 0.284 -0.9717 -0.0323 0.3142 -0.936 -0.025 0.3103 -0.9309 -0.009 0.2945 -0.9415 0.0011 0.2831 -0.966 0.0155 0.2659 -0.9996 -0.0232 0.3022 -1.0003 -0.0147 0.2935 -1.0028 -0.0053 0.2836 -1.007 0.0039 0.2738 -1.011 -0.0098 0.2874
204.0 -1.0451 -0.0098 0.284 -0.9717 -0.0323 0.3142 -0.936 -0.025 0.3103 -0.9309 -0.009 0.2945 -0.9415 0.0011 0.2831 -0.966 0.0155 0.2659 -0.9996 -0.0232 0.3022 -1.0003 -0.0147 0.2935 -1.0028 -0.0053 0.2836 -1.007 0.0039 0.2738 -1.011 -0.0098 0.2874
204.0 -1.0451 -0.0098 0.284 -0.9717 -0.0323 0.3142 -0.936 -0.025 0.3103 -0.9309 -0.009 0.2945 -0.9415 0.0011 0.2831 -0.966 0.0155 0.2659 -0.9996 -0.0232 0.3022 -1.0003 -0.0147 0.2935 -1.0028 -0.0053 0.2836 -1.007 0.0039 0.2738 -1.011 -0.0098 0.2874
204.0 -1.0451 -0.0098 0.284 -0.9717 -0.0323 0.3142 -0.936 -0.025 0.3103 -0.9309 -0.009 0.2945 -0.9415 0.0011 0.2831 -0.966 0.0155 0.2659 -0.9996 -0.0232 0.3022 -1.0003 -0.0147 0.2935 -1.0028 -0.0053 0.2836 -1.007 0.0039 0.2738 -1.011 -0.0098 0.2874
204.0 -1.0451 -0.0098 0.284 -0.9717 -0.0323 0.3142 -0.936 -0.025 0.3103 -0.9309 -0.009 0.2945 -0.9415 0.0011 0.2831 -0.966 0.0155 0.2659 -0.9996 -0.0232 0.3022 -1.0003 -0.0147 0.2935 -1.0028 -0.0053 0.2836 -1.007 0.0039 0.2738 -1.011 -0.0098 0.2874
211.0 -1.0188 0.0005 0.2761 -0.9717 -0.0219 0.3036 -0.951 -0.0197 0.3034 -0.9402 -0.0011 0.2855 -0.9525 0.0088 0.2741 -0.9757 0.0209 0.2594 -1.0041 -0.0177 0.2961 -1.0032 -0.0078 0.2861 -1.0025 0.0033 0.2748 -1.0008 0.0133 0.2648 -1.0059 -0.0017 0.2796
212.0 -1.0246 -0.0064 0.2826 -0.9749 -0.0241 0.3056 -0.9431 -0.0198 0.3044 -0.9381 -0.0027 0.2873 -0.9505 0.0079 0.2753 -0.9781 0.0194 0.2608 -0.9968 -0.0192 0.2983 -0.9985 -0.0096 0.2884 -1.0011 0.0004 0.2779 -1.0045 0.0097 0.268 -1.0051 -0.005 0.283
213.0 -1.0132 -0.011 0.2884 -0.9598 -0.0246 0.3075 -0.9399 -0.0176 0.3024 -0.9371 -0.0038 0.2885 -0.9495 0.0068 0.2765 -0.9742 0.0175 0.2631 -0.9917 -0.0185 0.2981 -0.9951 -0.0092 0.2883 -0.9985 0.0002 0.2784 -1.0016 0.0083 0.2698 -1.0 -0.006 0.2846
214.0 -1.0361 -0.0061 0.2811 -0.9745 -0.0259 0.3075 -0.9385 -0.0205 0.3055 -0.9345 -0.0034 0.2884 -0.948 0.0082 0.2752 -0.9746 0.0199 0.2606 -0.998 -0.0175 0.2965 -0.9987 -0.0084 0.2872 -1.0013 0.001 0.2773 -1.0071 0.0094 0.2681 -1.0082 -0.0043 0.282
215.0 -1.0289 -0.007 0.2827 -0.9741 -0.0283 0.31 -0.9361 -0.0195 0.3047 -0.9335 -0.0039 0.289 -0.9464 0.009 0.2745 -0.974 0.0212 0.2594 -0.9948 -0.0158 0.2951 -0.9945 -0.0072 0.2864 -0.9971 0.0022 0.2765 -1.0028 0.01 0.268 -1.0036 -0.0036 0.2817
216.0 -1.0296 -0.0077 0.2834 -0.975 -0.0284 0.31 -0.936 -0.0201 0.3054 -0.9337 -0.0027 0.2878 -0.9456 0.0097 0.2739 -0.9733 0.0225 0.2581 -0.9938 -0.0163 0.2957 -0.9937 -0.0071 0.2864 -0.997 0.0016 0.2771 -1.0028 0.01 0.268 -1.0034 -0.0039 0.2821
216.0 -1.0296 -0.0077 0.2834 -0.975 -0.0284 0.31 -0.936 -0.0201 0.3054 -0.9337 -0.0027 0.2878 -0.9456 0.0097 0.2739 -0.9733 0.0225 0.2581 -0.9938 -0.0163 0.2957 -0.9937 -0.0071 0.2864 -0.997 0.0016 0.2771 -1.0028 0.01 0.268 -1.0034 -0.0039 0.2821
216.0 -1.0296 -0.0077 0.2834 -0.975 -0.0284 0.31 -0.936 -0.0201 0.3054 -0.9337 -0.0027 0.2878 -0.9456 0.0097 0.2739 -0.9733 0.0225 0.2581 -0.9938 -0.0163 0.2957 -0.9937 -0.0071 0.2864 -0.997 0.0016 0.2771 -1.0028 0.01 0.268 -1.0034 -0.0039 0.2821
219.0 -1.032 -0.0093 0.2847 -0.9747 -0.0302 0.3118 -0.9353 -0.0188 0.3041 -0.9327 -0.0038 0.289 -0.9457 0.0103 0.2733 -0.9737 0.0243 0.2562 -0.9945 -0.0176 0.297 -0.9953 -0.008 0.287 -0.9987 0.0014 0.2772 -1.0045 0.0097 0.268 -1.005 -0.0047 0.2828
220.0 -1.0371 -0.0105 0.2855 -0.9725 -0.0324 0.3143 -0.9317 -0.0244 0.3102 -0.9274 -0.0086 0.2944 -0.9387 0.0058 0.2786 -0.966 0.0204 0.2609 -0.9931 -0.0205 0.3001 -0.992 -0.0118 0.2913 -0.9954 -0.0025 0.2814 -1.0032 0.0069 0.2711 -1.0041 -0.0077 0.2859
220.0 -1.0371 -0.0105 0.2855 -0.9725 -0.0324 0.3143 -0.9317 -0.0244 0.3102 -0.9274 -0.0086 0.2944 -0.9387 0.0058 0.2786 -0.966 0.0204 0.2609 -0.9931 -0.0205 0.3001 -0.992 -0.0118 0.2913 -0.9954 -0.0025 0.2814 -1.0032 0.0069 0.2711 -1.0041 -0.0077 0.2859
220.0 -1.0371 -0.0105 0.2855 -0.9725 -0.0324 0.3143 -0.9317 -0.0244 0.3102 -0.9274 -0.0086 0.2944 -0.9387 0.0058 0.2786 -0.966 0.0204 0.2609 -0.9931 -0.0205 0.3001 -0.992 -0.0118 0.2913 -0.9954 -0.0025 0.2814 -1.0032 0.0069 0.2711 -1.0041 -0.0077 0.2859
220.0 -1.0371 -0.0105 0.2855 -0.9725 -0.0324 0.3143 -0.9317 -0.0244 0.3102 -0.9274 -0.0086 0.2944 -0.9387 0.0058 0.2786 -0.966 0.0204 0.2609 -0.9931 -0.0205 0.3001 -0.992 -0.0118 0.2913 -0.9954 -0.0025 0.2814 -1.0032 0.0069 0.2711 -1.0041 -0.0077 0.2859
220.0 -1.0371 -0.0105 0.2855 -0.9725 -0.0324 0.3143 -0.9317 -0.0244 0.3102 -0.9274 -0.0086 0.2944 -0.9387 0.0058 0.2786 -0.966 0.0204 0.2609 -0.9931 -0.0205 0.3001 -0.992 -0.0118 0.2913 -0.9954 -0.0025 0.2814 -1.0032 0.0069 0.2711 -1.0041 -0.0077 0.2859
220.0 -1.0371 -0.0105 0.2855 -0.9725 -0.0324 0.3143 -0.9317 -0.0244 0.3102 -0.9274 -0.0086 0.2944 -0.9387 0.0058 0.2786 -0.966 0.0204 0.2609 -0.9931 -0.0205 0.3001 -0.992 -0.0118 0.2913 -0.9954 -0.0025 0.2814 -1.0032 0.0069 0.2711 -1.0041 -0.0077 0.2859
220.0 -1.0371 -0.0105 0.2855 -0.9725 -0.0324 0.3143 -0.9317 -0.0244 0.3102 -0.9274 -0.0086 0.2944 -0.9387 0.0058 0.2786 -0.966 0.0204 0.2609 -0.9931 -0.0205 0.3001 -0.992 -0.0118 0.2913 -0.9954 -0.0025 0.2814 -1.0032 0.0069 0.2711 -1.0041 -0.0077 0.2859
220.0 -1.0371 -0.0105 0.2855 -0.9725 -0.0324 0.3143 -0.9317 -0.0244 0.3102 -0.9274 -0.0086 0.2944 -0.9387 0.0058 0.2786 -0.966 0.0204 0.2609 -0.9931 -0.0205 0.3001 -0.992 -0.0118 0.2913 -0.9954 -0.0025 0.2814 -1.0032 0.0069 0.2711 -1.0041 -0.0077 0.2859
