1.0 -1.2686 -0.0094 0.2614 -1.2002 -0.0283 0.2875 -1.1617 -0.0274 0.2904 -1.1584 -0.011 0.274 -1.171 0.0056 0.2558 -1.1954 0.0194 0.2392 -1.2206 -0.0274 0.2845 -1.2203 -0.0188 0.2758 -1.2247 -0.009 0.2653 -1.2326 0.0009 0.2544 -1.2334 -0.0127 0.2683
2.0 -1.2668 -0.0098 0.262 -1.196 -0.0271 0.2867 -1.1609 -0.0267 0.2897 -1.1591 -0.0118 0.2747 -1.17 0.0051 0.2563 -1.1945 0.0195 0.2392 -1.2206 -0.0274 0.2845 -1.2212 -0.0189 0.2758 -1.2257 -0.0085 0.2647 -1.2318 0.0016 0.2537 -1.2332 -0.0126 0.2682
3.0 -1.2697 -0.0084 0.2602 -1.2 -0.0295 0.2887 -1.1609 -0.0267 0.2897 -1.1586 -0.0098 0.2728 -1.1712 0.0068 0.2545 -1.1947 0.0207 0.2379 -1.2207 -0.0268 0.2839 -1.2206 -0.0176 0.2745 -1.2249 -0.0078 0.2641 -1.232 0.0022 0.2531 -1.2336 -0.0117 0.2672
4.0 -1.2681 -0.0075 0.2595 -1.2 -0.0295 0.2887 -1.1629 -0.0251 0.2879 -1.1587 -0.0092 0.2721 -1.1703 0.0069 0.2545 -1.194 0.0214 0.2373 -1.22 -0.0261 0.2833 -1.2197 -0.0175 0.2745 -1.2241 -0.0077 0.2641 -1.232 0.0022 0.2531 -1.2327 -0.0113 0.2669
5.0 -1.2671 -0.008 0.2601 -1.197 -0.0266 0.2861 -1.1594 -0.0252 0.2884 -1.1588 -0.0087 0.2715 -1.1696 0.0076 0.2538 -1.1941 0.022 0.2367 -1.2191 -0.026 0.2832 -1.2198 -0.0169 0.2739 -1.2242 -0.0071 0.2634 -1.2322 0.0034 0.2519 -1.2325 -0.0109 0.2665
6.0 -1.268 -0.0081 0.2601 -1.1985 -0.0281 0.2874 -1.1611 -0.0255 0.2885 -1.1589 -0.0081 0.2709 -1.1696 0.0076 0.2538 -1.1942 0.0226 0.236 -1.2192 -0.0254 0.2826 -1.2199 -0.0163 0.2733 -1.2243 -0.0065 0.2628 -1.2314 0.0041 0.2512 -1.2325 -0.0104 0.266
7.0 -1.2671 -0.008 0.2601 -1.1947 -0.0245 0.2842 -1.1594 -0.0252 0.2884 -1.1572 -0.0078 0.2708 -1.1689 0.0089 0.2526 -1.1933 0.0227 0.236 -1.2182 -0.0258 0.2832 -1.2198 -0.0169 0.2739 -1.2243 -0.0065 0.2628 -1.2322 0.0034 0.2519 -1.2323 -0.0108 0.2664
8.0 -1.2673 -0.0068 0.2589 -1.1971 -0.026 0.2855 -1.1594 -0.0252 0.2884 -1.158 -0.0079 0.2709 -1.1689 0.0089 0.2526 -1.1933 0.0227 0.236 -1.2183 -0.0252 0.2826 -1.2189 -0.0168 0.2738 -1.2234 -0.0064 0.2628 -1.2304 0.0037 0.2518 -1.2317 -0.0103 0.266
9.0 -1.2662 -0.0079 0.2601 -1.196 -0.0271 0.2867 -1.1577 -0.025 0.2883 -1.1572 -0.0078 0.2708 -1.168 0.009 0.2525 -1.1925 0.0228 0.236 -1.2174 -0.0257 0.2832 -1.2189 -0.0168 0.2738 -1.2233 -0.007 0.2634 -1.2313 0.0035 0.2518 -1.2314 -0.0108 0.2665
10.0 -1.2654 -0.0078 0.26 -1.1969 -0.0272 0.2867 -1.1585 -0.0251 0.2884 -1.1571 -0.0084 0.2715 -1.168 0.009 0.2525 -1.1933 0.0227 0.236 -1.2173 -0.0263 0.2838 -1.218 -0.0173 0.2744 -1.2224 -0.0069 0.2634 -1.2304 0.0037 0.2518 -1.2307 -0.0109 0.2667
11.0 -1.2662 -0.0079 0.2601 -1.1975 -0.0285 0.288 -1.1586 -0.0245 0.2877 -1.1563 -0.0077 0.2708 -1.169 0.0095 0.2519 -1.1925 0.0228 0.236 -1.2174 -0.0257 0.2832 -1.218 -0.0173 0.2744 -1.2233 -0.007 0.2634 -1.2303 0.0031 0.2524 -1.231 -0.011 0.2667
12.0 -1.2655 -0.0072 0.2594 -1.1969 -0.0272 0.2867 -1.1586 -0.0245 0.2877 -1.1572 -0.0078 0.2708 -1.168 0.009 0.2525 -1.1934 0.0233 0.2354 -1.2165 -0.0256 0.2831 -1.2172 -0.0165 0.2738 -1.2225 -0.0063 0.2627 -1.2304 0.0037 0.2518 -1.2304 -0.0104 0.2662
13.0 -1.2644 -0.0083 0.2606 -1.1946 -0.0251 0.2848 -1.1578 -0.0244 0.2877 -1.1562 -0.0083 0.2714 -1.1688 0.0083 0.2532 -1.1925 0.0228 0.236 -1.2166 -0.025 0.2825 -1.2173 -0.0159 0.2732 -1.2225 -0.0063 0.2627 -1.2305 0.0043 0.2512 -1.2303 -0.0102 0.266
14.0 -1.2655 -0.0072 0.2594 -1.1959 -0.0277 0.2873 -1.1578 -0.0244 0.2877 -1.1574 -0.0066 0.2696 -1.168 0.009 0.2525 -1.1926 0.0234 0.2354 -1.2175 -0.0251 0.2825 -1.2173 -0.0159 0.2732 -1.2217 -0.0061 0.2627 -1.2296 0.0038 0.2518 -1.2303 -0.0101 0.2659
15.0 -1.2665 -0.0067 0.2588 -1.1962 -0.0259 0.2855 -1.1596 -0.024 0.2872 -1.1574 -0.0066 0.2696 -1.1684 0.0108 0.2507 -1.1926 0.0234 0.2354 -1.2184 -0.0246 0.2819 -1.2182 -0.0161 0.2732 -1.2225 -0.0063 0.2627 -1.2304 0.0037 0.2518 -1.2312 -0.01 0.2657
16.0 -1.2645 -0.0077 0.26 -1.1898 -0.0226 0.2827 -1.1589 -0.0233 0.2865 -1.1575 -0.006 0.269 -1.169 0.0095 0.2519 -1.1928 0.0246 0.2341 -1.2166 -0.025 0.2825 -1.2181 -0.0167 0.2738 -1.2234 -0.0064 0.2628 -1.2304 0.0037 0.2518 -1.2306 -0.0104 0.2662
17.0 -1.2674 -0.0062 0.2582 -1.1954 -0.0258 0.2854 -1.1587 -0.0239 0.2871 -1.1575 -0.006 0.269 -1.1684 0.0108 0.2507 -1.1935 0.0239 0.2348 -1.2184 -0.0246 0.2819 -1.2192 -0.0156 0.2726 -1.2235 -0.0058 0.2622 -1.2314 0.0041 0.2512 -1.232 -0.0096 0.2652
18.0 -1.2668 -0.0049 0.257 -1.1972 -0.0254 0.2849 -1.159 -0.0227 0.2859 -1.1566 -0.0059 0.2689 -1.1684 0.0108 0.2507 -1.1918 0.0242 0.2347 -1.2187 -0.0235 0.2807 -1.2193 -0.015 0.272 -1.2236 -0.0052 0.2615 -1.2307 0.0049 0.2506 -1.2318 -0.0087 0.2644
19.0 -1.2657 -0.006 0.2582 -1.1955 -0.0252 0.2848 -1.159 -0.0227 0.2859 -1.1559 -0.0052 0.2683 -1.1676 0.0115 0.25 -1.1919 0.0247 0.2341 -1.2187 -0.0235 0.2807 -1.2193 -0.015 0.272 -1.2236 -0.0052 0.2615 -1.2305 0.0043 0.2512 -1.2316 -0.0091 0.2647
20.0 -1.2659 -0.0048 0.2569 -1.1965 -0.0241 0.2836 -1.159 -0.0227 0.2859 -1.155 -0.0051 0.2682 -1.1684 0.0108 0.2507 -1.1935 0.0239 0.2348 -1.2169 -0.0232 0.2806 -1.2175 -0.0147 0.2719 -1.2218 -0.0056 0.2621 -1.2297 0.0044 0.2512 -1.2304 -0.0088 0.2645
21.0 -1.266 -0.0042 0.2563 -1.1957 -0.024 0.2836 -1.1591 -0.0221 0.2853 -1.1551 -0.0045 0.2676 -1.1683 0.0102 0.2513 -1.1934 0.0233 0.2354 -1.217 -0.0226 0.28 -1.2175 -0.0147 0.2719 -1.2219 -0.005 0.2615 -1.2289 0.0051 0.2505 -1.2303 -0.0083 0.264
22.0 -1.2652 -0.0041 0.2563 -1.1948 -0.0239 0.2835 -1.1574 -0.0213 0.2846 -1.1551 -0.0045 0.2676 -1.1684 0.0108 0.2507 -1.1927 0.024 0.2347 -1.2161 -0.0231 0.2806 -1.2167 -0.0146 0.2719 -1.221 -0.0048 0.2614 -1.2289 0.0051 0.2505 -1.2296 -0.0083 0.2641
23.0 -1.2652 -0.0041 0.2563 -1.1913 -0.0191 0.279 -1.1574 -0.0213 0.2846 -1.1543 -0.0044 0.2676 -1.1676 0.0115 0.25 -1.1909 0.0243 0.2347 -1.2169 -0.0232 0.2806 -1.2175 -0.0147 0.2719 -1.2219 -0.005 0.2615 -1.2298 0.005 0.2505 -1.2303 -0.0084 0.2642
24.0 -1.2662 -0.003 0.2551 -1.1958 -0.0234 0.2829 -1.1574 -0.0213 0.2846 -1.1551 -0.0045 0.2676 -1.1683 0.0102 0.2513 -1.1918 0.0242 0.2347 -1.2162 -0.0225 0.28 -1.2159 -0.0139 0.2712 -1.2202 -0.0047 0.2614 -1.2281 0.0052 0.2505 -1.2293 -0.0078 0.2636
25.0 -1.2671 -0.0031 0.2551 -1.1966 -0.0235 0.283 -1.1583 -0.0214 0.2846 -1.1551 -0.0045 0.2676 -1.1684 0.0108 0.2507 -1.1934 0.0233 0.2354 -1.2171 -0.022 0.2794 -1.217 -0.0128 0.27 -1.2212 -0.0036 0.2602 -1.229 0.0057 0.2499 -1.2303 -0.0072 0.2629
26.0 -1.2671 -0.0031 0.2551 -1.1969 -0.0223 0.2817 -1.1582 -0.022 0.2852 -1.1542 -0.005 0.2682 -1.1675 0.0109 0.2506 -1.1926 0.0234 0.2354 -1.2171 -0.022 0.2794 -1.2169 -0.0134 0.2706 -1.2211 -0.0042 0.2608 -1.2282 0.0058 0.2499 -1.2301 -0.0074 0.2632
27.0 -1.2644 -0.0034 0.2556 -1.1948 -0.0239 0.2835 -1.1572 -0.0225 0.2858 -1.154 -0.0056 0.2688 -1.1676 0.0115 0.25 -1.1911 0.0249 0.234 -1.2161 -0.0231 0.2806 -1.2158 -0.0145 0.2719 -1.2202 -0.0047 0.2614 -1.2271 0.0047 0.2511 -1.2287 -0.0082 0.2641
28.0 -1.2642 -0.0046 0.2569 -1.1932 -0.0231 0.2828 -1.1571 -0.0231 0.2864 -1.154 -0.0056 0.2688 -1.1665 0.0105 0.2512 -1.1893 0.0251 0.234 -1.216 -0.0237 0.2812 -1.2167 -0.0146 0.2719 -1.221 -0.0048 0.2614 -1.2281 0.0052 0.2505 -1.2292 -0.0085 0.2644
29.0 -1.2653 -0.0035 0.2557 -1.1959 -0.0228 0.2823 -1.1564 -0.0224 0.2858 -1.154 -0.0056 0.2688 -1.1664 0.0099 0.2518 -1.1908 0.0237 0.2353 -1.2161 -0.0231 0.2806 -1.2158 -0.0145 0.2719 -1.2201 -0.0053 0.262 -1.2271 0.0047 0.2511 -1.2289 -0.0083 0.2642
30.0 -1.2643 -0.004 0.2562 -1.1932 -0.0231 0.2828 -1.1555 -0.0223 0.2858 -1.1532 -0.0055 0.2688 -1.1664 0.0099 0.2518 -1.1915 0.0224 0.2366 -1.2142 -0.0235 0.2812 -1.2149 -0.015 0.2724 -1.2192 -0.0052 0.262 -1.227 0.0041 0.2517 -1.2279 -0.0087 0.2647
31.0 -1.265 -0.0047 0.2569 -1.1927 -0.0261 0.2859 -1.1562 -0.0236 0.287 -1.1531 -0.006 0.2694 -1.1648 0.0107 0.2511 -1.189 0.0233 0.2358 -1.216 -0.0237 0.2812 -1.2157 -0.0151 0.2725 -1.2201 -0.0053 0.262 -1.2271 0.0047 0.2511 -1.2288 -0.0088 0.2647
32.0 -1.2643 -0.004 0.2562 -1.1938 -0.025 0.2847 -1.1554 -0.0229 0.2864 -1.1523 -0.0053 0.2688 -1.1647 0.0101 0.2518 -1.1883 0.024 0.2352 -1.2159 -0.0243 0.2818 -1.2165 -0.0158 0.2731 -1.2208 -0.006 0.2627 -1.228 0.0046 0.2511 -1.2291 -0.0091 0.265
33.0 -1.2642 -0.0046 0.2569 -1.1929 -0.0249 0.2847 -1.1554 -0.0229 0.2864 -1.1522 -0.0059 0.2694 -1.1647 0.0101 0.2518 -1.1889 0.0227 0.2365 -1.2141 -0.0241 0.2818 -1.2149 -0.015 0.2724 -1.2192 -0.0052 0.262 -1.2262 0.0048 0.251 -1.2277 -0.0088 0.2648
34.0 -1.2652 -0.0041 0.2563 -1.1939 -0.0244 0.2841 -1.1554 -0.0229 0.2864 -1.1514 -0.0058 0.2694 -1.1647 0.0101 0.2518 -1.1898 0.0226 0.2365 -1.2151 -0.0236 0.2812 -1.2149 -0.015 0.2724 -1.2192 -0.0052 0.262 -1.2261 0.0042 0.2516 -1.2281 -0.0087 0.2647
35.0 -1.2634 -0.0038 0.2562 -1.1906 -0.0227 0.2827 -1.1546 -0.0227 0.2863 -1.1514 -0.0058 0.2694 -1.1648 0.0107 0.2511 -1.1891 0.0239 0.2352 -1.2151 -0.0236 0.2812 -1.2157 -0.0151 0.2725 -1.2192 -0.0052 0.262 -1.2262 0.0048 0.251 -1.2279 -0.0086 0.2646
36.0 -1.2606 -0.0047 0.2574 -1.1842 -0.0194 0.28 -1.1539 -0.0214 0.2851 -1.1517 -0.004 0.2675 -1.1642 0.012 0.2499 -1.1877 0.0259 0.2333 -1.2134 -0.0234 0.2811 -1.2149 -0.015 0.2724 -1.2202 -0.0047 0.2614 -1.2272 0.0053 0.2504 -1.2273 -0.0085 0.2646
37.0 -1.2625 -0.0043 0.2568 -1.1887 -0.0188 0.2789 -1.154 -0.0208 0.2844 -1.1508 -0.0039 0.2675 -1.1652 0.0131 0.2487 -1.1919 0.0247 0.2341 -1.2126 -0.0226 0.2805 -1.2132 -0.0142 0.2718 -1.2176 -0.0044 0.2613 -1.2256 0.0062 0.2498 -1.2263 -0.0079 0.264
38.0 -1.2605 -0.0053 0.258 -1.1837 -0.0169 0.2775 -1.154 -0.0208 0.2844 -1.152 -0.0022 0.2656 -1.1652 0.0131 0.2487 -1.1895 0.0263 0.2327 -1.2109 -0.0224 0.2804 -1.2132 -0.0142 0.2718 -1.2185 -0.0045 0.2613 -1.2265 0.006 0.2498 -1.2259 -0.0081 0.2643
39.0 -1.2629 -0.0019 0.2543 -1.1908 -0.0215 0.2815 -1.154 -0.0208 0.2844 -1.1503 -0.002 0.2656 -1.1633 0.0121 0.2498 -1.1868 0.0254 0.2339 -1.2129 -0.0208 0.2786 -1.2136 -0.0124 0.2699 -1.2179 -0.0026 0.2594 -1.2251 0.0081 0.2479 -1.2265 -0.0059 0.262
40.0 -1.2628 -0.0025 0.2549 -1.1883 -0.0212 0.2814 -1.1539 -0.0214 0.2851 -1.1502 -0.0026 0.2662 -1.1634 0.0127 0.2492 -1.1875 0.0247 0.2345 -1.212 -0.0213 0.2792 -1.2117 -0.0127 0.2704 -1.2162 -0.0024 0.2594 -1.2241 0.0076 0.2484 -1.2254 -0.0063 0.2625
41.0 -1.2589 -0.0045 0.2573 -1.1826 -0.0186 0.2793 -1.1514 -0.0205 0.2843 -1.1485 -0.0024 0.2661 -1.1608 0.0131 0.2491 -1.1871 0.0272 0.232 -1.2101 -0.0223 0.2804 -1.2115 -0.0139 0.2717 -1.2168 -0.0037 0.2607 -1.224 0.007 0.2491 -1.2243 -0.0075 0.2638
42.0 -1.2552 -0.0058 0.259 -1.1802 -0.017 0.278 -1.1513 -0.0211 0.285 -1.1492 -0.0031 0.2668 -1.1615 0.0118 0.2504 -1.1852 0.0269 0.2326 -1.2074 -0.0225 0.2809 -1.2097 -0.0143 0.2722 -1.215 -0.004 0.2612 -1.2229 0.0059 0.2503 -1.222 -0.0081 0.2647
43.0 -1.2569 -0.006 0.2591 -1.1813 -0.0208 0.2818 -1.1513 -0.0211 0.285 -1.1483 -0.003 0.2667 -1.1608 0.0131 0.2491 -1.1851 0.0263 0.2332 -1.2082 -0.0227 0.2809 -1.2106 -0.0144 0.2723 -1.2158 -0.0047 0.2619 -1.2238 0.0058 0.2503 -1.223 -0.0084 0.2649
44.0 -1.2589 -0.0045 0.2573 -1.1849 -0.0201 0.2806 -1.1512 -0.0217 0.2856 -1.1474 -0.0034 0.2673 -1.1607 0.0125 0.2497 -1.1841 0.0252 0.2344 -1.2108 -0.023 0.281 -1.2114 -0.0145 0.2723 -1.2158 -0.0047 0.2619 -1.2229 0.0059 0.2503 -1.224 -0.0082 0.2646
45.0 -1.2609 -0.0035 0.2561 -1.1862 -0.0227 0.2832 -1.1503 -0.0222 0.2862 -1.1473 -0.004 0.2679 -1.1613 0.0106 0.2516 -1.1848 0.0245 0.2351 -1.21 -0.0229 0.281 -1.2106 -0.0144 0.2723 -1.2149 -0.0046 0.2618 -1.2228 0.0053 0.2509 -1.2238 -0.008 0.2644
46.0 -1.2582 -0.0037 0.2566 -1.1853 -0.0232 0.2838 -1.1494 -0.022 0.2861 -1.1463 -0.0045 0.2685 -1.1605 0.0113 0.251 -1.1825 0.026 0.2337 -1.2091 -0.0228 0.281 -1.2097 -0.0143 0.2722 -1.2141 -0.0045 0.2618 -1.2212 0.0061 0.2502 -1.2224 -0.0078 0.2644
47.0 -1.2572 -0.0042 0.2572 -1.183 -0.0211 0.2818 -1.1485 -0.0219 0.2861 -1.1448 -0.0031 0.2672 -1.1581 0.0128 0.2496 -1.1806 0.0257 0.2343 -1.2073 -0.0231 0.2815 -1.2079 -0.0147 0.2728 -1.2132 -0.0044 0.2618 -1.2202 0.0057 0.2508 -1.2212 -0.0082 0.2648
48.0 -1.2526 -0.0054 0.2589 -1.1773 -0.0185 0.2797 -1.1477 -0.0218 0.2861 -1.1448 -0.0031 0.2672 -1.1572 0.0123 0.2502 -1.1805 0.0251 0.2349 -1.2046 -0.0234 0.282 -1.2062 -0.0144 0.2727 -1.2114 -0.0048 0.2623 -1.2194 0.0058 0.2508 -1.2188 -0.0084 0.2654
49.0 -1.2537 -0.0044 0.2577 -1.1796 -0.0206 0.2817 -1.1461 -0.021 0.2854 -1.143 -0.0035 0.2678 -1.1563 0.0124 0.2502 -1.1786 0.0241 0.2361 -1.2064 -0.023 0.2815 -1.2079 -0.0147 0.2728 -1.2123 -0.0043 0.2617 -1.2195 0.0064 0.2501 -1.22 -0.008 0.2648
50.0 -1.2511 -0.004 0.2576 -1.1775 -0.0222 0.2835 -1.1435 -0.0206 0.2853 -1.1406 -0.0019 0.2664 -1.1548 0.0139 0.2489 -1.1778 0.0248 0.2354 -1.2032 -0.0214 0.2801 -1.2046 -0.013 0.2714 -1.209 -0.0032 0.261 -1.2169 0.0067 0.25 -1.217 -0.007 0.264
51.0 -1.2513 -0.0028 0.2564 -1.1777 -0.021 0.2822 -1.1411 -0.0191 0.2839 -1.1371 -0.0021 0.2669 -1.1497 0.0146 0.2487 -1.175 0.0234 0.2372 -1.2033 -0.0208 0.2795 -1.2039 -0.0123 0.2708 -1.2082 -0.0025 0.2603 -1.2144 0.0077 0.2493 -1.2162 -0.0061 0.2633
52.0 -1.2515 -0.0016 0.2551 -1.1743 -0.0205 0.2821 -1.1385 -0.0187 0.2838 -1.1337 -0.001 0.2662 -1.1461 0.0144 0.2492 -1.1709 0.0251 0.2358 -1.2008 -0.0198 0.2788 -1.2006 -0.0112 0.27 -1.2032 -0.0012 0.2595 -1.2101 0.0082 0.2492 -1.2132 -0.0051 0.2625
53.0 -1.2453 -0.002 0.2561 -1.1709 -0.0201 0.282 -1.135 -0.0189 0.2843 -1.1311 -0.0012 0.2667 -1.1419 0.0156 0.2484 -1.1673 0.025 0.2363 -1.1947 -0.0196 0.2792 -1.1945 -0.0104 0.2698 -1.1989 -0.0006 0.2593 -1.2059 0.0094 0.2484 -1.2079 -0.0046 0.2626
54.0 -1.2445 -0.0013 0.2555 -1.1672 -0.0208 0.2831 -1.1307 -0.0183 0.2842 -1.1251 0.0002 0.2658 -1.1375 0.0156 0.2488 -1.1637 0.0243 0.2374 -1.1921 -0.0193 0.2791 -1.1919 -0.0107 0.2703 -1.1962 -0.0009 0.2599 -1.2023 0.0087 0.2495 -1.2054 -0.0047 0.2628
55.0 -1.2366 -0.0014 0.2564 -1.1621 -0.0201 0.2829 -1.1246 -0.0181 0.2846 -1.1205 -0.001 0.2675 -1.1322 0.0151 0.2499 -1.1592 0.0237 0.2384 -1.1842 -0.0194 0.28 -1.184 -0.0102 0.2706 -1.1883 -0.001 0.2608 -1.1961 0.0083 0.2505 -1.1978 -0.0048 0.2637
56.0 -1.234 -0.0011 0.2563 -1.1585 -0.0202 0.2834 -1.1202 -0.0181 0.285 -1.1155 0.0002 0.2667 -1.1286 0.015 0.2504 -1.1549 0.0242 0.2383 -1.1807 -0.0189 0.2799 -1.1814 -0.0099 0.2705 -1.1848 -0.0006 0.2607 -1.1918 0.0089 0.2503 -1.1946 -0.0043 0.2635
57.0 -1.2306 -0.0006 0.2562 -1.1551 -0.0198 0.2832 -1.1149 -0.018 0.2854 -1.1094 0.0005 0.2671 -1.1218 0.0165 0.2495 -1.1494 0.0232 0.2399 -1.179 -0.0187 0.2798 -1.1788 -0.0101 0.271 -1.1823 -0.0002 0.2606 -1.1882 0.0088 0.2508 -1.1918 -0.0042 0.2637
58.0 -1.2173 -0.0013 0.2582 -1.1412 -0.0136 0.2783 -1.1088 -0.0178 0.2858 -1.1039 -0.0006 0.2688 -1.1174 0.0165 0.2499 -1.1407 0.0237 0.2402 -1.17 -0.0199 0.2819 -1.1706 -0.0115 0.2732 -1.175 -0.0017 0.2628 -1.1812 0.0091 0.2512 -1.1828 -0.0051 0.2655
59.0 -1.2074 -0.0024 0.2603 -1.1317 -0.0123 0.278 -1.101 -0.0173 0.2861 -1.0959 -0.0008 0.2697 -1.1096 0.0169 0.2503 -1.1351 0.022 0.2425 -1.162 -0.0207 0.2835 -1.1643 -0.0124 0.2749 -1.1696 -0.0022 0.2638 -1.175 0.0087 0.2522 -1.1756 -0.0058 0.2669
60.0 -1.2048 -0.002 0.2602 -1.1263 -0.0134 0.2796 -1.0939 -0.0176 0.2871 -1.0883 0.0009 0.2688 -1.1043 0.017 0.2507 -1.1301 0.0233 0.2417 -1.1585 -0.0202 0.2834 -1.1609 -0.0114 0.2741 -1.1654 -0.001 0.263 -1.1707 0.0093 0.252 -1.1721 -0.0051 0.2665
61.0 -1.1997 -0.0013 0.26 -1.1203 -0.0126 0.2794 -1.0869 -0.0173 0.2875 -1.0812 0.0006 0.2698 -1.0982 0.0172 0.2511 -1.1205 0.024 0.2419 -1.1513 -0.0211 0.285 -1.1529 -0.0121 0.2757 -1.1573 -0.0023 0.2652 -1.1627 0.0085 0.2536 -1.1648 -0.0057 0.2679
62.0 -1.1971 -0.001 0.2599 -1.1146 -0.0149 0.2823 -1.0814 -0.0184 0.2891 -1.0733 0.0004 0.2707 -1.0903 0.0171 0.252 -1.1143 0.0236 0.2429 -1.147 -0.0205 0.2848 -1.1486 -0.0116 0.2755 -1.1521 -0.0016 0.265 -1.1575 0.0092 0.2534 -1.1605 -0.0051 0.2677
63.0 -1.1889 -0.0023 0.2621 -1.1037 -0.0116 0.28 -1.0747 -0.0168 0.2882 -1.0682 0.0017 0.2699 -1.0842 0.0173 0.2524 -1.1074 0.0245 0.2427 -1.1363 -0.0215 0.2869 -1.1387 -0.0127 0.2776 -1.144 -0.0024 0.2666 -1.1511 0.0077 0.2556 -1.1518 -0.0062 0.2697
64.0 -1.1555 0.0028 0.2601 -1.07 -0.0132 0.2849 -1.0397 -0.0158 0.2906 -1.0319 0.0054 0.2697 -1.046 0.0206 0.2528 -1.073 0.0292 0.2413 -1.1018 -0.0175 0.2862 -1.1025 -0.0084 0.2768 -1.107 0.002 0.2658 -1.1141 0.0126 0.2542 -1.1162 -0.0017 0.2686
65.0 -1.144 0.0025 0.2616 -1.057 -0.0071 0.2801 -1.0243 -0.0131 0.2894 -1.0212 0.0093 0.2668 -1.0335 0.0241 0.2504 -1.0632 0.033 0.2385 -1.0888 -0.0163 0.2863 -1.0912 -0.0081 0.2776 -1.0967 0.0034 0.2654 -1.1038 0.014 0.2538 -1.1049 -0.0009 0.2689
66.0 -1.1365 0.0047 0.26 -1.049 -0.0079 0.2816 -1.0167 -0.0115 0.2885 -1.0128 0.0117 0.2652 -1.0285 0.026 0.249 -1.0575 0.0356 0.2364 -1.0769 -0.0141 0.2852 -1.0801 -0.006 0.2766 -1.0864 0.0048 0.265 -1.0953 0.0158 0.2528 -1.095 0.0011 0.2679
67.0 -1.1352 0.0074 0.2575 -1.0455 -0.0074 0.2815 -1.01 -0.0093 0.287 -1.0087 0.0134 0.2638 -1.0238 0.0291 0.2463 -1.0513 0.0358 0.2368 -1.0774 -0.0111 0.2821 -1.0797 -0.0029 0.2735 -1.0859 0.0073 0.2624 -1.0938 0.0172 0.2515 -1.0944 0.0036 0.2654
68.0 -1.1221 0.0079 0.2582 -1.03 -0.0004 0.2759 -1.0028 -0.0053 0.2836 -1.0005 0.017 0.261 -1.0173 0.0324 0.2436 -1.0457 0.039 0.234 -1.0644 -0.01 0.2822 -1.0684 -0.0026 0.2743 -1.0763 0.0074 0.2633 -1.0852 0.0184 0.2512 -1.0833 0.0042 0.2658
69.0 -1.1145 0.0095 0.2573 -1.0116 0.0051 0.2721 -0.9964 -0.0014 0.2802 -0.996 0.0213 0.2571 -1.0116 0.035 0.2415 -1.041 0.0421 0.2314 -1.0553 -0.0069 0.28 -1.0609 0.0003 0.2721 -1.0697 0.0101 0.2612 -1.0794 0.0204 0.2497 -1.076 0.0067 0.2641
70.0 -1.1066 0.01 0.2576 -1.0149 0.0083 0.2684 -0.989 0.0014 0.2781 -0.9905 0.0251 0.2538 -1.0088 0.0391 0.2376 -1.037 0.0444 0.2293 -1.0485 -0.0054 0.2791 -1.0549 0.0011 0.2719 -1.0637 0.0109 0.261 -1.0733 0.0206 0.2501 -1.0694 0.0074 0.2639
71.0 -1.1008 0.012 0.2562 -1.0109 0.0107 0.2664 -0.9831 0.0028 0.2772 -0.9866 0.028 0.2511 -1.006 0.0431 0.2337 -1.0307 0.0483 0.226 -1.042 -0.0027 0.277 -1.0484 0.0038 0.2697 -1.057 0.013 0.2595 -1.0666 0.0227 0.2486 -1.063 0.0098 0.2622
72.0 -1.0969 0.015 0.2535 -1.0081 0.0099 0.2676 -0.9787 0.0028 0.2777 -0.9833 0.0291 0.2504 -1.0023 0.0424 0.2349 -1.0293 0.0504 0.224 -1.0406 -0.0006 0.2751 -1.0472 0.007 0.2666 -1.0551 0.017 0.2556 -1.0639 0.0274 0.2441 -1.0607 0.0131 0.259
73.0 -1.0999 0.0219 0.2461 -1.0088 0.0238 0.2532 -0.976 0.0026 0.2782 -0.9792 0.0309 0.2489 -1.0007 0.0432 0.2342 -1.024 0.0505 0.2245 -1.0397 0.0044 0.27 -1.0451 0.0104 0.2634 -1.0519 0.0192 0.2536 -1.0597 0.0285 0.2433 -1.0593 0.0169 0.2553
74.0 -1.0955 0.0219 0.2466 -1.003 0.0209 0.2567 -0.9718 0.0038 0.2774 -0.9792 0.0309 0.2489 -0.9999 0.0482 0.2291 -1.0216 0.0569 0.2181 -1.0382 0.0058 0.2687 -1.043 0.0131 0.2608 -1.0498 0.0219 0.2511 -1.0585 0.0318 0.2402 -1.057 0.0189 0.2535
75.0 -1.0939 0.0227 0.2459 -0.9998 0.0226 0.2554 -0.9677 0.0055 0.276 -0.9767 0.0318 0.2482 -0.9978 0.0516 0.2259 -1.0184 0.0586 0.2167 -1.0333 0.0083 0.2667 -1.038 0.015 0.2593 -1.0449 0.0244 0.249 -1.0544 0.0329 0.2394 -1.0529 0.0207 0.2521
76.0 -1.0927 0.0259 0.2427 -0.9972 0.0229 0.2553 -0.9669 0.0056 0.2759 -0.9731 0.0311 0.2493 -0.9946 0.0532 0.2246 -1.0169 0.06 0.2154 -1.0327 0.0096 0.2654 -1.0364 0.0158 0.2587 -1.0433 0.0253 0.2483 -1.052 0.0345 0.238 -1.0514 0.0222 0.2506
77.0 -1.087 0.0236 0.2456 -0.9955 0.0232 0.2552 -0.9645 0.0072 0.2746 -0.9725 0.0275 0.2531 -0.9961 0.0518 0.2259 -1.016 0.0601 0.2154 -1.0267 0.0104 0.2651 -1.0321 0.0164 0.2585 -1.0397 0.0245 0.2494 -1.0491 0.033 0.2398 -1.0469 0.0216 0.2517
78.0 -1.0491 0.0178 0.2554 -0.9825 0.0298 0.2497 -0.9558 0.0078 0.2749 -0.9646 0.0176 0.264 -0.9971 0.0376 0.2403 -1.0072 0.0448 0.2319 -1.0013 0.0065 0.2717 -1.0063 0.0095 0.2681 -1.0127 0.016 0.2609 -1.0194 0.0242 0.2518 -1.0177 0.0148 0.2616
79.0 -1.069 0.0261 0.2449 -0.9838 0.0217 0.2579 -0.954 0.0074 0.2754 -0.9763 0.0343 0.2457 -0.9966 0.0499 0.2278 -1.0108 0.0553 0.2208 -1.0133 0.0098 0.2671 -1.0179 0.0159 0.2604 -1.0247 0.0241 0.2513 -1.0339 0.0314 0.2429 -1.0318 0.0214 0.2534
80.0 -1.0527 0.0234 0.2493 -0.9788 0.0285 0.2514 -0.9515 0.0083 0.2747 -0.9531 0.0124 0.2704 -0.9841 0.0387 0.2404 -0.9979 0.0473 0.2303 -1.0018 0.0089 0.2692 -1.005 0.0121 0.2656 -1.0105 0.0187 0.2583 -1.0181 0.0268 0.2492 -1.0176 0.018 0.2583
81.0 -1.0689 0.0255 0.2456 -0.9804 0.0228 0.2571 -0.9483 0.01 0.2734 -0.9766 0.0361 0.2438 -0.9936 0.0527 0.2251 -1.0095 0.0579 0.2183 -1.0085 0.0122 0.2651 -1.0139 0.0182 0.2584 -1.0223 0.0257 0.25 -1.0322 0.0323 0.2423 -1.0292 0.0228 0.2523
82.0 -1.062 0.0264 0.2453 -0.9766 0.0257 0.2545 -0.9423 0.0108 0.2731 -0.9662 0.032 0.2491 -0.987 0.0451 0.2336 -0.9976 0.0504 0.2272 -1.0006 0.0121 0.266 -1.005 0.0176 0.2599 -1.0115 0.0241 0.2527 -1.0187 0.0304 0.2455 -1.0196 0.0221 0.2539
83.0 -1.0596 0.0279 0.2439 -0.9747 0.0254 0.255 -0.94 0.0129 0.2712 -0.9678 0.0257 0.2554 -0.9832 0.0334 0.246 -0.9908 0.0366 0.2419 -1.0 0.014 0.2641 -1.0034 0.0184 0.2593 -1.0078 0.0233 0.2538 -1.0139 0.028 0.2484 -1.017 0.0223 0.2539
84.0 -1.0576 0.0264 0.2457 -0.9732 0.0268 0.2537 -0.9385 0.0144 0.2699 -0.9412 0.0146 0.2693 -0.9667 0.0246 0.2566 -0.9802 0.0313 0.2484 -1.0001 0.0146 0.2635 -1.0023 0.0168 0.2611 -1.0063 0.0199 0.2575 -1.0124 0.0245 0.2521 -1.0157 0.0204 0.256
85.0 -1.0592 0.0256 0.2464 -0.9727 0.0336 0.2468 -0.9375 0.0139 0.2704 -0.943 0.0199 0.2638 -0.9676 0.0349 0.246 -0.983 0.0426 0.2366 -0.9994 0.0153 0.2628 -1.0031 0.0166 0.2611 -1.0081 0.0202 0.2569 -1.0153 0.026 0.2503 -1.017 0.0207 0.2555
86.0 -1.0549 0.0261 0.2463 -0.974 0.0364 0.2437 -0.9369 0.0152 0.2692 -0.9344 0.0161 0.2684 -0.9537 0.0306 0.2517 -0.9752 0.043 0.2369 -0.9952 0.0165 0.2621 -0.9983 0.0191 0.2591 -1.0035 0.0239 0.2536 -1.0116 0.0301 0.2465 -1.0127 0.0232 0.2535
87.0 -1.0539 0.0251 0.2475 -0.9722 0.0361 0.2443 -0.9329 0.0127 0.2721 -0.9373 0.0176 0.2667 -0.9714 0.0417 0.2387 -0.9828 0.0463 0.2328 -0.9934 0.0167 0.262 -0.9964 0.0188 0.2596 -1.0024 0.0228 0.2548 -1.0104 0.0279 0.2489 -1.0113 0.0223 0.2546
88.0 -1.0562 0.0235 0.2488 -0.9723 0.0367 0.2437 -0.9319 0.0116 0.2733 -0.9405 0.0208 0.2631 -0.9677 0.0404 0.2404 -0.9831 0.048 0.231 -0.9943 0.0166 0.262 -0.9974 0.0192 0.259 -1.0044 0.0238 0.2537 -1.0134 0.0299 0.2465 -1.0131 0.0226 0.254
89.0 -1.0593 0.0213 0.2508 -0.9726 0.0385 0.2418 -0.9304 0.0136 0.2714 -0.9557 0.0371 0.2449 -0.9734 0.0481 0.2319 -0.9872 0.0512 0.2274 -0.9924 0.0156 0.2632 -0.9978 0.0216 0.2565 -1.006 0.0279 0.2494 -1.0149 0.034 0.2422 -1.0141 0.0241 0.2524
90.0 -1.0655 0.021 0.2504 -0.971 0.0393 0.2411 -0.9299 0.0155 0.2695 -0.9535 0.0496 0.2323 -0.9733 0.0573 0.2225 -0.9924 0.0608 0.217 -0.9916 0.0164 0.2625 -0.9985 0.0252 0.2528 -1.007 0.0338 0.2432 -1.0172 0.0416 0.2342 -1.0159 0.0276 0.2486
91.0 -1.0674 0.0122 0.2592 -0.9706 0.0418 0.2386 -0.9245 0.0199 0.2656 -0.9498 0.0538 0.2284 -0.963 0.0587 0.2221 -0.9808 0.06 0.219 -0.993 0.0143 0.2645 -0.9988 0.0221 0.256 -1.0072 0.0301 0.2469 -1.0157 0.0382 0.2379 -1.0164 0.0234 0.2529
92.0 -1.0699 0.0113 0.26 -0.9741 0.0419 0.2381 -0.9233 0.0231 0.2624 -0.9494 0.0563 0.2259 -0.9634 0.0611 0.2196 -0.9875 0.0633 0.2149 -0.9913 0.0146 0.2644 -0.998 0.0228 0.2553 -1.0072 0.0301 0.2469 -1.0165 0.038 0.2379 -1.0166 0.0234 0.2529
93.0 -1.0625 0.0092 0.2628 -0.9734 0.0378 0.2425 -0.9181 0.0336 0.2522 -0.9441 0.0661 0.2164 -0.9739 0.0756 0.2038 -1.0068 0.0729 0.2032 -0.9852 0.0197 0.2598 -0.9939 0.0295 0.2489 -1.0074 0.0362 0.2407 -1.0241 0.0413 0.2338 -1.0146 0.0272 0.2492
94.0 -1.0584 0.011 0.2614 -0.9709 0.0387 0.2418 -0.9169 0.0368 0.249 -0.9416 0.0671 0.2156 -0.9722 0.0764 0.2031 -1.0034 0.0734 0.203 -0.9827 0.0206 0.2591 -0.9916 0.031 0.2476 -1.0059 0.0376 0.2394 -1.0225 0.0421 0.2331 -1.0122 0.0285 0.2481
95.0 -1.0567 0.0112 0.2613 -0.9726 0.0385 0.2418 -0.915 0.0408 0.2452 -0.9407 0.0672 0.2156 -0.9707 0.0778 0.2018 -1.0035 0.074 0.2024 -0.9827 0.0206 0.2591 -0.9915 0.0304 0.2482 -1.0052 0.0384 0.2387 -1.0218 0.0428 0.2325 -1.0116 0.0287 0.248
96.0 -1.054 0.011 0.2618 -0.9634 0.0409 0.2402 -0.9158 0.0455 0.2402 -0.9391 0.068 0.2149 -0.97 0.0785 0.2011 -1.0026 0.0741 0.2024 -0.9803 0.0222 0.2577 -0.9899 0.0319 0.2469 -1.0043 0.0385 0.2387 -1.0219 0.0434 0.2319 -1.0101 0.0294 0.2474
97.0 -1.0532 0.0111 0.2618 -0.9569 0.0443 0.2375 -0.9157 0.0498 0.2359 -0.9405 0.0709 0.2118 -0.9717 0.0783 0.2012 -1.0027 0.0747 0.2018 -0.9798 0.0241 0.2558 -0.9902 0.033 0.2456 -1.0045 0.0397 0.2374 -1.022 0.044 0.2312 -1.0099 0.0304 0.2464
98.0 -1.0507 0.012 0.2611 -0.9571 0.0454 0.2362 -0.9216 0.0533 0.2317 -0.9429 0.0694 0.2132 -0.9741 0.0768 0.2025 -1.0027 0.0747 0.2018 -0.9815 0.0238 0.2559 -0.9909 0.0323 0.2463 -1.0053 0.0389 0.2381 -1.0228 0.0439 0.2313 -1.0102 0.0302 0.2465
99.0 -1.0507 0.012 0.2611 -0.9551 0.0439 0.238 -0.9263 0.0551 0.2294 -0.9455 0.0696 0.2127 -0.9755 0.0747 0.2045 -1.0034 0.0734 0.203 -0.9807 0.0245 0.2553 -0.991 0.0329 0.2457 -1.0045 0.0397 0.2374 -1.022 0.044 0.2312 -1.0098 0.0306 0.2461
100.0 -1.0511 0.0144 0.2586 -0.9554 0.0506 0.2312 -0.929 0.0554 0.2289 -0.9524 0.0687 0.2129 -0.9803 0.0722 0.2065 -1.0033 0.0728 0.2037 -0.9799 0.0247 0.2552 -0.9892 0.0326 0.2462 -1.0038 0.0404 0.2368 -1.0205 0.0454 0.2299 -1.0089 0.0315 0.2453
101.0 -1.0512 0.015 0.258 -0.9597 0.0451 0.2363 -0.9344 0.051 0.2328 -0.9393 0.0589 0.2243 -0.979 0.0645 0.2146 -1.0073 0.0704 0.2057 -0.9831 0.023 0.2566 -0.9917 0.0316 0.2469 -1.0045 0.0397 0.2374 -1.0205 0.0454 0.2299 -1.0102 0.031 0.2458
102.0 -1.0508 0.0175 0.2555 -1.0055 0.0652 0.2112 -0.9411 0.0543 0.2287 -0.9325 0.0555 0.2284 -0.941 0.0537 0.2294 -0.9562 0.0499 0.2318 -0.9882 0.0272 0.2518 -0.9871 0.0255 0.2536 -0.9899 0.0264 0.2525 -0.9966 0.0297 0.2484 -1.0025 0.0253 0.2523
103.0 -1.0552 0.0176 0.255 -0.974 0.0462 0.2338 -0.9376 0.0542 0.2292 -0.9461 0.0579 0.2246 -0.9805 0.0533 0.2259 -0.9996 0.0519 0.2254 -0.9833 0.0242 0.2554 -0.9884 0.0278 0.2512 -0.9969 0.0315 0.2465 -1.0073 0.0356 0.2413 -1.0062 0.0273 0.2499
104.0 -1.051 0.0187 0.2542 -0.9551 0.0439 0.238 -0.9378 0.0554 0.228 -0.9437 0.0589 0.2238 -0.9763 0.0545 0.2251 -0.9999 0.0537 0.2235 -0.9817 0.025 0.2547 -0.9879 0.0303 0.2487 -0.9976 0.0351 0.2428 -1.0088 0.0391 0.2376 -1.0054 0.0296 0.2476
105.0 -1.0503 0.02 0.253 -0.9639 0.0439 0.2371 -0.9376 0.0542 0.2292 -0.938 0.0566 0.2267 -0.9467 0.056 0.2265 -0.9672 0.0526 0.2279 -0.9834 0.0248 0.2547 -0.9865 0.0274 0.2517 -0.9916 0.031 0.2476 -0.9984 0.035 0.2428 -1.0021 0.0277 0.25
106.0 -1.0473 0.018 0.2553 -0.9701 0.0339 0.2467 -0.9457 0.0452 0.2377 -0.9755 0.0448 0.2351 -1.0105 0.0388 0.2377 -1.0218 0.0428 0.2325 -0.9812 0.022 0.2578 -0.9907 0.0311 0.2475 -1.0026 0.0387 0.2386 -1.0178 0.0452 0.2305 -1.0079 0.031 0.2459
107.0 -1.0493 0.019 0.2542 -0.9561 0.0346 0.2474 -0.9455 0.0446 0.2383 -0.9552 0.0494 0.2324 -0.9719 0.0496 0.2306 -0.9942 0.0508 0.227 -0.9834 0.0248 0.2547 -0.9907 0.0311 0.2475 -0.9994 0.0355 0.2422 -1.0105 0.0388 0.2377 -1.0067 0.0298 0.2473
108.0 -1.0516 0.0174 0.2555 -0.9587 0.0342 0.2475 -0.944 0.0405 0.2426 -0.955 0.0482 0.2336 -0.9789 0.0492 0.2302 -1.0056 0.0511 0.2256 -0.9846 0.0216 0.2579 -0.9937 0.0283 0.2501 -1.0045 0.0348 0.2424 -1.0187 0.0402 0.2355 -1.0106 0.0284 0.2483
109.0 -1.0514 0.0162 0.2567 -0.9499 0.0342 0.2484 -0.9474 0.04 0.2427 -0.9702 0.0449 0.2355 -1.0046 0.0403 0.2368 -1.021 0.0435 0.2318 -0.983 0.0224 0.2572 -0.9932 0.0302 0.2482 -1.0066 0.0363 0.2406 -1.0215 0.041 0.2343 -1.0111 0.0292 0.2474
110.0 -1.0513 0.0156 0.2574 -0.9753 0.0338 0.2463 -0.9435 0.0381 0.2451 -0.9492 0.0453 0.2372 -0.9699 0.048 0.2323 -1.0045 0.0494 0.2274 -0.9844 0.0204 0.2591 -0.9909 0.0274 0.2513 -1.0018 0.0345 0.243 -1.0151 0.0401 0.236 -1.0087 0.0276 0.2493
111.0 -1.0515 0.0168 0.2561 -0.9637 0.0329 0.2483 -0.9465 0.0402 0.2427 -0.9548 0.047 0.2349 -0.9685 0.05 0.2304 -0.9926 0.0523 0.2257 -0.9848 0.0228 0.2567 -0.992 0.0285 0.2501 -1.0008 0.0334 0.2442 -1.0121 0.038 0.2384 -1.0083 0.0279 0.2491
112.0 -1.0503 0.0146 0.2586 -0.9714 0.0313 0.2493 -0.9443 0.0374 0.2457 -0.9517 0.0443 0.2379 -0.9748 0.0461 0.2338 -1.0076 0.0472 0.2294 -0.9853 0.0203 0.2592 -0.9925 0.0266 0.252 -1.0033 0.0325 0.2449 -1.0164 0.0374 0.2385 -1.0096 0.0263 0.2506
113.0 -1.0494 0.0147 0.2585 -0.9457 0.0354 0.2476 -0.9424 0.0419 0.2413 -0.955 0.0482 0.2336 -0.9789 0.0492 0.2302 -1.0122 0.0484 0.2277 -0.9844 0.0253 0.2541 -0.9942 0.0313 0.247 -1.0075 0.0368 0.2401 -1.0222 0.0403 0.235 -1.0116 0.0297 0.247
114.0 -1.0494 0.0147 0.2585 -0.9488 0.0331 0.2496 -0.9485 0.0411 0.2415 -0.9684 0.0445 0.236 -1.0018 0.0394 0.238 -1.02 0.0425 0.233 -0.9842 0.0241 0.2554 -0.9933 0.0308 0.2476 -1.0066 0.0363 0.2406 -1.0223 0.0409 0.2344 -1.0111 0.0294 0.2473
115.0 -1.0476 0.0143 0.2591 -0.9406 0.0367 0.2468 -0.9446 0.0441 0.2389 -0.9654 0.0474 0.2334 -1.0002 0.0402 0.2373 -1.0198 0.0419 0.2337 -0.9818 0.0256 0.254 -0.9927 0.0327 0.2457 -1.0068 0.0375 0.2394 -1.0223 0.0409 0.2344 -1.0102 0.0302 0.2465
116.0 -1.0458 0.0145 0.259 -0.9431 0.0357 0.2475 -0.942 0.0444 0.2388 -0.9534 0.049 0.233 -1.0008 0.0383 0.2392 -1.0198 0.0419 0.2337 -0.9824 0.0237 0.2559 -0.9924 0.0309 0.2476 -1.0056 0.0358 0.2412 -1.0204 0.04 0.2356 -1.0093 0.029 0.2479
117.0 -1.0457 0.0139 0.2596 -0.9444 0.038 0.2451 -0.9416 0.042 0.2412 -0.9535 0.0496 0.2323 -0.9853 0.0453 0.2336 -1.0128 0.0471 0.229 -0.9812 0.022 0.2578 -0.9922 0.0297 0.2488 -1.0055 0.0353 0.2418 -1.0213 0.0398 0.2356 -1.0092 0.0282 0.2487
118.0 -1.0456 0.0133 0.2603 -0.9425 0.037 0.2463 -0.945 0.0465 0.2364 -0.9602 0.053 0.2282 -0.9868 0.0488 0.2299 -1.0164 0.0472 0.2285 -0.9818 0.0256 0.254 -0.9936 0.0326 0.2458 -1.0074 0.0362 0.2407 -1.0227 0.0378 0.2375 -1.0102 0.0291 0.2477
119.0 -1.0482 0.013 0.2604 -0.9429 0.0394 0.2438 -0.9433 0.0418 0.2413 -0.9583 0.052 0.2294 -0.9806 0.049 0.2303 -1.0118 0.046 0.2302 -0.9806 0.0239 0.2559 -0.9923 0.0303 0.2482 -1.0064 0.0351 0.2419 -1.0208 0.0375 0.2381 -1.0097 0.028 0.2489
120.0 -1.0464 0.0126 0.2609 -0.9414 0.036 0.2475 -0.9438 0.0448 0.2382 -0.9611 0.0529 0.2283 -0.9953 0.0421 0.2358 -1.0189 0.0414 0.2342 -0.9806 0.0239 0.2559 -0.9933 0.0308 0.2476 -1.0072 0.035 0.2419 -1.0217 0.0373 0.2381 -1.0098 0.0279 0.2489
121.0 -1.0439 0.0136 0.2602 -0.9415 0.0366 0.2469 -0.944 0.046 0.237 -0.9608 0.0511 0.2301 -0.9901 0.0428 0.2356 -1.0164 0.0423 0.2335 -0.9812 0.0269 0.2528 -0.9938 0.0338 0.2445 -1.0076 0.0374 0.2394 -1.023 0.0396 0.2357 -1.0099 0.0303 0.2465
122.0 -1.0429 0.0125 0.2614 -0.9448 0.0355 0.2476 -0.9437 0.0442 0.2388 -0.9589 0.0507 0.2307 -0.9955 0.0384 0.2396 -1.0174 0.0379 0.2379 -0.9803 0.027 0.2527 -0.9928 0.0333 0.2451 -1.0059 0.0376 0.2394 -1.0212 0.0392 0.2362 -1.0086 0.0299 0.247
123.0 -1.0445 0.0117 0.2621 -0.9422 0.0353 0.2481 -0.9429 0.0443 0.2388 -0.9626 0.0514 0.2296 -0.9998 0.0379 0.2398 -1.0202 0.0388 0.2368 -0.9807 0.0245 0.2553 -0.9941 0.0307 0.2477 -1.0081 0.0349 0.2419 -1.0227 0.0378 0.2375 -1.01 0.0279 0.2489
124.0 -1.0452 0.011 0.2627 -0.9431 0.0357 0.2475 -0.9427 0.0431 0.24 -0.96 0.0518 0.2295 -1.004 0.0367 0.2405 -1.0226 0.0372 0.2381 -0.9809 0.0251 0.2546 -0.9934 0.0314 0.247 -1.0073 0.0356 0.2413 -1.0227 0.0378 0.2375 -1.0099 0.0282 0.2486
125.0 -1.0435 0.0112 0.2627 -0.9446 0.0343 0.2489 -0.946 0.047 0.2358 -0.9619 0.0527 0.2283 -0.9932 0.0406 0.2376 -1.0169 0.0398 0.236 -0.9811 0.0263 0.2534 -0.9937 0.0332 0.2451 -1.0075 0.0368 0.2401 -1.022 0.0391 0.2362 -1.0096 0.0293 0.2475
126.0 -1.0473 0.0125 0.261 -0.988 0.0407 0.238 -0.9556 0.0518 0.2299 -0.9503 0.0519 0.2303 -0.9485 0.0466 0.2359 -0.9602 0.0377 0.2438 -0.9924 0.0309 0.2476 -0.9933 0.0308 0.2476 -0.9948 0.0294 0.2489 -0.9977 0.0259 0.2522 -1.0051 0.0259 0.2514
127.0 -1.0455 0.0127 0.2609 -0.972 0.0349 0.2455 -0.9552 0.0494 0.2324 -0.9584 0.0526 0.2288 -0.9695 0.0456 0.2348 -0.9856 0.0422 0.2367 -0.9867 0.0286 0.2505 -0.9937 0.0332 0.2451 -1.0011 0.0352 0.2423 -1.0098 0.0347 0.242 -1.0074 0.0289 0.2482
128.0 -1.0436 0.0118 0.2621 -0.9439 0.035 0.2482 -0.9422 0.0456 0.2375 -0.9537 0.0508 0.2311 -0.9816 0.0446 0.2347 -1.0104 0.0431 0.2333 -0.98 0.0253 0.2546 -0.9918 0.0322 0.2463 -1.0057 0.0364 0.2406 -1.0203 0.0394 0.2362 -1.0083 0.029 0.2479
129.0 -1.0435 0.0112 0.2627 -0.9442 0.0368 0.2463 -0.9439 0.0454 0.2376 -0.9601 0.0524 0.2288 -0.9982 0.0387 0.2391 -1.0177 0.0397 0.2361 -0.98 0.0253 0.2546 -0.9918 0.0322 0.2463 -1.0057 0.0364 0.2406 -1.0203 0.0394 0.2362 -1.0083 0.0289 0.2481
130.0 -1.0436 0.0118 0.2621 -0.945 0.0367 0.2464 -0.9442 0.0472 0.2357 -0.9566 0.0522 0.2293 -0.9831 0.0432 0.236 -1.0085 0.0422 0.2345 -0.9803 0.027 0.2527 -0.992 0.0334 0.2451 -1.0051 0.0378 0.2393 -1.0194 0.0395 0.2361 -1.0081 0.0299 0.2471
131.0 -1.0435 0.0112 0.2627 -0.9419 0.0389 0.2444 -0.9434 0.0473 0.2357 -0.9646 0.053 0.2278 -1.0047 0.036 0.2412 -1.0208 0.0375 0.2381 -0.9811 0.0263 0.2534 -0.9928 0.0333 0.2451 -1.0058 0.037 0.24 -1.0203 0.0394 0.2362 -1.0087 0.0294 0.2475
132.0 -1.0443 0.0105 0.2633 -0.9432 0.0363 0.2469 -0.9437 0.0442 0.2388 -0.9565 0.0516 0.23 -0.9916 0.0414 0.2369 -1.0176 0.0391 0.2367 -0.9809 0.0251 0.2546 -0.9925 0.0315 0.247 -1.0064 0.0351 0.2419 -1.0218 0.0379 0.2375 -1.0092 0.028 0.2489
133.0 -1.0434 0.0106 0.2633 -0.9434 0.0375 0.2457 -0.9438 0.0448 0.2382 -0.9601 0.0524 0.2288 -0.9975 0.04 0.2378 -1.0177 0.0397 0.2361 -0.98 0.0253 0.2546 -0.9926 0.0321 0.2463 -1.0057 0.0364 0.2406 -1.0212 0.0392 0.2362 -1.0086 0.0287 0.2482
134.0 -1.0443 0.0105 0.2633 -0.9552 0.0341 0.248 -0.9448 0.0453 0.2376 -0.9568 0.0534 0.2281 -0.9901 0.0428 0.2356 -1.0154 0.0418 0.2341 -0.9817 0.025 0.2547 -0.9925 0.0315 0.247 -1.0047 0.036 0.2412 -1.0192 0.0383 0.2374 -1.0085 0.0283 0.2487
135.0 -1.0426 0.0113 0.2626 -0.9425 0.037 0.2463 -0.944 0.046 0.237 -0.962 0.0533 0.2277 -1.0 0.039 0.2385 -1.0171 0.041 0.2348 -0.9801 0.0259 0.254 -0.9928 0.0333 0.2451 -1.006 0.0382 0.2387 -1.0206 0.0412 0.2343 -1.0084 0.03 0.247
136.0 -1.0464 0.0126 0.2609 -1.0092 0.0464 0.2301 -0.9662 0.057 0.2235 -0.9516 0.0541 0.2279 -0.939 0.0473 0.2361 -0.9389 0.0369 0.2468 -1.0009 0.034 0.2435 -0.9933 0.0308 0.2476 -0.9873 0.0267 0.2524 -0.9817 0.0201 0.2597 -1.0019 0.0249 0.2528
137.0 -1.0417 0.0108 0.2632 -0.9411 0.0391 0.2443 -0.944 0.046 0.237 -0.9668 0.0503 0.2304 -1.0073 0.0356 0.2413 -1.02 0.0376 0.238 -0.9797 0.0284 0.2515 -0.9913 0.0347 0.2438 -1.0044 0.0391 0.2381 -1.019 0.042 0.2336 -1.0072 0.031 0.246
138.0 -1.0452 0.011 0.2627 -0.9419 0.0389 0.2444 -0.9449 0.0459 0.237 -0.9644 0.0518 0.229 -0.9999 0.0385 0.2391 -1.0195 0.0401 0.2355 -0.9799 0.0247 0.2552 -0.9917 0.0316 0.2469 -1.0056 0.0358 0.2412 -1.0209 0.0381 0.2374 -1.0087 0.0282 0.2487
139.0 -1.0445 0.0117 0.2621 -0.9442 0.0368 0.2463 -0.9422 0.0456 0.2375 -0.955 0.0531 0.2286 -0.9786 0.0474 0.2321 -1.0092 0.0464 0.2301 -0.9799 0.0247 0.2552 -0.9907 0.0311 0.2475 -1.0039 0.0361 0.2412 -1.0186 0.0396 0.2361 -1.0075 0.0286 0.2484
140.0 -1.0394 0.013 0.2613 -0.9421 0.0401 0.2431 -0.944 0.046 0.237 -0.9661 0.0516 0.2291 -1.0066 0.0363 0.2406 -1.02 0.0376 0.238 -0.9785 0.0267 0.2533 -0.9911 0.0335 0.245 -1.0042 0.0379 0.2393 -1.0189 0.0414 0.2342 -1.0064 0.0305 0.2466
141.0 -1.041 0.0121 0.262 -0.9409 0.0379 0.2456 -0.9452 0.0477 0.2351 -0.9672 0.0526 0.2279 -1.0049 0.0372 0.24 -1.02 0.0376 0.238 -0.9804 0.0276 0.2521 -0.9922 0.0346 0.2438 -1.006 0.0382 0.2387 -1.0205 0.0406 0.2349 -1.008 0.0306 0.2463
142.0 -1.041 0.0121 0.262 -0.941 0.0385 0.245 -0.9442 0.0472 0.2357 -0.9628 0.0526 0.2283 -1.0065 0.0357 0.2413 -1.0207 0.0369 0.2387 -0.9802 0.0264 0.2534 -0.9928 0.0333 0.2451 -1.0058 0.037 0.24 -1.0204 0.04 0.2356 -1.0081 0.0298 0.2472
143.0 -1.0403 0.0128 0.2613 -0.9438 0.0344 0.2488 -0.9459 0.0464 0.2364 -0.9626 0.0514 0.2296 -0.9948 0.0397 0.2383 -1.0151 0.0401 0.236 -0.9805 0.0282 0.2515 -0.993 0.0345 0.2439 -1.006 0.0382 0.2387 -1.0205 0.0406 0.2349 -1.0081 0.0309 0.2461
144.0 -1.0439 0.0136 0.2602 -0.9379 0.0358 0.248 -0.9497 0.0483 0.2341 -0.9659 0.0504 0.2303 -0.9871 0.0457 0.233 -1.0101 0.0462 0.2302 -0.9807 0.0294 0.2503 -0.9933 0.0357 0.2426 -1.0072 0.0399 0.2369 -1.0198 0.0419 0.2337 -1.009 0.0321 0.2447
145.0 -1.0456 0.0133 0.2603 -1.0003 0.0506 0.2267 -0.9624 0.0551 0.2258 -0.9503 0.0519 0.2303 -0.9423 0.0462 0.2369 -0.9414 0.036 0.2475 -0.9994 0.0355 0.2422 -0.9934 0.0314 0.247 -0.988 0.026 0.253 -0.9815 0.0189 0.2609 -1.0016 0.025 0.2527
146.0 -1.0427 0.0119 0.262 -0.938 0.0364 0.2473 -0.9544 0.0446 0.2374 -0.9758 0.0466 0.2332 -0.9997 0.0421 0.2354 -1.0168 0.0447 0.231 -0.9771 0.0287 0.2514 -0.9925 0.0364 0.242 -1.0074 0.0411 0.2357 -1.022 0.044 0.2312 -1.0083 0.0324 0.2445
147.0 -1.0452 0.011 0.2627 -0.943 0.04 0.2432 -0.9528 0.046 0.2361 -0.9779 0.0487 0.2308 -1.0049 0.042 0.235 -1.0207 0.0417 0.2337 -0.9792 0.026 0.2539 -0.9936 0.0326 0.2458 -1.0075 0.0368 0.2401 -1.0221 0.0397 0.2356 -1.0095 0.0292 0.2476
148.0 -1.0426 0.0113 0.2626 -0.9429 0.0394 0.2438 -0.9656 0.0437 0.2372 -0.9877 0.0444 0.2343 -1.0042 0.0428 0.2343 -1.0189 0.0414 0.2342 -0.9735 0.0286 0.2518 -0.9863 0.036 0.243 -1.0002 0.0402 0.2373 -1.0164 0.0423 0.2335 -1.0038 0.0317 0.2457
149.0 -1.0435 0.0112 0.2627 -0.943 0.04 0.2432 -0.9535 0.0496 0.2323 -0.9808 0.0502 0.229 -1.002 0.0455 0.2317 -1.0176 0.044 0.2317 -0.975 0.0271 0.2532 -0.9876 0.0334 0.2455 -1.0016 0.0382 0.2392 -1.0171 0.041 0.2348 -1.005 0.0302 0.2471
150.0 -1.0461 0.0108 0.2628 -0.9821 0.0372 0.2422 -0.9522 0.0473 0.2348 -0.9662 0.057 0.2235 -0.9853 0.0557 0.223 -1.0108 0.0504 0.2258 -0.976 0.0227 0.2576 -0.9853 0.0306 0.2486 -0.9978 0.0363 0.2415 -1.0142 0.0396 0.2366 -1.0039 0.028 0.2494
151.0 -1.0479 0.0112 0.2622 -0.9502 0.0409 0.2416 -0.953 0.0521 0.2298 -0.9701 0.059 0.2211 -0.9979 0.0522 0.2253 -1.0184 0.0488 0.2267 -0.9746 0.0248 0.2556 -0.9848 0.0325 0.2467 -0.9987 0.0368 0.241 -1.015 0.0395 0.2366 -1.0042 0.0289 0.2484
152.0 -1.0487 0.0105 0.2629 -0.9532 0.0429 0.2392 -0.9485 0.0515 0.2309 -0.9605 0.0596 0.2214 -0.9797 0.0589 0.2202 -1.0027 0.0546 0.2224 -0.977 0.0232 0.257 -0.9853 0.0306 0.2486 -0.9977 0.0357 0.2422 -1.0106 0.0394 0.237 -1.0039 0.0279 0.2495
153.0 -1.0496 0.011 0.2623 -0.953 0.0417 0.2404 -0.9489 0.0539 0.2284 -0.9635 0.0617 0.219 -0.9858 0.0587 0.2199 -1.0087 0.0537 0.2226 -0.9769 0.0226 0.2576 -0.9851 0.0295 0.2498 -0.9974 0.0345 0.2434 -1.0104 0.0383 0.2383 -1.0039 0.0272 0.2503
154.0 -1.0503 0.0097 0.2636 -0.9538 0.0416 0.2405 -0.9436 0.0534 0.2295 -0.9652 0.0615 0.2191 -0.9995 0.0562 0.221 -1.0187 0.0506 0.2249 -0.9768 0.022 0.2582 -0.9869 0.0298 0.2492 -0.9994 0.0355 0.2422 -1.0141 0.039 0.2372 -1.0055 0.0272 0.2501
155.0 -1.0699 -0.0089 0.2806 -0.976 0.0227 0.2576 -0.9398 0.027 0.2568 -0.9747 0.0351 0.245 -0.9921 0.0444 0.2338 -1.0135 0.0458 0.2303 -0.9979 -0.0028 0.2815 -1.0065 0.0058 0.2719 -1.0192 0.0132 0.263 -1.0335 0.0193 0.2554 -1.0254 0.0053 0.2705
156.0 -1.0724 -0.0098 0.2813 -0.9766 0.0208 0.2595 -0.9411 0.0244 0.2593 -0.9736 0.0341 0.2462 -0.9903 0.044 0.2344 -1.0144 0.0457 0.2303 -1.0003 -0.0044 0.2829 -1.0089 0.0043 0.2732 -1.0208 0.0124 0.2637 -1.0361 0.0189 0.2555 -1.0277 0.0043 0.2713
157.0 -1.0732 -0.0099 0.2813 -0.9778 0.0176 0.2626 -0.9417 0.0225 0.2612 -0.9635 0.0366 0.2446 -0.987 0.0451 0.2336 -1.016 0.0448 0.231 -1.0027 -0.0059 0.2842 -1.0104 0.0028 0.2745 -1.0224 0.011 0.265 -1.0366 0.017 0.2574 -1.029 0.003 0.2725
158.0 -1.0747 -0.0114 0.2826 -0.9775 0.0158 0.2645 -0.9416 0.0219 0.2619 -0.968 0.0324 0.2485 -0.9879 0.0456 0.233 -1.0149 0.0438 0.2322 -1.0059 -0.0076 0.2856 -1.0136 0.0012 0.2759 -1.0256 0.0093 0.2664 -1.0399 0.0159 0.2582 -1.032 0.0015 0.2737
159.0 -1.0783 -0.0112 0.2821 -0.9811 0.0117 0.2684 -0.9436 0.0186 0.2651 -0.9542 0.0336 0.2486 -0.9875 0.0432 0.2355 -1.0165 0.0429 0.2329 -1.009 -0.0098 0.2876 -1.0167 -0.0011 0.2779 -1.028 0.0078 0.2677 -1.0416 0.0151 0.2589 -1.0347 0.0002 0.2748
160.0 -1.081 -0.011 0.2816 -0.9803 0.0118 0.2683 -0.9457 0.0152 0.2683 -0.9589 0.0305 0.2513 -0.9883 0.0425 0.2362 -1.0173 0.0422 0.2336 -1.0106 -0.0106 0.2883 -1.0176 -0.0012 0.2779 -1.028 0.0078 0.2677 -1.0414 0.0145 0.2595 -1.0357 -0.0001 0.275
161.0 -1.0848 -0.0139 0.2843 -0.9874 0.0072 0.2724 -0.949 0.0142 0.269 -0.9586 0.0288 0.2531 -0.9878 0.0395 0.2393 -1.0178 0.0403 0.2355 -1.0171 -0.014 0.291 -1.0249 -0.0046 0.2807 -1.0353 0.0044 0.2705 -1.0473 0.0125 0.261 -1.0419 -0.0031 0.2775
162.0 -1.0884 -0.0138 0.2838 -0.9872 0.006 0.2736 -0.9511 0.0108 0.2722 -0.9582 0.0264 0.2556 -0.9893 0.0381 0.2406 -1.0194 0.0395 0.2361 -1.0194 -0.0161 0.293 -1.0254 -0.0065 0.2826 -1.0359 0.003 0.2718 -1.0479 0.0112 0.2622 -1.0434 -0.0044 0.2787
163.0 -1.0905 -0.0165 0.2864 -0.9963 0.0029 0.2758 -0.9533 0.0087 0.2742 -0.9621 0.0234 0.2583 -0.9906 0.0354 0.2431 -1.0215 0.0361 0.2393 -1.0235 -0.0179 0.2944 -1.0303 -0.009 0.2846 -1.04 0.0013 0.2732 -1.053 0.0099 0.263 -1.0474 -0.0064 0.2803
164.0 -1.093 -0.0175 0.2871 -0.9991 -0.0011 0.2797 -0.9564 0.0058 0.2768 -0.9642 0.0207 0.2609 -0.9895 0.0344 0.2443 -1.0231 0.0353 0.24 -1.0269 -0.0183 0.2945 -1.0337 -0.0095 0.2848 -1.0433 0.0002 0.2739 -1.0553 0.0084 0.2644 -1.0505 -0.0073 0.2809
165.0 -1.0973 -0.0181 0.2872 -0.9987 -0.0035 0.2822 -0.9601 0.0023 0.2801 -0.9666 0.0191 0.2622 -0.9935 0.032 0.2464 -1.0254 0.0332 0.242 -1.0301 -0.02 0.2959 -1.036 -0.0116 0.2867 -1.0456 -0.0019 0.2759 -1.0584 0.0061 0.2664 -1.0535 -0.0091 0.2824
166.0 -1.0995 -0.0208 0.2898 -1.0029 -0.0047 0.283 -0.964 -0.0007 0.2827 -0.9714 0.0166 0.2643 -0.9965 0.0291 0.249 -1.0283 0.0297 0.2452 -1.0322 -0.0233 0.2991 -1.0405 -0.0159 0.2907 -1.0509 -0.0069 0.2805 -1.0639 0.0023 0.2697 -1.0574 -0.0129 0.2859
167.0 -1.1023 -0.02 0.2887 -1.0067 -0.0083 0.2862 -0.9694 -0.0051 0.2867 -0.9744 0.0132 0.2675 -1.0004 0.0262 0.2516 -1.0316 0.0287 0.246 -1.0372 -0.0246 0.2999 -1.044 -0.0164 0.2908 -1.0535 -0.0073 0.2806 -1.0648 0.0022 0.2697 -1.0603 -0.0132 0.2859
168.0 -1.1086 -0.019 0.2871 -1.011 -0.0137 0.2914 -0.9734 -0.0074 0.2887 -0.9782 0.0102 0.2701 -1.0055 0.0255 0.2518 -1.0358 0.0275 0.2468 -1.0444 -0.0238 0.2983 -1.0495 -0.0147 0.2885 -1.0574 -0.0047 0.2776 -1.0677 0.0036 0.268 -1.0655 -0.0117 0.2839
169.0 -1.1212 -0.0225 0.2894 -1.0246 -0.0266 0.3032 -0.9893 -0.012 0.2918 -0.9958 0.0048 0.2739 -1.0205 0.0204 0.2555 -1.0482 0.0228 0.2504 -1.0579 -0.0274 0.3007 -1.0628 -0.0195 0.2922 -1.0723 -0.0104 0.2819 -1.0843 -0.0023 0.2724 -1.0797 -0.0164 0.2873
170.0 -1.1987 -0.022 0.2812 -1.1206 -0.0511 0.3187 -1.0786 -0.0345 0.3059 -1.077 -0.0184 0.2896 -1.0889 -0.001 0.2707 -1.1164 0.0105 0.2561 -1.1433 -0.0365 0.3015 -1.1435 -0.0255 0.2903 -1.148 -0.0151 0.2792 -1.1567 -0.0053 0.2683 -1.158 -0.0209 0.2841
171.0 -1.2057 -0.0223 0.2808 -1.1276 -0.0509 0.3178 -1.0846 -0.0353 0.3061 -1.0834 -0.0174 0.288 -1.0951 -0.0007 0.2697 -1.1216 0.0098 0.2563 -1.1505 -0.0356 0.2999 -1.1506 -0.0253 0.2893 -1.156 -0.0144 0.2777 -1.1648 -0.0046 0.2668 -1.1655 -0.0204 0.2829
172.0 -1.2093 -0.0216 0.2797 -1.1355 -0.0513 0.3175 -1.0927 -0.0345 0.3046 -1.0904 -0.0171 0.287 -1.1033 0.0013 0.2669 -1.1284 0.0089 0.2566 -1.1559 -0.0351 0.2989 -1.1551 -0.0246 0.2882 -1.1604 -0.0144 0.2772 -1.17 -0.0047 0.2663 -1.1702 -0.0201 0.2821
173.0 -1.2174 -0.0208 0.2782 -1.14 -0.0507 0.3164 -1.0989 -0.0342 0.3035 -1.0984 -0.017 0.286 -1.1113 0.0014 0.2659 -1.1367 0.0108 0.2538 -1.1622 -0.0342 0.2973 -1.1624 -0.0232 0.286 -1.1676 -0.0135 0.2756 -1.1771 -0.0044 0.2654 -1.1773 -0.0192 0.2805
174.0 -1.2255 -0.0195 0.276 -1.1472 -0.0498 0.3148 -1.1062 -0.0327 0.3013 -1.1046 -0.0166 0.285 -1.1177 0.003 0.2637 -1.143 0.0118 0.2522 -1.1702 -0.034 0.2963 -1.1695 -0.0229 0.285 -1.1739 -0.0125 0.274 -1.1827 -0.0027 0.2631 -1.1844 -0.0183 0.2789
175.0 -1.2327 -0.0186 0.2744 -1.1543 -0.0496 0.3138 -1.1133 -0.0324 0.3004 -1.1119 -0.0151 0.2828 -1.128 0.0016 0.2641 -1.1545 0.0121 0.2507 -1.1765 -0.033 0.2947 -1.1766 -0.0227 0.2841 -1.1827 -0.0125 0.2731 -1.1924 -0.0028 0.2622 -1.1922 -0.0179 0.2777
176.0 -1.2399 -0.0178 0.2728 -1.1606 -0.0486 0.3122 -1.1205 -0.0316 0.2988 -1.119 -0.0149 0.2818 -1.1346 0.0038 0.2612 -1.1599 0.0126 0.2497 -1.1853 -0.033 0.2938 -1.1854 -0.0226 0.2832 -1.1908 -0.0118 0.2715 -1.1995 -0.0019 0.2606 -1.2002 -0.0174 0.2764
177.0 -1.2462 -0.0168 0.2712 -1.1695 -0.048 0.3107 -1.131 -0.0318 0.2979 -1.1286 -0.015 0.281 -1.1431 0.002 0.2622 -1.167 0.0128 0.2487 -1.1933 -0.0328 0.2928 -1.1925 -0.0224 0.2822 -1.1978 -0.0121 0.2712 -1.2057 -0.0022 0.2602 -1.2071 -0.0172 0.2755
178.0 -1.2542 -0.0166 0.2702 -1.1801 -0.0476 0.3092 -1.1415 -0.032 0.2971 -1.139 -0.0164 0.2814 -1.1517 0.0009 0.2625 -1.1755 0.0117 0.2491 -1.2023 -0.0316 0.2907 -1.2022 -0.0218 0.2807 -1.2067 -0.0115 0.2696 -1.2154 -0.0016 0.2587 -1.2162 -0.0166 0.274
179.0 -1.2614 -0.0152 0.268 -1.1906 -0.0478 0.3083 -1.1504 -0.0313 0.2955 -1.1496 -0.016 0.2799 -1.1596 0.001 0.2616 -1.1799 0.0117 0.2486 -1.2119 -0.0317 0.2898 -1.2111 -0.0212 0.2792 -1.2157 -0.0102 0.2675 -1.2227 -0.0002 0.2565 -1.2246 -0.0157 0.2722
180.0 -1.2704 -0.0145 0.2665 -1.2003 -0.0478 0.3075 -1.1592 -0.0313 0.2946 -1.1574 -0.0164 0.2796 -1.171 0.0007 0.2607 -1.194 0.0116 0.2473 -1.22 -0.031 0.2883 -1.2199 -0.0212 0.2783 -1.2244 -0.0108 0.2672 -1.2322 -0.0015 0.2569 -1.2334 -0.0158 0.2714
181.0 -1.2785 -0.0132 0.2643 -1.2059 -0.0462 0.3052 -1.1681 -0.0307 0.2931 -1.1645 -0.0161 0.2786 -1.1772 0.0011 0.2597 -1.2012 0.0125 0.2457 -1.2279 -0.0308 0.2873 -1.227 -0.0209 0.2773 -1.2315 -0.0105 0.2662 -1.2394 -0.0006 0.2553 -1.2409 -0.0152 0.2701
182.0 -1.2961 -0.0131 0.2625 -1.227 -0.046 0.3029 -1.1901 -0.0306 0.2908 -1.1864 -0.0167 0.277 -1.1965 0.0009 0.258 -1.2198 0.013 0.2433 -1.2475 -0.0298 0.2843 -1.2465 -0.0199 0.2743 -1.2499 -0.0106 0.2644 -1.2569 -0.0011 0.2541 -1.2594 -0.0149 0.2679
183.0 -1.2933 -0.014 0.2636 -1.2241 -0.0474 0.3047 -1.1873 -0.0314 0.292 -1.1852 -0.0183 0.2788 -1.1945 -0.0006 0.2598 -1.2176 0.0109 0.2457 -1.2446 -0.0312 0.2861 -1.2428 -0.0212 0.276 -1.247 -0.012 0.2662 -1.2541 -0.002 0.2552 -1.2564 -0.0161 0.2694
184.0 -1.2897 -0.0147 0.2647 -1.2213 -0.0482 0.3058 -1.1836 -0.0328 0.2937 -1.1808 -0.0183 0.2792 -1.1916 -0.0021 0.2615 -1.2139 0.0096 0.2474 -1.2409 -0.032 0.2872 -1.24 -0.0221 0.2772 -1.2443 -0.0129 0.2673 -1.2522 -0.0029 0.2564 -1.2534 -0.0169 0.2706
185.0 -1.2869 -0.0156 0.2659 -1.2194 -0.0492 0.307 -1.1807 -0.0342 0.2955 -1.1778 -0.0204 0.2816 -1.1886 -0.0041 0.2639 -1.2112 0.0093 0.2479 -1.2381 -0.0328 0.2883 -1.2372 -0.0229 0.2783 -1.2406 -0.0136 0.2684 -1.2485 -0.0037 0.2575 -1.2503 -0.0177 0.2717
186.0 -1.2851 -0.0159 0.2664 -1.2175 -0.0502 0.3081 -1.1773 -0.0337 0.2953 -1.1744 -0.0199 0.2815 -1.1859 -0.0044 0.2645 -1.2085 0.0091 0.2485 -1.2345 -0.0335 0.2894 -1.2336 -0.0236 0.2794 -1.2371 -0.0137 0.2689 -1.2457 -0.0045 0.2586 -1.2472 -0.0183 0.2726
187.0 -1.2833 -0.0157 0.2664 -1.2148 -0.0504 0.3087 -1.1753 -0.0347 0.2965 -1.1707 -0.0212 0.2832 -1.1824 -0.0045 0.2649 -1.2058 0.0088 0.249 -1.2327 -0.0339 0.29 -1.2318 -0.024 0.28 -1.2352 -0.0141 0.2695 -1.2423 -0.004 0.2585 -1.2451 -0.0183 0.2729
188.0 -1.2806 -0.0165 0.2675 -1.213 -0.0508 0.3092 -1.1726 -0.035 0.297 -1.1679 -0.0221 0.2844 -1.1782 -0.0033 0.2642 -1.2006 0.0089 0.2494 -1.2307 -0.0349 0.2912 -1.2291 -0.0242 0.2805 -1.2326 -0.0143 0.27 -1.2396 -0.0043 0.259 -1.2425 -0.0189 0.2736
189.0 -1.2791 -0.0151 0.2662 -1.212 -0.0513 0.3098 -1.1707 -0.0359 0.2982 -1.1654 -0.0211 0.2836 -1.1779 -0.0051 0.266 -1.1989 0.0092 0.2493 -1.2291 -0.034 0.2905 -1.2282 -0.0241 0.2805 -1.2317 -0.0142 0.27 -1.2387 -0.0042 0.259 -1.2414 -0.0183 0.2732
190.0 -1.2781 -0.0156 0.2668 -1.21 -0.0528 0.3116 -1.1689 -0.0363 0.2988 -1.1654 -0.0211 0.2836 -1.1744 -0.0047 0.2659 -1.199 0.0097 0.2487 -1.2281 -0.0345 0.2911 -1.2264 -0.0245 0.281 -1.23 -0.014 0.2699 -1.2369 -0.0045 0.2596 -1.2399 -0.0186 0.2737
191.0 -1.2782 -0.015 0.2662 -1.2099 -0.0534 0.3122 -1.168 -0.0362 0.2987 -1.1645 -0.021 0.2836 -1.1719 -0.0043 0.2658 -1.1989 0.0092 0.2493 -1.2264 -0.0343 0.291 -1.2247 -0.0243 0.2809 -1.2283 -0.0138 0.2698 -1.2362 -0.0038 0.2589 -1.2387 -0.0182 0.2734
