1.0 -1.3021 0.0361 0.2115 -1.2394 0.0196 0.2347 -1.1987 0.0336 0.2244 -1.1986 0.0477 0.21 -1.2114 0.0557 0.2005 -1.2327 0.062 0.1919 -1.2507 0.029 0.2239 -1.2512 0.0369 0.2158 -1.2559 0.0436 0.2085 -1.264 0.0498 0.2013 -1.2648 0.0391 0.2122
2.0 -1.303 0.036 0.2115 -1.2411 0.0193 0.2347 -1.1987 0.0336 0.2244 -1.1987 0.0483 0.2094 -1.2115 0.0563 0.1999 -1.2327 0.062 0.1919 -1.2516 0.0289 0.2239 -1.2512 0.0369 0.2158 -1.2559 0.0436 0.2085 -1.264 0.0498 0.2013 -1.2651 0.039 0.2122
3.0 -1.3029 0.0354 0.2122 -1.2401 0.0188 0.2353 -1.1995 0.0329 0.225 -1.1986 0.0477 0.21 -1.2124 0.0562 0.1999 -1.2327 0.062 0.1919 -1.2507 0.029 0.2239 -1.2512 0.0369 0.2158 -1.2559 0.0436 0.2085 -1.264 0.0498 0.2013 -1.265 0.039 0.2123
4.0 -1.3029 0.0354 0.2122 -1.2402 0.0194 0.2347 -1.1996 0.0335 0.2244 -1.1978 0.0484 0.2093 -1.2115 0.0563 0.1999 -1.2327 0.062 0.1919 -1.2499 0.0291 0.2238 -1.2504 0.037 0.2157 -1.2551 0.0437 0.2084 -1.264 0.0498 0.2013 -1.2644 0.039 0.2123
5.0 -1.303 0.036 0.2115 -1.2402 0.0194 0.2347 -1.1987 0.0336 0.2244 -1.1978 0.0484 0.2093 -1.2115 0.0563 0.1999 -1.2329 0.0626 0.1913 -1.2508 0.0296 0.2232 -1.2512 0.0369 0.2158 -1.2559 0.0436 0.2085 -1.2649 0.0497 0.2013 -1.2652 0.0392 0.2121
6.0 -1.302 0.0355 0.2121 -1.2402 0.0194 0.2347 -1.1987 0.0336 0.2244 -1.1978 0.0484 0.2093 -1.2115 0.0563 0.1999 -1.2336 0.0619 0.192 -1.2507 0.029 0.2239 -1.2512 0.0369 0.2158 -1.2559 0.0436 0.2085 -1.2649 0.0497 0.2013 -1.265 0.039 0.2123
7.0 -1.302 0.0355 0.2121 -1.2402 0.0194 0.2347 -1.1987 0.0336 0.2244 -1.1986 0.0477 0.21 -1.2115 0.0563 0.1999 -1.2327 0.062 0.1919 -1.2507 0.029 0.2239 -1.2512 0.0369 0.2158 -1.2551 0.0437 0.2084 -1.264 0.0498 0.2013 -1.2646 0.039 0.2123
8.0 -1.3039 0.0365 0.2109 -1.2412 0.0199 0.2341 -1.1996 0.0335 0.2244 -1.1987 0.0483 0.2094 -1.2124 0.0562 0.1999 -1.2329 0.0626 0.1913 -1.2516 0.0289 0.2239 -1.2521 0.0368 0.2158 -1.2559 0.0436 0.2085 -1.264 0.0498 0.2013 -1.2655 0.0391 0.2121
9.0 -1.3038 0.0359 0.2116 -1.2402 0.0194 0.2347 -1.1996 0.0335 0.2244 -1.1978 0.0484 0.2093 -1.2115 0.0563 0.1999 -1.232 0.0627 0.1913 -1.2516 0.0289 0.2239 -1.2512 0.0369 0.2158 -1.2559 0.0436 0.2085 -1.264 0.0498 0.2013 -1.2653 0.039 0.2122
10.0 -1.3029 0.0354 0.2122 -1.2401 0.0188 0.2353 -1.1995 0.0329 0.225 -1.1987 0.0483 0.2094 -1.2115 0.0563 0.1999 -1.2327 0.062 0.1919 -1.2508 0.0296 0.2232 -1.2512 0.0369 0.2158 -1.2559 0.0436 0.2085 -1.264 0.0498 0.2013 -1.265 0.0391 0.2122
11.0 -1.3038 0.0359 0.2116 -1.2401 0.0188 0.2353 -1.1995 0.0329 0.225 -1.1986 0.0477 0.21 -1.2124 0.0562 0.1999 -1.2326 0.0614 0.1926 -1.2516 0.0289 0.2239 -1.2521 0.0368 0.2158 -1.2568 0.0435 0.2085 -1.2649 0.0497 0.2013 -1.2658 0.039 0.2122
12.0 -1.3037 0.0353 0.2122 -1.2401 0.0188 0.2353 -1.2013 0.0332 0.2245 -1.1994 0.0476 0.21 -1.2116 0.0569 0.1992 -1.2326 0.0614 0.1926 -1.2516 0.0289 0.2239 -1.2521 0.0368 0.2158 -1.2568 0.0435 0.2085 -1.264 0.0498 0.2013 -1.2656 0.0389 0.2123
13.0 -1.3037 0.0353 0.2122 -1.241 0.0187 0.2354 -1.2013 0.0332 0.2245 -1.1994 0.0476 0.21 -1.2133 0.0567 0.1993 -1.2336 0.0619 0.192 -1.2516 0.0289 0.2239 -1.2521 0.0368 0.2158 -1.2568 0.0435 0.2085 -1.2649 0.0497 0.2013 -1.2658 0.0388 0.2123
14.0 -1.3037 0.0353 0.2122 -1.2401 0.0188 0.2353 -1.2012 0.0327 0.2251 -1.1994 0.0476 0.21 -1.2116 0.0569 0.1992 -1.2327 0.062 0.1919 -1.2524 0.0288 0.2239 -1.2529 0.0367 0.2158 -1.2568 0.0435 0.2085 -1.2648 0.0491 0.2019 -1.2661 0.0387 0.2125
15.0 -1.3036 0.0347 0.2128 -1.2418 0.018 0.236 -1.2005 0.0334 0.2244 -1.1995 0.0482 0.2094 -1.2134 0.0573 0.1987 -1.2345 0.0618 0.192 -1.2516 0.0289 0.2239 -1.2521 0.0368 0.2158 -1.2576 0.0434 0.2085 -1.2658 0.0496 0.2013 -1.2661 0.0387 0.2125
16.0 -1.3045 0.0346 0.2128 -1.241 0.0187 0.2354 -1.2013 0.0332 0.2245 -1.2004 0.048 0.2094 -1.2126 0.0574 0.1987 -1.2344 0.0612 0.1926 -1.2525 0.0294 0.2233 -1.2529 0.0367 0.2158 -1.2576 0.0434 0.2085 -1.2658 0.0496 0.2013 -1.2667 0.0387 0.2124
17.0 -1.3046 0.0352 0.2122 -1.2427 0.0185 0.2354 -1.2013 0.0332 0.2245 -1.2003 0.0474 0.2101 -1.2143 0.0572 0.1987 -1.2353 0.0616 0.192 -1.2524 0.0288 0.2239 -1.2529 0.0367 0.2158 -1.2576 0.0434 0.2085 -1.2658 0.0496 0.2013 -1.2667 0.0387 0.2124
18.0 -1.3055 0.0357 0.2116 -1.2419 0.0186 0.2354 -1.2012 0.0327 0.2251 -1.2003 0.0474 0.2101 -1.2132 0.0561 0.1999 -1.2345 0.0618 0.192 -1.2534 0.0293 0.2233 -1.253 0.0373 0.2152 -1.2576 0.0434 0.2085 -1.2658 0.0496 0.2013 -1.2671 0.039 0.212
19.0 -1.3046 0.0352 0.2122 -1.2427 0.0185 0.2354 -1.2005 0.0334 0.2244 -1.2004 0.048 0.2094 -1.2141 0.056 0.2 -1.2353 0.0616 0.192 -1.2516 0.0289 0.2239 -1.2521 0.0368 0.2158 -1.2576 0.0434 0.2085 -1.2658 0.0496 0.2013 -1.2663 0.0388 0.2124
20.0 -1.3055 0.0357 0.2116 -1.2427 0.0185 0.2354 -1.2013 0.0332 0.2245 -1.2004 0.048 0.2094 -1.2133 0.0567 0.1993 -1.2345 0.0618 0.192 -1.2524 0.0288 0.2239 -1.2529 0.0367 0.2158 -1.2576 0.0434 0.2085 -1.2657 0.049 0.202 -1.2668 0.0387 0.2124
21.0 -1.3054 0.0351 0.2123 -1.2427 0.0185 0.2354 -1.2022 0.0331 0.2245 -1.2013 0.0479 0.2095 -1.215 0.0558 0.2 -1.2352 0.061 0.1927 -1.2533 0.0287 0.224 -1.2538 0.0365 0.2159 -1.2585 0.0432 0.2086 -1.2665 0.0489 0.202 -1.2675 0.0385 0.2125
22.0 -1.3046 0.0352 0.2122 -1.2426 0.0179 0.236 -1.2021 0.0325 0.2251 -1.2011 0.0473 0.2101 -1.2142 0.0566 0.1993 -1.2353 0.0616 0.192 -1.2533 0.0287 0.224 -1.2538 0.0365 0.2159 -1.2585 0.0432 0.2086 -1.2666 0.0495 0.2014 -1.2674 0.0386 0.2124
23.0 -1.3053 0.0345 0.2129 -1.2427 0.0185 0.2354 -1.2022 0.0331 0.2245 -1.2011 0.0473 0.2101 -1.2151 0.0564 0.1994 -1.2362 0.0615 0.1921 -1.2542 0.0286 0.224 -1.2538 0.0365 0.2159 -1.2585 0.0432 0.2086 -1.2674 0.0488 0.202 -1.2678 0.0383 0.2127
24.0 -1.3054 0.0351 0.2123 -1.2436 0.0184 0.2355 -1.2022 0.0331 0.2245 -1.202 0.0472 0.2101 -1.2151 0.0564 0.1994 -1.2362 0.0615 0.1921 -1.2542 0.0286 0.224 -1.2547 0.0364 0.2159 -1.2594 0.0431 0.2086 -1.2675 0.0494 0.2014 -1.2682 0.0385 0.2124
25.0 -1.3046 0.0352 0.2122 -1.2426 0.0179 0.236 -1.2021 0.0325 0.2251 -1.202 0.0472 0.2101 -1.215 0.0558 0.2 -1.2361 0.0609 0.1927 -1.2542 0.0286 0.224 -1.2546 0.0358 0.2165 -1.2592 0.0425 0.2092 -1.2665 0.0489 0.202 -1.2678 0.0382 0.2128
26.0 -1.3063 0.035 0.2123 -1.2428 0.0191 0.2348 -1.2021 0.0325 0.2251 -1.202 0.0472 0.2101 -1.2159 0.0563 0.1994 -1.2362 0.0615 0.1921 -1.2542 0.0286 0.224 -1.2547 0.0364 0.2159 -1.2594 0.0431 0.2086 -1.2674 0.0488 0.202 -1.2684 0.0384 0.2126
27.0 -1.3054 0.0351 0.2123 -1.2435 0.0178 0.2361 -1.2029 0.0324 0.2251 -1.2019 0.0466 0.2107 -1.2151 0.0564 0.1994 -1.2362 0.0615 0.1921 -1.2542 0.0286 0.224 -1.2547 0.0364 0.2159 -1.2594 0.0431 0.2086 -1.2674 0.0488 0.202 -1.2682 0.0384 0.2126
28.0 -1.3053 0.0345 0.2129 -1.2427 0.0185 0.2354 -1.2029 0.0324 0.2251 -1.2019 0.0466 0.2107 -1.215 0.0558 0.2 -1.2352 0.061 0.1927 -1.255 0.0284 0.224 -1.2546 0.0358 0.2165 -1.2592 0.0425 0.2092 -1.2673 0.0482 0.2027 -1.2683 0.0379 0.2131
29.0 -1.3045 0.0346 0.2128 -1.2426 0.0179 0.236 -1.2029 0.0324 0.2251 -1.201 0.0467 0.2107 -1.2141 0.056 0.2 -1.2351 0.0604 0.1933 -1.2542 0.0286 0.224 -1.2537 0.036 0.2165 -1.2584 0.0426 0.2092 -1.2656 0.0484 0.2026 -1.2673 0.038 0.213
30.0 -1.3053 0.0345 0.2129 -1.2427 0.0185 0.2354 -1.2029 0.0324 0.2251 -1.201 0.0467 0.2107 -1.2141 0.056 0.2 -1.2352 0.061 0.1927 -1.2542 0.0286 0.224 -1.2546 0.0358 0.2165 -1.2592 0.0425 0.2092 -1.2664 0.0483 0.2026 -1.2679 0.0379 0.213
31.0 -1.3045 0.0346 0.2128 -1.2427 0.0185 0.2354 -1.2029 0.0324 0.2251 -1.2028 0.0465 0.2108 -1.2159 0.0563 0.1994 -1.2361 0.0609 0.1927 -1.2549 0.0278 0.2247 -1.2553 0.0351 0.2172 -1.2591 0.0419 0.2098 -1.2673 0.0482 0.2027 -1.2682 0.0375 0.2134
32.0 -1.3045 0.0346 0.2128 -1.2419 0.0186 0.2354 -1.2029 0.0324 0.2251 -1.2019 0.0466 0.2107 -1.215 0.0558 0.2 -1.2352 0.061 0.1927 -1.2532 0.0281 0.2246 -1.2546 0.0358 0.2165 -1.2592 0.0425 0.2092 -1.2664 0.0483 0.2026 -1.2676 0.0379 0.2132
33.0 -1.3037 0.0353 0.2122 -1.2412 0.0199 0.2341 -1.1996 0.0335 0.2244 -1.1987 0.0483 0.2094 -1.2124 0.0562 0.1999 -1.2337 0.0625 0.1914 -1.2507 0.029 0.2239 -1.2512 0.0369 0.2158 -1.2568 0.0435 0.2085 -1.2648 0.0491 0.2019 -1.2654 0.0388 0.2125
34.0 -1.3036 0.0347 0.2128 -1.241 0.0187 0.2354 -1.1996 0.0335 0.2244 -1.1987 0.0483 0.2094 -1.2125 0.0568 0.1993 -1.2337 0.0625 0.1914 -1.2507 0.029 0.2239 -1.2512 0.0369 0.2158 -1.2559 0.0436 0.2085 -1.2649 0.0497 0.2013 -1.2653 0.0388 0.2124
35.0 -1.3038 0.0359 0.2116 -1.2395 0.0202 0.2341 -1.1997 0.0341 0.2238 -1.1977 0.0478 0.21 -1.2116 0.0569 0.1992 -1.232 0.0627 0.1913 -1.2507 0.029 0.2239 -1.2512 0.0369 0.2158 -1.2559 0.0436 0.2085 -1.2639 0.0492 0.2019 -1.2651 0.0389 0.2123
36.0 -1.302 0.0355 0.2121 -1.2402 0.0194 0.2347 -1.1979 0.0337 0.2243 -1.1978 0.0484 0.2093 -1.2115 0.0563 0.1999 -1.232 0.0627 0.1913 -1.2499 0.0291 0.2238 -1.2504 0.037 0.2157 -1.2551 0.0437 0.2084 -1.264 0.0498 0.2013 -1.2643 0.039 0.2123
37.0 -1.3011 0.0357 0.2121 -1.2394 0.0196 0.2347 -1.198 0.0343 0.2237 -1.1978 0.0484 0.2093 -1.2116 0.0569 0.1992 -1.2329 0.0626 0.1913 -1.2499 0.0291 0.2238 -1.2504 0.037 0.2157 -1.2551 0.0437 0.2084 -1.2632 0.0499 0.2012 -1.2639 0.0391 0.2123
38.0 -1.3011 0.0357 0.2121 -1.2378 0.0204 0.234 -1.1971 0.0344 0.2237 -1.1971 0.0491 0.2087 -1.2109 0.0576 0.1986 -1.2311 0.0628 0.1913 -1.2491 0.0299 0.2232 -1.2505 0.0376 0.2151 -1.2552 0.0443 0.2078 -1.2633 0.0505 0.2006 -1.2638 0.0396 0.2118
39.0 -1.3003 0.0358 0.2121 -1.2369 0.0205 0.234 -1.1971 0.0344 0.2237 -1.1962 0.0492 0.2086 -1.21 0.0577 0.1986 -1.2304 0.0635 0.1906 -1.2482 0.03 0.2232 -1.2496 0.0377 0.2151 -1.2543 0.0444 0.2078 -1.2624 0.0507 0.2006 -1.263 0.0397 0.2117
40.0 -1.2993 0.0353 0.2126 -1.2369 0.0205 0.234 -1.1964 0.0351 0.223 -1.1963 0.0498 0.208 -1.2093 0.0584 0.1979 -1.2304 0.0635 0.1906 -1.2474 0.0301 0.2231 -1.2487 0.0378 0.2151 -1.2534 0.0445 0.2077 -1.2624 0.0507 0.2006 -1.2623 0.0397 0.2118
41.0 -1.2985 0.0354 0.2126 -1.2368 0.0199 0.2346 -1.1955 0.0353 0.223 -1.1964 0.0504 0.2074 -1.2093 0.0584 0.1979 -1.2304 0.0635 0.1906 -1.2474 0.0301 0.2231 -1.2479 0.038 0.215 -1.2526 0.0447 0.2077 -1.2616 0.0508 0.2006 -1.2616 0.0398 0.2118
42.0 -1.2977 0.0361 0.212 -1.2367 0.0193 0.2352 -1.1945 0.0348 0.2236 -1.1937 0.0502 0.2079 -1.2082 0.0574 0.1991 -1.2294 0.0631 0.1912 -1.2465 0.0302 0.2231 -1.247 0.0381 0.215 -1.2517 0.0448 0.2077 -1.2607 0.0509 0.2005 -1.2607 0.04 0.2116
43.0 -1.2978 0.0367 0.2113 -1.235 0.0195 0.2351 -1.1938 0.0355 0.2229 -1.1937 0.0502 0.2079 -1.2066 0.0582 0.1984 -1.2277 0.0633 0.1911 -1.2457 0.0303 0.2231 -1.2462 0.0382 0.215 -1.2509 0.0449 0.2076 -1.2599 0.051 0.2005 -1.2601 0.0402 0.2115
44.0 -1.2961 0.0369 0.2113 -1.2341 0.0197 0.2351 -1.1929 0.0356 0.2229 -1.193 0.0509 0.2073 -1.2058 0.0589 0.1978 -1.227 0.0646 0.1899 -1.2448 0.0304 0.223 -1.2453 0.0383 0.2149 -1.25 0.045 0.2076 -1.2581 0.0512 0.2004 -1.2589 0.0404 0.2114
45.0 -1.2952 0.0371 0.2112 -1.235 0.0195 0.2351 -1.1921 0.0357 0.2228 -1.1911 0.0505 0.2078 -1.2049 0.0584 0.1984 -1.2262 0.0647 0.1898 -1.2431 0.0307 0.223 -1.2436 0.0385 0.2149 -1.2483 0.0452 0.2075 -1.2573 0.0514 0.2004 -1.2575 0.0406 0.2114
46.0 -1.2953 0.0377 0.2106 -1.2341 0.0197 0.2351 -1.1904 0.036 0.2228 -1.1886 0.0509 0.2077 -1.2023 0.0588 0.1983 -1.2245 0.0649 0.1898 -1.2423 0.0314 0.2223 -1.2427 0.0387 0.2148 -1.2474 0.0454 0.2075 -1.2564 0.0515 0.2004 -1.2569 0.0409 0.2111
47.0 -1.2946 0.0384 0.21 -1.2309 0.0213 0.2337 -1.1894 0.0355 0.2234 -1.1867 0.0505 0.2083 -1.203 0.0581 0.1989 -1.2226 0.0646 0.1903 -1.2414 0.0309 0.2229 -1.2419 0.0388 0.2148 -1.2466 0.0455 0.2075 -1.2547 0.0517 0.2003 -1.2558 0.041 0.2111
48.0 -1.291 0.0382 0.2104 -1.2282 0.0211 0.2342 -1.1877 0.0357 0.2233 -1.1849 0.0501 0.2088 -1.1996 0.0585 0.1988 -1.2217 0.0641 0.1909 -1.2388 0.0312 0.2228 -1.2392 0.0385 0.2153 -1.244 0.0458 0.2074 -1.2521 0.052 0.2002 -1.253 0.0412 0.2112
49.0 -1.2909 0.0376 0.2111 -1.2273 0.0206 0.2348 -1.1859 0.0353 0.2239 -1.1831 0.0498 0.2094 -1.1987 0.0586 0.1987 -1.2208 0.0642 0.1909 -1.2378 0.0308 0.2234 -1.2383 0.0386 0.2153 -1.243 0.0453 0.208 -1.252 0.0514 0.2008 -1.2524 0.0408 0.2117
50.0 -1.2797 0.0386 0.2113 -1.2212 0.0214 0.2346 -1.1778 0.0346 0.2254 -1.1749 0.0484 0.2116 -1.1906 0.0573 0.2009 -1.2126 0.0623 0.1937 -1.229 0.0307 0.2243 -1.2295 0.0386 0.2162 -1.2334 0.0454 0.2088 -1.2422 0.0509 0.2023 -1.2428 0.0408 0.2126
51.0 -1.2778 0.0382 0.2118 -1.2176 0.0207 0.2357 -1.1752 0.0349 0.2253 -1.1732 0.0486 0.2115 -1.1893 0.055 0.2034 -1.2081 0.0617 0.1947 -1.2262 0.0299 0.2254 -1.2267 0.0378 0.2173 -1.2314 0.0445 0.21 -1.2396 0.0507 0.2028 -1.2404 0.0402 0.2135
52.0 -1.277 0.0383 0.2118 -1.2158 0.0203 0.2363 -1.1735 0.0352 0.2252 -1.1705 0.0484 0.212 -1.1851 0.0562 0.2026 -1.2072 0.0618 0.1947 -1.2254 0.03 0.2254 -1.225 0.038 0.2173 -1.2296 0.0441 0.2106 -1.2369 0.0504 0.2033 -1.2388 0.0402 0.2137
53.0 -1.2752 0.0379 0.2123 -1.2124 0.0214 0.2355 -1.1707 0.0343 0.2264 -1.1679 0.0481 0.2125 -1.1844 0.0569 0.2019 -1.2055 0.062 0.1946 -1.2228 0.0303 0.2253 -1.2233 0.0382 0.2172 -1.2271 0.045 0.2098 -1.2352 0.0507 0.2033 -1.2367 0.0404 0.2136
54.0 -1.2716 0.0378 0.2128 -1.2114 0.0203 0.2367 -1.1673 0.0348 0.2263 -1.1653 0.0485 0.2124 -1.18 0.0569 0.2024 -1.2019 0.0619 0.1951 -1.2193 0.0302 0.2258 -1.2198 0.0381 0.2177 -1.2243 0.0442 0.211 -1.2325 0.0504 0.2038 -1.2335 0.0401 0.2142
55.0 -1.269 0.0382 0.2127 -1.2088 0.0206 0.2366 -1.1646 0.0345 0.2268 -1.1617 0.0484 0.2129 -1.1773 0.0567 0.2029 -1.2012 0.0626 0.1945 -1.2167 0.0306 0.2257 -1.2163 0.0386 0.2175 -1.2209 0.0447 0.2108 -1.2299 0.0508 0.2037 -1.2306 0.0405 0.2141
56.0 -1.2664 0.0379 0.2132 -1.2045 0.0212 0.2364 -1.1611 0.0344 0.2273 -1.1582 0.0482 0.2134 -1.1737 0.0565 0.2034 -1.1967 0.062 0.1955 -1.2132 0.031 0.2255 -1.2128 0.0384 0.218 -1.2175 0.0451 0.2107 -1.2264 0.0506 0.2042 -1.2272 0.0406 0.2143
57.0 -1.2627 0.0372 0.2143 -1.2019 0.0216 0.2363 -1.1575 0.0343 0.2278 -1.1556 0.0486 0.2133 -1.1703 0.057 0.2033 -1.195 0.0622 0.1955 -1.2114 0.0307 0.2261 -1.211 0.0381 0.2186 -1.2157 0.0448 0.2113 -1.2237 0.0504 0.2047 -1.2249 0.0402 0.215
58.0 -1.2618 0.0373 0.2143 -1.1993 0.0219 0.2362 -1.1557 0.0339 0.2283 -1.1528 0.0477 0.2145 -1.1683 0.0554 0.2051 -1.1922 0.0614 0.1966 -1.2088 0.031 0.226 -1.2092 0.0383 0.2185 -1.2139 0.045 0.2112 -1.2238 0.051 0.2041 -1.2235 0.0405 0.2148
59.0 -1.2582 0.0366 0.2154 -1.1957 0.0212 0.2374 -1.1521 0.0338 0.2288 -1.1493 0.0476 0.2149 -1.1643 0.0578 0.203 -1.1886 0.0612 0.1971 -1.2053 0.0309 0.2265 -1.2057 0.0382 0.219 -1.2112 0.0447 0.2117 -1.2211 0.0507 0.2046 -1.2203 0.0402 0.2154
60.0 -1.2574 0.0373 0.2148 -1.1924 0.0222 0.2366 -1.1479 0.0344 0.2286 -1.1467 0.048 0.2148 -1.1623 0.0568 0.2042 -1.1859 0.061 0.1976 -1.2036 0.0311 0.2264 -1.2031 0.0385 0.2189 -1.2077 0.0446 0.2122 -1.2167 0.0507 0.2051 -1.2177 0.0404 0.2155
61.0 -1.2523 0.038 0.2146 -1.1881 0.0228 0.2364 -1.1444 0.0348 0.2285 -1.1423 0.0479 0.2153 -1.1579 0.0568 0.2047 -1.1824 0.0608 0.1981 -1.1993 0.0317 0.2262 -1.1997 0.039 0.2188 -1.2044 0.0457 0.2115 -1.2133 0.0512 0.2049 -1.2138 0.0411 0.2152
62.0 -1.2381 0.0374 0.2165 -1.1698 0.0241 0.237 -1.1261 0.0355 0.2297 -1.123 0.0481 0.217 -1.1403 0.0568 0.2065 -1.1616 0.0624 0.1986 -1.1824 0.0309 0.2287 -1.1829 0.0388 0.2206 -1.1876 0.0455 0.2133 -1.1958 0.0517 0.2061 -1.1974 0.0409 0.2171
63.0 -1.232 0.0377 0.2169 -1.1656 0.0252 0.2362 -1.1207 0.035 0.2307 -1.1177 0.0482 0.2175 -1.1351 0.0569 0.2069 -1.1554 0.0627 0.1989 -1.1756 0.0318 0.2285 -1.1751 0.0392 0.2209 -1.1798 0.0459 0.2136 -1.1889 0.0526 0.2059 -1.1903 0.0415 0.2172
64.0 -1.2265 0.0366 0.2186 -1.1603 0.0253 0.2366 -1.1148 0.0364 0.2298 -1.1135 0.0494 0.2167 -1.1284 0.059 0.2054 -1.1486 0.0636 0.1987 -1.1694 0.0321 0.2288 -1.1699 0.0399 0.2207 -1.1746 0.0466 0.2134 -1.1836 0.0527 0.2063 -1.1848 0.0416 0.2176
65.0 -1.2249 0.0374 0.2179 -1.1544 0.0268 0.2358 -1.1105 0.037 0.2297 -1.1083 0.0495 0.2171 -1.1247 0.0576 0.2071 -1.1425 0.0638 0.1991 -1.1659 0.0319 0.2293 -1.1673 0.0397 0.2213 -1.172 0.0464 0.2139 -1.181 0.0531 0.2062 -1.1822 0.0417 0.2177
66.0 -1.219 0.0388 0.217 -1.1502 0.0279 0.235 -1.1053 0.0377 0.2295 -1.1032 0.0508 0.2163 -1.1185 0.0579 0.2075 -1.1382 0.0644 0.1989 -1.1626 0.033 0.2286 -1.1631 0.0409 0.2205 -1.1679 0.0481 0.2125 -1.176 0.0544 0.2054 -1.1777 0.043 0.2168
67.0 -1.2136 0.0383 0.2181 -1.145 0.028 0.2354 -1.1009 0.0376 0.2299 -1.0988 0.0508 0.2167 -1.1141 0.0578 0.208 -1.1329 0.0645 0.1993 -1.1554 0.0321 0.2302 -1.1568 0.0405 0.2215 -1.1615 0.0472 0.2142 -1.1706 0.0539 0.2064 -1.1716 0.0424 0.2181
68.0 -1.211 0.0381 0.2186 -1.1398 0.0287 0.2352 -1.095 0.039 0.2291 -1.0938 0.052 0.2159 -1.1079 0.0575 0.209 -1.1302 0.0642 0.1998 -1.1527 0.0319 0.2307 -1.1541 0.0396 0.2226 -1.1589 0.0469 0.2147 -1.1671 0.0538 0.2069 -1.1687 0.042 0.2187
69.0 -1.204 0.0384 0.2189 -1.1354 0.0287 0.2356 -1.0898 0.0391 0.2295 -1.0885 0.0521 0.2163 -1.1055 0.059 0.2076 -1.1258 0.0642 0.2003 -1.145 0.0329 0.2304 -1.1454 0.0402 0.2229 -1.1509 0.0468 0.2156 -1.1608 0.0528 0.2085 -1.1612 0.0422 0.2193
70.0 -1.2006 0.0394 0.2182 -1.1319 0.0286 0.2361 -1.0852 0.0385 0.2306 -1.0848 0.0508 0.2181 -1.0975 0.0583 0.2092 -1.1187 0.0639 0.2013 -1.1431 0.0326 0.2309 -1.1436 0.0404 0.2228 -1.1483 0.0471 0.2155 -1.1564 0.0528 0.209 -1.1584 0.0425 0.2193
71.0 -1.1936 0.0392 0.2192 -1.1264 0.0275 0.2378 -1.0785 0.0401 0.2297 -1.0768 0.0507 0.219 -1.092 0.0572 0.2109 -1.1156 0.0613 0.2043 -1.1379 0.0327 0.2314 -1.1383 0.0399 0.2239 -1.1437 0.0459 0.2172 -1.1542 0.0506 0.2114 -1.1535 0.0417 0.2206
72.0 -1.1859 0.0408 0.2182 -1.1223 0.0293 0.2364 -1.0731 0.0396 0.2307 -1.0716 0.0508 0.2194 -1.0886 0.0576 0.2107 -1.1095 0.0615 0.2047 -1.1302 0.0343 0.2304 -1.1305 0.041 0.2236 -1.1359 0.0464 0.2175 -1.1464 0.051 0.2117 -1.1458 0.0427 0.2203
73.0 -1.1823 0.0401 0.2193 -1.1145 0.0297 0.2367 -1.0671 0.0404 0.2305 -1.0663 0.0509 0.2198 -1.0838 0.0552 0.2137 -1.1072 0.0582 0.2083 -1.1257 0.0337 0.2315 -1.1268 0.0396 0.2253 -1.1329 0.0443 0.2199 -1.1433 0.0484 0.2147 -1.1422 0.0412 0.2222
74.0 -1.1767 0.0384 0.2216 -1.1085 0.0305 0.2365 -1.0608 0.0394 0.2321 -1.061 0.051 0.2203 -1.0761 0.0569 0.2127 -1.0988 0.0605 0.2067 -1.116 0.0332 0.233 -1.1155 0.0406 0.2255 -1.121 0.0465 0.2188 -1.1298 0.0521 0.2123 -1.1318 0.0421 0.2223
75.0 -1.1667 0.0416 0.2194 -1.1023 0.0307 0.2369 -1.0545 0.039 0.2331 -1.0548 0.0506 0.2213 -1.0753 0.057 0.2127 -1.0993 0.0586 0.2086 -1.11 0.034 0.2328 -1.1111 0.0405 0.226 -1.1165 0.0459 0.2199 -1.1269 0.0506 0.2141 -1.1262 0.0425 0.2224
76.0 -1.1605 0.0412 0.2204 -1.0961 0.0303 0.2379 -1.0494 0.0397 0.2329 -1.0479 0.0515 0.221 -1.071 0.0576 0.2125 -1.0966 0.0584 0.2092 -1.1029 0.0337 0.2338 -1.1034 0.0416 0.2257 -1.1089 0.0482 0.2184 -1.1195 0.0535 0.2119 -1.119 0.0436 0.222
77.0 -1.1465 0.0419 0.2211 -1.0884 0.0314 0.2376 -1.0418 0.0414 0.232 -1.0447 0.0532 0.2196 -1.0806 0.0575 0.2117 -1.1002 0.0585 0.2087 -1.0906 0.0341 0.2345 -1.0905 0.0433 0.2252 -1.0953 0.0506 0.2172 -1.105 0.056 0.2107 -1.1056 0.0452 0.2217
78.0 -1.1474 0.0418 0.2211 -1.0802 0.03 0.2397 -1.0375 0.0419 0.2318 -1.0369 0.0536 0.22 -1.0585 0.0617 0.2096 -1.0915 0.0591 0.209 -1.089 0.035 0.2338 -1.0895 0.0428 0.2257 -1.096 0.0499 0.2179 -1.1065 0.0546 0.212 -1.1057 0.0448 0.2221
79.0 -1.1449 0.0427 0.2204 -1.0741 0.0303 0.2401 -1.0315 0.0433 0.231 -1.0307 0.0538 0.2203 -1.0503 0.0597 0.2124 -1.08 0.0588 0.2104 -1.0847 0.0356 0.2337 -1.0861 0.0433 0.2256 -1.0925 0.0498 0.2184 -1.104 0.0549 0.2119 -1.1024 0.0453 0.222
80.0 -1.1336 0.0436 0.2206 -1.0682 0.0317 0.2393 -1.0239 0.045 0.2301 -1.0248 0.0552 0.2195 -1.0434 0.0607 0.2121 -1.0782 0.0584 0.2109 -1.0769 0.036 0.234 -1.0774 0.0439 0.2259 -1.0847 0.0502 0.2187 -1.0961 0.0554 0.2123 -1.0937 0.0458 0.2223
81.0 -1.1206 0.0393 0.2263 -1.0633 0.0336 0.2378 -1.0177 0.0446 0.2311 -1.0187 0.0555 0.2199 -1.0392 0.0619 0.2113 -1.0747 0.0589 0.2108 -1.0682 0.0366 0.2343 -1.0704 0.0442 0.2263 -1.0767 0.0501 0.2196 -1.0879 0.0535 0.2151 -1.0847 0.0447 0.2243
82.0 -1.107 0.0374 0.2295 -1.0559 0.037 0.2351 -1.0101 0.0462 0.2302 -1.0136 0.0562 0.2197 -1.036 0.0635 0.2099 -1.0657 0.0626 0.208 -1.0576 0.0362 0.2357 -1.0607 0.0443 0.2271 -1.0678 0.0494 0.2212 -1.079 0.0528 0.2166 -1.0744 0.044 0.226
83.0 -1.0995 0.0397 0.228 -1.0482 0.038 0.2348 -1.0048 0.0463 0.2306 -1.0085 0.0574 0.2189 -1.03 0.0649 0.2091 -1.0542 0.0672 0.2044 -1.0508 0.0377 0.2349 -1.053 0.0453 0.2268 -1.0593 0.0512 0.2202 -1.0687 0.0548 0.2156 -1.0663 0.0457 0.2251
84.0 -1.0918 0.0407 0.2277 -1.0408 0.0409 0.2326 -1.0014 0.0468 0.2304 -1.004 0.0568 0.2199 -1.0239 0.0651 0.2095 -1.0439 0.0686 0.204 -1.0454 0.0372 0.2359 -1.0469 0.0455 0.2272 -1.0523 0.0515 0.2206 -1.0601 0.056 0.2152 -1.0593 0.0462 0.2253
85.0 -1.0881 0.04 0.2288 -1.0365 0.0366 0.2374 -0.9959 0.0457 0.2321 -0.9977 0.0559 0.2216 -1.0176 0.0642 0.2111 -1.0337 0.0656 0.208 -1.0401 0.0367 0.2369 -1.0422 0.0437 0.2295 -1.0467 0.0492 0.2235 -1.0535 0.0532 0.2187 -1.0541 0.0446 0.2275
86.0 -1.0864 0.0402 0.2287 -1.0303 0.0362 0.2384 -0.9907 0.0464 0.2319 -0.9932 0.0552 0.2226 -1.0158 0.0638 0.2116 -1.0353 0.0648 0.2087 -1.0365 0.0366 0.2374 -1.0387 0.0442 0.2294 -1.0458 0.0494 0.2234 -1.0545 0.0537 0.2181 -1.0524 0.0448 0.2274
87.0 -1.0803 0.0404 0.2291 -1.022 0.0391 0.2362 -0.9863 0.0464 0.2324 -0.989 0.0564 0.2218 -1.0097 0.064 0.212 -1.0259 0.0661 0.2083 -1.0313 0.0367 0.2378 -1.0335 0.0443 0.2298 -1.039 0.0509 0.2225 -1.046 0.0554 0.2172 -1.046 0.0455 0.2273
88.0 -1.074 0.0394 0.2308 -1.0127 0.041 0.2353 -0.9821 0.0476 0.2316 -0.9849 0.0582 0.2204 -1.0079 0.0642 0.212 -1.024 0.0657 0.2088 -1.0269 0.0366 0.2383 -1.0299 0.0442 0.2303 -1.0356 0.0513 0.2224 -1.0419 0.0572 0.2158 -1.0416 0.0458 0.2275
89.0 -1.0653 0.04 0.231 -1.0032 0.0423 0.2349 -0.9769 0.0477 0.232 -0.9806 0.0588 0.2203 -1.0043 0.0635 0.2131 -1.0176 0.0642 0.2111 -1.0199 0.037 0.2387 -1.0227 0.0433 0.2319 -1.0283 0.0499 0.2246 -1.0335 0.0547 0.2192 -1.0339 0.045 0.2291
90.0 -1.0572 0.0393 0.2326 -0.9994 0.0404 0.2372 -0.971 0.0491 0.2311 -0.976 0.0576 0.222 -0.9965 0.064 0.2134 -1.0092 0.0665 0.2095 -1.0105 0.0388 0.2377 -1.0143 0.0451 0.2309 -1.0197 0.051 0.2243 -1.0267 0.0556 0.2189 -1.0257 0.046 0.2289
91.0 -1.0502 0.0396 0.233 -0.9893 0.0381 0.2406 -0.9657 0.0492 0.2316 -0.9735 0.0585 0.2212 -0.9902 0.0636 0.2144 -1.0037 0.0654 0.2112 -1.0019 0.04 0.2373 -1.0065 0.0461 0.2306 -1.0136 0.0513 0.2247 -1.0195 0.0547 0.2205 -1.0183 0.0463 0.2292
92.0 -1.0566 0.0406 0.2313 -0.9781 0.0444 0.2352 -0.9641 0.05 0.2309 -0.9708 0.0583 0.2218 -0.9865 0.0623 0.2161 -1.0014 0.0621 0.2148 -1.0062 0.0394 0.2375 -1.0108 0.0455 0.2308 -1.0161 0.0503 0.2254 -1.0229 0.0543 0.2207 -1.0225 0.046 0.2291
93.0 -1.0531 0.041 0.2312 -0.9654 0.0474 0.2334 -0.959 0.0513 0.2301 -0.9691 0.0585 0.2217 -0.9849 0.0631 0.2154 -1.0027 0.0643 0.2124 -0.9996 0.0415 0.236 -1.0066 0.0467 0.23 -1.0152 0.0504 0.2254 -1.0228 0.0537 0.2213 -1.0195 0.0467 0.2288
94.0 -1.0599 0.0395 0.2321 -0.9645 0.0475 0.2334 -0.9591 0.0519 0.2294 -0.9644 0.0567 0.224 -0.9764 0.0599 0.2195 -0.9939 0.0594 0.2183 -1.002 0.0406 0.2367 -1.0081 0.0453 0.2313 -1.015 0.0492 0.2266 -1.0225 0.0519 0.2231 -1.0215 0.0453 0.23
95.0 -1.0607 0.0388 0.2327 -0.9588 0.0501 0.2313 -0.9547 0.0519 0.2299 -0.9629 0.0581 0.2227 -0.9777 0.0622 0.217 -0.9997 0.0623 0.2148 -0.9986 0.0411 0.2366 -1.0056 0.0456 0.2312 -1.014 0.0488 0.2272 -1.0241 0.0511 0.2238 -1.0206 0.0451 0.2303
96.0 -1.0551 0.042 0.23 -0.9693 0.0548 0.2255 -0.9552 0.0543 0.2274 -0.9538 0.0563 0.2255 -0.9613 0.054 0.227 -0.9729 0.0451 0.235 -1.0021 0.0461 0.2311 -1.0045 0.0445 0.2324 -1.0075 0.0417 0.2351 -1.013 0.0379 0.2384 -1.0164 0.0424 0.2334
97.0 -1.0364 0.0409 0.2331 -0.9516 0.0541 0.2279 -0.9487 0.0527 0.2297 -0.955 0.0586 0.223 -0.9697 0.0621 0.218 -0.9869 0.0646 0.2136 -0.9871 0.0408 0.238 -0.9926 0.0468 0.2314 -0.9987 0.0514 0.226 -1.0072 0.0552 0.2213 -1.0044 0.047 0.2299
98.0 -1.0459 0.0402 0.2328 -0.9436 0.0534 0.2295 -0.9411 0.0543 0.2287 -0.9445 0.0588 0.2239 -0.957 0.0595 0.2219 -0.9722 0.0611 0.2187 -0.9854 0.041 0.2379 -0.9905 0.0452 0.2331 -0.9973 0.0486 0.229 -1.0049 0.0518 0.225 -1.0048 0.0454 0.2316
99.0 -1.0333 0.0382 0.2361 -0.9342 0.0553 0.2285 -0.9328 0.0573 0.2265 -0.9431 0.0608 0.2219 -0.9862 0.0605 0.218 -1.0012 0.0609 0.2161 -0.9747 0.04 0.24 -0.981 0.0459 0.2334 -0.9907 0.0513 0.2269 -1.002 0.0553 0.2217 -0.9963 0.0461 0.2316
100.0 -1.0324 0.0383 0.236 -0.9343 0.0559 0.2278 -0.9313 0.0587 0.2252 -0.95 0.0598 0.2222 -0.9814 0.0587 0.2203 -0.9957 0.0598 0.2177 -0.9725 0.0428 0.2374 -0.9806 0.049 0.2303 -0.9902 0.0532 0.225 -1.0012 0.056 0.2211 -0.9954 0.0479 0.23
101.0 -1.034 0.0375 0.2367 -0.9337 0.0572 0.2266 -0.9278 0.0586 0.2257 -0.9391 0.0631 0.2199 -0.9826 0.0603 0.2185 -0.9978 0.0613 0.2159 -0.9724 0.0422 0.2381 -0.9796 0.0479 0.2315 -0.9902 0.0532 0.225 -1.0005 0.0567 0.2204 -0.9953 0.0475 0.2303
102.0 -1.0258 0.0405 0.2345 -0.9547 0.0617 0.2199 -0.9257 0.057 0.2275 -0.9328 0.0622 0.2215 -0.9694 0.0603 0.2198 -0.9899 0.0618 0.2163 -0.9696 0.0413 0.2392 -0.9758 0.0466 0.2332 -0.9837 0.0516 0.2273 -0.994 0.0551 0.2227 -0.9898 0.047 0.2314
103.0 -1.0248 0.04 0.2351 -0.9278 0.0586 0.2257 -0.9255 0.0607 0.2238 -0.9385 0.0645 0.2186 -0.9778 0.0628 0.2164 -0.9955 0.0635 0.214 -0.9666 0.0442 0.2366 -0.9745 0.0492 0.2307 -0.985 0.0539 0.2248 -0.997 0.0572 0.2203 -0.9896 0.0489 0.2295
104.0 -1.018 0.0415 0.2342 -0.9282 0.061 0.2232 -0.9237 0.0603 0.2243 -0.9402 0.0642 0.2187 -0.9829 0.0621 0.2166 -0.998 0.0625 0.2147 -0.9632 0.0446 0.2365 -0.9719 0.0496 0.2306 -0.9825 0.0548 0.2241 -0.9937 0.0582 0.2195 -0.9859 0.0498 0.229
105.0 -1.0149 0.0438 0.2322 -0.9215 0.0631 0.2217 -0.9269 0.0636 0.2207 -0.9441 0.0661 0.2164 -0.9718 0.0636 0.2162 -0.9912 0.0641 0.2138 -0.961 0.0474 0.2339 -0.9716 0.0527 0.2274 -0.983 0.0572 0.2216 -0.995 0.0605 0.2171 -0.9851 0.0523 0.2264
106.0 -1.0163 0.0466 0.2291 -0.9202 0.0657 0.2192 -0.9209 0.0644 0.2205 -0.9301 0.0668 0.2171 -0.9476 0.0663 0.2159 -0.9652 0.0663 0.2141 -0.9594 0.0482 0.2332 -0.9675 0.0544 0.226 -0.9773 0.0598 0.2195 -0.985 0.0637 0.2148 -0.9811 0.0546 0.2245
107.0 -1.029 0.0437 0.2309 -0.9246 0.0657 0.2187 -0.922 0.0661 0.2186 -0.925 0.0681 0.2162 -0.9301 0.0668 0.2171 -0.9427 0.0633 0.2194 -0.9678 0.0513 0.2291 -0.9725 0.0525 0.2275 -0.9771 0.0537 0.2258 -0.9807 0.0545 0.2246 -0.9854 0.0512 0.2276
108.0 -1.0254 0.0436 0.2314 -0.9357 0.0685 0.2148 -0.9202 0.0657 0.2192 -0.9226 0.069 0.2155 -0.9321 0.0684 0.2153 -0.9468 0.067 0.2152 -0.9656 0.0486 0.2322 -0.9703 0.0504 0.2299 -0.9762 0.0539 0.2257 -0.9821 0.0573 0.2216 -0.9839 0.0507 0.2281
109.0 -1.0213 0.0453 0.23 -0.9269 0.0685 0.2157 -0.92 0.0694 0.2154 -0.9228 0.0702 0.2143 -0.9297 0.0693 0.2146 -0.9408 0.0678 0.215 -0.9629 0.0532 0.2277 -0.9684 0.0543 0.226 -0.9731 0.0561 0.2237 -0.9778 0.0579 0.2214 -0.9807 0.0534 0.2258
110.0 -1.0148 0.048 0.2278 -0.9244 0.0694 0.215 -0.9201 0.07 0.2148 -0.924 0.0719 0.2125 -0.9326 0.0713 0.2122 -0.9464 0.0695 0.2127 -0.961 0.0523 0.2289 -0.9665 0.0539 0.2266 -0.9722 0.0562 0.2237 -0.977 0.0586 0.2208 -0.9783 0.0538 0.2256
111.0 -1.0134 0.0501 0.2259 -0.9211 0.0705 0.2142 -0.9205 0.0724 0.2123 -0.9271 0.0745 0.2095 -0.9395 0.0753 0.2074 -0.9542 0.0739 0.2074 -0.9572 0.0558 0.2256 -0.9648 0.0591 0.2215 -0.9732 0.0616 0.2181 -0.9806 0.0637 0.2153 -0.9778 0.058 0.2213
112.0 -1.0209 0.0478 0.2275 -0.941 0.0788 0.2037 -0.9233 0.0732 0.2112 -0.9224 0.0733 0.2111 -0.9284 0.0719 0.212 -0.9347 0.068 0.2154 -0.9661 0.0564 0.2241 -0.9675 0.0544 0.226 -0.9692 0.0542 0.2261 -0.9718 0.0538 0.2262 -0.9791 0.0534 0.226
113.0 -1.0108 0.0504 0.2258 -0.9225 0.0739 0.2105 -0.9199 0.0737 0.211 -0.9247 0.0761 0.2081 -0.9335 0.0761 0.2072 -0.9462 0.0732 0.2089 -0.958 0.0551 0.2263 -0.9636 0.0574 0.2234 -0.9693 0.0597 0.2205 -0.9749 0.0614 0.2182 -0.9753 0.0568 0.2228
114.0 -1.0141 0.0494 0.2266 -0.931 0.0771 0.2065 -0.9218 0.0746 0.2099 -0.9221 0.0764 0.208 -0.9264 0.0759 0.2082 -0.933 0.0731 0.2103 -0.9641 0.0549 0.2259 -0.9657 0.0541 0.2266 -0.9676 0.055 0.2254 -0.9688 0.0567 0.2236 -0.9761 0.054 0.2256
115.0 -1.0134 0.0501 0.2259 -0.9219 0.0752 0.2093 -0.9211 0.076 0.2086 -0.9232 0.0775 0.2068 -0.9303 0.0778 0.2058 -0.941 0.0739 0.2087 -0.9599 0.0561 0.2251 -0.9652 0.0566 0.224 -0.97 0.0584 0.2217 -0.9746 0.0596 0.22 -0.9766 0.0561 0.2234
116.0 -1.011 0.0516 0.2246 -0.9436 0.0735 0.2088 -0.9253 0.0797 0.2044 -0.922 0.0807 0.2036 -0.9254 0.0803 0.2038 -0.9317 0.0758 0.2078 -0.9639 0.0592 0.2215 -0.9629 0.0581 0.2227 -0.9637 0.058 0.2227 -0.9645 0.0573 0.2234 -0.9732 0.0568 0.223
117.0 -1.0184 0.0537 0.2217 -0.9762 0.0789 0.2001 -0.9415 0.0866 0.1957 -0.9279 0.0842 0.1995 -0.9205 0.0822 0.2023 -0.9195 0.0768 0.2079 -0.9768 0.0623 0.217 -0.9702 0.0596 0.2205 -0.9646 0.0579 0.2228 -0.959 0.0562 0.2251 -0.9778 0.0579 0.2214
118.0 -1.0138 0.0525 0.2234 -0.9202 0.0755 0.2092 -0.9218 0.0795 0.2049 -0.9298 0.0852 0.1983 -0.9407 0.0874 0.195 -0.9573 0.0863 0.1944 -0.9568 0.0583 0.2231 -0.9652 0.0615 0.2191 -0.9728 0.0647 0.215 -0.9802 0.0668 0.2121 -0.9778 0.0607 0.2185
119.0 -1.0196 0.0553 0.2199 -0.9372 0.0774 0.2055 -0.9361 0.091 0.1917 -0.9358 0.0941 0.1886 -0.9317 0.091 0.1921 -0.9241 0.078 0.2062 -0.971 0.0643 0.2155 -0.9699 0.0633 0.2167 -0.967 0.0618 0.2185 -0.964 0.0598 0.2209 -0.9783 0.0609 0.2183
120.0 -1.016 0.0552 0.2204 -0.9201 0.0749 0.2098 -0.9251 0.0834 0.2006 -0.9349 0.0894 0.1935 -0.9432 0.0913 0.1907 -0.9546 0.0861 0.1949 -0.9556 0.0615 0.2199 -0.9641 0.0653 0.2153 -0.9716 0.0679 0.2118 -0.9788 0.0688 0.2102 -0.9772 0.0637 0.2155
121.0 -1.0083 0.0563 0.2201 -0.9259 0.0729 0.2113 -0.918 0.0831 0.2016 -0.9381 0.0926 0.1899 -0.9502 0.091 0.1904 -0.9582 0.0868 0.1938 -0.9519 0.0608 0.221 -0.959 0.066 0.2151 -0.9666 0.0692 0.211 -0.974 0.0713 0.2082 -0.9719 0.0647 0.2151
122.0 -1.0095 0.0579 0.2183 -0.9266 0.0722 0.2119 -0.9192 0.0848 0.1998 -0.9399 0.0924 0.19 -0.9502 0.091 0.1904 -0.9585 0.0886 0.1919 -0.952 0.0614 0.2204 -0.96 0.067 0.2139 -0.9678 0.0709 0.2092 -0.9753 0.0735 0.2057 -0.9729 0.0662 0.2135
123.0 -1.015 0.0541 0.2216 -0.9309 0.0716 0.2121 -0.9235 0.0842 0.1999 -0.945 0.0917 0.1902 -0.9521 0.0919 0.1892 -0.9505 0.083 0.1985 -0.9581 0.0557 0.2256 -0.9628 0.0575 0.2233 -0.9676 0.0599 0.2204 -0.9717 0.063 0.2168 -0.975 0.0581 0.2216
124.0 -1.0135 0.0556 0.2203 -0.9297 0.0748 0.2089 -0.9272 0.0855 0.1982 -0.9504 0.0873 0.1941 -0.9588 0.0849 0.1957 -0.9574 0.0821 0.1988 -0.9583 0.0569 0.2244 -0.9638 0.0586 0.2221 -0.9688 0.0616 0.2186 -0.9735 0.0634 0.2162 -0.9756 0.0592 0.2203
125.0 -1.0155 0.0571 0.2185 -0.9386 0.0803 0.2024 -0.9296 0.084 0.1996 -0.9474 0.0852 0.1965 -0.9493 0.0862 0.1953 -0.947 0.0829 0.199 -0.9618 0.057 0.2239 -0.9637 0.058 0.2227 -0.965 0.0603 0.2203 -0.9653 0.0621 0.2184 -0.9743 0.0589 0.2208
126.0 -1.0093 0.0567 0.2195 -0.946 0.0824 0.1996 -0.9371 0.0817 0.2011 -0.9313 0.0837 0.1996 -0.9244 0.0847 0.1994 -0.9276 0.0775 0.2064 -0.9589 0.0556 0.2257 -0.9578 0.0545 0.2269 -0.9571 0.0552 0.2262 -0.9575 0.0576 0.2237 -0.9681 0.0559 0.2244
127.0 -1.01 0.056 0.2202 -0.948 0.0784 0.2034 -0.9434 0.0827 0.1995 -0.9436 0.0839 0.1982 -0.937 0.086 0.1967 -0.9282 0.0762 0.2076 -0.9572 0.0558 0.2256 -0.9561 0.0547 0.2268 -0.9562 0.0553 0.2262 -0.9583 0.0569 0.2244 -0.9676 0.0558 0.2246
128.0 -1.0128 0.0569 0.219 -0.941 0.0788 0.2037 -0.9286 0.0835 0.2001 -0.934 0.084 0.1991 -0.9324 0.0848 0.1984 -0.935 0.0796 0.2035 -0.9589 0.0556 0.2257 -0.9598 0.0555 0.2257 -0.96 0.0567 0.2245 -0.9613 0.0589 0.222 -0.9705 0.0567 0.2234
129.0 -1.0093 0.0567 0.2195 -0.9441 0.0765 0.2057 -0.9431 0.0809 0.2013 -0.9452 0.0825 0.1995 -0.9443 0.0826 0.1995 -0.9402 0.0795 0.2031 -0.9589 0.0556 0.2257 -0.957 0.0546 0.2269 -0.9554 0.0555 0.2262 -0.9548 0.0574 0.2243 -0.9671 0.056 0.2245
130.0 -1.0093 0.0567 0.2195 -0.9443 0.0777 0.2045 -0.9431 0.0809 0.2013 -0.9459 0.0818 0.2002 -0.9479 0.0833 0.1984 -0.9346 0.0772 0.206 -0.9546 0.0562 0.2255 -0.9544 0.055 0.2268 -0.9554 0.0555 0.2262 -0.9574 0.057 0.2244 -0.9662 0.0561 0.2245
131.0 -1.0048 0.0561 0.2206 -0.937 0.0763 0.2067 -0.9412 0.08 0.2025 -0.9457 0.0806 0.2014 -0.9502 0.0812 0.2004 -0.9417 0.0781 0.2044 -0.9533 0.0539 0.228 -0.9541 0.0532 0.2286 -0.9544 0.055 0.2268 -0.9557 0.0572 0.2243 -0.9645 0.0551 0.2256
132.0 -1.0085 0.0574 0.2189 -0.9468 0.0768 0.2052 -0.9416 0.0824 0.2 -0.9332 0.0847 0.1985 -0.9242 0.0835 0.2006 -0.9277 0.0781 0.2057 -0.9555 0.0561 0.2255 -0.9553 0.0549 0.2268 -0.9554 0.0555 0.2262 -0.9565 0.0571 0.2243 -0.9662 0.0562 0.2243
133.0 -1.0119 0.057 0.219 -0.9525 0.0791 0.2023 -0.9533 0.0789 0.2024 -0.9424 0.0816 0.2007 -0.937 0.0811 0.2017 -0.9319 0.077 0.2065 -0.9587 0.0544 0.2269 -0.9575 0.0527 0.2287 -0.956 0.0541 0.2274 -0.9565 0.0571 0.2243 -0.9682 0.0551 0.2253
134.0 -1.0082 0.0557 0.2207 -0.9458 0.0763 0.2058 -0.9492 0.0807 0.2009 -0.9605 0.0798 0.2008 -0.9623 0.0802 0.2002 -0.9274 0.0763 0.2076 -0.9552 0.0543 0.2274 -0.9551 0.0537 0.228 -0.9553 0.0549 0.2268 -0.9557 0.0572 0.2243 -0.9659 0.0551 0.2254
135.0 -1.0074 0.0564 0.2201 -0.9511 0.0762 0.2054 -0.9562 0.0804 0.2006 -0.9608 0.0816 0.1989 -0.9529 0.0814 0.1998 -0.9256 0.0766 0.2075 -0.9528 0.0558 0.2261 -0.9534 0.0545 0.2273 -0.9537 0.0557 0.2261 -0.9557 0.0572 0.2243 -0.9646 0.0559 0.2248
136.0 -1.0094 0.0573 0.2189 -0.9539 0.077 0.2042 -0.9654 0.0773 0.2028 -0.9672 0.0777 0.2023 -0.966 0.076 0.2041 -0.9341 0.0748 0.2085 -0.9554 0.0555 0.2262 -0.9543 0.0544 0.2274 -0.9536 0.0551 0.2267 -0.9538 0.0563 0.2255 -0.9653 0.0557 0.2249
137.0 -1.0085 0.0574 0.2189 -0.9533 0.0735 0.208 -0.9551 0.0787 0.2024 -0.9577 0.079 0.2019 -0.9533 0.0789 0.2024 -0.9355 0.0777 0.2054 -0.9582 0.0563 0.225 -0.9562 0.0553 0.2262 -0.9537 0.0557 0.2261 -0.9521 0.0571 0.2248 -0.9657 0.0564 0.2242
138.0 -1.0083 0.0563 0.2201 -0.955 0.0732 0.208 -0.9582 0.0765 0.2044 -0.9566 0.0773 0.2037 -0.9521 0.0767 0.2048 -0.936 0.0752 0.2079 -0.9551 0.0537 0.228 -0.954 0.0526 0.2292 -0.9533 0.0539 0.228 -0.9539 0.0569 0.2249 -0.9649 0.0547 0.226
139.0 -1.0067 0.0571 0.2194 -0.948 0.0736 0.2084 -0.9481 0.079 0.2028 -0.9533 0.0789 0.2024 -0.9514 0.078 0.2035 -0.9346 0.0772 0.206 -0.9536 0.0551 0.2267 -0.9525 0.054 0.2279 -0.9518 0.0553 0.2267 -0.9521 0.0571 0.2248 -0.9633 0.0557 0.2251
140.0 -1.0095 0.0579 0.2183 -0.9456 0.0751 0.2071 -0.9551 0.0787 0.2024 -0.9619 0.0778 0.2027 -0.9608 0.0761 0.2045 -0.9379 0.0761 0.2068 -0.9557 0.0572 0.2243 -0.9546 0.0562 0.2255 -0.9529 0.0564 0.2254 -0.953 0.057 0.2248 -0.9651 0.0569 0.2237
141.0 -1.0007 0.0579 0.2192 -0.9308 0.0759 0.2077 -0.953 0.0772 0.2042 -0.9616 0.076 0.2045 -0.9623 0.0747 0.2058 -0.9483 0.0753 0.2065 -0.9504 0.0573 0.2247 -0.952 0.0565 0.2254 -0.9521 0.0571 0.2248 -0.9529 0.0564 0.2254 -0.9616 0.0571 0.2239
142.0 -1.0087 0.0586 0.2176 -0.947 0.0731 0.209 -0.9548 0.0775 0.2037 -0.9574 0.0772 0.2038 -0.9589 0.0757 0.2051 -0.9467 0.0762 0.2058 -0.9584 0.0575 0.2238 -0.9554 0.0555 0.2262 -0.9518 0.0553 0.2267 -0.9493 0.0557 0.2266 -0.9647 0.0565 0.2242
143.0 -1.0086 0.058 0.2182 -0.9524 0.0736 0.2079 -0.9523 0.0779 0.2036 -0.9549 0.0781 0.203 -0.9556 0.0768 0.2043 -0.9423 0.0762 0.2063 -0.9556 0.0566 0.2249 -0.9544 0.055 0.2268 -0.9518 0.0553 0.2267 -0.952 0.0565 0.2254 -0.9645 0.0563 0.2244
144.0 -1.0075 0.057 0.2194 -0.9476 0.0712 0.2109 -0.9504 0.0775 0.2041 -0.9532 0.0783 0.203 -0.9539 0.077 0.2042 -0.9406 0.0764 0.2062 -0.9543 0.0544 0.2274 -0.9532 0.0533 0.2286 -0.9516 0.0541 0.2279 -0.9512 0.0566 0.2254 -0.9636 0.0551 0.2257
145.0 -1.0176 0.0593 0.2161 -0.9556 0.0768 0.2043 -0.9598 0.0805 0.2001 -0.9639 0.0787 0.2015 -0.9635 0.077 0.2034 -0.9328 0.0774 0.2059 -0.9604 0.0591 0.222 -0.9584 0.0575 0.2238 -0.9565 0.0571 0.2243 -0.9547 0.0568 0.2249 -0.9695 0.0579 0.2222
146.0 -1.0087 0.0586 0.2176 -0.9488 0.0734 0.2084 -0.9571 0.0754 0.2056 -0.9588 0.0751 0.2057 -0.9595 0.0738 0.207 -0.9462 0.0732 0.2089 -0.9563 0.0559 0.2256 -0.9543 0.0544 0.2274 -0.9527 0.0552 0.2267 -0.9519 0.0559 0.226 -0.9648 0.056 0.2247
147.0 -1.005 0.0573 0.2193 -0.9436 0.0735 0.2088 -0.9522 0.0773 0.2042 -0.96 0.0768 0.2039 -0.9624 0.0753 0.2052 -0.9449 0.0758 0.2064 -0.9537 0.0557 0.2261 -0.9527 0.0552 0.2267 -0.9519 0.0559 0.226 -0.952 0.0565 0.2254 -0.9631 0.0561 0.2247
148.0 -1.0096 0.0585 0.2176 -0.9478 0.0724 0.2096 -0.952 0.0761 0.2054 -0.9539 0.077 0.2042 -0.9545 0.0757 0.2055 -0.936 0.0752 0.2079 -0.9554 0.0555 0.2262 -0.9543 0.0544 0.2274 -0.9536 0.0551 0.2267 -0.9539 0.0569 0.2249 -0.9653 0.0561 0.2246
149.0 -1.0102 0.0572 0.2189 -0.9549 0.0726 0.2087 -0.9503 0.0769 0.2047 -0.9513 0.0774 0.2041 -0.9493 0.0758 0.2059 -0.9343 0.076 0.2072 -0.9571 0.0552 0.2262 -0.9551 0.0537 0.228 -0.9536 0.0551 0.2267 -0.9539 0.0569 0.2249 -0.966 0.0556 0.225
150.0 -1.0094 0.0573 0.2189 -0.9521 0.0718 0.2098 -0.9469 0.0774 0.2046 -0.9454 0.0788 0.2033 -0.946 0.0775 0.2046 -0.931 0.0771 0.2065 -0.9562 0.0553 0.2262 -0.9542 0.0538 0.228 -0.9536 0.0551 0.2267 -0.9547 0.0568 0.2249 -0.9656 0.0557 0.2249
151.0 -1.0096 0.0585 0.2176 -0.9443 0.0728 0.2095 -0.9566 0.0773 0.2037 -0.9636 0.0775 0.2028 -0.9642 0.0756 0.2046 -0.9465 0.075 0.2071 -0.9528 0.0558 0.2261 -0.9526 0.0546 0.2273 -0.9518 0.0553 0.2267 -0.952 0.0565 0.2254 -0.9638 0.0562 0.2246
152.0 -1.0088 0.0592 0.217 -0.9509 0.075 0.2066 -0.9456 0.08 0.2021 -0.9473 0.0798 0.2021 -0.947 0.078 0.204 -0.9382 0.0779 0.2049 -0.9585 0.0581 0.2232 -0.9555 0.0561 0.2255 -0.9528 0.0558 0.2261 -0.9512 0.0566 0.2254 -0.9654 0.0572 0.2234
153.0 -1.012 0.0576 0.2184 -0.9487 0.0728 0.209 -0.9601 0.0774 0.2032 -0.9653 0.0767 0.2034 -0.9648 0.0743 0.2059 -0.9447 0.0746 0.2076 -0.9573 0.0564 0.225 -0.9545 0.0556 0.2261 -0.9527 0.0552 0.2267 -0.9511 0.056 0.226 -0.9655 0.0562 0.2244
154.0 -1.0113 0.0583 0.2177 -0.9505 0.0726 0.2091 -0.947 0.078 0.204 -0.9481 0.079 0.2028 -0.9504 0.0775 0.2041 -0.9337 0.0773 0.206 -0.9572 0.0558 0.2256 -0.9552 0.0543 0.2274 -0.9534 0.0545 0.2273 -0.9529 0.0564 0.2254 -0.966 0.0559 0.2247
155.0 -1.0104 0.0584 0.2177 -0.9524 0.0736 0.2079 -0.9513 0.0774 0.2041 -0.9523 0.0779 0.2036 -0.9538 0.0764 0.2049 -0.938 0.0767 0.2061 -0.9583 0.0569 0.2244 -0.9554 0.0555 0.2262 -0.9527 0.0552 0.2267 -0.9512 0.0566 0.2254 -0.9656 0.0565 0.2241
156.0 -1.0129 0.0575 0.2184 -0.9553 0.075 0.2062 -0.9591 0.0769 0.2038 -0.9609 0.0767 0.2039 -0.9614 0.0748 0.2058 -0.9405 0.0758 0.2069 -0.9584 0.0575 0.2238 -0.9555 0.0561 0.2255 -0.9538 0.0563 0.2255 -0.952 0.0565 0.2254 -0.9665 0.0568 0.2237
157.0 -1.0102 0.0572 0.2189 -0.9482 0.0747 0.2072 -0.9517 0.0798 0.2017 -0.9595 0.0787 0.202 -0.9593 0.0781 0.2026 -0.9398 0.0771 0.2056 -0.9588 0.055 0.2263 -0.9568 0.0534 0.2281 -0.9542 0.0538 0.228 -0.9527 0.0552 0.2267 -0.9665 0.0549 0.2256
158.0 -1.0056 0.056 0.2206 -0.9492 0.0752 0.2066 -0.9408 0.0776 0.205 -0.9421 0.0799 0.2025 -0.9422 0.0804 0.2019 -0.9347 0.0778 0.2054 -0.9561 0.0547 0.2268 -0.9542 0.0538 0.228 -0.9534 0.0545 0.2273 -0.9529 0.0564 0.2254 -0.9645 0.0551 0.2256
159.0 -1.0066 0.0565 0.22 -0.9501 0.0757 0.206 -0.9562 0.0804 0.2006 -0.9635 0.0818 0.1984 -0.9624 0.0808 0.1996 -0.9416 0.0775 0.205 -0.9564 0.0565 0.225 -0.9553 0.0549 0.2268 -0.9536 0.0551 0.2267 -0.9537 0.0557 0.2261 -0.9651 0.0557 0.2249
160.0 -1.0065 0.0559 0.2207 -0.9399 0.0777 0.205 -0.9448 0.0807 0.2014 -0.9555 0.0811 0.1999 -0.9576 0.0833 0.1975 -0.9289 0.0749 0.2089 -0.9524 0.0534 0.2285 -0.9531 0.0527 0.2292 -0.9551 0.0537 0.228 -0.9574 0.057 0.2244 -0.9649 0.0545 0.2262
161.0 -1.0049 0.0567 0.22 -0.9417 0.0781 0.2044 -0.9438 0.0796 0.2026 -0.9466 0.0805 0.2015 -0.947 0.0829 0.199 -0.9274 0.0763 0.2076 -0.9542 0.0538 0.228 -0.954 0.0526 0.2292 -0.9542 0.0538 0.228 -0.9564 0.0565 0.225 -0.9647 0.0547 0.226
162.0 -1.0049 0.0567 0.22 -0.9265 0.0765 0.2076 -0.9353 0.0814 0.2017 -0.9442 0.082 0.2001 -0.9497 0.0831 0.1985 -0.9466 0.0805 0.2015 -0.9503 0.0567 0.2253 -0.9551 0.0592 0.2224 -0.9609 0.062 0.2189 -0.9676 0.0648 0.2154 -0.9678 0.0599 0.2204
163.0 -1.0114 0.0589 0.2171 -0.9261 0.0741 0.21 -0.9286 0.0835 0.2001 -0.9431 0.0858 0.1963 -0.9549 0.0879 0.193 -0.9653 0.0871 0.1928 -0.954 0.0575 0.2242 -0.9619 0.0625 0.2183 -0.9706 0.0668 0.213 -0.9782 0.0701 0.2089 -0.9752 0.0632 0.2163
164.0 -1.013 0.0581 0.2178 -0.9264 0.071 0.2132 -0.9192 0.0848 0.1998 -0.9398 0.0869 0.1956 -0.9532 0.0881 0.193 -0.9609 0.0871 0.1933 -0.9534 0.0594 0.2223 -0.9602 0.0627 0.2182 -0.967 0.0667 0.2135 -0.9737 0.0695 0.21 -0.9735 0.0633 0.2164
165.0 -1.0123 0.0588 0.2171 -0.928 0.0701 0.2139 -0.9196 0.0823 0.2023 -0.9356 0.0881 0.1948 -0.9484 0.0912 0.1903 -0.9595 0.0891 0.1914 -0.9551 0.0592 0.2224 -0.9613 0.0644 0.2164 -0.9683 0.069 0.2111 -0.9743 0.0731 0.2063 -0.9743 0.0649 0.2147
166.0 -1.011 0.0565 0.2196 -0.928 0.0701 0.2139 -0.9214 0.0826 0.2017 -0.9319 0.0873 0.1959 -0.9437 0.0894 0.1926 -0.9539 0.0874 0.1936 -0.9549 0.058 0.2236 -0.9607 0.0608 0.2201 -0.9667 0.0649 0.2154 -0.9734 0.0677 0.2119 -0.9733 0.0616 0.2181
167.0 -1.0118 0.0564 0.2196 -0.9262 0.0698 0.2144 -0.92 0.0798 0.2048 -0.9261 0.0844 0.1994 -0.9382 0.0877 0.1949 -0.9501 0.0855 0.196 -0.9565 0.0571 0.2243 -0.9615 0.0601 0.2208 -0.9674 0.0636 0.2166 -0.9723 0.0666 0.2131 -0.9739 0.0608 0.2189
168.0 -1.0101 0.0566 0.2195 -0.927 0.0691 0.2151 -0.9172 0.0783 0.2066 -0.9207 0.0833 0.2011 -0.9338 0.0877 0.1954 -0.9469 0.0871 0.1946 -0.9569 0.0589 0.2225 -0.961 0.0626 0.2183 -0.9661 0.0662 0.2141 -0.971 0.0692 0.2105 -0.973 0.0627 0.217
169.0 -1.0126 0.0557 0.2203 -0.9287 0.0688 0.2151 -0.9195 0.0768 0.2079 -0.922 0.0807 0.2036 -0.9302 0.0827 0.2008 -0.9442 0.082 0.2001 -0.9576 0.0582 0.2231 -0.9624 0.0606 0.2202 -0.9673 0.063 0.2173 -0.9713 0.0661 0.2137 -0.9742 0.0607 0.2189
170.0 -1.0014 0.0572 0.2198 -0.9238 0.0713 0.2131 -0.9178 0.077 0.2078 -0.9221 0.0813 0.203 -0.9332 0.0847 0.1985 -0.9447 0.085 0.197 -0.951 0.0603 0.2216 -0.9552 0.0646 0.2168 -0.9611 0.0681 0.2126 -0.9668 0.0704 0.2097 -0.9671 0.0641 0.2161
171.0 -1.0092 0.0561 0.2201 -0.9414 0.0763 0.2063 -0.9294 0.0779 0.2058 -0.9279 0.0842 0.1995 -0.927 0.0794 0.2045 -0.9295 0.0687 0.2152 -0.9585 0.0581 0.2232 -0.9574 0.057 0.2244 -0.959 0.0562 0.2251 -0.9608 0.0565 0.2245 -0.969 0.0568 0.2234
172.0 -1.0168 0.0545 0.2211 -0.9261 0.0692 0.215 -0.9234 0.0738 0.2106 -0.9265 0.0813 0.2026 -0.9339 0.0834 0.1997 -0.9454 0.0788 0.2033 -0.9633 0.0556 0.2252 -0.9664 0.0582 0.2222 -0.9713 0.0612 0.2187 -0.977 0.0635 0.2158 -0.979 0.0586 0.2206
173.0 -1.0132 0.0544 0.2215 -0.9322 0.0739 0.2097 -0.9244 0.0743 0.21 -0.9267 0.0825 0.2013 -0.9273 0.0812 0.2026 -0.9286 0.0731 0.2108 -0.9616 0.0558 0.2252 -0.9625 0.0557 0.2252 -0.9634 0.0562 0.2246 -0.9636 0.0574 0.2234 -0.9729 0.0559 0.224
174.0 -1.0224 0.0562 0.2188 -0.9422 0.0756 0.2069 -0.9294 0.0779 0.2058 -0.9266 0.0819 0.2019 -0.9245 0.0798 0.2044 -0.9281 0.0707 0.2132 -0.971 0.0594 0.2205 -0.97 0.0584 0.2217 -0.9689 0.0573 0.2229 -0.9687 0.0561 0.2242 -0.9802 0.0575 0.2216
175.0 -1.0123 0.0539 0.2221 -0.9262 0.0698 0.2144 -0.9186 0.0714 0.2135 -0.9245 0.0798 0.2044 -0.9328 0.0823 0.2009 -0.9449 0.0813 0.2008 -0.9594 0.0531 0.2282 -0.9633 0.0556 0.2252 -0.9674 0.0587 0.2216 -0.9734 0.0628 0.2169 -0.9751 0.0568 0.2228
176.0 -1.0124 0.0545 0.2215 -0.9263 0.0753 0.2088 -0.9187 0.072 0.2129 -0.9225 0.0788 0.2055 -0.9277 0.0781 0.2057 -0.9328 0.0719 0.2115 -0.9599 0.0561 0.2251 -0.9617 0.0564 0.2245 -0.9644 0.0567 0.224 -0.968 0.0574 0.2229 -0.9733 0.0562 0.2236
177.0 -1.0141 0.0542 0.2216 -0.9271 0.0745 0.2095 -0.9159 0.0712 0.214 -0.9247 0.081 0.2031 -0.9345 0.0821 0.201 -0.9467 0.0811 0.2008 -0.9605 0.0548 0.2264 -0.9652 0.0566 0.224 -0.9693 0.0597 0.2205 -0.9742 0.0627 0.2169 -0.9767 0.0576 0.2219
178.0 -1.013 0.0532 0.2228 -0.9296 0.0742 0.2096 -0.9149 0.0707 0.2146 -0.9221 0.0764 0.208 -0.931 0.0771 0.2065 -0.9433 0.0766 0.2057 -0.9605 0.0548 0.2264 -0.9634 0.0562 0.2246 -0.9674 0.0587 0.2216 -0.9732 0.0616 0.2181 -0.9755 0.0569 0.2227
179.0 -1.0184 0.0537 0.2217 -0.9466 0.0805 0.2015 -0.9173 0.0691 0.2159 -0.9204 0.0767 0.2079 -0.9282 0.0762 0.2076 -0.941 0.0739 0.2087 -0.9649 0.0548 0.2259 -0.9668 0.0551 0.2254 -0.9696 0.0566 0.2236 -0.9735 0.0585 0.2212 -0.9786 0.0557 0.2236
180.0 -1.0229 0.0543 0.2207 -0.9491 0.0801 0.2016 -0.9188 0.0677 0.2173 -0.9179 0.0727 0.2122 -0.9241 0.0725 0.2118 -0.9338 0.0681 0.2153 -0.968 0.0574 0.2229 -0.9686 0.0555 0.2248 -0.9692 0.0542 0.2261 -0.9711 0.0546 0.2255 -0.98 0.0552 0.224
181.0 -1.0183 0.0531 0.2224 -0.9397 0.0765 0.2062 -0.9171 0.068 0.2172 -0.9192 0.0701 0.2148 -0.9289 0.07 0.2139 -0.9401 0.0685 0.2143 -0.9651 0.056 0.2247 -0.9676 0.055 0.2254 -0.9703 0.0553 0.2249 -0.974 0.0566 0.2231 -0.9791 0.0552 0.2241
182.0 -1.0179 0.0556 0.2198 -0.9509 0.0799 0.2016 -0.9194 0.0658 0.2191 -0.921 0.0699 0.2148 -0.9261 0.0692 0.215 -0.9388 0.0662 0.2168 -0.9671 0.0569 0.2235 -0.9676 0.055 0.2254 -0.9701 0.0541 0.2261 -0.9745 0.0541 0.2257 -0.9794 0.0551 0.2241
183.0 -1.0202 0.054 0.2212 -0.9516 0.0792 0.2023 -0.9212 0.0662 0.2186 -0.9237 0.0707 0.2137 -0.9279 0.0695 0.2145 -0.9378 0.0658 0.2174 -0.9696 0.0566 0.2236 -0.9701 0.0541 0.2261 -0.9717 0.0533 0.2268 -0.9743 0.0529 0.2269 -0.9812 0.0542 0.2249
184.0 -1.0197 0.0559 0.2193 -0.9525 0.0791 0.2023 -0.9211 0.0656 0.2192 -0.918 0.0678 0.2172 -0.9241 0.0676 0.2168 -0.9359 0.0648 0.2185 -0.9699 0.0578 0.2224 -0.9703 0.0553 0.2249 -0.9708 0.0534 0.2268 -0.9743 0.0529 0.2269 -0.981 0.0551 0.224
185.0 -1.0157 0.0534 0.2223 -0.9515 0.0786 0.2029 -0.9203 0.0663 0.2186 -0.927 0.0691 0.2151 -0.9357 0.0685 0.2148 -0.9469 0.0676 0.2146 -0.9643 0.0561 0.2246 -0.9669 0.0557 0.2247 -0.9704 0.0559 0.2242 -0.9759 0.057 0.2226 -0.9786 0.0556 0.2237
185.0 -1.0157 0.0534 0.2223 -0.9515 0.0786 0.2029 -0.9203 0.0663 0.2186 -0.927 0.0691 0.2151 -0.9357 0.0685 0.2148 -0.9469 0.0676 0.2146 -0.9643 0.0561 0.2246 -0.9669 0.0557 0.2247 -0.9704 0.0559 0.2242 -0.9759 0.057 0.2226 -0.9786 0.0556 0.2237
187.0 -1.0214 0.0557 0.2194 -0.9392 0.0686 0.2143 -0.9211 0.0656 0.2192 -0.9278 0.0689 0.2151 -0.9385 0.0693 0.2136 -0.9508 0.0695 0.2122 -0.9676 0.055 0.2254 -0.9716 0.0575 0.2224 -0.9755 0.0601 0.2195 -0.9812 0.0624 0.2165 -0.9835 0.0581 0.2206
187.0 -1.0214 0.0557 0.2194 -0.9392 0.0686 0.2143 -0.9211 0.0656 0.2192 -0.9278 0.0689 0.2151 -0.9385 0.0693 0.2136 -0.9508 0.0695 0.2122 -0.9676 0.055 0.2254 -0.9716 0.0575 0.2224 -0.9755 0.0601 0.2195 -0.9812 0.0624 0.2165 -0.9835 0.0581 0.2206
187.0 -1.0214 0.0557 0.2194 -0.9392 0.0686 0.2143 -0.9211 0.0656 0.2192 -0.9278 0.0689 0.2151 -0.9385 0.0693 0.2136 -0.9508 0.0695 0.2122 -0.9676 0.055 0.2254 -0.9716 0.0575 0.2224 -0.9755 0.0601 0.2195 -0.9812 0.0624 0.2165 -0.9835 0.0581 0.2206
190.0 -1.0175 0.0538 0.2217 -0.9573 0.0766 0.2044 -0.927 0.0642 0.2201 -0.928 0.0647 0.2195 -0.9381 0.0676 0.2155 -0.9506 0.0683 0.2135 -0.9678 0.0562 0.2241 -0.9694 0.0554 0.2248 -0.973 0.0555 0.2243 -0.9778 0.0579 0.2214 -0.9811 0.0558 0.2233
190.0 -1.0175 0.0538 0.2217 -0.9573 0.0766 0.2044 -0.927 0.0642 0.2201 -0.928 0.0647 0.2195 -0.9381 0.0676 0.2155 -0.9506 0.0683 0.2135 -0.9678 0.0562 0.2241 -0.9694 0.0554 0.2248 -0.973 0.0555 0.2243 -0.9778 0.0579 0.2214 -0.9811 0.0558 0.2233
192.0 -1.0236 0.053 0.2219 -0.9655 0.0779 0.2022 -0.9321 0.0635 0.2203 -0.934 0.0638 0.2197 -0.9416 0.0671 0.2156 -0.9548 0.0671 0.2143 -0.9757 0.0558 0.2238 -0.9773 0.0549 0.2245 -0.98 0.0552 0.224 -0.9848 0.0576 0.2211 -0.9882 0.0553 0.2231
193.0 -1.0288 0.0529 0.2215 -0.9547 0.0714 0.2099 -0.9321 0.0635 0.2203 -0.9397 0.0661 0.2168 -0.9487 0.0674 0.2147 -0.9624 0.0655 0.2152 -0.9768 0.0574 0.222 -0.9802 0.0564 0.2228 -0.9854 0.0563 0.2223 -0.9909 0.0574 0.2207 -0.9924 0.0561 0.2219
194.0 -1.039 0.0558 0.2175 -0.9962 0.0823 0.1946 -0.9392 0.0637 0.2193 -0.9349 0.0643 0.2191 -0.9395 0.0655 0.2174 -0.9543 0.0642 0.2174 -0.987 0.0603 0.218 -0.9865 0.0574 0.2211 -0.9878 0.0547 0.2237 -0.992 0.0536 0.2245 -0.9985 0.0564 0.221
195.0 -1.0342 0.0534 0.2205 -0.9731 0.0763 0.2031 -0.9365 0.0635 0.2198 -0.9405 0.066 0.2168 -0.9487 0.0674 0.2147 -0.9624 0.0655 0.2152 -0.9831 0.0578 0.221 -0.9847 0.057 0.2217 -0.9881 0.0565 0.2218 -0.9926 0.0571 0.2207 -0.9965 0.0564 0.2211
196.0 -1.0358 0.0525 0.2212 -0.9439 0.0655 0.217 -0.9365 0.0635 0.2198 -0.9459 0.0665 0.2158 -0.9566 0.0675 0.2137 -0.9726 0.0635 0.2162 -0.9804 0.0576 0.2215 -0.9856 0.0575 0.2211 -0.9927 0.0577 0.2201 -1.0006 0.0573 0.2198 -0.999 0.0565 0.2207
197.0 -1.0458 0.0542 0.2184 -0.967 0.0716 0.2085 -0.9382 0.0627 0.2205 -0.9402 0.0642 0.2187 -0.9456 0.0647 0.2177 -0.9611 0.0632 0.2176 -0.9899 0.0569 0.2213 -0.9905 0.055 0.2232 -0.9938 0.0539 0.2239 -0.999 0.0532 0.2241 -1.0038 0.0547 0.2222
198.0 -1.0544 0.0531 0.2188 -0.9644 0.0671 0.2134 -0.9442 0.0619 0.2207 -0.9431 0.0657 0.2169 -0.9519 0.0657 0.216 -0.9662 0.0619 0.2185 -0.9967 0.0554 0.2221 -0.9982 0.0539 0.2235 -1.0015 0.0529 0.2242 -1.006 0.0529 0.2238 -1.0114 0.0536 0.2225
199.0 -1.0464 0.0529 0.2197 -0.9588 0.0648 0.2163 -0.9425 0.0621 0.2207 -0.9458 0.0659 0.2164 -0.9573 0.0662 0.215 -0.9718 0.0636 0.2162 -0.9914 0.0555 0.2226 -0.9949 0.055 0.2227 -0.9993 0.055 0.2222 -1.0054 0.0548 0.2219 -1.0075 0.0547 0.2218
199.0 -1.0464 0.0529 0.2197 -0.9588 0.0648 0.2163 -0.9425 0.0621 0.2207 -0.9458 0.0659 0.2164 -0.9573 0.0662 0.215 -0.9718 0.0636 0.2162 -0.9914 0.0555 0.2226 -0.9949 0.055 0.2227 -0.9993 0.055 0.2222 -1.0054 0.0548 0.2219 -1.0075 0.0547 0.2218
199.0 -1.0464 0.0529 0.2197 -0.9588 0.0648 0.2163 -0.9425 0.0621 0.2207 -0.9458 0.0659 0.2164 -0.9573 0.0662 0.215 -0.9718 0.0636 0.2162 -0.9914 0.0555 0.2226 -0.9949 0.055 0.2227 -0.9993 0.055 0.2222 -1.0054 0.0548 0.2219 -1.0075 0.0547 0.2218
202.0 -1.0388 0.0546 0.2188 -0.9517 0.0596 0.2223 -0.9502 0.0659 0.216 -0.96 0.067 0.2139 -0.9706 0.0668 0.213 -0.9861 0.0654 0.213 -0.9884 0.0632 0.215 -0.9956 0.0641 0.2134 -1.0026 0.0637 0.213 -1.0076 0.0625 0.2138 -1.0066 0.0616 0.2148
202.0 -1.0388 0.0546 0.2188 -0.9517 0.0596 0.2223 -0.9502 0.0659 0.216 -0.96 0.067 0.2139 -0.9706 0.0668 0.213 -0.9861 0.0654 0.213 -0.9884 0.0632 0.215 -0.9956 0.0641 0.2134 -1.0026 0.0637 0.213 -1.0076 0.0625 0.2138 -1.0066 0.0616 0.2148
204.0 -1.0485 0.0545 0.2179 -0.9728 0.0647 0.215 -0.9645 0.0725 0.2078 -0.9675 0.0697 0.2104 -0.9672 0.0679 0.2123 -0.968 0.0623 0.2179 -1.0027 0.0643 0.2124 -1.0044 0.0641 0.2125 -1.0058 0.0621 0.2144 -1.0059 0.0578 0.2188 -1.0135 0.0606 0.2152
205.0 -1.0551 0.0524 0.2194 -0.968 0.0623 0.2179 -0.9662 0.0619 0.2185 -0.9779 0.0683 0.2108 -0.9871 0.0707 0.2074 -1.0038 0.0709 0.2056 -1.0027 0.0546 0.2224 -1.0096 0.0585 0.2176 -1.0179 0.0611 0.2142 -1.0254 0.0637 0.2108 -1.0222 0.058 0.2169
206.0 -1.0522 0.0509 0.2212 -0.9666 0.0594 0.221 -0.9666 0.0643 0.216 -0.9818 0.0708 0.2078 -0.9972 0.073 0.2041 -1.0142 0.075 0.2003 -0.9994 0.0556 0.2216 -1.0071 0.0595 0.2169 -1.0166 0.0637 0.2117 -1.0259 0.0661 0.2083 -1.0202 0.0592 0.2159
207.0 -1.0566 0.0509 0.2207 -0.9776 0.0616 0.2177 -0.9695 0.0609 0.2192 -0.9824 0.0689 0.2097 -0.9979 0.0723 0.2047 -1.0099 0.0756 0.2002 -1.0056 0.0511 0.2256 -1.0118 0.0564 0.2196 -1.019 0.0621 0.213 -1.0269 0.0672 0.2071 -1.024 0.0576 0.2172
208.0 -1.0585 0.0513 0.2202 -0.98 0.0607 0.2184 -0.9711 0.06 0.2199 -0.9842 0.0693 0.2092 -1.0005 0.072 0.2048 -1.0141 0.0744 0.201 -1.0092 0.0512 0.2251 -1.0153 0.0559 0.2197 -1.0224 0.0617 0.2132 -1.0303 0.0661 0.2078 -1.0271 0.0573 0.2172
209.0 -1.0608 0.0498 0.2215 -0.996 0.0616 0.2159 -0.9726 0.0586 0.2212 -0.9802 0.0668 0.2121 -0.9959 0.0708 0.2065 -1.0108 0.0755 0.2002 -1.0133 0.0495 0.2265 -1.016 0.0552 0.2204 -1.0221 0.0599 0.215 -1.0292 0.065 0.209 -1.0283 0.0559 0.2185
210.0 -1.0633 0.0488 0.2222 -0.9911 0.0586 0.2194 -0.9769 0.058 0.2214 -0.9847 0.0674 0.2111 -0.9967 0.0706 0.2065 -1.0105 0.0737 0.2021 -1.0133 0.0495 0.2265 -1.0176 0.0544 0.2211 -1.0237 0.0591 0.2157 -1.0315 0.0629 0.211 -1.0299 0.0549 0.2193
211.0 -1.0668 0.049 0.2217 -0.993 0.0595 0.2183 -0.9795 0.0577 0.2215 -0.9872 0.0664 0.2118 -1.0011 0.0707 0.2061 -1.0173 0.0727 0.2023 -1.0178 0.0501 0.2255 -1.022 0.0544 0.2206 -1.028 0.0585 0.2159 -1.0358 0.0623 0.2112 -1.0341 0.0548 0.219
212.0 -1.0661 0.0497 0.2211 -1.0033 0.0581 0.2187 -0.9812 0.0575 0.2215 -0.989 0.0668 0.2112 -1.0003 0.0708 0.206 -1.0155 0.0724 0.2029 -1.0204 0.0497 0.2256 -1.0232 0.0561 0.2188 -1.0286 0.0615 0.2128 -1.0353 0.0648 0.2087 -1.0347 0.0564 0.2174
213.0 -1.072 0.0483 0.2219 -1.0113 0.0583 0.2177 -0.9847 0.057 0.2217 -0.991 0.0678 0.2101 -1.0057 0.0713 0.205 -1.0192 0.0731 0.2018 -1.0245 0.0486 0.2263 -1.0273 0.0543 0.2202 -1.0334 0.059 0.2148 -1.0403 0.0629 0.2101 -1.0395 0.0546 0.2187
214.0 -1.0765 0.0489 0.2209 -1.0115 0.0546 0.2215 -0.988 0.0559 0.2224 -0.9924 0.0657 0.212 -1.0053 0.0695 0.2069 -1.0217 0.0728 0.2019 -1.0271 0.0482 0.2264 -1.0299 0.0539 0.2203 -1.0351 0.0587 0.2149 -1.0428 0.0626 0.2102 -1.0423 0.0545 0.2185
215.0 -1.079 0.0479 0.2216 -1.019 0.0572 0.218 -0.9915 0.0561 0.2219 -0.9949 0.0654 0.2121 -1.0072 0.0698 0.2063 -1.0245 0.0736 0.2007 -1.0315 0.0482 0.226 -1.0336 0.0553 0.2186 -1.038 0.0602 0.2131 -1.0449 0.0641 0.2084 -1.0454 0.0552 0.2175
216.0 -1.0863 0.0494 0.2194 -1.022 0.0593 0.2156 -0.9949 0.055 0.2227 -0.9985 0.0655 0.2116 -1.0096 0.0689 0.207 -1.032 0.0708 0.2029 -1.0379 0.0492 0.2244 -1.0395 0.0539 0.2194 -1.0464 0.0578 0.2147 -1.0548 0.0604 0.2113 -1.053 0.0541 0.2178
217.0 -1.091 0.0512 0.2171 -1.0376 0.0627 0.2106 -1.006 0.0633 0.2131 -1.0012 0.0658 0.2111 -1.0 0.0641 0.2129 -1.0037 0.055 0.2218 -1.0485 0.06 0.2123 -1.0457 0.0591 0.2134 -1.0452 0.0562 0.2165 -1.045 0.0501 0.2228 -1.0551 0.0553 0.2164
218.0 -1.0932 0.0491 0.219 -1.0375 0.0621 0.2112 -1.0007 0.053 0.2242 -1.0041 0.0623 0.2143 -1.0175 0.0685 0.2067 -1.0388 0.0698 0.2032 -1.0455 0.0476 0.2253 -1.0475 0.054 0.2185 -1.052 0.0595 0.2124 -1.0587 0.0629 0.2083 -1.0594 0.0546 0.2167
219.0 -1.0973 0.0473 0.2204 -1.0362 0.0549 0.2187 -1.0041 0.0525 0.2243 -1.0077 0.063 0.2132 -1.0199 0.0675 0.2074 -1.0375 0.0725 0.2006 -1.0495 0.0452 0.2273 -1.0514 0.051 0.2211 -1.0557 0.056 0.2157 -1.0617 0.06 0.2109 -1.0631 0.0519 0.2191
220.0 -1.1112 0.0509 0.2153 -1.0562 0.0535 0.2182 -1.0164 0.0521 0.2235 -1.0202 0.0638 0.2112 -1.035 0.0679 0.2055 -1.0552 0.0676 0.2038 -1.0646 0.0462 0.2248 -1.0649 0.0529 0.2179 -1.0684 0.0579 0.2124 -1.0751 0.0607 0.2089 -1.0768 0.0537 0.2159
221.0 -1.1236 0.0517 0.2133 -1.0625 0.0544 0.2166 -1.0214 0.0508 0.2244 -1.0256 0.0649 0.2095 -1.0453 0.0714 0.2009 -1.0667 0.0734 0.1968 -1.0722 0.0446 0.2257 -1.0736 0.0523 0.2176 -1.0782 0.0584 0.2109 -1.087 0.0633 0.205 -1.0869 0.0541 0.2145
222.0 -1.1379 0.0528 0.2108 -1.0705 0.0497 0.2206 -1.0272 0.0488 0.2258 -1.0286 0.0615 0.2128 -1.0445 0.0672 0.2053 -1.0724 0.0659 0.2038 -1.0811 0.0452 0.2242 -1.0823 0.0518 0.2173 -1.0886 0.0576 0.2107 -1.0999 0.0622 0.2049 -1.098 0.0539 0.2136
223.0 -1.1395 0.052 0.2114 -1.0739 0.0492 0.2208 -1.0299 0.0491 0.2253 -1.031 0.0605 0.2135 -1.0485 0.0649 0.2073 -1.0787 0.0614 0.2078 -1.0837 0.0448 0.2243 -1.0858 0.0519 0.2169 -1.092 0.0572 0.2109 -1.1033 0.0611 0.2057 -1.1009 0.0534 0.2138
224.0 -1.1483 0.052 0.2105 -1.0781 0.048 0.2216 -1.0326 0.0493 0.2248 -1.0331 0.0621 0.2117 -1.0534 0.0679 0.2037 -1.0894 0.0673 0.2008 -1.0889 0.0442 0.2245 -1.0904 0.0531 0.2152 -1.0971 0.0608 0.2067 -1.1086 0.0665 0.1996 -1.1067 0.0553 0.2113
225.0 -1.1491 0.0513 0.2112 -1.0849 0.0465 0.2224 -1.0359 0.0482 0.2255 -1.0363 0.0604 0.2131 -1.0553 0.0682 0.2032 -1.0948 0.0678 0.1997 -1.0887 0.043 0.2257 -1.0894 0.052 0.2164 -1.0951 0.0598 0.2078 -1.1067 0.0656 0.2008 -1.1058 0.0543 0.2124
226.0 -1.156 0.051 0.2108 -1.0893 0.0465 0.222 -1.0419 0.0474 0.2258 -1.0395 0.0588 0.2144 -1.0556 0.0651 0.2063 -1.0935 0.0655 0.2022 -1.0966 0.0431 0.2248 -1.0974 0.0528 0.2148 -1.1023 0.0607 0.2063 -1.113 0.0665 0.1992 -1.1131 0.0548 0.2112
227.0 -1.1559 0.0504 0.2115 -1.0951 0.0445 0.2235 -1.0444 0.0465 0.2265 -1.0434 0.0607 0.2121 -1.0629 0.0666 0.2041 -1.1011 0.0688 0.1981 -1.0991 0.0422 0.2255 -1.0989 0.0513 0.2161 -1.1038 0.0592 0.2076 -1.1137 0.0652 0.2004 -1.1143 0.0537 0.2122
228.0 -1.161 0.0491 0.2123 -1.0985 0.0441 0.2236 -1.0486 0.0453 0.2273 -1.0478 0.0607 0.2116 -1.072 0.0684 0.2013 -1.1052 0.0719 0.1945 -1.1015 0.0412 0.2262 -1.1014 0.0504 0.2168 -1.1072 0.0582 0.2083 -1.1171 0.0648 0.2006 -1.1176 0.0527 0.2128
229.0 -1.1636 0.0487 0.2124 -1.1037 0.0434 0.2238 -1.0523 0.046 0.2262 -1.0529 0.06 0.2118 -1.0719 0.0678 0.202 -1.1025 0.0716 0.195 -1.1053 0.0425 0.2245 -1.1058 0.0504 0.2164 -1.1115 0.0576 0.2085 -1.123 0.0634 0.2014 -1.1218 0.0525 0.2126
230.0 -1.1712 0.0471 0.2133 -1.1115 0.0429 0.2235 -1.0575 0.0459 0.2258 -1.0581 0.0593 0.212 -1.0779 0.067 0.2022 -1.107 0.0722 0.1939 -1.113 0.0415 0.2248 -1.1136 0.05 0.2161 -1.1201 0.0564 0.2088 -1.1308 0.0623 0.2017 -1.1297 0.0515 0.2129
231.0 -1.1782 0.0468 0.2129 -1.115 0.0425 0.2236 -1.0627 0.0452 0.226 -1.0631 0.058 0.2129 -1.0838 0.0656 0.203 -1.1096 0.0719 0.194 -1.121 0.0417 0.2238 -1.1222 0.0488 0.2164 -1.1286 0.0553 0.2091 -1.1392 0.0606 0.2027 -1.1379 0.0506 0.213
232.0 -1.1826 0.0468 0.2125 -1.1212 0.0428 0.2226 -1.0672 0.0459 0.2249 -1.0667 0.0581 0.2124 -1.0892 0.0661 0.202 -1.1131 0.072 0.1936 -1.1255 0.0423 0.2228 -1.1268 0.05 0.2147 -1.1314 0.0561 0.208 -1.1411 0.0609 0.2021 -1.1415 0.0512 0.212
233.0 -1.1853 0.047 0.212 -1.1264 0.0427 0.2222 -1.0725 0.0464 0.2238 -1.074 0.0596 0.2102 -1.0955 0.0671 0.2004 -1.1167 0.0722 0.1931 -1.1282 0.0425 0.2222 -1.1295 0.0503 0.2142 -1.1359 0.0567 0.2069 -1.1456 0.0615 0.2011 -1.1449 0.0516 0.2113
234.0 -1.1923 0.0473 0.211 -1.1342 0.0417 0.2225 -1.077 0.047 0.2228 -1.0776 0.0603 0.209 -1.0991 0.0672 0.1999 -1.123 0.0731 0.1914 -1.1343 0.0423 0.2219 -1.1365 0.0499 0.2138 -1.142 0.0559 0.2072 -1.1525 0.0606 0.2013 -1.1515 0.0512 0.211
235.0 -1.1961 0.0486 0.2093 -1.1389 0.0435 0.2202 -1.0814 0.047 0.2223 -1.0831 0.0614 0.2074 -1.1028 0.0685 0.1982 -1.1265 0.0733 0.191 -1.1387 0.0423 0.2214 -1.1402 0.0507 0.2127 -1.1465 0.0565 0.2061 -1.1553 0.0621 0.1996 -1.1553 0.052 0.2098
236.0 -1.197 0.0485 0.2093 -1.1434 0.0441 0.2191 -1.086 0.0476 0.2212 -1.0885 0.0619 0.2063 -1.1075 0.0703 0.1958 -1.1325 0.0725 0.1912 -1.1397 0.0428 0.2208 -1.1412 0.0517 0.2115 -1.1468 0.0583 0.2042 -1.1564 0.0631 0.1984 -1.1562 0.0529 0.2088
237.0 -1.2016 0.0497 0.2076 -1.1515 0.0449 0.2175 -1.0913 0.0481 0.2202 -1.0929 0.0619 0.2059 -1.111 0.0699 0.196 -1.1363 0.0738 0.1895 -1.1451 0.0439 0.2192 -1.1466 0.0522 0.2105 -1.152 0.0582 0.2038 -1.1617 0.063 0.1979 -1.1614 0.0534 0.2078
238.0 -1.2119 0.0483 0.208 -1.1577 0.0452 0.2165 -1.0994 0.0488 0.2186 -1.1008 0.0621 0.2049 -1.1178 0.0689 0.1962 -1.1452 0.0744 0.1879 -1.154 0.0445 0.2176 -1.1553 0.0517 0.2102 -1.1616 0.0575 0.2036 -1.1721 0.0622 0.1977 -1.171 0.0529 0.2074
239.0 -1.2389 0.0471 0.2066 -1.1843 0.0417 0.2176 -1.1247 0.0479 0.2171 -1.1246 0.0625 0.2021 -1.1418 0.07 0.1928 -1.1685 0.0768 0.1832 -1.1813 0.0445 0.2149 -1.1827 0.0523 0.2069 -1.189 0.0581 0.2002 -1.1986 0.0629 0.1944 -1.1981 0.053 0.2046
240.0 -1.2442 0.047 0.2061 -1.1906 0.0426 0.2159 -1.1317 0.0475 0.2168 -1.1307 0.0617 0.2024 -1.1478 0.0692 0.193 -1.1745 0.076 0.1834 -1.1883 0.0442 0.2146 -1.1887 0.0514 0.2071 -1.1941 0.0574 0.2004 -1.2046 0.0621 0.1946 -1.204 0.0524 0.2046
241.0 -1.2595 0.0437 0.208 -1.2072 0.0367 0.2203 -1.1495 0.0439 0.2187 -1.1492 0.0574 0.2049 -1.1657 0.0661 0.1943 -1.1905 0.072 0.1859 -1.2042 0.0396 0.2177 -1.2055 0.0473 0.2096 -1.211 0.0533 0.203 -1.2198 0.0582 0.1971 -1.22 0.0484 0.2071
242.0 -1.2629 0.0433 0.2081 -1.2114 0.0356 0.2211 -1.1536 0.0421 0.2201 -1.1543 0.0561 0.2058 -1.1697 0.0638 0.1964 -1.1957 0.0713 0.1861 -1.2085 0.039 0.2179 -1.2097 0.0462 0.2104 -1.2143 0.0523 0.2037 -1.2249 0.0575 0.1973 -1.2241 0.0476 0.2075
243.0 -1.2628 0.0427 0.2087 -1.214 0.0352 0.2212 -1.1588 0.0414 0.2203 -1.1576 0.055 0.2065 -1.1733 0.0639 0.1959 -1.199 0.0702 0.1869 -1.2117 0.0373 0.2192 -1.2122 0.0452 0.2111 -1.2168 0.0513 0.2044 -1.2265 0.0567 0.198 -1.226 0.0467 0.2083
244.0 -1.2698 0.0423 0.2084 -1.219 0.0339 0.222 -1.1613 0.0411 0.2204 -1.1603 0.0553 0.206 -1.1768 0.064 0.1954 -1.2017 0.0705 0.1864 -1.2161 0.0374 0.2188 -1.2165 0.0446 0.2113 -1.222 0.0506 0.2046 -1.2317 0.056 0.1982 -1.2312 0.0462 0.2083
245.0 -1.2725 0.0426 0.2079 -1.2218 0.0348 0.2209 -1.1656 0.0405 0.2206 -1.1645 0.0541 0.2068 -1.1792 0.0625 0.1967 -1.2061 0.0705 0.1859 -1.2188 0.0376 0.2183 -1.2193 0.0455 0.2102 -1.2247 0.0515 0.2035 -1.2353 0.0568 0.197 -1.2341 0.0468 0.2074
246.0 -1.2715 0.0421 0.2084 -1.2243 0.0338 0.2216 -1.1675 0.0409 0.22 -1.1673 0.0549 0.2056 -1.183 0.0644 0.1944 -1.2077 0.0696 0.1866 -1.2197 0.0375 0.2183 -1.2202 0.0454 0.2102 -1.2265 0.0512 0.2036 -1.237 0.0559 0.1977 -1.2349 0.0464 0.2076
247.0 -1.2766 0.0414 0.2086 -1.227 0.0341 0.2211 -1.1701 0.0411 0.2195 -1.17 0.0552 0.2051 -1.1856 0.0641 0.1945 -1.2122 0.0703 0.1855 -1.2232 0.0376 0.2178 -1.2246 0.0454 0.2097 -1.23 0.0514 0.2031 -1.2414 0.0559 0.1973 -1.2392 0.0463 0.2073
248.0 -1.2812 0.042 0.2076 -1.2288 0.0393 0.2155 -1.1737 0.0413 0.219 -1.1743 0.0546 0.2053 -1.1901 0.0647 0.1934 -1.2166 0.0703 0.1851 -1.226 0.0385 0.2167 -1.2272 0.0456 0.2092 -1.2335 0.0515 0.2026 -1.2459 0.0566 0.1962 -1.2428 0.0468 0.2065
249.0 -1.2837 0.0417 0.2077 -1.2314 0.0341 0.2206 -1.1772 0.0414 0.2185 -1.1753 0.0557 0.2041 -1.1903 0.0659 0.1922 -1.2165 0.0697 0.1857 -1.2294 0.038 0.2168 -1.2308 0.0458 0.2087 -1.2372 0.0522 0.2015 -1.2478 0.0575 0.195 -1.2458 0.047 0.2059
250.0 -1.2872 0.0412 0.2078 -1.2341 0.0343 0.2201 -1.1799 0.0416 0.218 -1.178 0.0559 0.2036 -1.1947 0.0659 0.1917 -1.2201 0.0704 0.1846 -1.2312 0.0384 0.2162 -1.2326 0.0461 0.2082 -1.2389 0.052 0.2016 -1.2504 0.0572 0.1951 -1.2481 0.047 0.2058
251.0 -1.29 0.0421 0.2067 -1.2375 0.0339 0.2202 -1.1835 0.0418 0.2175 -1.1823 0.0554 0.2037 -1.1973 0.0656 0.1918 -1.2227 0.0701 0.1847 -1.2358 0.039 0.2152 -1.237 0.0461 0.2077 -1.2433 0.052 0.2011 -1.2531 0.0574 0.1946 -1.2518 0.0473 0.2051
252.0 -1.2935 0.0422 0.2062 -1.2412 0.0352 0.2185 -1.1879 0.0418 0.2171 -1.1861 0.0567 0.202 -1.201 0.0663 0.1907 -1.2264 0.0708 0.1836 -1.2392 0.0385 0.2153 -1.2406 0.0463 0.2072 -1.2461 0.0529 0.2 -1.2557 0.0577 0.1941 -1.255 0.0475 0.2046
253.0 -1.2978 0.0416 0.2063 -1.2458 0.0358 0.2174 -1.1915 0.0425 0.216 -1.1907 0.0579 0.2003 -1.2054 0.0663 0.1903 -1.231 0.072 0.1819 -1.243 0.0404 0.213 -1.2444 0.0482 0.2049 -1.2506 0.0535 0.1989 -1.2611 0.0582 0.193 -1.2594 0.0484 0.2032
254.0 -1.3015 0.0429 0.2046 -1.2492 0.0353 0.2176 -1.195 0.0426 0.2155 -1.1951 0.0579 0.1999 -1.2107 0.0668 0.1892 -1.2337 0.0723 0.1814 -1.2482 0.0397 0.2132 -1.2487 0.0476 0.2051 -1.2542 0.0536 0.1984 -1.2639 0.059 0.1919 -1.2633 0.0486 0.2026
255.0 -1.3026 0.044 0.2034 -1.2518 0.035 0.2177 -1.1988 0.044 0.2137 -1.1989 0.0598 0.1975 -1.2179 0.0677 0.1876 -1.2406 0.0719 0.181 -1.2501 0.0407 0.212 -1.2515 0.0485 0.2039 -1.2569 0.0544 0.1973 -1.2674 0.0591 0.1914 -1.2657 0.0494 0.2016
256.0 -1.3062 0.0441 0.2029 -1.2527 0.0355 0.2171 -1.2015 0.0442 0.2132 -1.2007 0.0596 0.1976 -1.2189 0.0681 0.187 -1.2425 0.0723 0.1805 -1.2528 0.041 0.2115 -1.2533 0.0488 0.2034 -1.2596 0.0547 0.1967 -1.2694 0.0601 0.1902 -1.2683 0.0497 0.2009
257.0 -1.3088 0.0444 0.2024 -1.2547 0.0364 0.2159 -1.2034 0.0452 0.212 -1.2025 0.06 0.197 -1.2189 0.0681 0.187 -1.2442 0.0721 0.1805 -1.2555 0.0412 0.2109 -1.2569 0.049 0.2029 -1.2623 0.0549 0.1962 -1.272 0.0604 0.1897 -1.2711 0.05 0.2004
258.0 -1.3109 0.0459 0.2006 -1.254 0.0377 0.2146 -1.2053 0.0461 0.2109 -1.2043 0.0603 0.1965 -1.2199 0.0692 0.1858 -1.2454 0.0737 0.1787 -1.2573 0.0416 0.2104 -1.2578 0.0494 0.2023 -1.2634 0.056 0.195 -1.2731 0.0614 0.1885 -1.2725 0.0509 0.1994
259.0 -1.3133 0.045 0.2013 -1.2549 0.0376 0.2147 -1.2052 0.0455 0.2115 -1.2053 0.0608 0.1959 -1.2207 0.0685 0.1865 -1.2463 0.0742 0.1781 -1.2582 0.0415 0.2104 -1.2595 0.0492 0.2024 -1.2651 0.0558 0.1951 -1.2757 0.0611 0.1886 -1.2744 0.0505 0.1996
260.0 -1.3134 0.0456 0.2007 -1.2557 0.0375 0.2147 -1.2071 0.0459 0.2109 -1.2061 0.0607 0.1959 -1.2224 0.0683 0.1866 -1.2473 0.0747 0.1775 -1.259 0.0413 0.2105 -1.2604 0.0491 0.2024 -1.2658 0.0551 0.1957 -1.2756 0.0605 0.1892 -1.2749 0.0503 0.1997
261.0 -1.3144 0.0461 0.2001 -1.2557 0.0375 0.2147 -1.2071 0.0459 0.2109 -1.2061 0.0607 0.1959 -1.2207 0.0685 0.1865 -1.2471 0.0735 0.1788 -1.259 0.0413 0.2105 -1.2604 0.0491 0.2024 -1.265 0.0552 0.1957 -1.2757 0.0611 0.1886 -1.2749 0.0506 0.1995
262.0 -1.3126 0.0457 0.2007 -1.2557 0.0375 0.2147 -1.2061 0.0454 0.2115 -1.206 0.0601 0.1965 -1.2206 0.0679 0.1871 -1.247 0.0729 0.1794 -1.2581 0.0409 0.211 -1.2586 0.0487 0.2029 -1.2641 0.0553 0.1957 -1.2747 0.0606 0.1892 -1.2736 0.0502 0.1999
263.0 -1.3114 0.044 0.2025 -1.257 0.0349 0.2172 -1.2066 0.0435 0.2134 -1.204 0.0585 0.1983 -1.2207 0.0685 0.1865 -1.2469 0.0723 0.18 -1.258 0.0403 0.2117 -1.2584 0.0475 0.2042 -1.2648 0.054 0.1969 -1.2754 0.0593 0.1905 -1.2736 0.049 0.2011
264.0 -1.3132 0.0444 0.2019 -1.2562 0.035 0.2172 -1.2056 0.0424 0.2146 -1.2065 0.0576 0.199 -1.2213 0.0672 0.1878 -1.2466 0.0705 0.1819 -1.2578 0.0391 0.2129 -1.2591 0.0468 0.2048 -1.2647 0.0534 0.1976 -1.2745 0.0594 0.1904 -1.2739 0.0486 0.2015
265.0 -1.314 0.0437 0.2026 -1.2552 0.0345 0.2178 -1.2063 0.0417 0.2153 -1.2047 0.0578 0.199 -1.2211 0.066 0.189 -1.2473 0.0698 0.1825 -1.2586 0.039 0.2129 -1.2599 0.0461 0.2055 -1.2654 0.0527 0.1982 -1.276 0.058 0.1918 -1.2748 0.0479 0.2022
266.0 -1.3122 0.0433 0.2031 -1.2552 0.0345 0.2178 -1.2045 0.0414 0.2158 -1.2038 0.0573 0.1996 -1.2194 0.0662 0.1889 -1.2455 0.0694 0.1831 -1.2584 0.0378 0.2142 -1.2589 0.0456 0.2061 -1.2644 0.0516 0.1994 -1.2741 0.057 0.1929 -1.2736 0.0471 0.2031
267.0 -1.3141 0.0443 0.202 -1.2552 0.0345 0.2178 -1.2054 0.0413 0.2159 -1.2025 0.0551 0.202 -1.2186 0.0663 0.1889 -1.2439 0.0703 0.1824 -1.2584 0.0378 0.2142 -1.2588 0.045 0.2067 -1.2644 0.0516 0.1994 -1.2732 0.0571 0.1929 -1.2738 0.0472 0.203
268.0 -1.3124 0.0445 0.2019 -1.2562 0.035 0.2172 -1.2054 0.0413 0.2159 -1.2025 0.0551 0.202 -1.2177 0.0665 0.1889 -1.244 0.0709 0.1818 -1.2583 0.0372 0.2148 -1.2588 0.045 0.2067 -1.2635 0.0517 0.1994 -1.2724 0.0573 0.1929 -1.2731 0.0471 0.2031
269.0 -1.3105 0.0436 0.2031 -1.258 0.0354 0.2167 -1.2054 0.0413 0.2159 -1.2036 0.0562 0.2008 -1.2186 0.0663 0.1889 -1.2447 0.0701 0.1824 -1.2576 0.0379 0.2141 -1.2579 0.0452 0.2067 -1.2625 0.0513 0.2 -1.2724 0.0573 0.1929 -1.2722 0.047 0.2033
270.0 -1.3103 0.043 0.2037 -1.258 0.0354 0.2167 -1.2054 0.0413 0.2159 -1.2035 0.0556 0.2014 -1.2193 0.0656 0.1896 -1.2439 0.0703 0.1824 -1.2566 0.0374 0.2147 -1.2571 0.0453 0.2066 -1.2625 0.0513 0.2 -1.2731 0.0565 0.1935 -1.2719 0.0467 0.2037
271.0 -1.3113 0.0434 0.2031 -1.2586 0.0341 0.2179 -1.2054 0.0413 0.2159 -1.2034 0.055 0.2021 -1.2176 0.0659 0.1895 -1.243 0.0704 0.1824 -1.2583 0.0372 0.2148 -1.2579 0.0452 0.2067 -1.2625 0.0513 0.2 -1.2723 0.0567 0.1935 -1.2725 0.0467 0.2036
272.0 -1.3103 0.043 0.2037 -1.259 0.0359 0.2161 -1.2044 0.0408 0.2165 -1.2036 0.0562 0.2008 -1.2185 0.0658 0.1895 -1.2431 0.071 0.1817 -1.2567 0.038 0.2141 -1.2571 0.0453 0.2066 -1.2617 0.0514 0.1999 -1.2723 0.0567 0.1935 -1.2716 0.0468 0.2036
273.0 -1.3122 0.0433 0.2031 -1.2589 0.0353 0.2167 -1.2045 0.0414 0.2158 -1.2026 0.0557 0.2014 -1.2193 0.0656 0.1896 -1.2439 0.0703 0.1824 -1.2567 0.038 0.2141 -1.2572 0.0459 0.206 -1.2626 0.0518 0.1994 -1.2724 0.0573 0.1929 -1.2722 0.0473 0.2031
274.0 -1.3124 0.0445 0.2019 -1.257 0.0349 0.2172 -1.2045 0.0414 0.2158 -1.2026 0.0557 0.2014 -1.2177 0.0665 0.1889 -1.2431 0.071 0.1817 -1.2577 0.0385 0.2135 -1.2581 0.0457 0.206 -1.2626 0.0518 0.1994 -1.2724 0.0573 0.1929 -1.2726 0.0476 0.2027
275.0 -1.3113 0.0434 0.2031 -1.2579 0.0348 0.2173 -1.2045 0.0414 0.2158 -1.2027 0.0563 0.2008 -1.2177 0.0665 0.1889 -1.2431 0.071 0.1817 -1.2577 0.0385 0.2135 -1.2581 0.0457 0.206 -1.2626 0.0518 0.1994 -1.2723 0.0567 0.1935 -1.2724 0.0472 0.2031
276.0 -1.3095 0.0431 0.2037 -1.258 0.0354 0.2167 -1.2036 0.0415 0.2158 -1.2018 0.0558 0.2014 -1.2176 0.0659 0.1895 -1.2431 0.071 0.1817 -1.2567 0.038 0.2141 -1.2572 0.0459 0.206 -1.2625 0.0513 0.2 -1.2723 0.0567 0.1935 -1.2716 0.047 0.2034
277.0 -1.3095 0.0431 0.2037 -1.2587 0.0347 0.2173 -1.2045 0.0414 0.2158 -1.2034 0.055 0.2021 -1.2185 0.0658 0.1895 -1.2431 0.071 0.1817 -1.2567 0.038 0.2141 -1.2572 0.0459 0.206 -1.2617 0.0514 0.1999 -1.2714 0.0568 0.1934 -1.2713 0.047 0.2034
278.0 -1.3102 0.0424 0.2043 -1.2579 0.0348 0.2173 -1.2045 0.0414 0.2158 -1.2025 0.0551 0.202 -1.2185 0.0658 0.1895 -1.2431 0.071 0.1817 -1.2576 0.0379 0.2141 -1.2579 0.0452 0.2067 -1.2625 0.0513 0.2 -1.2731 0.0565 0.1935 -1.2723 0.0466 0.2037
279.0 -1.3113 0.0434 0.2031 -1.2578 0.0342 0.2179 -1.2044 0.0408 0.2165 -1.2025 0.0551 0.202 -1.2176 0.0659 0.1895 -1.2431 0.071 0.1817 -1.2574 0.0373 0.2148 -1.2571 0.0453 0.2066 -1.2625 0.0513 0.2 -1.2723 0.0567 0.1935 -1.2721 0.0468 0.2036
280.0 -1.3122 0.0433 0.2031 -1.2577 0.0336 0.2185 -1.2052 0.0401 0.2171 -1.2033 0.0544 0.2027 -1.2176 0.0659 0.1895 -1.2431 0.071 0.1817 -1.2583 0.0372 0.2148 -1.2579 0.0452 0.2067 -1.2634 0.0511 0.2 -1.2731 0.0565 0.1935 -1.273 0.0467 0.2036
281.0 -1.3122 0.0433 0.2031 -1.2569 0.0343 0.2179 -1.2043 0.0402 0.2171 -1.2024 0.0545 0.2026 -1.2175 0.0653 0.1901 -1.2423 0.0711 0.1817 -1.2584 0.0378 0.2142 -1.2579 0.0452 0.2067 -1.2625 0.0513 0.2 -1.2723 0.0567 0.1935 -1.2727 0.0468 0.2035
282.0 -1.313 0.0432 0.2032 -1.2568 0.0337 0.2185 -1.2043 0.0402 0.2171 -1.2024 0.0545 0.2026 -1.2185 0.0658 0.1895 -1.2422 0.0705 0.1823 -1.2592 0.037 0.2148 -1.2588 0.045 0.2067 -1.2634 0.0511 0.2 -1.2732 0.0571 0.1929 -1.2735 0.0467 0.2035
283.0 -1.3123 0.0439 0.2025 -1.2577 0.0336 0.2185 -1.2043 0.0402 0.2171 -1.2024 0.0545 0.2026 -1.2176 0.0659 0.1895 -1.2422 0.0705 0.1823 -1.2574 0.0373 0.2148 -1.2581 0.0457 0.206 -1.2626 0.0518 0.1994 -1.2724 0.0573 0.1929 -1.2726 0.0472 0.2031
284.0 -1.3123 0.0439 0.2025 -1.2552 0.0345 0.2178 -1.2043 0.0402 0.2171 -1.2016 0.0552 0.202 -1.2167 0.066 0.1895 -1.2414 0.0712 0.1817 -1.2584 0.0378 0.2142 -1.2581 0.0457 0.206 -1.2626 0.0518 0.1994 -1.2724 0.0573 0.1929 -1.2728 0.0473 0.203
285.0 -1.3113 0.0434 0.2031 -1.2569 0.0343 0.2179 -1.2034 0.0403 0.217 -1.2024 0.0545 0.2026 -1.2175 0.0653 0.1901 -1.2413 0.0706 0.1823 -1.2576 0.0379 0.2141 -1.2579 0.0452 0.2067 -1.2625 0.0513 0.2 -1.2714 0.0568 0.1934 -1.2722 0.0469 0.2035
286.0 -1.3103 0.043 0.2037 -1.256 0.0338 0.2185 -1.2026 0.0404 0.217 -1.2007 0.0547 0.2026 -1.2167 0.066 0.1895 -1.2404 0.0707 0.1823 -1.2567 0.038 0.2141 -1.2571 0.0453 0.2066 -1.2618 0.052 0.1993 -1.2715 0.0574 0.1928 -1.2715 0.0471 0.2033
287.0 -1.3079 0.0439 0.203 -1.2576 0.033 0.2191 -1.2033 0.0397 0.2177 -1.2016 0.0552 0.202 -1.2175 0.0653 0.1901 -1.2413 0.0706 0.1823 -1.2549 0.0376 0.2147 -1.2554 0.0455 0.2066 -1.2608 0.0515 0.1999 -1.2697 0.057 0.1934 -1.2697 0.0471 0.2035
288.0 -1.3112 0.0428 0.2037 -1.2575 0.0324 0.2198 -1.2025 0.0398 0.2176 -1.2006 0.0541 0.2032 -1.2164 0.0642 0.1913 -1.2403 0.0701 0.1829 -1.2566 0.0374 0.2147 -1.2571 0.0453 0.2066 -1.2617 0.0514 0.1999 -1.2714 0.0568 0.1934 -1.2716 0.0467 0.2037
289.0 -1.3103 0.043 0.2037 -1.2559 0.0332 0.2191 -1.2006 0.0394 0.2182 -1.1998 0.0548 0.2025 -1.2157 0.0649 0.1907 -1.2396 0.0708 0.1822 -1.2557 0.0375 0.2147 -1.2554 0.0455 0.2066 -1.2608 0.0515 0.1999 -1.2697 0.057 0.1934 -1.2704 0.0469 0.2036
290.0 -1.3113 0.0434 0.2031 -1.2541 0.0334 0.219 -1.2008 0.04 0.2176 -1.199 0.0549 0.2025 -1.2157 0.0649 0.1907 -1.2395 0.0702 0.1828 -1.2557 0.0375 0.2147 -1.2562 0.0454 0.2066 -1.2608 0.0515 0.1999 -1.2706 0.0569 0.1934 -1.2709 0.0469 0.2035
291.0 -1.3086 0.0432 0.2036 -1.2532 0.033 0.2196 -1.2005 0.0389 0.2188 -1.1972 0.0552 0.2024 -1.2129 0.0641 0.1918 -1.2376 0.0699 0.1834 -1.2539 0.0371 0.2153 -1.2535 0.0451 0.2071 -1.259 0.0511 0.2005 -1.2679 0.0566 0.1939 -1.2686 0.0466 0.2041
292.0 -1.3059 0.0429 0.2042 -1.2539 0.0323 0.2202 -1.2005 0.0389 0.2188 -1.1971 0.0546 0.2031 -1.2137 0.0639 0.1918 -1.2376 0.0699 0.1834 -1.252 0.0362 0.2164 -1.2525 0.0441 0.2083 -1.2572 0.0508 0.201 -1.2669 0.0562 0.1945 -1.2669 0.046 0.2049
293.0 -1.3067 0.0422 0.2048 -1.2505 0.0327 0.2201 -1.1971 0.0393 0.2187 -1.1963 0.0547 0.203 -1.2121 0.0648 0.1911 -1.2368 0.07 0.1834 -1.2511 0.0363 0.2164 -1.2526 0.0447 0.2077 -1.2572 0.0508 0.201 -1.2669 0.0562 0.1945 -1.2669 0.046 0.2049
294.0 -1.3067 0.0422 0.2048 -1.2505 0.0327 0.2201 -1.1972 0.0399 0.218 -1.1953 0.0542 0.2036 -1.2119 0.0636 0.1924 -1.2367 0.0694 0.184 -1.2512 0.0369 0.2158 -1.2517 0.0448 0.2077 -1.2563 0.0509 0.201 -1.2661 0.0563 0.1945 -1.2664 0.0462 0.2047
295.0 -1.3067 0.0422 0.2048 -1.254 0.0329 0.2196 -1.1971 0.0393 0.2187 -1.1953 0.0542 0.2036 -1.2111 0.0637 0.1924 -1.2358 0.0695 0.1839 -1.2511 0.0363 0.2164 -1.2517 0.0448 0.2077 -1.2563 0.0509 0.201 -1.2661 0.0563 0.1945 -1.2664 0.0461 0.2049
296.0 -1.3057 0.0418 0.2054 -1.2505 0.0327 0.2201 -1.1971 0.0393 0.2187 -1.1953 0.0542 0.2036 -1.212 0.0642 0.1918 -1.2357 0.0689 0.1846 -1.2502 0.0358 0.217 -1.2508 0.0443 0.2083 -1.2562 0.0503 0.2016 -1.2659 0.0557 0.1951 -1.2658 0.0456 0.2055
297.0 -1.305 0.0425 0.2047 -1.2512 0.032 0.2208 -1.1971 0.0393 0.2187 -1.1944 0.0537 0.2042 -1.2094 0.0645 0.1917 -1.2341 0.0697 0.1839 -1.2494 0.0365 0.2163 -1.2499 0.0444 0.2082 -1.2546 0.0511 0.2009 -1.2643 0.0565 0.1944 -1.2646 0.0462 0.2049
298.0 -1.3048 0.0413 0.206 -1.2513 0.0326 0.2201 -1.196 0.0382 0.2199 -1.1944 0.0537 0.2042 -1.2102 0.0638 0.1923 -1.235 0.0696 0.1839 -1.2493 0.0359 0.2169 -1.2498 0.0438 0.2088 -1.2553 0.0504 0.2016 -1.2651 0.0558 0.1951 -1.2649 0.0454 0.2057
299.0 -1.304 0.042 0.2053 -1.2512 0.032 0.2208 -1.1969 0.0381 0.2199 -1.1942 0.0531 0.2048 -1.2093 0.0639 0.1923 -1.233 0.0687 0.1851 -1.2492 0.0353 0.2176 -1.2498 0.0438 0.2088 -1.2545 0.0505 0.2015 -1.2634 0.056 0.195 -1.2642 0.0455 0.2057
300.0 -1.3032 0.0421 0.2053 -1.2512 0.032 0.2208 -1.196 0.0382 0.2199 -1.1942 0.0531 0.2048 -1.2101 0.0632 0.1929 -1.2339 0.0686 0.1851 -1.2492 0.0353 0.2176 -1.2497 0.0432 0.2095 -1.2544 0.0499 0.2022 -1.2641 0.0553 0.1957 -1.2641 0.0452 0.206
301.0 -1.3057 0.0418 0.2054 -1.2504 0.0321 0.2207 -1.196 0.0382 0.2199 -1.1942 0.0531 0.2048 -1.2101 0.0632 0.1929 -1.234 0.0692 0.1845 -1.2502 0.0358 0.217 -1.2507 0.0437 0.2089 -1.2562 0.0503 0.2016 -1.2651 0.0558 0.1951 -1.2656 0.0455 0.2056
