1.0 -1.3555 -0.0205 0.2642 -1.2747 -0.0548 0.3072 -1.2228 -0.0246 0.2815 -1.216 -0.0084 0.2656 -1.2251 0.0032 0.2529 -1.2547 0.0218 0.2309 -1.2872 -0.0339 0.2846 -1.2858 -0.0215 0.2721 -1.2903 -0.0111 0.261 -1.3 -0.0008 0.2495 -1.3038 -0.0176 0.2663
2.0 -1.3564 -0.0207 0.2642 -1.2747 -0.0548 0.3072 -1.2237 -0.0247 0.2815 -1.2169 -0.0086 0.2656 -1.2243 0.0039 0.2522 -1.2538 0.0213 0.2315 -1.2872 -0.0339 0.2846 -1.2867 -0.0216 0.2721 -1.2912 -0.0113 0.261 -1.3001 -0.0002 0.2489 -1.3043 -0.0175 0.2662
3.0 -1.3573 -0.0202 0.2636 -1.2739 -0.0547 0.3072 -1.2237 -0.0247 0.2815 -1.216 -0.0084 0.2656 -1.2252 0.0038 0.2522 -1.2547 0.0218 0.2309 -1.2881 -0.034 0.2846 -1.2867 -0.0216 0.2721 -1.2913 -0.0107 0.2604 -1.3001 -0.0002 0.2489 -1.3047 -0.0174 0.2659
4.0 -1.3575 -0.019 0.2624 -1.2723 -0.0539 0.3065 -1.2234 -0.0216 0.2784 -1.2157 -0.0053 0.2625 -1.224 0.007 0.2491 -1.2534 0.0244 0.2283 -1.2875 -0.0321 0.2828 -1.2871 -0.0193 0.2696 -1.2917 -0.0083 0.2579 -1.2997 0.0023 0.2464 -1.3047 -0.0153 0.2638
5.0 -1.3577 -0.0184 0.2617 -1.2714 -0.0538 0.3065 -1.2225 -0.0215 0.2784 -1.2148 -0.0052 0.2624 -1.223 0.0065 0.2497 -1.2525 0.0239 0.2289 -1.2876 -0.0315 0.2821 -1.2863 -0.0191 0.2696 -1.2908 -0.0082 0.2579 -1.2997 0.0023 0.2464 -1.3044 -0.015 0.2635
6.0 -1.3575 -0.019 0.2624 -1.2706 -0.0531 0.3058 -1.2208 -0.0213 0.2783 -1.2131 -0.005 0.2624 -1.2221 0.006 0.2502 -1.2516 0.024 0.2289 -1.2858 -0.0319 0.2827 -1.2854 -0.019 0.2696 -1.2899 -0.0086 0.2585 -1.2988 0.0024 0.2463 -1.3035 -0.0152 0.2639
7.0 -1.3577 -0.0184 0.2617 -1.2697 -0.0535 0.3064 -1.2199 -0.0212 0.2783 -1.2131 -0.005 0.2624 -1.2221 0.006 0.2502 -1.2516 0.024 0.2289 -1.2849 -0.0318 0.2827 -1.2844 -0.0195 0.2701 -1.289 -0.0085 0.2585 -1.298 0.0025 0.2463 -1.3028 -0.0151 0.2639
8.0 -1.3558 -0.0188 0.2623 -1.2697 -0.0535 0.3064 -1.2199 -0.0212 0.2783 -1.213 -0.0056 0.263 -1.2204 0.0068 0.2496 -1.2499 0.0243 0.2288 -1.2849 -0.0318 0.2827 -1.2836 -0.0194 0.2701 -1.288 -0.009 0.259 -1.297 0.002 0.2469 -1.3019 -0.0154 0.2642
9.0 -1.355 -0.0186 0.2623 -1.2679 -0.0539 0.307 -1.2199 -0.0212 0.2783 -1.2113 -0.0054 0.2629 -1.2187 0.0071 0.2495 -1.2489 0.0238 0.2294 -1.2848 -0.0324 0.2833 -1.2844 -0.0195 0.2701 -1.288 -0.009 0.259 -1.297 0.002 0.2469 -1.3019 -0.0155 0.2643
10.0 -1.3549 -0.0192 0.2629 -1.2687 -0.054 0.307 -1.2191 -0.0211 0.2782 -1.2121 -0.0055 0.263 -1.2195 0.0064 0.2501 -1.2488 0.0232 0.23 -1.284 -0.0323 0.2832 -1.2835 -0.02 0.2707 -1.288 -0.009 0.259 -1.2969 0.0014 0.2475 -1.3015 -0.0158 0.2647
11.0 -1.3551 -0.018 0.2616 -1.268 -0.0533 0.3063 -1.219 -0.0217 0.2788 -1.2112 -0.0059 0.2636 -1.2195 0.0064 0.2501 -1.2489 0.0238 0.2294 -1.2831 -0.0322 0.2832 -1.2826 -0.0199 0.2707 -1.2872 -0.0089 0.259 -1.2961 0.0021 0.2469 -1.3008 -0.0154 0.2643
12.0 -1.3539 -0.0197 0.2635 -1.2687 -0.054 0.307 -1.219 -0.0217 0.2788 -1.2121 -0.0055 0.263 -1.2195 0.0064 0.2501 -1.2488 0.0232 0.23 -1.2847 -0.033 0.2839 -1.2835 -0.02 0.2707 -1.288 -0.009 0.259 -1.296 0.0015 0.2475 -1.3012 -0.016 0.2649
13.0 -1.355 -0.0186 0.2623 -1.268 -0.0533 0.3063 -1.2199 -0.0212 0.2783 -1.2122 -0.0049 0.2623 -1.2204 0.0068 0.2496 -1.2498 0.0237 0.2295 -1.2839 -0.0329 0.2839 -1.2835 -0.02 0.2707 -1.288 -0.009 0.259 -1.2961 0.0021 0.2469 -1.3013 -0.0157 0.2646
14.0 -1.3568 -0.0183 0.2617 -1.268 -0.0533 0.3063 -1.2199 -0.0212 0.2783 -1.2114 -0.0048 0.2623 -1.2187 0.0071 0.2495 -1.2482 0.0245 0.2288 -1.2848 -0.0324 0.2833 -1.2844 -0.0195 0.2701 -1.289 -0.0085 0.2585 -1.297 0.002 0.2469 -1.3024 -0.0153 0.2641
15.0 -1.3568 -0.0183 0.2617 -1.2689 -0.0528 0.3058 -1.2201 -0.02 0.277 -1.2123 -0.0043 0.2617 -1.2205 0.0074 0.2489 -1.25 0.0248 0.2282 -1.2841 -0.0317 0.2826 -1.2837 -0.0188 0.2695 -1.2883 -0.0078 0.2578 -1.2971 0.0026 0.2463 -1.302 -0.0148 0.2636
16.0 -1.3567 -0.0189 0.2623 -1.269 -0.0522 0.3051 -1.2211 -0.0195 0.2764 -1.2134 -0.0032 0.2605 -1.2215 0.0079 0.2483 -1.2501 0.0254 0.2276 -1.285 -0.0312 0.282 -1.2845 -0.0189 0.2695 -1.2891 -0.0079 0.2578 -1.298 0.0025 0.2463 -1.3027 -0.0149 0.2636
17.0 -1.3578 -0.0178 0.2611 -1.269 -0.0522 0.3051 -1.2202 -0.0194 0.2764 -1.2134 -0.0032 0.2605 -1.2215 0.0079 0.2483 -1.251 0.0253 0.2276 -1.285 -0.0312 0.282 -1.2847 -0.0183 0.2689 -1.2892 -0.0073 0.2572 -1.2981 0.0031 0.2457 -1.3029 -0.0143 0.263
18.0 -1.3579 -0.0172 0.2605 -1.2691 -0.0516 0.3045 -1.2213 -0.0183 0.2752 -1.2135 -0.0026 0.2599 -1.2225 0.0084 0.2478 -1.2511 0.0259 0.227 -1.2851 -0.0306 0.2814 -1.2847 -0.0183 0.2689 -1.2892 -0.0073 0.2572 -1.2982 0.0037 0.2451 -1.303 -0.0139 0.2626
19.0 -1.3586 -0.0179 0.2612 -1.2692 -0.051 0.3039 -1.2212 -0.0189 0.2758 -1.2144 -0.0027 0.2599 -1.2217 0.0091 0.2471 -1.2512 0.0265 0.2264 -1.285 -0.0312 0.282 -1.2838 -0.0182 0.2689 -1.2892 -0.0073 0.2572 -1.2981 0.0031 0.2457 -1.3029 -0.0143 0.263
20.0 -1.3559 -0.0182 0.2617 -1.269 -0.0522 0.3051 -1.2203 -0.0188 0.2758 -1.2135 -0.0026 0.2599 -1.2216 0.0085 0.2477 -1.251 0.0253 0.2276 -1.285 -0.0312 0.282 -1.2847 -0.0183 0.2689 -1.2891 -0.0079 0.2578 -1.2981 0.0031 0.2457 -1.3026 -0.0145 0.2632
21.0 -1.3568 -0.0183 0.2617 -1.2683 -0.0515 0.3045 -1.2211 -0.0195 0.2764 -1.2134 -0.0032 0.2605 -1.2215 0.0079 0.2483 -1.2501 0.0254 0.2276 -1.2842 -0.0311 0.282 -1.2828 -0.0187 0.2695 -1.2874 -0.0077 0.2578 -1.2971 0.0026 0.2463 -1.3017 -0.0146 0.2634
22.0 -1.3568 -0.0183 0.2617 -1.2683 -0.0515 0.3045 -1.2194 -0.0193 0.2764 -1.2125 -0.0031 0.2605 -1.2198 0.0082 0.2483 -1.2492 0.0256 0.2276 -1.2842 -0.0311 0.282 -1.2828 -0.0187 0.2695 -1.2874 -0.0077 0.2578 -1.2971 0.0026 0.2463 -1.3017 -0.0146 0.2634
23.0 -1.3551 -0.018 0.2616 -1.2672 -0.0526 0.3057 -1.2184 -0.0198 0.277 -1.2106 -0.004 0.2617 -1.2188 0.0077 0.2489 -1.2482 0.0245 0.2288 -1.2831 -0.0322 0.2832 -1.2827 -0.0193 0.2701 -1.2873 -0.0083 0.2584 -1.2963 0.0027 0.2462 -1.3009 -0.015 0.2639
24.0 -1.3551 -0.018 0.2616 -1.2655 -0.0524 0.3056 -1.2184 -0.0198 0.277 -1.2107 -0.0034 0.261 -1.2181 0.0084 0.2482 -1.2464 0.0247 0.2287 -1.2822 -0.032 0.2832 -1.2819 -0.0192 0.27 -1.2864 -0.0082 0.2584 -1.2945 0.003 0.2462 -1.3 -0.0149 0.2639
25.0 -1.3533 -0.0184 0.2622 -1.2644 -0.0535 0.3068 -1.2182 -0.0209 0.2782 -1.2106 -0.004 0.2617 -1.2181 0.0084 0.2482 -1.2462 0.0235 0.2299 -1.2821 -0.0326 0.2838 -1.2818 -0.0198 0.2707 -1.2854 -0.0092 0.2596 -1.2943 0.0018 0.2474 -1.2994 -0.0157 0.2647
26.0 -1.354 -0.0191 0.2628 -1.2644 -0.0535 0.3068 -1.2172 -0.0214 0.2788 -1.2095 -0.0051 0.2629 -1.2171 0.0079 0.2488 -1.2462 0.0235 0.2299 -1.2812 -0.0331 0.2844 -1.2799 -0.0201 0.2712 -1.2845 -0.0091 0.2595 -1.2935 0.0019 0.2474 -1.2986 -0.0159 0.2651
27.0 -1.3524 -0.0183 0.2622 -1.2636 -0.0533 0.3068 -1.2174 -0.0208 0.2782 -1.2079 -0.0043 0.2622 -1.2163 0.008 0.2488 -1.2454 0.0236 0.2299 -1.2804 -0.0324 0.2837 -1.2799 -0.0201 0.2712 -1.2836 -0.009 0.2595 -1.2926 0.002 0.2474 -1.2978 -0.0156 0.2648
28.0 -1.3524 -0.0183 0.2622 -1.2627 -0.0532 0.3068 -1.2165 -0.0207 0.2781 -1.2078 -0.0049 0.2628 -1.2163 0.008 0.2488 -1.2445 0.0238 0.2299 -1.2796 -0.0323 0.2837 -1.2791 -0.02 0.2712 -1.2836 -0.009 0.2595 -1.2917 0.0021 0.2473 -1.2973 -0.0155 0.2648
29.0 -1.3497 -0.0185 0.2627 -1.261 -0.053 0.3067 -1.2148 -0.0205 0.2781 -1.2062 -0.0041 0.2621 -1.2137 0.0084 0.2487 -1.2427 0.0234 0.2304 -1.2786 -0.0328 0.2843 -1.2781 -0.0205 0.2718 -1.2827 -0.0095 0.2601 -1.2908 0.0016 0.2479 -1.296 -0.0159 0.2653
30.0 -1.348 -0.0183 0.2626 -1.2594 -0.0522 0.306 -1.2131 -0.0203 0.278 -1.2054 -0.0039 0.2621 -1.2135 0.0072 0.2499 -1.2417 0.0229 0.231 -1.2769 -0.0325 0.2842 -1.2755 -0.0201 0.2717 -1.2801 -0.0091 0.26 -1.2891 0.0019 0.2478 -1.2939 -0.0157 0.2653
31.0 -1.3463 -0.0181 0.2625 -1.2575 -0.0525 0.3066 -1.2104 -0.0205 0.2785 -1.201 -0.004 0.2625 -1.2093 0.0084 0.2491 -1.2373 0.0229 0.2315 -1.2742 -0.0328 0.2847 -1.2729 -0.0204 0.2722 -1.2774 -0.0094 0.2605 -1.2854 0.0011 0.2489 -1.2912 -0.0159 0.2658
32.0 -1.3436 -0.0183 0.2631 -1.2557 -0.0529 0.3071 -1.2085 -0.0209 0.2791 -1.1999 -0.005 0.2637 -1.2073 0.0074 0.2503 -1.2345 0.022 0.2326 -1.2724 -0.0331 0.2853 -1.271 -0.0207 0.2727 -1.2756 -0.0098 0.2611 -1.2836 0.0008 0.2495 -1.2892 -0.0162 0.2663
33.0 -1.3409 -0.0186 0.2636 -1.253 -0.0531 0.3076 -1.2059 -0.0211 0.2796 -1.1989 -0.0055 0.2643 -1.2063 0.0063 0.2515 -1.2324 0.0199 0.235 -1.2706 -0.0335 0.2858 -1.2701 -0.0212 0.2733 -1.2738 -0.0101 0.2616 -1.2826 0.0003 0.2501 -1.2876 -0.0166 0.2669
34.0 -1.3391 -0.0189 0.2641 -1.2511 -0.0541 0.3088 -1.2039 -0.0221 0.2808 -1.1962 -0.0058 0.2649 -1.2025 0.005 0.2532 -1.2288 0.0192 0.2361 -1.2679 -0.0338 0.2864 -1.2674 -0.0215 0.2739 -1.2711 -0.0104 0.2621 -1.2801 0.0006 0.25 -1.2851 -0.0168 0.2673
35.0 -1.3364 -0.0192 0.2647 -1.2484 -0.0543 0.3093 -1.2013 -0.0223 0.2813 -1.1917 -0.0064 0.2659 -1.1991 0.0055 0.2531 -1.2269 0.0188 0.2367 -1.2652 -0.034 0.2869 -1.2647 -0.0217 0.2744 -1.2684 -0.0106 0.2627 -1.2773 -0.0002 0.2511 -1.2824 -0.0172 0.2679
36.0 -1.3346 -0.0196 0.2652 -1.2466 -0.0547 0.3099 -1.1986 -0.0226 0.2818 -1.1914 -0.0082 0.2678 -1.1988 0.0037 0.255 -1.2232 0.0175 0.2384 -1.2641 -0.0351 0.2881 -1.2636 -0.0228 0.2756 -1.2673 -0.0117 0.2639 -1.2754 -0.0006 0.2517 -1.281 -0.0179 0.2689
37.0 -1.332 -0.0192 0.2651 -1.244 -0.0544 0.3098 -1.1967 -0.0229 0.2824 -1.1888 -0.0078 0.2677 -1.1961 0.0034 0.2555 -1.2205 0.0172 0.2389 -1.2615 -0.0347 0.288 -1.2611 -0.0225 0.2755 -1.2648 -0.0114 0.2638 -1.2728 -0.0008 0.2522 -1.2784 -0.0177 0.2689
38.0 -1.3292 -0.0201 0.2663 -1.2431 -0.0548 0.3104 -1.1949 -0.0233 0.2829 -1.1861 -0.0087 0.2688 -1.196 0.0028 0.2561 -1.2195 0.0167 0.2395 -1.2607 -0.0346 0.288 -1.2602 -0.0223 0.2754 -1.2638 -0.0118 0.2643 -1.272 -0.0001 0.2515 -1.2772 -0.0178 0.2691
39.0 -1.3284 -0.0199 0.2662 -1.2404 -0.0551 0.3109 -1.1925 -0.0224 0.2822 -1.1845 -0.0072 0.2675 -1.1935 0.0038 0.2554 -1.2177 0.0164 0.2401 -1.258 -0.0349 0.2885 -1.2575 -0.0226 0.276 -1.2621 -0.0116 0.2643 -1.2692 -0.001 0.2527 -1.275 -0.018 0.2695
40.0 -1.3275 -0.0198 0.2662 -1.2398 -0.0532 0.309 -1.1907 -0.0221 0.2821 -1.1837 -0.0071 0.2675 -1.1927 0.0039 0.2553 -1.2166 0.0153 0.2413 -1.2564 -0.034 0.2878 -1.2559 -0.0218 0.2753 -1.2604 -0.0114 0.2642 -1.2693 -0.0004 0.2521 -1.2739 -0.0175 0.2691
41.0 -1.3238 -0.0205 0.2673 -1.2371 -0.0534 0.3095 -1.1899 -0.022 0.2821 -1.1829 -0.0064 0.2668 -1.1925 0.0033 0.256 -1.2156 0.0142 0.2425 -1.2538 -0.0337 0.2877 -1.2533 -0.0214 0.2752 -1.2587 -0.0105 0.2635 -1.2677 0.0005 0.2514 -1.2715 -0.0171 0.269
42.0 -1.3232 -0.0192 0.266 -1.2355 -0.0526 0.3088 -1.1881 -0.0224 0.2826 -1.1813 -0.0056 0.2661 -1.1918 0.004 0.2553 -1.2145 0.0131 0.2437 -1.2521 -0.0335 0.2876 -1.2525 -0.0213 0.2751 -1.257 -0.0103 0.2635 -1.2659 0.0001 0.2519 -1.2701 -0.0168 0.2688
43.0 -1.3234 -0.018 0.2648 -1.2331 -0.0517 0.3081 -1.1875 -0.0205 0.2807 -1.1796 -0.0054 0.2661 -1.1901 0.0042 0.2552 -1.2135 0.0127 0.2443 -1.2504 -0.0332 0.2876 -1.25 -0.0204 0.2744 -1.2545 -0.0094 0.2627 -1.2643 0.0009 0.2512 -1.2685 -0.016 0.2682
44.0 -1.3199 -0.0182 0.2653 -1.2306 -0.0507 0.3074 -1.1848 -0.0207 0.2813 -1.1779 -0.0051 0.266 -1.1873 0.0034 0.2564 -1.2118 0.0129 0.2442 -1.248 -0.0317 0.2862 -1.2475 -0.0194 0.2737 -1.2528 -0.0091 0.2627 -1.2617 0.0013 0.2511 -1.266 -0.0154 0.2678
45.0 -1.3163 -0.0183 0.2658 -1.2288 -0.0511 0.308 -1.1822 -0.0204 0.2812 -1.1753 -0.0048 0.2659 -1.1858 0.0048 0.2551 -1.21 0.0125 0.2448 -1.2454 -0.0313 0.2861 -1.2457 -0.0198 0.2743 -1.2501 -0.0094 0.2632 -1.26 0.0015 0.2511 -1.2635 -0.0155 0.2681
46.0 -1.3157 -0.017 0.2645 -1.2254 -0.05 0.3072 -1.1806 -0.0195 0.2805 -1.1727 -0.0044 0.2658 -1.1822 0.0047 0.2556 -1.2075 0.0135 0.2441 -1.2437 -0.0311 0.286 -1.2432 -0.0188 0.2735 -1.2477 -0.0084 0.2625 -1.2565 0.002 0.2509 -1.2614 -0.0147 0.2675
47.0 -1.3131 -0.0167 0.2644 -1.2238 -0.0492 0.3065 -1.1772 -0.0191 0.2803 -1.1702 -0.0035 0.2651 -1.1816 0.006 0.2543 -1.2075 0.0135 0.2441 -1.2403 -0.0306 0.2859 -1.2398 -0.0184 0.2734 -1.2451 -0.0081 0.2624 -1.2548 0.0022 0.2509 -1.2586 -0.0143 0.2674
48.0 -1.3097 -0.0162 0.2642 -1.2195 -0.0486 0.3063 -1.1738 -0.0186 0.2802 -1.1668 -0.003 0.265 -1.1781 0.0064 0.2542 -1.2051 0.0144 0.2433 -1.2368 -0.0302 0.2858 -1.2363 -0.0179 0.2733 -1.2418 -0.007 0.2616 -1.2514 0.0027 0.2508 -1.2552 -0.0137 0.2671
49.0 -1.3054 -0.0156 0.2641 -1.217 -0.0477 0.3056 -1.1688 -0.0167 0.2788 -1.1636 -0.0014 0.2636 -1.1748 0.0075 0.2534 -1.1989 0.0146 0.2437 -1.2326 -0.029 0.285 -1.233 -0.0168 0.2725 -1.2383 -0.0066 0.2615 -1.2472 0.0038 0.25 -1.2513 -0.0128 0.2666
50.0 -1.301 -0.0156 0.2645 -1.2137 -0.0466 0.3049 -1.1653 -0.0169 0.2793 -1.1582 -0.0019 0.2646 -1.1688 0.0083 0.2532 -1.1929 0.0154 0.2435 -1.2292 -0.0285 0.2849 -1.2287 -0.0163 0.2724 -1.2333 -0.0053 0.2607 -1.2429 0.0044 0.2498 -1.247 -0.0123 0.2664
51.0 -1.295 -0.0142 0.2637 -1.2059 -0.0462 0.3052 -1.1594 -0.0154 0.2784 -1.1541 -8.234e-05 0.2632 -1.1635 0.0084 0.2536 -1.1895 0.0159 0.2434 -1.224 -0.0278 0.2847 -1.2244 -0.0157 0.2722 -1.2298 -0.0048 0.2605 -1.2386 0.005 0.2496 -1.2424 -0.0115 0.2661
52.0 -1.2906 -0.0142 0.2641 -1.2007 -0.0455 0.305 -1.155 -0.0155 0.2789 -1.149 0.0006 0.263 -1.1595 0.0102 0.2522 -1.1852 0.0165 0.2432 -1.2198 -0.0267 0.2839 -1.2201 -0.0151 0.272 -1.2255 -0.0042 0.2604 -1.2343 0.0056 0.2495 -1.2381 -0.0109 0.266
53.0 -1.2837 -0.0139 0.2645 -1.1964 -0.0449 0.3048 -1.1498 -0.0148 0.2787 -1.1438 0.0013 0.2628 -1.1545 0.0121 0.2507 -1.1783 0.0174 0.2429 -1.2137 -0.0265 0.2843 -1.2142 -0.0137 0.2712 -1.2196 -0.0028 0.2595 -1.2292 0.0069 0.2486 -1.2321 -0.01 0.2656
54.0 -1.2775 -0.0137 0.2649 -1.1921 -0.0443 0.3047 -1.1446 -0.0141 0.2785 -1.1388 0.0026 0.262 -1.1501 0.0121 0.2512 -1.175 0.0185 0.2422 -1.207 -0.0249 0.2834 -1.2074 -0.0122 0.2703 -1.2136 -0.002 0.2593 -1.2241 0.0076 0.2484 -1.2259 -0.009 0.2653
55.0 -1.2503 -0.0088 0.2626 -1.1616 -0.0377 0.301 -1.1162 -0.006 0.273 -1.1099 0.0083 0.259 -1.1221 0.0177 0.2482 -1.1459 0.023 0.2404 -1.1806 -0.0195 0.2805 -1.1811 -0.0068 0.2674 -1.1873 0.0034 0.2564 -1.1979 0.0136 0.2449 -1.1994 -0.0036 0.2624
56.0 -1.2451 -0.0081 0.2624 -1.1555 -0.0375 0.3014 -1.111 -0.0053 0.2728 -1.1057 0.0095 0.2582 -1.1169 0.0184 0.248 -1.1416 0.0236 0.2402 -1.174 -0.0174 0.279 -1.1752 -0.0054 0.2665 -1.1814 0.0048 0.2555 -1.1927 0.0143 0.2447 -1.1937 -0.0024 0.2616
57.0 -1.2409 -0.0069 0.2616 -1.1497 -0.0355 0.2999 -1.1057 -0.0052 0.2732 -1.1006 0.0108 0.2574 -1.1109 0.0192 0.2478 -1.1374 0.0248 0.2395 -1.1698 -0.0162 0.2782 -1.1709 -0.0048 0.2664 -1.178 0.0059 0.2548 -1.1894 0.0153 0.244 -1.1898 -0.0014 0.261
58.0 -1.2366 -0.0063 0.2614 -1.1462 -0.0351 0.2998 -1.1023 -0.0047 0.2731 -1.0962 0.0108 0.2579 -1.1066 0.0198 0.2476 -1.1313 0.025 0.2398 -1.1655 -0.0157 0.278 -1.1667 -0.0036 0.2656 -1.1729 0.0065 0.2546 -1.1842 0.016 0.2438 -1.1852 -0.0006 0.2607
59.0 -1.2322 -0.0063 0.2619 -1.1436 -0.0353 0.3003 -1.097 -0.0046 0.2735 -1.0919 0.0114 0.2577 -1.1023 0.0204 0.2475 -1.1261 0.0257 0.2397 -1.1611 -0.0157 0.2785 -1.1623 -0.0036 0.266 -1.1686 0.0071 0.2544 -1.1791 0.0167 0.2436 -1.1806 -0.0004 0.2609
60.0 -1.2289 -0.0053 0.2611 -1.1375 -0.0345 0.3 -1.0922 -0.0021 0.2714 -1.0853 0.0135 0.2562 -1.0973 0.0222 0.246 -1.1202 0.0271 0.2388 -1.1569 -0.0145 0.2777 -1.1581 -0.0025 0.2652 -1.1644 0.0083 0.2536 -1.174 0.018 0.2428 -1.1765 0.0008 0.2601
61.0 -1.2235 -0.0058 0.2622 -1.1311 -0.0312 0.2973 -1.0855 1.572e-05 0.2699 -1.0812 0.0153 0.2548 -1.0924 0.0241 0.2446 -1.1169 0.0282 0.238 -1.1502 -0.0124 0.2762 -1.1523 -0.0004 0.2638 -1.1585 0.0097 0.2528 -1.169 0.0193 0.2419 -1.1707 0.0021 0.2594
62.0 -1.2176 -0.0044 0.2613 -1.1252 -0.0298 0.2964 -1.0797 0.002 0.2685 -1.0746 0.018 0.2526 -1.0865 0.0255 0.2437 -1.1101 0.0297 0.2372 -1.1453 -0.0105 0.2747 -1.1474 0.0014 0.2623 -1.1535 0.0116 0.2513 -1.1639 0.0206 0.2411 -1.1655 0.0038 0.2582
63.0 -1.2125 -0.0031 0.2605 -1.1194 -0.0278 0.295 -1.0755 0.0032 0.2677 -1.0705 0.0198 0.2512 -1.0806 0.0269 0.2429 -1.1051 0.0316 0.2357 -1.1395 -0.0085 0.2733 -1.1416 0.0034 0.2609 -1.1486 0.0135 0.2499 -1.1589 0.0219 0.2403 -1.1602 0.0055 0.257
64.0 -1.2065 -0.0023 0.2603 -1.1149 -0.0284 0.296 -1.0688 0.0047 0.2668 -1.0629 0.0214 0.2503 -1.0756 0.0288 0.2414 -1.0992 0.033 0.2349 -1.1345 -0.0066 0.2718 -1.1356 0.0049 0.26 -1.1418 0.015 0.249 -1.1529 0.0233 0.2394 -1.1543 0.0069 0.2561
65.0 -1.2015 -0.001 0.2594 -1.1081 -0.0269 0.2952 -1.062 0.0062 0.2659 -1.0568 0.0216 0.2507 -1.0679 0.0299 0.2411 -1.0932 0.0338 0.2346 -1.1287 -0.0046 0.2704 -1.1307 0.0067 0.2586 -1.1368 0.0163 0.2482 -1.1471 0.0253 0.238 -1.149 0.0086 0.2549
66.0 -1.1963 -0.0003 0.2592 -1.1005 -0.0252 0.2942 -1.0537 0.0092 0.2637 -1.0493 0.0244 0.2485 -1.0614 0.0332 0.2384 -1.0855 0.0348 0.2343 -1.1219 -0.0031 0.2695 -1.1239 0.0083 0.2577 -1.1309 0.0177 0.2473 -1.1411 0.0261 0.2377 -1.1428 0.0097 0.2543
67.0 -1.1875 -0.0003 0.2601 -1.0946 -0.0238 0.2934 -1.0471 0.0119 0.2616 -1.0436 0.027 0.2464 -1.0555 0.0346 0.2375 -1.0799 0.038 0.2316 -1.1134 -0.0013 0.2685 -1.1164 0.0105 0.2561 -1.1233 0.02 0.2458 -1.1344 0.0276 0.2368 -1.135 0.0113 0.2535
68.0 -1.179 0.0014 0.2592 -1.087 -0.0216 0.2918 -1.0404 0.0134 0.2607 -1.0358 0.0275 0.2468 -1.0469 0.0358 0.2372 -1.0721 0.0391 0.2313 -1.1075 9.904e-05 0.2677 -1.1096 0.012 0.2552 -1.1174 0.0214 0.2449 -1.1285 0.0296 0.2354 -1.1284 0.0129 0.2525
69.0 -1.1731 0.0029 0.2583 -1.0785 -0.0198 0.2909 -1.0344 0.0143 0.2605 -1.0292 0.0302 0.2446 -1.0394 0.038 0.2357 -1.0638 0.0414 0.2297 -1.1008 0.0016 0.2668 -1.1029 0.0136 0.2544 -1.1098 0.023 0.244 -1.1209 0.0313 0.2345 -1.1215 0.0145 0.2516
70.0 -1.1662 0.0038 0.2581 -1.0718 -0.0183 0.29 -1.0279 0.0176 0.2577 -1.0218 0.033 0.2425 -1.0328 0.0407 0.2335 -1.0562 0.0437 0.2282 -1.0931 0.0033 0.2659 -1.0951 0.0146 0.2541 -1.1021 0.024 0.2437 -1.1132 0.0323 0.2342 -1.1139 0.0156 0.2512
71.0 -1.1585 0.0048 0.2578 -1.0661 -0.0157 0.2879 -1.0212 0.0197 0.2562 -1.0134 0.0354 0.2409 -1.0261 0.0422 0.2327 -1.0496 0.0458 0.2267 -1.0856 0.0055 0.2643 -1.0876 0.0168 0.2525 -1.0945 0.0263 0.2422 -1.1064 0.0338 0.2333 -1.1065 0.0175 0.25
72.0 -1.1526 0.0062 0.2569 -1.0592 -0.0148 0.2876 -1.0131 0.0232 0.2534 -1.0083 0.0361 0.2407 -1.0203 0.0443 0.2312 -1.0437 0.0472 0.2258 -1.0788 0.007 0.2634 -1.0817 0.0182 0.2517 -1.0886 0.0277 0.2413 -1.0989 0.0361 0.2317 -1.1001 0.0191 0.249
73.0 -1.1455 0.006 0.2579 -1.0533 -0.0133 0.2868 -1.0072 0.0246 0.2525 -1.0034 0.0386 0.2386 -1.0145 0.0463 0.2297 -1.037 0.0493 0.2243 -1.0722 0.0091 0.2619 -1.0742 0.0205 0.2501 -1.0819 0.0292 0.2404 -1.0929 0.0369 0.2315 -1.0933 0.0203 0.2484
74.0 -1.1401 0.0055 0.2589 -1.0446 -0.0128 0.2871 -1.0003 0.0256 0.2523 -0.9974 0.0394 0.2384 -1.0086 0.0477 0.2288 -1.031 0.0501 0.2241 -1.0654 0.0107 0.261 -1.0681 0.0213 0.2499 -1.075 0.0301 0.2402 -1.086 0.0378 0.2312 -1.0869 0.0211 0.2482
75.0 -1.1341 0.0063 0.2587 -1.0395 -0.0115 0.2863 -0.996 0.0262 0.2521 -0.9936 0.0375 0.2408 -1.0065 0.0461 0.2306 -1.0258 0.0508 0.2239 -1.0602 0.0114 0.2608 -1.063 0.022 0.2497 -1.0698 0.0308 0.24 -1.0808 0.0385 0.231 -1.0816 0.0218 0.248
76.0 -1.128 0.0065 0.2591 -1.0328 -0.01 0.2854 -0.9875 0.0279 0.2511 -0.9853 0.0404 0.2386 -0.9989 0.0477 0.2297 -1.0181 0.0519 0.2236 -1.0536 0.0135 0.2593 -1.0563 0.0241 0.2482 -1.0631 0.0324 0.2391 -1.074 0.0394 0.2308 -1.075 0.0232 0.2473
77.0 -1.1229 0.0072 0.2589 -1.0268 -0.0086 0.2845 -0.9824 0.0292 0.2503 -0.9836 0.0407 0.2385 -0.9957 0.0494 0.2284 -1.0131 0.0538 0.2222 -1.0458 0.0145 0.259 -1.0495 0.025 0.2479 -1.0563 0.0339 0.2382 -1.0672 0.041 0.2299 -1.0683 0.0243 0.2468
78.0 -1.1176 0.0073 0.2593 -1.0181 -0.008 0.2848 -0.9757 0.0307 0.2494 -0.9727 0.044 0.2362 -0.9855 0.0514 0.2273 -1.0065 0.0559 0.2207 -1.0399 0.0159 0.2582 -1.0427 0.0266 0.247 -1.0503 0.0347 0.238 -1.0612 0.0418 0.2296 -1.0623 0.0253 0.2464
79.0 -1.086 0.0079 0.2618 -0.9851 -0.0011 0.281 -0.9542 0.0336 0.2486 -0.9421 0.045 0.2381 -0.9515 0.0535 0.2285 -0.9736 0.0591 0.2206 -1.0082 0.0208 0.2563 -1.0108 0.0303 0.2464 -1.0184 0.0384 0.2373 -1.0308 0.0441 0.2303 -1.0308 0.0283 0.2465
80.0 -1.0782 0.0083 0.2621 -0.9722 0.0007 0.2805 -0.9354 0.0368 0.2472 -0.9297 0.0443 0.2402 -0.9424 0.0517 0.2313 -0.9663 0.0576 0.2228 -0.9988 0.0221 0.256 -1.003 0.0313 0.2461 -1.0105 0.0388 0.2377 -1.0231 0.0451 0.23 -1.0227 0.0291 0.2464
81.0 -1.0754 0.0075 0.2633 -0.9679 0.0012 0.2804 -0.9321 0.0378 0.2465 -0.9279 0.0445 0.2401 -0.9406 0.0513 0.2318 -0.9635 0.0568 0.224 -0.9954 0.0226 0.2558 -0.9987 0.0319 0.246 -1.0071 0.0393 0.2375 -1.0196 0.0456 0.2299 -1.0192 0.0294 0.2465
82.0 -1.0727 0.0072 0.2638 -0.9626 0.0013 0.2808 -0.9287 0.0389 0.2457 -0.928 0.0451 0.2395 -0.9405 0.0507 0.2325 -0.9642 0.0555 0.2253 -0.9902 0.0233 0.2556 -0.9945 0.0325 0.2458 -1.0038 0.0404 0.2368 -1.017 0.0459 0.2298 -1.0156 0.0299 0.2464
83.0 -1.0692 0.0071 0.2643 -0.9602 0.0029 0.2794 -0.9251 0.0382 0.2468 -0.9194 0.0408 0.2448 -0.9378 0.0456 0.238 -0.9605 0.0548 0.2264 -0.9884 0.0229 0.2562 -0.9925 0.0315 0.247 -1.001 0.0395 0.2379 -1.0145 0.0463 0.2297 -1.0131 0.0295 0.247
84.0 -1.0665 0.0069 0.2648 -0.9553 0.0048 0.278 -0.9205 0.0424 0.2429 -0.917 0.0423 0.2434 -0.9547 0.0464 0.2355 -0.9671 0.052 0.2285 -0.9842 0.0241 0.2554 -0.99 0.0325 0.2462 -1.0011 0.0401 0.2373 -1.0161 0.0454 0.2304 -1.0116 0.0298 0.2468
85.0 -1.0623 0.008 0.264 -0.9528 0.0057 0.2773 -0.9179 0.0422 0.2434 -0.916 0.0467 0.239 -0.9448 0.0453 0.2376 -0.966 0.051 0.2297 -0.98 0.0253 0.2546 -0.9868 0.0341 0.2449 -0.9987 0.0417 0.236 -1.0138 0.0476 0.2284 -1.0083 0.0313 0.2456
86.0 -1.0607 0.0089 0.2633 -0.9496 0.0074 0.2759 -0.9129 0.0441 0.242 -0.9168 0.046 0.2397 -0.9477 0.0418 0.2409 -0.9717 0.0484 0.2318 -0.9774 0.0256 0.2545 -0.9842 0.0345 0.2448 -0.9961 0.042 0.2359 -1.0106 0.0492 0.2271 -1.0058 0.032 0.2451
87.0 -1.0565 0.01 0.2626 -0.9464 0.009 0.2745 -0.9097 0.0457 0.2406 -0.9212 0.0411 0.2442 -0.9518 0.0401 0.2423 -0.9708 0.0479 0.2324 -0.9739 0.0255 0.255 -0.9807 0.0343 0.2453 -0.9926 0.0419 0.2363 -1.0071 0.0497 0.2269 -1.0022 0.0323 0.2452
88.0 -1.0513 0.0107 0.2624 -0.9422 0.0102 0.2737 -0.9073 0.0473 0.2393 -0.93 0.0363 0.2483 -0.9617 0.0363 0.2451 -0.9761 0.0435 0.2363 -0.9698 0.0272 0.2536 -0.9774 0.0354 0.2445 -0.9874 0.0426 0.2361 -1.002 0.0504 0.2267 -0.9976 0.0333 0.2447
89.0 -1.0487 0.0105 0.2629 -0.9407 0.0116 0.2724 -0.9057 0.0481 0.2386 -0.9363 0.0318 0.2523 -0.963 0.0337 0.2477 -0.9735 0.0432 0.2369 -0.9662 0.0271 0.2541 -0.9738 0.0353 0.245 -0.9847 0.0423 0.2367 -0.9984 0.0503 0.2272 -0.9944 0.0331 0.2452
90.0 -1.0436 0.0118 0.2621 -0.9398 0.0117 0.2724 -0.9057 0.0481 0.2386 -0.9539 0.0269 0.2555 -0.9705 0.0314 0.2492 -0.981 0.041 0.2384 -0.9655 0.0278 0.2534 -0.9731 0.036 0.2443 -0.9832 0.0438 0.2354 -0.9959 0.0506 0.2271 -0.9923 0.034 0.2445
91.0 -1.0417 0.0108 0.2632 -0.9391 0.0131 0.2711 -0.907 0.0455 0.2412 -0.9592 0.0268 0.255 -0.9732 0.0317 0.2487 -0.9837 0.0413 0.2379 -0.9646 0.0279 0.2534 -0.9739 0.0358 0.2444 -0.984 0.043 0.236 -0.9975 0.0498 0.2278 -0.9923 0.0335 0.245
92.0 -1.0461 0.0108 0.2628 -0.9384 0.0138 0.2705 -0.9061 0.0456 0.2411 -0.96 0.0267 0.2551 -0.9758 0.0313 0.2488 -0.9836 0.0407 0.2385 -0.9665 0.0283 0.2528 -0.9739 0.0358 0.2444 -0.984 0.043 0.236 -0.9975 0.0498 0.2278 -0.9936 0.0336 0.2448
93.0 -1.0453 0.0116 0.2621 -0.9379 0.0163 0.268 -0.9079 0.0454 0.2412 -0.9629 0.0282 0.2533 -0.9805 0.0331 0.2465 -0.9867 0.0433 0.2355 -0.9648 0.0291 0.2521 -0.9724 0.0373 0.2431 -0.9825 0.0445 0.2347 -0.9969 0.0517 0.2259 -0.9924 0.0348 0.2436
94.0 -1.0418 0.0114 0.2626 -0.9369 0.0152 0.2692 -0.9082 0.0423 0.2443 -0.9652 0.026 0.2553 -0.9793 0.0315 0.2483 -0.9861 0.0403 0.2386 -0.9631 0.0294 0.2521 -0.9716 0.0374 0.243 -0.9807 0.0441 0.2353 -0.9951 0.0513 0.2265 -0.9904 0.0347 0.2439
95.0 -1.0408 0.0109 0.2632 -0.9353 0.016 0.2685 -0.9081 0.0417 0.2449 -0.9635 0.0263 0.2552 -0.9784 0.031 0.2489 -0.9852 0.0398 0.2392 -0.9629 0.0282 0.2533 -0.9714 0.0362 0.2443 -0.9806 0.0435 0.2359 -0.995 0.0507 0.2271 -0.9901 0.0339 0.2447
96.0 -1.039 0.0106 0.2638 -0.9363 0.0171 0.2673 -0.9108 0.0419 0.2444 -0.9652 0.026 0.2553 -0.9776 0.0317 0.2483 -0.9837 0.0413 0.2379 -0.963 0.0288 0.2527 -0.9715 0.0368 0.2436 -0.9807 0.0441 0.2353 -0.9942 0.0508 0.227 -0.9897 0.0342 0.2445
97.0 -1.0355 0.0104 0.2642 -0.9356 0.0178 0.2666 -0.9116 0.0418 0.2445 -0.9668 0.0252 0.256 -0.9803 0.0319 0.2477 -0.9854 0.041 0.2379 -0.9613 0.029 0.2526 -0.9697 0.037 0.2436 -0.9798 0.0442 0.2352 -0.9943 0.0514 0.2264 -0.9881 0.0344 0.2444
98.0 -1.0329 0.0108 0.2641 -0.9357 0.0184 0.266 -0.9124 0.0411 0.2451 -0.9668 0.0252 0.256 -0.9802 0.0313 0.2484 -0.9838 0.0418 0.2373 -0.9596 0.0292 0.2526 -0.9679 0.0367 0.2441 -0.9771 0.044 0.2358 -0.9925 0.0517 0.2264 -0.986 0.0345 0.2446
99.0 -1.0329 0.0108 0.2641 -0.934 0.0186 0.2659 -0.915 0.0408 0.2452 -0.9678 0.0257 0.2554 -0.9812 0.0324 0.2472 -0.9839 0.0424 0.2366 -0.9585 0.0282 0.2538 -0.9661 0.0363 0.2447 -0.9761 0.0435 0.2363 -0.9916 0.0512 0.2269 -0.985 0.034 0.2452
100.0 -1.0313 0.0116 0.2635 -0.9316 0.0202 0.2646 -0.9146 0.0384 0.2477 -0.9667 0.0246 0.2566 -0.981 0.0312 0.2484 -0.9864 0.0415 0.2374 -0.956 0.0291 0.253 -0.9645 0.0371 0.244 -0.9745 0.0443 0.2357 -0.99 0.052 0.2263 -0.9833 0.0348 0.2445
101.0 -1.0298 0.013 0.2621 -0.9315 0.0196 0.2652 -0.9159 0.0357 0.2502 -0.9609 0.0266 0.2551 -0.9784 0.031 0.2489 -0.9846 0.0417 0.2373 -0.9534 0.0289 0.2536 -0.9627 0.0368 0.2446 -0.9728 0.0445 0.2356 -0.9883 0.0528 0.2256 -0.9814 0.0352 0.2443
102.0 -1.0279 0.0127 0.2627 -0.9315 0.0196 0.2652 -0.9185 0.036 0.2497 -0.9625 0.0258 0.2558 -0.9785 0.0316 0.2483 -0.9864 0.0415 0.2374 -0.9523 0.0278 0.2548 -0.9617 0.0363 0.2451 -0.9719 0.0441 0.2362 -0.9882 0.0522 0.2262 -0.9804 0.0346 0.245
103.0 -1.029 0.0138 0.2615 -0.9301 0.0216 0.2633 -0.9159 0.0357 0.2502 -0.9583 0.027 0.255 -0.9791 0.0303 0.2496 -0.9854 0.041 0.2379 -0.9541 0.0281 0.2542 -0.9627 0.0368 0.2446 -0.9728 0.0445 0.2356 -0.9883 0.0528 0.2256 -0.9814 0.0352 0.2443
104.0 -1.0273 0.014 0.2614 -0.9302 0.0222 0.2627 -0.916 0.0363 0.2496 -0.9632 0.0251 0.2564 -0.9801 0.0307 0.249 -0.9846 0.0417 0.2373 -0.9534 0.0289 0.2536 -0.9619 0.0375 0.2439 -0.9721 0.0453 0.2349 -0.9867 0.0537 0.2249 -0.9803 0.0358 0.2437
105.0 -1.0301 0.0148 0.2603 -0.9311 0.0221 0.2627 -0.9151 0.0365 0.2496 -0.9607 0.0254 0.2563 -0.9807 0.0294 0.2503 -0.9854 0.041 0.2379 -0.956 0.0291 0.253 -0.9636 0.0372 0.244 -0.9738 0.045 0.235 -0.9884 0.0534 0.2249 -0.9824 0.0359 0.2434
106.0 -1.0308 0.0141 0.2609 -0.932 0.0226 0.2621 -0.9161 0.0369 0.249 -0.9651 0.0254 0.2559 -0.9809 0.0306 0.249 -0.9846 0.0417 0.2373 -0.9562 0.0303 0.2518 -0.9647 0.0383 0.2428 -0.9739 0.0456 0.2344 -0.9886 0.054 0.2243 -0.9828 0.0365 0.2428
107.0 -1.0317 0.014 0.261 -0.9311 0.0221 0.2627 -0.9157 0.0352 0.2509 -0.9607 0.0254 0.2563 -0.9815 0.0287 0.2509 -0.9837 0.0413 0.2379 -0.957 0.0296 0.2525 -0.9646 0.0377 0.2434 -0.9738 0.045 0.235 -0.9876 0.0535 0.2249 -0.9829 0.036 0.2433
108.0 -1.0317 0.014 0.261 -0.9328 0.0219 0.2628 -0.9143 0.0372 0.2489 -0.9625 0.0258 0.2558 -0.9792 0.0309 0.2489 -0.9838 0.0418 0.2373 -0.9586 0.0288 0.2531 -0.9653 0.037 0.244 -0.9746 0.0449 0.235 -0.9884 0.0534 0.2249 -0.9837 0.0356 0.2436
109.0 -1.0326 0.0145 0.2604 -0.9328 0.0219 0.2628 -0.9127 0.038 0.2482 -0.9633 0.0257 0.2558 -0.9808 0.03 0.2496 -0.9846 0.0417 0.2373 -0.9586 0.0288 0.2531 -0.9663 0.0375 0.2434 -0.9746 0.0449 0.235 -0.9876 0.0535 0.2249 -0.984 0.0358 0.2434
110.0 -1.0319 0.0152 0.2597 -0.9336 0.0217 0.2628 -0.9127 0.038 0.2482 -0.9651 0.0254 0.2559 -0.9808 0.03 0.2496 -0.9845 0.0411 0.2379 -0.9589 0.0305 0.2513 -0.9674 0.0386 0.2422 -0.9766 0.0459 0.2339 -0.9903 0.0538 0.2244 -0.985 0.0368 0.2423
111.0 -1.0326 0.0145 0.2604 -0.9336 0.0217 0.2628 -0.913 0.0398 0.2464 -0.9667 0.0246 0.2566 -0.9801 0.0307 0.249 -0.9829 0.042 0.2372 -0.9597 0.0298 0.2519 -0.9664 0.0381 0.2428 -0.9756 0.0454 0.2344 -0.9893 0.0533 0.225 -0.9847 0.0362 0.2429
112.0 -1.0343 0.0137 0.2611 -0.9355 0.0221 0.2622 -0.9122 0.0399 0.2463 -0.9642 0.0256 0.2559 -0.9776 0.0317 0.2483 -0.9838 0.0418 0.2373 -0.9597 0.0298 0.2519 -0.9673 0.038 0.2429 -0.9765 0.0453 0.2345 -0.9902 0.0532 0.225 -0.9856 0.036 0.2431
113.0 -1.035 0.0129 0.2617 -0.9352 0.0209 0.2635 -0.9124 0.0411 0.2451 -0.9608 0.026 0.2557 -0.9757 0.0307 0.2494 -0.9821 0.0421 0.2372 -0.9617 0.0314 0.2501 -0.9701 0.0388 0.2417 -0.9791 0.0455 0.234 -0.992 0.0536 0.2245 -0.9876 0.0364 0.2424
114.0 -1.037 0.0145 0.2599 -0.9369 0.0201 0.2642 -0.91 0.0426 0.2438 -0.9625 0.0258 0.2558 -0.9774 0.0305 0.2495 -0.9822 0.0427 0.2366 -0.9618 0.032 0.2495 -0.9693 0.0395 0.2411 -0.9784 0.0462 0.2333 -0.992 0.0536 0.2245 -0.9877 0.0372 0.2417
115.0 -1.0422 0.0138 0.2601 -0.9348 0.0185 0.266 -0.9084 0.0435 0.2431 -0.956 0.0291 0.253 -0.9762 0.0337 0.2463 -0.9858 0.0434 0.2355 -0.9635 0.0318 0.2496 -0.9719 0.0392 0.2412 -0.981 0.0459 0.2334 -0.9946 0.0532 0.2246 -0.9906 0.0368 0.2418
116.0 -1.044 0.0142 0.2596 -0.9358 0.0141 0.2704 -0.9085 0.0441 0.2425 -0.9431 0.0308 0.2525 -0.9612 0.0333 0.2482 -0.9743 0.0431 0.2369 -0.9669 0.0307 0.2503 -0.9743 0.0382 0.2419 -0.9827 0.0457 0.2335 -0.9946 0.0532 0.2246 -0.9925 0.0364 0.242
117.0 -1.0439 0.0136 0.2602 -0.9365 0.0128 0.2716 -0.9084 0.0435 0.2431 -0.9369 0.0305 0.2536 -0.9574 0.032 0.25 -0.9715 0.0423 0.238 -0.9653 0.0315 0.2497 -0.9726 0.0385 0.2418 -0.9828 0.0463 0.2328 -0.9955 0.0537 0.224 -0.992 0.0367 0.2417
118.0 -1.0474 0.0131 0.2603 -0.9424 0.0114 0.2725 -0.9124 0.0411 0.2451 -0.9314 0.0343 0.2502 -0.9467 0.0359 0.2471 -0.9597 0.0451 0.2363 -0.9678 0.0312 0.2498 -0.9752 0.0381 0.2419 -0.9861 0.0452 0.2336 -0.9996 0.0519 0.2254 -0.9952 0.0359 0.2422
119.0 -1.0536 0.0135 0.2593 -0.944 0.0106 0.2732 -0.9099 0.042 0.2444 -0.9167 0.0405 0.2453 -0.9342 0.04 0.2441 -0.9534 0.049 0.233 -0.9733 0.0323 0.2481 -0.9798 0.0393 0.2402 -0.9907 0.0464 0.2319 -1.0032 0.0521 0.2249 -1.0001 0.0367 0.2409
120.0 -1.057 0.013 0.2595 -0.9483 0.01 0.2734 -0.9156 0.0394 0.2465 -0.9137 0.0434 0.2427 -0.9323 0.0445 0.2396 -0.9514 0.0529 0.2291 -0.9777 0.0323 0.2476 -0.9842 0.0393 0.2398 -0.9932 0.0455 0.2326 -1.0056 0.0511 0.2256 -1.0036 0.0362 0.241
121.0 -1.0597 0.0133 0.2589 -0.9532 0.0081 0.2748 -0.9133 0.041 0.2451 -0.9137 0.0434 0.2427 -0.9337 0.0474 0.2366 -0.9499 0.0593 0.2228 -0.9801 0.0307 0.249 -0.9858 0.0385 0.2405 -0.9958 0.0451 0.2327 -1.0073 0.0503 0.2263 -1.0057 0.0356 0.2415
122.0 -1.0555 0.0145 0.2581 -0.9586 0.0086 0.2738 -0.9131 0.0404 0.2458 -0.9105 0.0456 0.2407 -0.9219 0.0551 0.2299 -0.949 0.0691 0.2128 -0.9824 0.0292 0.2503 -0.9874 0.0377 0.2411 -0.9966 0.045 0.2328 -1.0091 0.0506 0.2257 -1.0062 0.0354 0.2416
123.0 -1.0571 0.0136 0.2588 -0.9661 0.0064 0.2753 -0.9123 0.0405 0.2457 -0.9086 0.0496 0.2368 -0.9219 0.06 0.2249 -0.9521 0.0718 0.2098 -0.9842 0.029 0.2504 -0.9881 0.0364 0.2424 -0.9981 0.043 0.2347 -1.0112 0.0479 0.2283 -1.0077 0.034 0.2429
124.0 -1.0582 0.0147 0.2576 -0.9711 0.0045 0.2767 -0.9124 0.0411 0.2451 -0.9067 0.0541 0.2324 -0.9208 0.0638 0.2211 -0.9572 0.076 0.205 -0.9867 0.0286 0.2505 -0.9898 0.0361 0.2425 -0.9989 0.0429 0.2347 -1.0131 0.0483 0.2278 -1.0093 0.0341 0.2426
125.0 -1.0634 0.014 0.2578 -0.9732 0.0017 0.2793 -0.9135 0.0422 0.2439 -0.9073 0.0571 0.2293 -0.9216 0.0686 0.2161 -0.9612 0.0785 0.202 -0.9886 0.029 0.2499 -0.9915 0.0359 0.2426 -0.9997 0.0421 0.2354 -1.0146 0.0469 0.2291 -1.0115 0.0336 0.243
126.0 -1.0643 0.0145 0.2572 -0.9784 0.001 0.2795 -0.9155 0.0437 0.2421 -0.9093 0.0586 0.2275 -0.9255 0.0705 0.2138 -0.9657 0.0791 0.201 -0.9877 0.0291 0.2499 -0.9907 0.036 0.2425 -1.0005 0.042 0.2354 -1.0162 0.046 0.2298 -1.0119 0.0335 0.243
127.0 -1.066 0.0143 0.2573 -0.9817 -1.952e-05 0.2803 -0.9172 0.0435 0.2422 -0.9123 0.0607 0.2251 -0.9284 0.0719 0.212 -0.9703 0.0803 0.1993 -0.9893 0.0283 0.2506 -0.9924 0.0358 0.2426 -1.0014 0.0419 0.2354 -1.0162 0.046 0.2298 -1.0131 0.0333 0.2431
128.0 -1.0696 0.0144 0.2568 -0.9853 0.0001 0.2798 -0.9211 0.0454 0.2398 -0.9144 0.0628 0.2227 -0.9312 0.0734 0.2102 -0.9729 0.08 0.1994 -0.9911 0.0286 0.25 -0.9934 0.0363 0.242 -1.0023 0.0424 0.2349 -1.0181 0.047 0.2286 -1.0149 0.0337 0.2425
129.0 -1.0714 0.0148 0.2563 -0.9886 -0.0009 0.2805 -0.9219 0.0453 0.2399 -0.917 0.0625 0.2228 -0.932 0.0727 0.2109 -0.9747 0.0803 0.1988 -0.992 0.0285 0.2501 -0.9943 0.0368 0.2414 -1.0032 0.0423 0.2349 -1.019 0.0469 0.2286 -1.016 0.0338 0.2423
130.0 -1.0758 0.0148 0.2558 -0.9911 -0.0019 0.2813 -0.9243 0.0438 0.2412 -0.9188 0.0628 0.2223 -0.934 0.0742 0.2091 -0.9764 0.0801 0.1989 -0.9946 0.0282 0.2502 -0.9961 0.0371 0.2409 -1.0051 0.0432 0.2337 -1.0191 0.0475 0.228 -1.0181 0.0342 0.2417
131.0 -1.0793 0.0149 0.2553 -0.9946 -0.0018 0.2808 -0.927 0.044 0.2407 -0.9207 0.0632 0.2217 -0.9359 0.0746 0.2085 -0.9772 0.0794 0.1995 -0.9965 0.0291 0.249 -0.9988 0.0374 0.2403 -1.0077 0.0429 0.2338 -1.0224 0.0464 0.2288 -1.021 0.0341 0.2414
132.0 -1.0819 0.0146 0.2554 -0.9979 -0.0028 0.2815 -0.9296 0.0437 0.2408 -0.9231 0.0622 0.2224 -0.9385 0.0748 0.208 -0.979 0.0798 0.199 -0.9983 0.0295 0.2484 -1.0007 0.0377 0.2398 -1.0095 0.0433 0.2333 -1.0242 0.0468 0.2282 -1.0229 0.0344 0.241
133.0 -1.087 0.0133 0.2562 -1.0041 -0.003 0.2811 -0.9502 0.036 0.2466 -0.9324 0.0598 0.224 -0.9462 0.0732 0.2089 -0.9875 0.078 0.1999 -1.0059 0.0273 0.25 -1.0075 0.0368 0.2401 -1.0157 0.043 0.2329 -1.0296 0.0473 0.2272 -1.0291 0.0335 0.2413
134.0 -1.0938 0.0123 0.2565 -1.0107 -0.0052 0.2826 -0.9441 0.0411 0.242 -0.936 0.0605 0.2229 -0.9514 0.0731 0.2085 -0.9911 0.0787 0.1988 -1.0109 0.026 0.2508 -1.0125 0.0349 0.2415 -1.0207 0.0417 0.2337 -1.0346 0.046 0.228 -1.0345 0.0322 0.2421
135.0 -1.1178 0.0085 0.2581 -1.0374 -0.0136 0.2887 -0.9758 0.0313 0.2488 -0.9654 0.0523 0.2284 -0.979 0.0645 0.2146 -1.0171 0.0716 0.2036 -1.0385 0.018 0.2562 -1.0395 0.0282 0.2457 -1.0469 0.0358 0.2372 -1.0602 0.0413 0.2302 -1.0606 0.0263 0.2455
136.0 -1.1288 0.0058 0.2597 -1.051 -0.0161 0.2898 -0.9815 0.0287 0.2509 -0.9804 0.0478 0.2315 -0.9941 0.0606 0.217 -1.0296 0.0674 0.2066 -1.0504 0.0151 0.2579 -1.0521 0.0253 0.2474 -1.0595 0.0322 0.2396 -1.0727 0.0372 0.2332 -1.0727 0.0231 0.2476
137.0 -1.1356 0.0049 0.26 -1.0587 -0.0177 0.2907 -0.9893 0.0283 0.2506 -0.9845 0.046 0.2329 -0.9982 0.0588 0.2185 -1.0365 0.0665 0.2068 -1.0563 0.0137 0.2588 -1.0579 0.0233 0.2489 -1.0663 0.0307 0.2405 -1.0796 0.0362 0.2335 -1.0791 0.0218 0.2483
138.0 -1.1424 0.0033 0.2609 -1.0647 -0.0185 0.291 -0.9961 0.0267 0.2515 -0.9923 0.0456 0.2326 -1.0067 0.0571 0.2194 -1.0434 0.0656 0.2071 -1.063 0.0122 0.2597 -1.0649 0.023 0.2485 -1.0733 0.0304 0.2401 -1.0856 0.0354 0.2337 -1.0858 0.0209 0.2486
139.0 -1.1484 0.0025 0.2611 -1.0722 -0.0208 0.2925 -1.0047 0.0256 0.2518 -1.0007 0.0432 0.2342 -1.0135 0.0556 0.2203 -1.0501 0.064 0.208 -1.0699 0.0113 0.26 -1.0717 0.0214 0.2494 -1.0799 0.0283 0.2416 -1.0933 0.0344 0.234 -1.0927 0.0196 0.2492
140.0 -1.1536 0.0018 0.2613 -1.0782 -0.0216 0.2928 -1.0095 0.0231 0.2539 -1.0083 0.041 0.2357 -1.0202 0.054 0.2212 -1.0561 0.0632 0.2082 -1.0767 0.0098 0.2608 -1.0785 0.0199 0.2503 -1.0859 0.0274 0.2418 -1.0993 0.0336 0.2342 -1.0988 0.0185 0.2497
141.0 -1.163 0.0005 0.2617 -1.086 -0.0226 0.2931 -1.0191 0.0224 0.2536 -1.0126 0.0404 0.2359 -1.0268 0.0513 0.2233 -1.0655 0.0614 0.2092 -1.0844 0.0087 0.2611 -1.0862 0.0189 0.2506 -1.0945 0.0263 0.2422 -1.1078 0.0318 0.2352 -1.1072 0.0172 0.2502
142.0 -1.1743 -0.0004 0.2615 -1.0937 -0.0237 0.2934 -1.0275 0.0201 0.2552 -1.0219 0.0385 0.2369 -1.0361 0.0494 0.2243 -1.0722 0.0592 0.2107 -1.0939 0.0074 0.2615 -1.0956 0.0176 0.251 -1.103 0.0245 0.2431 -1.1163 0.0301 0.2361 -1.1166 0.0159 0.2506
143.0 -1.1812 -0.0013 0.2618 -1.1032 -0.0244 0.2931 -1.0352 0.019 0.2555 -1.0298 0.0387 0.2359 -1.0433 0.0503 0.2227 -1.0801 0.0594 0.2098 -1.1025 0.0063 0.2618 -1.1034 0.0165 0.2513 -1.1108 0.0235 0.2434 -1.124 0.029 0.2364 -1.1244 0.0148 0.2509
144.0 -1.189 -0.0017 0.2614 -1.1117 -0.0261 0.2941 -1.0429 0.018 0.2558 -1.0383 0.0369 0.2369 -1.0518 0.0485 0.2237 -1.0896 0.0581 0.2101 -1.1112 0.0057 0.2616 -1.1128 0.0153 0.2516 -1.1203 0.0228 0.2432 -1.1335 0.0277 0.2368 -1.1334 0.014 0.2509
145.0 -1.1986 -0.0024 0.2612 -1.1195 -0.0272 0.2944 -1.0532 0.0166 0.2562 -1.046 0.0353 0.2378 -1.0621 0.0472 0.2241 -1.1007 0.0566 0.2106 -1.1206 0.0044 0.2619 -1.1224 0.0146 0.2514 -1.1306 0.0214 0.2436 -1.1448 0.0268 0.2366 -1.1434 0.013 0.2509
146.0 -1.2065 -0.0023 0.2603 -1.1292 -0.0267 0.2929 -1.0645 0.0157 0.256 -1.0563 0.0339 0.2382 -1.0724 0.0458 0.2245 -1.1128 0.055 0.211 -1.1302 0.0038 0.2617 -1.1311 0.014 0.2511 -1.1394 0.0214 0.2427 -1.1537 0.0275 0.2351 -1.1522 0.0129 0.2502
147.0 -1.2179 -0.0026 0.2594 -1.1362 -0.027 0.2925 -1.0734 0.0163 0.2545 -1.068 0.0354 0.2355 -1.0831 0.0462 0.223 -1.1226 0.0561 0.2089 -1.139 0.0038 0.2608 -1.1408 0.0139 0.2502 -1.1491 0.0214 0.2418 -1.1633 0.0274 0.2342 -1.162 0.0128 0.2493
148.0 -1.2249 -0.0029 0.2591 -1.1422 -0.0278 0.2927 -1.0832 0.0168 0.253 -1.0786 0.0358 0.2341 -1.0947 0.047 0.2209 -1.1335 0.0577 0.2062 -1.1478 0.0038 0.2599 -1.1497 0.0146 0.2487 -1.159 0.0225 0.2397 -1.1731 0.0279 0.2327 -1.1709 0.0132 0.248
149.0 -1.2336 -0.0035 0.2588 -1.1493 -0.0275 0.2918 -1.0904 0.0177 0.2514 -1.0868 0.0371 0.2319 -1.1054 0.048 0.2189 -1.1431 0.0576 0.2053 -1.1575 0.0043 0.2584 -1.1603 0.015 0.2472 -1.1687 0.023 0.2382 -1.1838 0.0289 0.2306 -1.1808 0.0135 0.2466
150.0 -1.2415 -0.0033 0.2579 -1.1589 -0.0282 0.2915 -1.0999 0.017 0.2511 -1.0962 0.0358 0.2322 -1.1143 0.0487 0.2173 -1.1544 0.0567 0.2051 -1.1662 0.0038 0.2581 -1.169 0.0144 0.2469 -1.1783 0.0223 0.2379 -1.1925 0.0283 0.2304 -1.1895 0.0131 0.2462
151.0 -1.2512 -0.0034 0.257 -1.1667 -0.0287 0.2912 -1.1105 0.0168 0.2503 -1.106 0.0363 0.2308 -1.1238 0.048 0.2171 -1.1632 0.0567 0.2042 -1.175 0.0038 0.2572 -1.1778 0.0144 0.246 -1.1871 0.0223 0.237 -1.2022 0.0282 0.2295 -1.1987 0.0131 0.2453
152.0 -1.259 -0.0039 0.2567 -1.1755 -0.0286 0.2903 -1.1193 0.0168 0.2494 -1.1147 0.0358 0.2305 -1.1325 0.0474 0.2168 -1.1718 0.0556 0.2046 -1.1846 0.0031 0.2569 -1.1873 0.0138 0.2458 -1.1966 0.0217 0.2368 -1.2109 0.0277 0.2292 -1.2077 0.0125 0.2451
153.0 -1.2667 -0.0055 0.2576 -1.1866 -0.0307 0.2913 -1.1287 0.0156 0.2497 -1.1249 0.0338 0.2315 -1.1419 0.0455 0.2178 -1.1829 0.0535 0.2056 -1.1932 0.002 0.2572 -1.1959 0.0126 0.2461 -1.2052 0.0205 0.2371 -1.2194 0.0259 0.2302 -1.2161 0.0111 0.2456
154.0 -1.2743 -0.0071 0.2585 -1.1943 -0.0318 0.2916 -1.1372 0.0138 0.2507 -1.1342 0.0319 0.2325 -1.1511 0.0431 0.2194 -1.1906 0.0524 0.2059 -1.2017 0.0002 0.2582 -1.2044 0.0108 0.2471 -1.2137 0.0187 0.238 -1.227 0.0243 0.2311 -1.2242 0.0094 0.2466
155.0 -1.283 -0.0077 0.2582 -1.2038 -0.033 0.292 -1.1473 0.0112 0.2523 -1.1435 0.0295 0.2341 -1.1596 0.0413 0.2203 -1.1983 0.0514 0.2062 -1.211 -0.0017 0.2592 -1.2138 0.009 0.248 -1.2222 0.017 0.239 -1.2365 0.023 0.2314 -1.2333 0.0079 0.2472
156.0 -1.2907 -0.0087 0.2585 -1.2115 -0.0341 0.2923 -1.1567 0.0093 0.2533 -1.1521 0.0283 0.2344 -1.1682 0.0402 0.2207 -1.206 0.0497 0.2071 -1.2196 -0.0028 0.2595 -1.2224 0.0078 0.2484 -1.2307 0.0152 0.24 -1.2441 0.0214 0.2324 -1.2415 0.0066 0.2477
157.0 -1.3521 -0.0201 0.264 -1.2736 -0.0461 0.2985 -1.2185 -0.0045 0.2613 -1.2146 0.0137 0.2431 -1.2287 0.0241 0.2311 -1.2651 0.0356 0.2157 -1.2808 -0.0153 0.2663 -1.2834 -0.0053 0.2557 -1.291 0.0028 0.2467 -1.3044 0.009 0.2391 -1.3023 -0.0058 0.2543
158.0 -1.3561 -0.0225 0.266 -1.2786 -0.048 0.2999 -1.2225 -0.0063 0.2627 -1.2187 0.012 0.2445 -1.232 0.0224 0.2325 -1.2682 0.0334 0.2177 -1.2849 -0.0171 0.2677 -1.2866 -0.007 0.2571 -1.295 0.0005 0.2487 -1.3084 0.0066 0.2411 -1.3062 -0.0079 0.2561
159.0 -1.3594 -0.0235 0.2668 -1.2828 -0.0492 0.3007 -1.2258 -0.0079 0.2641 -1.2218 0.0097 0.2465 -1.2351 0.0201 0.2345 -1.2715 0.0323 0.2184 -1.2881 -0.0188 0.269 -1.2908 -0.0082 0.2579 -1.2983 -0.0006 0.2494 -1.3117 0.0055 0.2418 -1.3097 -0.0091 0.257
160.0 -1.3619 -0.0245 0.2675 -1.2851 -0.0507 0.302 -1.2297 -0.0109 0.2668 -1.2249 0.0075 0.2485 -1.2383 0.0185 0.2359 -1.2755 0.03 0.2205 -1.2922 -0.0205 0.2704 -1.2932 -0.0097 0.2592 -1.3015 -0.0023 0.2508 -1.3141 0.004 0.2432 -1.3126 -0.0106 0.2582
161.0 -1.3635 -0.0253 0.2682 -1.2867 -0.0516 0.3027 -1.232 -0.0124 0.2681 -1.2273 0.0059 0.2498 -1.2405 0.0157 0.2385 -1.2787 0.0283 0.2218 -1.2938 -0.0214 0.2711 -1.2956 -0.0112 0.2606 -1.303 -0.0037 0.2521 -1.3156 0.0026 0.2445 -1.3143 -0.0118 0.2593
162.0 -1.3651 -0.0261 0.2689 -1.2892 -0.0525 0.3034 -1.2335 -0.0139 0.2694 -1.2288 0.0045 0.2511 -1.2421 0.0149 0.2391 -1.2794 0.027 0.2231 -1.2953 -0.0228 0.2724 -1.2971 -0.0127 0.2619 -1.3047 -0.0045 0.2528 -1.3172 0.0017 0.2452 -1.3159 -0.0129 0.2602
163.0 -1.3668 -0.0263 0.269 -1.2908 -0.0534 0.3041 -1.2351 -0.0147 0.2701 -1.2286 0.0033 0.2524 -1.2427 0.0136 0.2404 -1.2784 0.0265 0.2237 -1.2961 -0.0235 0.2731 -1.2978 -0.0134 0.2625 -1.3046 -0.0051 0.2534 -1.3181 0.0016 0.2452 -1.3167 -0.0133 0.2606
164.0 -1.3667 -0.0269 0.2696 -1.2924 -0.0542 0.3048 -1.2349 -0.0159 0.2713 -1.2293 0.002 0.2536 -1.2435 0.0129 0.2411 -1.2793 0.0264 0.2237 -1.2977 -0.0243 0.2738 -1.2986 -0.0141 0.2632 -1.3053 -0.0058 0.2541 -1.3179 0.001 0.2458 -1.3172 -0.014 0.2613
165.0 -1.3667 -0.0269 0.2696 -1.2923 -0.0548 0.3054 -1.234 -0.0164 0.2719 -1.2292 0.0014 0.2543 -1.2417 0.0125 0.2416 -1.2793 0.0264 0.2237 -1.2977 -0.0243 0.2738 -1.2986 -0.0141 0.2632 -1.3053 -0.0058 0.2541 -1.3178 0.0004 0.2465 -1.3172 -0.0142 0.2614
166.0 -1.3657 -0.0274 0.2702 -1.2914 -0.0553 0.306 -1.2331 -0.0162 0.2719 -1.2274 0.0016 0.2542 -1.2425 0.0124 0.2417 -1.2791 0.0252 0.225 -1.2977 -0.0243 0.2738 -1.2986 -0.0141 0.2632 -1.3052 -0.0064 0.2547 -1.3178 0.0004 0.2465 -1.317 -0.0144 0.2617
167.0 -1.3667 -0.0269 0.2696 -1.2907 -0.0539 0.3047 -1.234 -0.0164 0.2719 -1.2275 0.0022 0.2536 -1.2417 0.0125 0.2416 -1.2774 0.0254 0.2249 -1.2959 -0.0241 0.2737 -1.2969 -0.0139 0.2631 -1.3045 -0.0057 0.2541 -1.317 0.0005 0.2464 -1.3162 -0.014 0.2614
168.0 -1.365 -0.0267 0.2695 -1.2873 -0.0535 0.3046 -1.2308 -0.0141 0.2699 -1.2259 0.0031 0.2529 -1.2393 0.0141 0.2403 -1.2749 0.0264 0.2242 -1.2925 -0.0236 0.2736 -1.2934 -0.0134 0.263 -1.3019 -0.0054 0.254 -1.3144 0.0009 0.2463 -1.3134 -0.0136 0.2613
169.0 -1.3607 -0.0261 0.2693 -1.2847 -0.0531 0.3045 -1.2274 -0.0136 0.2698 -1.2226 0.0041 0.2521 -1.2351 0.0153 0.2395 -1.2715 0.0268 0.224 -1.29 -0.0227 0.2729 -1.2918 -0.0126 0.2623 -1.2994 -0.0044 0.2532 -1.3119 0.0018 0.2456 -1.3108 -0.0128 0.2607
170.0 -1.3574 -0.0251 0.2686 -1.2813 -0.0527 0.3044 -1.2248 -0.0133 0.2697 -1.2192 0.0046 0.252 -1.2325 0.0156 0.2394 -1.269 0.0278 0.2233 -1.2876 -0.0218 0.2721 -1.2893 -0.0116 0.2616 -1.2968 -0.0041 0.2531 -1.3094 0.0022 0.2455 -1.3081 -0.0121 0.2602
171.0 -1.3564 -0.0256 0.2692 -1.2804 -0.0526 0.3043 -1.2241 -0.0126 0.2691 -1.2183 0.0047 0.252 -1.2308 0.0158 0.2393 -1.2682 0.0285 0.2227 -1.2858 -0.0215 0.2721 -1.2876 -0.0114 0.2615 -1.2951 -0.0038 0.2531 -1.3086 0.0029 0.2448 -1.3067 -0.0119 0.2601
