1.0 -1.3924 -0.0158 0.2556 -1.3021 -0.0292 0.2783 -1.2622 -0.0006 0.253 -1.2583 0.017 0.2354 -1.2687 0.026 0.2252 -1.2908 0.0316 0.2173 -1.3173 -0.0129 0.2602 -1.3184 -0.0015 0.2484 -1.3261 0.0072 0.2387 -1.338 0.0148 0.2297 -1.3384 -0.0016 0.2465
2.0 -1.3925 -0.0152 0.255 -1.302 -0.0298 0.2789 -1.2622 -0.0006 0.253 -1.2583 0.017 0.2354 -1.2687 0.026 0.2252 -1.2915 0.0308 0.218 -1.3173 -0.0129 0.2602 -1.3184 -0.0015 0.2484 -1.3262 0.0078 0.238 -1.3381 0.0154 0.2291 -1.3385 -0.0013 0.2461
3.0 -1.3924 -0.0158 0.2556 -1.302 -0.0298 0.2789 -1.2614 -0.0005 0.253 -1.2583 0.017 0.2354 -1.2687 0.026 0.2252 -1.2916 0.0314 0.2173 -1.3173 -0.0129 0.2602 -1.3192 -0.0016 0.2484 -1.3262 0.0078 0.238 -1.3381 0.0154 0.2291 -1.3386 -0.0014 0.2463
4.0 -1.3925 -0.0152 0.255 -1.302 -0.0298 0.2789 -1.2622 -0.0006 0.253 -1.2583 0.017 0.2354 -1.2687 0.026 0.2252 -1.2916 0.0314 0.2173 -1.3173 -0.0129 0.2602 -1.3192 -0.0016 0.2484 -1.3261 0.0072 0.2387 -1.3381 0.0154 0.2291 -1.3386 -0.0014 0.2463
5.0 -1.3917 -0.015 0.2549 -1.3028 -0.0299 0.279 -1.2622 -0.0006 0.253 -1.2575 0.0177 0.2348 -1.2678 0.0261 0.2252 -1.2915 0.0308 0.218 -1.3172 -0.0135 0.2608 -1.3192 -0.0016 0.2484 -1.3262 0.0078 0.238 -1.3381 0.0154 0.2291 -1.3385 -0.0014 0.2463
6.0 -1.3908 -0.0149 0.2549 -1.3028 -0.0299 0.279 -1.2621 -0.0012 0.2537 -1.2583 0.017 0.2354 -1.2688 0.0266 0.2246 -1.2916 0.0314 0.2173 -1.3163 -0.0134 0.2608 -1.3184 -0.0015 0.2484 -1.3262 0.0078 0.238 -1.3381 0.0154 0.2291 -1.3379 -0.0013 0.2462
7.0 -1.3917 -0.015 0.2549 -1.3027 -0.0305 0.2796 -1.2614 -0.0005 0.253 -1.2584 0.0176 0.2348 -1.2679 0.0267 0.2245 -1.2916 0.0314 0.2173 -1.3172 -0.0135 0.2608 -1.3192 -0.0016 0.2484 -1.3262 0.0078 0.238 -1.3381 0.0154 0.2291 -1.3385 -0.0014 0.2463
8.0 -1.3917 -0.015 0.2549 -1.302 -0.0298 0.2789 -1.2614 -0.0005 0.253 -1.2575 0.0177 0.2348 -1.2688 0.0266 0.2246 -1.2915 0.0308 0.218 -1.3163 -0.0134 0.2608 -1.3192 -0.0016 0.2484 -1.3262 0.0078 0.238 -1.3381 0.0154 0.2291 -1.3383 -0.0014 0.2462
9.0 -1.3933 -0.0159 0.2556 -1.3021 -0.0292 0.2783 -1.2621 -0.0012 0.2537 -1.2582 0.0164 0.236 -1.2679 0.0267 0.2245 -1.2916 0.0314 0.2173 -1.3172 -0.0135 0.2608 -1.3192 -0.0016 0.2484 -1.327 0.0077 0.2381 -1.3389 0.0153 0.2292 -1.3391 -0.0016 0.2464
10.0 -1.3924 -0.0158 0.2556 -1.302 -0.0298 0.2789 -1.2622 -0.0006 0.253 -1.2593 0.0175 0.2348 -1.2688 0.0266 0.2246 -1.2916 0.0314 0.2173 -1.3173 -0.0129 0.2602 -1.3192 -0.0016 0.2484 -1.3262 0.0078 0.238 -1.3381 0.0154 0.2291 -1.3386 -0.0014 0.2463
11.0 -1.3925 -0.0152 0.255 -1.3027 -0.0305 0.2796 -1.2614 -0.0005 0.253 -1.2584 0.0176 0.2348 -1.2688 0.0266 0.2246 -1.2925 0.0313 0.2174 -1.3164 -0.0128 0.2601 -1.3184 -0.0015 0.2484 -1.3262 0.0078 0.238 -1.3389 0.0153 0.2292 -1.3385 -0.0013 0.2461
12.0 -1.3933 -0.0159 0.2556 -1.3028 -0.0299 0.279 -1.2621 -0.0012 0.2537 -1.2583 0.017 0.2354 -1.2688 0.0266 0.2246 -1.2915 0.0308 0.218 -1.3163 -0.0134 0.2608 -1.3184 -0.0015 0.2484 -1.327 0.0077 0.2381 -1.3389 0.0153 0.2292 -1.3388 -0.0016 0.2464
13.0 -1.3917 -0.015 0.2549 -1.3028 -0.0299 0.279 -1.2621 -0.0012 0.2537 -1.2592 0.0169 0.2354 -1.2688 0.0266 0.2246 -1.2924 0.0307 0.218 -1.3172 -0.0135 0.2608 -1.3192 -0.0016 0.2484 -1.327 0.0077 0.2381 -1.3381 0.0154 0.2291 -1.3386 -0.0014 0.2463
14.0 -1.3934 -0.0153 0.255 -1.3028 -0.0299 0.279 -1.2622 -0.0006 0.253 -1.2592 0.0169 0.2354 -1.2688 0.0266 0.2246 -1.2925 0.0313 0.2174 -1.3173 -0.0129 0.2602 -1.3192 -0.0016 0.2484 -1.327 0.0077 0.2381 -1.3398 0.0152 0.2292 -1.3393 -0.0014 0.2462
15.0 -1.3934 -0.0153 0.255 -1.303 -0.0293 0.2784 -1.2615 8.557e-05 0.2524 -1.2593 0.0175 0.2348 -1.2695 0.0259 0.2252 -1.2924 0.0307 0.218 -1.3173 -0.0129 0.2602 -1.3192 -0.0016 0.2484 -1.327 0.0077 0.2381 -1.3389 0.0153 0.2292 -1.3392 -0.0014 0.2462
16.0 -1.3924 -0.0158 0.2556 -1.303 -0.0293 0.2784 -1.2623 -3.044e-05 0.2524 -1.2595 0.0187 0.2336 -1.2688 0.0266 0.2246 -1.2932 0.0306 0.218 -1.3173 -0.0129 0.2602 -1.3201 -0.0017 0.2484 -1.3279 0.0076 0.2381 -1.3398 0.0152 0.2292 -1.3395 -0.0015 0.2463
17.0 -1.3933 -0.0159 0.2556 -1.303 -0.0293 0.2784 -1.2615 8.557e-05 0.2524 -1.2594 0.0181 0.2342 -1.2695 0.0259 0.2252 -1.2924 0.0307 0.218 -1.3173 -0.0129 0.2602 -1.3202 -0.0011 0.2478 -1.3279 0.0076 0.2381 -1.3389 0.0153 0.2292 -1.3395 -0.0014 0.2462
18.0 -1.3933 -0.0159 0.2556 -1.303 -0.0293 0.2784 -1.2622 -0.0006 0.253 -1.26 0.0168 0.2355 -1.2695 0.0259 0.2252 -1.2924 0.0307 0.218 -1.3173 -0.0129 0.2602 -1.3201 -0.0017 0.2484 -1.3279 0.0076 0.2381 -1.3397 0.0146 0.2298 -1.3396 -0.0017 0.2464
19.0 -1.3941 -0.016 0.2557 -1.3021 -0.0292 0.2783 -1.2622 -0.0006 0.253 -1.259 0.0163 0.2361 -1.2687 0.026 0.2252 -1.2924 0.0307 0.218 -1.3173 -0.0129 0.2602 -1.3201 -0.0017 0.2484 -1.3279 0.0076 0.2381 -1.3398 0.0152 0.2292 -1.3398 -0.0016 0.2463
20.0 -1.3933 -0.0159 0.2556 -1.3031 -0.0287 0.2777 -1.2615 8.557e-05 0.2524 -1.2594 0.0181 0.2342 -1.2695 0.0259 0.2252 -1.2924 0.0307 0.218 -1.3173 -0.0129 0.2602 -1.3202 -0.0011 0.2478 -1.3279 0.0076 0.2381 -1.3389 0.0153 0.2292 -1.3395 -0.0014 0.2462
21.0 -1.3925 -0.0152 0.255 -1.3028 -0.0299 0.279 -1.2631 -0.0007 0.2531 -1.259 0.0163 0.2361 -1.2695 0.0259 0.2252 -1.2924 0.0307 0.218 -1.318 -0.0137 0.2608 -1.3201 -0.0017 0.2484 -1.3278 0.007 0.2387 -1.3388 0.0147 0.2298 -1.3395 -0.0018 0.2465
22.0 -1.3924 -0.0158 0.2556 -1.3037 -0.03 0.279 -1.2621 -0.0012 0.2537 -1.2593 0.0175 0.2348 -1.2695 0.0259 0.2252 -1.2932 0.0306 0.218 -1.318 -0.0137 0.2608 -1.3201 -0.0017 0.2484 -1.3278 0.007 0.2387 -1.3397 0.0146 0.2298 -1.3396 -0.0019 0.2467
23.0 -1.395 -0.0161 0.2557 -1.3028 -0.0299 0.279 -1.2612 -0.0017 0.2543 -1.2592 0.0169 0.2354 -1.2703 0.0252 0.2259 -1.294 0.0299 0.2187 -1.3179 -0.0143 0.2614 -1.3199 -0.0029 0.2497 -1.3286 0.0063 0.2394 -1.3404 0.0139 0.2305 -1.3404 -0.0026 0.2473
24.0 -1.3966 -0.0169 0.2564 -1.3046 -0.0302 0.279 -1.2619 -0.0024 0.2549 -1.2607 0.0155 0.2367 -1.271 0.0245 0.2265 -1.2947 0.0292 0.2193 -1.3188 -0.0144 0.2615 -1.3216 -0.0031 0.2497 -1.3294 0.0062 0.2394 -1.3422 0.0136 0.2305 -1.3417 -0.0029 0.2475
25.0 -1.3975 -0.017 0.2564 -1.3046 -0.0302 0.279 -1.2629 -0.0019 0.2543 -1.2607 0.0155 0.2367 -1.2709 0.0239 0.2272 -1.2957 0.0297 0.2187 -1.3188 -0.0144 0.2615 -1.3216 -0.0031 0.2497 -1.3294 0.0062 0.2394 -1.3422 0.0136 0.2305 -1.3419 -0.0029 0.2475
26.0 -1.3958 -0.0168 0.2563 -1.3038 -0.0294 0.2784 -1.263 -0.0013 0.2537 -1.2608 0.0161 0.2361 -1.272 0.0249 0.2259 -1.2957 0.0297 0.2187 -1.3188 -0.0144 0.2615 -1.3216 -0.0031 0.2497 -1.3294 0.0062 0.2394 -1.3422 0.0136 0.2305 -1.3415 -0.0029 0.2475
27.0 -1.3966 -0.0169 0.2564 -1.3039 -0.0289 0.2778 -1.262 -0.0018 0.2543 -1.2599 0.0162 0.2361 -1.2711 0.025 0.2259 -1.2947 0.0292 0.2193 -1.3188 -0.0144 0.2615 -1.3217 -0.0025 0.2491 -1.3294 0.0062 0.2394 -1.3422 0.0136 0.2305 -1.3417 -0.0028 0.2474
28.0 -1.3958 -0.0168 0.2563 -1.3031 -0.0287 0.2777 -1.2612 -0.0017 0.2543 -1.2599 0.0162 0.2361 -1.2711 0.025 0.2259 -1.2947 0.0292 0.2193 -1.3188 -0.0144 0.2615 -1.3217 -0.0025 0.2491 -1.3295 0.0068 0.2388 -1.3414 0.0143 0.2299 -1.3414 -0.0025 0.2471
29.0 -1.3948 -0.0173 0.2569 -1.3022 -0.0286 0.2777 -1.2613 -0.0011 0.2536 -1.2592 0.0169 0.2354 -1.2703 0.0252 0.2259 -1.294 0.0299 0.2187 -1.3171 -0.0141 0.2614 -1.32 -0.0023 0.249 -1.3286 0.0063 0.2394 -1.3413 0.0137 0.2305 -1.3403 -0.0027 0.2475
30.0 -1.3939 -0.0172 0.2569 -1.3012 -0.0291 0.2783 -1.2613 -0.0011 0.2536 -1.2582 0.0164 0.236 -1.2685 0.0248 0.2264 -1.2922 0.0295 0.2192 -1.3162 -0.014 0.2614 -1.319 -0.0028 0.2496 -1.3268 0.0065 0.2393 -1.3387 0.0141 0.2304 -1.3389 -0.0027 0.2475
31.0 -1.3932 -0.0165 0.2562 -1.3011 -0.0297 0.2789 -1.2603 -0.0016 0.2542 -1.2571 0.0153 0.2372 -1.2676 0.0249 0.2264 -1.2897 0.0305 0.2185 -1.3162 -0.014 0.2614 -1.3182 -0.0027 0.2496 -1.326 0.0067 0.2393 -1.3387 0.0141 0.2304 -1.3384 -0.0025 0.2474
32.0 -1.3939 -0.0172 0.2569 -1.3003 -0.0296 0.2789 -1.2593 -0.0021 0.2548 -1.2563 0.0155 0.2372 -1.2675 0.0243 0.227 -1.2905 0.0304 0.2185 -1.3153 -0.0139 0.2613 -1.3182 -0.0027 0.2496 -1.3259 0.0061 0.2399 -1.3385 0.0129 0.2316 -1.3384 -0.003 0.2479
33.0 -1.3896 -0.0166 0.2567 -1.2994 -0.0295 0.2788 -1.2585 -0.002 0.2548 -1.2563 0.0155 0.2372 -1.2667 0.025 0.2264 -1.2904 0.0298 0.2192 -1.3135 -0.0143 0.2619 -1.3164 -0.003 0.2501 -1.3242 0.0063 0.2398 -1.336 0.0138 0.2309 -1.3359 -0.0028 0.2479
34.0 -1.3904 -0.0173 0.2574 -1.2976 -0.0298 0.2794 -1.2577 -0.0012 0.2541 -1.2546 0.0163 0.2365 -1.2649 0.0247 0.2269 -1.2879 0.0301 0.2191 -1.3127 -0.0142 0.2619 -1.3155 -0.0029 0.2501 -1.3233 0.0064 0.2398 -1.3351 0.0134 0.2315 -1.3354 -0.0029 0.2481
35.0 -1.3888 -0.0165 0.2567 -1.2966 -0.0303 0.28 -1.2568 -0.0017 0.2547 -1.2536 0.0152 0.2377 -1.2631 0.0243 0.2275 -1.2853 0.0305 0.219 -1.3125 -0.0147 0.2625 -1.3146 -0.0028 0.2501 -1.3215 0.006 0.2404 -1.3333 0.0136 0.2314 -1.3342 -0.0029 0.2482
36.0 -1.3887 -0.0171 0.2573 -1.2958 -0.0302 0.2799 -1.2549 -0.0021 0.2553 -1.2519 0.0154 0.2377 -1.2632 0.0249 0.2269 -1.2861 0.0304 0.219 -1.3108 -0.0145 0.2624 -1.3128 -0.0032 0.2506 -1.3215 0.006 0.2404 -1.3332 0.013 0.2321 -1.3334 -0.0031 0.2486
37.0 -1.3878 -0.017 0.2573 -1.2931 -0.0304 0.2805 -1.2541 -0.002 0.2552 -1.2512 0.0167 0.2364 -1.2616 0.0257 0.2262 -1.2836 0.0307 0.2189 -1.309 -0.0149 0.263 -1.312 -0.0031 0.2506 -1.3196 0.0057 0.2409 -1.3315 0.0132 0.232 -1.332 -0.0032 0.2488
38.0 -1.3842 -0.0177 0.2584 -1.2905 -0.0301 0.2804 -1.2506 -0.0015 0.2551 -1.2477 0.0166 0.2369 -1.258 0.0256 0.2267 -1.28 0.0306 0.2194 -1.3064 -0.0145 0.2629 -1.3085 -0.0026 0.2505 -1.3171 0.006 0.2408 -1.3289 0.0136 0.2319 -1.329 -0.003 0.2489
39.0 -1.3815 -0.0179 0.2589 -1.2887 -0.0305 0.2809 -1.2481 -0.0012 0.255 -1.245 0.0164 0.2374 -1.2554 0.0253 0.2272 -1.2782 0.0302 0.2199 -1.3037 -0.0148 0.2634 -1.3067 -0.003 0.251 -1.3144 0.0058 0.2413 -1.3263 0.0133 0.2324 -1.3265 -0.0033 0.2494
40.0 -1.3806 -0.0178 0.2589 -1.2851 -0.0306 0.2814 -1.2462 -0.0015 0.2555 -1.2449 0.0158 0.238 -1.2544 0.0249 0.2278 -1.2766 0.031 0.2193 -1.3018 -0.0157 0.2646 -1.3048 -0.0039 0.2522 -1.3126 0.0054 0.2419 -1.3244 0.013 0.233 -1.3248 -0.0038 0.2501
41.0 -1.3789 -0.0176 0.2588 -1.2823 -0.0314 0.2826 -1.2428 -0.0011 0.2554 -1.2406 0.0163 0.2378 -1.251 0.0253 0.2276 -1.2739 0.0308 0.2198 -1.2983 -0.0159 0.2651 -1.3012 -0.0041 0.2527 -1.309 0.0053 0.2424 -1.3218 0.0127 0.2335 -1.3218 -0.0039 0.2505
42.0 -1.3746 -0.017 0.2586 -1.2799 -0.0305 0.2818 -1.2409 -0.002 0.2566 -1.2368 0.015 0.2396 -1.2464 0.0247 0.2287 -1.2685 0.0303 0.2208 -1.2966 -0.0156 0.265 -1.2986 -0.0037 0.2526 -1.3064 0.0056 0.2423 -1.3182 0.0126 0.234 -1.3189 -0.0036 0.2505
43.0 -1.3701 -0.0176 0.2597 -1.2755 -0.0305 0.2823 -1.2374 -0.0016 0.2565 -1.2335 0.0161 0.2388 -1.2456 0.0248 0.2287 -1.2677 0.0304 0.2208 -1.293 -0.0158 0.2655 -1.296 -0.004 0.2531 -1.3029 0.0055 0.2428 -1.3147 0.0125 0.2345 -1.3153 -0.0039 0.2511
44.0 -1.3666 -0.0178 0.2602 -1.2728 -0.0308 0.2828 -1.2339 -0.0017 0.2569 -1.2309 0.0164 0.2387 -1.242 0.0247 0.2292 -1.2656 0.0288 0.2226 -1.2903 -0.016 0.266 -1.2933 -0.0042 0.2536 -1.3011 0.0051 0.2433 -1.313 0.0127 0.2344 -1.3128 -0.004 0.2515
45.0 -1.3638 -0.0186 0.2614 -1.271 -0.0311 0.2834 -1.2312 -0.0019 0.2575 -1.228 0.015 0.2405 -1.2394 0.0244 0.2297 -1.2613 0.0294 0.2224 -1.2878 -0.0157 0.2659 -1.2906 -0.0045 0.2541 -1.2984 0.0049 0.2438 -1.3102 0.0118 0.2355 -1.3101 -0.0044 0.2522
46.0 -1.3647 -0.0181 0.2608 -1.2683 -0.0314 0.2839 -1.2293 -0.0029 0.2586 -1.2236 0.015 0.2409 -1.2369 0.0254 0.229 -1.2595 0.0291 0.223 -1.2851 -0.0159 0.2664 -1.2872 -0.004 0.254 -1.2958 0.0052 0.2437 -1.3076 0.0122 0.2354 -1.3081 -0.0041 0.2521
47.0 -1.3621 -0.0184 0.2613 -1.2655 -0.0322 0.285 -1.2275 -0.0033 0.2592 -1.2218 0.0146 0.2415 -1.2341 0.0245 0.2301 -1.2567 0.0282 0.2241 -1.2831 -0.0169 0.2676 -1.2853 -0.0044 0.2546 -1.2931 0.005 0.2442 -1.3058 0.0118 0.236 -1.3059 -0.0046 0.2527
48.0 -1.3595 -0.018 0.2612 -1.2621 -0.0318 0.2849 -1.2238 -0.004 0.2603 -1.2192 0.015 0.2414 -1.2314 0.0243 0.2306 -1.2539 0.0274 0.2252 -1.2806 -0.0165 0.2675 -1.2827 -0.0046 0.2551 -1.2904 0.0047 0.2448 -1.3031 0.0116 0.2365 -1.3032 -0.0046 0.253
49.0 -1.3575 -0.019 0.2624 -1.2601 -0.0327 0.2861 -1.2213 -0.003 0.2596 -1.2165 0.0147 0.2419 -1.2279 0.0242 0.2311 -1.2505 0.0278 0.2251 -1.2779 -0.0168 0.268 -1.28 -0.0049 0.2556 -1.2878 0.0045 0.2453 -1.3004 0.0113 0.237 -1.3007 -0.005 0.2537
50.0 -1.3539 -0.0197 0.2635 -1.2583 -0.0331 0.2866 -1.2195 -0.0034 0.2601 -1.2147 0.0143 0.2425 -1.2269 0.0237 0.2317 -1.2495 0.0274 0.2257 -1.2752 -0.017 0.2685 -1.2781 -0.0052 0.2562 -1.2858 0.0035 0.2465 -1.2985 0.0104 0.2382 -1.2983 -0.0056 0.2546
51.0 -1.3225 -0.0179 0.2647 -1.2315 -0.0307 0.2868 -1.1918 -0.0009 0.2603 -1.1904 0.0164 0.2428 -1.2018 0.0259 0.232 -1.2254 0.03 0.2254 -1.2492 -0.0147 0.2688 -1.2529 -0.0036 0.2571 -1.2607 0.0057 0.2467 -1.2734 0.0131 0.2379 -1.2718 -0.0035 0.255
52.0 -1.3182 -0.0173 0.2646 -1.2271 -0.0307 0.2873 -1.1885 0.0002 0.2596 -1.1871 0.0175 0.242 -1.1983 0.0263 0.2318 -1.2211 0.0306 0.2252 -1.2459 -0.0137 0.268 -1.2487 -0.0025 0.2563 -1.2564 0.0063 0.2466 -1.2682 0.0132 0.2383 -1.2675 -0.0028 0.2547
53.0 -1.3147 -0.0175 0.2651 -1.2228 -0.0301 0.2871 -1.1833 0.0009 0.2594 -1.182 0.0182 0.2418 -1.1923 0.0271 0.2316 -1.2159 0.0313 0.225 -1.2415 -0.0137 0.2685 -1.2443 -0.0025 0.2567 -1.252 0.0063 0.247 -1.2639 0.0138 0.2381 -1.2633 -0.0027 0.2551
54.0 -1.3114 -0.0164 0.2643 -1.2175 -0.03 0.2875 -1.1782 0.0016 0.2592 -1.1759 0.019 0.2416 -1.1881 0.0283 0.2308 -1.2125 0.0317 0.2249 -1.2372 -0.0131 0.2683 -1.24 -0.0019 0.2566 -1.2477 0.0068 0.2469 -1.2596 0.0144 0.238 -1.2592 -0.002 0.2548
55.0 -1.3061 -0.0163 0.2647 -1.2122 -0.0299 0.288 -1.173 0.0023 0.259 -1.1724 0.0188 0.2421 -1.1846 0.0282 0.2313 -1.2074 0.033 0.2241 -1.2312 -0.0123 0.2681 -1.235 -0.0006 0.2557 -1.2427 0.0081 0.246 -1.2553 0.015 0.2378 -1.254 -0.0012 0.2545
56.0 -1.3009 -0.0162 0.2652 -1.2071 -0.0292 0.2878 -1.168 0.0035 0.2581 -1.169 0.0193 0.2419 -1.1802 0.0282 0.2318 -1.2048 0.0328 0.2246 -1.226 -0.0116 0.2679 -1.2306 -0.0006 0.2562 -1.2391 0.008 0.2465 -1.2518 0.0148 0.2383 -1.2497 -0.0011 0.2548
57.0 -1.2957 -0.0155 0.265 -1.2012 -0.0278 0.2869 -1.1628 0.0042 0.2579 -1.1638 0.02 0.2417 -1.1759 0.0287 0.2316 -1.1995 0.0329 0.225 -1.2208 -0.0109 0.2677 -1.2246 0.0002 0.256 -1.234 0.0087 0.2463 -1.2466 0.0155 0.2381 -1.2443 -0.0004 0.2546
58.0 -1.294 -0.0153 0.2649 -1.1979 -0.0262 0.2855 -1.1585 0.0048 0.2578 -1.1579 0.0214 0.2409 -1.1707 0.0294 0.2314 -1.1954 0.0347 0.2236 -1.2166 -0.0103 0.2675 -1.2203 0.0008 0.2558 -1.2297 0.0093 0.2462 -1.2423 0.0161 0.2379 -1.2405 0.0001 0.2545
59.0 -1.2879 -0.0151 0.2653 -1.1919 -0.0253 0.2853 -1.1535 0.0061 0.2569 -1.1527 0.0221 0.2407 -1.1665 0.0306 0.2306 -1.1903 0.0354 0.2234 -1.2114 -0.0096 0.2673 -1.216 0.0013 0.2556 -1.2245 0.01 0.246 -1.238 0.0167 0.2377 -1.2355 0.0007 0.2544
60.0 -1.2818 -0.0143 0.265 -1.1852 -0.0238 0.2844 -1.1491 0.0061 0.2574 -1.1483 0.0221 0.2411 -1.1604 0.0308 0.231 -1.1859 0.0353 0.2239 -1.2062 -0.0089 0.2671 -1.2108 0.002 0.2554 -1.2201 0.0099 0.2464 -1.2327 0.0168 0.2382 -1.2303 0.0011 0.2544
61.0 -1.2767 -0.0136 0.2648 -1.1804 -0.0256 0.2867 -1.143 0.0069 0.2572 -1.1433 0.0234 0.2403 -1.1553 0.0315 0.2308 -1.1807 0.036 0.2237 -1.2019 -0.0084 0.2669 -1.2056 0.0027 0.2552 -1.2142 0.0114 0.2456 -1.2267 0.0176 0.2379 -1.225 0.002 0.2541
62.0 -1.2697 -0.0132 0.2652 -1.1754 -0.0243 0.2859 -1.1388 0.0081 0.2564 -1.1382 0.0247 0.2395 -1.1512 0.0333 0.2294 -1.1756 0.0373 0.2228 -1.1968 -0.0077 0.2667 -1.2005 0.0034 0.255 -1.2099 0.0119 0.2454 -1.2216 0.0183 0.2377 -1.2197 0.0026 0.254
63.0 -1.2681 -0.0124 0.2645 -1.167 -0.022 0.2843 -1.133 0.0101 0.2549 -1.1324 0.0267 0.238 -1.1454 0.0353 0.2279 -1.1689 0.0389 0.2219 -1.1908 -0.0069 0.2665 -1.1954 0.0047 0.2542 -1.204 0.0133 0.2445 -1.2164 0.019 0.2375 -1.2149 0.0036 0.2535
64.0 -1.2655 -0.0121 0.2644 -1.1619 -0.0213 0.2841 -1.1282 0.0126 0.2528 -1.1275 0.0286 0.2366 -1.1396 0.0373 0.2264 -1.1629 0.0397 0.2217 -1.1866 -0.0057 0.2657 -1.1912 0.0059 0.2534 -1.1997 0.0139 0.2444 -1.2114 0.0203 0.2367 -1.2109 0.0045 0.2529
65.0 -1.2586 -0.0111 0.2641 -1.1576 -0.0207 0.284 -1.1223 0.014 0.252 -1.1232 0.0291 0.2364 -1.1354 0.0385 0.2256 -1.1589 0.042 0.2197 -1.1815 -0.0044 0.2649 -1.1862 0.0072 0.2526 -1.1946 0.0152 0.2436 -1.2072 0.0215 0.2359 -1.2056 0.0057 0.2522
66.0 -1.2527 -0.0097 0.2633 -1.1527 -0.0182 0.2819 -1.1165 0.016 0.2505 -1.1159 0.0326 0.2336 -1.1295 0.0399 0.2248 -1.1548 0.0438 0.2183 -1.1757 -0.0024 0.2634 -1.1811 0.0085 0.2518 -1.1896 0.0165 0.2427 -1.2021 0.0228 0.2351 -1.2003 0.0071 0.2513
67.0 -1.2375 -0.0064 0.2615 -1.1376 -0.0143 0.2794 -1.1041 0.0207 0.2469 -1.1061 0.0369 0.2301 -1.1204 0.0436 0.2219 -1.1455 0.0463 0.2167 -1.1631 0.0011 0.2611 -1.1686 0.012 0.2494 -1.1779 0.0199 0.2404 -1.1904 0.0262 0.2328 -1.1875 0.0106 0.249
68.0 -1.2318 -0.0038 0.2594 -1.1308 -0.0128 0.2786 -1.0983 0.0227 0.2454 -1.101 0.0382 0.2293 -1.1145 0.045 0.2211 -1.1396 0.0477 0.2158 -1.1582 0.003 0.2596 -1.1636 0.0139 0.248 -1.1721 0.0219 0.2389 -1.1846 0.0282 0.2313 -1.182 0.0126 0.2474
69.0 -1.2239 -0.0034 0.2597 -1.1249 -0.0114 0.2777 -1.0934 0.0246 0.244 -1.0944 0.0404 0.2278 -1.1098 0.048 0.2184 -1.1348 0.0502 0.2138 -1.1514 0.0046 0.2587 -1.1568 0.0154 0.2471 -1.1662 0.0233 0.2381 -1.1794 0.0289 0.2311 -1.1756 0.0138 0.2469
70.0 -1.2189 -0.0021 0.2589 -1.119 -0.01 0.2768 -1.0884 0.0265 0.2426 -1.0903 0.0421 0.2264 -1.104 0.0501 0.2169 -1.1299 0.0527 0.2117 -1.1456 0.0066 0.2573 -1.1519 0.0173 0.2456 -1.1612 0.0252 0.2366 -1.1745 0.0308 0.2297 -1.1704 0.0156 0.2456
71.0 -1.1705 0.0081 0.2532 -1.0709 0.002 0.2694 -1.0413 0.039 0.2345 -1.0466 0.0541 0.2185 -1.0621 0.0618 0.2091 -1.0892 0.0612 0.207 -1.0991 0.0171 0.2511 -1.1062 0.0278 0.2395 -1.1164 0.0356 0.2305 -1.1314 0.0409 0.2236 -1.1247 0.0259 0.2396
72.0 -1.1672 0.0091 0.2525 -1.065 0.0034 0.2685 -1.0371 0.0401 0.2337 -1.0408 0.0561 0.217 -1.057 0.0631 0.2082 -1.0843 0.0631 0.2056 -1.0958 0.0182 0.2503 -1.102 0.0289 0.2387 -1.1121 0.0361 0.2304 -1.1254 0.0417 0.2234 -1.1205 0.0268 0.2391
73.0 -1.1595 0.0102 0.2522 -1.0582 0.0049 0.2676 -1.0304 0.0417 0.2328 -1.0357 0.0568 0.2168 -1.052 0.0644 0.2074 -1.0784 0.0645 0.2047 -1.0889 0.0191 0.2501 -1.096 0.0298 0.2385 -1.1062 0.0375 0.2295 -1.1195 0.0431 0.2225 -1.114 0.0279 0.2386
74.0 -1.156 0.0107 0.2521 -1.0507 0.0072 0.2661 -1.0265 0.0446 0.2302 -1.03 0.0594 0.2147 -1.046 0.0658 0.2066 -1.0742 0.0657 0.2039 -1.0839 0.021 0.2486 -1.0902 0.0318 0.237 -1.1003 0.0389 0.2287 -1.1135 0.0439 0.2223 -1.1088 0.0293 0.2377
75.0 -1.1483 0.0117 0.2518 -1.0456 0.0079 0.2659 -1.0206 0.046 0.2293 -1.0222 0.0605 0.2144 -1.0409 0.0665 0.2064 -1.0683 0.0671 0.2031 -1.0772 0.0225 0.2477 -1.0842 0.0326 0.2368 -1.0944 0.0404 0.2278 -1.1084 0.0452 0.2215 -1.1025 0.0305 0.2371
76.0 -1.1422 0.0119 0.2521 -1.0398 0.0099 0.2644 -1.013 0.0477 0.2284 -1.0173 0.0624 0.213 -1.0341 0.068 0.2055 -1.0622 0.0679 0.2028 -1.0704 0.024 0.2469 -1.0774 0.0341 0.2359 -1.0882 0.0406 0.2282 -1.1024 0.046 0.2212 -1.0961 0.0313 0.2369
77.0 -1.1352 0.0122 0.2525 -1.0338 0.0113 0.2636 -1.009 0.0501 0.2264 -1.0123 0.0643 0.2115 -1.0284 0.0706 0.2034 -1.0572 0.0692 0.202 -1.0644 0.0249 0.2466 -1.0724 0.0354 0.2351 -1.0833 0.0425 0.2268 -1.0982 0.0472 0.2205 -1.0907 0.0324 0.2363
78.0 -1.1301 0.0135 0.2517 -1.0269 0.0116 0.2639 -1.0023 0.0522 0.2249 -1.0066 0.0669 0.2094 -1.0227 0.0732 0.2013 -1.0516 0.0724 0.1993 -1.0594 0.0267 0.2452 -1.0673 0.0367 0.2342 -1.0774 0.0439 0.2259 -1.0914 0.0487 0.2196 -1.0851 0.0339 0.2353
79.0 -1.1235 0.0157 0.2502 -1.0201 0.0131 0.263 -0.9973 0.0535 0.224 -1.0016 0.0682 0.2086 -1.0184 0.0738 0.2011 -1.0448 0.0739 0.1984 -1.0528 0.0289 0.2437 -1.0608 0.0394 0.2321 -1.0717 0.0465 0.2238 -1.0857 0.0513 0.2175 -1.0789 0.0363 0.2334
80.0 -1.1174 0.0165 0.2499 -1.0134 0.0152 0.2615 -0.9918 0.0573 0.2207 -0.9951 0.0715 0.2058 -1.0127 0.0764 0.199 -1.04 0.0764 0.1963 -1.0461 0.031 0.2422 -1.0541 0.0415 0.2306 -1.0649 0.048 0.2229 -1.0798 0.0527 0.2166 -1.0725 0.0379 0.2325
81.0 -1.1123 0.0172 0.2497 -1.0076 0.0173 0.26 -0.9851 0.0594 0.2192 -0.9903 0.074 0.2038 -1.0062 0.0791 0.1969 -1.0343 0.079 0.1942 -1.0402 0.0324 0.2413 -1.0489 0.0422 0.2304 -1.0607 0.0492 0.2221 -1.0755 0.0533 0.2165 -1.0675 0.0388 0.232
82.0 -1.1081 0.0183 0.2489 -1.0038 0.0208 0.2568 -0.981 0.0612 0.2178 -0.9852 0.0752 0.203 -1.0012 0.081 0.1955 -1.029 0.0791 0.1947 -1.0362 0.0348 0.2393 -1.0441 0.0447 0.2284 -1.0558 0.0511 0.2207 -1.0707 0.0558 0.2144 -1.063 0.0409 0.2303
83.0 -1.1005 0.02 0.248 -0.9972 0.0229 0.2553 -0.9758 0.0619 0.2176 -0.9802 0.0765 0.2021 -0.996 0.0817 0.1953 -1.0232 0.0811 0.1932 -1.0304 0.0368 0.2378 -1.0383 0.0467 0.2269 -1.0501 0.0537 0.2186 -1.0657 0.0577 0.213 -1.057 0.043 0.2289
84.0 -1.0971 0.021 0.2473 -0.9914 0.0249 0.2538 -0.9699 0.0633 0.2167 -0.9741 0.0768 0.2025 -0.9902 0.0837 0.1938 -1.0191 0.0829 0.1918 -1.0263 0.0386 0.2364 -1.0341 0.0479 0.2261 -1.0459 0.0548 0.2178 -1.0607 0.059 0.2121 -1.0528 0.0443 0.2279
85.0 -1.0911 0.0219 0.247 -0.9882 0.0272 0.2518 -0.9659 0.065 0.2153 -0.9676 0.0801 0.1998 -0.9844 0.0857 0.1923 -1.0143 0.0854 0.1897 -1.0205 0.0406 0.2349 -1.0293 0.0504 0.224 -1.0409 0.0567 0.2164 -1.0566 0.0607 0.2107 -1.0477 0.046 0.2266
86.0 -1.087 0.0236 0.2456 -0.9824 0.0292 0.2503 -0.9609 0.0669 0.2139 -0.9636 0.0824 0.1978 -0.9812 0.0874 0.1909 -1.0101 0.0865 0.1889 -1.0164 0.0423 0.2335 -1.0252 0.0521 0.2226 -1.0368 0.0585 0.215 -1.0525 0.0625 0.2093 -1.0436 0.0478 0.2252
87.0 -1.0829 0.0254 0.2442 -0.9786 0.0322 0.2477 -0.9568 0.0687 0.2125 -0.9594 0.0836 0.197 -0.9772 0.0898 0.1889 -1.0061 0.0889 0.1869 -1.0123 0.0441 0.2321 -1.021 0.0533 0.2218 -1.0328 0.0603 0.2136 -1.0485 0.0649 0.2073 -1.0395 0.0496 0.2238
88.0 -1.079 0.0278 0.2422 -0.9751 0.0326 0.2475 -0.9527 0.0705 0.2111 -0.9546 0.0861 0.1949 -0.9723 0.0917 0.1875 -1.002 0.0907 0.1855 -1.0074 0.046 0.2307 -1.0161 0.0558 0.2198 -1.0279 0.0628 0.2115 -1.0436 0.0668 0.2059 -1.0348 0.0518 0.222
89.0 -1.0748 0.029 0.2414 -0.9728 0.0342 0.2462 -0.9486 0.0722 0.2097 -0.9514 0.0878 0.1935 -0.9684 0.0946 0.1848 -0.9973 0.0938 0.1828 -1.0043 0.0482 0.2287 -1.0122 0.0582 0.2177 -1.0247 0.0644 0.2101 -1.0403 0.0684 0.2045 -1.0312 0.0536 0.2205
90.0 -1.0694 0.0333 0.2375 -0.9688 0.0365 0.2442 -0.9428 0.0743 0.2082 -0.9451 0.0923 0.1895 -0.9619 0.0979 0.1821 -0.9909 0.0977 0.1795 -0.9986 0.0508 0.2266 -1.0066 0.0614 0.215 -1.0183 0.0683 0.2067 -1.0341 0.0729 0.2005 -1.0254 0.0574 0.2173
91.0 -1.0578 0.0374 0.2345 -0.9574 0.0417 0.24 -0.9306 0.0747 0.209 -0.9274 0.0965 0.187 -0.9437 0.1041 0.1776 -0.9747 0.1054 0.1732 -0.9846 0.0564 0.2223 -0.9909 0.0672 0.2107 -1.0027 0.0747 0.2018 -1.0185 0.0793 0.1955 -1.0109 0.063 0.213
92.0 -1.0601 0.0358 0.2358 -0.9598 0.0408 0.2407 -0.9305 0.0741 0.2096 -0.9256 0.0961 0.1875 -0.9411 0.1044 0.1775 -0.9731 0.1062 0.1725 -0.9836 0.0559 0.2229 -0.9899 0.0667 0.2113 -1.0018 0.0742 0.2024 -1.0176 0.0794 0.1955 -1.0106 0.0624 0.2136
93.0 -1.0602 0.0364 0.2352 -0.9606 0.0401 0.2414 -0.931 0.0722 0.2115 -0.9245 0.0951 0.1887 -0.9401 0.1039 0.1781 -0.9722 0.1063 0.1725 -0.9837 0.0565 0.2223 -0.99 0.0673 0.2106 -1.0018 0.0742 0.2024 -1.0176 0.0794 0.1955 -1.0107 0.0628 0.2132
94.0 -1.0596 0.0377 0.234 -0.9597 0.0402 0.2413 -0.9281 0.0707 0.2132 -0.925 0.0931 0.1906 -0.9382 0.103 0.1793 -0.9715 0.107 0.1718 -0.9836 0.0559 0.2229 -0.9899 0.0667 0.2113 -1.0009 0.0744 0.2023 -1.0168 0.0795 0.1954 -1.0102 0.0628 0.2132
95.0 -1.0602 0.0364 0.2352 -0.958 0.0404 0.2413 -0.9295 0.0687 0.2152 -0.9233 0.0934 0.1906 -0.9372 0.1025 0.1799 -0.9704 0.106 0.173 -0.9827 0.056 0.2229 -0.989 0.0668 0.2112 -1.0009 0.0744 0.2023 -1.0176 0.0794 0.1955 -1.0101 0.0626 0.2134
96.0 -1.0627 0.0355 0.2359 -0.9589 0.0403 0.2413 -0.9318 0.0666 0.2171 -0.9213 0.0918 0.1924 -0.9363 0.102 0.1805 -0.9678 0.1063 0.1729 -0.9844 0.0552 0.2235 -0.9898 0.0661 0.2119 -1.0007 0.0732 0.2036 -1.0166 0.0783 0.1967 -1.0108 0.0617 0.2143
97.0 -1.0627 0.0355 0.2359 -0.959 0.0409 0.2407 -0.9283 0.0664 0.2176 -0.9209 0.0894 0.1949 -0.9351 0.1003 0.1823 -0.9676 0.1051 0.1742 -0.9834 0.0547 0.2241 -0.9888 0.0656 0.2125 -1.0007 0.0732 0.2036 -1.0166 0.0783 0.1967 -1.0104 0.0615 0.2146
98.0 -1.0643 0.0346 0.2366 -0.9562 0.0401 0.2418 -0.9252 0.0638 0.2206 -0.9222 0.0868 0.1974 -0.9356 0.0984 0.1842 -0.9656 0.1036 0.176 -0.9831 0.0529 0.226 -0.9895 0.0643 0.2137 -1.0005 0.072 0.2048 -1.0165 0.0777 0.1973 -1.0108 0.0603 0.2157
99.0 -1.0625 0.0343 0.2372 -0.9563 0.0407 0.2412 -0.9283 0.0616 0.2226 -0.9216 0.0838 0.2005 -0.9344 0.0962 0.1866 -0.9647 0.1037 0.1759 -0.9831 0.0529 0.226 -0.9885 0.0638 0.2143 -0.9995 0.0715 0.2054 -1.0165 0.0777 0.1973 -1.01 0.0601 0.216
100.0 -1.0635 0.0348 0.2366 -0.9563 0.0407 0.2412 -0.9267 0.0624 0.2219 -0.9224 0.0831 0.2012 -0.935 0.0949 0.1879 -0.9636 0.1026 0.1771 -0.9839 0.0528 0.226 -0.9894 0.0637 0.2144 -0.9995 0.0715 0.2054 -1.0156 0.0779 0.1973 -1.0104 0.0601 0.2159
101.0 -1.0603 0.037 0.2346 -0.9579 0.0398 0.2419 -0.9276 0.0629 0.2213 -0.9233 0.083 0.2012 -0.935 0.0949 0.1879 -0.9628 0.1027 0.1771 -0.9831 0.0529 0.226 -0.9885 0.0638 0.2143 -0.9988 0.0722 0.2047 -1.014 0.0787 0.1966 -1.0089 0.0609 0.2153
102.0 -1.0622 0.0374 0.2341 -0.9555 0.0414 0.2405 -0.9283 0.0616 0.2226 -0.9232 0.0824 0.2018 -0.934 0.0944 0.1885 -0.9628 0.1027 0.1771 -0.9831 0.0529 0.226 -0.9885 0.0638 0.2143 -0.9988 0.0722 0.2047 -1.014 0.0787 0.1966 -1.0093 0.061 0.2151
103.0 -1.0604 0.0376 0.234 -0.958 0.0404 0.2413 -0.9276 0.0629 0.2213 -0.9241 0.0829 0.2012 -0.9341 0.095 0.1879 -0.9628 0.1027 0.1771 -0.9832 0.0535 0.2254 -0.9886 0.0644 0.2137 -0.9989 0.0728 0.2041 -1.0131 0.0788 0.1966 -1.0089 0.0614 0.2147
104.0 -1.0614 0.0381 0.2334 -0.9563 0.0407 0.2412 -0.927 0.0593 0.2251 -0.923 0.0818 0.2024 -0.934 0.0944 0.1885 -0.9628 0.1027 0.1771 -0.983 0.0523 0.2266 -0.9886 0.0644 0.2137 -0.9989 0.0728 0.2041 -1.0141 0.0793 0.196 -1.0092 0.0614 0.2148
105.0 -1.0613 0.0375 0.234 -0.9575 0.0423 0.2394 -0.9288 0.0645 0.2195 -0.9242 0.0835 0.2006 -0.934 0.0944 0.1885 -0.9628 0.1027 0.1771 -0.9833 0.0541 0.2247 -0.9887 0.065 0.2131 -0.999 0.0734 0.2035 -1.0141 0.0793 0.196 -1.0093 0.0619 0.2143
106.0 -1.0613 0.0375 0.234 -0.9581 0.041 0.2406 -0.9285 0.0627 0.2214 -0.9234 0.0836 0.2006 -0.935 0.0949 0.1879 -0.9629 0.1033 0.1765 -0.984 0.0534 0.2254 -0.9896 0.0649 0.2131 -0.9998 0.0733 0.2035 -1.0142 0.0799 0.1953 -1.0098 0.0618 0.2143
107.0 -1.0597 0.0383 0.2333 -0.9581 0.041 0.2406 -0.9285 0.0627 0.2214 -0.9241 0.0829 0.2012 -0.9351 0.0954 0.1873 -0.9629 0.1033 0.1765 -0.9833 0.0541 0.2247 -0.9887 0.065 0.2131 -0.9989 0.0728 0.2041 -1.0141 0.0793 0.196 -1.0089 0.0619 0.2143
108.0 -1.057 0.0381 0.2339 -0.9598 0.0408 0.2407 -0.9294 0.0626 0.2214 -0.9234 0.0836 0.2006 -0.9343 0.0956 0.1873 -0.9637 0.1032 0.1765 -0.9833 0.0541 0.2247 -0.9879 0.0651 0.2131 -0.998 0.0729 0.2041 -1.0131 0.0788 0.1966 -1.0079 0.0618 0.2145
109.0 -1.0588 0.0384 0.2333 -0.9597 0.0402 0.2413 -0.9268 0.063 0.2213 -0.9241 0.0829 0.2012 -0.9351 0.0954 0.1873 -0.9628 0.1027 0.1771 -0.9831 0.0529 0.226 -0.9886 0.0644 0.2137 -0.998 0.0729 0.2041 -1.0132 0.0794 0.1959 -1.0084 0.0616 0.2146
110.0 -1.0604 0.0376 0.234 -0.9598 0.0408 0.2407 -0.9269 0.0636 0.2207 -0.9242 0.0835 0.2006 -0.9367 0.0946 0.188 -0.9645 0.1025 0.1772 -0.983 0.0523 0.2266 -0.9884 0.0632 0.215 -0.9987 0.0716 0.2054 -1.0139 0.0781 0.1972 -1.0089 0.0606 0.2156
111.0 -1.0597 0.0383 0.2333 -0.9588 0.0397 0.2419 -0.9302 0.0625 0.2214 -0.9242 0.0835 0.2006 -0.9351 0.0954 0.1873 -0.9636 0.1026 0.1771 -0.9839 0.0528 0.226 -0.9885 0.0638 0.2143 -0.9988 0.0722 0.2047 -1.014 0.0787 0.1966 -1.009 0.0612 0.215
112.0 -1.0589 0.039 0.2327 -0.9598 0.0408 0.2407 -0.9304 0.0637 0.2202 -0.9251 0.0834 0.2006 -0.9376 0.0945 0.188 -0.9654 0.1024 0.1772 -0.984 0.0534 0.2254 -0.9886 0.0644 0.2137 -0.9988 0.0722 0.2047 -1.0139 0.0781 0.1972 -1.0089 0.0614 0.2147
113.0 -1.0606 0.0382 0.2334 -0.9615 0.04 0.2414 -0.9306 0.0649 0.219 -0.9259 0.0832 0.2007 -0.9386 0.095 0.1874 -0.9661 0.1016 0.1779 -0.9848 0.0527 0.2261 -0.9902 0.0636 0.2144 -1.0005 0.072 0.2048 -1.0156 0.0779 0.1973 -1.0103 0.0609 0.2152
114.0 -1.0635 0.0348 0.2366 -0.9562 0.0401 0.2418 -0.9325 0.0653 0.2184 -0.9305 0.0845 0.199 -0.9445 0.0936 0.1883 -0.9735 0.0988 0.18 -0.988 0.051 0.2274 -0.9943 0.0618 0.2158 -1.0053 0.0695 0.2069 -1.0203 0.0748 0.2 -1.0143 0.0584 0.2173
115.0 -1.0632 0.033 0.2385 -0.9619 0.0375 0.2439 -0.9323 0.0696 0.214 -0.9326 0.086 0.1972 -0.9481 0.0943 0.1872 -0.9769 0.0978 0.1808 -0.9888 0.0503 0.2281 -0.995 0.0605 0.2171 -1.006 0.0682 0.2081 -1.0219 0.0734 0.2013 -1.0149 0.0571 0.2186
116.0 -1.0638 0.0317 0.2397 -0.9638 0.0384 0.2427 -0.9343 0.0656 0.2179 -0.9349 0.0845 0.1985 -0.9497 0.0935 0.1879 -0.9792 0.0962 0.1821 -0.9902 0.0483 0.23 -0.9973 0.059 0.2184 -1.0084 0.0666 0.2095 -1.0234 0.0719 0.2026 -1.0166 0.0555 0.22
117.0 -1.0661 0.0295 0.2417 -0.9644 0.0365 0.2446 -0.9344 0.0662 0.2172 -0.9376 0.0847 0.198 -0.952 0.0913 0.1898 -0.9806 0.0942 0.1841 -0.9925 0.0462 0.232 -0.9996 0.0568 0.2204 -1.0106 0.0645 0.2114 -1.0265 0.0697 0.2046 -1.019 0.0533 0.222
118.0 -1.0693 0.0279 0.2431 -0.9676 0.0349 0.246 -0.9398 0.0667 0.2162 -0.94 0.0832 0.1993 -0.9553 0.0903 0.1906 -0.9847 0.0924 0.1855 -0.9948 0.0446 0.2333 -1.0027 0.0546 0.2224 -1.0137 0.0622 0.2134 -1.0296 0.0674 0.2066 -1.022 0.0513 0.2238
119.0 -1.0708 0.0264 0.2444 -0.9683 0.0336 0.2473 -0.9437 0.0644 0.2182 -0.9452 0.0825 0.1995 -0.9604 0.089 0.1914 -0.9881 0.0914 0.1862 -0.9979 0.0424 0.2353 -1.0051 0.053 0.2237 -1.0161 0.0607 0.2148 -1.032 0.0659 0.2079 -1.0244 0.0497 0.2252
120.0 -1.0738 0.0236 0.247 -0.9697 0.0315 0.2492 -0.9456 0.0647 0.2177 -0.9484 0.0808 0.2009 -0.9654 0.0877 0.1922 -0.9928 0.0883 0.1889 -1.0003 0.0408 0.2366 -1.0082 0.0508 0.2257 -1.02 0.0577 0.2174 -1.0359 0.0629 0.2105 -1.0276 0.0472 0.2275
121.0 -1.0763 0.0226 0.2477 -0.9721 0.0306 0.2499 -0.9489 0.0637 0.2184 -0.9533 0.0789 0.2024 -0.9685 0.0854 0.1942 -0.9969 0.0865 0.1903 -1.0035 0.0392 0.238 -1.0114 0.0491 0.2271 -1.0233 0.0567 0.2182 -1.0391 0.0613 0.2119 -1.0307 0.0458 0.2286
122.0 -1.0812 0.0208 0.2492 -0.9744 0.0285 0.2519 -0.9533 0.0637 0.218 -0.9577 0.079 0.2019 -0.9747 0.0852 0.1938 -1.0027 0.0845 0.1918 -1.0068 0.0375 0.2394 -1.0155 0.0473 0.2285 -1.0283 0.0548 0.2196 -1.044 0.0594 0.2134 -1.0352 0.044 0.23
123.0 -1.0863 0.0195 0.25 -0.9777 0.0274 0.2526 -0.9558 0.0627 0.2187 -0.961 0.0773 0.2033 -0.9777 0.0824 0.1964 -1.0075 0.082 0.1938 -1.0108 0.0352 0.2414 -1.0196 0.0456 0.2299 -1.0324 0.053 0.221 -1.049 0.0575 0.2148 -1.0396 0.0421 0.2314
124.0 -1.0914 0.0182 0.2508 -0.9816 0.0244 0.2553 -0.9605 0.0596 0.2214 -0.9649 0.0749 0.2053 -0.9826 0.0805 0.1979 -1.0124 0.0795 0.1959 -1.0148 0.0334 0.2428 -1.0237 0.0438 0.2313 -1.0364 0.0512 0.2224 -1.0522 0.0558 0.2162 -1.0437 0.0405 0.2327
125.0 -1.0937 0.0166 0.2521 -0.9882 0.0217 0.2574 -0.9655 0.0578 0.2228 -0.97 0.0736 0.2061 -0.986 0.0794 0.1986 -1.0156 0.0779 0.1973 -1.0188 0.031 0.2449 -1.0277 0.0414 0.2333 -1.0404 0.0489 0.2245 -1.0562 0.0535 0.2182 -1.0474 0.0383 0.2346
126.0 -1.0962 0.0157 0.2529 -0.9931 0.0198 0.2589 -0.9686 0.0555 0.2248 -0.9732 0.072 0.2075 -0.9901 0.0776 0.2 -1.0198 0.0767 0.1981 -1.0229 0.0292 0.2463 -1.0318 0.0396 0.2347 -1.0437 0.0472 0.2258 -1.0604 0.0523 0.219 -1.051 0.0368 0.2357
127.0 -1.1012 0.0144 0.2537 -0.998 0.0173 0.2609 -0.9735 0.0536 0.2262 -0.978 0.0689 0.2102 -0.9967 0.0755 0.2015 -1.0247 0.0748 0.1995 -1.0278 0.0267 0.2483 -1.0367 0.0378 0.2362 -1.0495 0.0452 0.2273 -1.0652 0.0498 0.2211 -1.0561 0.0348 0.2373
128.0 -1.1079 0.0123 0.2552 -1.0038 0.0153 0.2624 -0.9776 0.0518 0.2277 -0.9823 0.0683 0.2103 -0.9992 0.0746 0.2023 -1.0304 0.0722 0.2016 -1.0337 0.0253 0.2492 -1.0425 0.0357 0.2377 -1.0544 0.0433 0.2288 -1.0702 0.0479 0.2225 -1.0617 0.0329 0.2387
129.0 -1.113 0.011 0.256 -1.0079 0.0136 0.2638 -0.9806 0.049 0.2303 -0.9861 0.0654 0.213 -1.004 0.0721 0.2043 -1.0345 0.0704 0.203 -1.0386 0.0235 0.2506 -1.0466 0.034 0.2391 -1.0585 0.0415 0.2302 -1.075 0.0454 0.2246 -1.0663 0.0311 0.2401
130.0 -1.1189 0.0096 0.2569 -1.0152 0.0101 0.2666 -0.9872 0.0463 0.2324 -0.9918 0.0627 0.2151 -1.0088 0.069 0.207 -1.037 0.0695 0.2037 -1.0426 0.0211 0.2527 -1.0507 0.0322 0.2405 -1.0634 0.0396 0.2316 -1.0783 0.0444 0.2253 -1.0708 0.0294 0.2414
131.0 -1.1229 0.0072 0.2589 -1.0203 0.0094 0.2668 -0.9914 0.0451 0.2332 -0.9959 0.061 0.2165 -1.0129 0.0672 0.2084 -1.0409 0.0665 0.2064 -1.0486 0.0203 0.2529 -1.0566 0.0308 0.2413 -1.0685 0.0384 0.2324 -1.0833 0.0425 0.2268 -1.076 0.0278 0.2425
132.0 -1.1289 0.0064 0.2591 -1.0245 0.0083 0.2676 -0.9963 0.0432 0.2346 -1.0009 0.0591 0.2179 -1.016 0.065 0.2104 -1.045 0.0647 0.2078 -1.0536 0.0184 0.2543 -1.0608 0.0296 0.2421 -1.0727 0.0372 0.2332 -1.0877 0.0425 0.2263 -1.0807 0.0268 0.243
133.0 -1.132 0.0041 0.2611 -1.0303 0.0062 0.269 -0.9996 0.0415 0.236 -1.0031 0.0569 0.2199 -1.0191 0.0627 0.2124 -1.0473 0.0632 0.2091 -1.0569 0.0173 0.2551 -1.0649 0.0278 0.2435 -1.0768 0.0354 0.2346 -1.0918 0.0407 0.2277 -1.0845 0.0251 0.2444
134.0 -1.1372 0.0034 0.2613 -1.0344 0.0045 0.2704 -1.0044 0.0391 0.2381 -1.0072 0.0552 0.2213 -1.0225 0.0623 0.2125 -1.0524 0.0619 0.2099 -1.0627 0.0153 0.2566 -1.0698 0.026 0.245 -1.0809 0.0336 0.236 -1.0958 0.0383 0.2297 -1.0893 0.0233 0.2457
135.0 -1.1405 0.0024 0.2621 -1.0368 0.0029 0.2718 -1.0075 0.0368 0.2401 -1.0097 0.0542 0.222 -1.0266 0.0605 0.2139 -1.0564 0.0595 0.212 -1.0652 0.0144 0.2573 -1.0723 0.025 0.2457 -1.0842 0.0326 0.2368 -1.0992 0.0379 0.2299 -1.0923 0.0224 0.2463
136.0 -1.1455 0.0011 0.2629 -1.0417 0.001 0.2732 -1.0108 0.0352 0.2414 -1.0136 0.0513 0.2247 -1.0295 0.057 0.2172 -1.0587 0.058 0.2133 -1.07 0.0119 0.2593 -1.0772 0.0225 0.2477 -1.0882 0.0302 0.2388 -1.1033 0.0361 0.2313 -1.0968 0.0204 0.248
137.0 -1.1843 -0.0084 0.2688 -1.0804 -0.014 0.2847 -1.0448 0.0183 0.2552 -1.0468 0.0352 0.2378 -1.0613 0.0424 0.229 -1.088 0.0443 0.2244 -1.1064 -0.0016 0.2695 -1.1119 0.0099 0.2572 -1.1222 0.0183 0.2476 -1.1354 0.0238 0.2406 -1.132 0.0084 0.2567
138.0 -1.1885 -0.0096 0.2695 -1.0855 -0.0152 0.2855 -1.0498 0.0171 0.2561 -1.0519 0.0339 0.2386 -1.0664 0.0417 0.2292 -1.0931 0.043 0.2253 -1.1106 -0.0028 0.2703 -1.1161 0.0087 0.258 -1.1264 0.0171 0.2484 -1.1397 0.0232 0.2408 -1.1363 0.0073 0.2574
139.0 -1.1944 -0.011 0.2704 -1.0913 -0.0173 0.287 -1.0549 0.0158 0.2569 -1.0577 0.0319 0.2401 -1.0724 0.0403 0.2301 -1.0981 0.0417 0.2261 -1.1156 -0.004 0.2711 -1.121 0.0068 0.2594 -1.1313 0.0152 0.2498 -1.1447 0.0213 0.2422 -1.1414 0.0057 0.2586
140.0 -1.1996 -0.0117 0.2706 -1.0964 -0.0185 0.2878 -1.0607 0.0138 0.2583 -1.0627 0.0306 0.2409 -1.0771 0.0372 0.2328 -1.1031 0.0398 0.2275 -1.1206 -0.0059 0.2725 -1.1261 0.0055 0.2603 -1.1364 0.0139 0.2507 -1.1497 0.0201 0.2431 -1.1465 0.0044 0.2594
141.0 -1.2046 -0.013 0.2714 -1.1003 -0.0209 0.2899 -1.0665 0.0118 0.2598 -1.0668 0.0288 0.2423 -1.0814 0.0366 0.2329 -1.1075 0.0398 0.2271 -1.1265 -0.0073 0.2734 -1.132 0.0041 0.2611 -1.1415 0.0132 0.2509 -1.1549 0.0194 0.2433 -1.1519 0.0033 0.26
142.0 -1.2108 -0.0132 0.271 -1.1064 -0.0217 0.2901 -1.0708 0.0112 0.26 -1.0727 0.0274 0.2432 -1.0871 0.034 0.235 -1.1124 0.0379 0.2285 -1.1315 -0.0086 0.2742 -1.1362 0.003 0.2619 -1.1457 0.0121 0.2517 -1.1591 0.0182 0.2441 -1.1567 0.0023 0.2606
143.0 -1.2175 -0.0147 0.2719 -1.1133 -0.0221 0.2897 -1.0774 0.009 0.2615 -1.0785 0.0254 0.2447 -1.0913 0.0328 0.2358 -1.1166 0.0367 0.2293 -1.1366 -0.0099 0.275 -1.1421 0.0015 0.2628 -1.1516 0.0106 0.2525 -1.1642 0.0175 0.2443 -1.1624 0.001 0.2613
144.0 -1.2208 -0.0164 0.2733 -1.118 -0.0257 0.293 -1.0824 0.0072 0.2629 -1.0827 0.0242 0.2455 -1.0965 0.0327 0.2354 -1.1217 0.0355 0.2301 -1.1416 -0.0112 0.2758 -1.1464 0.001 0.2629 -1.1559 0.0101 0.2527 -1.1694 0.0168 0.2445 -1.1668 3.725e-05 0.2618
145.0 -1.226 -0.0165 0.2729 -1.1247 -0.0273 0.2939 -1.0874 0.0059 0.2638 -1.0887 0.0234 0.2457 -1.1005 0.0304 0.2374 -1.1266 0.0336 0.2316 -1.1476 -0.012 0.2761 -1.1524 0.0001 0.2632 -1.1619 0.0092 0.2529 -1.1745 0.0155 0.2453 -1.1725 -0.0007 0.2621
146.0 -1.232 -0.0173 0.2731 -1.1327 -0.0271 0.293 -1.0941 0.0037 0.2653 -1.0936 0.0209 0.2478 -1.1054 0.0279 0.2395 -1.1308 0.0324 0.2323 -1.1537 -0.0128 0.2763 -1.1575 -0.0011 0.264 -1.1661 0.0081 0.2537 -1.1796 0.0148 0.2455 -1.1778 -0.0017 0.2625
147.0 -1.2388 -0.0188 0.274 -1.1387 -0.0279 0.2932 -1.1001 0.0029 0.2655 -1.0986 0.0196 0.2486 -1.1115 0.0277 0.2391 -1.1359 0.0317 0.2325 -1.1597 -0.0137 0.2765 -1.1635 -0.002 0.2642 -1.1721 0.0073 0.2539 -1.1848 0.0141 0.2457 -1.1838 -0.0026 0.2629
148.0 -1.2421 -0.0199 0.2747 -1.1428 -0.0297 0.2946 -1.1061 0.0021 0.2657 -1.1037 0.0183 0.2494 -1.1176 0.0274 0.2387 -1.1428 0.0308 0.2328 -1.164 -0.0142 0.2767 -1.1678 -0.0025 0.2644 -1.1773 0.0066 0.2541 -1.1908 0.0133 0.2459 -1.1884 -0.0034 0.2632
149.0 -1.2491 -0.0202 0.2744 -1.1489 -0.0299 0.2942 -1.1123 0.0019 0.2653 -1.1098 0.0181 0.249 -1.1227 0.0262 0.2395 -1.1472 0.0308 0.2324 -1.17 -0.015 0.2769 -1.1747 -0.0035 0.2646 -1.1833 0.0058 0.2544 -1.1969 0.0131 0.2455 -1.1948 -0.004 0.2632
150.0 -1.2562 -0.02 0.2734 -1.1559 -0.0302 0.2939 -1.1174 0.0012 0.2655 -1.1167 0.0172 0.2493 -1.1296 0.0258 0.2392 -1.1534 0.0312 0.2313 -1.1761 -0.0153 0.2766 -1.1799 -0.0036 0.2642 -1.1893 0.0049 0.2546 -1.2021 0.0124 0.2457 -1.2007 -0.0043 0.2629
151.0 -1.2633 -0.0197 0.2724 -1.16 -0.032 0.2953 -1.1243 0.0003 0.2658 -1.121 0.0166 0.2494 -1.134 0.0258 0.2387 -1.1576 0.03 0.2321 -1.1813 -0.016 0.2768 -1.1852 -0.0037 0.2638 -1.1947 0.0054 0.2535 -1.2073 0.0123 0.2453 -1.2063 -0.0043 0.2624
152.0 -1.265 -0.0199 0.2725 -1.1652 -0.0321 0.2949 -1.1286 -0.0003 0.266 -1.1261 0.0159 0.2496 -1.1392 0.0251 0.2389 -1.1628 0.0293 0.2323 -1.1865 -0.0161 0.2763 -1.1904 -0.0038 0.2634 -1.1999 0.0053 0.2531 -1.2126 0.0122 0.2449 -1.2109 -0.0044 0.262
153.0 -1.2695 -0.0193 0.2714 -1.1731 -0.0326 0.2946 -1.1346 -0.0011 0.2662 -1.1323 0.0157 0.2493 -1.1452 0.0243 0.2391 -1.1689 0.0291 0.2319 -1.1925 -0.0169 0.2766 -1.1963 -0.0052 0.2642 -1.205 0.004 0.2539 -1.2177 0.0115 0.2451 -1.2162 -0.0052 0.2623
154.0 -1.2771 -0.021 0.2724 -1.1793 -0.0322 0.2935 -1.1398 -0.0018 0.2664 -1.1382 0.0143 0.2501 -1.1503 0.023 0.24 -1.1733 0.0291 0.2315 -1.1978 -0.017 0.2762 -1.2016 -0.0053 0.2638 -1.2103 0.0039 0.2535 -1.222 0.0109 0.2452 -1.2218 -0.0057 0.2622
155.0 -1.2825 -0.0205 0.2713 -1.1861 -0.0337 0.2944 -1.1464 -0.0039 0.2679 -1.1458 0.0126 0.251 -1.158 0.022 0.2403 -1.1811 0.028 0.2318 -1.2038 -0.0178 0.2764 -1.2076 -0.0061 0.264 -1.2163 0.0031 0.2538 -1.2289 0.01 0.2455 -1.2278 -0.0062 0.2622
156.0 -1.2877 -0.0212 0.2715 -1.1922 -0.0339 0.294 -1.1516 -0.0046 0.2681 -1.1519 0.0124 0.2506 -1.164 0.0212 0.2405 -1.1871 0.0272 0.232 -1.209 -0.0185 0.2766 -1.2137 -0.0063 0.2637 -1.2224 0.0029 0.2534 -1.235 0.0098 0.2451 -1.2336 -0.0067 0.2621
157.0 -1.2948 -0.0209 0.2705 -1.1982 -0.0347 0.2943 -1.1587 -0.0044 0.2671 -1.1563 0.0124 0.2502 -1.1685 0.0218 0.2394 -1.1921 0.0259 0.2328 -1.2158 -0.0194 0.2769 -1.2189 -0.007 0.2639 -1.2267 0.0023 0.2535 -1.2393 0.0092 0.2453 -1.2391 -0.0072 0.262
158.0 -1.3016 -0.0218 0.2708 -1.205 -0.0363 0.2952 -1.1645 -0.0064 0.2686 -1.1615 0.0118 0.2504 -1.1737 0.0211 0.2396 -1.1981 0.0251 0.2331 -1.222 -0.0196 0.2765 -1.2249 -0.0078 0.2641 -1.2328 0.0021 0.2532 -1.2447 0.0097 0.2442 -1.2452 -0.0075 0.2618
159.0 -1.3069 -0.0219 0.2704 -1.2135 -0.038 0.2961 -1.1731 -0.0075 0.2689 -1.1692 0.0107 0.2507 -1.1803 0.019 0.2411 -1.2049 0.0236 0.234 -1.2298 -0.0201 0.2761 -1.2318 -0.0087 0.2644 -1.2396 0.0006 0.254 -1.2515 0.0082 0.2451 -1.2519 -0.0084 0.262
160.0 -1.3129 -0.0227 0.2706 -1.2197 -0.0376 0.2951 -1.18 -0.0079 0.2686 -1.1768 0.0091 0.2516 -1.189 0.0184 0.2408 -1.212 0.0239 0.233 -1.2367 -0.021 0.2764 -1.2388 -0.0091 0.264 -1.2466 0.0003 0.2537 -1.2584 0.0078 0.2448 -1.2587 -0.0089 0.2619
161.0 -1.3191 -0.0224 0.2696 -1.2257 -0.0385 0.2953 -1.1862 -0.0081 0.2682 -1.1822 0.0096 0.2506 -1.1953 0.0188 0.2398 -1.2198 0.0234 0.2327 -1.2428 -0.0212 0.276 -1.2457 -0.0094 0.2636 -1.2535 -6.376e-05 0.2533 -1.2653 0.0069 0.245 -1.2653 -0.0092 0.2615
162.0 -1.3262 -0.0221 0.2686 -1.2333 -0.0401 0.2963 -1.1939 -0.0091 0.2685 -1.1909 0.009 0.2503 -1.2032 0.0189 0.2389 -1.2251 0.0233 0.2322 -1.2506 -0.0217 0.2757 -1.2528 -0.0091 0.2627 -1.2597 -0.0003 0.2529 -1.2715 0.0073 0.244 -1.2722 -0.0092 0.2608
163.0 -1.3341 -0.0225 0.2683 -1.2404 -0.0398 0.2953 -1.2 -0.0093 0.2681 -1.1969 0.0082 0.2505 -1.2083 0.0177 0.2397 -1.232 0.0224 0.2325 -1.256 -0.0212 0.2747 -1.2581 -0.0092 0.2623 -1.2659 0.0001 0.2519 -1.2777 0.0071 0.2436 -1.2783 -0.0092 0.2602
164.0 -1.3402 -0.0228 0.2679 -1.2465 -0.04 0.2949 -1.207 -0.0097 0.2678 -1.203 0.008 0.2501 -1.2144 0.0174 0.2393 -1.2372 0.0223 0.2321 -1.263 -0.0215 0.2743 -1.2651 -0.0096 0.2619 -1.2729 -0.0002 0.2516 -1.2839 0.0074 0.2426 -1.285 -0.0093 0.2597
165.0 -1.349 -0.0227 0.267 -1.2528 -0.0397 0.2939 -1.214 -0.01 0.2674 -1.21 0.0076 0.2498 -1.2204 0.0166 0.2396 -1.2424 0.0216 0.2323 -1.2682 -0.0216 0.2739 -1.2703 -0.0097 0.2615 -1.2781 -0.0003 0.2512 -1.2909 0.0071 0.2423 -1.2913 -0.0094 0.2592
166.0 -1.3544 -0.0216 0.2654 -1.2606 -0.0401 0.2936 -1.2191 -0.0107 0.2676 -1.2153 0.0075 0.2494 -1.2265 0.0164 0.2392 -1.2485 0.0214 0.2319 -1.2762 -0.0214 0.2729 -1.2774 -0.0094 0.2605 -1.2844 5.288e-05 0.2502 -1.2962 0.0076 0.2412 -1.2977 -0.009 0.258
167.0 -1.3571 -0.0214 0.2648 -1.2675 -0.041 0.2938 -1.227 -0.0111 0.2673 -1.223 0.0065 0.2497 -1.2346 0.0172 0.2376 -1.2564 0.0215 0.231 -1.2814 -0.0215 0.2725 -1.2835 -0.0096 0.2601 -1.2905 -0.0002 0.2498 -1.3015 0.0075 0.2408 -1.3028 -0.009 0.2576
168.0 -1.3936 -0.019 0.2588 -1.3072 -0.0403 0.2891 -1.2663 -0.0128 0.2651 -1.2613 0.0038 0.2486 -1.2711 0.0147 0.2365 -1.2908 0.0218 0.2273 -1.3204 -0.0201 0.2672 -1.3216 -0.008 0.2547 -1.3277 0.0015 0.2443 -1.3379 0.0093 0.2354 -1.3403 -0.0072 0.2521
169.0 -1.3989 -0.0191 0.2583 -1.3143 -0.04 0.2882 -1.2724 -0.013 0.2647 -1.2684 0.0046 0.247 -1.2774 0.0156 0.2349 -1.2987 0.0219 0.2264 -1.3267 -0.0191 0.2655 -1.3271 -0.0069 0.2531 -1.3339 0.0019 0.2433 -1.3451 0.0102 0.2338 -1.3463 -0.0066 0.2508
170.0 -1.4071 -0.0171 0.2555 -1.3206 -0.039 0.2865 -1.2788 -0.0114 0.2624 -1.2749 0.0062 0.2448 -1.2838 0.0172 0.2326 -1.3042 0.023 0.2247 -1.3332 -0.0175 0.2633 -1.3343 -0.0061 0.2515 -1.3404 0.0035 0.2411 -1.3505 0.0113 0.2321 -1.3531 -0.0052 0.2487
171.0 -1.4116 -0.0165 0.2545 -1.3271 -0.0369 0.2837 -1.2844 -0.0097 0.2601 -1.2795 0.0074 0.2431 -1.2892 0.0177 0.2316 -1.3089 0.0248 0.2224 -1.3385 -0.017 0.2622 -1.3398 -0.005 0.2498 -1.3458 0.0046 0.2394 -1.356 0.0124 0.2304 -1.3584 -0.0043 0.2473
172.0 -1.417 -0.016 0.2534 -1.3316 -0.0363 0.2826 -1.29 -0.008 0.2579 -1.2858 0.0084 0.2415 -1.2946 0.0182 0.2306 -1.3153 0.0258 0.2208 -1.3441 -0.0153 0.26 -1.3452 -0.0039 0.2481 -1.3512 0.0051 0.2384 -1.3623 0.0133 0.2288 -1.364 -0.0034 0.2457
173.0 -1.426 -0.0148 0.2513 -1.337 -0.0358 0.2815 -1.2962 -0.0077 0.2569 -1.2905 0.0102 0.2392 -1.2994 0.0206 0.2276 -1.3207 0.0269 0.2191 -1.3503 -0.015 0.259 -1.3506 -0.0034 0.2471 -1.3567 0.0062 0.2367 -1.3676 0.0132 0.2284 -1.3702 -0.0027 0.2445
174.0 -1.4286 -0.0151 0.2514 -1.3416 -0.0346 0.2799 -1.2997 -0.0075 0.2564 -1.295 0.0108 0.2381 -1.3038 0.0206 0.2272 -1.3261 0.0274 0.218 -1.354 -0.0142 0.2578 -1.3551 -0.0028 0.246 -1.3612 0.0068 0.2356 -1.3722 0.0145 0.2267 -1.3742 -0.0022 0.2435
175.0 -1.4321 -0.015 0.2509 -1.346 -0.0345 0.2794 -1.3041 -0.0075 0.2559 -1.2991 0.0091 0.2395 -1.3089 0.0199 0.2274 -1.3296 0.0275 0.2176 -1.3585 -0.0136 0.2568 -1.3588 -0.0021 0.2449 -1.3656 0.0068 0.2352 -1.3766 0.0145 0.2263 -1.3783 -0.0019 0.2428
176.0 -1.4365 -0.015 0.2504 -1.3503 -0.0351 0.2796 -1.3075 -0.0086 0.2567 -1.3027 0.0092 0.239 -1.3125 0.0201 0.2269 -1.3331 0.0271 0.2177 -1.3628 -0.0142 0.2569 -1.3639 -0.0027 0.2451 -1.3699 0.0062 0.2354 -1.381 0.0145 0.2258 -1.3828 -0.0022 0.2427
177.0 -1.4391 -0.0153 0.2505 -1.3539 -0.035 0.2791 -1.3108 -0.0096 0.2574 -1.3069 0.008 0.2398 -1.3168 0.0195 0.2271 -1.3373 0.0259 0.2185 -1.3662 -0.0147 0.2571 -1.3665 -0.0031 0.2452 -1.3733 0.0058 0.2355 -1.3835 0.0135 0.2265 -1.3857 -0.0028 0.243
178.0 -1.4426 -0.0158 0.2507 -1.3572 -0.036 0.2798 -1.3134 -0.01 0.2575 -1.3095 0.0083 0.2393 -1.3185 0.0193 0.2271 -1.3398 0.0255 0.2186 -1.3687 -0.0156 0.2578 -1.3699 -0.0036 0.2454 -1.3759 0.0054 0.2356 -1.3869 0.0131 0.2267 -1.3888 -0.0033 0.2432
179.0 -1.4444 -0.0154 0.2501 -1.3605 -0.0371 0.2806 -1.3167 -0.011 0.2583 -1.3128 0.0066 0.2406 -1.3209 0.0177 0.2285 -1.3414 0.0241 0.2199 -1.3721 -0.0161 0.2579 -1.3725 -0.0039 0.2455 -1.3794 0.0055 0.2351 -1.3896 0.0133 0.2261 -1.3916 -0.0033 0.2429
180.0 -1.4453 -0.015 0.2495 -1.3631 -0.0375 0.2807 -1.3184 -0.0113 0.2583 -1.3136 0.0065 0.2407 -1.3227 0.0181 0.2279 -1.3432 0.0245 0.2193 -1.374 -0.0157 0.2574 -1.3751 -0.0043 0.2456 -1.3812 0.0053 0.2352 -1.3922 0.013 0.2262 -1.3935 -0.0033 0.2428
181.0 -1.447 -0.0158 0.2502 -1.3648 -0.0377 0.2808 -1.321 -0.0116 0.2584 -1.3162 0.0061 0.2408 -1.3253 0.0177 0.228 -1.3458 0.0241 0.2194 -1.3756 -0.0165 0.2581 -1.3759 -0.0044 0.2456 -1.3819 0.0046 0.2358 -1.393 0.0129 0.2263 -1.3947 -0.0038 0.2432
182.0 -1.4479 -0.0153 0.2496 -1.3658 -0.0372 0.2802 -1.3218 -0.0123 0.2591 -1.3161 0.0055 0.2414 -1.3252 0.0171 0.2286 -1.3476 0.0245 0.2189 -1.3774 -0.0162 0.2575 -1.3777 -0.0046 0.2457 -1.3837 0.005 0.2353 -1.394 0.0133 0.2257 -1.3961 -0.0036 0.2427
183.0 -1.4478 -0.0159 0.2502 -1.3665 -0.0379 0.2808 -1.3227 -0.0118 0.2585 -1.3177 0.0047 0.2421 -1.3269 0.0169 0.2287 -1.3483 0.0238 0.2195 -1.3764 -0.0167 0.2581 -1.3777 -0.0046 0.2457 -1.3836 0.0044 0.2359 -1.3939 0.0128 0.2263 -1.3959 -0.004 0.2432
184.0 -1.4486 -0.0166 0.2509 -1.3672 -0.0392 0.2821 -1.3226 -0.0124 0.2591 -1.3177 0.0047 0.2421 -1.3267 0.0157 0.2299 -1.3473 0.0227 0.2207 -1.3772 -0.0174 0.2587 -1.3775 -0.0058 0.2469 -1.3844 0.0037 0.2365 -1.3954 0.0113 0.2276 -1.3966 -0.005 0.2441
185.0 -1.4501 -0.018 0.2522 -1.3669 -0.041 0.284 -1.3232 -0.0143 0.261 -1.3183 0.0028 0.244 -1.3272 0.0138 0.2318 -1.3479 0.0214 0.222 -1.3778 -0.0187 0.26 -1.3781 -0.0071 0.2482 -1.3842 0.0025 0.2378 -1.3943 0.0102 0.2288 -1.3969 -0.0062 0.2454
186.0 -1.4499 -0.0192 0.2534 -1.3666 -0.0428 0.2858 -1.3219 -0.0166 0.2635 -1.3178 0.0004 0.2465 -1.3268 0.0114 0.2343 -1.3475 0.019 0.2245 -1.3775 -0.0205 0.2619 -1.3778 -0.0089 0.25 -1.3839 0.0007 0.2396 -1.3941 0.0091 0.2301 -1.3966 -0.0078 0.247
187.0 -1.4488 -0.0203 0.2547 -1.3663 -0.0446 0.2877 -1.3208 -0.0177 0.2647 -1.3167 -0.0013 0.2483 -1.3256 0.0097 0.2361 -1.3464 0.0179 0.2257 -1.3772 -0.0223 0.2637 -1.3776 -0.0101 0.2513 -1.3836 -0.0011 0.2415 -1.3938 0.0073 0.2319 -1.3962 -0.0093 0.2486
188.0 -1.4504 -0.0211 0.2553 -1.3669 -0.0459 0.289 -1.3205 -0.0195 0.2665 -1.3155 -0.0029 0.2501 -1.3255 0.0092 0.2368 -1.3461 0.0161 0.2276 -1.377 -0.0234 0.265 -1.3773 -0.0119 0.2531 -1.3825 -0.0022 0.2427 -1.3928 0.0062 0.2331 -1.396 -0.0105 0.2499
189.0 -1.4485 -0.0221 0.2565 -1.3669 -0.0459 0.289 -1.3221 -0.0203 0.2672 -1.3163 -0.0036 0.2508 -1.3252 0.0074 0.2386 -1.345 0.0151 0.2288 -1.376 -0.0239 0.2656 -1.3763 -0.0124 0.2537 -1.3823 -0.0034 0.244 -1.3917 0.0051 0.2343 -1.395 -0.0113 0.2508
190.0 -1.4494 -0.0222 0.2565 -1.3667 -0.0471 0.2902 -1.3211 -0.0214 0.2684 -1.3161 -0.0042 0.2514 -1.3251 0.0068 0.2392 -1.3449 0.0145 0.2294 -1.3767 -0.0252 0.2668 -1.3762 -0.013 0.2543 -1.3823 -0.0034 0.244 -1.3916 0.0045 0.2349 -1.3952 -0.0119 0.2513
191.0 -1.4484 -0.0227 0.2571 -1.3666 -0.0477 0.2908 -1.3211 -0.0214 0.2684 -1.3159 -0.0054 0.2526 -1.325 0.0062 0.2399 -1.3448 0.0139 0.23 -1.3767 -0.0252 0.2668 -1.3762 -0.013 0.2543 -1.3822 -0.004 0.2446 -1.3916 0.0045 0.2349 -1.395 -0.0121 0.2516
192.0 -1.4492 -0.0228 0.2572 -1.3665 -0.0483 0.2914 -1.3218 -0.0221 0.2691 -1.3159 -0.0054 0.2526 -1.325 0.0062 0.2399 -1.3441 0.0146 0.2294 -1.3767 -0.0252 0.2668 -1.3762 -0.013 0.2543 -1.3822 -0.004 0.2446 -1.3916 0.0045 0.2349 -1.3952 -0.0121 0.2516
193.0 -1.4492 -0.0228 0.2572 -1.3666 -0.0477 0.2908 -1.3218 -0.0221 0.2691 -1.3151 -0.0053 0.2526 -1.325 0.0062 0.2399 -1.3449 0.0145 0.2294 -1.3767 -0.0252 0.2668 -1.3761 -0.0136 0.255 -1.3822 -0.004 0.2446 -1.3916 0.0045 0.2349 -1.3952 -0.0122 0.2517
194.0 -1.4502 -0.0223 0.2566 -1.3667 -0.0471 0.2902 -1.3211 -0.0214 0.2684 -1.3152 -0.0047 0.252 -1.3242 0.0063 0.2398 -1.3442 0.0152 0.2287 -1.3767 -0.0252 0.2668 -1.3771 -0.0131 0.2544 -1.3822 -0.004 0.2446 -1.3916 0.0045 0.2349 -1.3955 -0.012 0.2515
195.0 -1.4512 -0.0219 0.256 -1.3668 -0.0465 0.2896 -1.322 -0.0209 0.2679 -1.3153 -0.0041 0.2514 -1.3251 0.0068 0.2392 -1.3443 0.0158 0.2281 -1.3768 -0.0246 0.2662 -1.3771 -0.0131 0.2544 -1.3823 -0.0034 0.244 -1.3917 0.0051 0.2343 -1.3958 -0.0116 0.251
196.0 -1.4485 -0.0221 0.2565 -1.3659 -0.0464 0.2895 -1.3213 -0.0202 0.2672 -1.3154 -0.0035 0.2507 -1.3244 0.0075 0.2386 -1.3434 0.0159 0.2281 -1.376 -0.0239 0.2656 -1.3764 -0.0118 0.2531 -1.3816 -0.0021 0.2427 -1.3918 0.0057 0.2337 -1.3949 -0.0108 0.2503
197.0 -1.4486 -0.0215 0.2559 -1.3652 -0.0457 0.2889 -1.3188 -0.0193 0.2665 -1.3146 -0.0028 0.2501 -1.3236 0.0082 0.2379 -1.3444 0.0164 0.2275 -1.3753 -0.0232 0.2649 -1.3755 -0.0116 0.2531 -1.3816 -0.0021 0.2427 -1.3919 0.0063 0.2331 -1.3946 -0.0104 0.2499
