1.0 -1.2835 0.0356 0.2139 -1.2262 0.0244 0.231 -1.1822 0.0346 0.225 -1.1793 0.0484 0.2111 -1.194 0.0568 0.2011 -1.2154 0.0631 0.1925 -1.2316 0.0304 0.2244 -1.2321 0.0383 0.2163 -1.2376 0.0442 0.2096 -1.2465 0.0504 0.2025 -1.2463 0.0398 0.2133
2.0 -1.2827 0.0357 0.2139 -1.227 0.0243 0.2311 -1.1822 0.0346 0.225 -1.1803 0.0489 0.2105 -1.1933 0.0575 0.2004 -1.2162 0.063 0.1926 -1.2326 0.0309 0.2238 -1.233 0.0381 0.2163 -1.2376 0.0442 0.2096 -1.2464 0.0498 0.2031 -1.2464 0.0397 0.2133
3.0 -1.2836 0.0362 0.2133 -1.2262 0.0244 0.231 -1.1813 0.0347 0.2249 -1.1804 0.0495 0.2099 -1.1933 0.0575 0.2004 -1.2156 0.0643 0.1913 -1.2325 0.0303 0.2244 -1.233 0.0381 0.2163 -1.2376 0.0442 0.2096 -1.2457 0.0505 0.2024 -1.2465 0.0399 0.2132
4.0 -1.2845 0.0361 0.2133 -1.2279 0.0242 0.2311 -1.1813 0.0347 0.2249 -1.1804 0.0495 0.2099 -1.195 0.0573 0.2005 -1.2162 0.063 0.1926 -1.2326 0.0309 0.2238 -1.2331 0.0387 0.2157 -1.2385 0.0447 0.209 -1.2474 0.0502 0.2025 -1.2472 0.0401 0.2129
5.0 -1.2836 0.0362 0.2133 -1.2279 0.0242 0.2311 -1.1822 0.0346 0.225 -1.1804 0.0495 0.2099 -1.1952 0.0585 0.1992 -1.2164 0.0642 0.1913 -1.2334 0.0307 0.2238 -1.2331 0.0387 0.2157 -1.2377 0.0448 0.209 -1.2474 0.0502 0.2025 -1.247 0.0401 0.2129
6.0 -1.2836 0.0362 0.2133 -1.228 0.0248 0.2305 -1.1831 0.0345 0.225 -1.1805 0.0501 0.2093 -1.1943 0.0586 0.1992 -1.2164 0.0642 0.1913 -1.2327 0.0315 0.2232 -1.2331 0.0387 0.2157 -1.2377 0.0448 0.209 -1.2474 0.0502 0.2025 -1.2469 0.0403 0.2127
7.0 -1.2836 0.0362 0.2133 -1.2271 0.0249 0.2305 -1.1822 0.0346 0.225 -1.1797 0.0502 0.2093 -1.1952 0.0585 0.1992 -1.2164 0.0642 0.1913 -1.2328 0.0321 0.2226 -1.2332 0.0393 0.2151 -1.2385 0.0447 0.209 -1.2474 0.0502 0.2025 -1.2471 0.0405 0.2125
8.0 -1.2845 0.0361 0.2133 -1.228 0.0248 0.2305 -1.1823 0.0352 0.2243 -1.1797 0.0502 0.2093 -1.1953 0.0591 0.1986 -1.2172 0.0635 0.192 -1.2336 0.0319 0.2226 -1.2332 0.0393 0.2151 -1.2386 0.0453 0.2084 -1.2474 0.0502 0.2025 -1.2475 0.0406 0.2124
9.0 -1.2845 0.0361 0.2133 -1.227 0.0243 0.2311 -1.1823 0.0352 0.2243 -1.1796 0.0496 0.2099 -1.1952 0.0585 0.1992 -1.2173 0.0641 0.1913 -1.2336 0.0319 0.2226 -1.234 0.0392 0.2151 -1.2386 0.0453 0.2084 -1.2475 0.0508 0.2019 -1.2477 0.0407 0.2123
10.0 -1.2836 0.0362 0.2133 -1.2271 0.0249 0.2305 -1.1823 0.0352 0.2243 -1.1805 0.0501 0.2093 -1.1952 0.0585 0.1992 -1.2164 0.0642 0.1913 -1.2327 0.0315 0.2232 -1.2331 0.0387 0.2157 -1.2385 0.0447 0.209 -1.2474 0.0502 0.2025 -1.2471 0.0403 0.2127
11.0 -1.2854 0.036 0.2133 -1.227 0.0243 0.2311 -1.1813 0.0347 0.2249 -1.1797 0.0502 0.2093 -1.1952 0.0585 0.1992 -1.2164 0.0642 0.1913 -1.2328 0.0321 0.2226 -1.2332 0.0393 0.2151 -1.2386 0.0453 0.2084 -1.2474 0.0502 0.2025 -1.2475 0.0406 0.2124
12.0 -1.2844 0.0355 0.2139 -1.227 0.0243 0.2311 -1.1823 0.0352 0.2243 -1.1797 0.0502 0.2093 -1.1943 0.0586 0.1992 -1.2164 0.0642 0.1913 -1.2328 0.0321 0.2226 -1.2332 0.0393 0.2151 -1.2386 0.0453 0.2084 -1.2474 0.0502 0.2025 -1.2473 0.0405 0.2125
13.0 -1.2845 0.0361 0.2133 -1.2271 0.0249 0.2305 -1.1823 0.0352 0.2243 -1.1797 0.0502 0.2093 -1.1951 0.0579 0.1999 -1.2164 0.0642 0.1913 -1.2328 0.0321 0.2226 -1.2332 0.0393 0.2151 -1.2386 0.0453 0.2084 -1.2474 0.0502 0.2025 -1.2473 0.0406 0.2124
14.0 -1.2846 0.0367 0.2127 -1.2279 0.0242 0.2311 -1.1823 0.0352 0.2243 -1.1797 0.0502 0.2093 -1.1943 0.0586 0.1992 -1.2164 0.0642 0.1913 -1.2335 0.0313 0.2232 -1.2332 0.0393 0.2151 -1.2378 0.0454 0.2084 -1.2466 0.051 0.2019 -1.2471 0.0407 0.2122
15.0 -1.2838 0.0368 0.2127 -1.2262 0.0244 0.231 -1.1823 0.0352 0.2243 -1.1796 0.0496 0.2099 -1.1942 0.058 0.1998 -1.2165 0.0648 0.1907 -1.2328 0.0321 0.2226 -1.2332 0.0393 0.2151 -1.2378 0.0454 0.2084 -1.2466 0.051 0.2019 -1.2468 0.0409 0.2121
16.0 -1.2838 0.0368 0.2127 -1.2254 0.0251 0.2304 -1.1806 0.0354 0.2243 -1.178 0.0511 0.2086 -1.1936 0.0593 0.1985 -1.2157 0.0649 0.1907 -1.232 0.0328 0.2219 -1.2324 0.04 0.2144 -1.2379 0.046 0.2078 -1.2466 0.051 0.2019 -1.2465 0.0413 0.2117
17.0 -1.2846 0.0367 0.2127 -1.2255 0.0257 0.2298 -1.1806 0.0354 0.2243 -1.178 0.0511 0.2086 -1.1927 0.0595 0.1985 -1.2158 0.0655 0.19 -1.2319 0.0322 0.2225 -1.2324 0.04 0.2144 -1.237 0.0461 0.2077 -1.2466 0.051 0.2019 -1.2465 0.0412 0.2118
18.0 -1.2838 0.0368 0.2127 -1.2254 0.0251 0.2304 -1.1798 0.0362 0.2236 -1.1782 0.0516 0.2079 -1.1937 0.0599 0.1979 -1.2149 0.0656 0.19 -1.2312 0.0329 0.2219 -1.2324 0.04 0.2144 -1.237 0.0461 0.2077 -1.2459 0.0517 0.2012 -1.246 0.0415 0.2116
19.0 -1.2829 0.0369 0.2126 -1.2248 0.0264 0.2291 -1.1807 0.036 0.2237 -1.1772 0.0512 0.2085 -1.1927 0.0595 0.1985 -1.2149 0.0656 0.19 -1.2312 0.0329 0.2219 -1.2316 0.0402 0.2144 -1.237 0.0461 0.2077 -1.2459 0.0517 0.2012 -1.2457 0.0416 0.2116
20.0 -1.2839 0.0374 0.212 -1.2248 0.0264 0.2291 -1.1807 0.036 0.2237 -1.1782 0.0516 0.2079 -1.1928 0.0601 0.1979 -1.2149 0.0656 0.19 -1.2312 0.0329 0.2219 -1.2316 0.0402 0.2144 -1.237 0.0461 0.2077 -1.2459 0.0517 0.2012 -1.2459 0.0416 0.2114
21.0 -1.2839 0.0374 0.212 -1.2255 0.0257 0.2298 -1.1808 0.0366 0.223 -1.1773 0.0518 0.2079 -1.1929 0.0606 0.1973 -1.2149 0.0656 0.19 -1.2321 0.0334 0.2213 -1.2325 0.0406 0.2138 -1.2371 0.0467 0.2071 -1.2459 0.0517 0.2012 -1.2463 0.042 0.2111
22.0 -1.282 0.037 0.2126 -1.2256 0.0263 0.2291 -1.1807 0.036 0.2237 -1.178 0.0511 0.2086 -1.192 0.0602 0.1979 -1.2159 0.0661 0.1894 -1.2312 0.0329 0.2219 -1.2316 0.0402 0.2144 -1.237 0.0461 0.2077 -1.2459 0.0517 0.2012 -1.2455 0.0416 0.2116
23.0 -1.2847 0.0373 0.2121 -1.2248 0.0264 0.2291 -1.1807 0.036 0.2237 -1.178 0.0511 0.2086 -1.1937 0.0599 0.1979 -1.2149 0.0656 0.19 -1.2321 0.0334 0.2213 -1.2325 0.0406 0.2138 -1.238 0.0466 0.2071 -1.2469 0.0521 0.2006 -1.2468 0.042 0.211
24.0 -1.282 0.037 0.2126 -1.2248 0.0264 0.2291 -1.1808 0.0366 0.223 -1.1789 0.0509 0.2086 -1.1927 0.0595 0.1985 -1.2148 0.065 0.1906 -1.2312 0.0329 0.2219 -1.2316 0.0402 0.2144 -1.237 0.0461 0.2077 -1.2468 0.0515 0.2012 -1.2457 0.0416 0.2116
25.0 -1.2839 0.0374 0.212 -1.2256 0.0263 0.2291 -1.1808 0.0366 0.223 -1.1782 0.0516 0.2079 -1.1937 0.0599 0.1979 -1.2149 0.0656 0.19 -1.2321 0.0334 0.2213 -1.2325 0.0406 0.2138 -1.2371 0.0467 0.2071 -1.2459 0.0517 0.2012 -1.2463 0.042 0.2111
26.0 -1.283 0.0375 0.212 -1.2248 0.0264 0.2291 -1.1808 0.0366 0.223 -1.1782 0.0516 0.2079 -1.1929 0.0606 0.1973 -1.2149 0.0656 0.19 -1.2313 0.0335 0.2212 -1.2317 0.0408 0.2138 -1.2363 0.0469 0.2071 -1.246 0.0523 0.2006 -1.2456 0.0422 0.2109
27.0 -1.283 0.0375 0.212 -1.2248 0.0264 0.2291 -1.1808 0.0366 0.223 -1.1782 0.0516 0.2079 -1.1929 0.0606 0.1973 -1.2158 0.0655 0.19 -1.2313 0.0335 0.2212 -1.2317 0.0408 0.2138 -1.2371 0.0467 0.2071 -1.2459 0.0517 0.2012 -1.2458 0.042 0.2111
28.0 -1.2822 0.0382 0.2114 -1.2248 0.0264 0.2291 -1.1817 0.0365 0.2231 -1.1782 0.0516 0.2079 -1.1929 0.0606 0.1973 -1.2158 0.0655 0.19 -1.2321 0.0334 0.2213 -1.2325 0.0406 0.2138 -1.238 0.0466 0.2071 -1.2468 0.0515 0.2012 -1.2463 0.0421 0.211
29.0 -1.2831 0.0381 0.2114 -1.2248 0.0264 0.2291 -1.1807 0.036 0.2237 -1.1789 0.0509 0.2086 -1.192 0.0602 0.1979 -1.2149 0.0656 0.19 -1.2319 0.0322 0.2225 -1.2324 0.04 0.2144 -1.237 0.0461 0.2077 -1.246 0.0523 0.2006 -1.2461 0.0417 0.2113
30.0 -1.283 0.0375 0.212 -1.2249 0.027 0.2285 -1.1808 0.0366 0.223 -1.1791 0.0521 0.2074 -1.1938 0.0605 0.1973 -1.2159 0.0661 0.1894 -1.2321 0.0334 0.2213 -1.2325 0.0406 0.2138 -1.2371 0.0467 0.2071 -1.246 0.0523 0.2006 -1.2462 0.0421 0.211
31.0 -1.2813 0.0377 0.2119 -1.2249 0.027 0.2285 -1.1818 0.0371 0.2224 -1.179 0.0515 0.208 -1.1937 0.0599 0.1979 -1.2149 0.0656 0.19 -1.2312 0.0329 0.2219 -1.2324 0.04 0.2144 -1.237 0.0461 0.2077 -1.2469 0.0521 0.2006 -1.2457 0.0418 0.2113
32.0 -1.2839 0.0374 0.212 -1.2239 0.0265 0.2291 -1.1808 0.0366 0.223 -1.179 0.0515 0.208 -1.1912 0.0609 0.1972 -1.215 0.0662 0.1894 -1.232 0.0328 0.2219 -1.2325 0.0406 0.2138 -1.2371 0.0467 0.2071 -1.2469 0.0521 0.2006 -1.2465 0.0419 0.2111
33.0 -1.2831 0.0381 0.2114 -1.2249 0.027 0.2285 -1.1809 0.0372 0.2224 -1.1791 0.0521 0.2074 -1.192 0.0602 0.1979 -1.2159 0.0661 0.1894 -1.2312 0.0329 0.2219 -1.2325 0.0406 0.2138 -1.2371 0.0467 0.2071 -1.2469 0.0521 0.2006 -1.2462 0.0421 0.211
34.0 -1.2814 0.0383 0.2113 -1.225 0.0276 0.2279 -1.1809 0.0372 0.2224 -1.1783 0.0522 0.2073 -1.193 0.0612 0.1967 -1.216 0.0667 0.1888 -1.2305 0.0342 0.2206 -1.2318 0.0414 0.2131 -1.2364 0.0475 0.2065 -1.2461 0.0529 0.2 -1.2452 0.0428 0.2103
35.0 -1.2814 0.0383 0.2113 -1.2241 0.0277 0.2278 -1.181 0.0378 0.2218 -1.1784 0.0528 0.2067 -1.1931 0.0618 0.196 -1.216 0.0667 0.1888 -1.2314 0.0341 0.2206 -1.2319 0.042 0.2125 -1.2364 0.0475 0.2065 -1.2461 0.0529 0.2 -1.2454 0.0429 0.2102
36.0 -1.2815 0.0389 0.2107 -1.2241 0.0277 0.2278 -1.1794 0.0387 0.2211 -1.1775 0.053 0.2067 -1.1931 0.0618 0.196 -1.215 0.0662 0.1894 -1.2306 0.0348 0.22 -1.231 0.0421 0.2125 -1.2365 0.0481 0.2058 -1.2461 0.0529 0.2 -1.2451 0.0433 0.2098
37.0 -1.2805 0.0384 0.2113 -1.2241 0.0277 0.2278 -1.1785 0.0388 0.2211 -1.1767 0.0537 0.206 -1.1923 0.062 0.196 -1.2152 0.0674 0.1881 -1.2298 0.0349 0.2199 -1.231 0.0421 0.2125 -1.2365 0.0481 0.2058 -1.2453 0.0536 0.1993 -1.2446 0.0434 0.2098
38.0 -1.2797 0.0386 0.2113 -1.2224 0.028 0.2278 -1.1769 0.0396 0.2204 -1.175 0.0539 0.2059 -1.1915 0.0627 0.1953 -1.2143 0.0669 0.1887 -1.229 0.0356 0.2193 -1.2303 0.0428 0.2118 -1.2356 0.0482 0.2058 -1.2453 0.0536 0.1993 -1.244 0.0437 0.2095
39.0 -1.2788 0.0387 0.2112 -1.2216 0.0287 0.2271 -1.1761 0.0397 0.2204 -1.1751 0.0545 0.2053 -1.1899 0.0635 0.1947 -1.2134 0.067 0.1887 -1.2281 0.0357 0.2192 -1.2285 0.043 0.2118 -1.2339 0.0484 0.2057 -1.2436 0.0538 0.1992 -1.2426 0.0439 0.2094
40.0 -1.2762 0.039 0.2111 -1.2181 0.0285 0.2276 -1.1743 0.0399 0.2203 -1.1726 0.0548 0.2052 -1.1881 0.0631 0.1952 -1.2108 0.0674 0.1886 -1.2256 0.0361 0.2191 -1.2259 0.0428 0.2123 -1.2312 0.0482 0.2063 -1.2409 0.0536 0.1998 -1.24 0.0439 0.2097
41.0 -1.2754 0.0391 0.2111 -1.2172 0.0287 0.2276 -1.1717 0.0397 0.2208 -1.1707 0.0545 0.2058 -1.1862 0.0622 0.1964 -1.2073 0.0673 0.1891 -1.2237 0.0357 0.2197 -1.224 0.0424 0.2128 -1.2295 0.0484 0.2062 -1.2383 0.0533 0.2003 -1.2382 0.0438 0.21
42.0 -1.2701 0.0392 0.2115 -1.2128 0.0286 0.228 -1.1691 0.04 0.2207 -1.1662 0.0539 0.2069 -1.1828 0.0632 0.1956 -1.2046 0.067 0.1896 -1.2192 0.0351 0.2208 -1.2205 0.0423 0.2133 -1.2258 0.0477 0.2073 -1.2347 0.0532 0.2008 -1.2341 0.0435 0.2107
43.0 -1.2684 0.0395 0.2114 -1.2094 0.0291 0.2279 -1.1665 0.0404 0.2206 -1.1635 0.0536 0.2074 -1.1809 0.0623 0.1968 -1.202 0.0674 0.1895 -1.2184 0.0352 0.2207 -1.2187 0.0419 0.2139 -1.2233 0.048 0.2072 -1.2321 0.0535 0.2007 -1.2322 0.0436 0.2108
44.0 -1.2657 0.0392 0.212 -1.2076 0.0287 0.2284 -1.1638 0.0401 0.2211 -1.1609 0.0534 0.2079 -1.1772 0.0615 0.1979 -1.1985 0.0672 0.19 -1.2149 0.0357 0.2206 -1.2161 0.0423 0.2138 -1.2206 0.0478 0.2077 -1.2285 0.0528 0.2018 -1.2292 0.0435 0.2112
45.0 -1.263 0.039 0.2125 -1.2039 0.028 0.2296 -1.1604 0.0406 0.221 -1.1576 0.055 0.2065 -1.1756 0.0624 0.1972 -1.1965 0.0663 0.1912 -1.2114 0.0356 0.2211 -1.2117 0.0422 0.2142 -1.217 0.0476 0.2082 -1.2258 0.0525 0.2023 -1.2258 0.0434 0.2117
46.0 -1.2613 0.0392 0.2124 -1.2011 0.0272 0.2307 -1.156 0.0406 0.2214 -1.154 0.0543 0.2076 -1.1711 0.0618 0.1983 -1.1931 0.0667 0.191 -1.2079 0.0354 0.2216 -1.209 0.042 0.2148 -1.2135 0.0475 0.2087 -1.2231 0.0523 0.2028 -1.223 0.0433 0.2121
47.0 -1.2586 0.039 0.2129 -1.1977 0.0276 0.2306 -1.1524 0.0405 0.2219 -1.1513 0.0541 0.2082 -1.1685 0.0621 0.1982 -1.1903 0.0659 0.1922 -1.206 0.0351 0.2221 -1.2072 0.0416 0.2153 -1.2117 0.0471 0.2092 -1.2203 0.0514 0.204 -1.2208 0.0428 0.2127
48.0 -1.2552 0.0394 0.2128 -1.1934 0.0282 0.2304 -1.1499 0.0408 0.2218 -1.146 0.0541 0.2086 -1.1641 0.0621 0.1987 -1.1868 0.0658 0.1927 -1.2016 0.035 0.2226 -1.202 0.0423 0.2151 -1.2065 0.0478 0.209 -1.2162 0.0526 0.2032 -1.2163 0.0434 0.2125
49.0 -1.2516 0.0393 0.2133 -1.1906 0.0274 0.2315 -1.1463 0.0407 0.2223 -1.1435 0.0545 0.2085 -1.1607 0.0626 0.1985 -1.1832 0.0656 0.1932 -1.1982 0.0355 0.2225 -1.1993 0.0421 0.2156 -1.2047 0.0475 0.2096 -1.2135 0.0524 0.2037 -1.2135 0.0433 0.2129
50.0 -1.2351 0.0403 0.2139 -1.172 0.0268 0.2339 -1.1277 0.0401 0.2247 -1.1256 0.0532 0.2115 -1.142 0.0614 0.2015 -1.1649 0.0663 0.1943 -1.1806 0.0354 0.2243 -1.181 0.0427 0.2168 -1.1856 0.0488 0.2101 -1.1952 0.0536 0.2042 -1.1955 0.0442 0.2139
51.0 -1.2317 0.0408 0.2138 -1.1693 0.026 0.2351 -1.1251 0.0399 0.2252 -1.1222 0.0537 0.2114 -1.1395 0.0618 0.2014 -1.1623 0.0666 0.1942 -1.178 0.0358 0.2242 -1.1783 0.0425 0.2173 -1.1829 0.0486 0.2106 -1.1917 0.0535 0.2047 -1.1925 0.0442 0.2141
52.0 -1.2297 0.0398 0.2149 -1.1658 0.0264 0.2349 -1.1215 0.0397 0.2257 -1.1186 0.053 0.2125 -1.1376 0.0614 0.202 -1.1587 0.0659 0.1953 -1.1761 0.0348 0.2253 -1.1773 0.042 0.2179 -1.1819 0.0481 0.2112 -1.1898 0.0531 0.2053 -1.191 0.0436 0.2149
53.0 -1.2252 0.0392 0.216 -1.1629 0.025 0.2367 -1.118 0.0396 0.2262 -1.116 0.0533 0.2124 -1.1326 0.0627 0.2012 -1.1559 0.065 0.1965 -1.1716 0.0342 0.2264 -1.172 0.0415 0.2189 -1.1766 0.0476 0.2123 -1.1863 0.053 0.2058 -1.1863 0.0431 0.2159
54.0 -1.2242 0.0381 0.2172 -1.1593 0.0243 0.2378 -1.1144 0.0395 0.2267 -1.1132 0.0525 0.2135 -1.1297 0.0612 0.2029 -1.1515 0.065 0.1969 -1.168 0.0341 0.2269 -1.1684 0.0414 0.2194 -1.174 0.0479 0.2122 -1.1828 0.0529 0.2062 -1.1835 0.0429 0.2164
55.0 -1.2223 0.0377 0.2178 -1.1558 0.0247 0.2377 -1.1118 0.0392 0.2272 -1.1089 0.0531 0.2134 -1.1263 0.0617 0.2028 -1.1481 0.0661 0.1962 -1.1671 0.0336 0.2275 -1.1666 0.041 0.22 -1.1722 0.0476 0.2127 -1.181 0.0531 0.2062 -1.1818 0.0426 0.2168
56.0 -1.2188 0.0376 0.2183 -1.1539 0.0238 0.2389 -1.1089 0.0378 0.229 -1.1061 0.0522 0.2145 -1.1234 0.0603 0.2046 -1.1463 0.0657 0.1967 -1.1644 0.0333 0.228 -1.1639 0.0407 0.2205 -1.1695 0.0473 0.2132 -1.1784 0.0528 0.2067 -1.179 0.0424 0.2173
57.0 -1.2154 0.0381 0.2181 -1.1488 0.0245 0.2387 -1.1047 0.039 0.2282 -1.1036 0.0532 0.2138 -1.1199 0.0607 0.2044 -1.1417 0.0645 0.1984 -1.1601 0.0339 0.2279 -1.1605 0.0412 0.2204 -1.1652 0.0479 0.2131 -1.1749 0.0533 0.2066 -1.1752 0.0429 0.2172
58.0 -1.2127 0.0378 0.2186 -1.1442 0.0239 0.2397 -1.101 0.0382 0.2293 -1.0982 0.0521 0.2155 -1.1134 0.0586 0.2073 -1.1356 0.0647 0.1988 -1.1564 0.0332 0.229 -1.1568 0.0405 0.2215 -1.1624 0.0471 0.2142 -1.1714 0.0532 0.2071 -1.1719 0.0423 0.2181
59.0 -1.2092 0.0383 0.2185 -1.1396 0.0226 0.2414 -1.0965 0.0376 0.2304 -1.0954 0.0512 0.2166 -1.1109 0.0595 0.2066 -1.1321 0.0652 0.1987 -1.1518 0.032 0.2307 -1.1532 0.0397 0.2226 -1.1579 0.0464 0.2153 -1.1669 0.0526 0.2081 -1.1678 0.0418 0.219
60.0 -1.2092 0.0383 0.2185 -1.1377 0.0217 0.2426 -1.0938 0.0374 0.2309 -1.0902 0.0519 0.2164 -1.1083 0.0599 0.2065 -1.1287 0.0657 0.1985 -1.1501 0.0322 0.2306 -1.1505 0.0395 0.2231 -1.1552 0.0462 0.2158 -1.1632 0.0518 0.2092 -1.1657 0.0416 0.2195
61.0 -1.2045 0.0365 0.2208 -1.1333 0.0217 0.2431 -1.0886 0.0375 0.2313 -1.0857 0.0513 0.2175 -1.1037 0.0586 0.2082 -1.1241 0.0644 0.2002 -1.1465 0.0315 0.2317 -1.146 0.0389 0.2242 -1.1515 0.0449 0.2175 -1.1595 0.0505 0.211 -1.1616 0.0404 0.221
62.0 -1.1969 0.0381 0.2199 -1.1288 0.021 0.2441 -1.0842 0.0375 0.2318 -1.0813 0.0513 0.2179 -1.0974 0.0577 0.2098 -1.118 0.0647 0.2006 -1.1402 0.0311 0.2327 -1.1399 0.0391 0.2246 -1.1445 0.0452 0.2179 -1.1525 0.0508 0.2113 -1.1548 0.0409 0.2213
63.0 -1.1951 0.0378 0.2205 -1.1234 0.0206 0.2452 -1.0805 0.0367 0.2329 -1.0778 0.0511 0.2184 -1.0919 0.0566 0.2115 -1.1106 0.0626 0.2035 -1.1384 0.0307 0.2333 -1.1388 0.038 0.2258 -1.1418 0.045 0.2184 -1.1487 0.0495 0.213 -1.1526 0.0402 0.2222
64.0 -1.1882 0.0387 0.2202 -1.1199 0.0204 0.2457 -1.0761 0.0367 0.2333 -1.0732 0.0499 0.2201 -1.0847 0.0557 0.2131 -1.1015 0.0608 0.2062 -1.1314 0.0311 0.2336 -1.131 0.0385 0.2261 -1.1337 0.0442 0.22 -1.1408 0.0494 0.214 -1.145 0.0404 0.2228
65.0 -1.1844 0.0374 0.2219 -1.1145 0.0199 0.2467 -1.0707 0.0356 0.235 -1.0696 0.0498 0.2206 -1.0822 0.0561 0.213 -1.0996 0.0604 0.2068 -1.1269 0.0305 0.2347 -1.1265 0.0379 0.2272 -1.1293 0.0442 0.2204 -1.1364 0.0493 0.2144 -1.1407 0.0398 0.2237
66.0 -1.1834 0.0363 0.2231 -1.1092 0.0194 0.2477 -1.0663 0.0356 0.2355 -1.0643 0.0493 0.2216 -1.0768 0.0556 0.214 -1.098 0.0612 0.2061 -1.1243 0.0302 0.2352 -1.1246 0.0375 0.2277 -1.1284 0.0437 0.221 -1.1364 0.0493 0.2144 -1.1394 0.0394 0.2243
67.0 -1.1732 0.0383 0.2221 -1.102 0.0186 0.2493 -1.0593 0.0359 0.2358 -1.0582 0.0501 0.2214 -1.0714 0.0551 0.215 -1.0898 0.0593 0.2089 -1.1129 0.0305 0.236 -1.1125 0.0385 0.2279 -1.1162 0.0447 0.2212 -1.1232 0.0493 0.2158 -1.1276 0.0403 0.2246
68.0 -1.1711 0.0367 0.2239 -1.0975 0.0179 0.2504 -1.0557 0.0358 0.2363 -1.0529 0.0496 0.2224 -1.065 0.0535 0.2173 -1.0869 0.0579 0.2107 -1.1136 0.0298 0.2367 -1.1133 0.0378 0.2285 -1.117 0.044 0.2218 -1.1249 0.0491 0.2159 -1.128 0.0395 0.2254
69.0 -1.1632 0.0366 0.2249 -1.0887 0.0179 0.2513 -1.0489 0.0367 0.236 -1.0477 0.0503 0.2222 -1.0678 0.0543 0.2162 -1.0871 0.0591 0.2094 -1.104 0.0299 0.2375 -1.1045 0.0378 0.2294 -1.1092 0.0445 0.2221 -1.1171 0.0495 0.2162 -1.1196 0.0396 0.226
70.0 -1.162 0.0349 0.2267 -1.0861 0.0183 0.2512 -1.0437 0.0374 0.2358 -1.044 0.049 0.224 -1.0598 0.0542 0.2171 -1.0819 0.0598 0.2092 -1.1014 0.0302 0.2374 -1.1019 0.0381 0.2293 -1.1056 0.0443 0.2226 -1.1135 0.0494 0.2167 -1.1169 0.0394 0.2266
71.0 -1.1502 0.0377 0.225 -1.0783 0.0187 0.2515 -1.0387 0.0387 0.235 -1.0363 0.0506 0.2231 -1.0503 0.0549 0.2174 -1.0718 0.0574 0.2126 -1.0937 0.0313 0.2371 -1.0942 0.0392 0.229 -1.0987 0.0453 0.2224 -1.1067 0.0503 0.2164 -1.1087 0.0407 0.226
72.0 -1.1423 0.0376 0.2259 -1.0714 0.0196 0.2513 -1.0324 0.0383 0.236 -1.0303 0.0514 0.2228 -1.0481 0.0576 0.2148 -1.0731 0.0597 0.2101 -1.084 0.0314 0.238 -1.0845 0.0392 0.2299 -1.0901 0.0464 0.222 -1.0981 0.0515 0.2161 -1.0998 0.0412 0.2264
73.0 -1.137 0.0377 0.2263 -1.0635 0.0201 0.2516 -1.0256 0.0393 0.2358 -1.0241 0.0511 0.2238 -1.0355 0.0556 0.218 -1.0568 0.057 0.2145 -1.078 0.0322 0.2378 -1.0767 0.0397 0.2302 -1.0813 0.0464 0.2229 -1.0892 0.0508 0.2176 -1.0924 0.0414 0.227
74.0 -1.1336 0.0381 0.2262 -1.0573 0.0197 0.2526 -1.0202 0.0388 0.2368 -1.0189 0.0518 0.2236 -1.0285 0.056 0.2184 -1.0516 0.0571 0.2149 -1.0744 0.0321 0.2383 -1.0732 0.0402 0.2301 -1.0779 0.0469 0.2228 -1.0866 0.0512 0.2175 -1.0891 0.0417 0.227
75.0 -1.1305 0.041 0.2236 -1.0496 0.0207 0.2523 -1.0135 0.0409 0.2353 -1.0124 0.0496 0.2265 -1.0232 0.0512 0.2238 -1.056 0.0425 0.2294 -1.0731 0.0347 0.2357 -1.0742 0.0406 0.2295 -1.0809 0.044 0.2254 -1.0925 0.0449 0.2234 -1.0903 0.041 0.2275
76.0 -1.1188 0.0395 0.2263 -1.0425 0.0205 0.2533 -1.0058 0.037 0.24 -1.007 0.0491 0.2275 -1.0189 0.0566 0.2186 -1.0432 0.0595 0.2133 -1.0646 0.0309 0.2404 -1.0652 0.0394 0.2317 -1.069 0.0462 0.2243 -1.0767 0.0501 0.2196 -1.0789 0.0412 0.2285
77.0 -1.08 0.0386 0.231 -1.0051 0.0231 0.2543 -0.9727 0.0391 0.2412 -0.9748 0.051 0.2288 -0.9958 0.0604 0.2171 -1.0111 0.062 0.214 -1.0318 0.0299 0.2447 -1.0324 0.0383 0.236 -1.0363 0.0451 0.2287 -1.0415 0.0499 0.2233 -1.0444 0.0404 0.2327
78.0 -1.0796 0.0362 0.2335 -0.9997 0.022 0.256 -0.9683 0.039 0.2417 -0.9677 0.0507 0.2298 -0.9876 0.0584 0.2199 -1.0133 0.0598 0.2159 -1.0323 0.0274 0.2473 -1.0336 0.0351 0.2392 -1.0376 0.0425 0.2312 -1.0438 0.0478 0.2252 -1.0454 0.0378 0.2353
79.0 -1.0716 0.0361 0.2344 -0.9892 0.0228 0.2562 -0.9596 0.0396 0.2419 -0.9619 0.0527 0.2283 -0.9818 0.0604 0.2184 -1.0074 0.0613 0.2151 -1.0184 0.0286 0.2473 -1.0215 0.0361 0.2393 -1.0279 0.0426 0.2321 -1.0368 0.0481 0.2256 -1.0352 0.0383 0.2358
80.0 -1.0625 0.0343 0.2372 -0.9813 0.0226 0.2571 -0.9519 0.0407 0.2416 -0.9566 0.0522 0.2293 -0.9758 0.0619 0.2176 -1.0045 0.0647 0.2118 -1.0098 0.0298 0.247 -1.0146 0.0371 0.2391 -1.0219 0.0434 0.2319 -1.0332 0.048 0.2261 -1.0284 0.0385 0.2362
81.0 -1.0598 0.034 0.2377 -0.9744 0.0236 0.2569 -0.9459 0.0415 0.2414 -0.9499 0.0544 0.2278 -0.9699 0.0633 0.2167 -0.9994 0.066 0.211 -1.0069 0.0283 0.2488 -1.011 0.0363 0.2402 -1.0184 0.0439 0.2317 -1.0292 0.0498 0.2247 -1.0251 0.0385 0.2366
82.0 -1.0492 0.0336 0.2392 -0.964 0.0244 0.2571 -0.9389 0.0418 0.2418 -0.9438 0.0546 0.2282 -0.9665 0.0637 0.2166 -0.9965 0.0694 0.2078 -0.9955 0.0287 0.2496 -1.0004 0.0365 0.241 -1.0088 0.044 0.2326 -1.0205 0.0503 0.2249 -1.0149 0.0386 0.2375
83.0 -1.0455 0.0329 0.2403 -0.9588 0.0251 0.2569 -0.9337 0.0425 0.2416 -0.9393 0.054 0.2293 -0.9613 0.0644 0.2164 -0.9867 0.0683 0.2099 -0.9929 0.0284 0.2501 -0.9977 0.0357 0.2422 -1.006 0.0431 0.2337 -1.0169 0.0502 0.2254 -1.0118 0.0381 0.2383
84.0 -1.0438 0.0331 0.2402 -0.951 0.0255 0.2572 -0.9285 0.0426 0.242 -0.9324 0.0549 0.229 -0.9552 0.0646 0.2168 -0.9797 0.0687 0.2102 -0.9898 0.0258 0.2531 -0.9939 0.0344 0.2439 -1.0007 0.0432 0.2342 -1.0099 0.0505 0.2258 -1.0076 0.0374 0.2394
85.0 -1.0351 0.0337 0.2405 -0.9431 0.0254 0.2582 -0.9215 0.0429 0.2423 -0.9257 0.057 0.2275 -0.9511 0.0664 0.2154 -0.9768 0.0721 0.207 -0.9812 0.0269 0.2528 -0.9862 0.0354 0.2436 -0.993 0.0443 0.2339 -1.0022 0.0516 0.2255 -0.9995 0.0384 0.2392
86.0 -1.0341 0.0326 0.2417 -0.9361 0.0257 0.2585 -0.9172 0.0435 0.2422 -0.9222 0.0569 0.228 -0.9478 0.0675 0.2146 -0.974 0.0713 0.2082 -0.9784 0.0261 0.2539 -0.9825 0.0347 0.2447 -0.9902 0.0434 0.235 -0.9995 0.0513 0.226 -0.9969 0.0376 0.2403
87.0 -1.0271 0.0329 0.2421 -0.93 0.0259 0.2589 -0.9112 0.0443 0.2419 -0.9162 0.0577 0.2278 -0.9426 0.0682 0.2144 -0.9681 0.0727 0.2073 -0.9714 0.0264 0.2543 -0.9755 0.035 0.2451 -0.9841 0.0436 0.2354 -0.995 0.0507 0.2271 -0.9906 0.0377 0.2408
88.0 -1.0155 0.0321 0.2441 -0.9212 0.0259 0.2598 -0.9054 0.0463 0.2405 -0.9135 0.0574 0.2283 -0.9372 0.0671 0.2161 -0.9653 0.0718 0.2084 -0.9604 0.0291 0.2526 -0.9671 0.0368 0.2441 -0.978 0.0439 0.2358 -0.9906 0.0507 0.2275 -0.9823 0.0385 0.2408
89.0 -1.0102 0.0322 0.2445 -0.9177 0.0263 0.2597 -0.9011 0.0469 0.2403 -0.9102 0.0585 0.2275 -0.9357 0.0685 0.2148 -0.9619 0.0729 0.2077 -0.9553 0.0298 0.2524 -0.9619 0.0375 0.2439 -0.9728 0.0445 0.2356 -0.9863 0.0513 0.2274 -0.9773 0.0391 0.2408
90.0 -1.0074 0.0313 0.2457 -0.9093 0.0287 0.2581 -0.8967 0.0469 0.2408 -0.906 0.0597 0.2267 -0.9304 0.0686 0.2152 -0.9585 0.0734 0.2076 -0.9517 0.0297 0.2529 -0.9584 0.0373 0.2444 -0.9693 0.0444 0.2361 -0.9827 0.0505 0.2285 -0.9739 0.0387 0.2415
91.0 -1.0022 0.0314 0.2461 -0.9034 0.0301 0.2573 -0.8926 0.0487 0.2393 -0.8993 0.0618 0.2252 -0.9264 0.071 0.2132 -0.9551 0.0738 0.2074 -0.9466 0.0304 0.2527 -0.9542 0.0385 0.2436 -0.9651 0.0456 0.2353 -0.9793 0.0516 0.2277 -0.9695 0.0395 0.2411
92.0 -0.9969 0.0315 0.2465 -0.901 0.031 0.2565 -0.89 0.049 0.2392 -0.895 0.0624 0.2251 -0.9246 0.0706 0.2137 -0.9543 0.0745 0.2068 -0.9423 0.031 0.2525 -0.9489 0.0386 0.244 -0.9599 0.0463 0.2351 -0.9732 0.0518 0.2281 -0.9642 0.0398 0.2412
93.0 -0.9893 0.0332 0.2456 -0.8944 0.0338 0.2544 -0.8838 0.0486 0.2403 -0.8861 0.0618 0.2266 -0.92 0.0694 0.2154 -0.9475 0.0761 0.2059 -0.9386 0.0302 0.2536 -0.9453 0.0379 0.2451 -0.9563 0.0456 0.2362 -0.969 0.053 0.2273 -0.9597 0.04 0.2416
94.0 -0.9866 0.0329 0.2461 -0.8902 0.0349 0.2536 -0.8801 0.0528 0.2364 -0.8867 0.0653 0.2229 -0.9174 0.0697 0.2153 -0.9443 0.0777 0.2045 -0.9329 0.0328 0.2515 -0.9404 0.0404 0.2431 -0.9514 0.048 0.2341 -0.9648 0.0542 0.2265 -0.9552 0.0417 0.2403
95.0 -0.985 0.0337 0.2454 -0.8889 0.0376 0.2511 -0.8785 0.0487 0.2407 -0.8846 0.0632 0.2253 -0.9066 0.0682 0.218 -0.9376 0.0792 0.2036 -0.9301 0.032 0.2527 -0.9369 0.0402 0.2436 -0.947 0.048 0.2346 -0.9605 0.0548 0.2264 -0.9519 0.0418 0.2405
96.0 -0.9836 0.0358 0.2435 -0.9119 0.0485 0.2376 -0.8848 0.0595 0.2291 -0.8813 0.0642 0.2245 -0.8907 0.063 0.2249 -0.9105 0.0603 0.2257 -0.9328 0.042 0.2422 -0.9351 0.0454 0.2385 -0.9406 0.0465 0.2368 -0.9493 0.0459 0.2365 -0.9483 0.0431 0.2395
97.0 -0.9795 0.0375 0.2421 -0.9321 0.0684 0.2153 -0.8894 0.0656 0.2224 -0.8774 0.0623 0.2269 -0.8757 0.0528 0.2368 -0.8802 0.0381 0.2514 -0.9352 0.0508 0.2329 -0.9307 0.0453 0.2389 -0.9288 0.0395 0.2451 -0.9292 0.0315 0.2533 -0.9407 0.0409 0.2425
98.0 -0.9567 0.0431 0.2387 -0.8568 0.0449 0.2467 -0.8606 0.0566 0.2344 -0.8687 0.0629 0.2272 -0.8794 0.0688 0.2201 -0.8988 0.0741 0.2127 -0.8991 0.0453 0.2421 -0.9076 0.054 0.2324 -0.9165 0.0595 0.2259 -0.9267 0.0624 0.2219 -0.9213 0.0528 0.2322
99.0 -0.9584 0.0428 0.2388 -0.8537 0.0478 0.2441 -0.8592 0.0587 0.2324 -0.8716 0.0643 0.2254 -0.8848 0.0693 0.2191 -0.9045 0.0764 0.2098 -0.8981 0.0449 0.2427 -0.9073 0.0522 0.2343 -0.9171 0.0582 0.2272 -0.9273 0.0611 0.2232 -0.9217 0.0518 0.2332
100.0 -0.9548 0.0421 0.2399 -0.8744 0.0603 0.2293 -0.8673 0.0649 0.2252 -0.8708 0.065 0.2248 -0.8769 0.0697 0.2194 -0.8902 0.0704 0.2174 -0.9019 0.0517 0.2353 -0.907 0.0553 0.2312 -0.9143 0.0567 0.2289 -0.9204 0.0565 0.2286 -0.9197 0.0525 0.2328
101.0 -0.9558 0.0426 0.2393 -0.8545 0.052 0.2397 -0.86 0.0586 0.2325 -0.8748 0.0627 0.2268 -0.8875 0.0695 0.2185 -0.9074 0.0778 0.2081 -0.8959 0.0476 0.2401 -0.906 0.0548 0.2317 -0.9175 0.06 0.2253 -0.9286 0.0633 0.2208 -0.9208 0.0537 0.2314
102.0 -0.9499 0.0446 0.2378 -0.8472 0.0505 0.242 -0.8588 0.0618 0.2293 -0.8829 0.0683 0.2202 -0.8961 0.0738 0.2133 -0.9088 0.0807 0.205 -0.8925 0.0481 0.24 -0.9038 0.0575 0.2292 -0.9157 0.0651 0.2203 -0.9255 0.0705 0.2138 -0.9175 0.0571 0.2282
103.0 -0.9519 0.0455 0.2366 -0.8509 0.0518 0.2402 -0.8566 0.059 0.2323 -0.8806 0.0655 0.2233 -0.8948 0.071 0.2163 -0.9107 0.0816 0.2038 -0.894 0.0466 0.2413 -0.9052 0.0555 0.2311 -0.9163 0.0632 0.2222 -0.927 0.0691 0.2151 -0.9189 0.056 0.2292
104.0 -0.9505 0.0427 0.2397 -0.9156 0.0895 0.1953 -0.877 0.0752 0.2138 -0.8742 0.064 0.2255 -0.8682 0.0599 0.2303 -0.8559 0.0548 0.2367 -0.9097 0.061 0.225 -0.9042 0.0544 0.2323 -0.8995 0.0477 0.2396 -0.8948 0.041 0.2469 -0.9117 0.0494 0.2367
105.0 -0.9524 0.0436 0.2385 -0.899 0.0899 0.1965 -0.8689 0.0739 0.2159 -0.8639 0.0654 0.2251 -0.8641 0.0617 0.2289 -0.8626 0.0582 0.2326 -0.906 0.0597 0.2267 -0.9033 0.0545 0.2323 -0.9005 0.0488 0.2384 -0.8987 0.0436 0.244 -0.9122 0.05 0.236
106.0 -0.9551 0.0439 0.238 -0.872 0.0765 0.2129 -0.8558 0.0646 0.2267 -0.866 0.0675 0.2227 -0.878 0.0708 0.2182 -0.8908 0.0733 0.2143 -0.8938 0.0503 0.2375 -0.9012 0.0524 0.2347 -0.9077 0.0546 0.2318 -0.9144 0.0573 0.2283 -0.9144 0.0517 0.2341
107.0 -0.9523 0.043 0.2392 -0.9012 0.0927 0.1935 -0.8662 0.0736 0.2165 -0.8587 0.0661 0.2249 -0.8609 0.0633 0.2275 -0.8604 0.0609 0.23 -0.9015 0.0591 0.2278 -0.8987 0.0533 0.234 -0.8961 0.0488 0.2389 -0.892 0.0451 0.2431 -0.9081 0.0499 0.2366
108.0 -0.9461 0.0475 0.2352 -0.8608 0.0578 0.2331 -0.8509 0.072 0.2196 -0.8644 0.0836 0.2064 -0.8957 0.0861 0.2007 -0.9168 0.0863 0.1984 -0.8876 0.05 0.2385 -0.8986 0.0576 0.2296 -0.9112 0.0645 0.2213 -0.9236 0.0701 0.2143 -0.9134 0.0579 0.2278
109.0 -0.9448 0.0502 0.2326 -0.8815 0.0856 0.2027 -0.8622 0.0809 0.2094 -0.8619 0.0846 0.2057 -0.8645 0.0793 0.2108 -0.8607 0.0676 0.2231 -0.8948 0.0612 0.2263 -0.8931 0.0565 0.2312 -0.8924 0.0524 0.2356 -0.8907 0.0477 0.2405 -0.9031 0.0536 0.2333
110.0 -0.9447 0.0496 0.2332 -0.857 0.0614 0.2298 -0.8577 0.0754 0.2155 -0.8776 0.0886 0.2 -0.8931 0.0865 0.2006 -0.9081 0.0869 0.1987 -0.8891 0.054 0.2342 -0.9 0.0605 0.2265 -0.9113 0.0651 0.2207 -0.9214 0.0674 0.2174 -0.9133 0.0593 0.2264
111.0 -0.9421 0.0499 0.2331 -0.8579 0.0613 0.2299 -0.8596 0.0714 0.2193 -0.8746 0.0865 0.2024 -0.9029 0.0821 0.2041 -0.918 0.0831 0.2016 -0.8858 0.0551 0.2335 -0.897 0.0639 0.2233 -0.9096 0.0702 0.2156 -0.9217 0.0741 0.2105 -0.9112 0.0626 0.2232
112.0 -0.9431 0.0504 0.2326 -0.8604 0.0609 0.23 -0.8605 0.0713 0.2194 -0.8787 0.0847 0.2038 -0.912 0.079 0.2064 -0.9212 0.0814 0.203 -0.8863 0.0526 0.236 -0.8967 0.0621 0.2251 -0.9076 0.0692 0.2168 -0.9181 0.0739 0.211 -0.9104 0.0617 0.2243
113.0 -0.9424 0.0517 0.2313 -0.8593 0.0593 0.2318 -0.8598 0.072 0.2187 -0.8786 0.0841 0.2045 -0.9069 0.0803 0.2056 -0.9175 0.0801 0.2047 -0.8857 0.0545 0.2341 -0.8961 0.0635 0.2239 -0.907 0.0705 0.2155 -0.9175 0.0752 0.2097 -0.9097 0.0631 0.2229
114.0 -0.9455 0.0495 0.2333 -0.8612 0.0602 0.2306 -0.8604 0.0707 0.22 -0.8844 0.0821 0.2059 -0.9129 0.0789 0.2064 -0.922 0.0807 0.2036 -0.8844 0.0522 0.2365 -0.8949 0.0618 0.2257 -0.9067 0.0687 0.2174 -0.9173 0.074 0.2109 -0.9098 0.0612 0.2248
114.0 -0.9455 0.0495 0.2333 -0.8612 0.0602 0.2306 -0.8604 0.0707 0.22 -0.8844 0.0821 0.2059 -0.9129 0.0789 0.2064 -0.922 0.0807 0.2036 -0.8844 0.0522 0.2365 -0.8949 0.0618 0.2257 -0.9067 0.0687 0.2174 -0.9173 0.074 0.2109 -0.9098 0.0612 0.2248
116.0 -0.9441 0.0515 0.2313 -0.8666 0.0711 0.219 -0.8627 0.079 0.2113 -0.9076 0.079 0.2068 -0.913 0.0795 0.2058 -0.9033 0.0796 0.2067 -0.8865 0.0592 0.2291 -0.8922 0.0615 0.2262 -0.8986 0.0625 0.2246 -0.9045 0.0611 0.2254 -0.9052 0.0592 0.2273
117.0 -0.9449 0.0508 0.232 -0.8615 0.062 0.2288 -0.8624 0.0723 0.2182 -0.8798 0.0809 0.2076 -0.9007 0.0799 0.2066 -0.9108 0.0822 0.2032 -0.8883 0.0541 0.2342 -0.8968 0.0627 0.2245 -0.9058 0.0689 0.2174 -0.9127 0.0728 0.2126 -0.9097 0.0619 0.2241
118.0 -0.942 0.0493 0.2338 -0.8596 0.0611 0.2299 -0.8605 0.0713 0.2194 -0.8726 0.0801 0.2092 -0.9015 0.0792 0.2072 -0.9204 0.0816 0.203 -0.8857 0.0545 0.2341 -0.8953 0.0642 0.2232 -0.9079 0.0704 0.2156 -0.9209 0.0748 0.2098 -0.9104 0.0626 0.2233
119.0 -0.9429 0.0498 0.2332 -0.8591 0.0636 0.2274 -0.8621 0.0705 0.2201 -0.8737 0.0811 0.208 -0.908 0.0765 0.2093 -0.9197 0.078 0.2067 -0.8839 0.0541 0.2346 -0.8944 0.0637 0.2238 -0.906 0.0701 0.2161 -0.9175 0.0752 0.2097 -0.9089 0.0626 0.2235
120.0 -0.9431 0.0504 0.2326 -0.8599 0.0628 0.2281 -0.8622 0.0711 0.2194 -0.8863 0.0782 0.2098 -0.9174 0.0746 0.2103 -0.9251 0.0785 0.2056 -0.8858 0.0551 0.2335 -0.8953 0.0642 0.2232 -0.9061 0.0707 0.2155 -0.9184 0.0751 0.2097 -0.9097 0.0631 0.2229
121.0 -0.9422 0.0505 0.2325 -0.8614 0.0614 0.2294 -0.8601 0.0689 0.2218 -0.8684 0.0812 0.2084 -0.9176 0.0758 0.2091 -0.9247 0.0761 0.2081 -0.8853 0.0521 0.2366 -0.8931 0.0614 0.2262 -0.903 0.068 0.2185 -0.9128 0.0734 0.212 -0.9073 0.0611 0.2252
122.0 -0.9424 0.0517 0.2313 -0.8626 0.0631 0.2276 -0.8638 0.0703 0.2201 -0.8932 0.0773 0.21 -0.9175 0.0752 0.2097 -0.9198 0.0786 0.2061 -0.8863 0.0526 0.236 -0.8939 0.0613 0.2263 -0.9029 0.0674 0.2191 -0.9126 0.0722 0.2133 -0.9076 0.061 0.2252
123.0 -0.9423 0.0511 0.2319 -0.8651 0.0621 0.2283 -0.8606 0.067 0.2237 -0.8848 0.0796 0.2084 -0.9179 0.0776 0.2072 -0.9236 0.0799 0.2043 -0.8871 0.0525 0.236 -0.8958 0.0617 0.2257 -0.9057 0.0683 0.218 -0.9153 0.0725 0.2127 -0.9092 0.0612 0.2249
124.0 -0.9398 0.0521 0.2312 -0.858 0.0619 0.2293 -0.8608 0.0731 0.2175 -0.8969 0.078 0.2089 -0.9186 0.0763 0.2085 -0.9247 0.0761 0.2081 -0.8823 0.0549 0.2339 -0.8918 0.064 0.2237 -0.9035 0.0704 0.216 -0.9149 0.0756 0.2096 -0.9064 0.0634 0.2229
125.0 -0.9406 0.0513 0.2318 -0.8614 0.0614 0.2294 -0.862 0.0699 0.2207 -0.8815 0.0807 0.2077 -0.9135 0.0776 0.2077 -0.922 0.0807 0.2036 -0.8851 0.0558 0.2328 -0.8944 0.0637 0.2238 -0.9041 0.0691 0.2173 -0.9135 0.0727 0.2127 -0.9075 0.0625 0.2237
126.0 -0.9398 0.0521 0.2312 -0.8597 0.0617 0.2293 -0.8623 0.0717 0.2188 -0.8924 0.0774 0.21 -0.9168 0.0765 0.2084 -0.924 0.0774 0.2068 -0.8804 0.0546 0.2345 -0.8917 0.0634 0.2243 -0.9026 0.0705 0.216 -0.9123 0.0759 0.2095 -0.9054 0.0633 0.2231
127.0 -0.9372 0.0524 0.2311 -0.8606 0.0615 0.2294 -0.8603 0.0701 0.2206 -0.8769 0.0795 0.2094 -0.9141 0.0757 0.2096 -0.9213 0.0772 0.2074 -0.8824 0.0555 0.2333 -0.891 0.0648 0.223 -0.9019 0.0718 0.2147 -0.9117 0.0772 0.2082 -0.9049 0.0644 0.2221
128.0 -0.9431 0.0504 0.2326 -0.8598 0.0622 0.2287 -0.8567 0.0749 0.2161 -0.8891 0.0791 0.2086 -0.9127 0.0777 0.2076 -0.9155 0.0792 0.2059 -0.8858 0.0551 0.2335 -0.895 0.0624 0.2251 -0.903 0.068 0.2185 -0.9107 0.0719 0.2138 -0.9075 0.0615 0.2247
129.0 -0.9395 0.0503 0.233 -0.8602 0.0597 0.2312 -0.8639 0.0709 0.2195 -0.8949 0.0771 0.2101 -0.9142 0.0763 0.209 -0.9234 0.0787 0.2056 -0.8815 0.0557 0.2333 -0.8918 0.064 0.2237 -0.9035 0.0704 0.216 -0.9156 0.0743 0.2109 -0.9064 0.0629 0.2234
130.0 -0.9429 0.0498 0.2332 -0.8608 0.0627 0.2281 -0.8606 0.0719 0.2187 -0.8775 0.0831 0.2057 -0.9162 0.0778 0.2072 -0.9226 0.0794 0.2049 -0.8846 0.0534 0.2353 -0.8931 0.0614 0.2262 -0.9029 0.0674 0.2191 -0.9116 0.0717 0.2139 -0.907 0.0608 0.2255
131.0 -0.9465 0.0499 0.2327 -0.866 0.0626 0.2277 -0.8665 0.0705 0.2196 -0.896 0.0781 0.2089 -0.9141 0.0757 0.2096 -0.917 0.0826 0.2022 -0.8869 0.0513 0.2373 -0.8961 0.0586 0.2289 -0.9052 0.0653 0.2211 -0.913 0.0697 0.2158 -0.9095 0.059 0.2271
132.0 -0.9407 0.0519 0.2312 -0.8615 0.0669 0.2238 -0.8633 0.0722 0.2182 -0.8908 0.0837 0.2037 -0.9128 0.0783 0.207 -0.9182 0.0794 0.2054 -0.8855 0.0533 0.2353 -0.8939 0.0613 0.2263 -0.903 0.068 0.2185 -0.9099 0.072 0.2138 -0.9066 0.0613 0.225
133.0 -0.9399 0.0527 0.2306 -0.8604 0.0658 0.225 -0.8675 0.071 0.219 -0.9004 0.0781 0.2084 -0.9135 0.0776 0.2077 -0.92 0.0798 0.2048 -0.8834 0.0566 0.2321 -0.8937 0.065 0.2225 -0.9044 0.0709 0.2154 -0.9137 0.0739 0.2114 -0.907 0.0638 0.2224
134.0 -0.9447 0.0496 0.2332 -0.8607 0.0621 0.2287 -0.8591 0.0733 0.2174 -0.8841 0.0803 0.2078 -0.916 0.0767 0.2084 -0.9213 0.082 0.2024 -0.8857 0.0545 0.2341 -0.8959 0.0623 0.2251 -0.9066 0.0682 0.218 -0.9144 0.0726 0.2127 -0.9094 0.0614 0.2246
135.0 -0.9407 0.0519 0.2312 -0.8587 0.0612 0.2299 -0.8598 0.072 0.2187 -0.8804 0.0796 0.2089 -0.9135 0.0776 0.2077 -0.9232 0.0775 0.2068 -0.8839 0.0541 0.2346 -0.8926 0.0639 0.2237 -0.9044 0.0709 0.2154 -0.9149 0.0756 0.2096 -0.9073 0.0633 0.2229
136.0 -0.9433 0.0516 0.2313 -0.8651 0.0621 0.2283 -0.8614 0.0712 0.2194 -0.8713 0.0827 0.2067 -0.912 0.079 0.2064 -0.9177 0.0813 0.2035 -0.8876 0.0554 0.2329 -0.895 0.0624 0.2251 -0.9038 0.0673 0.2192 -0.9105 0.0707 0.2151 -0.908 0.0615 0.2247
137.0 -0.9422 0.0505 0.2325 -0.8563 0.0676 0.2236 -0.8642 0.072 0.2183 -0.8902 0.0801 0.2074 -0.9152 0.0774 0.2077 -0.9232 0.0775 0.2068 -0.8828 0.053 0.2358 -0.8931 0.0614 0.2262 -0.9048 0.0678 0.2186 -0.9153 0.0725 0.2127 -0.9076 0.061 0.2252
138.0 -0.9438 0.0497 0.2332 -0.8642 0.0623 0.2283 -0.863 0.0704 0.2201 -0.8673 0.0802 0.2096 -0.9024 0.0797 0.2066 -0.9161 0.0821 0.2028 -0.887 0.0519 0.2366 -0.8953 0.0593 0.2282 -0.9043 0.0654 0.2211 -0.9123 0.0704 0.2151 -0.9085 0.0593 0.2268
139.0 -0.9431 0.0504 0.2326 -0.8694 0.0719 0.2178 -0.865 0.0719 0.2183 -0.8677 0.082 0.2078 -0.895 0.0825 0.2045 -0.8962 0.0793 0.2076 -0.8895 0.0558 0.2324 -0.8923 0.0572 0.2306 -0.8951 0.0581 0.2295 -0.8961 0.0586 0.2289 -0.9032 0.056 0.2308
140.0 -0.9415 0.0518 0.2312 -0.862 0.065 0.2257 -0.8657 0.0706 0.2196 -0.8928 0.0798 0.2075 -0.9143 0.0769 0.2083 -0.9182 0.0794 0.2054 -0.8832 0.0554 0.2334 -0.8915 0.0622 0.2256 -0.9005 0.0684 0.2184 -0.9082 0.0722 0.2137 -0.905 0.062 0.2245
141.0 -0.9432 0.051 0.2319 -0.8597 0.0617 0.2293 -0.8633 0.0722 0.2182 -0.8835 0.0823 0.2059 -0.9143 0.0769 0.2083 -0.9197 0.078 0.2067 -0.8817 0.052 0.2371 -0.8914 0.0617 0.2262 -0.9024 0.0693 0.2172 -0.9131 0.0752 0.2102 -0.9063 0.0618 0.2245
142.0 -0.9421 0.0499 0.2331 -0.8606 0.0615 0.2294 -0.8591 0.0733 0.2174 -0.8697 0.0835 0.206 -0.9133 0.0764 0.2089 -0.9224 0.0782 0.2062 -0.8847 0.054 0.2347 -0.8934 0.0632 0.2244 -0.9042 0.0697 0.2167 -0.9138 0.0745 0.2108 -0.9077 0.0623 0.2239
143.0 -0.9447 0.0496 0.2332 -0.8602 0.0646 0.2262 -0.8621 0.0705 0.2201 -0.8811 0.0832 0.2052 -0.9134 0.077 0.2083 -0.9225 0.0788 0.2055 -0.885 0.0503 0.2384 -0.8946 0.06 0.2276 -0.9065 0.0676 0.2186 -0.9173 0.074 0.2109 -0.9096 0.0603 0.2258
144.0 -0.9438 0.0497 0.2332 -0.8571 0.062 0.2292 -0.8591 0.0733 0.2174 -0.8716 0.0845 0.2048 -0.9018 0.081 0.2054 -0.9189 0.083 0.2016 -0.8847 0.054 0.2347 -0.8952 0.0636 0.2238 -0.9077 0.0698 0.2162 -0.9191 0.0744 0.2104 -0.9101 0.0623 0.2237
145.0 -0.9435 0.0479 0.2351 -0.8593 0.0593 0.2318 -0.8599 0.0726 0.2181 -0.8789 0.0859 0.2026 -0.8923 0.0872 0.2 -0.9151 0.0865 0.1984 -0.8846 0.0534 0.2353 -0.8976 0.062 0.2252 -0.9119 0.0686 0.217 -0.9259 0.0729 0.2113 -0.9127 0.061 0.2248
145.0 -0.9435 0.0479 0.2351 -0.8593 0.0593 0.2318 -0.8599 0.0726 0.2181 -0.8789 0.0859 0.2026 -0.8923 0.0872 0.2 -0.9151 0.0865 0.1984 -0.8846 0.0534 0.2353 -0.8976 0.062 0.2252 -0.9119 0.0686 0.217 -0.9259 0.0729 0.2113 -0.9127 0.061 0.2248
147.0 -0.9454 0.0489 0.2339 -0.8568 0.0602 0.2311 -0.855 0.0702 0.221 -0.8656 0.0853 0.2046 -0.8924 0.0829 0.2044 -0.9112 0.0846 0.2007 -0.8858 0.0502 0.2385 -0.898 0.0595 0.2277 -0.91 0.0677 0.2182 -0.9227 0.0745 0.2099 -0.9124 0.0602 0.2256
148.0 -0.9501 0.0452 0.2372 -0.8497 0.0551 0.2371 -0.8547 0.0635 0.2279 -0.8735 0.0751 0.2142 -0.8888 0.0773 0.2105 -0.9117 0.0876 0.1976 -0.8899 0.0484 0.2399 -0.9029 0.057 0.2298 -0.9156 0.0645 0.2209 -0.9273 0.0709 0.2132 -0.9171 0.0572 0.2282
148.0 -0.9501 0.0452 0.2372 -0.8497 0.0551 0.2371 -0.8547 0.0635 0.2279 -0.8735 0.0751 0.2142 -0.8888 0.0773 0.2105 -0.9117 0.0876 0.1976 -0.8899 0.0484 0.2399 -0.9029 0.057 0.2298 -0.9156 0.0645 0.2209 -0.9273 0.0709 0.2132 -0.9171 0.0572 0.2282
150.0 -0.9499 0.0446 0.2378 -0.9036 0.0863 0.1998 -0.8632 0.0716 0.2188 -0.85 0.0666 0.2252 -0.8603 0.0603 0.2306 -0.8572 0.0522 0.2392 -0.9051 0.0598 0.2267 -0.9003 0.0525 0.2346 -0.8974 0.0462 0.2414 -0.8953 0.0391 0.2488 -0.9096 0.0484 0.2379
151.0 -0.9509 0.0451 0.2372 -0.8871 0.0873 0.2004 -0.8585 0.0746 0.2162 -0.8512 0.0683 0.2234 -0.8601 0.064 0.2268 -0.8527 0.0516 0.2403 -0.9046 0.0617 0.2248 -0.8998 0.0544 0.2328 -0.8976 0.0468 0.2408 -0.8952 0.0385 0.2494 -0.9096 0.0493 0.237
152.0 -0.9548 0.047 0.2349 -0.8644 0.0586 0.232 -0.8515 0.0652 0.2265 -0.8485 0.068 0.2239 -0.8593 0.0696 0.2212 -0.8725 0.0642 0.2254 -0.9003 0.0525 0.2346 -0.9023 0.0541 0.2329 -0.9071 0.0559 0.2305 -0.9122 0.0552 0.2307 -0.9153 0.0529 0.2327
153.0 -0.9552 0.0445 0.2374 -0.906 0.0902 0.1955 -0.863 0.0753 0.2151 -0.8498 0.0654 0.2264 -0.8475 0.0621 0.2301 -0.853 0.0485 0.2434 -0.9118 0.0626 0.2232 -0.906 0.0548 0.2317 -0.9027 0.0461 0.241 -0.9001 0.036 0.2515 -0.9151 0.0488 0.237
154.0 -0.9557 0.0475 0.2343 -0.8586 0.0502 0.2411 -0.8582 0.0631 0.228 -0.8541 0.0649 0.2266 -0.8567 0.0694 0.2217 -0.8682 0.0648 0.2253 -0.9028 0.0516 0.2354 -0.9054 0.0567 0.2299 -0.9085 0.0593 0.2268 -0.911 0.0584 0.2276 -0.9167 0.0547 0.2308
155.0 -0.9576 0.0429 0.2387 -0.9066 0.0834 0.2024 -0.865 0.0719 0.2183 -0.8529 0.0632 0.2284 -0.8498 0.0605 0.2314 -0.8563 0.0474 0.2442 -0.9139 0.0598 0.2258 -0.9091 0.0525 0.2337 -0.9069 0.0449 0.2418 -0.9061 0.0352 0.2517 -0.9187 0.0471 0.2384
156.0 -0.9546 0.0458 0.2361 -0.8947 0.0759 0.2113 -0.881 0.0679 0.2208 -0.8652 0.0627 0.2277 -0.8488 0.0595 0.2326 -0.8569 0.0455 0.2461 -0.9085 0.0593 0.2268 -0.9056 0.0524 0.2342 -0.9052 0.0451 0.2417 -0.9062 0.0358 0.2511 -0.916 0.0477 0.238
157.0 -0.9586 0.044 0.2375 -0.8969 0.0731 0.2139 -0.8728 0.066 0.2236 -0.8586 0.0606 0.2305 -0.8535 0.0564 0.2353 -0.8618 0.0437 0.2475 -0.9127 0.0582 0.2276 -0.91 0.0524 0.2338 -0.9103 0.0444 0.2419 -0.9122 0.035 0.2513 -0.9208 0.0468 0.2384
158.0 -0.9623 0.0447 0.2364 -0.9106 0.0762 0.2094 -0.8751 0.0645 0.2249 -0.8637 0.0593 0.2314 -0.8538 0.0533 0.2385 -0.8628 0.0392 0.2519 -0.916 0.0565 0.229 -0.9121 0.0497 0.2364 -0.9115 0.0412 0.2451 -0.9123 0.0307 0.2557 -0.9229 0.0446 0.2405
159.0 -0.9909 0.0323 0.2463 -0.8976 0.0272 0.2608 -0.8747 0.0468 0.243 -0.8838 0.0639 0.2246 -0.9044 0.0709 0.2154 -0.9394 0.0747 0.2081 -0.9304 0.0332 0.2514 -0.9373 0.0426 0.2411 -0.9482 0.0497 0.2328 -0.963 0.0538 0.2271 -0.954 0.0423 0.2397
160.0 -0.9953 0.0324 0.2458 -0.9028 0.0265 0.261 -0.8789 0.0456 0.2438 -0.8864 0.0635 0.2247 -0.9105 0.0707 0.2151 -0.9442 0.0722 0.2101 -0.9345 0.032 0.2522 -0.9415 0.0414 0.2419 -0.9533 0.0484 0.2336 -0.9673 0.0532 0.2273 -0.9584 0.0415 0.2401
161.0 -1.0013 0.0315 0.2461 -0.9076 0.024 0.263 -0.884 0.0449 0.244 -0.8894 0.0607 0.2274 -0.9138 0.069 0.2164 -0.9468 0.0719 0.2102 -0.9406 0.0312 0.2524 -0.9457 0.0403 0.2427 -0.9567 0.0479 0.2337 -0.9707 0.0528 0.2274 -0.963 0.0407 0.2404
162.0 -1.0073 0.0307 0.2463 -0.9128 0.0233 0.2632 -0.8873 0.0433 0.2454 -0.8928 0.0596 0.2281 -0.9189 0.0683 0.2166 -0.9498 0.069 0.2128 -0.9449 0.0306 0.2526 -0.95 0.0397 0.2428 -0.9609 0.0468 0.2345 -0.9749 0.0516 0.2282 -0.9676 0.0399 0.2409
163.0 -1.0092 0.0311 0.2457 -0.9178 0.022 0.2641 -0.8923 0.042 0.2462 -0.896 0.058 0.2295 -0.9229 0.0659 0.2187 -0.9541 0.0684 0.213 -0.9474 0.0303 0.2527 -0.9526 0.0393 0.2429 -0.9627 0.0471 0.2339 -0.9768 0.052 0.2276 -0.9697 0.04 0.2406
164.0 -1.0135 0.0305 0.2459 -0.9221 0.0215 0.2642 -0.8982 0.0406 0.2471 -0.906 0.0548 0.2317 -0.9269 0.0636 0.2207 -0.9583 0.0673 0.2138 -0.9526 0.0296 0.2529 -0.9577 0.0386 0.2431 -0.9679 0.0464 0.2341 -0.9811 0.0514 0.2278 -0.9745 0.0393 0.2408
165.0 -1.0178 0.0299 0.2461 -0.9273 0.0208 0.2644 -0.9017 0.0401 0.2472 -0.9094 0.0543 0.2319 -0.9287 0.0639 0.2201 -0.961 0.0675 0.2133 -0.9578 0.0289 0.2531 -0.9629 0.038 0.2433 -0.9729 0.0451 0.235 -0.9861 0.0501 0.2286 -0.9795 0.0384 0.2412
166.0 -1.0224 0.0311 0.2444 -0.9307 0.0203 0.2646 -0.906 0.0395 0.2474 -0.9128 0.0533 0.2326 -0.9336 0.0615 0.2222 -0.9641 0.0653 0.2153 -0.962 0.0283 0.2533 -0.9664 0.0381 0.2428 -0.9765 0.0453 0.2345 -0.9888 0.0503 0.2281 -0.9832 0.0386 0.2406
167.0 -1.0282 0.0291 0.2458 -0.9368 0.0195 0.2648 -0.9109 0.0376 0.2488 -0.9178 0.052 0.2335 -0.9371 0.0616 0.2217 -0.9675 0.0642 0.216 -0.968 0.0269 0.2541 -0.9722 0.0361 0.2443 -0.9814 0.0434 0.2359 -0.9947 0.0489 0.2289 -0.9889 0.0369 0.2418
168.0 -1.0334 0.029 0.2454 -0.943 0.0199 0.2638 -0.9153 0.0377 0.2483 -0.9194 0.0511 0.2341 -0.9404 0.0605 0.2225 -0.9659 0.065 0.2153 -0.9724 0.0269 0.2537 -0.9758 0.0362 0.2438 -0.9842 0.0442 0.2348 -0.9948 0.0495 0.2283 -0.9921 0.0372 0.2412
169.0 -1.0378 0.0291 0.245 -0.9481 0.0192 0.264 -0.9195 0.0365 0.2491 -0.9238 0.0512 0.2337 -0.9456 0.0598 0.2227 -0.9729 0.0653 0.2144 -0.9767 0.0263 0.2538 -0.9801 0.0356 0.244 -0.9885 0.0437 0.2349 -0.9992 0.0495 0.2279 -0.9964 0.0368 0.2411
170.0 -1.0421 0.0285 0.2451 -0.954 0.0178 0.2648 -0.9238 0.0359 0.2493 -0.929 0.0505 0.2339 -0.949 0.0594 0.2228 -0.9772 0.0647 0.2145 -0.9819 0.0262 0.2534 -0.9853 0.0355 0.2436 -0.9937 0.043 0.2351 -1.0061 0.0486 0.2281 -1.0018 0.0364 0.2411
171.0 -1.0474 0.0284 0.2447 -0.9592 0.0171 0.265 -0.929 0.0352 0.2495 -0.9324 0.05 0.234 -0.9533 0.0588 0.223 -0.984 0.0632 0.2154 -0.9846 0.0265 0.2529 -0.988 0.0358 0.243 -0.9962 0.0426 0.2352 -1.0095 0.0481 0.2283 -1.0051 0.0363 0.2408
172.0 -1.0493 0.0293 0.2435 -0.9645 0.017 0.2646 -0.9323 0.0341 0.2503 -0.935 0.0497 0.2341 -0.9559 0.0584 0.2231 -0.9866 0.0628 0.2155 -0.9889 0.0259 0.2531 -0.9914 0.0353 0.2432 -0.9999 0.0433 0.2341 -1.0113 0.0485 0.2277 -1.0082 0.0365 0.2403
173.0 -1.0532 0.0313 0.2412 -0.9711 0.0148 0.2661 -0.9358 0.0343 0.2498 -0.9403 0.0496 0.2337 -0.9586 0.0587 0.2225 -0.9855 0.0618 0.2167 -0.995 0.0257 0.2527 -0.9969 0.0364 0.2415 -1.0045 0.0445 0.2324 -1.0142 0.05 0.2259 -1.0128 0.0376 0.2388
174.0 -1.0651 0.029 0.2423 -0.9825 0.0145 0.2653 -0.9478 0.0321 0.2508 -0.9518 0.0498 0.2323 -0.9663 0.0576 0.2228 -0.9998 0.0629 0.2141 -1.0056 0.0261 0.2512 -1.0082 0.0355 0.2413 -1.0156 0.0424 0.2335 -1.027 0.0476 0.2271 -1.0243 0.0361 0.2391
175.0 -1.0695 0.0291 0.2418 -0.9886 0.0143 0.2649 -0.9522 0.0321 0.2504 -0.9559 0.0487 0.2331 -0.9732 0.0567 0.2231 -1.0031 0.0618 0.2149 -1.0117 0.0253 0.2515 -1.0142 0.0347 0.2416 -1.0216 0.0416 0.2337 -1.0322 0.0469 0.2273 -1.0298 0.0355 0.2392
176.0 -1.0813 0.0311 0.2385 -1.0026 0.0137 0.2642 -0.9644 0.0316 0.2496 -0.9655 0.048 0.2328 -0.9826 0.0554 0.2235 -1.0087 0.0586 0.2176 -1.0265 0.0245 0.2508 -1.0271 0.0329 0.2421 -1.0319 0.0402 0.2341 -1.0397 0.0447 0.2288 -1.0413 0.0347 0.2389
177.0 -1.0875 0.0315 0.2375 -1.0104 0.0132 0.2639 -0.9705 0.0314 0.2492 -0.9724 0.0471 0.2331 -0.989 0.0564 0.2218 -1.0171 0.0612 0.2142 -1.031 0.0251 0.2497 -1.0326 0.034 0.2404 -1.0374 0.0413 0.2325 -1.0452 0.0458 0.2271 -1.0467 0.0356 0.2374
178.0 -1.1001 0.0329 0.2349 -1.0264 0.0141 0.2614 -0.9828 0.031 0.2485 -0.9845 0.046 0.2329 -0.9982 0.0539 0.2235 -1.0164 0.0576 0.2179 -1.0454 0.0268 0.2465 -1.0453 0.0366 0.2365 -1.0492 0.0434 0.2292 -1.0542 0.047 0.225 -1.0588 0.0373 0.2344
179.0 -1.1082 0.0342 0.2327 -1.0335 0.0144 0.2604 -0.9907 0.0311 0.2475 -0.9907 0.0464 0.2319 -1.0091 0.0555 0.2208 -1.032 0.061 0.2129 -1.0541 0.0263 0.2462 -1.0539 0.0354 0.2369 -1.0569 0.0424 0.2295 -1.0638 0.0469 0.2241 -1.0674 0.037 0.2339
180.0 -1.1218 0.036 0.2295 -1.0481 0.0173 0.256 -1.0041 0.0324 0.2449 -1.0032 0.0472 0.2299 -1.0177 0.055 0.2205 -1.0493 0.0593 0.2129 -1.0659 0.0283 0.2429 -1.0666 0.0374 0.2336 -1.0722 0.0446 0.2257 -1.0792 0.0491 0.2203 -1.0811 0.0391 0.2304
181.0 -1.1313 0.0403 0.2242 -1.0562 0.0186 0.2538 -1.0094 0.0323 0.2445 -1.0068 0.0479 0.2288 -1.0214 0.0557 0.2194 -1.0533 0.0618 0.21 -1.0714 0.03 0.2407 -1.0713 0.0392 0.2313 -1.0762 0.0471 0.2227 -1.0842 0.0527 0.2162 -1.0869 0.0419 0.227
182.0 -1.1337 0.0387 0.2256 -1.0626 0.0196 0.2522 -1.0189 0.0316 0.2442 -1.0177 0.0495 0.2261 -1.0304 0.0569 0.2172 -1.0566 0.0607 0.2107 -1.076 0.0312 0.239 -1.0768 0.0403 0.2296 -1.0807 0.0477 0.2217 -1.0876 0.0523 0.2163 -1.091 0.042 0.2264
183.0 -1.1397 0.0379 0.2258 -1.0715 0.0202 0.2506 -1.0236 0.0334 0.2419 -1.0204 0.0497 0.2256 -1.0329 0.056 0.2179 -1.0631 0.0629 0.2079 -1.0839 0.0308 0.2386 -1.0828 0.0395 0.2299 -1.0866 0.0463 0.2225 -1.0944 0.0507 0.2172 -1.0975 0.041 0.2268
184.0 -1.145 0.0384 0.2248 -1.0775 0.0194 0.2509 -1.0297 0.0326 0.2422 -1.0256 0.0496 0.2251 -1.0381 0.0559 0.2175 -1.0672 0.0611 0.2093 -1.0891 0.0307 0.2382 -1.088 0.0394 0.2294 -1.0918 0.0456 0.2227 -1.0988 0.0508 0.2167 -1.1026 0.041 0.2264
185.0 -1.1513 0.0388 0.2238 -1.0835 0.0186 0.2511 -1.0333 0.0333 0.2411 -1.0308 0.0489 0.2253 -1.0445 0.0569 0.2159 -1.0708 0.0613 0.2088 -1.0952 0.0299 0.2385 -1.0942 0.0392 0.229 -1.0981 0.0466 0.2211 -1.1042 0.0512 0.2157 -1.1086 0.0411 0.2256
186.0 -1.1574 0.0386 0.2234 -1.0888 0.0185 0.2507 -1.0384 0.032 0.2419 -1.0368 0.0481 0.2256 -1.0507 0.0572 0.2149 -1.0761 0.0618 0.2077 -1.1014 0.0302 0.2374 -1.1003 0.0389 0.2287 -1.1032 0.0459 0.2213 -1.1085 0.0507 0.2159 -1.1142 0.0409 0.2253
187.0 -1.1618 0.0386 0.2229 -1.0941 0.019 0.2497 -1.0444 0.0312 0.2421 -1.0411 0.0476 0.2257 -1.0556 0.0554 0.2163 -1.0814 0.0617 0.2073 -1.1068 0.0307 0.2364 -1.1055 0.0389 0.2282 -1.1085 0.0458 0.2209 -1.1146 0.0505 0.2155 -1.1194 0.0409 0.2248
188.0 -1.1696 0.0381 0.2226 -1.0967 0.0187 0.2498 -1.0498 0.0323 0.2404 -1.0482 0.0478 0.2248 -1.0625 0.0544 0.2166 -1.0857 0.0611 0.2075 -1.1112 0.0308 0.2359 -1.1109 0.0393 0.2272 -1.1147 0.0462 0.2198 -1.1218 0.0513 0.2139 -1.1256 0.0411 0.2239
189.0 -1.175 0.0386 0.2216 -1.1048 0.0194 0.2482 -1.056 0.0321 0.2401 -1.0534 0.0477 0.2243 -1.0686 0.0542 0.2162 -1.0918 0.0609 0.2071 -1.1164 0.0307 0.2355 -1.1162 0.0392 0.2268 -1.1191 0.0462 0.2194 -1.1263 0.0519 0.2128 -1.1306 0.0413 0.2232
190.0 -1.1803 0.0385 0.2211 -1.1121 0.0209 0.246 -1.0606 0.0333 0.2384 -1.0579 0.0483 0.2233 -1.0704 0.054 0.2163 -1.0927 0.0607 0.2071 -1.1245 0.0314 0.234 -1.1232 0.0395 0.2258 -1.1262 0.0464 0.2184 -1.1323 0.0511 0.213 -1.1373 0.0414 0.2225
191.0 -1.1848 0.0392 0.2201 -1.1205 0.0191 0.2469 -1.0665 0.0319 0.2392 -1.0649 0.048 0.2229 -1.0769 0.0562 0.2134 -1.099 0.0617 0.2055 -1.1298 0.0319 0.2329 -1.1286 0.04 0.2248 -1.1315 0.0463 0.218 -1.1377 0.0516 0.212 -1.1425 0.0418 0.2215
192.0 -1.1895 0.041 0.2177 -1.1259 0.0196 0.2459 -1.0725 0.0311 0.2394 -1.0702 0.0479 0.2225 -1.0804 0.0563 0.2129 -1.1027 0.063 0.2038 -1.1343 0.0325 0.2319 -1.134 0.0405 0.2237 -1.136 0.047 0.2169 -1.1421 0.0516 0.2115 -1.1472 0.0425 0.2204
193.0 -1.1965 0.0406 0.2174 -1.1289 0.0216 0.2435 -1.0791 0.0339 0.236 -1.075 0.0503 0.2196 -1.0877 0.0577 0.2107 -1.1092 0.0646 0.2015 -1.1431 0.0326 0.2309 -1.142 0.0413 0.2222 -1.1441 0.0483 0.2147 -1.1485 0.0532 0.2093 -1.1549 0.0432 0.2189
194.0 -1.2027 0.041 0.2164 -1.1367 0.0212 0.2432 -1.0871 0.034 0.235 -1.0828 0.0499 0.2192 -1.0946 0.0568 0.211 -1.118 0.0647 0.2006 -1.1476 0.0332 0.2299 -1.1474 0.0418 0.2211 -1.1504 0.0487 0.2137 -1.1567 0.0545 0.2071 -1.1609 0.0438 0.2176
195.0 -1.2121 0.0397 0.2168 -1.1483 0.0221 0.2411 -1.0994 0.0342 0.2336 -1.0969 0.0498 0.2179 -1.1078 0.0569 0.2096 -1.1312 0.0647 0.1993 -1.1599 0.0327 0.2291 -1.1588 0.0414 0.2203 -1.1618 0.049 0.2123 -1.1682 0.0548 0.2057 -1.1722 0.0435 0.2168
196.0 -1.2461 0.0376 0.2156 -1.1851 0.0208 0.2388 -1.1375 0.0303 0.2338 -1.1348 0.0453 0.2188 -1.1459 0.0536 0.2092 -1.1709 0.0606 0.1995 -1.193 0.0307 0.2279 -1.1925 0.0381 0.2204 -1.1963 0.0449 0.213 -1.2035 0.0507 0.2064 -1.2063 0.0404 0.2167
197.0 -1.2497 0.0383 0.2145 -1.1927 0.0191 0.2397 -1.1418 0.0297 0.234 -1.1388 0.0429 0.2208 -1.1493 0.0525 0.2099 -1.1752 0.06 0.1997 -1.1973 0.0301 0.228 -1.1968 0.0375 0.2205 -1.2006 0.0443 0.2132 -1.2078 0.0501 0.2066 -1.2104 0.0401 0.2166
198.0 -1.2514 0.0381 0.2145 -1.1961 0.0187 0.2399 -1.1461 0.0291 0.2342 -1.1415 0.0432 0.2203 -1.1526 0.0514 0.2107 -1.1777 0.059 0.2004 -1.1998 0.0298 0.2281 -1.1994 0.0372 0.2206 -1.2031 0.0434 0.2139 -1.2112 0.0496 0.2067 -1.213 0.0396 0.2168
199.0 -1.2521 0.0368 0.2158 -1.1972 0.0198 0.2387 -1.1483 0.027 0.2361 -1.1438 0.0416 0.2216 -1.1559 0.0504 0.2115 -1.1801 0.0575 0.2018 -1.2016 0.0296 0.2282 -1.201 0.0363 0.2213 -1.2056 0.0424 0.2146 -1.2137 0.0487 0.2074 -1.2148 0.0388 0.2175
200.0 -1.2539 0.0371 0.2153 -1.1988 0.0189 0.2393 -1.1501 0.0273 0.2356 -1.1456 0.0414 0.2217 -1.1584 0.0494 0.2122 -1.1817 0.0567 0.2025 -1.204 0.0286 0.2289 -1.2027 0.0361 0.2214 -1.2064 0.0423 0.2147 -1.2146 0.0486 0.2075 -1.2163 0.0386 0.2175
201.0 -1.2566 0.0374 0.2147 -1.2004 0.0181 0.24 -1.1536 0.0269 0.2357 -1.148 0.0404 0.2224 -1.16 0.0486 0.2129 -1.1841 0.0557 0.2032 -1.2066 0.0283 0.229 -1.2053 0.0358 0.2215 -1.209 0.042 0.2148 -1.2171 0.0482 0.2076 -1.2189 0.0383 0.2175
202.0 -1.2572 0.0361 0.216 -1.2037 0.0164 0.2414 -1.1562 0.0265 0.2358 -1.1523 0.0399 0.2226 -1.1617 0.0484 0.2129 -1.185 0.0556 0.2032 -1.2091 0.0273 0.2298 -1.2078 0.0348 0.2222 -1.2115 0.041 0.2155 -1.2189 0.048 0.2076 -1.2209 0.0375 0.2182
203.0 -1.2591 0.0365 0.2155 -1.2099 0.0168 0.2404 -1.1587 0.0262 0.2359 -1.1532 0.0397 0.2226 -1.1627 0.0488 0.2123 -1.1885 0.0557 0.2027 -1.2109 0.0277 0.2292 -1.2096 0.0352 0.2217 -1.2134 0.042 0.2143 -1.2215 0.0482 0.2071 -1.2229 0.0379 0.2175
204.0 -1.2626 0.0366 0.215 -1.2134 0.017 0.2399 -1.1616 0.0276 0.2342 -1.1559 0.04 0.2221 -1.1662 0.049 0.2119 -1.1913 0.0566 0.2016 -1.2137 0.0285 0.2281 -1.2124 0.036 0.2205 -1.2161 0.0423 0.2138 -1.2234 0.0486 0.2066 -1.2256 0.0384 0.2168
205.0 -1.2636 0.0371 0.2144 -1.2145 0.018 0.2387 -1.1642 0.0273 0.2343 -1.1585 0.0396 0.2222 -1.168 0.0487 0.2119 -1.1929 0.0558 0.2023 -1.2154 0.0283 0.2281 -1.2141 0.0358 0.2206 -1.2179 0.0426 0.2132 -1.2259 0.0483 0.2067 -1.2274 0.0384 0.2166
206.0 -1.267 0.0366 0.2145 -1.2172 0.0183 0.2382 -1.1659 0.027 0.2343 -1.1603 0.04 0.2216 -1.1715 0.0489 0.2114 -1.1947 0.0555 0.2023 -1.2181 0.0285 0.2276 -1.2168 0.0361 0.2201 -1.2205 0.0423 0.2133 -1.2277 0.048 0.2067 -1.23 0.0383 0.2164
207.0 -1.2687 0.0364 0.2146 -1.2207 0.0184 0.2377 -1.1685 0.0267 0.2344 -1.1629 0.0397 0.2217 -1.1723 0.0482 0.2121 -1.1973 0.0558 0.2018 -1.2207 0.0282 0.2277 -1.2192 0.0351 0.2208 -1.2221 0.0414 0.214 -1.2293 0.0472 0.2074 -1.232 0.0377 0.2169
208.0 -1.2704 0.0361 0.2146 -1.2215 0.0177 0.2383 -1.1701 0.0259 0.2351 -1.1645 0.0388 0.2224 -1.1748 0.0478 0.2122 -1.199 0.0549 0.2025 -1.2214 0.0275 0.2284 -1.2201 0.035 0.2208 -1.2238 0.0412 0.2141 -1.231 0.047 0.2075 -1.2334 0.0374 0.2171
209.0 -1.2786 0.0375 0.2125 -1.2294 0.0179 0.2374 -1.1782 0.0266 0.2335 -1.1744 0.0405 0.2197 -1.1848 0.0495 0.2095 -1.2073 0.0575 0.1991 -1.2304 0.0287 0.2262 -1.2291 0.0362 0.2187 -1.232 0.0425 0.2119 -1.2384 0.049 0.2047 -1.2417 0.0388 0.2148
210.0 -1.2795 0.0374 0.2125 -1.2321 0.0181 0.2369 -1.1792 0.0277 0.2323 -1.1747 0.0417 0.2184 -1.185 0.0507 0.2082 -1.2084 0.0586 0.1979 -1.2314 0.0292 0.2256 -1.2301 0.0367 0.2181 -1.2338 0.0429 0.2113 -1.2411 0.0493 0.2041 -1.2432 0.0391 0.2143
211.0 -1.2859 0.0389 0.2102 -1.2325 0.0205 0.2344 -1.1814 0.0298 0.2299 -1.1786 0.0443 0.2155 -1.189 0.0532 0.2052 -1.2112 0.0594 0.1967 -1.2353 0.0311 0.2233 -1.234 0.0392 0.2151 -1.2378 0.0454 0.2084 -1.2449 0.0512 0.2018 -1.2476 0.0412 0.2118
212.0 -1.287 0.04 0.209 -1.2352 0.0207 0.2339 -1.1842 0.0307 0.2288 -1.1786 0.0443 0.2155 -1.1901 0.0543 0.204 -1.2121 0.0599 0.1961 -1.2363 0.0322 0.2221 -1.2359 0.0396 0.2146 -1.2396 0.0458 0.2078 -1.2468 0.0515 0.2012 -1.2491 0.0418 0.2109
213.0 -1.2887 0.0398 0.2091 -1.2352 0.0207 0.2339 -1.1843 0.0313 0.2282 -1.1797 0.0453 0.2142 -1.1908 0.0536 0.2047 -1.214 0.0603 0.1956 -1.2373 0.0327 0.2215 -1.2368 0.0401 0.214 -1.2406 0.0463 0.2072 -1.2477 0.052 0.2006 -1.2502 0.0422 0.2105
214.0 -1.2896 0.0403 0.2085 -1.2353 0.0213 0.2333 -1.1843 0.0313 0.2282 -1.1804 0.0446 0.2149 -1.1917 0.0535 0.2047 -1.2141 0.0608 0.195 -1.2381 0.0326 0.2215 -1.2377 0.0399 0.214 -1.2414 0.0462 0.2073 -1.2486 0.0519 0.2007 -1.2511 0.0422 0.2104
215.0 -1.2905 0.0401 0.2086 -1.237 0.0211 0.2333 -1.186 0.031 0.2282 -1.1805 0.0452 0.2143 -1.1918 0.0541 0.2041 -1.2158 0.0606 0.195 -1.2391 0.033 0.2209 -1.2377 0.0399 0.214 -1.2414 0.0462 0.2073 -1.2494 0.0518 0.2007 -1.2516 0.0422 0.2103
216.0 -1.2905 0.0401 0.2086 -1.237 0.0211 0.2333 -1.1869 0.0315 0.2276 -1.1822 0.0444 0.215 -1.1934 0.0533 0.2048 -1.2157 0.06 0.1957 -1.239 0.0324 0.2215 -1.2385 0.0398 0.214 -1.2423 0.046 0.2073 -1.2495 0.0524 0.2001 -1.252 0.0422 0.2103
217.0 -1.2904 0.0396 0.2092 -1.237 0.0211 0.2333 -1.1877 0.0308 0.2283 -1.1832 0.0455 0.2138 -1.1926 0.054 0.2041 -1.2158 0.0606 0.195 -1.2399 0.0323 0.2216 -1.2385 0.0398 0.214 -1.2424 0.0466 0.2067 -1.2495 0.0524 0.2001 -1.2521 0.0421 0.2103
218.0 -1.2894 0.0391 0.2098 -1.2359 0.02 0.2345 -1.1859 0.0304 0.2289 -1.1831 0.0449 0.2144 -1.1925 0.0534 0.2048 -1.2156 0.0594 0.1963 -1.2398 0.0317 0.2222 -1.2384 0.0392 0.2147 -1.2423 0.046 0.2073 -1.2494 0.0518 0.2007 -1.2519 0.0416 0.2109
219.0 -1.2895 0.0397 0.2091 -1.2368 0.0199 0.2346 -1.1868 0.0309 0.2283 -1.183 0.0443 0.215 -1.1934 0.0533 0.2048 -1.2157 0.06 0.1957 -1.2398 0.0317 0.2222 -1.2385 0.0398 0.214 -1.2423 0.046 0.2073 -1.2494 0.0518 0.2007 -1.2519 0.0418 0.2107
220.0 -1.2903 0.039 0.2098 -1.2377 0.0198 0.2346 -1.1859 0.0304 0.2289 -1.1821 0.0438 0.2156 -1.1925 0.0534 0.2048 -1.2156 0.0594 0.1963 -1.2397 0.0311 0.2228 -1.2384 0.0392 0.2147 -1.2423 0.046 0.2073 -1.2494 0.0518 0.2007 -1.252 0.0414 0.2111
221.0 -1.2913 0.0394 0.2092 -1.2367 0.0193 0.2352 -1.1859 0.0304 0.2289 -1.183 0.0443 0.215 -1.1917 0.0535 0.2047 -1.2157 0.06 0.1957 -1.2397 0.0311 0.2228 -1.2383 0.0386 0.2153 -1.2422 0.0454 0.2079 -1.2493 0.0512 0.2013 -1.2521 0.0412 0.2113
222.0 -1.2903 0.039 0.2098 -1.2378 0.0204 0.234 -1.1866 0.0297 0.2295 -1.1823 0.045 0.2143 -1.1925 0.0534 0.2048 -1.2156 0.0594 0.1963 -1.2397 0.0311 0.2228 -1.2393 0.0391 0.2147 -1.243 0.0453 0.208 -1.2502 0.0511 0.2014 -1.2525 0.0411 0.2113
223.0 -1.2903 0.039 0.2098 -1.2385 0.0197 0.2346 -1.1867 0.0303 0.2289 -1.184 0.0448 0.2144 -1.1925 0.0534 0.2048 -1.2156 0.0594 0.1963 -1.2397 0.0311 0.2228 -1.2383 0.0386 0.2153 -1.2413 0.0456 0.2079 -1.2493 0.0512 0.2013 -1.2518 0.0411 0.2114
224.0 -1.2886 0.0392 0.2097 -1.2368 0.0199 0.2346 -1.1858 0.0299 0.2295 -1.1831 0.0449 0.2144 -1.1917 0.0535 0.2047 -1.2155 0.0588 0.1969 -1.2388 0.0312 0.2228 -1.2375 0.0388 0.2152 -1.2413 0.0456 0.2079 -1.2494 0.0518 0.2007 -1.2511 0.0413 0.2113
225.0 -1.2894 0.0391 0.2098 -1.2376 0.0192 0.2352 -1.1859 0.0304 0.2289 -1.1831 0.0449 0.2144 -1.1925 0.0534 0.2048 -1.2156 0.0594 0.1963 -1.2387 0.0306 0.2234 -1.2383 0.0386 0.2153 -1.2413 0.0456 0.2079 -1.2486 0.0519 0.2007 -1.2513 0.0412 0.2114
226.0 -1.2886 0.0392 0.2097 -1.2367 0.0193 0.2352 -1.1859 0.0304 0.2289 -1.184 0.0448 0.2144 -1.1925 0.0534 0.2048 -1.2156 0.0594 0.1963 -1.2388 0.0312 0.2228 -1.2375 0.0388 0.2152 -1.2413 0.0456 0.2079 -1.2486 0.0519 0.2007 -1.2509 0.0413 0.2113
227.0 -1.2895 0.0397 0.2091 -1.2377 0.0198 0.2346 -1.1867 0.0303 0.2289 -1.183 0.0443 0.215 -1.1916 0.0529 0.2053 -1.2156 0.0594 0.1963 -1.2389 0.0318 0.2222 -1.2376 0.0394 0.2146 -1.2414 0.0462 0.2073 -1.2486 0.0519 0.2007 -1.2512 0.0418 0.2108
228.0 -1.2904 0.0396 0.2092 -1.2368 0.0199 0.2346 -1.1867 0.0303 0.2289 -1.1831 0.0449 0.2144 -1.1933 0.0527 0.2054 -1.2148 0.0601 0.1956 -1.2388 0.0312 0.2228 -1.2384 0.0392 0.2147 -1.2423 0.046 0.2073 -1.2494 0.0518 0.2007 -1.2519 0.0416 0.2109
229.0 -1.2905 0.0401 0.2086 -1.2377 0.0198 0.2346 -1.1877 0.0308 0.2283 -1.1822 0.0444 0.215 -1.1925 0.0534 0.2048 -1.2149 0.0607 0.195 -1.2398 0.0317 0.2222 -1.2394 0.0397 0.2141 -1.2423 0.046 0.2073 -1.2495 0.0524 0.2001 -1.2523 0.042 0.2104
230.0 -1.2914 0.04 0.2086 -1.2386 0.0203 0.234 -1.1877 0.0308 0.2283 -1.1823 0.045 0.2143 -1.1926 0.054 0.2041 -1.2168 0.0611 0.1945 -1.2398 0.0317 0.2222 -1.2394 0.0397 0.2141 -1.2432 0.0465 0.2067 -1.2504 0.0523 0.2001 -1.2528 0.0421 0.2103
231.0 -1.2922 0.0399 0.2086 -1.2396 0.0208 0.2334 -1.1878 0.0314 0.2277 -1.1823 0.045 0.2143 -1.1926 0.054 0.2041 -1.216 0.0618 0.1938 -1.2399 0.0323 0.2216 -1.2394 0.0397 0.2141 -1.2432 0.0465 0.2067 -1.2504 0.0523 0.2001 -1.253 0.0422 0.2102
232.0 -1.2924 0.0411 0.2074 -1.2396 0.0208 0.2334 -1.1878 0.0314 0.2277 -1.1833 0.0461 0.2131 -1.1927 0.0546 0.2035 -1.2169 0.0617 0.1938 -1.2407 0.0322 0.2216 -1.2395 0.0403 0.2134 -1.2432 0.0465 0.2067 -1.2505 0.0529 0.1995 -1.2533 0.0426 0.2097
233.0 -1.2922 0.0399 0.2086 -1.2395 0.0202 0.2341 -1.1878 0.0314 0.2277 -1.1833 0.0461 0.2131 -1.1935 0.0539 0.2042 -1.2169 0.0617 0.1938 -1.2407 0.0322 0.2216 -1.2395 0.0403 0.2134 -1.2432 0.0465 0.2067 -1.2514 0.0528 0.1995 -1.2534 0.0423 0.21
234.0 -1.2932 0.0404 0.208 -1.2395 0.0202 0.2341 -1.1887 0.0313 0.2277 -1.1833 0.0461 0.2131 -1.1936 0.0544 0.2035 -1.2177 0.0616 0.1939 -1.2407 0.0322 0.2216 -1.2403 0.0396 0.2141 -1.2432 0.0465 0.2067 -1.2514 0.0528 0.1995 -1.2538 0.0423 0.21
235.0 -1.2932 0.0404 0.208 -1.2405 0.0206 0.2335 -1.1887 0.0313 0.2277 -1.184 0.0448 0.2144 -1.1935 0.0539 0.2042 -1.2177 0.0616 0.1939 -1.2415 0.0315 0.2223 -1.2403 0.0396 0.2141 -1.2441 0.0464 0.2068 -1.2522 0.0526 0.1996 -1.2542 0.0421 0.2101
236.0 -1.2932 0.0404 0.208 -1.2403 0.02 0.2341 -1.1886 0.0307 0.2283 -1.1841 0.0453 0.2138 -1.1944 0.0537 0.2042 -1.217 0.0623 0.1932 -1.2416 0.0321 0.2216 -1.2404 0.0402 0.2135 -1.2441 0.0464 0.2068 -1.2514 0.0528 0.1995 -1.2541 0.0424 0.2099
237.0 -1.2947 0.039 0.2093 -1.2387 0.0209 0.2334 -1.1887 0.0313 0.2277 -1.184 0.0448 0.2144 -1.1951 0.053 0.2049 -1.2175 0.0604 0.1951 -1.2424 0.032 0.2217 -1.2411 0.0395 0.2141 -1.2448 0.0457 0.2074 -1.252 0.0514 0.2008 -1.255 0.0415 0.2107
