1.0 -1.39 -0.0496 0.2905 -1.3304 -0.0837 0.3313 -1.2594 -0.0522 0.306 -1.2588 -0.0301 0.2835 -1.269 -0.0223 0.2745 -1.3008 -0.0113 0.2602 -1.3279 -0.0626 0.3099 -1.3273 -0.0509 0.298 -1.3326 -0.0407 0.287 -1.3432 -0.0305 0.2755 -1.3442 -0.0469 0.2922
2.0 -1.3892 -0.0489 0.2898 -1.3312 -0.0838 0.3313 -1.2601 -0.0529 0.3067 -1.2597 -0.0302 0.2835 -1.2691 -0.0217 0.2739 -1.3008 -0.0113 0.2602 -1.327 -0.0625 0.3099 -1.3264 -0.0514 0.2986 -1.3317 -0.0412 0.2876 -1.3423 -0.031 0.2761 -1.3433 -0.047 0.2924
3.0 -1.3897 -0.0514 0.2923 -1.3295 -0.0836 0.3312 -1.26 -0.0535 0.3073 -1.2595 -0.0314 0.2848 -1.2717 -0.0221 0.274 -1.3008 -0.0113 0.2602 -1.3279 -0.0626 0.3099 -1.3273 -0.0509 0.298 -1.3325 -0.0413 0.2876 -1.3432 -0.0305 0.2755 -1.3441 -0.0474 0.2927
4.0 -1.3928 -0.0488 0.2893 -1.3312 -0.0838 0.3313 -1.2609 -0.0536 0.3073 -1.2596 -0.0308 0.2842 -1.2708 -0.0219 0.274 -1.3019 -0.0103 0.259 -1.3288 -0.0627 0.31 -1.3273 -0.0509 0.298 -1.3326 -0.0407 0.287 -1.3432 -0.0305 0.2755 -1.3449 -0.0467 0.292
5.0 -1.377 -0.0485 0.2906 -1.3333 -0.0823 0.3295 -1.2609 -0.0536 0.3073 -1.257 -0.0305 0.2841 -1.2675 -0.0209 0.2732 -1.3001 -0.0106 0.2595 -1.3246 -0.0616 0.3092 -1.3239 -0.0505 0.2979 -1.3292 -0.0402 0.2869 -1.3396 -0.0312 0.2766 -1.3388 -0.0464 0.2922
6.0 -1.3961 -0.0499 0.2901 -1.3311 -0.0844 0.3319 -1.2601 -0.0529 0.3067 -1.2596 -0.0308 0.2842 -1.2708 -0.0219 0.274 -1.3009 -0.0107 0.2595 -1.3296 -0.0629 0.31 -1.3289 -0.0518 0.2987 -1.3334 -0.0414 0.2877 -1.344 -0.0312 0.2762 -1.3464 -0.0474 0.2925
7.0 -1.4001 -0.0522 0.2921 -1.3301 -0.0855 0.3331 -1.2601 -0.0529 0.3067 -1.2595 -0.0314 0.2848 -1.2716 -0.0227 0.2746 -1.3015 -0.0126 0.2614 -1.3304 -0.0636 0.3106 -1.3298 -0.0519 0.2988 -1.3342 -0.0415 0.2877 -1.344 -0.0312 0.2762 -1.3477 -0.0481 0.2931
8.0 -1.401 -0.0523 0.2921 -1.331 -0.085 0.3325 -1.26 -0.0535 0.3073 -1.2604 -0.0309 0.2842 -1.2715 -0.0233 0.2753 -1.3016 -0.012 0.2608 -1.3312 -0.0637 0.3107 -1.3298 -0.0519 0.2988 -1.3351 -0.0416 0.2877 -1.3448 -0.0313 0.2762 -1.3484 -0.0482 0.2931
9.0 -1.3992 -0.0521 0.2921 -1.3301 -0.0855 0.3331 -1.2609 -0.0536 0.3073 -1.2603 -0.0315 0.2848 -1.2715 -0.0233 0.2753 -1.3006 -0.0125 0.2614 -1.3304 -0.0636 0.3106 -1.3298 -0.0519 0.2988 -1.3341 -0.0421 0.2883 -1.3447 -0.0319 0.2768 -1.3477 -0.0483 0.2933
10.0 -1.374 -0.0505 0.293 -1.3313 -0.0832 0.3307 -1.2607 -0.0548 0.3086 -1.2586 -0.0313 0.2848 -1.2681 -0.0222 0.2745 -1.2991 -0.0111 0.2601 -1.3225 -0.0631 0.311 -1.3228 -0.0516 0.2991 -1.329 -0.0414 0.2881 -1.3395 -0.0318 0.2773 -1.3376 -0.0477 0.2937
11.0 -1.3821 -0.0498 0.2914 -1.3294 -0.0842 0.3318 -1.2608 -0.0542 0.3079 -1.2587 -0.0307 0.2841 -1.269 -0.0223 0.2745 -1.3007 -0.0119 0.2608 -1.3251 -0.0635 0.3111 -1.3245 -0.0518 0.2992 -1.3298 -0.0415 0.2881 -1.3404 -0.0313 0.2767 -1.3404 -0.0476 0.2933
12.0 -1.373 -0.051 0.2936 -1.3303 -0.0843 0.3319 -1.2607 -0.0548 0.3086 -1.2586 -0.0313 0.2848 -1.2682 -0.0216 0.2739 -1.3017 -0.0114 0.2602 -1.3224 -0.0637 0.3116 -1.3236 -0.0523 0.2998 -1.3297 -0.0421 0.2888 -1.3403 -0.0319 0.2773 -1.3378 -0.0482 0.2942
13.0 -1.3686 -0.051 0.294 -1.3305 -0.0831 0.3306 -1.2606 -0.0554 0.3092 -1.2579 -0.0306 0.2841 -1.2674 -0.0215 0.2739 -1.3001 -0.0106 0.2595 -1.32 -0.0628 0.3109 -1.3202 -0.0512 0.299 -1.3264 -0.0411 0.288 -1.3369 -0.0315 0.2772 -1.3344 -0.0475 0.2938
14.0 -1.3722 -0.0509 0.2935 -1.3305 -0.0831 0.3306 -1.2609 -0.0536 0.3073 -1.2588 -0.0301 0.2835 -1.2692 -0.0211 0.2733 -1.3018 -0.0109 0.2596 -1.3225 -0.0631 0.311 -1.3228 -0.0516 0.2991 -1.3298 -0.0415 0.2881 -1.3403 -0.0319 0.2773 -1.3375 -0.0478 0.2938
15.0 -1.358 -0.0514 0.2955 -1.3223 -0.0747 0.3228 -1.2584 -0.0526 0.3066 -1.2581 -0.0294 0.2829 -1.2678 -0.0191 0.2714 -1.3019 -0.0103 0.259 -1.3124 -0.0605 0.3093 -1.3152 -0.0499 0.2982 -1.3222 -0.0399 0.2872 -1.3343 -0.0311 0.2771 -1.3284 -0.0466 0.2935
16.0 -1.3561 -0.0524 0.2966 -1.3246 -0.0762 0.3242 -1.2584 -0.0526 0.3066 -1.2572 -0.0293 0.2828 -1.2676 -0.0203 0.2726 -1.3019 -0.0103 0.259 -1.3116 -0.0604 0.3093 -1.3144 -0.0492 0.2975 -1.3222 -0.0399 0.2872 -1.3333 -0.0316 0.2777 -1.3275 -0.0467 0.2937
17.0 -1.3624 -0.0514 0.295 -1.3292 -0.0805 0.3281 -1.2594 -0.0522 0.306 -1.2581 -0.0294 0.2829 -1.2683 -0.021 0.2733 -1.3019 -0.0103 0.259 -1.3167 -0.0611 0.3095 -1.3187 -0.0498 0.2977 -1.3249 -0.0396 0.2867 -1.3361 -0.0308 0.2765 -1.3318 -0.0465 0.2931
18.0 -1.3653 -0.05 0.2933 -1.3321 -0.0791 0.3263 -1.2593 -0.0528 0.3066 -1.2573 -0.0287 0.2822 -1.2677 -0.0197 0.272 -1.302 -0.0097 0.2583 -1.3185 -0.0614 0.3096 -1.3196 -0.0499 0.2977 -1.3266 -0.0399 0.2868 -1.3371 -0.0303 0.2759 -1.3334 -0.0463 0.2926
19.0 -1.3643 -0.0504 0.2938 -1.3329 -0.0792 0.3264 -1.2595 -0.0516 0.3054 -1.2583 -0.0282 0.2816 -1.2677 -0.0197 0.272 -1.3019 -0.0103 0.259 -1.3178 -0.06 0.3083 -1.3189 -0.0486 0.2965 -1.3259 -0.0391 0.2861 -1.3362 -0.0302 0.2759 -1.3326 -0.0457 0.2921
20.0 -1.3883 -0.0494 0.2904 -1.3289 -0.0823 0.3299 -1.2605 -0.0505 0.3042 -1.2593 -0.0277 0.281 -1.2695 -0.0193 0.2714 -1.302 -0.0097 0.2583 -1.3264 -0.0612 0.3086 -1.3257 -0.0501 0.2973 -1.3309 -0.0404 0.2869 -1.3415 -0.0303 0.2755 -1.3426 -0.0463 0.2918
21.0 -1.3858 -0.0485 0.2897 -1.3297 -0.0824 0.33 -1.2597 -0.0504 0.3042 -1.2591 -0.0283 0.2817 -1.2694 -0.0199 0.2721 -1.302 -0.0097 0.2583 -1.3255 -0.0611 0.3086 -1.3249 -0.0494 0.2967 -1.331 -0.0398 0.2863 -1.3425 -0.0298 0.2749 -1.342 -0.0457 0.2912
22.0 -1.3814 -0.0485 0.2901 -1.3297 -0.0824 0.33 -1.2596 -0.051 0.3048 -1.2593 -0.0277 0.281 -1.2687 -0.0192 0.2714 -1.3019 -0.0103 0.259 -1.323 -0.0607 0.3085 -1.3232 -0.0492 0.2966 -1.3293 -0.0396 0.2862 -1.3398 -0.03 0.2754 -1.3393 -0.0456 0.2914
23.0 -1.3672 -0.049 0.2921 -1.3319 -0.0803 0.3276 -1.2589 -0.0497 0.3035 -1.2576 -0.0269 0.2803 -1.2679 -0.0185 0.2708 -1.3031 -0.0086 0.2571 -1.3179 -0.0594 0.3077 -1.319 -0.048 0.2958 -1.326 -0.0385 0.2855 -1.3364 -0.029 0.2747 -1.3333 -0.0448 0.2911
24.0 -1.3647 -0.0487 0.292 -1.3346 -0.0794 0.3264 -1.2589 -0.0497 0.3035 -1.2585 -0.027 0.2804 -1.267 -0.0184 0.2707 -1.3022 -0.0085 0.2571 -1.3162 -0.0592 0.3076 -1.3172 -0.0484 0.2964 -1.3234 -0.0382 0.2854 -1.3347 -0.0287 0.2746 -1.3312 -0.0446 0.2912
25.0 -1.3629 -0.0484 0.2919 -1.3314 -0.0778 0.325 -1.259 -0.0491 0.3029 -1.2576 -0.0269 0.2803 -1.268 -0.0179 0.2701 -1.3022 -0.0085 0.2571 -1.3163 -0.0586 0.307 -1.3173 -0.0478 0.2958 -1.3234 -0.0382 0.2854 -1.3347 -0.0287 0.2746 -1.3309 -0.0443 0.2909
26.0 -1.4 -0.0479 0.2877 -1.3279 -0.0828 0.3305 -1.2581 -0.0495 0.3035 -1.2603 -0.0266 0.2798 -1.2722 -0.0191 0.2709 -1.303 -0.0092 0.2577 -1.3283 -0.0602 0.3074 -1.3276 -0.0492 0.2962 -1.3329 -0.0389 0.2851 -1.3435 -0.0287 0.2737 -1.3465 -0.045 0.29
27.0 -1.361 -0.0494 0.2931 -1.3313 -0.0784 0.3257 -1.2582 -0.0489 0.3028 -1.256 -0.0261 0.2797 -1.2671 -0.0178 0.2701 -1.3014 -0.0084 0.2571 -1.3146 -0.0584 0.3069 -1.3156 -0.0475 0.2957 -1.3225 -0.0381 0.2854 -1.3329 -0.0291 0.2751 -1.3293 -0.0445 0.2912
28.0 -1.3522 -0.0494 0.294 -1.3058 -0.0633 0.3128 -1.2582 -0.0489 0.3028 -1.2561 -0.0255 0.279 -1.2664 -0.0171 0.2694 -1.3006 -0.0076 0.2564 -1.3095 -0.0571 0.3061 -1.313 -0.0472 0.2956 -1.3208 -0.0379 0.2853 -1.3311 -0.0295 0.2757 -1.3253 -0.0442 0.2913
28.0 -1.3522 -0.0494 0.294 -1.3058 -0.0633 0.3128 -1.2582 -0.0489 0.3028 -1.2561 -0.0255 0.279 -1.2664 -0.0171 0.2694 -1.3006 -0.0076 0.2564 -1.3095 -0.0571 0.3061 -1.313 -0.0472 0.2956 -1.3208 -0.0379 0.2853 -1.3311 -0.0295 0.2757 -1.3253 -0.0442 0.2913
30.0 -1.3595 -0.048 0.2918 -1.3281 -0.0767 0.3243 -1.2589 -0.0497 0.3035 -1.256 -0.0261 0.2797 -1.2655 -0.017 0.2694 -1.3006 -0.0076 0.2564 -1.3138 -0.0577 0.3063 -1.3157 -0.0469 0.2951 -1.3218 -0.0374 0.2847 -1.3329 -0.0291 0.2751 -1.3287 -0.0438 0.2906
30.0 -1.3595 -0.048 0.2918 -1.3281 -0.0767 0.3243 -1.2589 -0.0497 0.3035 -1.256 -0.0261 0.2797 -1.2655 -0.017 0.2694 -1.3006 -0.0076 0.2564 -1.3138 -0.0577 0.3063 -1.3157 -0.0469 0.2951 -1.3218 -0.0374 0.2847 -1.3329 -0.0291 0.2751 -1.3287 -0.0438 0.2906
30.0 -1.3595 -0.048 0.2918 -1.3281 -0.0767 0.3243 -1.2589 -0.0497 0.3035 -1.256 -0.0261 0.2797 -1.2655 -0.017 0.2694 -1.3006 -0.0076 0.2564 -1.3138 -0.0577 0.3063 -1.3157 -0.0469 0.2951 -1.3218 -0.0374 0.2847 -1.3329 -0.0291 0.2751 -1.3287 -0.0438 0.2906
30.0 -1.3595 -0.048 0.2918 -1.3281 -0.0767 0.3243 -1.2589 -0.0497 0.3035 -1.256 -0.0261 0.2797 -1.2655 -0.017 0.2694 -1.3006 -0.0076 0.2564 -1.3138 -0.0577 0.3063 -1.3157 -0.0469 0.2951 -1.3218 -0.0374 0.2847 -1.3329 -0.0291 0.2751 -1.3287 -0.0438 0.2906
34.0 -1.3609 -0.0451 0.2887 -1.299 -0.0819 0.3325 -1.2265 -0.0538 0.311 -1.2243 -0.0315 0.2884 -1.2356 -0.0221 0.2776 -1.2684 -0.0106 0.2627 -1.2956 -0.0613 0.3118 -1.2941 -0.0495 0.2999 -1.2995 -0.0392 0.2888 -1.31 -0.0291 0.2774 -1.312 -0.0449 0.2933
35.0 -1.3627 -0.0447 0.2882 -1.2945 -0.0826 0.3336 -1.2219 -0.055 0.3127 -1.2179 -0.0325 0.29 -1.2329 -0.0223 0.2781 -1.2623 -0.0104 0.263 -1.293 -0.061 0.3117 -1.2906 -0.0497 0.3004 -1.2951 -0.0393 0.2893 -1.3057 -0.0285 0.2772 -1.3094 -0.0446 0.2933
36.0 -1.3609 -0.0451 0.2887 -1.2873 -0.0834 0.3352 -1.2164 -0.0561 0.3143 -1.2137 -0.0313 0.2893 -1.2267 -0.0227 0.2791 -1.256 -0.0114 0.2647 -1.2886 -0.061 0.3121 -1.2862 -0.0497 0.3008 -1.2908 -0.0387 0.2891 -1.3006 -0.0278 0.277 -1.3054 -0.0444 0.2936
37.0 -1.3486 -0.0447 0.2895 -1.2814 -0.082 0.3343 -1.2095 -0.0558 0.3147 -1.2039 -0.0325 0.2914 -1.218 -0.0221 0.2794 -1.2507 -0.0113 0.2651 -1.2807 -0.0611 0.3131 -1.2792 -0.0493 0.3012 -1.2845 -0.0391 0.2901 -1.2952 -0.0283 0.2781 -1.2977 -0.0445 0.2944
38.0 -1.346 -0.0449 0.29 -1.273 -0.0845 0.3378 -1.2009 -0.0546 0.3144 -1.1986 -0.0324 0.2918 -1.2126 -0.0226 0.2805 -1.2447 -0.0105 0.2649 -1.2745 -0.0609 0.3135 -1.2722 -0.049 0.3015 -1.2776 -0.0387 0.2905 -1.2882 -0.028 0.2784 -1.2917 -0.0443 0.2948
39.0 -1.34 -0.0441 0.2898 -1.2646 -0.0828 0.3368 -1.1944 -0.0562 0.3166 -1.1898 -0.0324 0.2927 -1.2058 -0.0217 0.2802 -1.2367 -0.0106 0.2658 -1.2667 -0.0605 0.3138 -1.2644 -0.0486 0.3018 -1.2689 -0.0382 0.2908 -1.2795 -0.0274 0.2787 -1.2839 -0.0437 0.295
40.0 -1.3286 -0.0438 0.2906 -1.2523 -0.0824 0.3376 -1.1832 -0.0553 0.3168 -1.1844 -0.0329 0.2937 -1.1984 -0.0238 0.283 -1.2298 -0.0103 0.2661 -1.2589 -0.06 0.3141 -1.2564 -0.0487 0.3028 -1.2609 -0.0383 0.2917 -1.2708 -0.0268 0.279 -1.2751 -0.0435 0.2956
41.0 -1.3096 -0.0467 0.2955 -1.2426 -0.0823 0.3385 -1.1889 -0.0579 0.3189 -1.1836 -0.0377 0.2987 -1.1925 -0.0272 0.2872 -1.2201 -0.0102 0.267 -1.2535 -0.0605 0.3152 -1.2504 -0.0479 0.3025 -1.2532 -0.0373 0.2914 -1.2621 -0.0263 0.2793 -1.2658 -0.0437 0.2968
42.0 -1.3084 -0.0435 0.2923 -1.2315 -0.0808 0.338 -1.1588 -0.0539 0.3177 -1.1567 -0.0304 0.2939 -1.1723 -0.0221 0.2839 -1.2063 -0.0084 0.2665 -1.2372 -0.0583 0.3145 -1.2355 -0.0477 0.3038 -1.24 -0.0373 0.2928 -1.2507 -0.0265 0.2807 -1.2543 -0.0427 0.2968
43.0 -1.301 -0.0407 0.2901 -1.2212 -0.0794 0.3376 -1.1483 -0.0537 0.3186 -1.1461 -0.0308 0.2954 -1.1627 -0.0214 0.2842 -1.195 -0.008 0.2673 -1.2266 -0.0581 0.3154 -1.2242 -0.0468 0.304 -1.2297 -0.0359 0.2924 -1.2396 -0.0244 0.2796 -1.2442 -0.0412 0.2963
44.0 -1.2867 -0.0418 0.2927 -1.2088 -0.0795 0.339 -1.1367 -0.0545 0.3206 -1.1353 -0.0324 0.2981 -1.1517 -0.0242 0.2881 -1.1828 -0.007 0.2675 -1.2185 -0.0595 0.3175 -1.2162 -0.0476 0.3056 -1.2198 -0.037 0.2945 -1.229 -0.0248 0.2811 -1.234 -0.0421 0.2983
45.0 -1.2749 -0.0439 0.296 -1.1921 -0.0797 0.3409 -1.1269 -0.055 0.3221 -1.1217 -0.0348 0.3019 -1.1379 -0.0223 0.2876 -1.1684 -0.0087 0.2706 -1.2063 -0.059 0.3183 -1.2039 -0.0471 0.3064 -1.2075 -0.0366 0.2953 -1.2175 -0.0251 0.2825 -1.222 -0.0424 0.2997
46.0 -1.2136 -0.0423 0.3005 -1.1323 -0.0747 0.3417 -1.0686 -0.0514 0.3242 -1.0725 -0.0294 0.3013 -1.0905 -0.0165 0.2864 -1.1203 -0.0071 0.2738 -1.1463 -0.0546 0.3197 -1.1466 -0.043 0.3079 -1.1538 -0.0318 0.2957 -1.1646 -0.0204 0.283 -1.165 -0.0384 0.3014
47.0 -1.203 -0.0372 0.2963 -1.1197 -0.0712 0.3393 -1.0672 -0.0494 0.3223 -1.0624 -0.0268 0.2996 -1.0777 -0.0148 0.2859 -1.1098 -0.002 0.2696 -1.1397 -0.0525 0.3182 -1.1391 -0.0408 0.3064 -1.1447 -0.0287 0.2935 -1.1556 -0.0168 0.2801 -1.1564 -0.0352 0.2989
48.0 -1.1825 -0.0338 0.2949 -1.0983 -0.0677 0.3379 -1.0533 -0.0433 0.3174 -1.0476 -0.0205 0.2947 -1.0627 -0.0097 0.2822 -1.093 0.0027 0.2665 -1.1228 -0.0484 0.3157 -1.1239 -0.0369 0.3039 -1.1304 -0.025 0.291 -1.1403 -0.0135 0.2783 -1.14 -0.0315 0.2968
49.0 -1.1702 -0.0291 0.2913 -1.0866 -0.0643 0.3355 -1.0347 -0.0389 0.3148 -1.0335 -0.0156 0.291 -1.0503 -0.005 0.2786 -1.0848 0.0056 0.2643 -1.1089 -0.0422 0.3108 -1.1124 -0.0323 0.3003 -1.1203 -0.0224 0.2894 -1.1325 -0.013 0.2786 -1.1289 -0.0278 0.2941
50.0 -1.163 -0.03 0.2929 -1.0762 -0.0635 0.3358 -1.024 -0.035 0.3119 -1.0243 -0.0131 0.2894 -1.042 -0.0027 0.277 -1.0778 0.0108 0.2596 -1.1019 -0.0419 0.3112 -1.1047 -0.0313 0.3 -1.1127 -0.0208 0.2885 -1.1242 -0.0101 0.2764 -1.1213 -0.0268 0.2938
51.0 -1.1575 -0.0262 0.2896 -1.0687 -0.0606 0.3336 -1.017 -0.0347 0.3122 -1.0167 -0.0115 0.2885 -1.0343 -0.001 0.2761 -1.0695 0.0138 0.2574 -1.0942 -0.0409 0.3109 -1.0962 -0.0295 0.2991 -1.1043 -0.0184 0.2869 -1.1159 -0.0071 0.2742 -1.1136 -0.0244 0.2921
52.0 -1.1537 -0.0226 0.2863 -1.0595 -0.0582 0.332 -1.0107 -0.0302 0.3082 -1.009 -0.0098 0.2876 -1.0277 0.0011 0.2746 -1.0585 0.0165 0.2558 -1.0875 -0.0387 0.3094 -1.0877 -0.0278 0.2981 -1.0949 -0.0165 0.2859 -1.1067 -0.0047 0.2726 -1.1061 -0.0221 0.2905
53.0 -1.1463 -0.0198 0.2841 -1.0494 -0.0556 0.3304 -1.0032 -0.028 0.3067 -1.0017 -0.0064 0.2848 -1.0211 0.0038 0.2724 -1.051 0.0187 0.2542 -1.08 -0.0365 0.3078 -1.0819 -0.0258 0.2966 -1.0891 -0.0145 0.2844 -1.1 -0.0026 0.2711 -1.0995 -0.0198 0.2888
54.0 -1.1393 -0.0195 0.2845 -1.0419 -0.0533 0.3288 -0.9954 -0.0275 0.307 -0.9946 -0.0066 0.2858 -1.01 0.0059 0.2714 -1.046 0.0206 0.2528 -1.0714 -0.0353 0.3075 -1.0725 -0.0239 0.2957 -1.0807 -0.0128 0.2835 -1.0933 -0.001 0.2702 -1.0914 -0.0185 0.2883
55.0 -1.1309 -0.0171 0.2829 -1.0344 -0.0505 0.3267 -0.9868 -0.0264 0.3067 -0.9869 -0.0056 0.2855 -1.0038 0.0055 0.2724 -1.0371 0.02 0.2543 -1.0623 -0.0323 0.3052 -1.0642 -0.0215 0.2941 -1.0714 -0.0103 0.2819 -1.0839 0.0008 0.2692 -1.0825 -0.0161 0.2867
56.0 -1.1262 -0.014 0.2802 -1.0254 -0.0468 0.3238 -0.981 -0.0244 0.3052 -0.9794 -0.0034 0.2839 -0.9964 0.0084 0.2702 -1.0296 0.0222 0.2528 -1.0554 -0.0313 0.305 -1.0572 -0.0212 0.2944 -1.0652 -0.0107 0.2829 -1.0778 0.0011 0.2696 -1.0763 -0.0152 0.2864
57.0 -1.1167 -0.0127 0.2799 -1.0162 -0.0444 0.3222 -0.9728 -0.0208 0.3024 -0.9703 0.0003 0.2811 -0.9889 0.0106 0.2687 -1.0238 0.0242 0.2513 -1.0486 -0.0298 0.3041 -1.0504 -0.0197 0.2935 -1.0577 -0.0084 0.2813 -1.0702 0.0027 0.2687 -1.0687 -0.0136 0.2855
58.0 -1.1056 -0.0112 0.2794 -1.0077 -0.0426 0.3212 -0.9653 -0.0186 0.3009 -0.9645 0.0023 0.2796 -0.9839 0.0125 0.2672 -1.018 0.0262 0.2498 -1.0402 -0.0275 0.3025 -1.0429 -0.0174 0.292 -1.0519 -0.0064 0.2799 -1.0643 0.0041 0.2679 -1.061 -0.0117 0.2843
59.0 -1.102 -0.0114 0.2799 -1.0008 -0.0417 0.321 -0.9602 -0.0173 0.3 -0.9602 0.0029 0.2794 -0.9781 0.0145 0.2658 -1.0097 0.0292 0.2476 -1.0334 -0.0265 0.3023 -1.037 -0.016 0.2912 -1.0459 -0.005 0.279 -1.0593 0.006 0.2664 -1.0555 -0.0106 0.2838
60.0 -1.0952 -0.0098 0.279 -0.9959 -0.0398 0.3195 -0.9544 -0.0153 0.2986 -0.9543 0.0043 0.2786 -0.9724 0.0171 0.2637 -1.0029 0.0307 0.2467 -1.0293 -0.0248 0.3008 -1.032 -0.0141 0.2897 -1.041 -0.0031 0.2776 -1.0535 0.008 0.2649 -1.0502 -0.0088 0.2824
61.0 -1.0887 -0.0071 0.2769 -0.9865 -0.0379 0.3186 -0.9477 -0.0131 0.2971 -0.9487 0.0075 0.2759 -0.9673 0.0178 0.2635 -0.9971 0.0327 0.2453 -1.0218 -0.0225 0.2993 -1.0254 -0.012 0.2882 -1.0335 -0.0009 0.276 -1.0468 0.0101 0.2634 -1.0432 -0.0065 0.2808
62.0 -1.0845 -0.006 0.2761 -0.9791 -0.0351 0.3164 -0.9402 -0.0109 0.2955 -0.943 0.0101 0.2738 -0.9623 0.0197 0.262 -0.9904 0.0342 0.2444 -1.0167 -0.0212 0.2985 -1.0211 -0.0114 0.288 -1.0299 -0.001 0.2765 -1.0425 0.0107 0.2633 -1.0389 -0.0058 0.2805
63.0 -1.0778 -0.0038 0.2746 -0.9739 -0.0344 0.3162 -0.936 -0.0097 0.2947 -0.938 0.0114 0.273 -0.9571 0.0204 0.2618 -0.9871 0.0359 0.243 -1.0099 -0.0197 0.2976 -1.0143 -0.0099 0.2872 -1.0249 0.0003 0.2757 -1.0383 0.0119 0.2625 -1.0331 -0.0043 0.2795
64.0 -1.0754 -0.0023 0.2733 -0.9692 -0.0313 0.3135 -0.9337 -0.0082 0.2934 -0.9339 0.0132 0.2715 -0.9532 0.0228 0.2598 -0.9838 0.037 0.2423 -1.0067 -0.0181 0.2962 -1.0102 -0.0081 0.2857 -1.0199 0.0022 0.2743 -1.0324 0.0133 0.2616 -1.0289 -0.0026 0.2782
65.0 -1.0724 0.0006 0.2707 -0.9635 -0.0287 0.3114 -0.9303 -0.0071 0.2926 -0.9322 0.0134 0.2715 -0.9522 0.0223 0.2604 -0.9796 0.0381 0.2415 -1.0035 -0.0164 0.2949 -1.007 -0.0065 0.2844 -1.0159 0.0045 0.2722 -1.0285 0.0157 0.2596 -1.0255 -0.0004 0.2763
66.0 -1.0675 0.0025 0.2692 -0.9582 -0.0286 0.3118 -0.9253 -0.0058 0.2918 -0.9288 0.0144 0.2707 -0.9473 0.0242 0.2589 -0.9778 0.0378 0.242 -0.9983 -0.0157 0.2947 -1.0027 -0.0059 0.2842 -1.0125 0.005 0.2721 -1.0259 0.016 0.2595 -1.0214 0.0004 0.2759
67.0 -1.0593 0.0011 0.2714 -0.9531 -0.0279 0.3116 -0.9213 -0.0035 0.2898 -0.9248 0.0168 0.2687 -0.9474 0.0248 0.2583 -0.9769 0.0379 0.242 -0.9931 -0.0156 0.2951 -0.9985 -0.0047 0.2834 -1.0083 0.0062 0.2713 -1.0208 0.0173 0.2587 -1.016 0.0008 0.276
68.0 -1.0549 0.0011 0.2719 -0.9463 -0.0264 0.3107 -0.9185 -0.0043 0.2909 -0.9239 0.0163 0.2693 -0.944 0.0258 0.2576 -0.9733 0.0372 0.2431 -0.9872 -0.0142 0.2942 -0.9925 -0.0039 0.2832 -1.004 0.0067 0.2711 -1.0174 0.0178 0.2585 -1.0112 0.0015 0.2758
69.0 -1.0458 -0.0007 0.2746 -0.9396 -0.0243 0.3092 -0.9146 -0.0013 0.2883 -0.9199 0.0187 0.2673 -0.9409 0.0281 0.2556 -0.9727 0.0391 0.2412 -0.982 -0.0135 0.294 -0.9874 -0.0026 0.2824 -0.999 0.008 0.2703 -1.0124 0.0197 0.2571 -1.0053 0.0022 0.2757
70.0 -1.0474 0.0033 0.2703 -0.9357 -0.0219 0.3072 -0.9133 0.0013 0.2857 -0.9194 0.0206 0.2654 -0.9369 0.0305 0.2536 -0.9684 0.0396 0.241 -0.9813 -0.0122 0.2927 -0.9868 -0.0013 0.2811 -0.9975 0.0095 0.269 -1.0117 0.0204 0.2564 -1.0049 0.0039 0.2739
71.0 -1.0424 0.0046 0.2695 -0.931 -0.0231 0.3089 -0.9099 0.0017 0.2856 -0.9126 0.0221 0.2645 -0.9344 0.0314 0.2528 -0.9671 0.0423 0.2385 -0.9756 -0.0096 0.2907 -0.9818 0.0006 0.2796 -0.9933 0.0106 0.2682 -1.0066 0.0217 0.2556 -0.9999 0.0056 0.2727
72.0 -1.0367 0.0023 0.2724 -0.9268 -0.0225 0.3087 -0.9068 0.004 0.2836 -0.9113 0.0248 0.2619 -0.9312 0.0331 0.2515 -0.964 0.0445 0.2365 -0.9697 -0.0082 0.2898 -0.9769 0.0025 0.2782 -0.9883 0.0125 0.2668 -1.0024 0.0228 0.2548 -0.9948 0.0064 0.2724
73.0 -1.0299 0.0039 0.2715 -0.9223 -0.0225 0.3092 -0.906 0.0047 0.283 -0.9097 0.0256 0.2612 -0.9287 0.034 0.2507 -0.9624 0.0453 0.2358 -0.9674 -0.0066 0.2885 -0.9745 0.004 0.2769 -0.9851 0.0142 0.2654 -1.0 0.0238 0.2541 -0.9914 0.0078 0.2713
74.0 -1.0272 0.0036 0.272 -0.9189 -0.0221 0.3091 -0.9029 0.007 0.281 -0.9074 0.0277 0.2593 -0.9299 0.0357 0.2489 -0.96 0.0469 0.2345 -0.9648 -0.0063 0.2884 -0.972 0.005 0.2761 -0.9844 0.0155 0.2641 -0.9985 0.0252 0.2528 -0.9894 0.0086 0.2707
75.0 -1.0257 0.005 0.2707 -0.9156 -0.021 0.3083 -0.9032 0.0087 0.2791 -0.9065 0.0278 0.2592 -0.9256 0.0363 0.2487 -0.9575 0.0472 0.2344 -0.9618 -0.0034 0.2857 -0.969 0.0078 0.2735 -0.9805 0.0179 0.2621 -0.9945 0.0276 0.2508 -0.9863 0.011 0.2686
76.0 -1.0231 0.0054 0.2706 -0.913 -0.0207 0.3082 -0.9033 0.0093 0.2785 -0.9057 0.028 0.2592 -0.9271 0.0348 0.2501 -0.9587 0.0495 0.2319 -0.961 -0.0027 0.2851 -0.9673 0.008 0.2735 -0.9787 0.0181 0.262 -0.9936 0.0277 0.2508 -0.9848 0.0113 0.2684
77.0 -1.0166 0.0081 0.2685 -0.9114 -0.0198 0.3075 -0.9019 0.0114 0.2766 -0.9069 0.0296 0.2574 -0.9277 0.0378 0.2469 -0.9604 0.0493 0.232 -0.9545 -3.494e-06 0.283 -0.9616 0.0106 0.2714 -0.9746 0.0199 0.2606 -0.9902 0.0282 0.2506 -0.9795 0.0134 0.2668
78.0 -1.0116 0.0149 0.2621 -0.898 -0.0107 0.2995 -0.8967 0.0316 0.2564 -0.9115 0.0412 0.2451 -0.9268 0.0532 0.2313 -0.9514 0.0578 0.2241 -0.9424 0.0114 0.2725 -0.9517 0.0242 0.2585 -0.9642 0.0353 0.2459 -0.9789 0.0443 0.2352 -0.9697 0.026 0.2548
79.0 -1.0124 0.0142 0.2627 -0.8948 -0.0091 0.2981 -0.8963 0.0347 0.2532 -0.902 0.0468 0.2403 -0.9214 0.0576 0.2273 -0.9511 0.0609 0.221 -0.9418 0.0133 0.2706 -0.951 0.0255 0.2572 -0.9651 0.0358 0.2453 -0.9825 0.0445 0.2347 -0.9706 0.0267 0.2541
80.0 -1.015 0.0144 0.2622 -0.8935 -0.0064 0.2956 -0.8956 0.0354 0.2526 -0.8978 0.0534 0.2339 -0.9159 0.0614 0.224 -0.945 0.0666 0.2158 -0.9413 0.0152 0.2687 -0.9507 0.0286 0.2541 -0.9639 0.039 0.2421 -0.9804 0.0478 0.2315 -0.9703 0.029 0.2517
81.0 -1.0143 0.0151 0.2615 -0.8918 -0.0062 0.2955 -0.8924 0.0377 0.2506 -0.9025 0.0547 0.2322 -0.9192 0.0646 0.2204 -0.9498 0.069 0.2128 -0.94 0.0178 0.2662 -0.9501 0.0305 0.2522 -0.9633 0.0403 0.2408 -0.9805 0.0484 0.2309 -0.9696 0.0304 0.2503
82.0 -1.0169 0.0148 0.2616 -0.8932 -0.0033 0.2925 -0.891 0.0397 0.2487 -0.8986 0.0576 0.2296 -0.916 0.0669 0.2184 -0.949 0.0691 0.2128 -0.94 0.0178 0.2662 -0.9492 0.03 0.2528 -0.9632 0.0397 0.2415 -0.9813 0.0477 0.2315 -0.9701 0.03 0.2507
83.0 -1.016 0.0149 0.2616 -0.8918 -0.0013 0.2905 -0.8895 0.0411 0.2473 -0.897 0.0585 0.2289 -0.9137 0.0684 0.2171 -0.9465 0.0701 0.2121 -0.9403 0.0196 0.2643 -0.9495 0.0318 0.2509 -0.9635 0.0415 0.2396 -0.9806 0.049 0.2303 -0.97 0.0314 0.2493
84.0 -1.0107 0.015 0.262 -0.8886 0.0009 0.2885 -0.8889 0.0424 0.2461 -0.897 0.0585 0.2289 -0.9104 0.0701 0.2157 -0.945 0.0715 0.2108 -0.9387 0.0204 0.2636 -0.9479 0.0326 0.2502 -0.962 0.043 0.2383 -0.98 0.0503 0.229 -0.9678 0.0323 0.2486
85.0 -1.009 0.0152 0.262 -0.8854 0.0026 0.2872 -0.8891 0.0436 0.2448 -0.8941 0.0625 0.225 -0.9117 0.0723 0.2132 -0.9452 0.0727 0.2095 -0.9374 0.0231 0.2611 -0.9475 0.0357 0.2471 -0.9623 0.0447 0.2364 -0.9793 0.0516 0.2277 -0.9671 0.0341 0.2469
86.0 -1.0092 0.0164 0.2607 -0.8832 0.0053 0.2846 -0.8858 0.0502 0.2385 -0.8921 0.0658 0.2218 -0.9131 0.0752 0.2102 -0.9467 0.0762 0.2058 -0.9354 0.027 0.2572 -0.9463 0.039 0.2439 -0.961 0.0474 0.2339 -0.9788 0.0535 0.2258 -0.9662 0.0367 0.2443
87.0 -1.0085 0.0171 0.2601 -0.8799 0.0064 0.2838 -0.8858 0.0502 0.2385 -0.8887 0.0663 0.2217 -0.9107 0.0768 0.2088 -0.9458 0.0763 0.2058 -0.9346 0.0271 0.2572 -0.9463 0.039 0.2439 -0.9611 0.048 0.2333 -0.9781 0.0548 0.2245 -0.9657 0.0372 0.2438
88.0 -1.0047 0.0158 0.2618 -0.8761 0.0148 0.2756 -0.8797 0.0602 0.2289 -0.888 0.0725 0.2154 -0.9103 0.0793 0.2063 -0.9416 0.0775 0.205 -0.9319 0.0318 0.2527 -0.9451 0.0422 0.2408 -0.9623 0.0496 0.2314 -0.9818 0.0556 0.2234 -0.9652 0.039 0.242
89.0 -1.0037 0.0147 0.263 -0.8771 0.0153 0.275 -0.879 0.0615 0.2276 -0.8898 0.0729 0.2149 -0.9128 0.0783 0.207 -0.9442 0.0771 0.2051 -0.9287 0.034 0.2507 -0.9429 0.0443 0.2388 -0.9608 0.0511 0.2301 -0.981 0.0563 0.2228 -0.9634 0.0401 0.2411
90.0 -1.0029 0.0154 0.2624 -0.8736 0.0158 0.2748 -0.8783 0.0622 0.2269 -0.8898 0.0729 0.2149 -0.9136 0.0782 0.2071 -0.9442 0.0771 0.2051 -0.9286 0.0334 0.2514 -0.9428 0.0437 0.2394 -0.9615 0.0504 0.2308 -0.9826 0.0554 0.2235 -0.9637 0.0397 0.2415
91.0 -1.0029 0.0154 0.2624 -0.8755 0.0162 0.2743 -0.8786 0.064 0.2251 -0.8908 0.0733 0.2143 -0.9152 0.0774 0.2077 -0.9457 0.0757 0.2064 -0.9248 0.0364 0.2487 -0.9389 0.0467 0.2368 -0.9576 0.0533 0.2281 -0.9786 0.0572 0.2221 -0.9605 0.0418 0.2396
92.0 -1.002 0.0156 0.2623 -0.8757 0.0173 0.273 -0.8777 0.0641 0.225 -0.8899 0.0735 0.2143 -0.9154 0.0786 0.2065 -0.9482 0.0747 0.2072 -0.9239 0.0365 0.2487 -0.9388 0.0461 0.2374 -0.9583 0.052 0.2294 -0.9801 0.0558 0.2234 -0.9606 0.0412 0.2402
93.0 -1.0013 0.0163 0.2617 -0.875 0.0187 0.2718 -0.8787 0.0646 0.2244 -0.8926 0.0737 0.2137 -0.9187 0.0769 0.2079 -0.9483 0.0753 0.2065 -0.9231 0.0372 0.248 -0.939 0.0473 0.2361 -0.9586 0.0538 0.2275 -0.9795 0.0577 0.2215 -0.9603 0.0425 0.239
94.0 -1.0021 0.0162 0.2617 -0.8745 0.0206 0.2699 -0.8796 0.0651 0.2239 -0.8936 0.0742 0.2132 -0.9188 0.0775 0.2073 -0.9483 0.0753 0.2065 -0.9223 0.0373 0.248 -0.9373 0.0475 0.2361 -0.9559 0.0535 0.2281 -0.9778 0.0579 0.2214 -0.9591 0.0425 0.239
95.0 -1.004 0.0165 0.2611 -0.8752 0.0199 0.2705 -0.8788 0.0652 0.2238 -0.8926 0.0737 0.2137 -0.9204 0.0767 0.2079 -0.9482 0.0747 0.2072 -0.924 0.0371 0.2481 -0.9391 0.0479 0.2355 -0.9587 0.0544 0.2269 -0.9796 0.0583 0.2209 -0.9611 0.0428 0.2385
96.0 -1.0039 0.0159 0.2618 -0.8763 0.0209 0.2693 -0.8799 0.0663 0.2226 -0.8928 0.0749 0.2125 -0.9204 0.0767 0.2079 -0.9482 0.0747 0.2072 -0.9249 0.037 0.2481 -0.9398 0.0472 0.2362 -0.9594 0.0531 0.2282 -0.9803 0.057 0.2221 -0.9616 0.042 0.2393
97.0 -1.006 0.0181 0.2594 -0.8765 0.0221 0.2681 -0.8801 0.0675 0.2214 -0.8937 0.0748 0.2125 -0.9195 0.0768 0.2079 -0.9491 0.0746 0.2072 -0.9252 0.0388 0.2462 -0.9409 0.0482 0.235 -0.9595 0.0537 0.2276 -0.9804 0.0576 0.2215 -0.9624 0.0433 0.2379
98.0 -1.0042 0.0177 0.2599 -0.8804 0.024 0.2657 -0.8818 0.0672 0.2214 -0.8953 0.074 0.2132 -0.9229 0.0757 0.2087 -0.9508 0.0744 0.2073 -0.9259 0.0381 0.2469 -0.9409 0.0482 0.235 -0.9604 0.0542 0.227 -0.9814 0.0587 0.2203 -0.9626 0.0434 0.2378
99.0 -1.0068 0.0174 0.26 -0.8808 0.0264 0.2632 -0.8819 0.0678 0.2208 -0.8945 0.0747 0.2126 -0.9211 0.076 0.2086 -0.9497 0.0733 0.2085 -0.9277 0.0378 0.2469 -0.9417 0.0475 0.2356 -0.9604 0.0542 0.227 -0.9807 0.0594 0.2197 -0.9634 0.0432 0.2378
100.0 -1.005 0.0176 0.2599 -0.8818 0.0269 0.2627 -0.8834 0.0664 0.2221 -0.896 0.0732 0.2139 -0.9266 0.0722 0.2119 -0.9513 0.0725 0.2091 -0.9265 0.0361 0.2488 -0.9406 0.0465 0.2368 -0.9594 0.0531 0.2282 -0.9795 0.0577 0.2215 -0.9622 0.0422 0.239
101.0 -1.0077 0.0178 0.2594 -0.8819 0.0275 0.262 -0.8824 0.0659 0.2227 -0.8951 0.0728 0.2145 -0.9253 0.0693 0.215 -0.9502 0.0708 0.211 -0.929 0.0352 0.2495 -0.943 0.0449 0.2382 -0.9609 0.0517 0.2295 -0.9811 0.0569 0.2222 -0.9643 0.0413 0.2398
102.0 -1.0059 0.0175 0.26 -0.8827 0.0274 0.2621 -0.8842 0.0657 0.2228 -0.8959 0.0726 0.2145 -0.9262 0.0698 0.2144 -0.9509 0.0701 0.2116 -0.9281 0.0353 0.2495 -0.9414 0.0457 0.2375 -0.9594 0.0531 0.2282 -0.9796 0.0583 0.2209 -0.9629 0.042 0.2392
103.0 -1.005 0.0176 0.2599 -0.8835 0.0267 0.2627 -0.8833 0.0658 0.2227 -0.8959 0.0726 0.2145 -0.9263 0.0704 0.2138 -0.9519 0.0706 0.211 -0.9262 0.0344 0.2506 -0.9395 0.0454 0.238 -0.9575 0.0527 0.2287 -0.9787 0.0578 0.2214 -0.9614 0.0416 0.2398
104.0 -1.0042 0.0177 0.2599 -0.8811 0.0282 0.2614 -0.8834 0.0664 0.2221 -0.8959 0.0726 0.2145 -0.9255 0.0705 0.2138 -0.9517 0.0694 0.2123 -0.9264 0.0355 0.2494 -0.9415 0.0463 0.2369 -0.9602 0.053 0.2282 -0.9806 0.0588 0.2203 -0.9626 0.0423 0.2389
105.0 -1.0051 0.0182 0.2593 -0.882 0.0281 0.2614 -0.8842 0.0657 0.2228 -0.8985 0.0723 0.2146 -0.9288 0.0694 0.2145 -0.9527 0.0705 0.2111 -0.9279 0.0341 0.2507 -0.9421 0.045 0.2381 -0.9601 0.0524 0.2288 -0.9806 0.0588 0.2203 -0.9632 0.0417 0.2395
106.0 -1.0051 0.0182 0.2593 -0.8829 0.0286 0.2608 -0.885 0.0656 0.2228 -0.8987 0.0735 0.2134 -0.9275 0.072 0.212 -0.9527 0.0705 0.2111 -0.9265 0.0361 0.2488 -0.9406 0.0465 0.2368 -0.9595 0.0537 0.2276 -0.9797 0.0589 0.2202 -0.9623 0.0427 0.2385
107.0 -1.0061 0.0187 0.2587 -0.883 0.0292 0.2602 -0.8862 0.0672 0.221 -0.902 0.0724 0.2141 -0.9333 0.07 0.2134 -0.9562 0.07 0.2112 -0.9298 0.0351 0.2495 -0.9432 0.0461 0.2369 -0.9595 0.0537 0.2276 -0.979 0.0596 0.2196 -0.9635 0.0426 0.2385
108.0 -1.0072 0.0198 0.2575 -0.8846 0.0284 0.2609 -0.8875 0.0646 0.2235 -0.9001 0.0715 0.2153 -0.9316 0.0703 0.2134 -0.9553 0.0701 0.2112 -0.9298 0.0351 0.2495 -0.9431 0.0455 0.2376 -0.9603 0.0536 0.2276 -0.98 0.0607 0.2184 -0.9641 0.0429 0.2381
109.0 -1.007 0.0186 0.2588 -0.8848 0.029 0.2603 -0.8883 0.0645 0.2236 -0.9019 0.0718 0.2147 -0.9324 0.0702 0.2134 -0.955 0.0683 0.213 -0.9297 0.0345 0.2502 -0.943 0.0449 0.2382 -0.9602 0.053 0.2282 -0.9798 0.0595 0.2196 -0.9639 0.0421 0.239
110.0 -1.0069 0.018 0.2594 -0.8855 0.0282 0.2609 -0.8881 0.0633 0.2248 -0.9008 0.0702 0.2166 -0.937 0.0659 0.2173 -0.9549 0.0677 0.2137 -0.9312 0.0331 0.2515 -0.9437 0.0442 0.2388 -0.961 0.0523 0.2289 -0.9798 0.0595 0.2196 -0.9645 0.0414 0.2396
111.0 -1.006 0.0181 0.2594 -0.8856 0.0288 0.2603 -0.8876 0.0652 0.2229 -0.9036 0.071 0.2154 -0.9379 0.0664 0.2167 -0.956 0.0688 0.2124 -0.9322 0.0335 0.2509 -0.9447 0.0447 0.2382 -0.9611 0.0529 0.2283 -0.9799 0.0601 0.219 -0.9648 0.0418 0.2391
112.0 -1.0089 0.0195 0.2576 -0.8863 0.0275 0.2616 -0.8882 0.0639 0.2242 -0.8992 0.071 0.2159 -0.9328 0.0671 0.2165 -0.9555 0.0664 0.2149 -0.9311 0.0325 0.2521 -0.9428 0.0437 0.2394 -0.9591 0.0519 0.2294 -0.978 0.0591 0.2202 -0.964 0.0413 0.2397
113.0 -1.0071 0.0192 0.2581 -0.8846 0.0284 0.2609 -0.8874 0.064 0.2242 -0.9015 0.0694 0.2172 -0.935 0.0649 0.2185 -0.9563 0.0657 0.2156 -0.9311 0.0325 0.2521 -0.9428 0.0437 0.2394 -0.9591 0.0519 0.2294 -0.9781 0.0597 0.2196 -0.9636 0.0414 0.2397
114.0 -1.008 0.0196 0.2576 -0.8856 0.0288 0.2603 -0.89 0.0637 0.2243 -0.9041 0.0691 0.2173 -0.9412 0.0647 0.2181 -0.9588 0.0648 0.2163 -0.9314 0.0343 0.2502 -0.9431 0.0455 0.2376 -0.9585 0.0532 0.2282 -0.9764 0.0599 0.2195 -0.9635 0.0425 0.2386
115.0 -1.0086 0.0177 0.2595 -0.887 0.0268 0.2622 -0.8893 0.065 0.223 -0.9056 0.0677 0.2186 -0.9343 0.0656 0.2179 -0.9565 0.0669 0.2143 -0.9313 0.0337 0.2508 -0.9438 0.0448 0.2382 -0.9601 0.0524 0.2288 -0.9798 0.0595 0.2196 -0.9647 0.0416 0.2394
116.0 -1.0104 0.0181 0.2589 -0.8864 0.0281 0.261 -0.8902 0.0649 0.223 -0.9073 0.0674 0.2187 -0.9399 0.0624 0.2206 -0.9587 0.0642 0.2169 -0.9322 0.0335 0.2509 -0.9438 0.0448 0.2382 -0.9593 0.0525 0.2288 -0.9771 0.0592 0.2201 -0.9646 0.0416 0.2394
117.0 -1.0087 0.0183 0.2588 -0.8872 0.028 0.261 -0.8923 0.0621 0.2256 -0.9039 0.0679 0.2185 -0.9318 0.0666 0.2171 -0.9547 0.0665 0.2149 -0.9312 0.0331 0.2515 -0.9428 0.0437 0.2394 -0.959 0.0513 0.2301 -0.9786 0.0572 0.2221 -0.9641 0.0407 0.2404
118.0 -1.0087 0.0183 0.2588 -0.8872 0.028 0.261 -0.8925 0.0633 0.2244 -0.9048 0.0678 0.2186 -0.9327 0.0665 0.2172 -0.9563 0.0657 0.2156 -0.931 0.0319 0.2527 -0.9426 0.0425 0.2407 -0.9589 0.0507 0.2307 -0.9777 0.0573 0.222 -0.9638 0.0402 0.241
119.0 -1.0086 0.0177 0.2595 -0.8871 0.0274 0.2616 -0.8905 0.0618 0.2261 -0.9027 0.0662 0.2204 -0.9315 0.0648 0.219 -0.9552 0.0646 0.2168 -0.932 0.0323 0.2521 -0.9435 0.043 0.2401 -0.9598 0.0506 0.2307 -0.9786 0.0572 0.2221 -0.9645 0.0402 0.2409
120.0 -1.0097 0.0188 0.2582 -0.8863 0.0275 0.2616 -0.8939 0.0613 0.2263 -0.9053 0.0659 0.2205 -0.9349 0.0643 0.2191 -0.9553 0.0652 0.2162 -0.9328 0.0322 0.2521 -0.9444 0.0429 0.2401 -0.959 0.0513 0.2301 -0.9769 0.058 0.2214 -0.9646 0.0407 0.2404
121.0 -1.0089 0.0195 0.2576 -0.8864 0.0281 0.261 -0.8943 0.0631 0.2244 -0.9105 0.0652 0.2207 -0.9368 0.0647 0.2186 -0.9578 0.0643 0.2169 -0.9306 0.0344 0.2502 -0.9429 0.0443 0.2388 -0.96 0.0518 0.2295 -0.9787 0.0578 0.2214 -0.9642 0.0416 0.2395
122.0 -1.0069 0.018 0.2594 -0.8869 0.0262 0.2629 -0.8923 0.0621 0.2256 -0.9068 0.0645 0.2218 -0.9331 0.064 0.2197 -0.955 0.0634 0.218 -0.9295 0.0333 0.2514 -0.9419 0.0438 0.2394 -0.9581 0.0508 0.2306 -0.9767 0.0568 0.2226 -0.9626 0.0406 0.2407
123.0 -1.0054 0.0194 0.2581 -0.887 0.0268 0.2622 -0.8991 0.0606 0.2265 -0.907 0.0656 0.2205 -0.9323 0.0641 0.2196 -0.9541 0.063 0.2186 -0.9277 0.0329 0.2519 -0.9402 0.0441 0.2393 -0.9556 0.0518 0.2299 -0.9751 0.0577 0.2219 -0.9608 0.0412 0.2402
124.0 -1.0085 0.0171 0.2601 -0.887 0.0268 0.2622 -0.8975 0.0614 0.2258 -0.9062 0.0658 0.2205 -0.9372 0.0622 0.2211 -0.9576 0.0631 0.2181 -0.9304 0.0332 0.2514 -0.9419 0.0438 0.2394 -0.9582 0.0514 0.23 -0.9777 0.0573 0.222 -0.9633 0.0406 0.2406
125.0 -1.013 0.0177 0.259 -0.8877 0.0255 0.2635 -0.8986 0.0625 0.2246 -0.9071 0.0662 0.2199 -0.9293 0.0675 0.2164 -0.95 0.0647 0.2172 -0.9322 0.0335 0.2509 -0.9437 0.0442 0.2388 -0.96 0.0518 0.2295 -0.9778 0.0579 0.2214 -0.9653 0.041 0.2399
126.0 -1.0137 0.017 0.2597 -0.8857 0.0245 0.2647 -0.8993 0.0618 0.2252 -0.9094 0.069 0.2169 -0.9326 0.0713 0.2122 -0.9542 0.069 0.2124 -0.933 0.0334 0.2509 -0.9454 0.044 0.2389 -0.9625 0.0508 0.2302 -0.9811 0.0569 0.2222 -0.9672 0.0404 0.2404
127.0 -1.0133 0.0146 0.2621 -0.8865 0.0238 0.2653 -0.898 0.0644 0.2227 -0.9122 0.0698 0.2157 -0.9338 0.073 0.2103 -0.9571 0.0705 0.2106 -0.9356 0.0331 0.251 -0.9496 0.0428 0.2397 -0.9657 0.0492 0.2316 -0.9851 0.0545 0.2242 -0.9699 0.0388 0.2417
128.0 -1.0118 0.0161 0.2608 -0.8872 0.0231 0.266 -0.8984 0.0619 0.2252 -0.9069 0.0699 0.2162 -0.9295 0.0736 0.2102 -0.954 0.0727 0.2086 -0.9347 0.0326 0.2516 -0.9487 0.0423 0.2403 -0.9657 0.0492 0.2316 -0.9852 0.0551 0.2236 -0.9692 0.039 0.2416
129.0 -1.0126 0.0154 0.2615 -0.888 0.0224 0.2666 -0.897 0.0639 0.2233 -0.9064 0.0724 0.2137 -0.9283 0.0768 0.207 -0.9518 0.0755 0.206 -0.9371 0.0317 0.2523 -0.9504 0.0421 0.2403 -0.9673 0.0483 0.2322 -0.9859 0.0538 0.2248 -0.9707 0.0382 0.2422
130.0 -1.0178 0.0153 0.2611 -0.8911 0.0201 0.2686 -0.8959 0.0623 0.2251 -0.9037 0.0716 0.2148 -0.9249 0.0773 0.2069 -0.9528 0.076 0.2055 -0.9406 0.0312 0.2524 -0.9537 0.041 0.2411 -0.9698 0.0474 0.233 -0.9892 0.0527 0.2256 -0.9742 0.0375 0.2426
131.0 -1.0204 0.0149 0.2612 -0.8917 0.0182 0.2705 -0.8945 0.0594 0.2282 -0.9035 0.0704 0.216 -0.9248 0.0767 0.2075 -0.9544 0.0751 0.2061 -0.9419 0.0286 0.255 -0.9542 0.0385 0.2436 -0.9703 0.0455 0.2349 -0.9897 0.0508 0.2275 -0.9753 0.0357 0.2444
132.0 -1.0227 0.0128 0.2631 -0.892 0.0151 0.2737 -0.8962 0.0543 0.2332 -0.9022 0.0681 0.2185 -0.9233 0.0732 0.2112 -0.9558 0.0731 0.2081 -0.9432 0.026 0.2575 -0.9555 0.0359 0.2462 -0.9717 0.0435 0.2368 -0.9912 0.0488 0.2294 -0.9768 0.0334 0.2466
133.0 -1.0228 0.0134 0.2625 -0.8944 0.0136 0.275 -0.9008 0.0451 0.2422 -0.9026 0.0656 0.221 -0.9255 0.0705 0.2138 -0.9582 0.0716 0.2094 -0.9473 0.0242 0.2589 -0.9588 0.0348 0.2469 -0.975 0.0418 0.2382 -0.9936 0.0478 0.2301 -0.9795 0.0324 0.2473
134.0 -1.027 0.0122 0.2633 -0.901 0.0115 0.2765 -0.9101 0.0383 0.2481 -0.9136 0.0532 0.2327 -0.9273 0.066 0.2182 -0.9607 0.0706 0.2101 -0.9512 0.0218 0.261 -0.9627 0.0319 0.2496 -0.9773 0.0403 0.2395 -0.9958 0.0451 0.2327 -0.9828 0.0303 0.2492
135.0 -1.0337 0.0107 0.2642 -0.9031 0.0082 0.2797 -0.9124 0.0313 0.2551 -0.928 0.0451 0.2395 -0.9369 0.0604 0.223 -0.9636 0.0672 0.2134 -0.9559 0.0181 0.2643 -0.9674 0.0288 0.2522 -0.9829 0.0371 0.2422 -1.0016 0.0431 0.2342 -0.9883 0.0276 0.2514
136.0 -1.0389 0.01 0.2644 -0.9098 0.006 0.2812 -0.9215 0.0277 0.258 -0.9176 0.0557 0.2297 -0.937 0.061 0.2223 -0.9693 0.0646 0.2155 -0.9607 0.0156 0.2663 -0.9705 0.0265 0.2542 -0.9861 0.0348 0.2442 -1.0039 0.041 0.2362 -0.992 0.0256 0.2531
137.0 -1.0429 0.0076 0.2664 -0.9155 0.0034 0.2833 -0.9208 0.029 0.2567 -0.9227 0.0495 0.2355 -0.94 0.0581 0.2249 -0.9734 0.0628 0.2169 -0.9662 0.0118 0.2697 -0.977 0.0232 0.257 -0.9918 0.0322 0.2463 -1.0106 0.0394 0.237 -0.9977 0.0229 0.2553
138.0 -1.047 0.0058 0.2678 -0.9232 0.0024 0.2836 -0.9227 0.0299 0.2555 -0.9302 0.0473 0.2371 -0.9478 0.0577 0.2246 -0.9795 0.0626 0.2165 -0.9736 0.009 0.2718 -0.9843 0.0198 0.2598 -0.9999 0.0287 0.2491 -1.018 0.0366 0.2392 -1.0046 0.02 0.2575
139.0 -1.0496 0.0061 0.2673 -0.9259 0.0026 0.2831 -0.9244 0.0291 0.2562 -0.9297 0.0498 0.2345 -0.948 0.0583 0.224 -0.9879 0.0651 0.2131 -0.9795 0.0076 0.2727 -0.9903 0.019 0.26 -1.0051 0.028 0.2493 -1.0231 0.0353 0.24 -1.0095 0.0192 0.2579
140.0 -1.0611 0.0064 0.2659 -0.9351 0.0002 0.2847 -0.9299 0.0308 0.2539 -0.9411 0.0445 0.2387 -0.9604 0.0542 0.227 -0.9968 0.0609 0.2165 -0.9869 0.0042 0.2755 -0.9968 0.0157 0.2627 -1.0108 0.0254 0.2514 -1.0273 0.0341 0.2408 -1.0166 0.0171 0.2593
141.0 -1.0678 0.0042 0.2674 -0.9419 -0.0014 0.2856 -0.9341 0.0296 0.2547 -0.9466 0.0456 0.2371 -0.9684 0.0543 0.226 -1.0036 0.0593 0.2174 -0.9936 0.0026 0.2764 -1.0037 0.0147 0.263 -1.0185 0.0243 0.2517 -1.0367 0.0329 0.2412 -1.0241 0.0158 0.2599
142.0 -1.078 0.0023 0.2684 -0.9501 -0.0049 0.2884 -0.943 0.0302 0.2532 -0.9572 0.046 0.2356 -0.9778 0.053 0.2264 -1.0115 0.0595 0.2165 -1.0005 0.0017 0.2766 -1.0104 0.0132 0.2639 -1.0246 0.0235 0.252 -1.0428 0.0321 0.2414 -1.0312 0.0146 0.2605
143.0 -1.0821 0.0005 0.2698 -0.9531 -0.0078 0.291 -0.9526 0.0296 0.2529 -0.9632 0.0446 0.2365 -0.983 0.0523 0.2266 -1.0191 0.0578 0.2174 -1.0066 0.0015 0.2762 -1.0164 0.0124 0.2641 -1.0314 0.0226 0.2522 -1.0495 0.0305 0.2423 -1.0372 0.0135 0.2609
144.0 -1.0884 -0.0034 0.2732 -0.9608 -0.0088 0.2913 -0.9565 0.0266 0.2556 -0.9675 0.0441 0.2366 -0.9873 0.0518 0.2268 -1.025 0.0564 0.2182 -1.0117 0.0002 0.2771 -1.0216 0.0117 0.2643 -1.0373 0.0212 0.2531 -1.0554 0.0291 0.2432 -1.0429 0.0118 0.2622
145.0 -1.101 -0.007 0.2755 -0.9774 -0.0147 0.2957 -0.9666 0.024 0.2572 -0.9725 0.0428 0.2374 -0.9956 0.0488 0.229 -1.0314 0.0525 0.2216 -1.024 -0.0045 0.2807 -1.0332 0.0077 0.2673 -1.0472 0.0174 0.256 -1.0646 0.0261 0.2454 -1.054 0.0079 0.265
146.0 -1.1499 -0.0239 0.288 -1.0242 -0.0387 0.3156 -1.0012 0.0059 0.2723 -1.0072 0.0246 0.2525 -1.0291 0.0296 0.2453 -1.0669 0.0343 0.2367 -1.0641 -0.0221 0.2947 -1.0714 -0.0103 0.2819 -1.0846 -0.0005 0.2705 -1.1027 0.0075 0.2606 -1.0945 -0.0099 0.2791
147.0 -1.1514 -0.026 0.29 -1.0316 -0.0416 0.3178 -1.0054 0.0047 0.2731 -1.0147 0.0224 0.2541 -1.0352 0.0288 0.2455 -1.0738 0.0334 0.237 -1.0691 -0.0234 0.2955 -1.0773 -0.0117 0.2827 -1.0913 -0.002 0.2714 -1.1103 0.0058 0.2615 -1.0999 -0.0115 0.2802
148.0 -1.1581 -0.0275 0.2909 -1.0365 -0.0441 0.3199 -1.0105 0.0034 0.2739 -1.0197 0.0211 0.2549 -1.0393 0.0276 0.2463 -1.0773 0.0335 0.2365 -1.075 -0.0248 0.2964 -1.0824 -0.013 0.2835 -1.0955 -0.0032 0.2722 -1.1146 0.0053 0.2617 -1.1051 -0.0126 0.2809
149.0 -1.165 -0.0284 0.2911 -1.044 -0.0463 0.3214 -1.0162 0.0008 0.276 -1.0247 0.0192 0.2563 -1.0444 0.0263 0.2471 -1.0823 0.0316 0.238 -1.08 -0.0267 0.2978 -1.0866 -0.0142 0.2843 -1.0997 -0.0043 0.273 -1.1177 0.003 0.2637 -1.1098 -0.0141 0.282
150.0 -1.1683 -0.0295 0.2919 -1.0498 -0.0483 0.3229 -1.0203 -0.0009 0.2774 -1.0296 0.0173 0.2578 -1.0483 0.0234 0.2497 -1.0861 0.0286 0.2406 -1.0849 -0.0286 0.2993 -1.0923 -0.0168 0.2864 -1.1054 -0.0069 0.2751 -1.1236 0.0016 0.2645 -1.1149 -0.016 0.2834
151.0 -1.1733 -0.0314 0.2933 -1.0547 -0.0502 0.3243 -1.0269 -0.0031 0.2789 -1.0336 0.015 0.2598 -1.054 0.0208 0.2518 -1.0917 0.0254 0.2433 -1.0899 -0.0305 0.3007 -1.0973 -0.0181 0.2872 -1.1105 -0.0082 0.2759 -1.1285 -0.0009 0.2666 -1.1199 -0.0178 0.2847
152.0 -1.1768 -0.0312 0.2928 -1.0622 -0.053 0.3265 -1.0302 -0.0047 0.2803 -1.0368 0.0133 0.2612 -1.0554 0.0187 0.2538 -1.0952 0.025 0.2434 -1.0959 -0.0313 0.3009 -1.1024 -0.0194 0.2881 -1.1154 -0.0101 0.2773 -1.1326 -0.0027 0.268 -1.1246 -0.0189 0.2854
153.0 -1.1834 -0.034 0.295 -1.0671 -0.0549 0.3279 -1.035 -0.0072 0.2823 -1.0409 0.0115 0.2626 -1.0604 0.0175 0.2546 -1.1002 0.0237 0.2443 -1.1001 -0.0325 0.3017 -1.1065 -0.0211 0.2895 -1.1195 -0.0119 0.2787 -1.1376 -0.004 0.2688 -1.1294 -0.0207 0.2867
154.0 -1.1856 -0.0361 0.2969 -1.0728 -0.0575 0.33 -1.0401 -0.0085 0.2832 -1.0449 0.0092 0.2646 -1.0654 0.0156 0.256 -1.1037 0.0232 0.2444 -1.104 -0.0349 0.3037 -1.1105 -0.0229 0.2909 -1.1236 -0.0137 0.2801 -1.1409 -0.005 0.2696 -1.133 -0.0225 0.2883
155.0 -1.1926 -0.0364 0.2966 -1.0788 -0.0583 0.3302 -1.0441 -0.0103 0.2846 -1.0491 0.008 0.2654 -1.0696 0.0144 0.2568 -1.1086 0.0213 0.2458 -1.11 -0.0363 0.3046 -1.1156 -0.0242 0.2917 -1.1278 -0.0149 0.2809 -1.146 -0.0063 0.2704 -1.1384 -0.0236 0.2888
156.0 -1.1978 -0.0371 0.2968 -1.0856 -0.0599 0.3311 -1.0491 -0.0122 0.286 -1.0552 0.0078 0.265 -1.0755 0.013 0.2577 -1.1128 0.0202 0.2466 -1.1151 -0.037 0.3048 -1.1216 -0.025 0.2919 -1.1338 -0.0157 0.2812 -1.1512 -0.007 0.2706 -1.1439 -0.0244 0.2891
157.0 -1.2022 -0.0371 0.2963 -1.0943 -0.0604 0.3308 -1.0543 -0.0123 0.2856 -1.0609 0.0052 0.2671 -1.0814 0.0116 0.2585 -1.1171 0.0196 0.2468 -1.122 -0.0379 0.3051 -1.1276 -0.0258 0.2922 -1.1398 -0.0165 0.2814 -1.1572 -0.0078 0.2708 -1.1498 -0.025 0.2892
158.0 -1.2293 -0.0377 0.2942 -1.1137 -0.06 0.3285 -1.0782 -0.0118 0.2828 -1.0859 0.0073 0.2624 -1.1003 0.0139 0.2543 -1.139 0.0191 0.2451 -1.1431 -0.0377 0.3028 -1.1489 -0.025 0.2892 -1.1612 -0.0151 0.2779 -1.1784 -0.007 0.2679 -1.1722 -0.0245 0.2864
159.0 -1.2335 -0.0389 0.295 -1.1198 -0.0602 0.3281 -1.0844 -0.0114 0.2818 -1.0913 0.0078 0.2614 -1.108 0.0129 0.2546 -1.1459 0.0181 0.2454 -1.1493 -0.0379 0.3024 -1.1558 -0.026 0.2895 -1.1679 -0.0166 0.2787 -1.1852 -0.0086 0.2688 -1.1783 -0.0256 0.2869
160.0 -1.2378 -0.0395 0.2952 -1.126 -0.0604 0.3277 -1.0888 -0.0114 0.2813 -1.0966 0.0077 0.261 -1.1116 0.013 0.2541 -1.1502 0.0176 0.2456 -1.1527 -0.0384 0.3025 -1.1592 -0.0264 0.2896 -1.1706 -0.0164 0.2782 -1.1879 -0.0083 0.2683 -1.1816 -0.0258 0.2868
161.0 -1.2404 -0.0398 0.2953 -1.1302 -0.0616 0.3285 -1.094 -0.0121 0.2815 -1.1001 0.0078 0.2605 -1.1168 0.0129 0.2537 -1.1537 0.0177 0.2451 -1.157 -0.0389 0.3027 -1.1627 -0.0263 0.2892 -1.1749 -0.0169 0.2784 -1.1922 -0.0089 0.2684 -1.1854 -0.0262 0.2868
162.0 -1.2419 -0.0413 0.2966 -1.1336 -0.0621 0.3286 -1.0956 -0.0129 0.2822 -1.1028 0.0081 0.26 -1.1195 0.0131 0.2531 -1.159 0.0176 0.2447 -1.1596 -0.0393 0.3028 -1.1662 -0.0268 0.2893 -1.1792 -0.0175 0.2786 -1.1955 -0.0099 0.2692 -1.1885 -0.027 0.2873
163.0 -1.2473 -0.0408 0.2956 -1.1361 -0.063 0.3293 -1.0982 -0.0133 0.2823 -1.1069 0.0063 0.2614 -1.1227 0.0115 0.2545 -1.1623 0.0165 0.2454 -1.1631 -0.0392 0.3023 -1.1687 -0.0271 0.2894 -1.1801 -0.0176 0.2786 -1.1972 -0.0102 0.2693 -1.1913 -0.027 0.287
164.0 -1.2471 -0.0419 0.2968 -1.1377 -0.0638 0.33 -1.0996 -0.0153 0.2842 -1.1085 0.0055 0.2621 -1.1237 0.012 0.2539 -1.165 0.0168 0.2449 -1.1646 -0.0406 0.3036 -1.1712 -0.028 0.2901 -1.1834 -0.0187 0.2793 -1.1997 -0.0111 0.27 -1.1932 -0.0281 0.288
164.0 -1.2471 -0.0419 0.2968 -1.1377 -0.0638 0.33 -1.0996 -0.0153 0.2842 -1.1085 0.0055 0.2621 -1.1237 0.012 0.2539 -1.165 0.0168 0.2449 -1.1646 -0.0406 0.3036 -1.1712 -0.028 0.2901 -1.1834 -0.0187 0.2793 -1.1997 -0.0111 0.27 -1.1932 -0.0281 0.288
166.0 -1.252 -0.0438 0.2982 -1.1443 -0.0659 0.3315 -1.1045 -0.0172 0.2857 -1.1124 0.0025 0.2647 -1.1292 0.0082 0.2573 -1.1672 0.014 0.2475 -1.1695 -0.0431 0.3057 -1.1752 -0.0304 0.2921 -1.1866 -0.0204 0.2807 -1.2039 -0.0123 0.2708 -1.1974 -0.03 0.2895
166.0 -1.1763 -0.0342 0.2959 -1.1094 -0.0142 0.2821 -1.1031 -0.0152 0.2837 -1.1125 0.0031 0.2641 -1.129 0.007 0.2585 -1.1685 0.0114 0.25 -1.1482 -0.0341 0.2986 -1.1617 -0.0274 0.2904 -1.1735 -0.0198 0.2815 -1.1828 -0.0119 0.2725 -1.1685 -0.0255 0.2878
167.0 -1.2556 -0.0437 0.2978 -1.1478 -0.0664 0.3317 -1.1071 -0.0176 0.2858 -1.1148 0.0016 0.2654 -1.1308 0.0073 0.2579 -1.1688 0.0132 0.2482 -1.1712 -0.0433 0.3057 -1.1768 -0.0312 0.2928 -1.1883 -0.0212 0.2814 -1.2046 -0.013 0.2714 -1.1993 -0.0305 0.2898
168.0 -1.2579 -0.0452 0.2991 -1.1519 -0.0682 0.3331 -1.1095 -0.0191 0.2871 -1.1164 0.0007 0.2661 -1.134 0.0057 0.2593 -1.1729 0.0114 0.2496 -1.1744 -0.045 0.3071 -1.1802 -0.0323 0.2936 -1.1915 -0.0228 0.2828 -1.208 -0.0141 0.2722 -1.2024 -0.0319 0.2909
169.0 -1.2614 -0.0457 0.2992 -1.1571 -0.0683 0.3327 -1.1136 -0.0203 0.2879 -1.1215 -0.0006 0.267 -1.1384 0.0057 0.2589 -1.1746 0.0112 0.2496 -1.1777 -0.046 0.3078 -1.1835 -0.0334 0.2943 -1.1949 -0.0233 0.2829 -1.2115 -0.0139 0.2717 -1.2058 -0.0325 0.2912
170.0 -1.2638 -0.0467 0.2999 -1.1594 -0.0704 0.3346 -1.1168 -0.0225 0.2899 -1.1248 -0.0016 0.2677 -1.1408 0.0042 0.2602 -1.177 0.0097 0.251 -1.1819 -0.0472 0.3086 -1.1868 -0.0344 0.2951 -1.1982 -0.025 0.2843 -1.2138 -0.0161 0.2736 -1.2089 -0.0339 0.2923
171.0 -1.2663 -0.0476 0.3007 -1.1644 -0.0717 0.3354 -1.1209 -0.0243 0.2913 -1.1271 -0.0038 0.2697 -1.1421 0.0015 0.2628 -1.1785 0.0082 0.2523 -1.1852 -0.0489 0.31 -1.19 -0.0361 0.2965 -1.2006 -0.0259 0.285 -1.2163 -0.017 0.2744 -1.2117 -0.0351 0.2933
172.0 -1.2722 -0.049 0.3015 -1.1705 -0.0725 0.3357 -1.124 -0.0266 0.2933 -1.1303 -0.0054 0.271 -1.1469 -0.0009 0.2648 -1.1843 0.0062 0.2538 -1.1894 -0.05 0.3108 -1.1942 -0.0373 0.2972 -1.2048 -0.0271 0.2858 -1.2212 -0.0189 0.2758 -1.2164 -0.0365 0.2942
173.0 -1.2766 -0.049 0.3011 -1.1747 -0.0737 0.3365 -1.129 -0.0278 0.2941 -1.1363 -0.0062 0.2713 -1.1521 -0.0016 0.265 -1.1868 0.0059 0.2539 -1.1946 -0.0501 0.3104 -1.1995 -0.0374 0.2968 -1.21 -0.0278 0.286 -1.2255 -0.0195 0.276 -1.2212 -0.0368 0.294
174.0 -1.2522 -0.0481 0.3026 -1.1836 -0.0731 0.3349 -1.1345 -0.0268 0.2924 -1.1407 -0.0062 0.2708 -1.1576 -0.0005 0.2634 -1.1939 0.0062 0.2529 -1.1906 -0.0478 0.3083 -1.1971 -0.0358 0.2955 -1.2092 -0.0271 0.2853 -1.2247 -0.0188 0.2753 -1.2148 -0.0355 0.2934
175.0 -1.2367 -0.046 0.302 -1.1892 -0.0708 0.332 -1.1402 -0.0294 0.2945 -1.1476 -0.0071 0.2711 -1.1653 -0.0016 0.2637 -1.2021 0.0026 0.2557 -1.1907 -0.0472 0.3077 -1.1988 -0.036 0.2956 -1.21 -0.0278 0.286 -1.2225 -0.0215 0.2784 -1.2118 -0.0357 0.2939
176.0 -1.2984 -0.0452 0.295 -1.1933 -0.0726 0.3334 -1.1487 -0.0262 0.2905 -1.1523 -0.0053 0.2688 -1.1712 0.0019 0.2595 -1.2027 0.0062 0.252 -1.214 -0.0497 0.308 -1.2165 -0.036 0.2937 -1.2253 -0.0256 0.2822 -1.2392 -0.0165 0.2715 -1.2387 -0.0346 0.2901
177.0 -1.3037 -0.0453 0.2946 -1.1996 -0.0722 0.3324 -1.1541 -0.0251 0.2888 -1.1609 -0.0065 0.2691 -1.1761 9.747e-07 0.2609 -1.2062 0.0057 0.2521 -1.2186 -0.0491 0.3069 -1.2217 -0.0361 0.2933 -1.2306 -0.0257 0.2818 -1.2445 -0.0166 0.2711 -1.2438 -0.0345 0.2896
