1.0 -1.3759 0.0207 0.22 -1.3217 -0.0025 0.2491 -1.2713 0.0159 0.2353 -1.2663 0.0324 0.2189 -1.2785 0.0418 0.2081 -1.3017 0.049 0.1984 -1.3229 0.0144 0.2317 -1.3218 0.0231 0.2229 -1.3257 0.0299 0.2155 -1.3329 0.0363 0.2083 -1.3359 0.0249 0.2197
2.0 -1.3769 0.0212 0.2194 -1.3217 -0.0025 0.2491 -1.2703 0.0154 0.2359 -1.2663 0.0324 0.2189 -1.2787 0.043 0.2068 -1.3016 0.0484 0.199 -1.3229 0.0144 0.2317 -1.3218 0.0231 0.2229 -1.3257 0.0299 0.2155 -1.3338 0.0361 0.2084 -1.3362 0.0249 0.2196
3.0 -1.376 0.0213 0.2194 -1.3218 -0.002 0.2485 -1.2713 0.0159 0.2353 -1.2663 0.0324 0.2189 -1.2777 0.0425 0.2074 -1.3026 0.0489 0.1984 -1.3229 0.0144 0.2317 -1.3218 0.0231 0.2229 -1.3258 0.0305 0.2149 -1.333 0.0368 0.2077 -1.3359 0.0252 0.2193
4.0 -1.3768 0.0206 0.22 -1.3209 -0.0024 0.2491 -1.2713 0.0159 0.2353 -1.2663 0.0324 0.2189 -1.2785 0.0418 0.2081 -1.3027 0.0495 0.1978 -1.3229 0.0144 0.2317 -1.3218 0.0231 0.2229 -1.3265 0.0298 0.2156 -1.3338 0.0361 0.2084 -1.3364 0.0248 0.2197
5.0 -1.3769 0.0212 0.2194 -1.3217 -0.0025 0.2491 -1.2713 0.0159 0.2353 -1.2654 0.0325 0.2188 -1.2786 0.0424 0.2075 -1.3017 0.049 0.1984 -1.3229 0.0144 0.2317 -1.3218 0.0231 0.2229 -1.3257 0.0299 0.2155 -1.3338 0.0361 0.2084 -1.3362 0.0249 0.2196
6.0 -1.376 0.0213 0.2194 -1.3217 -0.0025 0.2491 -1.2713 0.0159 0.2353 -1.2663 0.0324 0.2189 -1.2786 0.0424 0.2075 -1.3027 0.0495 0.1978 -1.3229 0.0144 0.2317 -1.3218 0.0231 0.2229 -1.3257 0.0299 0.2155 -1.3338 0.0361 0.2084 -1.336 0.025 0.2196
7.0 -1.376 0.0213 0.2194 -1.3226 -0.0027 0.2491 -1.2713 0.0159 0.2353 -1.2654 0.0325 0.2188 -1.2786 0.0424 0.2075 -1.3019 0.0502 0.1971 -1.3229 0.0144 0.2317 -1.3218 0.0231 0.2229 -1.3257 0.0299 0.2155 -1.3329 0.0363 0.2083 -1.3359 0.025 0.2196
8.0 -1.376 0.0213 0.2194 -1.3217 -0.0025 0.2491 -1.2713 0.0159 0.2353 -1.2663 0.0324 0.2189 -1.2785 0.0418 0.2081 -1.3027 0.0495 0.1978 -1.3228 0.0138 0.2323 -1.3217 0.0225 0.2235 -1.3265 0.0298 0.2156 -1.3338 0.0361 0.2084 -1.3362 0.0247 0.2198
9.0 -1.3769 0.0212 0.2194 -1.3226 -0.0027 0.2491 -1.2713 0.0159 0.2353 -1.2653 0.0319 0.2194 -1.2786 0.0424 0.2075 -1.3027 0.0495 0.1978 -1.3229 0.0144 0.2317 -1.3218 0.0231 0.2229 -1.3258 0.0305 0.2149 -1.3339 0.0367 0.2077 -1.3363 0.0252 0.2193
10.0 -1.376 0.0213 0.2194 -1.3217 -0.0025 0.2491 -1.2703 0.0154 0.2359 -1.2654 0.0325 0.2188 -1.2787 0.043 0.2068 -1.3027 0.0495 0.1978 -1.322 0.0139 0.2323 -1.3218 0.0231 0.2229 -1.3258 0.0305 0.2149 -1.3329 0.0363 0.2083 -1.3357 0.025 0.2195
11.0 -1.3759 0.0207 0.22 -1.3217 -0.0025 0.2491 -1.2713 0.0159 0.2353 -1.2663 0.0324 0.2189 -1.2786 0.0424 0.2075 -1.3027 0.0495 0.1978 -1.3229 0.0144 0.2317 -1.3227 0.023 0.2229 -1.3265 0.0298 0.2156 -1.3338 0.0361 0.2084 -1.3364 0.0248 0.2197
12.0 -1.3769 0.0212 0.2194 -1.3227 -0.0021 0.2485 -1.2712 0.0153 0.2359 -1.2663 0.0324 0.2189 -1.2795 0.0428 0.2069 -1.3034 0.0488 0.1984 -1.3229 0.0144 0.2317 -1.3218 0.0231 0.2229 -1.3258 0.0305 0.2149 -1.3338 0.0361 0.2084 -1.3362 0.0251 0.2194
13.0 -1.3769 0.0212 0.2194 -1.3226 -0.0027 0.2491 -1.2721 0.0157 0.2353 -1.2654 0.0325 0.2188 -1.2794 0.0423 0.2075 -1.3028 0.0501 0.1972 -1.3237 0.0137 0.2323 -1.3227 0.023 0.2229 -1.3266 0.0304 0.2149 -1.3339 0.0367 0.2077 -1.3368 0.025 0.2195
14.0 -1.3778 0.021 0.2194 -1.3227 -0.0021 0.2485 -1.2713 0.0159 0.2353 -1.2663 0.0324 0.2189 -1.2795 0.0428 0.2069 -1.3027 0.0495 0.1978 -1.3229 0.0144 0.2317 -1.3227 0.023 0.2229 -1.3266 0.0304 0.2149 -1.3347 0.0366 0.2078 -1.3369 0.0251 0.2193
15.0 -1.3769 0.0212 0.2194 -1.3226 -0.0027 0.2491 -1.272 0.0152 0.2359 -1.2662 0.0318 0.2195 -1.2794 0.0423 0.2075 -1.3027 0.0495 0.1978 -1.3229 0.0144 0.2317 -1.3227 0.023 0.2229 -1.3265 0.0298 0.2156 -1.3346 0.036 0.2084 -1.3367 0.0249 0.2196
16.0 -1.3778 0.021 0.2194 -1.3227 -0.0021 0.2485 -1.273 0.0156 0.2354 -1.2663 0.0324 0.2189 -1.2795 0.0428 0.2069 -1.3034 0.0488 0.1984 -1.3238 0.0143 0.2317 -1.3227 0.023 0.2229 -1.3266 0.0304 0.2149 -1.3346 0.036 0.2084 -1.3371 0.0249 0.2195
17.0 -1.3778 0.021 0.2194 -1.3227 -0.0021 0.2485 -1.272 0.0152 0.2359 -1.2662 0.0318 0.2195 -1.2794 0.0423 0.2075 -1.3027 0.0495 0.1978 -1.3238 0.0143 0.2317 -1.3235 0.0229 0.2229 -1.3275 0.0303 0.215 -1.3346 0.036 0.2084 -1.3374 0.0249 0.2195
18.0 -1.3778 0.021 0.2194 -1.3227 -0.0021 0.2485 -1.272 0.0152 0.2359 -1.2663 0.0324 0.2189 -1.2794 0.0423 0.2075 -1.3026 0.0489 0.1984 -1.3238 0.0143 0.2317 -1.3227 0.023 0.2229 -1.3266 0.0304 0.2149 -1.3347 0.0366 0.2078 -1.3371 0.0251 0.2193
19.0 -1.3779 0.0216 0.2188 -1.3235 -0.0022 0.2486 -1.2721 0.0157 0.2353 -1.2663 0.0324 0.2189 -1.2795 0.0428 0.2069 -1.3036 0.0494 0.1978 -1.3238 0.0143 0.2317 -1.3236 0.0235 0.2223 -1.3275 0.0303 0.215 -1.3347 0.0366 0.2078 -1.3375 0.0253 0.2191
20.0 -1.377 0.0218 0.2188 -1.3227 -0.0021 0.2485 -1.2723 0.0163 0.2347 -1.2664 0.033 0.2182 -1.2795 0.0428 0.2069 -1.3028 0.0501 0.1972 -1.3238 0.0143 0.2317 -1.3227 0.023 0.2229 -1.3266 0.0304 0.2149 -1.3347 0.0366 0.2078 -1.337 0.0252 0.2192
21.0 -1.3787 0.0215 0.2188 -1.3227 -0.0021 0.2485 -1.2721 0.0157 0.2353 -1.2654 0.0325 0.2188 -1.278 0.0443 0.2056 -1.3029 0.0507 0.1965 -1.3248 0.0148 0.2311 -1.3228 0.0236 0.2223 -1.3267 0.031 0.2143 -1.3348 0.0372 0.2071 -1.3376 0.0256 0.2187
22.0 -1.3779 0.0216 0.2188 -1.3228 -0.0015 0.2479 -1.2723 0.0163 0.2347 -1.2655 0.0331 0.2182 -1.2789 0.0442 0.2056 -1.3028 0.0501 0.1972 -1.324 0.0155 0.2305 -1.3229 0.0242 0.2217 -1.3267 0.031 0.2143 -1.334 0.0373 0.2071 -1.3371 0.0259 0.2185
23.0 -1.3779 0.0216 0.2188 -1.3228 -0.0015 0.2479 -1.2715 0.0171 0.234 -1.2656 0.0337 0.2176 -1.2796 0.0434 0.2063 -1.3037 0.05 0.1972 -1.3239 0.0149 0.2311 -1.3228 0.0236 0.2223 -1.3276 0.0309 0.2144 -1.3348 0.0372 0.2071 -1.3374 0.0256 0.2187
24.0 -1.3779 0.0216 0.2188 -1.3236 -0.0016 0.2479 -1.2724 0.0169 0.2341 -1.2649 0.0344 0.2169 -1.278 0.0443 0.2056 -1.3028 0.0501 0.1972 -1.324 0.0155 0.2305 -1.3229 0.0242 0.2217 -1.3259 0.0311 0.2143 -1.334 0.0373 0.2071 -1.3369 0.0259 0.2185
25.0 -1.3779 0.0216 0.2188 -1.3228 -0.0015 0.2479 -1.2714 0.0165 0.2347 -1.2648 0.0338 0.2175 -1.278 0.0443 0.2056 -1.302 0.0508 0.1965 -1.3248 0.0148 0.2311 -1.3228 0.0236 0.2223 -1.3267 0.031 0.2143 -1.334 0.0373 0.2071 -1.3372 0.0257 0.2187
26.0 -1.377 0.0218 0.2188 -1.3227 -0.0021 0.2485 -1.2714 0.0165 0.2347 -1.2656 0.0337 0.2176 -1.2779 0.0437 0.2062 -1.3019 0.0502 0.1971 -1.323 0.015 0.231 -1.322 0.0243 0.2216 -1.3259 0.0311 0.2143 -1.334 0.0373 0.2071 -1.3364 0.0259 0.2186
27.0 -1.3778 0.021 0.2194 -1.3218 -0.002 0.2485 -1.2714 0.0165 0.2347 -1.2647 0.0333 0.2182 -1.2772 0.0444 0.2055 -1.302 0.0508 0.1965 -1.3239 0.0149 0.2311 -1.3229 0.0242 0.2217 -1.3267 0.031 0.2143 -1.334 0.0373 0.2071 -1.3371 0.0257 0.2187
28.0 -1.377 0.0218 0.2188 -1.3228 -0.0015 0.2479 -1.2705 0.0166 0.2346 -1.2639 0.034 0.2175 -1.2772 0.0444 0.2055 -1.302 0.0508 0.1965 -1.3239 0.0149 0.2311 -1.322 0.0243 0.2216 -1.3259 0.0311 0.2143 -1.334 0.0373 0.2071 -1.3366 0.0259 0.2186
29.0 -1.3771 0.0223 0.2182 -1.3219 -0.0014 0.2479 -1.2697 0.0167 0.2346 -1.263 0.0341 0.2175 -1.2772 0.0444 0.2055 -1.3012 0.0509 0.1965 -1.3223 0.0157 0.2304 -1.3212 0.0244 0.2216 -1.3251 0.0318 0.2136 -1.3331 0.0374 0.2071 -1.3358 0.0263 0.2182
30.0 -1.3753 0.022 0.2187 -1.3211 -0.0012 0.2478 -1.2688 0.0168 0.2346 -1.2639 0.034 0.2175 -1.2772 0.0444 0.2055 -1.3012 0.0509 0.1965 -1.3206 0.0159 0.2303 -1.3203 0.0245 0.2216 -1.3241 0.0313 0.2142 -1.3323 0.0376 0.207 -1.3345 0.0263 0.2184
31.0 -1.3762 0.0225 0.2181 -1.3202 -0.0011 0.2478 -1.2689 0.0174 0.2339 -1.264 0.0346 0.2169 -1.2763 0.0445 0.2055 -1.3004 0.0516 0.1958 -1.3223 0.0157 0.2304 -1.3212 0.0244 0.2216 -1.3251 0.0318 0.2136 -1.3332 0.038 0.2065 -1.3356 0.0265 0.218
32.0 -1.3781 0.0228 0.2176 -1.322 -0.0008 0.2472 -1.2682 0.0181 0.2333 -1.2623 0.0348 0.2168 -1.2753 0.044 0.2061 -1.3003 0.051 0.1964 -1.3224 0.0163 0.2298 -1.3213 0.025 0.221 -1.3252 0.0324 0.213 -1.3324 0.0382 0.2064 -1.3359 0.0269 0.2176
33.0 -1.377 0.0218 0.2188 -1.3211 -0.0012 0.2478 -1.2689 0.0174 0.2339 -1.2614 0.0349 0.2168 -1.2746 0.0447 0.2054 -1.3013 0.0515 0.1959 -1.3215 0.0164 0.2297 -1.3204 0.0251 0.221 -1.3242 0.0319 0.2136 -1.3324 0.0382 0.2064 -1.3351 0.0267 0.2179
34.0 -1.3771 0.0223 0.2182 -1.3219 -0.0014 0.2479 -1.268 0.0169 0.2345 -1.2613 0.0343 0.2174 -1.2747 0.0453 0.2048 -1.3004 0.0516 0.1958 -1.3223 0.0157 0.2304 -1.3204 0.0251 0.221 -1.3242 0.0319 0.2136 -1.3324 0.0382 0.2064 -1.3353 0.0266 0.2179
35.0 -1.3769 0.0212 0.2194 -1.3203 -0.0005 0.2472 -1.2688 0.0168 0.2346 -1.2623 0.0348 0.2168 -1.2754 0.0446 0.2055 -1.3003 0.051 0.1964 -1.3223 0.0157 0.2304 -1.3212 0.0244 0.2216 -1.3251 0.0318 0.2136 -1.3331 0.0374 0.2071 -1.3357 0.0261 0.2184
36.0 -1.377 0.0218 0.2188 -1.3226 -0.0027 0.2491 -1.268 0.0169 0.2345 -1.2622 0.0342 0.2174 -1.2753 0.044 0.2061 -1.3003 0.051 0.1964 -1.3213 0.0152 0.231 -1.3203 0.0245 0.2216 -1.3242 0.0319 0.2136 -1.3324 0.0382 0.2064 -1.3351 0.0263 0.2183
37.0 -1.376 0.0213 0.2194 -1.321 -0.0018 0.2485 -1.2678 0.0163 0.2352 -1.262 0.033 0.2187 -1.2746 0.0447 0.2054 -1.2995 0.0512 0.1964 -1.3213 0.0152 0.231 -1.3194 0.0246 0.2215 -1.3234 0.032 0.2136 -1.3314 0.0377 0.207 -1.3343 0.0262 0.2185
38.0 -1.3753 0.022 0.2187 -1.3209 -0.0024 0.2491 -1.267 0.0164 0.2351 -1.2622 0.0342 0.2174 -1.2762 0.0439 0.2061 -1.3002 0.0504 0.1971 -1.3205 0.0153 0.2309 -1.3193 0.024 0.2222 -1.3241 0.0313 0.2142 -1.3323 0.0376 0.207 -1.3343 0.026 0.2186
39.0 -1.3761 0.0219 0.2187 -1.321 -0.0018 0.2485 -1.2671 0.017 0.2345 -1.2605 0.0344 0.2174 -1.2738 0.0455 0.2048 -1.2995 0.0512 0.1964 -1.3213 0.0152 0.231 -1.3194 0.0246 0.2215 -1.3234 0.032 0.2136 -1.3314 0.0377 0.207 -1.3343 0.0263 0.2184
40.0 -1.3745 0.0227 0.2181 -1.3186 -0.0003 0.2471 -1.2655 0.0179 0.2338 -1.2597 0.0351 0.2167 -1.2718 0.0439 0.2066 -1.2969 0.0515 0.1963 -1.3188 0.0162 0.2303 -1.3178 0.0255 0.2209 -1.3217 0.0323 0.2135 -1.3298 0.0385 0.2063 -1.3325 0.027 0.2178
41.0 -1.3717 0.0219 0.2192 -1.3185 -0.0009 0.2477 -1.2645 0.0174 0.2344 -1.2587 0.0347 0.2173 -1.2712 0.0452 0.2053 -1.296 0.0516 0.1963 -1.3179 0.0157 0.2308 -1.316 0.0251 0.2214 -1.3199 0.0325 0.2134 -1.3281 0.0387 0.2063 -1.3307 0.0268 0.2182
42.0 -1.3728 0.0229 0.218 -1.3169 -6.249e-05 0.247 -1.2638 0.0181 0.2337 -1.258 0.0354 0.2167 -1.2685 0.045 0.2058 -1.2942 0.0513 0.1968 -1.3171 0.0164 0.2302 -1.316 0.0251 0.2214 -1.3199 0.0325 0.2134 -1.3272 0.0389 0.2062 -1.3306 0.0272 0.2178
43.0 -1.3701 0.0227 0.2185 -1.3152 0.0002 0.247 -1.2627 0.017 0.235 -1.2563 0.0356 0.2166 -1.2659 0.0453 0.2057 -1.2925 0.0515 0.1968 -1.3154 0.0166 0.2301 -1.3143 0.0253 0.2213 -1.3181 0.0321 0.214 -1.3263 0.0384 0.2068 -1.3288 0.027 0.2182
44.0 -1.3683 0.0223 0.2191 -1.3141 -0.0009 0.2482 -1.261 0.0173 0.2349 -1.2545 0.0352 0.2171 -1.2658 0.0447 0.2063 -1.2914 0.0504 0.198 -1.3143 0.0156 0.2313 -1.3133 0.0248 0.2219 -1.3163 0.0318 0.2145 -1.3244 0.038 0.2074 -1.3273 0.0265 0.2188
45.0 -1.3667 0.0231 0.2184 -1.3114 -0.0012 0.2487 -1.2583 0.017 0.2354 -1.2535 0.0348 0.2177 -1.264 0.0443 0.2069 -1.2887 0.0502 0.1985 -1.3109 0.016 0.2312 -1.3098 0.0247 0.2224 -1.3137 0.0321 0.2144 -1.3219 0.0384 0.2073 -1.3246 0.0269 0.2187
46.0 -1.3622 0.0225 0.2194 -1.3089 -0.0002 0.248 -1.2565 0.0166 0.236 -1.2507 0.0339 0.2189 -1.2612 0.0435 0.208 -1.2852 0.05 0.199 -1.3091 0.0157 0.2318 -1.308 0.0244 0.223 -1.3119 0.0318 0.215 -1.3192 0.0381 0.2078 -1.3221 0.0265 0.2194
47.0 -1.3603 0.0216 0.2206 -1.307 -0.0012 0.2492 -1.2545 0.0157 0.2371 -1.2489 0.0335 0.2194 -1.2592 0.0425 0.2092 -1.2834 0.0497 0.1995 -1.3073 0.0153 0.2323 -1.3061 0.024 0.2235 -1.31 0.0308 0.2162 -1.3181 0.037 0.209 -1.3203 0.0257 0.2203
48.0 -1.3567 0.0214 0.2211 -1.3052 -0.0015 0.2497 -1.2509 0.015 0.2382 -1.2452 0.0328 0.2205 -1.2573 0.0416 0.2104 -1.2791 0.0502 0.1994 -1.3053 0.0143 0.2335 -1.3034 0.0231 0.2247 -1.3064 0.0307 0.2167 -1.3128 0.0371 0.2094 -1.3169 0.0253 0.2211
49.0 -1.3558 0.021 0.2217 -1.3042 -0.002 0.2503 -1.2482 0.0147 0.2388 -1.2415 0.0315 0.2223 -1.2537 0.0408 0.2115 -1.278 0.0492 0.2006 -1.3036 0.0146 0.2334 -1.3016 0.0234 0.2246 -1.3045 0.0297 0.2178 -1.3109 0.0362 0.2106 -1.3153 0.025 0.2216
50.0 -1.3522 0.0208 0.2222 -1.2997 -0.0026 0.2514 -1.2455 0.0145 0.2393 -1.2388 0.0312 0.2228 -1.251 0.0406 0.212 -1.2744 0.0484 0.2017 -1.2991 0.0139 0.2345 -1.298 0.0226 0.2257 -1.301 0.0296 0.2183 -1.3081 0.0353 0.2117 -1.3117 0.0245 0.2225
51.0 -1.3495 0.0206 0.2227 -1.2962 -0.0028 0.2519 -1.242 0.0143 0.2398 -1.2362 0.0316 0.2227 -1.2484 0.0409 0.2119 -1.2717 0.0482 0.2022 -1.2964 0.0137 0.235 -1.2944 0.0225 0.2262 -1.2974 0.0294 0.2188 -1.3055 0.0357 0.2116 -1.3087 0.0244 0.2229
52.0 -1.3449 0.0194 0.2244 -1.2927 -0.0023 0.2517 -1.2375 0.0137 0.2408 -1.2326 0.0309 0.2238 -1.2449 0.0408 0.2124 -1.2673 0.0482 0.2027 -1.2928 0.013 0.2361 -1.2917 0.0217 0.2273 -1.2938 0.0287 0.2199 -1.301 0.0351 0.2127 -1.3048 0.0236 0.2241
53.0 -1.3424 0.0203 0.2237 -1.2902 -0.002 0.2516 -1.2365 0.0132 0.2414 -1.2291 0.0313 0.2237 -1.2413 0.0407 0.2129 -1.2646 0.0479 0.2032 -1.2892 0.0128 0.2366 -1.2882 0.0221 0.2272 -1.2912 0.0291 0.2198 -1.2985 0.0354 0.2126 -1.3019 0.0239 0.224
54.0 -1.3416 0.0204 0.2236 -1.2875 -0.0022 0.2521 -1.2331 0.0137 0.2413 -1.2264 0.0311 0.2242 -1.2395 0.0403 0.2134 -1.2619 0.0477 0.2037 -1.2865 0.0126 0.2371 -1.2847 0.022 0.2277 -1.2877 0.0289 0.2203 -1.2948 0.0347 0.2137 -1.2991 0.0237 0.2245
55.0 -1.3398 0.0201 0.2242 -1.2855 -0.0032 0.2533 -1.2304 0.0134 0.2418 -1.2228 0.0303 0.2253 -1.2351 0.0403 0.2139 -1.2602 0.0479 0.2036 -1.2857 0.0127 0.2371 -1.2829 0.0216 0.2282 -1.2859 0.0292 0.2202 -1.2931 0.0349 0.2136 -1.2975 0.0237 0.2247
56.0 -1.3353 0.0194 0.2253 -1.2829 -0.0034 0.2538 -1.2269 0.0133 0.2423 -1.2202 0.0307 0.2252 -1.2334 0.0405 0.2138 -1.2573 0.0465 0.2054 -1.2812 0.0121 0.2382 -1.2793 0.0215 0.2287 -1.2824 0.029 0.2207 -1.2896 0.0348 0.2141 -1.2935 0.0234 0.2254
57.0 -1.3327 0.0198 0.2252 -1.2803 -0.0031 0.2537 -1.2233 0.0132 0.2428 -1.2175 0.0304 0.2257 -1.2306 0.0397 0.215 -1.2546 0.0462 0.2059 -1.2786 0.0124 0.2381 -1.2776 0.0217 0.2287 -1.2807 0.0293 0.2207 -1.287 0.0351 0.214 -1.2913 0.0237 0.2253
58.0 -1.3194 0.0191 0.2272 -1.2687 -0.0039 0.2558 -1.2117 0.0123 0.2448 -1.2058 0.029 0.2284 -1.2181 0.0389 0.217 -1.2421 0.0449 0.2085 -1.267 0.0116 0.2401 -1.2659 0.0203 0.2313 -1.269 0.0278 0.2233 -1.2753 0.0336 0.2167 -1.2793 0.0225 0.2277
59.0 -1.3175 0.0188 0.2277 -1.266 -0.0042 0.2563 -1.2091 0.0126 0.2447 -1.2041 0.0292 0.2283 -1.2156 0.0393 0.2169 -1.2395 0.0452 0.2084 -1.2643 0.0113 0.2406 -1.2633 0.0206 0.2312 -1.2663 0.0275 0.2238 -1.2726 0.0334 0.2172 -1.2768 0.0223 0.2281
60.0 -1.314 0.0187 0.2282 -1.2626 -0.0037 0.2562 -1.2064 0.0118 0.2459 -1.2014 0.029 0.2288 -1.213 0.0396 0.2168 -1.2368 0.045 0.209 -1.2616 0.0111 0.2412 -1.2606 0.0204 0.2317 -1.2636 0.0273 0.2244 -1.2709 0.0336 0.2172 -1.2742 0.0222 0.2285
61.0 -1.3104 0.0179 0.2293 -1.259 -0.0039 0.2567 -1.2027 0.0111 0.247 -1.1969 0.0283 0.2299 -1.2101 0.0382 0.2185 -1.2333 0.0448 0.2095 -1.259 0.0108 0.2417 -1.2571 0.0202 0.2322 -1.2601 0.0272 0.2249 -1.2664 0.033 0.2182 -1.2706 0.0218 0.2293
62.0 -1.3077 0.0177 0.2298 -1.2562 -0.0047 0.2578 -1.2 0.0108 0.2475 -1.196 0.0279 0.2305 -1.2083 0.0378 0.2191 -1.2299 0.0459 0.2087 -1.2554 0.0107 0.2422 -1.2534 0.0195 0.2333 -1.2564 0.0264 0.226 -1.2628 0.0329 0.2187 -1.2672 0.0214 0.23
63.0 -1.3032 0.0171 0.2309 -1.2527 -0.0048 0.2583 -1.1956 0.0108 0.248 -1.1915 0.0272 0.2316 -1.2039 0.0378 0.2196 -1.2253 0.0447 0.2104 -1.2526 0.0098 0.2433 -1.2507 0.0186 0.2345 -1.2536 0.0256 0.2271 -1.26 0.032 0.2199 -1.264 0.0206 0.2311
64.0 -1.3013 0.0167 0.2315 -1.249 -0.0062 0.26 -1.1921 0.0107 0.2485 -1.187 0.0266 0.2326 -1.2021 0.0374 0.2201 -1.2234 0.0437 0.2116 -1.2482 0.0098 0.2438 -1.2471 0.0185 0.235 -1.2502 0.026 0.227 -1.2565 0.0319 0.2203 -1.2607 0.0206 0.2315
65.0 -1.2979 0.0172 0.2313 -1.2456 -0.0051 0.2593 -1.1886 0.0111 0.2483 -1.1808 0.0269 0.233 -1.1942 0.0379 0.2204 -1.2201 0.0448 0.2108 -1.2447 0.0097 0.2442 -1.2428 0.0191 0.2348 -1.2458 0.026 0.2274 -1.2539 0.0323 0.2202 -1.257 0.0208 0.2316
66.0 -1.2952 0.0169 0.2318 -1.2395 -0.0049 0.2597 -1.1842 0.0111 0.2488 -1.1783 0.0272 0.2329 -1.1935 0.0386 0.2198 -1.2157 0.0448 0.2113 -1.2404 0.0103 0.2441 -1.2393 0.019 0.2353 -1.2431 0.0258 0.2279 -1.2503 0.0315 0.2214 -1.2537 0.0207 0.2321
67.0 -1.2918 0.0174 0.2317 -1.2361 -0.0044 0.2595 -1.1799 0.0117 0.2486 -1.1748 0.0277 0.2328 -1.1872 0.0382 0.2208 -1.2114 0.0453 0.2111 -1.237 0.0107 0.2439 -1.2358 0.0194 0.2352 -1.2388 0.0264 0.2278 -1.246 0.0321 0.2212 -1.2499 0.0212 0.232
68.0 -1.2856 0.017 0.2327 -1.23 -0.0036 0.2593 -1.1755 0.0117 0.2491 -1.1697 0.0284 0.2326 -1.1827 0.0376 0.2219 -1.207 0.0453 0.2116 -1.2326 0.0107 0.2444 -1.2314 0.0194 0.2356 -1.2344 0.0263 0.2282 -1.2417 0.0327 0.221 -1.2451 0.0212 0.2324
69.0 -1.2282 0.0162 0.2392 -1.1642 -0.0027 0.2649 -1.1127 0.0147 0.2522 -1.112 0.0306 0.236 -1.1268 0.0396 0.2253 -1.1516 0.0455 0.2169 -1.1719 0.011 0.2502 -1.1717 0.0201 0.2408 -1.1764 0.0268 0.2335 -1.1836 0.0326 0.2269 -1.1864 0.0213 0.2381
70.0 -1.2245 0.0149 0.241 -1.1573 -0.0023 0.2652 -1.1075 0.0148 0.2527 -1.1057 0.0297 0.2376 -1.1215 0.0397 0.2257 -1.1429 0.046 0.2172 -1.1683 0.0102 0.2513 -1.1681 0.0194 0.2419 -1.1719 0.0262 0.2346 -1.1782 0.0321 0.2279 -1.1822 0.0206 0.2393
71.0 -1.2183 0.0145 0.242 -1.1511 -0.0021 0.2656 -1.1023 0.0155 0.2525 -1.1013 0.0297 0.2381 -1.1154 0.04 0.2261 -1.139 0.0441 0.2195 -1.1636 0.009 0.253 -1.1636 0.0188 0.243 -1.1667 0.0263 0.235 -1.173 0.0322 0.2284 -1.177 0.0202 0.2402
72.0 -1.2113 0.0148 0.2423 -1.1457 -0.0032 0.2673 -1.0968 0.0144 0.2541 -1.0959 0.0292 0.2391 -1.1108 0.0388 0.2278 -1.1397 0.0379 0.2258 -1.1584 0.0091 0.2534 -1.1575 0.019 0.2434 -1.1614 0.0264 0.2354 -1.1685 0.0316 0.2294 -1.1714 0.0202 0.2408
73.0 -1.2087 0.0152 0.2422 -1.1421 -0.0033 0.2677 -1.0934 0.0148 0.254 -1.0915 0.0291 0.2396 -1.1047 0.039 0.2282 -1.1256 0.0429 0.2221 -1.1531 0.0092 0.2538 -1.1529 0.0178 0.2451 -1.1558 0.0247 0.2377 -1.1619 0.0294 0.2323 -1.1665 0.0193 0.2422
74.0 -1.2034 0.0153 0.2426 -1.1343 -0.0029 0.2681 -1.088 0.0143 0.255 -1.0854 0.0294 0.2399 -1.0984 0.0386 0.2292 -1.1172 0.0403 0.2256 -1.1496 0.0091 0.2543 -1.1487 0.019 0.2443 -1.1507 0.0254 0.2375 -1.1559 0.0302 0.2321 -1.1617 0.0198 0.2422
75.0 -1.1989 0.0146 0.2437 -1.13 -0.0023 0.2679 -1.0818 0.014 0.256 -1.079 0.0278 0.2422 -1.0942 0.0392 0.229 -1.1146 0.0407 0.2255 -1.1442 0.0086 0.2553 -1.1431 0.0173 0.2466 -1.1461 0.0242 0.2392 -1.1523 0.0295 0.2332 -1.1569 0.0188 0.2436
76.0 -1.1963 0.0144 0.2442 -1.1255 -0.0029 0.269 -1.0766 0.0141 0.2565 -1.0747 0.0284 0.242 -1.0896 0.0386 0.2301 -1.1115 0.0429 0.2235 -1.1391 0.0093 0.2551 -1.1387 0.0173 0.247 -1.1417 0.0242 0.2396 -1.1477 0.0283 0.2349 -1.1527 0.0187 0.2442
77.0 -1.1884 0.0148 0.2446 -1.117 -0.0012 0.268 -1.0722 0.014 0.2569 -1.0696 0.0297 0.2412 -1.0852 0.0385 0.2306 -1.1071 0.0429 0.2239 -1.1329 0.0095 0.2555 -1.1327 0.0181 0.2468 -1.1356 0.0244 0.24 -1.1425 0.029 0.2347 -1.1464 0.0192 0.2443
78.0 -1.1821 0.0139 0.2462 -1.1106 -0.0028 0.2703 -1.0644 0.0151 0.2566 -1.0665 0.0319 0.2392 -1.0829 0.0401 0.2292 -1.1092 0.0445 0.2221 -1.1249 0.0088 0.2571 -1.1247 0.0179 0.2477 -1.1303 0.0245 0.2404 -1.1382 0.0296 0.2345 -1.14 0.0189 0.2452
79.0 -1.1778 0.0144 0.246 -1.1036 -0.0024 0.2706 -1.0591 0.0146 0.2577 -1.0622 0.0325 0.239 -1.077 0.0415 0.2284 -1.1012 0.0443 0.2231 -1.1188 0.009 0.2575 -1.1203 0.0179 0.2482 -1.125 0.0246 0.2409 -1.1328 0.0291 0.2355 -1.135 0.019 0.2456
80.0 -1.1732 0.0132 0.2477 -1.0985 -0.0011 0.2698 -1.0538 0.0147 0.2581 -1.0541 0.0317 0.2406 -1.0706 0.0405 0.23 -1.0935 0.0454 0.2228 -1.1151 0.0082 0.2586 -1.1158 0.0173 0.2492 -1.1206 0.0246 0.2413 -1.1277 0.0298 0.2353 -1.1305 0.0186 0.2464
81.0 -1.1628 0.014 0.2479 -1.0912 -0.0026 0.272 -1.046 0.0151 0.2584 -1.0481 0.0326 0.2404 -1.0629 0.0416 0.2297 -1.0873 0.045 0.2238 -1.1055 0.0083 0.2595 -1.1054 0.0181 0.2495 -1.1111 0.0253 0.2416 -1.118 0.0298 0.2362 -1.1205 0.0191 0.2469
82.0 -1.1588 0.0115 0.2509 -1.0867 -0.0032 0.2731 -1.0398 0.0153 0.2588 -1.0422 0.0291 0.2445 -1.0607 0.0388 0.2327 -1.0852 0.0434 0.2256 -1.0992 0.0079 0.2605 -1.1008 0.0169 0.2512 -1.1065 0.0241 0.2433 -1.1151 0.0284 0.238 -1.1161 0.0178 0.2488
83.0 -1.1373 0.0095 0.2551 -1.0557 0.0004 0.2725 -1.0173 0.0172 0.2592 -1.0189 0.0316 0.2442 -1.0352 0.0392 0.2349 -1.0598 0.0438 0.2277 -1.0773 0.0085 0.2621 -1.0787 0.0162 0.2541 -1.0841 0.0222 0.2474 -1.0928 0.0265 0.2421 -1.0941 0.0166 0.2521
84.0 -1.1321 0.0096 0.2555 -1.0505 0.0011 0.2723 -1.0138 0.0176 0.259 -1.0134 0.0299 0.2465 -1.0297 0.0381 0.2365 -1.0507 0.042 0.2305 -1.0704 0.0088 0.2625 -1.0717 0.0165 0.2544 -1.0772 0.0225 0.2477 -1.0867 0.0267 0.2425 -1.0876 0.0168 0.2525
85.0 -1.1253 0.0111 0.2546 -1.0437 0.002 0.2721 -1.0087 0.0183 0.2588 -1.009 0.0299 0.247 -1.0244 0.0376 0.2376 -1.0454 0.0421 0.2309 -1.0627 0.0104 0.2616 -1.0649 0.0181 0.2535 -1.0705 0.0246 0.2462 -1.0791 0.0284 0.2416 -1.0805 0.0185 0.2515
86.0 -1.1241 0.0095 0.2564 -1.0376 0.0028 0.2718 -1.0035 0.019 0.2586 -1.0048 0.0311 0.2462 -1.0227 0.0378 0.2375 -1.0501 0.039 0.2336 -1.0609 0.0101 0.2621 -1.063 0.0171 0.2547 -1.0702 0.0229 0.2481 -1.0797 0.0271 0.2428 -1.0796 0.0173 0.2528
87.0 -1.1215 0.0092 0.257 -1.0322 0.0017 0.2735 -1.0016 0.0181 0.2598 -1.0031 0.0319 0.2455 -1.0228 0.0384 0.2369 -1.0541 0.0415 0.2306 -1.0597 0.0084 0.2639 -1.062 0.0166 0.2553 -1.0693 0.023 0.2481 -1.0815 0.0274 0.2423 -1.0788 0.0169 0.2533
88.0 -1.1151 0.0082 0.2586 -1.0271 0.003 0.2727 -0.9956 0.0189 0.2596 -1.0006 0.0323 0.2454 -1.0194 0.0395 0.2361 -1.0514 0.0413 0.2311 -1.0509 0.0084 0.2648 -1.0542 0.0171 0.2556 -1.0642 0.0237 0.2479 -1.0772 0.028 0.2421 -1.0723 0.0171 0.2538
89.0 -1.1142 0.0078 0.2592 -1.0206 0.0057 0.2705 -0.9942 0.0209 0.2576 -0.9987 0.0319 0.246 -1.016 0.0399 0.236 -1.0471 0.0418 0.231 -1.049 0.0074 0.266 -1.0531 0.016 0.2568 -1.0621 0.0221 0.2497 -1.0753 0.027 0.2433 -1.0707 0.0161 0.255
90.0 -1.1081 0.0086 0.2589 -1.0169 0.005 0.2716 -0.9899 0.0215 0.2575 -0.9937 0.0332 0.2451 -1.0117 0.0405 0.2358 -1.0426 0.0412 0.232 -1.0433 0.01 0.2639 -1.0472 0.0174 0.256 -1.0562 0.0235 0.2488 -1.0683 0.0274 0.2437 -1.0646 0.0174 0.2543
91.0 -1.0902 0.0116 0.2576 -1.002 0.0101 0.2679 -0.9802 0.0264 0.2534 -0.984 0.0382 0.241 -1.0043 0.0434 0.2337 -1.0393 0.0472 0.2263 -1.033 0.0114 0.2635 -1.0378 0.0187 0.2556 -1.0468 0.0248 0.2484 -1.0598 0.0291 0.2427 -1.0535 0.0191 0.2536
92.0 -1.086 0.0128 0.2568 -0.9986 0.0111 0.2672 -0.9794 0.0272 0.2527 -0.9789 0.0388 0.2408 -1.0007 0.0432 0.2342 -1.036 0.0488 0.2249 -1.0295 0.0118 0.2634 -1.0344 0.0197 0.2548 -1.0444 0.0263 0.2471 -1.0575 0.0307 0.2414 -1.0504 0.0203 0.2527
93.0 -1.0846 0.0148 0.2549 -1.0327 0.045 0.2292 -0.9931 0.0449 0.2332 -0.9716 0.0374 0.243 -0.9739 0.0255 0.255 -0.9959 0.0109 0.2677 -1.036 0.0287 0.2455 -1.0324 0.0231 0.2516 -1.0336 0.015 0.2598 -1.0398 0.005 0.2694 -1.0453 0.0173 0.2563
94.0 -1.0775 0.0145 0.2559 -0.9861 0.0147 0.2648 -0.9683 0.0287 0.2523 -0.975 0.0418 0.2382 -0.9953 0.0476 0.2302 -1.0263 0.0538 0.2208 -1.0209 0.013 0.2631 -1.0268 0.0214 0.2539 -1.0369 0.0286 0.2456 -1.0491 0.033 0.2398 -1.0422 0.0221 0.2516
95.0 -1.0727 0.017 0.2538 -1.0031 0.0319 0.2455 -0.9681 0.033 0.2479 -0.9684 0.0396 0.241 -0.985 0.0435 0.2354 -1.0163 0.0466 0.2291 -1.0185 0.0188 0.2573 -1.0227 0.0232 0.2525 -1.0321 0.0262 0.2485 -1.0447 0.0281 0.2452 -1.0381 0.0227 0.2515
96.0 -1.0666 0.0172 0.2542 -0.9776 0.0164 0.2639 -0.9615 0.0302 0.2514 -0.9692 0.0389 0.2417 -0.9879 0.0456 0.233 -1.018 0.0513 0.2242 -1.0097 0.0188 0.2582 -1.017 0.0258 0.2504 -1.0276 0.031 0.244 -1.0396 0.0343 0.2394 -1.0321 0.0254 0.2492
97.0 -1.0665 0.0166 0.2548 -0.9721 0.0153 0.2655 -0.9591 0.0317 0.25 -0.9686 0.0408 0.2398 -0.989 0.0466 0.2318 -1.0204 0.0552 0.2199 -1.0077 0.0178 0.2594 -1.0143 0.0255 0.2509 -1.0251 0.0314 0.2439 -1.038 0.0351 0.2387 -1.0303 0.0253 0.2496
98.0 -1.0629 0.0165 0.2553 -0.9687 0.0158 0.2654 -0.9572 0.0308 0.2512 -0.962 0.0381 0.2433 -0.9845 0.046 0.2329 -1.0188 0.0561 0.2193 -1.0065 0.0162 0.2612 -1.0124 0.0245 0.2521 -1.0223 0.0305 0.245 -1.0353 0.0349 0.2393 -1.0279 0.0245 0.2506
99.0 -1.0603 0.0169 0.2552 -0.966 0.0155 0.2659 -0.9555 0.031 0.2511 -0.9621 0.0387 0.2427 -0.9799 0.0448 0.2346 -1.014 0.0536 0.2222 -1.0025 0.0179 0.2598 -1.01 0.0261 0.2508 -1.0209 0.0326 0.2431 -1.0338 0.0363 0.2379 -1.0255 0.026 0.2494
100.0 -1.0594 0.0164 0.2558 -0.9637 0.0177 0.264 -0.9561 0.0297 0.2524 -0.9586 0.0385 0.2432 -0.983 0.0474 0.2316 -1.0182 0.0574 0.218 -1.0045 0.0146 0.263 -1.0112 0.0229 0.2539 -1.0221 0.0294 0.2462 -1.0344 0.0344 0.2398 -1.0263 0.0235 0.2518
101.0 -1.0562 0.0186 0.2538 -0.9605 0.0193 0.2626 -0.9548 0.0323 0.2499 -0.9606 0.0401 0.2414 -0.981 0.0459 0.2334 -1.0126 0.0557 0.2203 -0.9973 0.0186 0.2596 -1.0055 0.0255 0.2518 -1.0161 0.0308 0.2454 -1.0284 0.0352 0.2396 -1.0207 0.0257 0.2501
102.0 -1.0573 0.0197 0.2526 -1.0031 0.0466 0.2305 -0.9597 0.0402 0.2413 -0.9517 0.0395 0.2429 -0.9552 0.0341 0.248 -0.9669 0.0258 0.2553 -1.0065 0.0308 0.2463 -1.0048 0.0262 0.2512 -1.0057 0.0212 0.2562 -1.0089 0.0146 0.2626 -1.0166 0.0225 0.2538
103.0 -1.0532 0.0215 0.2512 -1.0189 0.0566 0.2186 -0.9609 0.0419 0.2395 -0.9516 0.0389 0.2435 -0.9523 0.0327 0.2498 -0.9577 0.0234 0.2587 -1.0043 0.0336 0.2437 -1.0007 0.028 0.2498 -1.0013 0.0212 0.2567 -1.0026 0.0137 0.2642 -1.0124 0.0236 0.2531
104.0 -1.0582 0.0196 0.2526 -1.0217 0.0575 0.2175 -0.964 0.0445 0.2365 -0.9526 0.0393 0.2429 -0.9518 0.0352 0.2473 -0.9555 0.0261 0.2561 -1.0053 0.0341 0.2431 -1.0017 0.0284 0.2492 -0.9997 0.022 0.256 -0.9993 0.0147 0.2635 -1.0128 0.0238 0.2529
105.0 -1.0556 0.0199 0.2525 -1.0051 0.053 0.2237 -0.9654 0.0474 0.2334 -0.9563 0.0407 0.2412 -0.9563 0.0358 0.2462 -0.9565 0.0266 0.2556 -1.0066 0.0363 0.2406 -1.0029 0.0307 0.2467 -1.0009 0.0243 0.2535 -0.9977 0.0161 0.2622 -1.0128 0.0255 0.2511
106.0 -1.0542 0.022 0.2506 -1.0201 0.0583 0.2168 -0.9646 0.0481 0.2328 -0.9537 0.041 0.2411 -0.9527 0.0351 0.2473 -0.9541 0.0281 0.2542 -1.0049 0.0372 0.24 -0.9995 0.0312 0.2466 -0.9975 0.0247 0.2534 -0.9954 0.0177 0.2608 -1.0103 0.0265 0.2503
107.0 -1.0526 0.0228 0.2499 -0.95 0.0299 0.2528 -0.9576 0.0332 0.2487 -0.9699 0.0382 0.2423 -0.9807 0.0441 0.2353 -0.9975 0.0498 0.2278 -0.9878 0.0297 0.2493 -0.9986 0.0362 0.2416 -1.0091 0.0409 0.2357 -1.0192 0.0432 0.2324 -1.0135 0.0345 0.2418
108.0 -1.0502 0.0243 0.2486 -0.9588 0.0348 0.2469 -0.9559 0.0334 0.2487 -0.9673 0.038 0.2429 -0.9745 0.0443 0.2357 -0.986 0.0495 0.2292 -0.9911 0.0286 0.25 -0.9984 0.035 0.2428 -1.0063 0.04 0.2369 -1.0146 0.042 0.2341 -1.0121 0.034 0.2425
109.0 -1.0517 0.0229 0.2499 -0.9887 0.0546 0.2237 -0.9627 0.0471 0.2339 -0.9618 0.0369 0.2445 -0.9604 0.034 0.2476 -0.9565 0.0315 0.2506 -0.9992 0.0398 0.2379 -0.9985 0.0356 0.2422 -0.9984 0.0301 0.2478 -0.998 0.0228 0.2553 -1.0092 0.0302 0.2466
110.0 -1.0476 0.0247 0.2485 -1.0079 0.0642 0.212 -0.9637 0.0525 0.2284 -0.9636 0.0372 0.244 -0.9586 0.0336 0.2481 -0.9474 0.0303 0.2527 -1.0 0.0439 0.2335 -0.9954 0.0378 0.2402 -0.9932 0.0302 0.2482 -0.9924 0.0205 0.2582 -1.0057 0.0314 0.2457
111.0 -1.0493 0.0244 0.2485 -0.9907 0.0611 0.2169 -0.9623 0.0496 0.2314 -0.9603 0.0383 0.2432 -0.9613 0.0339 0.2476 -0.9567 0.0327 0.2493 -0.9966 0.0395 0.2384 -0.9959 0.0359 0.2421 -0.9978 0.0314 0.2465 -0.9992 0.0245 0.2535 -1.0078 0.0312 0.2458
112.0 -1.0468 0.0248 0.2484 -0.9969 0.0615 0.2159 -0.9719 0.0642 0.2156 -0.9585 0.063 0.2182 -0.954 0.0526 0.2292 -0.9448 0.0355 0.2476 -1.0008 0.0438 0.2335 -0.9957 0.0396 0.2383 -0.9929 0.0339 0.2445 -0.9914 0.0249 0.2538 -1.0055 0.0334 0.2437
113.0 -1.0454 0.0268 0.2465 -0.9741 0.0468 0.2331 -0.9576 0.0582 0.2231 -0.9633 0.0507 0.2302 -0.9642 0.0506 0.2303 -0.9577 0.0484 0.2331 -0.9902 0.0385 0.24 -0.9924 0.0407 0.2376 -0.9957 0.0396 0.2383 -0.9995 0.0361 0.2416 -1.0046 0.0363 0.2408
114.0 -1.0434 0.0259 0.2477 -0.9421 0.0298 0.2538 -0.9583 0.0367 0.245 -0.963 0.0538 0.2271 -0.9732 0.0616 0.2181 -1.0059 0.0725 0.2038 -0.9834 0.0297 0.2497 -0.993 0.0394 0.2389 -1.0048 0.0463 0.2306 -1.017 0.0508 0.2248 -1.0083 0.0384 0.2383
115.0 -1.0424 0.0248 0.2489 -0.9396 0.0307 0.253 -0.9468 0.0419 0.2408 -0.9513 0.0621 0.2198 -0.9773 0.0653 0.2139 -1.0071 0.0692 0.2069 -0.9835 0.0303 0.2491 -0.9929 0.0388 0.2395 -1.0054 0.045 0.2319 -1.0183 0.0482 0.2274 -1.0085 0.0374 0.2393
116.0 -1.0422 0.0236 0.2501 -0.942 0.0292 0.2544 -0.9451 0.0422 0.2408 -0.9535 0.06 0.2217 -0.971 0.0643 0.2155 -1.0015 0.0724 0.2042 -0.9814 0.0281 0.2515 -0.9911 0.0384 0.24 -1.0038 0.0459 0.2312 -1.0169 0.0502 0.2254 -1.0071 0.0372 0.2397
117.0 -1.0397 0.0245 0.2494 -0.9377 0.0297 0.2542 -0.9366 0.0439 0.2398 -0.9462 0.0634 0.2189 -0.9692 0.0689 0.2111 -1.0044 0.069 0.2075 -0.9791 0.0303 0.2496 -0.9884 0.0382 0.2406 -1.0008 0.0438 0.2335 -1.0146 0.0469 0.2291 -1.0045 0.0367 0.2404
118.0 -1.0369 0.0237 0.2506 -0.9354 0.0319 0.2522 -0.9368 0.0396 0.2442 -0.9458 0.061 0.2214 -0.9644 0.0671 0.2134 -1.0011 0.0707 0.2061 -0.9804 0.0276 0.2521 -0.9897 0.0355 0.2431 -1.0023 0.0424 0.2349 -1.0162 0.046 0.2298 -1.0051 0.0351 0.2421
119.0 -1.0395 0.0233 0.2507 -0.9349 0.0338 0.2504 -0.937 0.0408 0.2429 -0.9472 0.059 0.2233 -0.9692 0.064 0.2161 -0.9974 0.0644 0.2128 -0.9771 0.0287 0.2514 -0.9867 0.0384 0.2405 -0.9992 0.0446 0.2329 -1.0114 0.0491 0.2271 -1.0028 0.0368 0.2405
120.0 -1.0432 0.0247 0.2489 -0.9347 0.043 0.241 -0.9407 0.0519 0.2312 -0.9508 0.0646 0.2172 -0.9635 0.0617 0.219 -0.9848 0.0576 0.2211 -0.9745 0.0339 0.2463 -0.9853 0.0404 0.2386 -0.9957 0.0445 0.2333 -1.0047 0.0457 0.2312 -1.0007 0.0379 0.2397
121.0 -1.0424 0.0248 0.2489 -0.9332 0.0444 0.2397 -0.9416 0.0573 0.2256 -0.9556 0.067 0.2143 -0.9681 0.0629 0.2173 -0.9824 0.0591 0.2197 -0.9719 0.0343 0.2462 -0.9824 0.039 0.2403 -0.9926 0.0419 0.2363 -1.0016 0.0431 0.2342 -0.9982 0.0366 0.2412
122.0 -1.04 0.0263 0.2476 -0.9368 0.0451 0.2386 -0.9365 0.0531 0.2304 -0.9498 0.0635 0.2185 -0.9604 0.0639 0.217 -0.9725 0.058 0.2218 -0.9705 0.0314 0.2492 -0.9802 0.0362 0.2434 -0.9886 0.0394 0.2393 -0.9952 0.0415 0.2364 -0.9949 0.035 0.2432
123.0 -1.0384 0.0271 0.2469 -0.9385 0.0443 0.2392 -0.9366 0.0537 0.2298 -0.9532 0.0631 0.2186 -0.9713 0.0612 0.2187 -0.9886 0.0595 0.2187 -0.9698 0.0321 0.2486 -0.9806 0.0386 0.2409 -0.9919 0.0432 0.2351 -1.0013 0.0462 0.2311 -0.9964 0.0375 0.2405
124.0 -1.037 0.0292 0.2449 -0.9407 0.0422 0.2412 -0.9334 0.0554 0.2284 -0.9511 0.0609 0.221 -0.9661 0.0613 0.2191 -0.9829 0.0566 0.2222 -0.9676 0.0349 0.246 -0.9783 0.0408 0.2389 -0.9879 0.0456 0.233 -0.9979 0.0473 0.2303 -0.9938 0.0395 0.2386
125.0 -1.0387 0.0289 0.245 -0.9393 0.0442 0.2393 -0.9362 0.0562 0.2273 -0.9591 0.0617 0.2194 -0.9747 0.0602 0.2194 -0.9899 0.0569 0.2213 -0.9683 0.0336 0.2473 -0.9781 0.0396 0.2402 -0.9886 0.0443 0.2343 -0.9995 0.0464 0.231 -0.9946 0.0385 0.2396
126.0 -1.0367 0.0274 0.2468 -0.9447 0.0447 0.2382 -0.9376 0.0542 0.2292 -0.9607 0.056 0.2251 -0.9744 0.0584 0.2213 -0.9812 0.0575 0.2215 -0.9722 0.0312 0.2493 -0.9791 0.0352 0.2446 -0.9858 0.0385 0.2405 -0.9916 0.0414 0.2369 -0.9931 0.0347 0.2436
127.0 -1.0352 0.0288 0.2455 -0.9439 0.0454 0.2376 -0.9383 0.0535 0.2299 -0.9604 0.0542 0.227 -0.9731 0.0561 0.2237 -0.9745 0.0541 0.2257 -0.9707 0.0326 0.248 -0.9766 0.0361 0.2438 -0.9824 0.039 0.2403 -0.987 0.0402 0.2386 -0.9904 0.0353 0.2433
128.0 -1.0353 0.0294 0.2449 -0.9609 0.0571 0.2239 -0.9326 0.0561 0.2278 -0.9659 0.0553 0.2253 -0.9709 0.054 0.2261 -0.96 0.0469 0.2345 -0.9733 0.0372 0.2431 -0.9724 0.0324 0.2481 -0.9718 0.0288 0.2518 -0.973 0.0256 0.255 -0.9852 0.0307 0.2486
129.0 -1.0344 0.0295 0.2448 -0.9594 0.0531 0.2282 -0.9567 0.0528 0.2287 -0.9574 0.0521 0.2294 -0.9726 0.0531 0.2268 -0.9644 0.0469 0.234 -0.9758 0.0362 0.2438 -0.9733 0.0323 0.2481 -0.972 0.03 0.2505 -0.9707 0.0277 0.253 -0.9852 0.0311 0.2481
130.0 -1.0335 0.0296 0.2448 -0.9577 0.0539 0.2275 -0.9497 0.0532 0.2291 -0.9428 0.0541 0.2288 -0.9689 0.0524 0.2279 -0.9635 0.0464 0.2346 -0.9768 0.0373 0.2426 -0.9733 0.0323 0.2481 -0.971 0.0289 0.2517 -0.9695 0.0255 0.2554 -0.9848 0.0307 0.2485
131.0 -1.0335 0.0296 0.2448 -0.9585 0.0532 0.2282 -0.9621 0.0539 0.2271 -0.9421 0.0548 0.2281 -0.9629 0.0532 0.2277 -0.9599 0.0463 0.2351 -0.9764 0.0398 0.2401 -0.972 0.0349 0.2455 -0.9704 0.0308 0.2499 -0.9697 0.0266 0.2542 -0.9844 0.0324 0.2469
132.0 -1.0345 0.0301 0.2442 -0.9624 0.0551 0.2258 -0.9384 0.0541 0.2293 -0.9333 0.0548 0.2291 -0.9727 0.0537 0.2262 -0.9655 0.048 0.2328 -0.9768 0.0373 0.2426 -0.9724 0.0324 0.2481 -0.97 0.0284 0.2523 -0.9686 0.0256 0.2554 -0.9845 0.0308 0.2485
133.0 -1.0354 0.03 0.2443 -0.9604 0.0542 0.227 -0.9421 0.0548 0.2281 -0.9664 0.0534 0.2272 -0.9786 0.0523 0.2271 -0.9687 0.0463 0.2342 -0.9743 0.0382 0.2419 -0.9717 0.0331 0.2474 -0.9701 0.029 0.2517 -0.9694 0.0249 0.2561 -0.9842 0.031 0.2483
134.0 -1.0354 0.03 0.2443 -0.9613 0.054 0.227 -0.9552 0.0543 0.2274 -0.9456 0.0549 0.2277 -0.9699 0.0529 0.2274 -0.9637 0.0476 0.2334 -0.9784 0.0365 0.2433 -0.975 0.032 0.2482 -0.9717 0.0282 0.2524 -0.9711 0.0246 0.2561 -0.9863 0.0303 0.2488
135.0 -1.0345 0.0301 0.2442 -0.9624 0.0551 0.2258 -0.9472 0.0541 0.2283 -0.9315 0.055 0.229 -0.975 0.0522 0.2276 -0.9679 0.0464 0.2341 -0.9789 0.0388 0.2408 -0.9737 0.0347 0.2456 -0.9703 0.0302 0.2505 -0.9687 0.0262 0.2548 -0.9852 0.032 0.2472
136.0 -1.0336 0.0302 0.2442 -0.9606 0.0554 0.2257 -0.9482 0.0546 0.2278 -0.9419 0.0536 0.2294 -0.9628 0.0526 0.2283 -0.9607 0.0456 0.2357 -0.9782 0.0402 0.2395 -0.9737 0.0347 0.2456 -0.9712 0.0301 0.2505 -0.9695 0.0255 0.2554 -0.9852 0.0321 0.2471
137.0 -1.0344 0.0295 0.2448 -0.9616 0.0558 0.2252 -0.9552 0.0543 0.2274 -0.9421 0.0548 0.2281 -0.9665 0.0539 0.2266 -0.9644 0.0469 0.234 -0.978 0.039 0.2408 -0.9736 0.0341 0.2462 -0.9702 0.0296 0.2511 -0.9686 0.0256 0.2554 -0.985 0.0315 0.2477
138.0 -1.0345 0.0301 0.2442 -0.9594 0.0531 0.2282 -0.9428 0.0541 0.2288 -0.9299 0.0558 0.2283 -0.972 0.055 0.2249 -0.9638 0.0482 0.2327 -0.9778 0.0378 0.242 -0.9744 0.0333 0.2469 -0.9712 0.0301 0.2505 -0.9696 0.0261 0.2548 -0.9855 0.0315 0.2477
139.0 -1.0353 0.0294 0.2449 -0.9604 0.0542 0.227 -0.9479 0.0528 0.2296 -0.9384 0.0541 0.2293 -0.9761 0.0533 0.2263 -0.9669 0.046 0.2347 -0.9784 0.0365 0.2433 -0.975 0.032 0.2482 -0.9719 0.0294 0.2512 -0.9706 0.0271 0.2536 -0.9863 0.0309 0.2482
140.0 -1.0354 0.03 0.2443 -0.9633 0.0556 0.2252 -0.9367 0.0543 0.2292 -0.9388 0.0565 0.2268 -0.9701 0.0541 0.2261 -0.962 0.0478 0.2333 -0.9771 0.0391 0.2407 -0.9745 0.0339 0.2463 -0.9712 0.0301 0.2505 -0.9703 0.0253 0.2555 -0.9857 0.0317 0.2474
141.0 -1.0361 0.0293 0.2449 -0.9633 0.0556 0.2252 -0.9473 0.0547 0.2277 -0.9595 0.0537 0.2276 -0.9778 0.053 0.2264 -0.9686 0.0457 0.2348 -0.9779 0.0384 0.2414 -0.9744 0.0333 0.2469 -0.9711 0.0295 0.2511 -0.9693 0.0243 0.2567 -0.9857 0.031 0.2482
142.0 -1.0337 0.0308 0.2436 -0.9614 0.0546 0.2264 -0.9401 0.0538 0.2293 -0.9279 0.0543 0.2301 -0.9725 0.0525 0.2275 -0.9653 0.0468 0.234 -0.9774 0.0409 0.2389 -0.973 0.0354 0.245 -0.9704 0.0308 0.2499 -0.9695 0.0255 0.2554 -0.9848 0.0327 0.2465
143.0 -1.0353 0.0294 0.2449 -0.9633 0.0556 0.2252 -0.948 0.0534 0.229 -0.943 0.0553 0.2276 -0.9738 0.0554 0.2244 -0.9672 0.0477 0.2329 -0.9796 0.0381 0.2415 -0.9745 0.0339 0.2463 -0.9711 0.0295 0.2511 -0.9676 0.0251 0.256 -0.9856 0.0312 0.2479
144.0 -1.0361 0.0293 0.2449 -0.9634 0.0562 0.2246 -0.9455 0.0543 0.2283 -0.9428 0.0541 0.2288 -0.9682 0.0531 0.2273 -0.9608 0.0462 0.2351 -0.9787 0.0383 0.2414 -0.9745 0.0339 0.2463 -0.9719 0.0294 0.2512 -0.9703 0.0253 0.2555 -0.9863 0.0312 0.2478
145.0 -1.0344 0.0295 0.2448 -0.9621 0.0539 0.2271 -0.9392 0.0534 0.2299 -0.9272 0.0556 0.2288 -0.9724 0.0519 0.2281 -0.964 0.0445 0.2365 -0.979 0.0394 0.2402 -0.9746 0.0345 0.2456 -0.972 0.03 0.2505 -0.9695 0.0255 0.2554 -0.9859 0.0318 0.2473
146.0 -1.0346 0.0307 0.2436 -0.9615 0.0552 0.2258 -0.9385 0.0547 0.2286 -0.9299 0.0558 0.2283 -0.9725 0.0525 0.2275 -0.9641 0.0451 0.2359 -0.9773 0.0403 0.2395 -0.9738 0.0353 0.245 -0.9713 0.0307 0.2499 -0.9711 0.0246 0.2561 -0.9856 0.0323 0.2468
147.0 -1.0345 0.0301 0.2442 -0.9625 0.0557 0.2252 -0.9358 0.0544 0.2292 -0.9291 0.056 0.2283 -0.975 0.0522 0.2276 -0.965 0.045 0.2359 -0.9774 0.0409 0.2389 -0.973 0.0354 0.245 -0.9713 0.0307 0.2499 -0.9695 0.0255 0.2554 -0.9851 0.0325 0.2467
148.0 -1.0336 0.0302 0.2442 -0.9616 0.0558 0.2252 -0.9498 0.0538 0.2284 -0.929 0.0554 0.2289 -0.9715 0.0521 0.228 -0.9633 0.0452 0.2358 -0.9785 0.0419 0.2377 -0.974 0.0364 0.2437 -0.9714 0.0313 0.2493 -0.9696 0.0261 0.2548 -0.9854 0.0332 0.2459
149.0 -1.0359 0.0281 0.2461 -0.9595 0.0537 0.2276 -0.9357 0.0538 0.2298 -0.9279 0.0543 0.2301 -0.9726 0.0531 0.2268 -0.966 0.0461 0.2347 -0.977 0.0385 0.2414 -0.9735 0.0335 0.2469 -0.9719 0.0294 0.2512 -0.9711 0.0246 0.2561 -0.9859 0.0308 0.2483
150.0 -1.0417 0.0261 0.2476 -0.9406 0.0367 0.2468 -0.9415 0.0518 0.2312 -0.9498 0.0635 0.2185 -0.9635 0.0666 0.214 -0.9845 0.0662 0.2123 -0.9724 0.0324 0.2481 -0.9834 0.0395 0.2397 -0.9948 0.0446 0.2333 -1.006 0.048 0.2287 -0.9997 0.0381 0.2395
151.0 -1.0401 0.0269 0.2469 -0.9406 0.0367 0.2468 -0.9381 0.0523 0.2311 -0.9469 0.0676 0.2146 -0.9656 0.0687 0.2116 -0.9913 0.0647 0.2132 -0.9708 0.0332 0.2474 -0.9835 0.0401 0.2391 -0.9966 0.045 0.2328 -1.0084 0.0471 0.2295 -0.9999 0.0385 0.2391
152.0 -1.04 0.0263 0.2476 -0.9426 0.0376 0.2457 -0.9399 0.0527 0.2306 -0.9464 0.0646 0.2177 -0.9675 0.0697 0.2104 -0.994 0.0649 0.2127 -0.9727 0.0336 0.2468 -0.9844 0.0405 0.2385 -0.9968 0.0456 0.2321 -1.0093 0.047 0.2295 -1.0006 0.0386 0.2389
153.0 -1.0383 0.0266 0.2475 -0.9409 0.033 0.2506 -0.931 0.0471 0.2371 -0.9417 0.0628 0.22 -0.9629 0.0685 0.2121 -0.9924 0.0657 0.212 -0.9713 0.0307 0.2499 -0.9815 0.0391 0.2403 -0.9941 0.0453 0.2327 -1.007 0.0491 0.2275 -0.9984 0.0382 0.2396
154.0 -1.04 0.0263 0.2476 -0.9424 0.0316 0.2519 -0.929 0.0456 0.2389 -0.9425 0.0621 0.2207 -0.9649 0.0694 0.2109 -0.9934 0.0668 0.2108 -0.9744 0.0285 0.2519 -0.9848 0.0374 0.2417 -0.9966 0.045 0.2328 -1.0089 0.0495 0.227 -1.0009 0.0373 0.2402
155.0 -1.0365 0.0262 0.248 -0.9383 0.0333 0.2505 -0.9289 0.045 0.2395 -0.9374 0.0585 0.2248 -0.9585 0.0685 0.2125 -0.992 0.0688 0.2088 -0.973 0.0305 0.25 -0.9815 0.0391 0.2403 -0.9941 0.0453 0.2327 -1.007 0.0491 0.2275 -0.9984 0.038 0.2397
156.0 -1.0372 0.0255 0.2487 -0.9388 0.0314 0.2524 -0.9312 0.0428 0.2415 -0.9409 0.058 0.225 -0.9609 0.0669 0.2139 -0.9939 0.0692 0.2083 -0.9738 0.0304 0.25 -0.9824 0.039 0.2403 -0.995 0.0458 0.2321 -1.0088 0.0489 0.2276 -0.9994 0.0379 0.2397
157.0 -1.0379 0.0242 0.25 -0.9391 0.0277 0.2561 -0.9314 0.0391 0.2452 -0.9372 0.0524 0.2311 -0.9586 0.0636 0.2175 -0.9933 0.0662 0.2114 -0.9751 0.0277 0.2525 -0.9829 0.0371 0.2422 -0.9946 0.0434 0.2346 -1.0076 0.0472 0.2294 -0.9996 0.0359 0.2417
158.0 -1.0422 0.0236 0.2501 -0.9397 0.0264 0.2574 -0.9332 0.0395 0.2447 -0.9392 0.0534 0.2299 -0.9585 0.063 0.2182 -0.9939 0.0643 0.2133 -0.9789 0.0291 0.2508 -0.9876 0.0383 0.2405 -0.9992 0.0446 0.2329 -1.0122 0.0484 0.2277 -1.004 0.0368 0.2404
159.0 -1.0439 0.0234 0.2502 -0.9427 0.0236 0.26 -0.9342 0.04 0.2441 -0.9397 0.0515 0.2318 -0.958 0.0606 0.2206 -0.9943 0.0667 0.2108 -0.9821 0.0274 0.2522 -0.9899 0.0367 0.2419 -1.0007 0.0432 0.2342 -1.013 0.0477 0.2284 -1.0059 0.0357 0.2414
160.0 -1.0447 0.0232 0.2502 -0.945 0.0214 0.262 -0.9337 0.037 0.2472 -0.9405 0.0507 0.2325 -0.957 0.0595 0.2219 -0.9926 0.0669 0.2107 -0.9819 0.0262 0.2534 -0.9891 0.0369 0.2418 -1.0002 0.0451 0.2323 -1.0117 0.0503 0.2258 -1.0055 0.0363 0.2407
161.0 -1.0473 0.0229 0.2503 -0.9482 0.0198 0.2634 -0.9344 0.0363 0.2478 -0.942 0.0493 0.2338 -0.9604 0.0542 0.227 -0.9891 0.0619 0.2162 -0.9836 0.026 0.2535 -0.9907 0.036 0.2425 -1.0007 0.0432 0.2342 -1.0128 0.0471 0.229 -1.007 0.035 0.2419
162.0 -1.0498 0.0219 0.2511 -0.95 0.0195 0.2634 -0.9359 0.0349 0.2491 -0.9538 0.0416 0.2405 -0.974 0.0462 0.2338 -0.997 0.0621 0.2153 -0.9861 0.025 0.2542 -0.9932 0.0351 0.2432 -1.0042 0.0428 0.2343 -1.0163 0.0466 0.2291 -1.0099 0.0343 0.2424
163.0 -1.0509 0.023 0.2498 -0.9532 0.0179 0.2648 -0.9375 0.034 0.2498 -0.9518 0.0401 0.2423 -0.9782 0.045 0.2345 -0.9955 0.0586 0.219 -0.9894 0.024 0.255 -0.9957 0.0347 0.2433 -1.0049 0.042 0.235 -1.0153 0.0461 0.2297 -1.0113 0.034 0.2426
164.0 -1.0618 0.0203 0.2515 -0.9678 0.011 0.2704 -0.9457 0.0305 0.2526 -0.9601 0.0371 0.2445 -0.9739 0.0456 0.2344 -0.9964 0.0585 0.219 -0.9954 0.0226 0.2558 -1.0007 0.0328 0.2448 -1.0107 0.04 0.2364 -1.0227 0.0433 0.2319 -1.0183 0.0318 0.2441
165.0 -1.0612 0.0216 0.2502 -0.9703 0.0101 0.2711 -0.9482 0.0295 0.2534 -0.9614 0.0345 0.247 -0.9722 0.041 0.2393 -0.9842 0.0491 0.2298 -0.9995 0.0214 0.2566 -1.004 0.0318 0.2455 -1.0115 0.0393 0.2371 -1.0192 0.0432 0.2324 -1.0191 0.0315 0.2444
166.0 -1.0661 0.0197 0.2517 -0.9736 0.009 0.2718 -0.9517 0.0297 0.2529 -0.9621 0.0387 0.2427 -0.9773 0.0452 0.2345 -0.9976 0.0553 0.2222 -1.0035 0.019 0.2586 -1.0089 0.0293 0.2476 -1.018 0.0366 0.2392 -1.0294 0.0412 0.2334 -1.0252 0.0292 0.2461
167.0 -1.0786 0.0156 0.2547 -0.9869 0.0042 0.2755 -0.9616 0.0259 0.2558 -0.9684 0.0396 0.241 -0.9848 0.0478 0.2311 -1.0154 0.0565 0.2191 -1.0162 0.0161 0.2604 -1.0206 0.0259 0.2499 -1.0298 0.0332 0.2415 -1.0427 0.0369 0.2364 -1.0376 0.0255 0.2486
168.0 -1.0827 0.0138 0.2561 -0.9937 0.0032 0.2757 -0.9642 0.0256 0.2559 -0.9702 0.0394 0.2411 -0.9882 0.0468 0.2318 -1.0204 0.0552 0.2199 -1.0212 0.0142 0.2618 -1.0264 0.0239 0.2514 -1.0355 0.0306 0.2436 -1.0485 0.0349 0.2379 -1.0428 0.0235 0.2502
169.0 -1.0859 0.0122 0.2575 -0.9978 0.0015 0.2771 -0.97 0.0235 0.2573 -0.9784 0.0365 0.2433 -0.9966 0.045 0.2328 -1.0263 0.0538 0.2208 -1.0262 0.0129 0.2626 -1.0305 0.0221 0.2528 -1.0404 0.0287 0.2451 -1.0528 0.0344 0.2381 -1.0472 0.0221 0.2512
170.0 -1.0911 0.0115 0.2577 -1.0021 0.0009 0.2773 -0.9741 0.0218 0.2587 -0.9812 0.0373 0.2422 -1.0001 0.0445 0.2329 -1.0299 0.0539 0.2203 -1.0304 0.0117 0.2634 -1.0347 0.0209 0.2536 -1.0439 0.0282 0.2452 -1.0563 0.0339 0.2382 -1.0513 0.0213 0.2516
171.0 -1.0988 0.0104 0.258 -1.0071 -0.001 0.2788 -0.9793 0.0211 0.2589 -0.9871 0.0359 0.243 -1.0053 0.0444 0.2325 -1.0345 0.0503 0.2236 -1.0356 0.011 0.2636 -1.0398 0.0202 0.2538 -1.049 0.0275 0.2454 -1.0614 0.0332 0.2384 -1.0569 0.0205 0.2518
172.0 -1.0998 0.0109 0.2574 -1.0121 -0.0023 0.2796 -0.9815 0.0189 0.2609 -0.9894 0.0338 0.245 -1.006 0.0431 0.2337 -1.0382 0.051 0.2225 -1.0389 0.01 0.2644 -1.0432 0.0198 0.2539 -1.0516 0.0272 0.2455 -1.064 0.0328 0.2385 -1.0595 0.0201 0.2519
173.0 -1.1049 0.0102 0.2576 -1.0172 -0.0036 0.2804 -0.9867 0.0182 0.2611 -0.9912 0.0341 0.2444 -1.0104 0.0431 0.2333 -1.0423 0.0492 0.2239 -1.044 0.0093 0.2646 -1.0484 0.0191 0.2541 -1.0567 0.0265 0.2457 -1.0683 0.0323 0.2387 -1.0645 0.0195 0.2521
174.0 -1.1116 0.0081 0.2591 -1.0215 -0.0042 0.2806 -0.9902 0.0184 0.2606 -0.9955 0.0335 0.2446 -1.0139 0.0433 0.2328 -1.0441 0.0496 0.2234 -1.0476 0.0094 0.2641 -1.0518 0.0186 0.2543 -1.061 0.0259 0.2459 -1.0734 0.031 0.2395 -1.0691 0.0186 0.2526
175.0 -1.1151 0.0082 0.2586 -1.0257 -0.0053 0.2813 -0.9945 0.0178 0.2608 -0.998 0.0326 0.2453 -1.0157 0.043 0.2329 -1.0465 0.0486 0.2241 -1.0526 0.0081 0.2649 -1.0561 0.018 0.2544 -1.0645 0.0255 0.246 -1.076 0.0312 0.239 -1.0729 0.0182 0.2526
176.0 -1.1185 0.0072 0.2593 -1.0306 -0.0072 0.2828 -0.9959 0.0158 0.2627 -1.0015 0.0327 0.2448 -1.0205 0.0406 0.2349 -1.0523 0.046 0.2262 -1.0561 0.0077 0.265 -1.0596 0.0176 0.2546 -1.0687 0.0243 0.2468 -1.081 0.0293 0.2404 -1.0768 0.0172 0.2532
177.0 -1.1228 0.0066 0.2595 -1.0366 -0.008 0.283 -1.0011 0.0151 0.2629 -1.0049 0.0317 0.2456 -1.0248 0.04 0.2351 -1.0568 0.0467 0.2251 -1.0604 0.0071 0.2652 -1.0638 0.0164 0.2553 -1.0729 0.0231 0.2476 -1.0861 0.0286 0.2406 -1.0812 0.0164 0.2536
178.0 -1.127 0.006 0.2597 -1.0418 -0.0087 0.2832 -1.0055 0.0151 0.2625 -1.0081 0.03 0.2469 -1.0281 0.0389 0.2359 -1.0592 0.0457 0.2258 -1.0637 0.006 0.266 -1.0681 0.0158 0.2555 -1.0764 0.0232 0.2471 -1.0896 0.0282 0.2407 -1.085 0.0159 0.2538
179.0 -1.1313 0.0054 0.2598 -1.0451 -0.0098 0.284 -1.0088 0.014 0.2632 -1.0125 0.03 0.2465 -1.0325 0.0389 0.2354 -1.0627 0.0452 0.226 -1.0673 0.0061 0.2655 -1.0715 0.0153 0.2556 -1.0807 0.0227 0.2473 -1.093 0.0277 0.2409 -1.0888 0.0155 0.2538
180.0 -1.1365 0.0047 0.26 -1.0502 -0.0111 0.2848 -1.0121 0.013 0.264 -1.0156 0.0278 0.2485 -1.035 0.038 0.2361 -1.0652 0.0449 0.2261 -1.0714 0.005 0.2663 -1.0748 0.0143 0.2564 -1.084 0.0216 0.248 -1.0965 0.0272 0.241 -1.0927 0.0146 0.2543
181.0 -1.1382 0.0045 0.2601 -1.0536 -0.0116 0.2849 -1.0173 0.0123 0.2642 -1.019 0.0267 0.2492 -1.0383 0.0369 0.2369 -1.0695 0.0443 0.2262 -1.074 0.0046 0.2664 -1.0774 0.0139 0.2565 -1.0865 0.0207 0.2487 -1.0998 0.0262 0.2418 -1.0952 0.014 0.2547
182.0 -1.1433 0.0032 0.2609 -1.0594 -0.0136 0.2864 -1.0197 0.0107 0.2655 -1.0224 0.0263 0.2494 -1.0417 0.0359 0.2376 -1.0713 0.0441 0.2263 -1.079 0.0027 0.2678 -1.0825 0.0126 0.2573 -1.0907 0.0195 0.2495 -1.1041 0.0256 0.2419 -1.0999 0.0127 0.2555
183.0 -1.1459 0.0029 0.261 -1.0627 -0.0146 0.2872 -1.023 0.0097 0.2663 -1.0256 0.0246 0.2507 -1.0442 0.0355 0.2377 -1.0738 0.0437 0.2264 -1.0815 0.0024 0.2679 -1.0849 0.0117 0.258 -1.0933 0.0191 0.2496 -1.1066 0.0247 0.2426 -1.1024 0.0121 0.2558
184.0 -1.1483 0.0019 0.2617 -1.0685 -0.0166 0.2886 -1.0254 0.0081 0.2676 -1.0281 0.0236 0.2515 -1.0474 0.0333 0.2397 -1.0773 0.0433 0.2265 -1.0858 0.0018 0.2681 -1.0892 0.0111 0.2582 -1.0976 0.0185 0.2498 -1.1109 0.0241 0.2428 -1.1064 0.0115 0.2561
185.0 -1.1526 0.0013 0.2619 -1.0726 -0.0184 0.29 -1.0296 0.007 0.2684 -1.0314 0.0226 0.2522 -1.05 0.0329 0.2398 -1.0816 0.0427 0.2267 -1.09 0.0006 0.2689 -1.0934 0.0099 0.259 -1.1009 0.0175 0.2505 -1.1142 0.023 0.2436 -1.1102 0.0105 0.2568
186.0 -1.1561 0.0009 0.262 -1.0777 -0.0197 0.2909 -1.0339 0.0064 0.2686 -1.034 0.0222 0.2523 -1.0532 0.0313 0.2412 -1.0848 0.041 0.2281 -1.0952 -6.695e-05 0.2691 -1.0977 0.0094 0.2592 -1.1052 0.0169 0.2507 -1.1176 0.0226 0.2437 -1.1144 0.0099 0.2569
187.0 -1.1603 -0.0003 0.2628 -1.0838 -0.0199 0.2905 -1.0371 0.0047 0.2699 -1.0373 0.0212 0.2531 -1.0574 0.0301 0.242 -1.089 0.0399 0.2288 -1.0985 -0.0011 0.2698 -1.1019 0.0082 0.2599 -1.1094 0.0157 0.2515 -1.1228 0.0219 0.2439 -1.1186 0.0089 0.2576
188.0 -1.1654 -0.001 0.263 -1.0897 -0.0213 0.2913 -1.0432 0.0045 0.2695 -1.0424 0.0199 0.2539 -1.0601 0.0303 0.2415 -1.0932 0.0387 0.2296 -1.1037 -0.0018 0.27 -1.1055 0.0083 0.2595 -1.1137 0.0151 0.2517 -1.1262 0.0214 0.244 -1.1229 0.0084 0.2576
189.0 -1.1715 -0.0012 0.2626 -1.0984 -0.0219 0.291 -1.0499 0.0024 0.271 -1.0484 0.0191 0.2541 -1.0661 0.0295 0.2417 -1.0974 0.0375 0.2304 -1.1097 -0.0026 0.2702 -1.1122 0.0068 0.2603 -1.1197 0.0143 0.2519 -1.1322 0.0206 0.2443 -1.1291 0.0076 0.2579
190.0 -1.1768 -0.0013 0.2622 -1.1044 -0.0227 0.2913 -1.0559 0.0016 0.2713 -1.0537 0.019 0.2537 -1.0713 0.0294 0.2413 -1.1027 0.038 0.2294 -1.1158 -0.0029 0.2699 -1.1175 0.0067 0.2599 -1.125 0.0142 0.2515 -1.1374 0.0199 0.2445 -1.1345 0.0073 0.2576
191.0 -1.1829 -0.0015 0.2618 -1.1114 -0.023 0.2909 -1.0612 0.0015 0.2709 -1.0604 0.0175 0.2546 -1.0782 0.0285 0.2415 -1.1062 0.0375 0.2295 -1.1219 -0.0031 0.2695 -1.1236 0.0065 0.2595 -1.1311 0.014 0.2511 -1.1428 0.0204 0.2434 -1.1405 0.0073 0.2571
192.0 -1.1901 -0.0007 0.2602 -1.1192 -0.0235 0.2906 -1.0681 0.0011 0.2705 -1.0674 0.0171 0.2542 -1.0826 0.0285 0.2411 -1.1122 0.0367 0.2297 -1.129 -0.0028 0.2685 -1.1307 0.0067 0.2586 -1.1372 0.0138 0.2507 -1.1479 0.0197 0.2436 -1.147 0.0074 0.2563
193.0 -1.1975 0.0014 0.2574 -1.1261 -0.0244 0.2909 -1.0752 0.0014 0.2695 -1.0754 0.0173 0.2533 -1.0887 0.0283 0.2407 -1.1175 0.0366 0.2293 -1.1361 -0.0025 0.2675 -1.1369 0.0071 0.2576 -1.1445 0.0153 0.2485 -1.1552 0.0211 0.2414 -1.154 0.0085 0.2545
194.0 -1.2275 0.0022 0.2536 -1.1607 -0.023 0.286 -1.1079 0.0019 0.2658 -1.1054 0.0181 0.2495 -1.1187 0.0285 0.2375 -1.1489 0.0354 0.2274 -1.168 -0.0013 0.2631 -1.1688 0.0083 0.2532 -1.1737 0.0162 0.2446 -1.1837 0.0228 0.2369 -1.1843 0.0096 0.2503
195.0 -1.2366 0.0034 0.2514 -1.1694 -0.0235 0.2857 -1.115 0.0028 0.2642 -1.1136 0.0194 0.2473 -1.1283 0.0284 0.2366 -1.1585 0.0348 0.2272 -1.176 -0.0006 0.2616 -1.177 0.0097 0.251 -1.1836 0.0173 0.2425 -1.1926 0.0234 0.2354 -1.1931 0.0107 0.2484
196.0 -1.2593 0.0028 0.2498 -1.1975 -0.0237 0.283 -1.1407 0.0036 0.2608 -1.1382 0.0192 0.2451 -1.1529 0.0282 0.2344 -1.1762 0.0354 0.2247 -1.2006 -0.0009 0.2594 -1.2007 0.0095 0.2488 -1.2056 0.0174 0.2402 -1.2146 0.0235 0.2331 -1.2162 0.0105 0.2463
197.0 -1.2657 0.0038 0.2482 -1.208 -0.0238 0.2822 -1.1493 0.0024 0.2612 -1.1461 0.0193 0.2442 -1.1583 0.0287 0.2334 -1.1814 0.0353 0.2243 -1.2086 -0.0007 0.2585 -1.2078 0.0098 0.2478 -1.2118 0.0178 0.2392 -1.2198 0.0234 0.2327 -1.2227 0.0108 0.2453
198.0 -1.2701 0.0038 0.2477 -1.2151 -0.0236 0.2812 -1.1563 0.0021 0.2608 -1.1521 0.0185 0.2444 -1.1642 0.0273 0.2343 -1.1903 0.0354 0.2234 -1.2164 -0.0012 0.2581 -1.2156 0.0093 0.2475 -1.2195 0.0167 0.2395 -1.2277 0.023 0.2323 -1.2299 0.0103 0.245
199.0 -1.2771 0.0041 0.2468 -1.2239 -0.0236 0.2803 -1.1624 0.0019 0.2604 -1.1591 0.0182 0.2441 -1.1714 0.0281 0.2327 -1.1966 0.0363 0.2218 -1.2217 -0.0013 0.2577 -1.2208 0.0086 0.2477 -1.2248 0.0166 0.2391 -1.2328 0.0223 0.2325 -1.2354 0.0101 0.2448
200.0 -1.2842 0.0043 0.2458 -1.2319 -0.0234 0.2793 -1.172 0.0018 0.2595 -1.1661 0.0179 0.2437 -1.1767 0.028 0.2322 -1.2037 0.0366 0.2208 -1.2289 -0.0004 0.2561 -1.2279 0.0095 0.2461 -1.2319 0.0169 0.2381 -1.2399 0.0225 0.2316 -1.2426 0.0106 0.2435
201.0 -1.2923 0.0051 0.2442 -1.2371 -0.0235 0.2789 -1.1773 0.0017 0.2591 -1.1732 0.0181 0.2427 -1.1851 0.0263 0.2332 -1.2107 0.0369 0.2198 -1.2368 -0.0002 0.2552 -1.2359 0.0096 0.2452 -1.2398 0.0171 0.2372 -1.2479 0.0227 0.2306 -1.2505 0.0108 0.2425
202.0 -1.2967 0.0051 0.2438 -1.245 -0.0239 0.2786 -1.1844 0.0019 0.2581 -1.1777 0.0187 0.2416 -1.1889 0.0276 0.2315 -1.215 0.0363 0.22 -1.2413 0.0004 0.2541 -1.2411 0.0095 0.2447 -1.2451 0.017 0.2368 -1.2532 0.0232 0.2296 -1.2555 0.011 0.2418
203.0 -1.3046 0.0053 0.2428 -1.2519 -0.0243 0.2783 -1.1923 0.0021 0.2572 -1.1848 0.0196 0.2401 -1.1959 0.0273 0.2311 -1.2221 0.0365 0.219 -1.2474 0.0002 0.2537 -1.2465 0.01 0.2437 -1.2514 0.0179 0.2351 -1.2603 0.0235 0.2286 -1.2621 0.0114 0.2408
204.0 -1.3117 0.0055 0.2418 -1.259 -0.024 0.2773 -1.1984 0.0013 0.2574 -1.191 0.0194 0.2397 -1.2021 0.0276 0.2301 -1.2274 0.0364 0.2186 -1.2554 0.0003 0.2528 -1.2545 0.0102 0.2428 -1.2585 0.0182 0.2342 -1.2666 0.0244 0.227 -1.2693 0.0117 0.2397
205.0 -1.3179 0.0059 0.2408 -1.2643 -0.0241 0.2769 -1.2054 0.0015 0.2565 -1.1971 0.0192 0.2393 -1.2091 0.0273 0.2298 -1.2335 0.0362 0.2182 -1.2633 0.0005 0.2518 -1.2616 0.0111 0.2412 -1.2647 0.0186 0.2332 -1.2719 0.0243 0.2266 -1.2759 0.0121 0.2387
206.0 -1.3259 0.0061 0.2399 -1.2723 -0.0234 0.2753 -1.2142 0.0016 0.2556 -1.2051 0.0199 0.2377 -1.2153 0.0277 0.2287 -1.2396 0.036 0.2178 -1.2694 0.0002 0.2514 -1.2677 0.0102 0.2414 -1.2708 0.0184 0.2328 -1.2781 0.0247 0.2256 -1.2824 0.0119 0.2382
207.0 -1.3311 0.006 0.2395 -1.2793 -0.0237 0.2749 -1.2186 0.0016 0.2551 -1.212 0.019 0.238 -1.223 0.0267 0.229 -1.2476 0.0362 0.2169 -1.2738 0.0003 0.251 -1.272 0.0097 0.2416 -1.276 0.0177 0.233 -1.2841 0.0239 0.2258 -1.2874 0.0115 0.2382
208.0 -1.3381 0.0056 0.2391 -1.2863 -0.024 0.2746 -1.2256 0.0013 0.2547 -1.2181 0.0188 0.2376 -1.2318 0.0267 0.2281 -1.2538 0.0365 0.2159 -1.2818 0.0004 0.2501 -1.2799 0.0098 0.2406 -1.2838 0.0172 0.2326 -1.2911 0.0236 0.2254 -1.2949 0.0113 0.2376
209.0 -1.3425 0.0056 0.2387 -1.2942 -0.0239 0.2736 -1.2335 0.0008 0.2544 -1.2259 0.0177 0.2379 -1.237 0.026 0.2283 -1.2599 0.0363 0.2155 -1.2879 0.0002 0.2497 -1.2861 0.0102 0.2396 -1.2892 0.0177 0.2316 -1.2965 0.0241 0.2244 -1.3004 0.0116 0.2368
210.0 -1.3495 0.0053 0.2383 -1.3005 -0.0235 0.2726 -1.2404 0.0005 0.2541 -1.232 0.0175 0.2375 -1.242 0.0247 0.2292 -1.2669 0.036 0.2151 -1.294 -2.98e-05 0.2493 -1.2921 0.0094 0.2398 -1.2953 0.0175 0.2312 -1.3035 0.0237 0.224 -1.3069 0.0112 0.2365
211.0 -1.3554 0.0039 0.2392 -1.3039 -0.024 0.2728 -1.2455 -0.0008 0.2549 -1.2389 0.0166 0.2378 -1.2483 0.0251 0.2281 -1.274 0.0363 0.2142 -1.2992 -0.0007 0.2495 -1.2982 0.0086 0.2401 -1.3021 0.016 0.2321 -1.3102 0.0222 0.2249 -1.313 0.01 0.2372
212.0 -1.3614 0.0031 0.2394 -1.3092 -0.0241 0.2723 -1.2508 -0.0009 0.2545 -1.2449 0.0158 0.238 -1.2554 0.0253 0.2272 -1.2791 0.0356 0.2144 -1.3043 -0.0014 0.2497 -1.3034 0.0085 0.2397 -1.3074 0.0159 0.2317 -1.3154 0.0215 0.2251 -1.3184 0.0095 0.2371
213.0 -1.3666 0.0024 0.2396 -1.3135 -0.0246 0.2725 -1.2559 -0.0016 0.2547 -1.25 0.0151 0.2382 -1.2605 0.0246 0.2274 -1.2834 0.035 0.2145 -1.3086 -0.002 0.2498 -1.3076 0.0073 0.2404 -1.3116 0.0147 0.2325 -1.3197 0.0209 0.2253 -1.3228 0.0087 0.2375
214.0 -1.3692 0.002 0.2397 -1.3185 -0.0259 0.2733 -1.2602 -0.0022 0.2548 -1.2553 0.015 0.2378 -1.2658 0.0245 0.227 -1.2886 0.0343 0.2147 -1.312 -0.0031 0.2506 -1.3111 0.0068 0.2406 -1.3141 0.0144 0.2326 -1.3223 0.0206 0.2254 -1.3257 0.0082 0.2378
215.0 -1.3736 0.0021 0.2392 -1.3227 -0.0271 0.2741 -1.2661 -0.0036 0.2557 -1.2578 0.014 0.2385 -1.2691 0.0235 0.2277 -1.2917 0.032 0.2167 -1.3172 -0.0032 0.2502 -1.3163 0.0067 0.2402 -1.3202 0.0141 0.2322 -1.3284 0.0204 0.225 -1.3311 0.008 0.2374
216.0 -1.3769 0.001 0.24 -1.3262 -0.027 0.2736 -1.2685 -0.0051 0.257 -1.262 0.0128 0.2393 -1.2742 0.0222 0.2285 -1.2961 0.0321 0.2163 -1.3205 -0.0042 0.2509 -1.3196 0.0057 0.2409 -1.3236 0.0131 0.2329 -1.3317 0.0193 0.2258 -1.3345 0.007 0.2381
217.0 -1.3804 0.0011 0.2395 -1.3297 -0.0274 0.2738 -1.2727 -0.0063 0.2578 -1.2653 0.0118 0.24 -1.2777 0.0223 0.228 -1.2996 0.0316 0.2164 -1.325 -0.0042 0.2505 -1.3239 0.0051 0.2411 -1.327 0.0126 0.2331 -1.3353 0.0194 0.2253 -1.3383 0.0068 0.2379
218.0 -1.3841 0.0019 0.2384 -1.333 -0.0285 0.2745 -1.2744 -0.0065 0.2579 -1.2679 0.0114 0.2401 -1.2793 0.0215 0.2287 -1.3004 0.0315 0.2164 -1.3276 -0.004 0.25 -1.3266 0.0053 0.2406 -1.3297 0.0129 0.2326 -1.3379 0.0197 0.2248 -1.3412 0.0072 0.2372
219.0 -1.3877 0.0026 0.2373 -1.3357 -0.0283 0.274 -1.2788 -0.0065 0.2574 -1.2713 0.011 0.2403 -1.283 0.0222 0.2276 -1.304 0.0316 0.2159 -1.3303 -0.0037 0.2494 -1.3293 0.0056 0.24 -1.3324 0.0131 0.232 -1.3406 0.0199 0.2242 -1.3441 0.0075 0.2366
220.0 -1.3895 0.003 0.2367 -1.3385 -0.0274 0.2729 -1.2815 -0.0063 0.2569 -1.2741 0.0118 0.2391 -1.2848 0.0226 0.2271 -1.3058 0.032 0.2154 -1.333 -0.0035 0.2489 -1.332 0.0058 0.2395 -1.3351 0.0134 0.2315 -1.3433 0.0202 0.2237 -1.3466 0.0078 0.2361
221.0 -1.3914 0.0033 0.2362 -1.3412 -0.0272 0.2723 -1.2842 -0.006 0.2564 -1.2767 0.0115 0.2392 -1.2866 0.023 0.2265 -1.3085 0.0322 0.2149 -1.3357 -0.0032 0.2484 -1.3338 0.0062 0.239 -1.3379 0.0142 0.2304 -1.3452 0.0212 0.2225 -1.3488 0.0083 0.2353
222.0 -1.397 0.0056 0.2333 -1.346 -0.0248 0.2694 -1.289 -0.0036 0.2535 -1.2806 0.014 0.2363 -1.2911 0.0236 0.2254 -1.3123 0.0341 0.2125 -1.3413 -0.0015 0.2461 -1.3395 0.0085 0.2361 -1.3426 0.016 0.2281 -1.3508 0.0228 0.2203 -1.3542 0.0103 0.2328
223.0 -1.4008 0.0069 0.2316 -1.3523 -0.0238 0.2678 -1.2953 -0.0026 0.2518 -1.287 0.015 0.2346 -1.2968 0.0259 0.2225 -1.3169 0.0354 0.2108 -1.346 0.0003 0.2438 -1.3441 0.0097 0.2344 -1.348 0.0171 0.2264 -1.3555 0.0247 0.2179 -1.3589 0.0117 0.2308
224.0 -1.4009 0.0075 0.2309 -1.3523 -0.0238 0.2678 -1.2945 -0.0025 0.2518 -1.2871 0.0156 0.234 -1.2977 0.0257 0.2226 -1.3178 0.0352 0.2109 -1.346 0.0003 0.2438 -1.3441 0.0097 0.2344 -1.348 0.0171 0.2264 -1.3555 0.0247 0.2179 -1.3589 0.0119 0.2307
225.0 -1.4 0.0076 0.2309 -1.3525 -0.0226 0.2665 -1.2954 -0.0021 0.2512 -1.2862 0.0157 0.234 -1.2968 0.0259 0.2225 -1.3178 0.0352 0.2109 -1.3461 0.0009 0.2432 -1.3442 0.0103 0.2337 -1.3473 0.0178 0.2257 -1.3547 0.0248 0.2179 -1.3585 0.0123 0.2303
226.0 -1.4 0.0076 0.2309 -1.3525 -0.0226 0.2665 -1.2946 -0.0019 0.2512 -1.2862 0.0157 0.234 -1.2968 0.0259 0.2225 -1.317 0.036 0.2102 -1.3461 0.0009 0.2432 -1.3442 0.0103 0.2337 -1.3473 0.0178 0.2257 -1.3548 0.0254 0.2173 -1.3585 0.0124 0.2302
227.0 -1.4001 0.0082 0.2303 -1.3526 -0.022 0.2659 -1.2946 -0.0019 0.2512 -1.2863 0.0163 0.2334 -1.2969 0.0265 0.2219 -1.317 0.036 0.2102 -1.3453 0.0016 0.2425 -1.3433 0.0104 0.2337 -1.3465 0.0185 0.2251 -1.3548 0.0254 0.2173 -1.358 0.0128 0.2298
228.0 -1.3993 0.0084 0.2303 -1.3525 -0.0226 0.2665 -1.2947 -0.0013 0.2506 -1.2862 0.0157 0.234 -1.2968 0.0259 0.2225 -1.3171 0.0366 0.2096 -1.3452 0.001 0.2431 -1.3433 0.0104 0.2337 -1.3464 0.0179 0.2257 -1.3539 0.0255 0.2173 -1.3576 0.0126 0.23
229.0 -1.4001 0.0082 0.2303 -1.3526 -0.022 0.2659 -1.2955 -0.0015 0.2506 -1.2863 0.0163 0.2334 -1.2969 0.0265 0.2219 -1.3171 0.0366 0.2096 -1.3453 0.0016 0.2425 -1.3435 0.011 0.2331 -1.3465 0.0185 0.2251 -1.3549 0.026 0.2167 -1.3581 0.0131 0.2295
230.0 -1.4004 0.0094 0.229 -1.3517 -0.0225 0.2665 -1.2947 -0.0013 0.2506 -1.2856 0.017 0.2327 -1.296 0.0266 0.2219 -1.3164 0.0373 0.2089 -1.3453 0.0016 0.2425 -1.3426 0.0111 0.2331 -1.3466 0.0191 0.2245 -1.354 0.0261 0.2166 -1.3578 0.0135 0.2291
231.0 -1.3995 0.0096 0.229 -1.3518 -0.0219 0.2659 -1.2938 -0.0012 0.2505 -1.2856 0.017 0.2327 -1.2961 0.0272 0.2213 -1.3164 0.0373 0.2089 -1.3445 0.0017 0.2425 -1.3426 0.0111 0.2331 -1.3466 0.0191 0.2245 -1.3541 0.0267 0.216 -1.3575 0.0136 0.229
232.0 -1.4004 0.0094 0.229 -1.3518 -0.0219 0.2659 -1.2938 -0.0012 0.2505 -1.2856 0.017 0.2327 -1.2961 0.0272 0.2213 -1.3165 0.0379 0.2083 -1.3446 0.0023 0.2419 -1.3426 0.0111 0.2331 -1.3466 0.0191 0.2245 -1.3541 0.0267 0.216 -1.3577 0.0137 0.2289
233.0 -1.4004 0.0094 0.229 -1.3518 -0.0219 0.2659 -1.2938 -0.0012 0.2505 -1.2856 0.017 0.2327 -1.2961 0.0272 0.2213 -1.3156 0.038 0.2083 -1.3446 0.0023 0.2419 -1.3427 0.0117 0.2324 -1.3467 0.0197 0.2238 -1.3541 0.0267 0.216 -1.3577 0.014 0.2286
234.0 -1.4005 0.01 0.2284 -1.3518 -0.0219 0.2659 -1.2938 -0.0012 0.2505 -1.2856 0.017 0.2327 -1.2953 0.0273 0.2212 -1.3156 0.038 0.2083 -1.3446 0.0023 0.2419 -1.3427 0.0117 0.2324 -1.3458 0.0192 0.2244 -1.3533 0.0268 0.216 -1.3574 0.014 0.2286
235.0 -1.4005 0.01 0.2284 -1.3518 -0.0219 0.2659 -1.2938 -0.0012 0.2505 -1.2856 0.017 0.2327 -1.2961 0.0272 0.2213 -1.3156 0.038 0.2083 -1.3446 0.0023 0.2419 -1.3427 0.0117 0.2324 -1.3466 0.0191 0.2245 -1.3541 0.0267 0.216 -1.3577 0.014 0.2286
236.0 -1.4004 0.0094 0.229 -1.3518 -0.0219 0.2659 -1.2939 -0.0006 0.2499 -1.2856 0.017 0.2327 -1.2961 0.0272 0.2213 -1.3156 0.038 0.2083 -1.3446 0.0023 0.2419 -1.3427 0.0117 0.2324 -1.3466 0.0191 0.2245 -1.3541 0.0267 0.216 -1.3577 0.0139 0.2288
237.0 -1.4005 0.01 0.2284 -1.3519 -0.0213 0.2653 -1.2949 -0.0001 0.2493 -1.2856 0.017 0.2327 -1.2962 0.0278 0.2206 -1.3165 0.0379 0.2083 -1.3455 0.0028 0.2413 -1.3428 0.0123 0.2318 -1.3467 0.0197 0.2238 -1.3541 0.0267 0.216 -1.3579 0.0143 0.2283
238.0 -1.4005 0.01 0.2284 -1.3519 -0.0213 0.2653 -1.2948 -0.0007 0.2499 -1.2857 0.0176 0.2321 -1.2971 0.0276 0.2207 -1.3166 0.0385 0.2077 -1.3454 0.0022 0.2419 -1.3436 0.0116 0.2325 -1.3467 0.0197 0.2238 -1.3541 0.0267 0.216 -1.3581 0.014 0.2285
239.0 -1.4013 0.0099 0.2285 -1.3519 -0.0213 0.2653 -1.2948 -0.0007 0.2499 -1.2856 0.017 0.2327 -1.2962 0.0278 0.2206 -1.3173 0.0377 0.2083 -1.3454 0.0022 0.2419 -1.3436 0.0116 0.2325 -1.3467 0.0197 0.2238 -1.3551 0.0272 0.2154 -1.3584 0.0141 0.2284
240.0 -1.4012 0.0093 0.2291 -1.3527 -0.0214 0.2653 -1.2948 -0.0007 0.2499 -1.2857 0.0176 0.2321 -1.297 0.0271 0.2213 -1.3165 0.0379 0.2083 -1.3464 0.0027 0.2413 -1.3444 0.0115 0.2325 -1.3476 0.0196 0.2239 -1.355 0.0266 0.216 -1.3589 0.0139 0.2286
241.0 -1.4013 0.0099 0.2285 -1.3536 -0.0215 0.2653 -1.2956 -0.0009 0.25 -1.2865 0.0175 0.2321 -1.297 0.0271 0.2213 -1.3173 0.0377 0.2083 -1.3464 0.0027 0.2413 -1.3445 0.0121 0.2319 -1.3476 0.0196 0.2239 -1.3551 0.0272 0.2154 -1.359 0.0143 0.2282
242.0 -1.4013 0.0099 0.2285 -1.3519 -0.0213 0.2653 -1.2957 -0.0003 0.2493 -1.2865 0.0175 0.2321 -1.2981 0.0281 0.2201 -1.3173 0.0377 0.2083 -1.3464 0.0027 0.2413 -1.3445 0.0121 0.2319 -1.3476 0.0196 0.2239 -1.355 0.0266 0.216 -1.359 0.0142 0.2283
243.0 -1.4013 0.0099 0.2285 -1.3528 -0.0208 0.2647 -1.2957 -0.0003 0.2493 -1.2866 0.0181 0.2315 -1.2982 0.0287 0.2195 -1.3175 0.0383 0.2077 -1.3465 0.0033 0.2407 -1.3445 0.0121 0.2319 -1.3477 0.0202 0.2233 -1.3551 0.0272 0.2154 -1.359 0.0145 0.2279
244.0 -1.4013 0.0099 0.2285 -1.3538 -0.0203 0.2641 -1.2967 0.0002 0.2488 -1.2866 0.0181 0.2315 -1.2982 0.0287 0.2195 -1.3182 0.0376 0.2084 -1.3474 0.0032 0.2407 -1.3455 0.0126 0.2313 -1.3486 0.0201 0.2233 -1.3559 0.027 0.2155 -1.3597 0.0146 0.2278
245.0 -1.4005 0.01 0.2284 -1.3539 -0.0197 0.2635 -1.2967 0.0002 0.2488 -1.2875 0.018 0.2315 -1.2991 0.0292 0.2189 -1.3184 0.0388 0.2071 -1.3474 0.0032 0.2407 -1.3455 0.0126 0.2313 -1.3495 0.0206 0.2227 -1.3569 0.0275 0.2149 -1.3599 0.0148 0.2276
246.0 -1.4015 0.0111 0.2272 -1.354 -0.0191 0.2628 -1.2969 0.0014 0.2475 -1.2887 0.0196 0.2297 -1.2993 0.0304 0.2176 -1.3195 0.0399 0.2059 -1.3476 0.0043 0.2395 -1.3466 0.0136 0.2301 -1.3496 0.0212 0.2221 -1.358 0.0286 0.2137 -1.3606 0.0158 0.2265
247.0 -1.4043 0.012 0.2261 -1.3558 -0.0188 0.2623 -1.2979 0.0019 0.2469 -1.2896 0.0201 0.2291 -1.3002 0.0303 0.2177 -1.3204 0.0404 0.2053 -1.3485 0.0048 0.2389 -1.3467 0.0142 0.2295 -1.3507 0.0222 0.2209 -1.3589 0.0291 0.2131 -1.3618 0.0165 0.2257
248.0 -1.4053 0.0124 0.2255 -1.3558 -0.0188 0.2623 -1.2989 0.003 0.2457 -1.2907 0.0212 0.2279 -1.3021 0.0312 0.2165 -1.3214 0.0409 0.2048 -1.3495 0.0053 0.2383 -1.3476 0.0147 0.2289 -1.3517 0.0227 0.2203 -1.359 0.0297 0.2125 -1.3626 0.017 0.2251
249.0 -1.4054 0.013 0.2249 -1.3569 -0.0177 0.2611 -1.3001 0.0046 0.2439 -1.2918 0.0223 0.2267 -1.3015 0.0326 0.2152 -1.3225 0.0419 0.2035 -1.3506 0.0064 0.2371 -1.3495 0.0157 0.2277 -1.3526 0.0232 0.2197 -1.361 0.0306 0.2113 -1.3638 0.0178 0.2241
250.0 -1.4064 0.0135 0.2243 -1.3564 -0.0158 0.2592 -1.301 0.0045 0.2439 -1.2945 0.0231 0.2256 -1.3034 0.0335 0.214 -1.3242 0.0417 0.2036 -1.3523 0.0062 0.2372 -1.3504 0.0156 0.2277 -1.3545 0.0236 0.2191 -1.3627 0.0304 0.2113 -1.3652 0.0178 0.2239
251.0 -1.4072 0.0134 0.2243 -1.3573 -0.0153 0.2586 -1.3019 0.005 0.2433 -1.2954 0.023 0.2256 -1.3052 0.0339 0.2135 -1.3251 0.0416 0.2036 -1.3532 0.0066 0.2366 -1.3514 0.016 0.2271 -1.3553 0.0235 0.2192 -1.3635 0.0303 0.2114 -1.3661 0.018 0.2237
252.0 -1.4081 0.0133 0.2243 -1.3564 -0.0158 0.2592 -1.3018 0.0044 0.244 -1.2955 0.0236 0.225 -1.3052 0.0339 0.2135 -1.3258 0.0409 0.2043 -1.3541 0.0065 0.2366 -1.3522 0.0159 0.2272 -1.3562 0.0233 0.2192 -1.3645 0.0308 0.2108 -1.367 0.018 0.2236
253.0 -1.4081 0.0133 0.2243 -1.3572 -0.0159 0.2592 -1.3029 0.0055 0.2428 -1.2964 0.0235 0.225 -1.307 0.0336 0.2136 -1.3269 0.042 0.2031 -1.3541 0.0065 0.2366 -1.3522 0.0159 0.2272 -1.3563 0.0239 0.2186 -1.3636 0.0309 0.2108 -1.3669 0.0181 0.2235
254.0 -1.4081 0.0133 0.2243 -1.3573 -0.0153 0.2586 -1.3029 0.0055 0.2428 -1.2964 0.0235 0.225 -1.3071 0.0342 0.2129 -1.3276 0.0412 0.2037 -1.3541 0.0065 0.2366 -1.3531 0.0158 0.2272 -1.3563 0.0239 0.2186 -1.3645 0.0308 0.2108 -1.3672 0.0181 0.2235
255.0 -1.4081 0.0133 0.2243 -1.3582 -0.0154 0.2586 -1.303 0.0061 0.2421 -1.2973 0.024 0.2244 -1.3079 0.0341 0.213 -1.3277 0.0418 0.2031 -1.3551 0.007 0.236 -1.3532 0.0164 0.2266 -1.3571 0.0238 0.2186 -1.3654 0.0307 0.2108 -1.3678 0.0182 0.2233
256.0 -1.409 0.0138 0.2238 -1.3584 -0.0142 0.2574 -1.3031 0.0067 0.2415 -1.2974 0.0246 0.2238 -1.3072 0.0348 0.2123 -1.3278 0.0424 0.2025 -1.3551 0.007 0.236 -1.3532 0.0164 0.2266 -1.3572 0.0244 0.218 -1.3646 0.0314 0.2102 -1.3678 0.0186 0.2229
257.0 -1.4099 0.0136 0.2238 -1.3574 -0.0147 0.258 -1.304 0.0066 0.2415 -1.2975 0.0251 0.2232 -1.308 0.0347 0.2124 -1.3287 0.0423 0.2025 -1.3552 0.0076 0.2354 -1.3542 0.0169 0.226 -1.3572 0.0244 0.218 -1.3655 0.0312 0.2102 -1.3684 0.0188 0.2227
258.0 -1.41 0.0142 0.2232 -1.3575 -0.0141 0.2574 -1.3041 0.0072 0.2409 -1.2977 0.0257 0.2226 -1.3072 0.0348 0.2123 -1.3287 0.0423 0.2025 -1.3552 0.0076 0.2354 -1.3533 0.017 0.226 -1.3572 0.0244 0.218 -1.3655 0.0312 0.2102 -1.3682 0.0189 0.2226
259.0 -1.4108 0.0135 0.2238 -1.3575 -0.0141 0.2574 -1.3031 0.0067 0.2415 -1.2968 0.0259 0.2225 -1.3082 0.0359 0.2111 -1.3288 0.0429 0.2019 -1.3543 0.0077 0.2354 -1.3533 0.017 0.226 -1.3572 0.0244 0.218 -1.3655 0.0312 0.2102 -1.3682 0.0188 0.2227
260.0 -1.411 0.0147 0.2226 -1.3575 -0.0141 0.2574 -1.304 0.0066 0.2415 -1.2966 0.0247 0.2238 -1.309 0.0352 0.2118 -1.3297 0.0428 0.2019 -1.3552 0.0076 0.2354 -1.3542 0.0169 0.226 -1.3581 0.0243 0.218 -1.3663 0.0311 0.2102 -1.3689 0.0189 0.2225
261.0 -1.41 0.0142 0.2232 -1.3575 -0.0141 0.2574 -1.3048 0.0065 0.2416 -1.2984 0.025 0.2232 -1.309 0.0352 0.2118 -1.3296 0.0422 0.2026 -1.3552 0.0076 0.2354 -1.3541 0.0163 0.2266 -1.3572 0.0244 0.218 -1.3655 0.0312 0.2102 -1.3684 0.0188 0.2227
262.0 -1.409 0.0138 0.2238 -1.3566 -0.0146 0.2579 -1.3041 0.0072 0.2409 -1.2974 0.0246 0.2238 -1.3081 0.0353 0.2117 -1.3296 0.0422 0.2026 -1.3551 0.007 0.236 -1.3532 0.0164 0.2266 -1.3571 0.0238 0.2186 -1.3655 0.0312 0.2102 -1.368 0.0184 0.223
263.0 -1.4081 0.0133 0.2243 -1.3574 -0.0147 0.258 -1.304 0.0066 0.2415 -1.2982 0.0238 0.2245 -1.3089 0.0346 0.2124 -1.3295 0.0416 0.2032 -1.355 0.0064 0.2367 -1.354 0.0157 0.2272 -1.357 0.0232 0.2192 -1.3654 0.0307 0.2108 -1.3679 0.0179 0.2237
264.0 -1.4088 0.0126 0.225 -1.3573 -0.0153 0.2586 -1.3038 0.0054 0.2428 -1.2973 0.024 0.2244 -1.3089 0.0346 0.2124 -1.3294 0.041 0.2038 -1.3549 0.0058 0.2373 -1.3538 0.0151 0.2279 -1.3578 0.0225 0.2199 -1.3653 0.0301 0.2114 -1.3681 0.0172 0.2243
265.0 -1.4088 0.0126 0.225 -1.3582 -0.0154 0.2586 -1.3037 0.0048 0.2434 -1.2971 0.0228 0.2257 -1.3088 0.034 0.213 -1.3294 0.041 0.2038 -1.3557 0.0057 0.2373 -1.3537 0.0145 0.2285 -1.3578 0.0225 0.2199 -1.366 0.0293 0.2121 -1.3684 0.0169 0.2246
266.0 -1.4088 0.0126 0.225 -1.3581 -0.016 0.2593 -1.3035 0.0042 0.244 -1.297 0.0222 0.2263 -1.3087 0.0334 0.2136 -1.3293 0.0404 0.2044 -1.3546 0.0046 0.2385 -1.3536 0.0139 0.2291 -1.3567 0.0214 0.2211 -1.3651 0.0289 0.2127 -1.3678 0.0163 0.2253
267.0 -1.4095 0.0113 0.2263 -1.358 -0.0166 0.2599 -1.3034 0.0036 0.2446 -1.2961 0.0217 0.2269 -1.3086 0.0328 0.2142 -1.3283 0.0399 0.205 -1.3555 0.0045 0.2385 -1.3535 0.0133 0.2297 -1.3567 0.0214 0.2211 -1.365 0.0283 0.2133 -1.368 0.0158 0.2258
268.0 -1.4103 0.0111 0.2263 -1.3586 -0.0179 0.2612 -1.3041 0.0023 0.2459 -1.2959 0.0205 0.2281 -1.3076 0.0323 0.2148 -1.329 0.0392 0.2057 -1.3554 0.0039 0.2392 -1.3534 0.0127 0.2303 -1.3566 0.0208 0.2217 -1.3648 0.0277 0.2139 -1.3681 0.0153 0.2263
269.0 -1.4103 0.0111 0.2263 -1.3587 -0.0173 0.2605 -1.3042 0.0029 0.2453 -1.2968 0.021 0.2275 -1.3075 0.0317 0.2155 -1.3282 0.0393 0.2056 -1.3563 0.0038 0.2392 -1.3543 0.0126 0.2304 -1.3575 0.0207 0.2218 -1.3648 0.0277 0.2139 -1.3686 0.0152 0.2263
270.0 -1.4102 0.0105 0.2269 -1.3588 -0.0167 0.2599 -1.3042 0.0029 0.2453 -1.296 0.0211 0.2275 -1.3076 0.0323 0.2148 -1.329 0.0392 0.2057 -1.3562 0.0032 0.2398 -1.3543 0.0126 0.2304 -1.3583 0.0206 0.2218 -1.3657 0.0276 0.214 -1.3689 0.0149 0.2266
271.0 -1.4103 0.0111 0.2263 -1.3579 -0.0172 0.2605 -1.3042 0.0029 0.2453 -1.296 0.0211 0.2275 -1.3076 0.0323 0.2148 -1.329 0.0392 0.2057 -1.3563 0.0038 0.2392 -1.3544 0.0132 0.2298 -1.3575 0.0207 0.2218 -1.3648 0.0277 0.2139 -1.3687 0.0153 0.2262
