1.0 -1.2141 0.0358 0.2206 -1.1217 0.0355 0.2301 -1.1118 0.0594 0.2066 -1.1162 0.0698 0.1956 -1.1289 0.0766 0.1873 -1.1435 0.0795 0.1829 -1.1469 0.0388 0.2242 -1.1537 0.0476 0.2145 -1.1639 0.0554 0.2055 -1.1764 0.0617 0.1979 -1.171 0.0479 0.2125
2.0 -1.2158 0.0356 0.2206 -1.1217 0.0355 0.2301 -1.1117 0.0588 0.2072 -1.1153 0.0693 0.1961 -1.1279 0.0761 0.1879 -1.1442 0.0788 0.1835 -1.1485 0.0379 0.2249 -1.1547 0.0481 0.2139 -1.1639 0.0554 0.2055 -1.1764 0.0617 0.1979 -1.1718 0.0477 0.2126
3.0 -1.2141 0.0358 0.2206 -1.1223 0.0341 0.2314 -1.1127 0.0599 0.206 -1.1163 0.0704 0.1949 -1.128 0.0767 0.1873 -1.1443 0.0794 0.1829 -1.147 0.0394 0.2236 -1.153 0.0489 0.2132 -1.1631 0.0561 0.2049 -1.1756 0.0624 0.1972 -1.1706 0.0485 0.2119
4.0 -1.2149 0.0357 0.2206 -1.1215 0.0349 0.2307 -1.1125 0.0587 0.2073 -1.1152 0.0687 0.1968 -1.1279 0.0761 0.1879 -1.1442 0.0788 0.1835 -1.1486 0.0385 0.2243 -1.1547 0.0481 0.2139 -1.1647 0.0553 0.2055 -1.1772 0.0615 0.1979 -1.172 0.0478 0.2125
5.0 -1.2125 0.0366 0.2199 -1.1214 0.0343 0.2314 -1.1119 0.06 0.206 -1.1172 0.0703 0.195 -1.1289 0.0766 0.1873 -1.1442 0.0788 0.1835 -1.1477 0.0387 0.2243 -1.1538 0.0482 0.2139 -1.164 0.056 0.2049 -1.1765 0.0623 0.1973 -1.1709 0.0484 0.212
6.0 -1.2141 0.0358 0.2206 -1.1224 0.0347 0.2308 -1.1118 0.0594 0.2066 -1.1162 0.0698 0.1956 -1.1288 0.076 0.1879 -1.1451 0.0787 0.1836 -1.1477 0.0387 0.2243 -1.1538 0.0482 0.2139 -1.164 0.056 0.2049 -1.1765 0.0623 0.1973 -1.1712 0.0482 0.2122
7.0 -1.2132 0.0359 0.2205 -1.1215 0.0349 0.2307 -1.1118 0.0594 0.2066 -1.1153 0.0693 0.1961 -1.1278 0.0755 0.1885 -1.1434 0.0789 0.1835 -1.1468 0.0382 0.2248 -1.1529 0.0483 0.2138 -1.163 0.0555 0.2055 -1.1756 0.0624 0.1972 -1.1703 0.0481 0.2124
8.0 -1.2081 0.0366 0.2203 -1.1199 0.0357 0.23 -1.111 0.0601 0.206 -1.1135 0.0695 0.1961 -1.127 0.0763 0.1879 -1.1442 0.0788 0.1835 -1.1443 0.0391 0.2241 -1.1512 0.0486 0.2138 -1.1622 0.0562 0.2048 -1.1748 0.0625 0.1972 -1.1681 0.0486 0.2121
9.0 -1.2088 0.0359 0.221 -1.1197 0.0345 0.2313 -1.1109 0.0595 0.2066 -1.1155 0.0705 0.1949 -1.1279 0.0761 0.1879 -1.1432 0.0783 0.1841 -1.145 0.0384 0.2248 -1.152 0.0479 0.2144 -1.162 0.055 0.2061 -1.1747 0.0619 0.1978 -1.1685 0.0478 0.2128
10.0 -1.2028 0.0367 0.2208 -1.1191 0.0358 0.23 -1.1094 0.0609 0.2053 -1.1147 0.0712 0.1942 -1.128 0.0767 0.1873 -1.1441 0.0782 0.1841 -1.1424 0.0382 0.2253 -1.1502 0.0475 0.215 -1.1612 0.0552 0.206 -1.1737 0.0614 0.1984 -1.166 0.0478 0.2131
11.0 -1.2088 0.0359 0.221 -1.1188 0.034 0.2319 -1.1101 0.0596 0.2066 -1.1138 0.0707 0.1948 -1.1262 0.0764 0.1878 -1.1414 0.078 0.1847 -1.1442 0.0385 0.2247 -1.1511 0.048 0.2144 -1.1612 0.0552 0.206 -1.1737 0.0614 0.1984 -1.1678 0.0478 0.2129
12.0 -1.2061 0.0357 0.2215 -1.1181 0.0353 0.2306 -1.1076 0.0606 0.2058 -1.1118 0.0698 0.196 -1.1252 0.0759 0.1884 -1.1414 0.078 0.1847 -1.1415 0.0383 0.2253 -1.1493 0.0476 0.2149 -1.1595 0.0554 0.206 -1.172 0.0616 0.1983 -1.1657 0.0477 0.2132
13.0 -1.2114 0.0356 0.2211 -1.1188 0.034 0.2319 -1.108 0.0581 0.2083 -1.1127 0.0696 0.196 -1.1251 0.0753 0.189 -1.1423 0.0779 0.1847 -1.1441 0.0379 0.2254 -1.1502 0.0475 0.215 -1.1603 0.0553 0.206 -1.1727 0.0609 0.199 -1.1677 0.0474 0.2133
14.0 -1.2104 0.0351 0.2217 -1.1178 0.0335 0.2325 -1.108 0.0581 0.2083 -1.1134 0.0689 0.1967 -1.1242 0.0748 0.1896 -1.1413 0.0774 0.1853 -1.1441 0.0379 0.2254 -1.1502 0.0475 0.215 -1.1603 0.0553 0.206 -1.1728 0.0615 0.1984 -1.1676 0.0475 0.2133
15.0 -1.2104 0.0351 0.2217 -1.1194 0.0327 0.2331 -1.1089 0.0579 0.2084 -1.1125 0.0685 0.1973 -1.125 0.0747 0.1896 -1.143 0.0772 0.1853 -1.144 0.0373 0.226 -1.1499 0.0463 0.2162 -1.1601 0.0541 0.2072 -1.1726 0.0603 0.1996 -1.1674 0.0466 0.2141
16.0 -1.2 0.0359 0.2219 -1.1194 0.0327 0.2331 -1.1107 0.0583 0.2078 -1.116 0.0686 0.1968 -1.1286 0.0748 0.1892 -1.1456 0.0768 0.1854 -1.1413 0.0371 0.2265 -1.1483 0.0471 0.2155 -1.1594 0.0548 0.2066 -1.1719 0.061 0.199 -1.1642 0.0472 0.2139
17.0 -1.1991 0.0354 0.2225 -1.1204 0.0332 0.2326 -1.1107 0.0583 0.2078 -1.1169 0.0685 0.1968 -1.1293 0.0741 0.1898 -1.1455 0.0762 0.1861 -1.1414 0.0377 0.2259 -1.1492 0.047 0.2156 -1.1601 0.0541 0.2072 -1.1726 0.0603 0.1996 -1.1645 0.0469 0.2142
18.0 -1.1981 0.0349 0.2231 -1.1205 0.0338 0.2319 -1.1116 0.0582 0.2079 -1.1178 0.0689 0.1962 -1.1303 0.0746 0.1892 -1.1464 0.0761 0.1861 -1.1414 0.0377 0.2259 -1.15 0.0469 0.2156 -1.161 0.054 0.2073 -1.1744 0.0601 0.1997 -1.165 0.0467 0.2143
19.0 -1.2018 0.0362 0.2214 -1.1212 0.0331 0.2326 -1.1116 0.0582 0.2079 -1.1169 0.0685 0.1968 -1.1284 0.0742 0.1898 -1.1455 0.0762 0.1861 -1.1421 0.037 0.2265 -1.15 0.0469 0.2156 -1.1611 0.0546 0.2067 -1.1736 0.0608 0.199 -1.1657 0.0471 0.2138
20.0 -1.1989 0.0348 0.2231 -1.1204 0.0332 0.2326 -1.1107 0.0583 0.2078 -1.1178 0.0689 0.1962 -1.1303 0.0746 0.1892 -1.1472 0.076 0.1861 -1.1421 0.037 0.2265 -1.15 0.0469 0.2156 -1.161 0.054 0.2073 -1.1735 0.0602 0.1996 -1.1651 0.0466 0.2144
21.0 -1.1982 0.0355 0.2225 -1.1205 0.0338 0.2319 -1.1107 0.0583 0.2078 -1.117 0.0691 0.1962 -1.1294 0.0747 0.1892 -1.1465 0.0767 0.1855 -1.1413 0.0371 0.2265 -1.15 0.0469 0.2156 -1.1611 0.0546 0.2067 -1.1727 0.0609 0.199 -1.1647 0.047 0.214
22.0 -1.2019 0.0368 0.2207 -1.1204 0.0332 0.2326 -1.1106 0.0577 0.2084 -1.1152 0.0687 0.1968 -1.1286 0.0748 0.1892 -1.1447 0.0763 0.186 -1.143 0.0368 0.2266 -1.1499 0.0463 0.2162 -1.161 0.054 0.2073 -1.1727 0.0609 0.199 -1.1657 0.047 0.214
23.0 -1.1993 0.0366 0.2213 -1.1205 0.0338 0.2319 -1.1106 0.0577 0.2084 -1.1152 0.0687 0.1968 -1.1268 0.0751 0.1891 -1.1448 0.0769 0.1854 -1.1413 0.0371 0.2265 -1.1492 0.047 0.2156 -1.1594 0.0548 0.2066 -1.1719 0.061 0.199 -1.1642 0.0473 0.2138
24.0 -1.1982 0.0355 0.2225 -1.1196 0.0339 0.2319 -1.1109 0.0595 0.2066 -1.1161 0.0692 0.1962 -1.1278 0.0755 0.1885 -1.1449 0.0775 0.1848 -1.1414 0.0377 0.2259 -1.1492 0.047 0.2156 -1.1594 0.0548 0.2066 -1.1719 0.061 0.199 -1.164 0.0472 0.2139
25.0 -1.1948 0.036 0.2223 -1.1188 0.034 0.2319 -1.1099 0.059 0.2072 -1.1162 0.0698 0.1956 -1.1287 0.0754 0.1885 -1.1449 0.0775 0.1848 -1.1397 0.0379 0.2258 -1.1484 0.0477 0.2149 -1.1595 0.0554 0.206 -1.172 0.0616 0.1983 -1.1629 0.0477 0.2135
26.0 -1.2001 0.0365 0.2213 -1.119 0.0352 0.2306 -1.1102 0.0602 0.2059 -1.1163 0.0704 0.1949 -1.1288 0.076 0.1879 -1.1441 0.0782 0.1841 -1.1414 0.0377 0.2259 -1.1484 0.0477 0.2149 -1.1595 0.0554 0.206 -1.172 0.0616 0.1983 -1.1643 0.0478 0.2133
27.0 -1.2028 0.0367 0.2208 -1.119 0.0352 0.2306 -1.1085 0.061 0.2052 -1.1139 0.0713 0.1942 -1.127 0.0763 0.1879 -1.1432 0.0783 0.1841 -1.1416 0.0389 0.2246 -1.1494 0.0482 0.2143 -1.1604 0.0559 0.2054 -1.173 0.0621 0.1977 -1.1654 0.0484 0.2126
28.0 -1.207 0.0355 0.2216 -1.119 0.0352 0.2306 -1.1084 0.0604 0.2059 -1.1146 0.0706 0.1949 -1.127 0.0763 0.1879 -1.1425 0.0791 0.1835 -1.1432 0.038 0.2253 -1.1502 0.0475 0.215 -1.1612 0.0552 0.206 -1.1738 0.062 0.1978 -1.1671 0.0476 0.2131
29.0 -1.2061 0.0357 0.2215 -1.1173 0.0354 0.2306 -1.1077 0.0612 0.2052 -1.1139 0.0713 0.1942 -1.1262 0.0764 0.1878 -1.1416 0.0792 0.1834 -1.1416 0.0389 0.2246 -1.1494 0.0482 0.2143 -1.1595 0.0554 0.206 -1.1721 0.0622 0.1977 -1.1657 0.0481 0.2128
30.0 -1.2055 0.037 0.2202 -1.1165 0.0361 0.2299 -1.1068 0.0613 0.2052 -1.112 0.071 0.1948 -1.1245 0.0766 0.1878 -1.1408 0.0793 0.1834 -1.1426 0.0393 0.2241 -1.1495 0.0488 0.2137 -1.1597 0.0566 0.2047 -1.1722 0.0628 0.1971 -1.1659 0.0489 0.212
31.0 -1.2012 0.0375 0.2201 -1.1156 0.0363 0.2299 -1.1059 0.0608 0.2058 -1.1104 0.0718 0.1941 -1.1246 0.0772 0.1871 -1.1398 0.0788 0.184 -1.14 0.0397 0.224 -1.1469 0.0491 0.2136 -1.157 0.0563 0.2052 -1.1695 0.0626 0.1976 -1.1629 0.0491 0.2121
32.0 -1.2027 0.0361 0.2214 -1.1137 0.0353 0.2311 -1.1022 0.0601 0.2069 -1.1067 0.0705 0.1958 -1.1192 0.0767 0.1882 -1.1372 0.0792 0.1839 -1.1381 0.0387 0.2251 -1.145 0.0482 0.2148 -1.1551 0.0554 0.2064 -1.1684 0.0615 0.1988 -1.1619 0.048 0.2133
33.0 -1.1993 0.0366 0.2213 -1.1091 0.0341 0.2327 -1.0976 0.0589 0.2086 -1.102 0.0687 0.1981 -1.1137 0.0756 0.1898 -1.131 0.0788 0.1849 -1.1345 0.0386 0.2256 -1.1406 0.0482 0.2152 -1.1508 0.056 0.2063 -1.1633 0.0622 0.1986 -1.1577 0.0483 0.2134
34.0 -1.193 0.0362 0.2223 -1.1014 0.0351 0.2324 -1.092 0.0572 0.2109 -1.0945 0.066 0.2016 -1.1083 0.0745 0.1915 -1.1246 0.0772 0.1871 -1.1283 0.0382 0.2266 -1.1345 0.0484 0.2156 -1.1445 0.0556 0.2073 -1.1571 0.0618 0.1996 -1.1515 0.048 0.2143
35.0 -1.1877 0.0357 0.2233 -1.0966 0.0333 0.2348 -1.0854 0.0544 0.2143 -1.0871 0.0639 0.2044 -1.1002 0.0738 0.1931 -1.1201 0.0766 0.1882 -1.1219 0.0366 0.2289 -1.1272 0.0469 0.2178 -1.1365 0.0548 0.2088 -1.1482 0.0612 0.2012 -1.1443 0.0471 0.216
36.0 -1.1838 0.0338 0.2256 -1.09 0.0306 0.2383 -1.0765 0.0538 0.2159 -1.0791 0.0638 0.2054 -1.0921 0.0724 0.1952 -1.1118 0.0747 0.191 -1.1171 0.0348 0.2312 -1.1225 0.0451 0.2201 -1.1309 0.0531 0.2111 -1.1425 0.0589 0.2041 -1.1394 0.0452 0.2184
37.0 -1.1789 0.0308 0.2292 -1.0811 0.0299 0.2398 -1.0673 0.0513 0.2193 -1.0695 0.0639 0.2062 -1.0806 0.0721 0.1967 -1.1036 0.0727 0.1938 -1.1108 0.0339 0.2328 -1.1161 0.0441 0.2218 -1.1262 0.0513 0.2134 -1.1378 0.0571 0.2064 -1.134 0.0434 0.2207
38.0 -1.1709 0.0306 0.2301 -1.0726 0.0268 0.2438 -1.0573 0.0496 0.222 -1.061 0.0607 0.2103 -1.0725 0.0714 0.1982 -1.0957 0.0732 0.1941 -1.1037 0.0336 0.2338 -1.1092 0.0445 0.2221 -1.1176 0.0525 0.2131 -1.1293 0.0589 0.2054 -1.1261 0.044 0.2209
39.0 -1.1627 0.0287 0.2329 -1.0633 0.0238 0.2478 -1.0473 0.0479 0.2247 -1.0496 0.0611 0.2111 -1.0618 0.0704 0.2003 -1.0832 0.0718 0.1968 -1.0935 0.0307 0.2378 -1.0989 0.041 0.2267 -1.1073 0.049 0.2177 -1.118 0.0549 0.2106 -1.1161 0.0408 0.2251
40.0 -1.1538 0.0281 0.2345 -1.0506 0.0218 0.2511 -1.0358 0.0476 0.2262 -1.0364 0.061 0.2124 -1.0509 0.0682 0.2036 -1.0758 0.0697 0.1996 -1.0817 0.0286 0.2411 -1.0879 0.0388 0.2301 -1.0973 0.0473 0.2204 -1.1106 0.0528 0.2134 -1.1063 0.0391 0.2279
41.0 -1.1336 0.0235 0.2412 -1.0325 0.0188 0.256 -1.0125 0.0453 0.2309 -1.0115 0.0595 0.2165 -1.0263 0.0685 0.2058 -1.0545 0.0689 0.2025 -1.0647 0.0267 0.2448 -1.0699 0.0363 0.2343 -1.0791 0.0436 0.226 -1.0915 0.0493 0.219 -1.0878 0.0359 0.233
42.0 -1.1212 0.0227 0.2432 -1.0157 0.018 0.2585 -1.0012 0.0456 0.2317 -1.0006 0.0573 0.2198 -1.0139 0.0683 0.2072 -1.043 0.0687 0.204 -1.052 0.0247 0.248 -1.0572 0.0344 0.2376 -1.0674 0.0422 0.2286 -1.0799 0.0484 0.221 -1.0756 0.0345 0.2357
43.0 -1.0579 0.0178 0.2545 -0.9432 0.0162 0.2675 -0.9292 0.0468 0.2376 -0.9342 0.0601 0.2235 -0.9506 0.0683 0.2135 -0.9812 0.0672 0.2116 -0.9871 0.0206 0.2586 -0.9949 0.03 0.2483 -1.007 0.0387 0.2382 -1.0222 0.0452 0.23 -1.0138 0.0305 0.2459
44.0 -1.0427 0.0168 0.257 -0.9284 0.017 0.2682 -0.9162 0.0479 0.2378 -0.9195 0.0615 0.2235 -0.9341 0.0693 0.2141 -0.9646 0.0677 0.2128 -0.9712 0.0203 0.2605 -0.9781 0.0298 0.2502 -0.9893 0.0381 0.2406 -1.0028 0.0448 0.2324 -0.9968 0.0299 0.2481
45.0 -1.0323 0.0176 0.2572 -0.9146 0.0188 0.2677 -0.9023 0.0486 0.2385 -0.9064 0.0621 0.2243 -0.9244 0.0694 0.215 -0.9541 0.0684 0.213 -0.9596 0.0195 0.2626 -0.9667 0.0295 0.2516 -0.977 0.0385 0.2414 -0.9915 0.0457 0.2326 -0.9854 0.0301 0.2491
46.0 -1.0166 0.0185 0.2579 -0.9024 0.0192 0.2685 -0.8893 0.0497 0.2386 -0.8951 0.063 0.2245 -0.9138 0.069 0.2164 -0.9434 0.0675 0.2151 -0.9449 0.0208 0.2626 -0.9521 0.0315 0.251 -0.9633 0.0403 0.2408 -0.9769 0.0477 0.232 -0.9707 0.0318 0.2489
47.0 -1.0059 0.0175 0.26 -0.8883 0.0193 0.2698 -0.877 0.0501 0.2394 -0.8837 0.0633 0.2253 -0.9008 0.0702 0.2166 -0.9297 0.0693 0.2146 -0.9316 0.0202 0.2646 -0.9395 0.0301 0.2537 -0.9515 0.0383 0.2441 -0.9651 0.0456 0.2353 -0.9587 0.0303 0.2515
48.0 -0.9944 0.0172 0.2614 -0.8727 0.0202 0.2704 -0.8631 0.0508 0.2401 -0.8708 0.065 0.2248 -0.8879 0.0719 0.2161 -0.9172 0.0685 0.2166 -0.9186 0.0213 0.2647 -0.9265 0.0313 0.2538 -0.9386 0.04 0.2436 -0.9531 0.0472 0.2348 -0.9462 0.0314 0.2517
49.0 -0.9858 0.0184 0.2611 -0.8612 0.0199 0.2719 -0.8535 0.0515 0.2403 -0.8605 0.0664 0.2244 -0.8784 0.0732 0.2157 -0.908 0.071 0.215 -0.9056 0.0225 0.2648 -0.9144 0.0323 0.2539 -0.9264 0.0404 0.2444 -0.9408 0.0476 0.2356 -0.9346 0.0322 0.252
50.0 -0.9753 0.0186 0.2619 -0.8482 0.0211 0.272 -0.8435 0.0547 0.2381 -0.8519 0.0676 0.224 -0.8698 0.0743 0.2154 -0.9 0.0709 0.2159 -0.8953 0.0239 0.2644 -0.905 0.0342 0.2529 -0.9189 0.0433 0.2422 -0.9342 0.0504 0.2335 -0.9258 0.034 0.251
51.0 -0.9632 0.0196 0.2621 -0.8363 0.0233 0.2709 -0.8324 0.0568 0.237 -0.8434 0.0693 0.2231 -0.8611 0.0749 0.2156 -0.8874 0.0744 0.2135 -0.8834 0.0261 0.2633 -0.8938 0.0357 0.2525 -0.9069 0.0449 0.2418 -0.9205 0.0522 0.2329 -0.9136 0.0357 0.2505
52.0 -0.9502 0.0207 0.2622 -0.8236 0.0262 0.2691 -0.8214 0.0589 0.236 -0.8334 0.0725 0.2208 -0.8518 0.0768 0.2147 -0.8785 0.0738 0.2151 -0.8739 0.0274 0.263 -0.8835 0.0371 0.2521 -0.8965 0.0457 0.242 -0.9118 0.0528 0.2332 -0.9032 0.0367 0.2505
53.0 -0.9378 0.0206 0.2636 -0.8146 0.0305 0.2657 -0.8121 0.0614 0.2344 -0.8251 0.0749 0.2192 -0.8444 0.0796 0.2125 -0.8743 0.0749 0.2143 -0.8655 0.0297 0.2614 -0.8768 0.0386 0.2512 -0.8905 0.0465 0.2418 -0.9064 0.0523 0.2343 -0.8954 0.0375 0.2504
54.0 -0.9295 0.0235 0.2614 -0.8069 0.0315 0.2654 -0.8099 0.0635 0.2324 -0.8218 0.0765 0.2179 -0.8404 0.082 0.2105 -0.8662 0.0785 0.2115 -0.8563 0.0322 0.2598 -0.8675 0.041 0.2496 -0.8811 0.0484 0.2408 -0.8962 0.0543 0.2332 -0.8861 0.0399 0.249
55.0 -0.9212 0.0259 0.2598 -0.8048 0.0294 0.2678 -0.808 0.0631 0.2329 -0.8148 0.0763 0.2188 -0.8328 0.0836 0.2095 -0.8565 0.0835 0.2073 -0.8453 0.0349 0.2581 -0.855 0.0452 0.2466 -0.868 0.0538 0.2365 -0.8832 0.0603 0.2284 -0.8745 0.044 0.2459
56.0 -0.9073 0.0271 0.2599 -0.8023 0.0303 0.2671 -0.808 0.0631 0.2329 -0.8145 0.0751 0.2201 -0.8309 0.0832 0.2101 -0.8529 0.0833 0.2078 -0.8358 0.0356 0.2584 -0.8472 0.0456 0.247 -0.8618 0.0534 0.2375 -0.8777 0.0592 0.23 -0.866 0.0442 0.2466
57.0 -0.908 0.0258 0.2612 -0.8026 0.0321 0.2652 -0.8092 0.0697 0.2261 -0.8111 0.0804 0.215 -0.8185 0.0874 0.2071 -0.8441 0.0833 0.2087 -0.8277 0.0348 0.2599 -0.8398 0.0436 0.2498 -0.8543 0.0508 0.241 -0.872 0.0563 0.2335 -0.8603 0.0423 0.2491
58.0 -0.9014 0.0285 0.259 -0.8187 0.0537 0.2415 -0.8096 0.0721 0.2236 -0.8108 0.0786 0.2168 -0.8119 0.0852 0.21 -0.8333 0.0817 0.2114 -0.8281 0.0421 0.2525 -0.8354 0.0484 0.2452 -0.8457 0.0519 0.2406 -0.8593 0.0544 0.2368 -0.854 0.0451 0.2468
59.0 -0.8883 0.034 0.2548 -0.8365 0.0648 0.2284 -0.8109 0.0792 0.2162 -0.81 0.0745 0.2212 -0.8098 0.0733 0.2224 -0.8084 0.06 0.2361 -0.8321 0.055 0.2389 -0.8262 0.0515 0.243 -0.8235 0.0458 0.2492 -0.823 0.0379 0.2573 -0.8386 0.0448 0.2486
60.0 -0.8839 0.034 0.2552 -0.833 0.075 0.2183 -0.8107 0.078 0.2174 -0.8095 0.0715 0.2243 -0.8078 0.0619 0.2342 -0.8048 0.0446 0.2522 -0.8344 0.0577 0.2358 -0.8256 0.0528 0.2417 -0.819 0.0452 0.2502 -0.8145 0.0348 0.2613 -0.8355 0.0449 0.2489
60.0 -0.8839 0.034 0.2552 -0.833 0.075 0.2183 -0.8107 0.078 0.2174 -0.8095 0.0715 0.2243 -0.8078 0.0619 0.2342 -0.8048 0.0446 0.2522 -0.8344 0.0577 0.2358 -0.8256 0.0528 0.2417 -0.819 0.0452 0.2502 -0.8145 0.0348 0.2613 -0.8355 0.0449 0.2489
60.0 -0.8839 0.034 0.2552 -0.833 0.075 0.2183 -0.8107 0.078 0.2174 -0.8095 0.0715 0.2243 -0.8078 0.0619 0.2342 -0.8048 0.0446 0.2522 -0.8344 0.0577 0.2358 -0.8256 0.0528 0.2417 -0.819 0.0452 0.2502 -0.8145 0.0348 0.2613 -0.8355 0.0449 0.2489
60.0 -0.8839 0.034 0.2552 -0.833 0.075 0.2183 -0.8107 0.078 0.2174 -0.8095 0.0715 0.2243 -0.8078 0.0619 0.2342 -0.8048 0.0446 0.2522 -0.8344 0.0577 0.2358 -0.8256 0.0528 0.2417 -0.819 0.0452 0.2502 -0.8145 0.0348 0.2613 -0.8355 0.0449 0.2489
60.0 -0.8839 0.034 0.2552 -0.833 0.075 0.2183 -0.8107 0.078 0.2174 -0.8095 0.0715 0.2243 -0.8078 0.0619 0.2342 -0.8048 0.0446 0.2522 -0.8344 0.0577 0.2358 -0.8256 0.0528 0.2417 -0.819 0.0452 0.2502 -0.8145 0.0348 0.2613 -0.8355 0.0449 0.2489
60.0 -0.8839 0.034 0.2552 -0.833 0.075 0.2183 -0.8107 0.078 0.2174 -0.8095 0.0715 0.2243 -0.8078 0.0619 0.2342 -0.8048 0.0446 0.2522 -0.8344 0.0577 0.2358 -0.8256 0.0528 0.2417 -0.819 0.0452 0.2502 -0.8145 0.0348 0.2613 -0.8355 0.0449 0.2489
60.0 -0.8839 0.034 0.2552 -0.833 0.075 0.2183 -0.8107 0.078 0.2174 -0.8095 0.0715 0.2243 -0.8078 0.0619 0.2342 -0.8048 0.0446 0.2522 -0.8344 0.0577 0.2358 -0.8256 0.0528 0.2417 -0.819 0.0452 0.2502 -0.8145 0.0348 0.2613 -0.8355 0.0449 0.2489
60.0 -0.8839 0.034 0.2552 -0.833 0.075 0.2183 -0.8107 0.078 0.2174 -0.8095 0.0715 0.2243 -0.8078 0.0619 0.2342 -0.8048 0.0446 0.2522 -0.8344 0.0577 0.2358 -0.8256 0.0528 0.2417 -0.819 0.0452 0.2502 -0.8145 0.0348 0.2613 -0.8355 0.0449 0.2489
60.0 -0.8839 0.034 0.2552 -0.833 0.075 0.2183 -0.8107 0.078 0.2174 -0.8095 0.0715 0.2243 -0.8078 0.0619 0.2342 -0.8048 0.0446 0.2522 -0.8344 0.0577 0.2358 -0.8256 0.0528 0.2417 -0.819 0.0452 0.2502 -0.8145 0.0348 0.2613 -0.8355 0.0449 0.2489
60.0 -0.8839 0.034 0.2552 -0.833 0.075 0.2183 -0.8107 0.078 0.2174 -0.8095 0.0715 0.2243 -0.8078 0.0619 0.2342 -0.8048 0.0446 0.2522 -0.8344 0.0577 0.2358 -0.8256 0.0528 0.2417 -0.819 0.0452 0.2502 -0.8145 0.0348 0.2613 -0.8355 0.0449 0.2489
60.0 -0.8839 0.034 0.2552 -0.833 0.075 0.2183 -0.8107 0.078 0.2174 -0.8095 0.0715 0.2243 -0.8078 0.0619 0.2342 -0.8048 0.0446 0.2522 -0.8344 0.0577 0.2358 -0.8256 0.0528 0.2417 -0.819 0.0452 0.2502 -0.8145 0.0348 0.2613 -0.8355 0.0449 0.2489
60.0 -0.8839 0.034 0.2552 -0.833 0.075 0.2183 -0.8107 0.078 0.2174 -0.8095 0.0715 0.2243 -0.8078 0.0619 0.2342 -0.8048 0.0446 0.2522 -0.8344 0.0577 0.2358 -0.8256 0.0528 0.2417 -0.819 0.0452 0.2502 -0.8145 0.0348 0.2613 -0.8355 0.0449 0.2489
60.0 -0.8839 0.034 0.2552 -0.833 0.075 0.2183 -0.8107 0.078 0.2174 -0.8095 0.0715 0.2243 -0.8078 0.0619 0.2342 -0.8048 0.0446 0.2522 -0.8344 0.0577 0.2358 -0.8256 0.0528 0.2417 -0.819 0.0452 0.2502 -0.8145 0.0348 0.2613 -0.8355 0.0449 0.2489
60.0 -0.8839 0.034 0.2552 -0.833 0.075 0.2183 -0.8107 0.078 0.2174 -0.8095 0.0715 0.2243 -0.8078 0.0619 0.2342 -0.8048 0.0446 0.2522 -0.8344 0.0577 0.2358 -0.8256 0.0528 0.2417 -0.819 0.0452 0.2502 -0.8145 0.0348 0.2613 -0.8355 0.0449 0.2489
60.0 -0.8839 0.034 0.2552 -0.833 0.075 0.2183 -0.8107 0.078 0.2174 -0.8095 0.0715 0.2243 -0.8078 0.0619 0.2342 -0.8048 0.0446 0.2522 -0.8344 0.0577 0.2358 -0.8256 0.0528 0.2417 -0.819 0.0452 0.2502 -0.8145 0.0348 0.2613 -0.8355 0.0449 0.2489
60.0 -0.8839 0.034 0.2552 -0.833 0.075 0.2183 -0.8107 0.078 0.2174 -0.8095 0.0715 0.2243 -0.8078 0.0619 0.2342 -0.8048 0.0446 0.2522 -0.8344 0.0577 0.2358 -0.8256 0.0528 0.2417 -0.819 0.0452 0.2502 -0.8145 0.0348 0.2613 -0.8355 0.0449 0.2489
60.0 -0.8839 0.034 0.2552 -0.833 0.075 0.2183 -0.8107 0.078 0.2174 -0.8095 0.0715 0.2243 -0.8078 0.0619 0.2342 -0.8048 0.0446 0.2522 -0.8344 0.0577 0.2358 -0.8256 0.0528 0.2417 -0.819 0.0452 0.2502 -0.8145 0.0348 0.2613 -0.8355 0.0449 0.2489
60.0 -0.8839 0.034 0.2552 -0.833 0.075 0.2183 -0.8107 0.078 0.2174 -0.8095 0.0715 0.2243 -0.8078 0.0619 0.2342 -0.8048 0.0446 0.2522 -0.8344 0.0577 0.2358 -0.8256 0.0528 0.2417 -0.819 0.0452 0.2502 -0.8145 0.0348 0.2613 -0.8355 0.0449 0.2489
60.0 -0.8839 0.034 0.2552 -0.833 0.075 0.2183 -0.8107 0.078 0.2174 -0.8095 0.0715 0.2243 -0.8078 0.0619 0.2342 -0.8048 0.0446 0.2522 -0.8344 0.0577 0.2358 -0.8256 0.0528 0.2417 -0.819 0.0452 0.2502 -0.8145 0.0348 0.2613 -0.8355 0.0449 0.2489
60.0 -0.8839 0.034 0.2552 -0.833 0.075 0.2183 -0.8107 0.078 0.2174 -0.8095 0.0715 0.2243 -0.8078 0.0619 0.2342 -0.8048 0.0446 0.2522 -0.8344 0.0577 0.2358 -0.8256 0.0528 0.2417 -0.819 0.0452 0.2502 -0.8145 0.0348 0.2613 -0.8355 0.0449 0.2489
60.0 -0.8839 0.034 0.2552 -0.833 0.075 0.2183 -0.8107 0.078 0.2174 -0.8095 0.0715 0.2243 -0.8078 0.0619 0.2342 -0.8048 0.0446 0.2522 -0.8344 0.0577 0.2358 -0.8256 0.0528 0.2417 -0.819 0.0452 0.2502 -0.8145 0.0348 0.2613 -0.8355 0.0449 0.2489
60.0 -0.8839 0.034 0.2552 -0.833 0.075 0.2183 -0.8107 0.078 0.2174 -0.8095 0.0715 0.2243 -0.8078 0.0619 0.2342 -0.8048 0.0446 0.2522 -0.8344 0.0577 0.2358 -0.8256 0.0528 0.2417 -0.819 0.0452 0.2502 -0.8145 0.0348 0.2613 -0.8355 0.0449 0.2489
60.0 -0.8839 0.034 0.2552 -0.833 0.075 0.2183 -0.8107 0.078 0.2174 -0.8095 0.0715 0.2243 -0.8078 0.0619 0.2342 -0.8048 0.0446 0.2522 -0.8344 0.0577 0.2358 -0.8256 0.0528 0.2417 -0.819 0.0452 0.2502 -0.8145 0.0348 0.2613 -0.8355 0.0449 0.2489
60.0 -0.8839 0.034 0.2552 -0.833 0.075 0.2183 -0.8107 0.078 0.2174 -0.8095 0.0715 0.2243 -0.8078 0.0619 0.2342 -0.8048 0.0446 0.2522 -0.8344 0.0577 0.2358 -0.8256 0.0528 0.2417 -0.819 0.0452 0.2502 -0.8145 0.0348 0.2613 -0.8355 0.0449 0.2489
60.0 -0.8839 0.034 0.2552 -0.833 0.075 0.2183 -0.8107 0.078 0.2174 -0.8095 0.0715 0.2243 -0.8078 0.0619 0.2342 -0.8048 0.0446 0.2522 -0.8344 0.0577 0.2358 -0.8256 0.0528 0.2417 -0.819 0.0452 0.2502 -0.8145 0.0348 0.2613 -0.8355 0.0449 0.2489
60.0 -0.8839 0.034 0.2552 -0.833 0.075 0.2183 -0.8107 0.078 0.2174 -0.8095 0.0715 0.2243 -0.8078 0.0619 0.2342 -0.8048 0.0446 0.2522 -0.8344 0.0577 0.2358 -0.8256 0.0528 0.2417 -0.819 0.0452 0.2502 -0.8145 0.0348 0.2613 -0.8355 0.0449 0.2489
60.0 -0.8839 0.034 0.2552 -0.833 0.075 0.2183 -0.8107 0.078 0.2174 -0.8095 0.0715 0.2243 -0.8078 0.0619 0.2342 -0.8048 0.0446 0.2522 -0.8344 0.0577 0.2358 -0.8256 0.0528 0.2417 -0.819 0.0452 0.2502 -0.8145 0.0348 0.2613 -0.8355 0.0449 0.2489
60.0 -0.8839 0.034 0.2552 -0.833 0.075 0.2183 -0.8107 0.078 0.2174 -0.8095 0.0715 0.2243 -0.8078 0.0619 0.2342 -0.8048 0.0446 0.2522 -0.8344 0.0577 0.2358 -0.8256 0.0528 0.2417 -0.819 0.0452 0.2502 -0.8145 0.0348 0.2613 -0.8355 0.0449 0.2489
60.0 -0.8839 0.034 0.2552 -0.833 0.075 0.2183 -0.8107 0.078 0.2174 -0.8095 0.0715 0.2243 -0.8078 0.0619 0.2342 -0.8048 0.0446 0.2522 -0.8344 0.0577 0.2358 -0.8256 0.0528 0.2417 -0.819 0.0452 0.2502 -0.8145 0.0348 0.2613 -0.8355 0.0449 0.2489
60.0 -0.8839 0.034 0.2552 -0.833 0.075 0.2183 -0.8107 0.078 0.2174 -0.8095 0.0715 0.2243 -0.8078 0.0619 0.2342 -0.8048 0.0446 0.2522 -0.8344 0.0577 0.2358 -0.8256 0.0528 0.2417 -0.819 0.0452 0.2502 -0.8145 0.0348 0.2613 -0.8355 0.0449 0.2489
60.0 -0.8839 0.034 0.2552 -0.833 0.075 0.2183 -0.8107 0.078 0.2174 -0.8095 0.0715 0.2243 -0.8078 0.0619 0.2342 -0.8048 0.0446 0.2522 -0.8344 0.0577 0.2358 -0.8256 0.0528 0.2417 -0.819 0.0452 0.2502 -0.8145 0.0348 0.2613 -0.8355 0.0449 0.2489
60.0 -0.8839 0.034 0.2552 -0.833 0.075 0.2183 -0.8107 0.078 0.2174 -0.8095 0.0715 0.2243 -0.8078 0.0619 0.2342 -0.8048 0.0446 0.2522 -0.8344 0.0577 0.2358 -0.8256 0.0528 0.2417 -0.819 0.0452 0.2502 -0.8145 0.0348 0.2613 -0.8355 0.0449 0.2489
60.0 -0.8839 0.034 0.2552 -0.833 0.075 0.2183 -0.8107 0.078 0.2174 -0.8095 0.0715 0.2243 -0.8078 0.0619 0.2342 -0.8048 0.0446 0.2522 -0.8344 0.0577 0.2358 -0.8256 0.0528 0.2417 -0.819 0.0452 0.2502 -0.8145 0.0348 0.2613 -0.8355 0.0449 0.2489
60.0 -0.8839 0.034 0.2552 -0.833 0.075 0.2183 -0.8107 0.078 0.2174 -0.8095 0.0715 0.2243 -0.8078 0.0619 0.2342 -0.8048 0.0446 0.2522 -0.8344 0.0577 0.2358 -0.8256 0.0528 0.2417 -0.819 0.0452 0.2502 -0.8145 0.0348 0.2613 -0.8355 0.0449 0.2489
60.0 -0.8839 0.034 0.2552 -0.833 0.075 0.2183 -0.8107 0.078 0.2174 -0.8095 0.0715 0.2243 -0.8078 0.0619 0.2342 -0.8048 0.0446 0.2522 -0.8344 0.0577 0.2358 -0.8256 0.0528 0.2417 -0.819 0.0452 0.2502 -0.8145 0.0348 0.2613 -0.8355 0.0449 0.2489
60.0 -0.8839 0.034 0.2552 -0.833 0.075 0.2183 -0.8107 0.078 0.2174 -0.8095 0.0715 0.2243 -0.8078 0.0619 0.2342 -0.8048 0.0446 0.2522 -0.8344 0.0577 0.2358 -0.8256 0.0528 0.2417 -0.819 0.0452 0.2502 -0.8145 0.0348 0.2613 -0.8355 0.0449 0.2489
60.0 -0.8839 0.034 0.2552 -0.833 0.075 0.2183 -0.8107 0.078 0.2174 -0.8095 0.0715 0.2243 -0.8078 0.0619 0.2342 -0.8048 0.0446 0.2522 -0.8344 0.0577 0.2358 -0.8256 0.0528 0.2417 -0.819 0.0452 0.2502 -0.8145 0.0348 0.2613 -0.8355 0.0449 0.2489
60.0 -0.8839 0.034 0.2552 -0.833 0.075 0.2183 -0.8107 0.078 0.2174 -0.8095 0.0715 0.2243 -0.8078 0.0619 0.2342 -0.8048 0.0446 0.2522 -0.8344 0.0577 0.2358 -0.8256 0.0528 0.2417 -0.819 0.0452 0.2502 -0.8145 0.0348 0.2613 -0.8355 0.0449 0.2489
60.0 -0.8839 0.034 0.2552 -0.833 0.075 0.2183 -0.8107 0.078 0.2174 -0.8095 0.0715 0.2243 -0.8078 0.0619 0.2342 -0.8048 0.0446 0.2522 -0.8344 0.0577 0.2358 -0.8256 0.0528 0.2417 -0.819 0.0452 0.2502 -0.8145 0.0348 0.2613 -0.8355 0.0449 0.2489
60.0 -0.8839 0.034 0.2552 -0.833 0.075 0.2183 -0.8107 0.078 0.2174 -0.8095 0.0715 0.2243 -0.8078 0.0619 0.2342 -0.8048 0.0446 0.2522 -0.8344 0.0577 0.2358 -0.8256 0.0528 0.2417 -0.819 0.0452 0.2502 -0.8145 0.0348 0.2613 -0.8355 0.0449 0.2489
60.0 -0.8839 0.034 0.2552 -0.833 0.075 0.2183 -0.8107 0.078 0.2174 -0.8095 0.0715 0.2243 -0.8078 0.0619 0.2342 -0.8048 0.0446 0.2522 -0.8344 0.0577 0.2358 -0.8256 0.0528 0.2417 -0.819 0.0452 0.2502 -0.8145 0.0348 0.2613 -0.8355 0.0449 0.2489
60.0 -0.8839 0.034 0.2552 -0.833 0.075 0.2183 -0.8107 0.078 0.2174 -0.8095 0.0715 0.2243 -0.8078 0.0619 0.2342 -0.8048 0.0446 0.2522 -0.8344 0.0577 0.2358 -0.8256 0.0528 0.2417 -0.819 0.0452 0.2502 -0.8145 0.0348 0.2613 -0.8355 0.0449 0.2489
60.0 -0.8839 0.034 0.2552 -0.833 0.075 0.2183 -0.8107 0.078 0.2174 -0.8095 0.0715 0.2243 -0.8078 0.0619 0.2342 -0.8048 0.0446 0.2522 -0.8344 0.0577 0.2358 -0.8256 0.0528 0.2417 -0.819 0.0452 0.2502 -0.8145 0.0348 0.2613 -0.8355 0.0449 0.2489
60.0 -0.8839 0.034 0.2552 -0.833 0.075 0.2183 -0.8107 0.078 0.2174 -0.8095 0.0715 0.2243 -0.8078 0.0619 0.2342 -0.8048 0.0446 0.2522 -0.8344 0.0577 0.2358 -0.8256 0.0528 0.2417 -0.819 0.0452 0.2502 -0.8145 0.0348 0.2613 -0.8355 0.0449 0.2489
60.0 -0.8839 0.034 0.2552 -0.833 0.075 0.2183 -0.8107 0.078 0.2174 -0.8095 0.0715 0.2243 -0.8078 0.0619 0.2342 -0.8048 0.0446 0.2522 -0.8344 0.0577 0.2358 -0.8256 0.0528 0.2417 -0.819 0.0452 0.2502 -0.8145 0.0348 0.2613 -0.8355 0.0449 0.2489
60.0 -0.8839 0.034 0.2552 -0.833 0.075 0.2183 -0.8107 0.078 0.2174 -0.8095 0.0715 0.2243 -0.8078 0.0619 0.2342 -0.8048 0.0446 0.2522 -0.8344 0.0577 0.2358 -0.8256 0.0528 0.2417 -0.819 0.0452 0.2502 -0.8145 0.0348 0.2613 -0.8355 0.0449 0.2489
60.0 -0.8839 0.034 0.2552 -0.833 0.075 0.2183 -0.8107 0.078 0.2174 -0.8095 0.0715 0.2243 -0.8078 0.0619 0.2342 -0.8048 0.0446 0.2522 -0.8344 0.0577 0.2358 -0.8256 0.0528 0.2417 -0.819 0.0452 0.2502 -0.8145 0.0348 0.2613 -0.8355 0.0449 0.2489
60.0 -0.8839 0.034 0.2552 -0.833 0.075 0.2183 -0.8107 0.078 0.2174 -0.8095 0.0715 0.2243 -0.8078 0.0619 0.2342 -0.8048 0.0446 0.2522 -0.8344 0.0577 0.2358 -0.8256 0.0528 0.2417 -0.819 0.0452 0.2502 -0.8145 0.0348 0.2613 -0.8355 0.0449 0.2489
60.0 -0.8839 0.034 0.2552 -0.833 0.075 0.2183 -0.8107 0.078 0.2174 -0.8095 0.0715 0.2243 -0.8078 0.0619 0.2342 -0.8048 0.0446 0.2522 -0.8344 0.0577 0.2358 -0.8256 0.0528 0.2417 -0.819 0.0452 0.2502 -0.8145 0.0348 0.2613 -0.8355 0.0449 0.2489
60.0 -0.8839 0.034 0.2552 -0.833 0.075 0.2183 -0.8107 0.078 0.2174 -0.8095 0.0715 0.2243 -0.8078 0.0619 0.2342 -0.8048 0.0446 0.2522 -0.8344 0.0577 0.2358 -0.8256 0.0528 0.2417 -0.819 0.0452 0.2502 -0.8145 0.0348 0.2613 -0.8355 0.0449 0.2489
60.0 -0.8839 0.034 0.2552 -0.833 0.075 0.2183 -0.8107 0.078 0.2174 -0.8095 0.0715 0.2243 -0.8078 0.0619 0.2342 -0.8048 0.0446 0.2522 -0.8344 0.0577 0.2358 -0.8256 0.0528 0.2417 -0.819 0.0452 0.2502 -0.8145 0.0348 0.2613 -0.8355 0.0449 0.2489
60.0 -0.8839 0.034 0.2552 -0.833 0.075 0.2183 -0.8107 0.078 0.2174 -0.8095 0.0715 0.2243 -0.8078 0.0619 0.2342 -0.8048 0.0446 0.2522 -0.8344 0.0577 0.2358 -0.8256 0.0528 0.2417 -0.819 0.0452 0.2502 -0.8145 0.0348 0.2613 -0.8355 0.0449 0.2489
60.0 -0.8839 0.034 0.2552 -0.833 0.075 0.2183 -0.8107 0.078 0.2174 -0.8095 0.0715 0.2243 -0.8078 0.0619 0.2342 -0.8048 0.0446 0.2522 -0.8344 0.0577 0.2358 -0.8256 0.0528 0.2417 -0.819 0.0452 0.2502 -0.8145 0.0348 0.2613 -0.8355 0.0449 0.2489
60.0 -0.8839 0.034 0.2552 -0.833 0.075 0.2183 -0.8107 0.078 0.2174 -0.8095 0.0715 0.2243 -0.8078 0.0619 0.2342 -0.8048 0.0446 0.2522 -0.8344 0.0577 0.2358 -0.8256 0.0528 0.2417 -0.819 0.0452 0.2502 -0.8145 0.0348 0.2613 -0.8355 0.0449 0.2489
60.0 -0.8839 0.034 0.2552 -0.833 0.075 0.2183 -0.8107 0.078 0.2174 -0.8095 0.0715 0.2243 -0.8078 0.0619 0.2342 -0.8048 0.0446 0.2522 -0.8344 0.0577 0.2358 -0.8256 0.0528 0.2417 -0.819 0.0452 0.2502 -0.8145 0.0348 0.2613 -0.8355 0.0449 0.2489
60.0 -0.8839 0.034 0.2552 -0.833 0.075 0.2183 -0.8107 0.078 0.2174 -0.8095 0.0715 0.2243 -0.8078 0.0619 0.2342 -0.8048 0.0446 0.2522 -0.8344 0.0577 0.2358 -0.8256 0.0528 0.2417 -0.819 0.0452 0.2502 -0.8145 0.0348 0.2613 -0.8355 0.0449 0.2489
60.0 -0.8839 0.034 0.2552 -0.833 0.075 0.2183 -0.8107 0.078 0.2174 -0.8095 0.0715 0.2243 -0.8078 0.0619 0.2342 -0.8048 0.0446 0.2522 -0.8344 0.0577 0.2358 -0.8256 0.0528 0.2417 -0.819 0.0452 0.2502 -0.8145 0.0348 0.2613 -0.8355 0.0449 0.2489
60.0 -0.8839 0.034 0.2552 -0.833 0.075 0.2183 -0.8107 0.078 0.2174 -0.8095 0.0715 0.2243 -0.8078 0.0619 0.2342 -0.8048 0.0446 0.2522 -0.8344 0.0577 0.2358 -0.8256 0.0528 0.2417 -0.819 0.0452 0.2502 -0.8145 0.0348 0.2613 -0.8355 0.0449 0.2489
60.0 -0.8839 0.034 0.2552 -0.833 0.075 0.2183 -0.8107 0.078 0.2174 -0.8095 0.0715 0.2243 -0.8078 0.0619 0.2342 -0.8048 0.0446 0.2522 -0.8344 0.0577 0.2358 -0.8256 0.0528 0.2417 -0.819 0.0452 0.2502 -0.8145 0.0348 0.2613 -0.8355 0.0449 0.2489
60.0 -0.8839 0.034 0.2552 -0.833 0.075 0.2183 -0.8107 0.078 0.2174 -0.8095 0.0715 0.2243 -0.8078 0.0619 0.2342 -0.8048 0.0446 0.2522 -0.8344 0.0577 0.2358 -0.8256 0.0528 0.2417 -0.819 0.0452 0.2502 -0.8145 0.0348 0.2613 -0.8355 0.0449 0.2489
60.0 -0.8839 0.034 0.2552 -0.833 0.075 0.2183 -0.8107 0.078 0.2174 -0.8095 0.0715 0.2243 -0.8078 0.0619 0.2342 -0.8048 0.0446 0.2522 -0.8344 0.0577 0.2358 -0.8256 0.0528 0.2417 -0.819 0.0452 0.2502 -0.8145 0.0348 0.2613 -0.8355 0.0449 0.2489
60.0 -0.8839 0.034 0.2552 -0.833 0.075 0.2183 -0.8107 0.078 0.2174 -0.8095 0.0715 0.2243 -0.8078 0.0619 0.2342 -0.8048 0.0446 0.2522 -0.8344 0.0577 0.2358 -0.8256 0.0528 0.2417 -0.819 0.0452 0.2502 -0.8145 0.0348 0.2613 -0.8355 0.0449 0.2489
60.0 -0.8839 0.034 0.2552 -0.833 0.075 0.2183 -0.8107 0.078 0.2174 -0.8095 0.0715 0.2243 -0.8078 0.0619 0.2342 -0.8048 0.0446 0.2522 -0.8344 0.0577 0.2358 -0.8256 0.0528 0.2417 -0.819 0.0452 0.2502 -0.8145 0.0348 0.2613 -0.8355 0.0449 0.2489
60.0 -0.8839 0.034 0.2552 -0.833 0.075 0.2183 -0.8107 0.078 0.2174 -0.8095 0.0715 0.2243 -0.8078 0.0619 0.2342 -0.8048 0.0446 0.2522 -0.8344 0.0577 0.2358 -0.8256 0.0528 0.2417 -0.819 0.0452 0.2502 -0.8145 0.0348 0.2613 -0.8355 0.0449 0.2489
60.0 -0.8839 0.034 0.2552 -0.833 0.075 0.2183 -0.8107 0.078 0.2174 -0.8095 0.0715 0.2243 -0.8078 0.0619 0.2342 -0.8048 0.0446 0.2522 -0.8344 0.0577 0.2358 -0.8256 0.0528 0.2417 -0.819 0.0452 0.2502 -0.8145 0.0348 0.2613 -0.8355 0.0449 0.2489
60.0 -0.8839 0.034 0.2552 -0.833 0.075 0.2183 -0.8107 0.078 0.2174 -0.8095 0.0715 0.2243 -0.8078 0.0619 0.2342 -0.8048 0.0446 0.2522 -0.8344 0.0577 0.2358 -0.8256 0.0528 0.2417 -0.819 0.0452 0.2502 -0.8145 0.0348 0.2613 -0.8355 0.0449 0.2489
60.0 -0.8839 0.034 0.2552 -0.833 0.075 0.2183 -0.8107 0.078 0.2174 -0.8095 0.0715 0.2243 -0.8078 0.0619 0.2342 -0.8048 0.0446 0.2522 -0.8344 0.0577 0.2358 -0.8256 0.0528 0.2417 -0.819 0.0452 0.2502 -0.8145 0.0348 0.2613 -0.8355 0.0449 0.2489
60.0 -0.8839 0.034 0.2552 -0.833 0.075 0.2183 -0.8107 0.078 0.2174 -0.8095 0.0715 0.2243 -0.8078 0.0619 0.2342 -0.8048 0.0446 0.2522 -0.8344 0.0577 0.2358 -0.8256 0.0528 0.2417 -0.819 0.0452 0.2502 -0.8145 0.0348 0.2613 -0.8355 0.0449 0.2489
60.0 -0.8839 0.034 0.2552 -0.833 0.075 0.2183 -0.8107 0.078 0.2174 -0.8095 0.0715 0.2243 -0.8078 0.0619 0.2342 -0.8048 0.0446 0.2522 -0.8344 0.0577 0.2358 -0.8256 0.0528 0.2417 -0.819 0.0452 0.2502 -0.8145 0.0348 0.2613 -0.8355 0.0449 0.2489
60.0 -0.8839 0.034 0.2552 -0.833 0.075 0.2183 -0.8107 0.078 0.2174 -0.8095 0.0715 0.2243 -0.8078 0.0619 0.2342 -0.8048 0.0446 0.2522 -0.8344 0.0577 0.2358 -0.8256 0.0528 0.2417 -0.819 0.0452 0.2502 -0.8145 0.0348 0.2613 -0.8355 0.0449 0.2489
60.0 -0.8839 0.034 0.2552 -0.833 0.075 0.2183 -0.8107 0.078 0.2174 -0.8095 0.0715 0.2243 -0.8078 0.0619 0.2342 -0.8048 0.0446 0.2522 -0.8344 0.0577 0.2358 -0.8256 0.0528 0.2417 -0.819 0.0452 0.2502 -0.8145 0.0348 0.2613 -0.8355 0.0449 0.2489
60.0 -0.8839 0.034 0.2552 -0.833 0.075 0.2183 -0.8107 0.078 0.2174 -0.8095 0.0715 0.2243 -0.8078 0.0619 0.2342 -0.8048 0.0446 0.2522 -0.8344 0.0577 0.2358 -0.8256 0.0528 0.2417 -0.819 0.0452 0.2502 -0.8145 0.0348 0.2613 -0.8355 0.0449 0.2489
60.0 -0.8839 0.034 0.2552 -0.833 0.075 0.2183 -0.8107 0.078 0.2174 -0.8095 0.0715 0.2243 -0.8078 0.0619 0.2342 -0.8048 0.0446 0.2522 -0.8344 0.0577 0.2358 -0.8256 0.0528 0.2417 -0.819 0.0452 0.2502 -0.8145 0.0348 0.2613 -0.8355 0.0449 0.2489
60.0 -0.8839 0.034 0.2552 -0.833 0.075 0.2183 -0.8107 0.078 0.2174 -0.8095 0.0715 0.2243 -0.8078 0.0619 0.2342 -0.8048 0.0446 0.2522 -0.8344 0.0577 0.2358 -0.8256 0.0528 0.2417 -0.819 0.0452 0.2502 -0.8145 0.0348 0.2613 -0.8355 0.0449 0.2489
60.0 -0.8839 0.034 0.2552 -0.833 0.075 0.2183 -0.8107 0.078 0.2174 -0.8095 0.0715 0.2243 -0.8078 0.0619 0.2342 -0.8048 0.0446 0.2522 -0.8344 0.0577 0.2358 -0.8256 0.0528 0.2417 -0.819 0.0452 0.2502 -0.8145 0.0348 0.2613 -0.8355 0.0449 0.2489
60.0 -0.8839 0.034 0.2552 -0.833 0.075 0.2183 -0.8107 0.078 0.2174 -0.8095 0.0715 0.2243 -0.8078 0.0619 0.2342 -0.8048 0.0446 0.2522 -0.8344 0.0577 0.2358 -0.8256 0.0528 0.2417 -0.819 0.0452 0.2502 -0.8145 0.0348 0.2613 -0.8355 0.0449 0.2489
60.0 -0.8839 0.034 0.2552 -0.833 0.075 0.2183 -0.8107 0.078 0.2174 -0.8095 0.0715 0.2243 -0.8078 0.0619 0.2342 -0.8048 0.0446 0.2522 -0.8344 0.0577 0.2358 -0.8256 0.0528 0.2417 -0.819 0.0452 0.2502 -0.8145 0.0348 0.2613 -0.8355 0.0449 0.2489
60.0 -0.8839 0.034 0.2552 -0.833 0.075 0.2183 -0.8107 0.078 0.2174 -0.8095 0.0715 0.2243 -0.8078 0.0619 0.2342 -0.8048 0.0446 0.2522 -0.8344 0.0577 0.2358 -0.8256 0.0528 0.2417 -0.819 0.0452 0.2502 -0.8145 0.0348 0.2613 -0.8355 0.0449 0.2489
60.0 -0.8839 0.034 0.2552 -0.833 0.075 0.2183 -0.8107 0.078 0.2174 -0.8095 0.0715 0.2243 -0.8078 0.0619 0.2342 -0.8048 0.0446 0.2522 -0.8344 0.0577 0.2358 -0.8256 0.0528 0.2417 -0.819 0.0452 0.2502 -0.8145 0.0348 0.2613 -0.8355 0.0449 0.2489
60.0 -0.8839 0.034 0.2552 -0.833 0.075 0.2183 -0.8107 0.078 0.2174 -0.8095 0.0715 0.2243 -0.8078 0.0619 0.2342 -0.8048 0.0446 0.2522 -0.8344 0.0577 0.2358 -0.8256 0.0528 0.2417 -0.819 0.0452 0.2502 -0.8145 0.0348 0.2613 -0.8355 0.0449 0.2489
60.0 -0.8839 0.034 0.2552 -0.833 0.075 0.2183 -0.8107 0.078 0.2174 -0.8095 0.0715 0.2243 -0.8078 0.0619 0.2342 -0.8048 0.0446 0.2522 -0.8344 0.0577 0.2358 -0.8256 0.0528 0.2417 -0.819 0.0452 0.2502 -0.8145 0.0348 0.2613 -0.8355 0.0449 0.2489
60.0 -0.8839 0.034 0.2552 -0.833 0.075 0.2183 -0.8107 0.078 0.2174 -0.8095 0.0715 0.2243 -0.8078 0.0619 0.2342 -0.8048 0.0446 0.2522 -0.8344 0.0577 0.2358 -0.8256 0.0528 0.2417 -0.819 0.0452 0.2502 -0.8145 0.0348 0.2613 -0.8355 0.0449 0.2489
60.0 -0.8839 0.034 0.2552 -0.833 0.075 0.2183 -0.8107 0.078 0.2174 -0.8095 0.0715 0.2243 -0.8078 0.0619 0.2342 -0.8048 0.0446 0.2522 -0.8344 0.0577 0.2358 -0.8256 0.0528 0.2417 -0.819 0.0452 0.2502 -0.8145 0.0348 0.2613 -0.8355 0.0449 0.2489
60.0 -0.8839 0.034 0.2552 -0.833 0.075 0.2183 -0.8107 0.078 0.2174 -0.8095 0.0715 0.2243 -0.8078 0.0619 0.2342 -0.8048 0.0446 0.2522 -0.8344 0.0577 0.2358 -0.8256 0.0528 0.2417 -0.819 0.0452 0.2502 -0.8145 0.0348 0.2613 -0.8355 0.0449 0.2489
60.0 -0.8839 0.034 0.2552 -0.833 0.075 0.2183 -0.8107 0.078 0.2174 -0.8095 0.0715 0.2243 -0.8078 0.0619 0.2342 -0.8048 0.0446 0.2522 -0.8344 0.0577 0.2358 -0.8256 0.0528 0.2417 -0.819 0.0452 0.2502 -0.8145 0.0348 0.2613 -0.8355 0.0449 0.2489
60.0 -0.8839 0.034 0.2552 -0.833 0.075 0.2183 -0.8107 0.078 0.2174 -0.8095 0.0715 0.2243 -0.8078 0.0619 0.2342 -0.8048 0.0446 0.2522 -0.8344 0.0577 0.2358 -0.8256 0.0528 0.2417 -0.819 0.0452 0.2502 -0.8145 0.0348 0.2613 -0.8355 0.0449 0.2489
60.0 -0.8839 0.034 0.2552 -0.833 0.075 0.2183 -0.8107 0.078 0.2174 -0.8095 0.0715 0.2243 -0.8078 0.0619 0.2342 -0.8048 0.0446 0.2522 -0.8344 0.0577 0.2358 -0.8256 0.0528 0.2417 -0.819 0.0452 0.2502 -0.8145 0.0348 0.2613 -0.8355 0.0449 0.2489
60.0 -0.8839 0.034 0.2552 -0.833 0.075 0.2183 -0.8107 0.078 0.2174 -0.8095 0.0715 0.2243 -0.8078 0.0619 0.2342 -0.8048 0.0446 0.2522 -0.8344 0.0577 0.2358 -0.8256 0.0528 0.2417 -0.819 0.0452 0.2502 -0.8145 0.0348 0.2613 -0.8355 0.0449 0.2489
60.0 -0.8839 0.034 0.2552 -0.833 0.075 0.2183 -0.8107 0.078 0.2174 -0.8095 0.0715 0.2243 -0.8078 0.0619 0.2342 -0.8048 0.0446 0.2522 -0.8344 0.0577 0.2358 -0.8256 0.0528 0.2417 -0.819 0.0452 0.2502 -0.8145 0.0348 0.2613 -0.8355 0.0449 0.2489
60.0 -0.8839 0.034 0.2552 -0.833 0.075 0.2183 -0.8107 0.078 0.2174 -0.8095 0.0715 0.2243 -0.8078 0.0619 0.2342 -0.8048 0.0446 0.2522 -0.8344 0.0577 0.2358 -0.8256 0.0528 0.2417 -0.819 0.0452 0.2502 -0.8145 0.0348 0.2613 -0.8355 0.0449 0.2489
60.0 -0.8839 0.034 0.2552 -0.833 0.075 0.2183 -0.8107 0.078 0.2174 -0.8095 0.0715 0.2243 -0.8078 0.0619 0.2342 -0.8048 0.0446 0.2522 -0.8344 0.0577 0.2358 -0.8256 0.0528 0.2417 -0.819 0.0452 0.2502 -0.8145 0.0348 0.2613 -0.8355 0.0449 0.2489
60.0 -0.8839 0.034 0.2552 -0.833 0.075 0.2183 -0.8107 0.078 0.2174 -0.8095 0.0715 0.2243 -0.8078 0.0619 0.2342 -0.8048 0.0446 0.2522 -0.8344 0.0577 0.2358 -0.8256 0.0528 0.2417 -0.819 0.0452 0.2502 -0.8145 0.0348 0.2613 -0.8355 0.0449 0.2489
60.0 -0.8839 0.034 0.2552 -0.833 0.075 0.2183 -0.8107 0.078 0.2174 -0.8095 0.0715 0.2243 -0.8078 0.0619 0.2342 -0.8048 0.0446 0.2522 -0.8344 0.0577 0.2358 -0.8256 0.0528 0.2417 -0.819 0.0452 0.2502 -0.8145 0.0348 0.2613 -0.8355 0.0449 0.2489
60.0 -0.8839 0.034 0.2552 -0.833 0.075 0.2183 -0.8107 0.078 0.2174 -0.8095 0.0715 0.2243 -0.8078 0.0619 0.2342 -0.8048 0.0446 0.2522 -0.8344 0.0577 0.2358 -0.8256 0.0528 0.2417 -0.819 0.0452 0.2502 -0.8145 0.0348 0.2613 -0.8355 0.0449 0.2489
60.0 -0.8839 0.034 0.2552 -0.833 0.075 0.2183 -0.8107 0.078 0.2174 -0.8095 0.0715 0.2243 -0.8078 0.0619 0.2342 -0.8048 0.0446 0.2522 -0.8344 0.0577 0.2358 -0.8256 0.0528 0.2417 -0.819 0.0452 0.2502 -0.8145 0.0348 0.2613 -0.8355 0.0449 0.2489
60.0 -0.8839 0.034 0.2552 -0.833 0.075 0.2183 -0.8107 0.078 0.2174 -0.8095 0.0715 0.2243 -0.8078 0.0619 0.2342 -0.8048 0.0446 0.2522 -0.8344 0.0577 0.2358 -0.8256 0.0528 0.2417 -0.819 0.0452 0.2502 -0.8145 0.0348 0.2613 -0.8355 0.0449 0.2489
60.0 -0.8839 0.034 0.2552 -0.833 0.075 0.2183 -0.8107 0.078 0.2174 -0.8095 0.0715 0.2243 -0.8078 0.0619 0.2342 -0.8048 0.0446 0.2522 -0.8344 0.0577 0.2358 -0.8256 0.0528 0.2417 -0.819 0.0452 0.2502 -0.8145 0.0348 0.2613 -0.8355 0.0449 0.2489
60.0 -0.8839 0.034 0.2552 -0.833 0.075 0.2183 -0.8107 0.078 0.2174 -0.8095 0.0715 0.2243 -0.8078 0.0619 0.2342 -0.8048 0.0446 0.2522 -0.8344 0.0577 0.2358 -0.8256 0.0528 0.2417 -0.819 0.0452 0.2502 -0.8145 0.0348 0.2613 -0.8355 0.0449 0.2489
60.0 -0.8839 0.034 0.2552 -0.833 0.075 0.2183 -0.8107 0.078 0.2174 -0.8095 0.0715 0.2243 -0.8078 0.0619 0.2342 -0.8048 0.0446 0.2522 -0.8344 0.0577 0.2358 -0.8256 0.0528 0.2417 -0.819 0.0452 0.2502 -0.8145 0.0348 0.2613 -0.8355 0.0449 0.2489
159.0 -0.8056 0.0494 0.2472 -0.8744 0.0303 0.2599 -0.861 0.0242 0.2675 -0.8533 0.0405 0.2516 -0.8251 0.0651 0.2292 -0.8121 0.0815 0.2137 -0.8059 0.0359 0.261 -0.8059 0.0506 0.246 -0.8083 0.0643 0.2317 -0.8105 0.0768 0.2187 -0.8072 0.0554 0.2409
159.0 -0.8056 0.0494 0.2472 -0.8744 0.0303 0.2599 -0.861 0.0242 0.2675 -0.8533 0.0405 0.2516 -0.8251 0.0651 0.2292 -0.8121 0.0815 0.2137 -0.8059 0.0359 0.261 -0.8059 0.0506 0.246 -0.8083 0.0643 0.2317 -0.8105 0.0768 0.2187 -0.8072 0.0554 0.2409
159.0 -0.8056 0.0494 0.2472 -0.8744 0.0303 0.2599 -0.861 0.0242 0.2675 -0.8533 0.0405 0.2516 -0.8251 0.0651 0.2292 -0.8121 0.0815 0.2137 -0.8059 0.0359 0.261 -0.8059 0.0506 0.246 -0.8083 0.0643 0.2317 -0.8105 0.0768 0.2187 -0.8072 0.0554 0.2409
159.0 -0.8056 0.0494 0.2472 -0.8744 0.0303 0.2599 -0.861 0.0242 0.2675 -0.8533 0.0405 0.2516 -0.8251 0.0651 0.2292 -0.8121 0.0815 0.2137 -0.8059 0.0359 0.261 -0.8059 0.0506 0.246 -0.8083 0.0643 0.2317 -0.8105 0.0768 0.2187 -0.8072 0.0554 0.2409
159.0 -0.8056 0.0494 0.2472 -0.8744 0.0303 0.2599 -0.861 0.0242 0.2675 -0.8533 0.0405 0.2516 -0.8251 0.0651 0.2292 -0.8121 0.0815 0.2137 -0.8059 0.0359 0.261 -0.8059 0.0506 0.246 -0.8083 0.0643 0.2317 -0.8105 0.0768 0.2187 -0.8072 0.0554 0.2409
159.0 -0.8056 0.0494 0.2472 -0.8744 0.0303 0.2599 -0.861 0.0242 0.2675 -0.8533 0.0405 0.2516 -0.8251 0.0651 0.2292 -0.8121 0.0815 0.2137 -0.8059 0.0359 0.261 -0.8059 0.0506 0.246 -0.8083 0.0643 0.2317 -0.8105 0.0768 0.2187 -0.8072 0.0554 0.2409
159.0 -0.8056 0.0494 0.2472 -0.8744 0.0303 0.2599 -0.861 0.0242 0.2675 -0.8533 0.0405 0.2516 -0.8251 0.0651 0.2292 -0.8121 0.0815 0.2137 -0.8059 0.0359 0.261 -0.8059 0.0506 0.246 -0.8083 0.0643 0.2317 -0.8105 0.0768 0.2187 -0.8072 0.0554 0.2409
159.0 -0.8056 0.0494 0.2472 -0.8744 0.0303 0.2599 -0.861 0.0242 0.2675 -0.8533 0.0405 0.2516 -0.8251 0.0651 0.2292 -0.8121 0.0815 0.2137 -0.8059 0.0359 0.261 -0.8059 0.0506 0.246 -0.8083 0.0643 0.2317 -0.8105 0.0768 0.2187 -0.8072 0.0554 0.2409
159.0 -0.8056 0.0494 0.2472 -0.8744 0.0303 0.2599 -0.861 0.0242 0.2675 -0.8533 0.0405 0.2516 -0.8251 0.0651 0.2292 -0.8121 0.0815 0.2137 -0.8059 0.0359 0.261 -0.8059 0.0506 0.246 -0.8083 0.0643 0.2317 -0.8105 0.0768 0.2187 -0.8072 0.0554 0.2409
159.0 -0.8056 0.0494 0.2472 -0.8744 0.0303 0.2599 -0.861 0.0242 0.2675 -0.8533 0.0405 0.2516 -0.8251 0.0651 0.2292 -0.8121 0.0815 0.2137 -0.8059 0.0359 0.261 -0.8059 0.0506 0.246 -0.8083 0.0643 0.2317 -0.8105 0.0768 0.2187 -0.8072 0.0554 0.2409
159.0 -0.8056 0.0494 0.2472 -0.8744 0.0303 0.2599 -0.861 0.0242 0.2675 -0.8533 0.0405 0.2516 -0.8251 0.0651 0.2292 -0.8121 0.0815 0.2137 -0.8059 0.0359 0.261 -0.8059 0.0506 0.246 -0.8083 0.0643 0.2317 -0.8105 0.0768 0.2187 -0.8072 0.0554 0.2409
159.0 -0.8056 0.0494 0.2472 -0.8744 0.0303 0.2599 -0.861 0.0242 0.2675 -0.8533 0.0405 0.2516 -0.8251 0.0651 0.2292 -0.8121 0.0815 0.2137 -0.8059 0.0359 0.261 -0.8059 0.0506 0.246 -0.8083 0.0643 0.2317 -0.8105 0.0768 0.2187 -0.8072 0.0554 0.2409
159.0 -0.8056 0.0494 0.2472 -0.8744 0.0303 0.2599 -0.861 0.0242 0.2675 -0.8533 0.0405 0.2516 -0.8251 0.0651 0.2292 -0.8121 0.0815 0.2137 -0.8059 0.0359 0.261 -0.8059 0.0506 0.246 -0.8083 0.0643 0.2317 -0.8105 0.0768 0.2187 -0.8072 0.0554 0.2409
172.0 -0.8751 0.0193 0.2711 -0.8152 0.0787 0.2164 -0.8161 0.0688 0.2264 -0.8086 0.0661 0.2298 -0.807 0.0572 0.2392 -0.8043 0.0416 0.2553 -0.8142 0.0531 0.2426 -0.8052 0.047 0.2497 -0.8037 0.0381 0.259 -0.8018 0.0273 0.2702 -0.82 0.037 0.2585
173.0 -0.8856 0.0185 0.2709 -0.8199 0.0756 0.219 -0.8216 0.065 0.2297 -0.8162 0.0596 0.2358 -0.8071 0.0529 0.2435 -0.8043 0.0416 0.2553 -0.8217 0.0509 0.2441 -0.8112 0.0462 0.2499 -0.8038 0.0387 0.2584 -0.8018 0.0273 0.2702 -0.8248 0.0363 0.2587
174.0 -0.889 0.018 0.2711 -0.8274 0.0733 0.2206 -0.831 0.0588 0.2351 -0.8212 0.0577 0.2372 -0.8103 0.0506 0.2455 -0.8037 0.0381 0.259 -0.8304 0.0503 0.2438 -0.8173 0.0454 0.2502 -0.8045 0.0379 0.259 -0.8016 0.0261 0.2714 -0.8286 0.0356 0.2591
175.0 -0.8901 0.0191 0.2698 -0.8467 0.0677 0.2245 -0.8351 0.0619 0.2315 -0.8226 0.0606 0.2341 -0.8135 0.0538 0.2419 -0.8048 0.0446 0.2522 -0.8409 0.0495 0.2436 -0.8266 0.0435 0.2512 -0.8155 0.0352 0.2607 -0.8074 0.0241 0.2729 -0.8361 0.0343 0.2596
176.0 -0.8946 0.0197 0.2688 -0.835 0.0711 0.2221 -0.8163 0.07 0.2251 -0.8141 0.0623 0.2332 -0.809 0.0532 0.243 -0.8039 0.0393 0.2578 -0.8377 0.0518 0.2416 -0.8268 0.0447 0.2499 -0.8189 0.0348 0.2608 -0.8125 0.0234 0.2731 -0.8381 0.0349 0.2588
177.0 -0.9542 0.0184 0.2642 -0.8384 0.0358 0.2579 -0.8289 0.0566 0.2375 -0.8364 0.0691 0.2241 -0.8515 0.075 0.2165 -0.8791 0.0719 0.217 -0.8762 0.0301 0.2599 -0.8856 0.0386 0.2503 -0.8982 0.0455 0.2421 -0.9141 0.0506 0.2352 -0.9056 0.0366 0.2503
178.0 -0.9772 0.0195 0.2607 -0.8509 0.0366 0.2558 -0.8435 0.0547 0.2381 -0.8491 0.0667 0.2252 -0.862 0.0748 0.2157 -0.8923 0.0719 0.2156 -0.8936 0.029 0.2594 -0.903 0.0375 0.2497 -0.9157 0.0449 0.2409 -0.9307 0.0502 0.234 -0.924 0.0362 0.2489
179.0 -0.9822 0.0225 0.2572 -0.865 0.0365 0.2545 -0.8563 0.0523 0.2392 -0.8605 0.0664 0.2244 -0.8742 0.0743 0.2149 -0.903 0.0729 0.2135 -0.906 0.0297 0.2574 -0.9139 0.0397 0.2464 -0.925 0.0479 0.2369 -0.9393 0.054 0.2293 -0.9333 0.0388 0.2454
180.0 -0.9963 0.0231 0.2552 -0.8801 0.0375 0.252 -0.8697 0.0536 0.2366 -0.8751 0.0645 0.2249 -0.89 0.0741 0.2136 -0.9136 0.0733 0.2121 -0.9226 0.0293 0.2561 -0.9315 0.0397 0.2446 -0.9427 0.0486 0.2344 -0.9544 0.055 0.2268 -0.9495 0.0391 0.2434
181.0 -1.0105 0.0236 0.2533 -0.8918 0.039 0.2493 -0.8879 0.0517 0.2367 -0.8922 0.0615 0.2262 -0.9033 0.0698 0.2167 -0.9207 0.0736 0.2111 -0.9388 0.0314 0.2524 -0.9478 0.0424 0.2402 -0.9581 0.0508 0.2306 -0.969 0.0579 0.2223 -0.9648 0.0412 0.2398
182.0 -1.0317 0.0244 0.2504 -0.9113 0.04 0.2463 -0.903 0.0528 0.2341 -0.9089 0.0611 0.225 -0.9192 0.0701 0.2148 -0.9384 0.0742 0.2086 -0.9557 0.0322 0.2499 -0.9637 0.0427 0.2384 -0.973 0.0506 0.2293 -0.9837 0.0565 0.2223 -0.9816 0.0413 0.238
183.0 -1.0463 0.0273 0.2459 -0.9322 0.0384 0.2459 -0.921 0.0503 0.2348 -0.9268 0.0581 0.2263 -0.9356 0.0679 0.2154 -0.952 0.0712 0.2104 -0.9688 0.0317 0.2492 -0.975 0.0418 0.2382 -0.9834 0.0498 0.2291 -0.9951 0.0562 0.2215 -0.9937 0.0414 0.2368
184.0 -1.0501 0.0286 0.2442 -0.9414 0.0409 0.2425 -0.9357 0.0538 0.2298 -0.9463 0.0591 0.2233 -0.9564 0.0663 0.215 -0.9654 0.0724 0.2078 -0.9829 0.0371 0.2422 -0.9926 0.0468 0.2314 -1.0019 0.0547 0.2223 -1.0125 0.06 0.2159 -1.008 0.0454 0.2312
185.0 -1.0615 0.0283 0.2434 -0.9618 0.0418 0.2395 -0.9558 0.053 0.2287 -0.9589 0.0605 0.2207 -0.9697 0.067 0.213 -0.9853 0.0704 0.208 -0.9985 0.0356 0.2422 -1.0062 0.0443 0.2325 -1.0163 0.0515 0.2242 -1.027 0.0574 0.2171 -1.0219 0.0434 0.2319
186.0 -1.0718 0.0373 0.2332 -0.9788 0.0437 0.2358 -0.9726 0.0482 0.2318 -0.9756 0.0552 0.2244 -0.9805 0.0631 0.2159 -0.9885 0.0687 0.2093 -1.0198 0.0364 0.2393 -1.0238 0.0493 0.2257 -1.0272 0.0586 0.2158 -1.0303 0.0661 0.2078 -1.0346 0.0495 0.2244
187.0 -1.0882 0.0351 0.2338 -0.9918 0.0475 0.2307 -0.9909 0.0525 0.2257 -0.9966 0.0597 0.2178 -1.004 0.0666 0.2099 -1.0133 0.0696 0.2059 -1.0256 0.0393 0.2358 -1.0335 0.0492 0.2248 -1.0418 0.0566 0.2164 -1.0505 0.0609 0.2111 -1.0479 0.0482 0.2244
188.0 -1.106 0.0363 0.2308 -1.008 0.0447 0.232 -1.0064 0.0455 0.2313 -1.0082 0.0557 0.2207 -1.0142 0.0646 0.211 -1.0229 0.0695 0.2051 -1.0483 0.0386 0.2341 -1.0528 0.049 0.2231 -1.0586 0.0574 0.2139 -1.0649 0.0633 0.2073 -1.0661 0.0489 0.2218
189.0 -1.1209 0.0362 0.2295 -1.0261 0.0471 0.2277 -1.018 0.0513 0.2242 -1.0211 0.0588 0.2162 -1.0295 0.0668 0.2072 -1.041 0.072 0.2008 -1.0584 0.0409 0.2308 -1.0645 0.0505 0.2204 -1.0721 0.0586 0.2113 -1.0801 0.0643 0.2048 -1.0792 0.0501 0.2193
190.0 -1.1337 0.0387 0.2256 -1.0407 0.0507 0.2226 -1.0373 0.056 0.2175 -1.0444 0.0618 0.2109 -1.0515 0.0669 0.2049 -1.0586 0.0721 0.1989 -1.076 0.0361 0.234 -1.0821 0.0457 0.2236 -1.0881 0.0546 0.2138 -1.0954 0.0616 0.206 -1.0951 0.0473 0.2206
191.0 -1.1549 0.0346 0.2277 -1.0645 0.0407 0.2304 -1.051 0.0541 0.218 -1.0568 0.0619 0.2095 -1.0669 0.0691 0.2011 -1.0806 0.0721 0.1967 -1.0898 0.0391 0.2295 -1.0958 0.0487 0.2191 -1.105 0.056 0.2107 -1.1156 0.0613 0.2043 -1.1122 0.048 0.2183
192.0 -1.1665 0.0355 0.2256 -1.0737 0.0431 0.227 -1.0643 0.0548 0.216 -1.0726 0.0616 0.2082 -1.0808 0.0685 0.2004 -1.0941 0.074 0.1934 -1.1046 0.0384 0.2288 -1.1116 0.0484 0.2179 -1.1199 0.0558 0.2094 -1.1289 0.062 0.2023 -1.1263 0.048 0.2168
193.0 -1.1763 0.036 0.2241 -1.0882 0.0406 0.2282 -1.0788 0.0522 0.2172 -1.0836 0.0595 0.2093 -1.0921 0.0675 0.2002 -1.1069 0.0717 0.1946 -1.1195 0.0382 0.2275 -1.1248 0.0485 0.2165 -1.1314 0.0561 0.208 -1.1395 0.0618 0.2014 -1.1383 0.0481 0.2155
194.0 -1.1918 0.0339 0.2247 -1.103 0.0392 0.2281 -1.0926 0.0504 0.2177 -1.0964 0.0572 0.2104 -1.1057 0.0651 0.2014 -1.1196 0.0687 0.1963 -1.1345 0.0337 0.2306 -1.1389 0.0435 0.2202 -1.1456 0.0518 0.2111 -1.1538 0.058 0.2039 -1.1529 0.0442 0.2181
195.0 -1.2039 0.0329 0.2246 -1.1169 0.0385 0.2274 -1.1073 0.049 0.2177 -1.1103 0.0559 0.2103 -1.1179 0.0641 0.2012 -1.1318 0.0683 0.1955 -1.1458 0.0328 0.2304 -1.1502 0.0426 0.22 -1.1568 0.0503 0.2115 -1.165 0.0571 0.2037 -1.1643 0.0431 0.218
196.0 -1.2179 0.0322 0.2238 -1.1303 0.0398 0.2248 -1.1205 0.049 0.2163 -1.1252 0.0557 0.209 -1.1319 0.064 0.1999 -1.1449 0.0677 0.1948 -1.1563 0.0326 0.2296 -1.1607 0.0424 0.2191 -1.1683 0.0505 0.2101 -1.1774 0.0572 0.2023 -1.1761 0.043 0.217
197.0 -1.2253 0.0343 0.221 -1.1404 0.0372 0.2265 -1.1303 0.0496 0.2148 -1.1341 0.0564 0.2075 -1.1415 0.0633 0.1997 -1.1535 0.0666 0.1951 -1.1679 0.0335 0.2275 -1.1715 0.044 0.2164 -1.1783 0.0522 0.2073 -1.1856 0.0592 0.1995 -1.1857 0.0446 0.2144
198.0 -1.2367 0.0346 0.2196 -1.1529 0.038 0.2245 -1.144 0.0477 0.2154 -1.146 0.0541 0.2086 -1.1545 0.0622 0.1995 -1.1668 0.0672 0.1931 -1.1785 0.0333 0.2267 -1.1821 0.0438 0.2156 -1.1888 0.052 0.2065 -1.1979 0.0588 0.1987 -1.1968 0.0445 0.2134
199.0 -1.2458 0.0358 0.2174 -1.159 0.0426 0.2191 -1.1527 0.052 0.2101 -1.1589 0.0573 0.2041 -1.1654 0.0644 0.1962 -1.175 0.0686 0.191 -1.1895 0.0361 0.2227 -1.1932 0.0472 0.211 -1.1999 0.0554 0.2019 -1.2073 0.0624 0.1941 -1.2071 0.0474 0.2094
200.0 -1.2573 0.0367 0.2154 -1.1704 0.0423 0.2183 -1.1633 0.0524 0.2086 -1.1679 0.0585 0.2019 -1.1764 0.0665 0.1929 -1.1903 0.0708 0.1872 -1.1968 0.0375 0.2205 -1.202 0.0472 0.2101 -1.2094 0.0542 0.2023 -1.2192 0.0602 0.1952 -1.2169 0.0471 0.2087
201.0 -1.2617 0.0367 0.2149 -1.181 0.0427 0.2168 -1.1734 0.0547 0.2053 -1.1776 0.0633 0.1961 -1.1874 0.0693 0.1889 -1.201 0.0718 0.1851 -1.2066 0.038 0.219 -1.2108 0.0472 0.2092 -1.219 0.0541 0.2014 -1.2289 0.0601 0.1943 -1.2254 0.0472 0.2078
202.0 -1.2678 0.0414 0.2095 -1.1897 0.0422 0.2165 -1.1815 0.0555 0.2037 -1.1831 0.065 0.1938 -1.196 0.0731 0.1843 -1.2105 0.0754 0.1805 -1.2128 0.0384 0.218 -1.2171 0.0482 0.2076 -1.2238 0.0559 0.1991 -1.2336 0.0619 0.192 -1.231 0.0492 0.2052
203.0 -1.272 0.0451 0.2053 -1.1956 0.0456 0.2124 -1.1893 0.0599 0.1984 -1.1945 0.0696 0.188 -1.2078 0.0751 0.181 -1.2188 0.0779 0.177 -1.2178 0.042 0.2139 -1.2222 0.0518 0.2034 -1.2296 0.0594 0.195 -1.2386 0.0655 0.1878 -1.2361 0.0527 0.2011
204.0 -1.2751 0.0477 0.2023 -1.2046 0.0469 0.2102 -1.1938 0.0654 0.1923 -1.1995 0.0732 0.1838 -1.2137 0.0786 0.1768 -1.228 0.0803 0.1737 -1.223 0.0468 0.2084 -1.2282 0.0559 0.1986 -1.2364 0.0627 0.1908 -1.2469 0.0674 0.185 -1.2419 0.0561 0.1971
205.0 -1.2788 0.0485 0.2012 -1.2107 0.0466 0.2098 -1.1992 0.0665 0.1906 -1.2033 0.0745 0.1821 -1.2193 0.0809 0.1739 -1.2331 0.0839 0.1695 -1.2286 0.0485 0.2062 -1.2337 0.0576 0.1964 -1.242 0.0644 0.1886 -1.2517 0.0698 0.1821 -1.247 0.0578 0.1949
206.0 -1.2812 0.0475 0.2019 -1.2114 0.0508 0.2055 -1.2022 0.0686 0.1883 -1.208 0.0763 0.1797 -1.2213 0.0819 0.1728 -1.2366 0.0841 0.169 -1.2341 0.0496 0.2045 -1.24 0.058 0.1954 -1.2482 0.0648 0.1876 -1.2588 0.0701 0.1811 -1.2525 0.058 0.1941
207.0 -1.2795 0.0477 0.2019 -1.2113 0.0551 0.2011 -1.2045 0.0713 0.1852 -1.2129 0.0793 0.1762 -1.2244 0.0845 0.1698 -1.2387 0.0856 0.1672 -1.2345 0.052 0.202 -1.2411 0.0596 0.1935 -1.251 0.0656 0.1864 -1.2616 0.0709 0.18 -1.2535 0.0592 0.1928
208.0 -1.2788 0.0485 0.2012 -1.2132 0.0561 0.1999 -1.2064 0.0723 0.1841 -1.2142 0.0816 0.1737 -1.2247 0.0863 0.1679 -1.2398 0.0873 0.1654 -1.2362 0.0517 0.2021 -1.243 0.06 0.193 -1.252 0.0667 0.1852 -1.2634 0.0713 0.1794 -1.2547 0.0596 0.1922
209.0 -1.2805 0.0482 0.2013 -1.2115 0.0563 0.1999 -1.2065 0.0729 0.1834 -1.2116 0.0819 0.1736 -1.2239 0.087 0.1673 -1.2389 0.0868 0.166 -1.2354 0.0519 0.202 -1.2421 0.0601 0.1929 -1.2511 0.0662 0.1858 -1.2624 0.0708 0.18 -1.2543 0.0594 0.1924
210.0 -1.2811 0.0469 0.2026 -1.2065 0.0527 0.204 -1.2009 0.0712 0.1857 -1.205 0.0792 0.1771 -1.2182 0.0841 0.1708 -1.2341 0.085 0.1683 -1.2315 0.0499 0.2044 -1.2382 0.0582 0.1953 -1.2472 0.0643 0.1881 -1.2587 0.0695 0.1817 -1.2514 0.0578 0.1944
211.0 -1.2811 0.0469 0.2026 -1.2064 0.0521 0.2047 -1.2006 0.0694 0.1876 -1.2047 0.0774 0.179 -1.2171 0.083 0.172 -1.2332 0.0845 0.1689 -1.2321 0.048 0.2063 -1.2379 0.0564 0.1971 -1.2462 0.0632 0.1893 -1.2577 0.069 0.1823 -1.251 0.0567 0.1955
212.0 -1.282 0.0468 0.2026 -1.2054 0.0516 0.2053 -1.2005 0.0688 0.1882 -1.2048 0.078 0.1784 -1.2179 0.0829 0.172 -1.2331 0.0839 0.1695 -1.232 0.0474 0.2069 -1.2378 0.0558 0.1978 -1.2462 0.0632 0.1893 -1.2568 0.0685 0.1829 -1.2509 0.0564 0.1959
213.0 -1.2809 0.0457 0.2038 -1.2045 0.0512 0.2058 -1.1999 0.0701 0.1869 -1.2048 0.078 0.1784 -1.2163 0.0838 0.1713 -1.2323 0.0846 0.1688 -1.2294 0.0478 0.2068 -1.2361 0.056 0.1977 -1.2452 0.0628 0.1899 -1.2568 0.0685 0.1829 -1.2497 0.0562 0.1962
214.0 -1.2793 0.0465 0.2031 -1.206 0.0497 0.2071 -1.1985 0.0672 0.19 -1.2028 0.077 0.1795 -1.2145 0.0834 0.1719 -1.2306 0.0849 0.1688 -1.2283 0.0467 0.208 -1.2342 0.0551 0.1989 -1.2434 0.0624 0.1905 -1.2549 0.0682 0.1834 -1.248 0.0558 0.1968
215.0 -1.2801 0.0458 0.2038 -1.2042 0.05 0.2071 -1.1988 0.069 0.1881 -1.2038 0.0775 0.179 -1.2144 0.0828 0.1725 -1.2304 0.0837 0.17 -1.2292 0.0466 0.208 -1.2351 0.0556 0.1983 -1.2434 0.0624 0.1905 -1.2549 0.0682 0.1834 -1.2485 0.0557 0.1968
216.0 -1.2797 0.044 0.2056 -1.2033 0.0495 0.2077 -1.1976 0.0673 0.19 -1.2009 0.0761 0.1807 -1.2134 0.0823 0.1731 -1.2294 0.0832 0.1706 -1.2281 0.0455 0.2093 -1.234 0.0539 0.2001 -1.2431 0.0606 0.1923 -1.2546 0.0664 0.1853 -1.2479 0.0541 0.1985
217.0 -1.2825 0.0449 0.2045 -1.2029 0.0471 0.2102 -1.1967 0.0669 0.1905 -1.2018 0.0759 0.1808 -1.2124 0.0812 0.1743 -1.2285 0.0827 0.1712 -1.2271 0.045 0.2098 -1.2331 0.054 0.2001 -1.2413 0.0608 0.1923 -1.2538 0.0665 0.1853 -1.2476 0.0542 0.1984
218.0 -1.2808 0.0451 0.2044 -1.2017 0.0454 0.212 -1.1955 0.0652 0.1924 -1.1999 0.0756 0.1813 -1.2104 0.0803 0.1755 -1.2266 0.0824 0.1717 -1.2269 0.0438 0.2111 -1.2319 0.0523 0.2019 -1.2403 0.0598 0.1935 -1.2518 0.0655 0.1864 -1.2464 0.0533 0.1995
219.0 -1.2794 0.0423 0.2075 -1.2015 0.0442 0.2132 -1.1926 0.0637 0.1941 -1.1964 0.0754 0.1818 -1.206 0.0803 0.1759 -1.2246 0.0808 0.1735 -1.224 0.0424 0.2128 -1.229 0.0509 0.2037 -1.2373 0.0577 0.1959 -1.2498 0.064 0.1882 -1.2439 0.0514 0.2016
220.0 -1.2776 0.0419 0.2081 -1.1996 0.0433 0.2144 -1.188 0.0625 0.1958 -1.1899 0.0733 0.1847 -1.2016 0.0802 0.1764 -1.2201 0.0802 0.1746 -1.2212 0.0416 0.214 -1.2264 0.0506 0.2042 -1.2355 0.0574 0.1964 -1.248 0.0636 0.1888 -1.2417 0.051 0.2023
221.0 -1.2767 0.042 0.208 -1.1982 0.0404 0.2175 -1.1851 0.0611 0.1976 -1.1872 0.073 0.1852 -1.1981 0.0801 0.1769 -1.2173 0.0793 0.1757 -1.2208 0.0392 0.2165 -1.2259 0.0483 0.2067 -1.2343 0.0557 0.1983 -1.2461 0.0626 0.19 -1.2408 0.0495 0.2039
222.0 -1.2774 0.0407 0.2093 -1.1966 0.0363 0.2218 -1.1814 0.0604 0.1987 -1.1818 0.0725 0.1862 -1.1927 0.0796 0.1779 -1.2137 0.0786 0.1768 -1.219 0.0388 0.217 -1.2233 0.048 0.2072 -1.2317 0.056 0.1982 -1.2434 0.0624 0.1905 -1.2389 0.0492 0.2044
223.0 -1.278 0.0394 0.2106 -1.1938 0.0355 0.2229 -1.1768 0.0592 0.2004 -1.1773 0.0719 0.1873 -1.1899 0.0788 0.179 -1.21 0.0779 0.178 -1.2179 0.0377 0.2182 -1.2222 0.0469 0.2084 -1.2306 0.0549 0.1994 -1.2414 0.0614 0.1917 -1.2381 0.0481 0.2056
224.0 -1.2779 0.0388 0.2112 -1.1925 0.0332 0.2254 -1.1739 0.0577 0.2022 -1.1737 0.0712 0.1884 -1.1853 0.0776 0.1807 -1.2055 0.0773 0.179 -1.216 0.0368 0.2194 -1.2204 0.0466 0.209 -1.2278 0.0541 0.2005 -1.2388 0.0612 0.1922 -1.2362 0.0475 0.2064
225.0 -1.2743 0.0381 0.2123 -1.1914 0.0321 0.2266 -1.172 0.0568 0.2033 -1.1726 0.0701 0.1896 -1.1844 0.0771 0.1813 -1.2046 0.0768 0.1796 -1.2148 0.0351 0.2212 -1.2192 0.0449 0.2108 -1.2268 0.053 0.2017 -1.2377 0.0601 0.1934 -1.2346 0.0462 0.2079
226.0 -1.2751 0.0373 0.2129 -1.1895 0.0312 0.2277 -1.1702 0.0564 0.2039 -1.1698 0.0693 0.1908 -1.1817 0.0768 0.1819 -1.2027 0.0764 0.1802 -1.2139 0.0346 0.2218 -1.2182 0.0444 0.2114 -1.2266 0.0518 0.203 -1.2375 0.0589 0.1946 -1.2342 0.0454 0.2087
227.0 -1.2749 0.0367 0.2136 -1.1903 0.0305 0.2284 -1.1709 0.0557 0.2045 -1.1687 0.0682 0.192 -1.1806 0.0757 0.1831 -1.2017 0.0753 0.1814 -1.2139 0.0346 0.2218 -1.2181 0.0438 0.212 -1.2266 0.0518 0.203 -1.2374 0.0583 0.1953 -1.2342 0.0451 0.2091
228.0 -1.2758 0.0366 0.2136 -1.19 0.0287 0.2303 -1.169 0.0547 0.2057 -1.1679 0.0683 0.1919 -1.1798 0.0759 0.183 -1.2 0.0762 0.1807 -1.2136 0.0328 0.2237 -1.218 0.0432 0.2126 -1.2256 0.0513 0.2035 -1.2357 0.0585 0.1952 -1.2337 0.0445 0.2097
