





















































55.0 -1.215 0.1517 0.102 -1.2 0.166 0.0889 -1.2004 0.1586 0.0964 -1.1967 0.1524 0.1031 -1.2009 0.1463 0.1089 -1.2125 0.1374 0.1168 -1.2057 0.1585 0.096 -1.2101 0.1487 0.1055 -1.2139 0.1403 0.1138 -1.218 0.1336 0.1202 -1.2126 0.1466 0.1075
55.0 -1.215 0.1517 0.102 -1.2 0.166 0.0889 -1.2004 0.1586 0.0964 -1.1967 0.1524 0.1031 -1.2009 0.1463 0.1089 -1.2125 0.1374 0.1168 -1.2057 0.1585 0.096 -1.2101 0.1487 0.1055 -1.2139 0.1403 0.1138 -1.218 0.1336 0.1202 -1.2126 0.1466 0.1075
57.0 -1.2368 0.125 0.1272 -1.1796 0.1302 0.1274 -1.1746 0.1468 0.111 -1.1835 0.1523 0.1045 -1.2092 0.1482 0.1061 -1.2197 0.1529 0.1003 -1.1793 0.1382 0.1193 -1.1862 0.1477 0.109 -1.1969 0.1536 0.1019 -1.2107 0.1572 0.0968 -1.202 0.1443 0.1108
58.0 -1.2264 0.1264 0.1268 -1.1583 0.1289 0.131 -1.1622 0.1411 0.118 -1.1695 0.1481 0.1102 -1.1953 0.1446 0.1112 -1.2066 0.1486 0.106 -1.1583 0.1343 0.1254 -1.1646 0.1451 0.1137 -1.1756 0.1528 0.1048 -1.1897 0.1576 0.0985 -1.1829 0.1432 0.1138
59.0 -1.2164 0.1192 0.1351 -1.141 0.1306 0.1309 -1.1397 0.1387 0.1228 -1.1484 0.143 0.1175 -1.1642 0.1427 0.1162 -1.1763 0.1466 0.1111 -1.1453 0.13 0.1311 -1.1521 0.1388 0.1214 -1.162 0.1454 0.1136 -1.1751 0.1498 0.1079 -1.1702 0.1366 0.1218
60.0 -1.1938 0.121 0.1355 -1.1256 0.1235 0.1397 -1.1256 0.1333 0.1297 -1.1319 0.1391 0.1231 -1.1409 0.1404 0.1209 -1.1488 0.1454 0.115 -1.1254 0.1272 0.136 -1.129 0.1377 0.1249 -1.1355 0.1447 0.117 -1.1459 0.1488 0.1118 -1.1459 0.1359 0.125
61.0 -1.1744 0.1157 0.1428 -1.1225 0.1459 0.1171 -1.1104 0.142 0.1223 -1.1123 0.1375 0.1267 -1.1146 0.1305 0.1337 -1.1158 0.1224 0.1418 -1.1151 0.1383 0.1256 -1.1106 0.1328 0.1316 -1.1111 0.126 0.1385 -1.1158 0.1175 0.1468 -1.1254 0.1261 0.1371
62.0 -1.1619 0.1143 0.1455 -1.1168 0.1485 0.115 -1.092 0.1421 0.124 -1.0917 0.1354 0.1309 -1.0909 0.1257 0.1409 -1.0943 0.1155 0.151 -1.1042 0.1368 0.1283 -1.0994 0.1295 0.1362 -1.0998 0.1215 0.1443 -1.1041 0.1111 0.1545 -1.1139 0.1226 0.1418
63.0 -1.1476 0.1132 0.1481 -1.0838 0.1358 0.1312 -1.0596 0.1379 0.1315 -1.0583 0.1356 0.134 -1.0625 0.1296 0.1398 -1.0725 0.1215 0.147 -1.087 0.1287 0.1382 -1.0865 0.1257 0.1413 -1.091 0.1214 0.1452 -1.0997 0.116 0.1499 -1.1023 0.121 0.1446
64.0 -1.1311 0.1093 0.1537 -1.0533 0.1223 0.1481 -1.0439 0.1339 0.1372 -1.0421 0.1286 0.1427 -1.0451 0.1209 0.1503 -1.0519 0.109 0.1618 -1.0691 0.1268 0.1419 -1.0674 0.1222 0.1468 -1.0696 0.1152 0.1538 -1.0761 0.107 0.1615 -1.0827 0.1161 0.1515
65.0 -1.1119 0.1052 0.1598 -1.0286 0.1067 0.1665 -1.0303 0.1217 0.151 -1.0386 0.1285 0.1432 -1.053 0.1308 0.1394 -1.0662 0.1358 0.133 -1.0368 0.1135 0.1588 -1.0439 0.1241 0.1472 -1.0549 0.1312 0.1388 -1.069 0.1366 0.1319 -1.0633 0.1221 0.1473
66.0 -1.0933 0.1046 0.1622 -1.0114 0.1041 0.1709 -1.0177 0.1197 0.1543 -1.0265 0.1253 0.1477 -1.0445 0.1271 0.1441 -1.0568 0.1322 0.1377 -1.0148 0.1134 0.161 -1.0219 0.124 0.1494 -1.0338 0.1316 0.1405 -1.0487 0.1363 0.1342 -1.0425 0.122 0.1495
67.0 -1.0737 0.103 0.1658 -1.0135 0.1313 0.1429 -0.9956 0.1294 0.1465 -0.9936 0.123 0.1533 -0.9947 0.1143 0.1621 -0.9961 0.1019 0.1747 -1.0093 0.1221 0.1527 -1.0054 0.1153 0.16 -1.0076 0.1076 0.1676 -1.0156 0.098 0.1767 -1.0223 0.1092 0.1646
68.0 -1.0618 0.1003 0.1697 -0.9873 0.1171 0.16 -0.9586 0.124 0.1557 -0.9558 0.1232 0.1569 -0.9617 0.1169 0.1627 -0.9769 0.1081 0.1702 -0.9969 0.1115 0.1647 -0.9974 0.1096 0.1666 -1.0038 0.1057 0.17 -1.0143 0.1006 0.1741 -1.0148 0.1056 0.169
69.0 -1.0366 0.097 0.1756 -0.9764 0.1302 0.1477 -0.9412 0.1252 0.1563 -0.935 0.1199 0.1623 -0.9349 0.1095 0.1729 -0.9456 0.0953 0.1864 -0.9789 0.1146 0.1634 -0.9769 0.1081 0.1702 -0.9798 0.0992 0.179 -0.986 0.0898 0.188 -0.9916 0.1017 0.1752
70.0 -1.0212 0.0948 0.1794 -0.9308 0.0911 0.1921 -0.9132 0.1057 0.1789 -0.9136 0.1185 0.1658 -0.9272 0.1258 0.157 -0.9571 0.1304 0.1494 -0.9579 0.0948 0.1857 -0.9615 0.1053 0.1746 -0.9698 0.1128 0.1661 -0.9823 0.119 0.1585 -0.9785 0.1053 0.1729
71.0 -0.9994 0.091 0.1854 -0.9497 0.1283 0.1523 -0.907 0.1255 0.1593 -0.8942 0.1181 0.1682 -0.8924 0.1079 0.1788 -0.9057 0.0933 0.1924 -0.953 0.112 0.1686 -0.9466 0.1055 0.1759 -0.9451 0.0972 0.1845 -0.9467 0.0865 0.1952 -0.9582 0.0984 0.1819
72.0 -0.9857 0.0929 0.1849 -0.9087 0.1051 0.18 -0.8803 0.1138 0.1739 -0.8757 0.1181 0.17 -0.8813 0.1149 0.1727 -0.9023 0.1041 0.1816 -0.9279 0.0995 0.1839 -0.9282 0.1013 0.182 -0.9326 0.1013 0.1816 -0.9394 0.0998 0.1825 -0.9428 0.0989 0.183
73.0 -0.9659 0.0907 0.1891 -0.9158 0.1255 0.1584 -0.8795 0.1243 0.1633 -0.8619 0.1194 0.1701 -0.8573 0.1084 0.1818 -0.8672 0.0893 0.2003 -0.9203 0.1115 0.1723 -0.912 0.1041 0.1808 -0.9086 0.0948 0.1906 -0.9086 0.085 0.2006 -0.9231 0.0972 0.1867
74.0 -0.952 0.0913 0.1898 -0.905 0.1343 0.1505 -0.8624 0.1273 0.162 -0.8479 0.12 0.1708 -0.8414 0.1081 0.1837 -0.8497 0.0899 0.2015 -0.9027 0.1114 0.1742 -0.8961 0.1038 0.1827 -0.8927 0.0945 0.1925 -0.8935 0.084 0.2032 -0.9074 0.097 0.1885
75.0 -0.9403 0.0899 0.1925 -0.8489 0.0955 0.1958 -0.84 0.1199 0.1717 -0.8326 0.1227 0.1696 -0.8329 0.1196 0.1727 -0.8464 0.1062 0.1851 -0.8828 0.1031 0.1846 -0.8802 0.1035 0.1845 -0.8817 0.102 0.1858 -0.8853 0.0973 0.1903 -0.8941 0.0992 0.1876
76.0 -0.9249 0.0925 0.1913 -0.8723 0.1387 0.1493 -0.828 0.1319 0.1607 -0.8187 0.124 0.1697 -0.8164 0.1109 0.1833 -0.8135 0.0942 0.2007 -0.8693 0.1165 0.1722 -0.8624 0.1071 0.1826 -0.8595 0.0959 0.1943 -0.8592 0.0837 0.2068 -0.8751 0.0992 0.1895
77.0 -0.9084 0.0936 0.1919 -0.8589 0.1375 0.1519 -0.8222 0.1339 0.1592 -0.8189 0.1252 0.1684 -0.8168 0.1132 0.1808 -0.8138 0.0959 0.1988 -0.8563 0.1177 0.1724 -0.8486 0.109 0.1821 -0.8449 0.0979 0.1938 -0.8444 0.0851 0.2069 -0.8605 0.1006 0.1894
77.0 -0.9084 0.0936 0.1919 -0.8589 0.1375 0.1519 -0.8222 0.1339 0.1592 -0.8189 0.1252 0.1684 -0.8168 0.1132 0.1808 -0.8138 0.0959 0.1988 -0.8563 0.1177 0.1724 -0.8486 0.109 0.1821 -0.8449 0.0979 0.1938 -0.8444 0.0851 0.2069 -0.8605 0.1006 0.1894
77.0 -0.9084 0.0936 0.1919 -0.8589 0.1375 0.1519 -0.8222 0.1339 0.1592 -0.8189 0.1252 0.1684 -0.8168 0.1132 0.1808 -0.8138 0.0959 0.1988 -0.8563 0.1177 0.1724 -0.8486 0.109 0.1821 -0.8449 0.0979 0.1938 -0.8444 0.0851 0.2069 -0.8605 0.1006 0.1894
77.0 -0.9084 0.0936 0.1919 -0.8589 0.1375 0.1519 -0.8222 0.1339 0.1592 -0.8189 0.1252 0.1684 -0.8168 0.1132 0.1808 -0.8138 0.0959 0.1988 -0.8563 0.1177 0.1724 -0.8486 0.109 0.1821 -0.8449 0.0979 0.1938 -0.8444 0.0851 0.2069 -0.8605 0.1006 0.1894
77.0 -0.9084 0.0936 0.1919 -0.8589 0.1375 0.1519 -0.8222 0.1339 0.1592 -0.8189 0.1252 0.1684 -0.8168 0.1132 0.1808 -0.8138 0.0959 0.1988 -0.8563 0.1177 0.1724 -0.8486 0.109 0.1821 -0.8449 0.0979 0.1938 -0.8444 0.0851 0.2069 -0.8605 0.1006 0.1894
77.0 -0.9084 0.0936 0.1919 -0.8589 0.1375 0.1519 -0.8222 0.1339 0.1592 -0.8189 0.1252 0.1684 -0.8168 0.1132 0.1808 -0.8138 0.0959 0.1988 -0.8563 0.1177 0.1724 -0.8486 0.109 0.1821 -0.8449 0.0979 0.1938 -0.8444 0.0851 0.2069 -0.8605 0.1006 0.1894
77.0 -0.9084 0.0936 0.1919 -0.8589 0.1375 0.1519 -0.8222 0.1339 0.1592 -0.8189 0.1252 0.1684 -0.8168 0.1132 0.1808 -0.8138 0.0959 0.1988 -0.8563 0.1177 0.1724 -0.8486 0.109 0.1821 -0.8449 0.0979 0.1938 -0.8444 0.0851 0.2069 -0.8605 0.1006 0.1894
77.0 -0.9084 0.0936 0.1919 -0.8589 0.1375 0.1519 -0.8222 0.1339 0.1592 -0.8189 0.1252 0.1684 -0.8168 0.1132 0.1808 -0.8138 0.0959 0.1988 -0.8563 0.1177 0.1724 -0.8486 0.109 0.1821 -0.8449 0.0979 0.1938 -0.8444 0.0851 0.2069 -0.8605 0.1006 0.1894
77.0 -0.9084 0.0936 0.1919 -0.8589 0.1375 0.1519 -0.8222 0.1339 0.1592 -0.8189 0.1252 0.1684 -0.8168 0.1132 0.1808 -0.8138 0.0959 0.1988 -0.8563 0.1177 0.1724 -0.8486 0.109 0.1821 -0.8449 0.0979 0.1938 -0.8444 0.0851 0.2069 -0.8605 0.1006 0.1894
77.0 -0.9084 0.0936 0.1919 -0.8589 0.1375 0.1519 -0.8222 0.1339 0.1592 -0.8189 0.1252 0.1684 -0.8168 0.1132 0.1808 -0.8138 0.0959 0.1988 -0.8563 0.1177 0.1724 -0.8486 0.109 0.1821 -0.8449 0.0979 0.1938 -0.8444 0.0851 0.2069 -0.8605 0.1006 0.1894
77.0 -0.9084 0.0936 0.1919 -0.8589 0.1375 0.1519 -0.8222 0.1339 0.1592 -0.8189 0.1252 0.1684 -0.8168 0.1132 0.1808 -0.8138 0.0959 0.1988 -0.8563 0.1177 0.1724 -0.8486 0.109 0.1821 -0.8449 0.0979 0.1938 -0.8444 0.0851 0.2069 -0.8605 0.1006 0.1894
77.0 -0.9084 0.0936 0.1919 -0.8589 0.1375 0.1519 -0.8222 0.1339 0.1592 -0.8189 0.1252 0.1684 -0.8168 0.1132 0.1808 -0.8138 0.0959 0.1988 -0.8563 0.1177 0.1724 -0.8486 0.109 0.1821 -0.8449 0.0979 0.1938 -0.8444 0.0851 0.2069 -0.8605 0.1006 0.1894
77.0 -0.9084 0.0936 0.1919 -0.8589 0.1375 0.1519 -0.8222 0.1339 0.1592 -0.8189 0.1252 0.1684 -0.8168 0.1132 0.1808 -0.8138 0.0959 0.1988 -0.8563 0.1177 0.1724 -0.8486 0.109 0.1821 -0.8449 0.0979 0.1938 -0.8444 0.0851 0.2069 -0.8605 0.1006 0.1894
77.0 -0.9084 0.0936 0.1919 -0.8589 0.1375 0.1519 -0.8222 0.1339 0.1592 -0.8189 0.1252 0.1684 -0.8168 0.1132 0.1808 -0.8138 0.0959 0.1988 -0.8563 0.1177 0.1724 -0.8486 0.109 0.1821 -0.8449 0.0979 0.1938 -0.8444 0.0851 0.2069 -0.8605 0.1006 0.1894
77.0 -0.9084 0.0936 0.1919 -0.8589 0.1375 0.1519 -0.8222 0.1339 0.1592 -0.8189 0.1252 0.1684 -0.8168 0.1132 0.1808 -0.8138 0.0959 0.1988 -0.8563 0.1177 0.1724 -0.8486 0.109 0.1821 -0.8449 0.0979 0.1938 -0.8444 0.0851 0.2069 -0.8605 0.1006 0.1894
77.0 -0.9084 0.0936 0.1919 -0.8589 0.1375 0.1519 -0.8222 0.1339 0.1592 -0.8189 0.1252 0.1684 -0.8168 0.1132 0.1808 -0.8138 0.0959 0.1988 -0.8563 0.1177 0.1724 -0.8486 0.109 0.1821 -0.8449 0.0979 0.1938 -0.8444 0.0851 0.2069 -0.8605 0.1006 0.1894
77.0 -0.9084 0.0936 0.1919 -0.8589 0.1375 0.1519 -0.8222 0.1339 0.1592 -0.8189 0.1252 0.1684 -0.8168 0.1132 0.1808 -0.8138 0.0959 0.1988 -0.8563 0.1177 0.1724 -0.8486 0.109 0.1821 -0.8449 0.0979 0.1938 -0.8444 0.0851 0.2069 -0.8605 0.1006 0.1894
77.0 -0.9084 0.0936 0.1919 -0.8589 0.1375 0.1519 -0.8222 0.1339 0.1592 -0.8189 0.1252 0.1684 -0.8168 0.1132 0.1808 -0.8138 0.0959 0.1988 -0.8563 0.1177 0.1724 -0.8486 0.109 0.1821 -0.8449 0.0979 0.1938 -0.8444 0.0851 0.2069 -0.8605 0.1006 0.1894
77.0 -0.9084 0.0936 0.1919 -0.8589 0.1375 0.1519 -0.8222 0.1339 0.1592 -0.8189 0.1252 0.1684 -0.8168 0.1132 0.1808 -0.8138 0.0959 0.1988 -0.8563 0.1177 0.1724 -0.8486 0.109 0.1821 -0.8449 0.0979 0.1938 -0.8444 0.0851 0.2069 -0.8605 0.1006 0.1894
77.0 -0.9084 0.0936 0.1919 -0.8589 0.1375 0.1519 -0.8222 0.1339 0.1592 -0.8189 0.1252 0.1684 -0.8168 0.1132 0.1808 -0.8138 0.0959 0.1988 -0.8563 0.1177 0.1724 -0.8486 0.109 0.1821 -0.8449 0.0979 0.1938 -0.8444 0.0851 0.2069 -0.8605 0.1006 0.1894
77.0 -0.9084 0.0936 0.1919 -0.8589 0.1375 0.1519 -0.8222 0.1339 0.1592 -0.8189 0.1252 0.1684 -0.8168 0.1132 0.1808 -0.8138 0.0959 0.1988 -0.8563 0.1177 0.1724 -0.8486 0.109 0.1821 -0.8449 0.0979 0.1938 -0.8444 0.0851 0.2069 -0.8605 0.1006 0.1894
77.0 -0.9084 0.0936 0.1919 -0.8589 0.1375 0.1519 -0.8222 0.1339 0.1592 -0.8189 0.1252 0.1684 -0.8168 0.1132 0.1808 -0.8138 0.0959 0.1988 -0.8563 0.1177 0.1724 -0.8486 0.109 0.1821 -0.8449 0.0979 0.1938 -0.8444 0.0851 0.2069 -0.8605 0.1006 0.1894
77.0 -0.9084 0.0936 0.1919 -0.8589 0.1375 0.1519 -0.8222 0.1339 0.1592 -0.8189 0.1252 0.1684 -0.8168 0.1132 0.1808 -0.8138 0.0959 0.1988 -0.8563 0.1177 0.1724 -0.8486 0.109 0.1821 -0.8449 0.0979 0.1938 -0.8444 0.0851 0.2069 -0.8605 0.1006 0.1894
77.0 -0.9084 0.0936 0.1919 -0.8589 0.1375 0.1519 -0.8222 0.1339 0.1592 -0.8189 0.1252 0.1684 -0.8168 0.1132 0.1808 -0.8138 0.0959 0.1988 -0.8563 0.1177 0.1724 -0.8486 0.109 0.1821 -0.8449 0.0979 0.1938 -0.8444 0.0851 0.2069 -0.8605 0.1006 0.1894
77.0 -0.9084 0.0936 0.1919 -0.8589 0.1375 0.1519 -0.8222 0.1339 0.1592 -0.8189 0.1252 0.1684 -0.8168 0.1132 0.1808 -0.8138 0.0959 0.1988 -0.8563 0.1177 0.1724 -0.8486 0.109 0.1821 -0.8449 0.0979 0.1938 -0.8444 0.0851 0.2069 -0.8605 0.1006 0.1894
77.0 -0.9084 0.0936 0.1919 -0.8589 0.1375 0.1519 -0.8222 0.1339 0.1592 -0.8189 0.1252 0.1684 -0.8168 0.1132 0.1808 -0.8138 0.0959 0.1988 -0.8563 0.1177 0.1724 -0.8486 0.109 0.1821 -0.8449 0.0979 0.1938 -0.8444 0.0851 0.2069 -0.8605 0.1006 0.1894
77.0 -0.9084 0.0936 0.1919 -0.8589 0.1375 0.1519 -0.8222 0.1339 0.1592 -0.8189 0.1252 0.1684 -0.8168 0.1132 0.1808 -0.8138 0.0959 0.1988 -0.8563 0.1177 0.1724 -0.8486 0.109 0.1821 -0.8449 0.0979 0.1938 -0.8444 0.0851 0.2069 -0.8605 0.1006 0.1894
77.0 -0.9084 0.0936 0.1919 -0.8589 0.1375 0.1519 -0.8222 0.1339 0.1592 -0.8189 0.1252 0.1684 -0.8168 0.1132 0.1808 -0.8138 0.0959 0.1988 -0.8563 0.1177 0.1724 -0.8486 0.109 0.1821 -0.8449 0.0979 0.1938 -0.8444 0.0851 0.2069 -0.8605 0.1006 0.1894
77.0 -0.9084 0.0936 0.1919 -0.8589 0.1375 0.1519 -0.8222 0.1339 0.1592 -0.8189 0.1252 0.1684 -0.8168 0.1132 0.1808 -0.8138 0.0959 0.1988 -0.8563 0.1177 0.1724 -0.8486 0.109 0.1821 -0.8449 0.0979 0.1938 -0.8444 0.0851 0.2069 -0.8605 0.1006 0.1894
77.0 -0.9084 0.0936 0.1919 -0.8589 0.1375 0.1519 -0.8222 0.1339 0.1592 -0.8189 0.1252 0.1684 -0.8168 0.1132 0.1808 -0.8138 0.0959 0.1988 -0.8563 0.1177 0.1724 -0.8486 0.109 0.1821 -0.8449 0.0979 0.1938 -0.8444 0.0851 0.2069 -0.8605 0.1006 0.1894
77.0 -0.9084 0.0936 0.1919 -0.8589 0.1375 0.1519 -0.8222 0.1339 0.1592 -0.8189 0.1252 0.1684 -0.8168 0.1132 0.1808 -0.8138 0.0959 0.1988 -0.8563 0.1177 0.1724 -0.8486 0.109 0.1821 -0.8449 0.0979 0.1938 -0.8444 0.0851 0.2069 -0.8605 0.1006 0.1894
77.0 -0.9084 0.0936 0.1919 -0.8589 0.1375 0.1519 -0.8222 0.1339 0.1592 -0.8189 0.1252 0.1684 -0.8168 0.1132 0.1808 -0.8138 0.0959 0.1988 -0.8563 0.1177 0.1724 -0.8486 0.109 0.1821 -0.8449 0.0979 0.1938 -0.8444 0.0851 0.2069 -0.8605 0.1006 0.1894
77.0 -0.9084 0.0936 0.1919 -0.8589 0.1375 0.1519 -0.8222 0.1339 0.1592 -0.8189 0.1252 0.1684 -0.8168 0.1132 0.1808 -0.8138 0.0959 0.1988 -0.8563 0.1177 0.1724 -0.8486 0.109 0.1821 -0.8449 0.0979 0.1938 -0.8444 0.0851 0.2069 -0.8605 0.1006 0.1894
77.0 -0.9084 0.0936 0.1919 -0.8589 0.1375 0.1519 -0.8222 0.1339 0.1592 -0.8189 0.1252 0.1684 -0.8168 0.1132 0.1808 -0.8138 0.0959 0.1988 -0.8563 0.1177 0.1724 -0.8486 0.109 0.1821 -0.8449 0.0979 0.1938 -0.8444 0.0851 0.2069 -0.8605 0.1006 0.1894
77.0 -0.9084 0.0936 0.1919 -0.8589 0.1375 0.1519 -0.8222 0.1339 0.1592 -0.8189 0.1252 0.1684 -0.8168 0.1132 0.1808 -0.8138 0.0959 0.1988 -0.8563 0.1177 0.1724 -0.8486 0.109 0.1821 -0.8449 0.0979 0.1938 -0.8444 0.0851 0.2069 -0.8605 0.1006 0.1894
77.0 -0.9084 0.0936 0.1919 -0.8589 0.1375 0.1519 -0.8222 0.1339 0.1592 -0.8189 0.1252 0.1684 -0.8168 0.1132 0.1808 -0.8138 0.0959 0.1988 -0.8563 0.1177 0.1724 -0.8486 0.109 0.1821 -0.8449 0.0979 0.1938 -0.8444 0.0851 0.2069 -0.8605 0.1006 0.1894
77.0 -0.9084 0.0936 0.1919 -0.8589 0.1375 0.1519 -0.8222 0.1339 0.1592 -0.8189 0.1252 0.1684 -0.8168 0.1132 0.1808 -0.8138 0.0959 0.1988 -0.8563 0.1177 0.1724 -0.8486 0.109 0.1821 -0.8449 0.0979 0.1938 -0.8444 0.0851 0.2069 -0.8605 0.1006 0.1894
77.0 -0.9084 0.0936 0.1919 -0.8589 0.1375 0.1519 -0.8222 0.1339 0.1592 -0.8189 0.1252 0.1684 -0.8168 0.1132 0.1808 -0.8138 0.0959 0.1988 -0.8563 0.1177 0.1724 -0.8486 0.109 0.1821 -0.8449 0.0979 0.1938 -0.8444 0.0851 0.2069 -0.8605 0.1006 0.1894
77.0 -0.9084 0.0936 0.1919 -0.8589 0.1375 0.1519 -0.8222 0.1339 0.1592 -0.8189 0.1252 0.1684 -0.8168 0.1132 0.1808 -0.8138 0.0959 0.1988 -0.8563 0.1177 0.1724 -0.8486 0.109 0.1821 -0.8449 0.0979 0.1938 -0.8444 0.0851 0.2069 -0.8605 0.1006 0.1894
77.0 -0.9084 0.0936 0.1919 -0.8589 0.1375 0.1519 -0.8222 0.1339 0.1592 -0.8189 0.1252 0.1684 -0.8168 0.1132 0.1808 -0.8138 0.0959 0.1988 -0.8563 0.1177 0.1724 -0.8486 0.109 0.1821 -0.8449 0.0979 0.1938 -0.8444 0.0851 0.2069 -0.8605 0.1006 0.1894
77.0 -0.9084 0.0936 0.1919 -0.8589 0.1375 0.1519 -0.8222 0.1339 0.1592 -0.8189 0.1252 0.1684 -0.8168 0.1132 0.1808 -0.8138 0.0959 0.1988 -0.8563 0.1177 0.1724 -0.8486 0.109 0.1821 -0.8449 0.0979 0.1938 -0.8444 0.0851 0.2069 -0.8605 0.1006 0.1894
77.0 -0.9084 0.0936 0.1919 -0.8589 0.1375 0.1519 -0.8222 0.1339 0.1592 -0.8189 0.1252 0.1684 -0.8168 0.1132 0.1808 -0.8138 0.0959 0.1988 -0.8563 0.1177 0.1724 -0.8486 0.109 0.1821 -0.8449 0.0979 0.1938 -0.8444 0.0851 0.2069 -0.8605 0.1006 0.1894
77.0 -0.9084 0.0936 0.1919 -0.8589 0.1375 0.1519 -0.8222 0.1339 0.1592 -0.8189 0.1252 0.1684 -0.8168 0.1132 0.1808 -0.8138 0.0959 0.1988 -0.8563 0.1177 0.1724 -0.8486 0.109 0.1821 -0.8449 0.0979 0.1938 -0.8444 0.0851 0.2069 -0.8605 0.1006 0.1894
77.0 -0.9084 0.0936 0.1919 -0.8589 0.1375 0.1519 -0.8222 0.1339 0.1592 -0.8189 0.1252 0.1684 -0.8168 0.1132 0.1808 -0.8138 0.0959 0.1988 -0.8563 0.1177 0.1724 -0.8486 0.109 0.1821 -0.8449 0.0979 0.1938 -0.8444 0.0851 0.2069 -0.8605 0.1006 0.1894
77.0 -0.9084 0.0936 0.1919 -0.8589 0.1375 0.1519 -0.8222 0.1339 0.1592 -0.8189 0.1252 0.1684 -0.8168 0.1132 0.1808 -0.8138 0.0959 0.1988 -0.8563 0.1177 0.1724 -0.8486 0.109 0.1821 -0.8449 0.0979 0.1938 -0.8444 0.0851 0.2069 -0.8605 0.1006 0.1894
77.0 -0.9084 0.0936 0.1919 -0.8589 0.1375 0.1519 -0.8222 0.1339 0.1592 -0.8189 0.1252 0.1684 -0.8168 0.1132 0.1808 -0.8138 0.0959 0.1988 -0.8563 0.1177 0.1724 -0.8486 0.109 0.1821 -0.8449 0.0979 0.1938 -0.8444 0.0851 0.2069 -0.8605 0.1006 0.1894
77.0 -0.9084 0.0936 0.1919 -0.8589 0.1375 0.1519 -0.8222 0.1339 0.1592 -0.8189 0.1252 0.1684 -0.8168 0.1132 0.1808 -0.8138 0.0959 0.1988 -0.8563 0.1177 0.1724 -0.8486 0.109 0.1821 -0.8449 0.0979 0.1938 -0.8444 0.0851 0.2069 -0.8605 0.1006 0.1894
77.0 -0.9084 0.0936 0.1919 -0.8589 0.1375 0.1519 -0.8222 0.1339 0.1592 -0.8189 0.1252 0.1684 -0.8168 0.1132 0.1808 -0.8138 0.0959 0.1988 -0.8563 0.1177 0.1724 -0.8486 0.109 0.1821 -0.8449 0.0979 0.1938 -0.8444 0.0851 0.2069 -0.8605 0.1006 0.1894
77.0 -0.9084 0.0936 0.1919 -0.8589 0.1375 0.1519 -0.8222 0.1339 0.1592 -0.8189 0.1252 0.1684 -0.8168 0.1132 0.1808 -0.8138 0.0959 0.1988 -0.8563 0.1177 0.1724 -0.8486 0.109 0.1821 -0.8449 0.0979 0.1938 -0.8444 0.0851 0.2069 -0.8605 0.1006 0.1894
77.0 -0.9084 0.0936 0.1919 -0.8589 0.1375 0.1519 -0.8222 0.1339 0.1592 -0.8189 0.1252 0.1684 -0.8168 0.1132 0.1808 -0.8138 0.0959 0.1988 -0.8563 0.1177 0.1724 -0.8486 0.109 0.1821 -0.8449 0.0979 0.1938 -0.8444 0.0851 0.2069 -0.8605 0.1006 0.1894
77.0 -0.9084 0.0936 0.1919 -0.8589 0.1375 0.1519 -0.8222 0.1339 0.1592 -0.8189 0.1252 0.1684 -0.8168 0.1132 0.1808 -0.8138 0.0959 0.1988 -0.8563 0.1177 0.1724 -0.8486 0.109 0.1821 -0.8449 0.0979 0.1938 -0.8444 0.0851 0.2069 -0.8605 0.1006 0.1894
77.0 -0.9084 0.0936 0.1919 -0.8589 0.1375 0.1519 -0.8222 0.1339 0.1592 -0.8189 0.1252 0.1684 -0.8168 0.1132 0.1808 -0.8138 0.0959 0.1988 -0.8563 0.1177 0.1724 -0.8486 0.109 0.1821 -0.8449 0.0979 0.1938 -0.8444 0.0851 0.2069 -0.8605 0.1006 0.1894
77.0 -0.9084 0.0936 0.1919 -0.8589 0.1375 0.1519 -0.8222 0.1339 0.1592 -0.8189 0.1252 0.1684 -0.8168 0.1132 0.1808 -0.8138 0.0959 0.1988 -0.8563 0.1177 0.1724 -0.8486 0.109 0.1821 -0.8449 0.0979 0.1938 -0.8444 0.0851 0.2069 -0.8605 0.1006 0.1894
130.0 -0.912 0.0741 0.2114 -0.816 0.0932 0.2014 -0.8249 0.0993 0.1943 -0.8348 0.1004 0.1921 -0.8418 0.1001 0.1918 -0.8463 0.1007 0.1907 -0.8352 0.0876 0.2053 -0.8383 0.0902 0.2023 -0.8448 0.0924 0.1994 -0.853 0.0937 0.1972 -0.8567 0.0876 0.2031
131.0 -0.9337 0.0675 0.216 -0.8317 0.0776 0.2158 -0.8226 0.1009 0.1929 -0.8319 0.1088 0.1839 -0.8415 0.1136 0.178 -0.862 0.1102 0.1795 -0.8637 0.0794 0.2107 -0.8708 0.0846 0.2048 -0.8802 0.0882 0.2001 -0.891 0.0898 0.1974 -0.8879 0.0819 0.2058
132.0 -0.9528 0.0656 0.2161 -0.8439 0.0717 0.2206 -0.8403 0.0966 0.1955 -0.8481 0.106 0.1852 -0.8569 0.1109 0.1793 -0.8785 0.1086 0.1795 -0.883 0.0744 0.214 -0.8896 0.0814 0.2061 -0.8975 0.0865 0.2002 -0.9067 0.0889 0.1968 -0.9059 0.0794 0.2066
133.0 -0.9661 0.0613 0.2191 -0.8594 0.0702 0.2206 -0.8484 0.0876 0.2039 -0.8549 0.0996 0.191 -0.8711 0.1065 0.1823 -0.8926 0.1091 0.1775 -0.8935 0.0687 0.2188 -0.9011 0.0768 0.2097 -0.911 0.0834 0.202 -0.9241 0.0878 0.1962 -0.9191 0.0756 0.2091
134.0 -0.9847 0.057 0.2217 -0.8702 0.0663 0.2235 -0.8644 0.0885 0.2014 -0.8786 0.0994 0.1888 -0.8946 0.1052 0.1813 -0.9212 0.1065 0.1774 -0.91 0.0677 0.2182 -0.9202 0.0755 0.2092 -0.9337 0.0822 0.201 -0.9487 0.0875 0.1941 -0.9394 0.074 0.2088
135.0 -1.0023 0.0571 0.2199 -0.8904 0.0661 0.2218 -0.8821 0.0843 0.204 -0.8957 0.0965 0.1901 -0.9109 0.103 0.182 -0.933 0.1037 0.1791 -0.9273 0.066 0.2182 -0.9368 0.0751 0.208 -0.9486 0.082 0.1997 -0.9609 0.0871 0.1933 -0.9552 0.0734 0.2078
136.0 -1.0153 0.0559 0.2197 -0.91 0.0628 0.2232 -0.9001 0.0861 0.2003 -0.9096 0.0952 0.19 -0.9246 0.1005 0.1831 -0.9506 0.0983 0.1829 -0.9449 0.066 0.2164 -0.9542 0.0739 0.2074 -0.9658 0.0797 0.2003 -0.9795 0.0827 0.1959 -0.9719 0.0717 0.2079
137.0 -1.0336 0.0553 0.2186 -0.9286 0.0633 0.2208 -0.9221 0.0813 0.203 -0.9302 0.0924 0.1908 -0.9414 0.0964 0.1857 -0.9602 0.0933 0.187 -0.9652 0.0615 0.2191 -0.9725 0.0678 0.2118 -0.9814 0.0733 0.2053 -0.9917 0.0768 0.2007 -0.9889 0.0669 0.2111
138.0 -1.0532 0.0563 0.2156 -0.9805 0.0783 0.2003 -0.9614 0.095 0.1852 -0.9522 0.0925 0.1886 -0.9449 0.0862 0.1958 -0.9456 0.0647 0.2177 -0.9967 0.0755 0.2015 -0.9933 0.0711 0.2064 -0.9904 0.0648 0.2132 -0.9899 0.0569 0.2213 -1.0047 0.0649 0.2116
139.0 -1.0802 0.0551 0.2141 -0.9766 0.066 0.2132 -0.9692 0.0792 0.2005 -0.9735 0.0884 0.1906 -0.9813 0.088 0.1903 -0.9911 0.0787 0.1988 -1.0105 0.059 0.2171 -1.0155 0.062 0.2135 -1.0214 0.0655 0.2094 -1.0278 0.0671 0.2071 -1.0311 0.0617 0.2122
140.0 -1.1011 0.059 0.2081 -0.9947 0.0691 0.2083 -1.0009 0.0896 0.1867 -1.0062 0.0944 0.1813 -1.0125 0.0954 0.1797 -1.0237 0.0939 0.1801 -1.0297 0.068 0.2059 -1.034 0.0723 0.2011 -1.0407 0.0757 0.197 -1.049 0.0776 0.1942 -1.0509 0.0705 0.2013
141.0 -1.1273 0.0628 0.2016 -1.0144 0.0762 0.1991 -1.03 0.09 0.1835 -1.0375 0.0926 0.18 -1.0465 0.0932 0.1785 -1.0541 0.0965 0.1744 -1.0392 0.0771 0.1957 -1.0463 0.0823 0.1897 -1.0549 0.086 0.1851 -1.0648 0.0877 0.1823 -1.0665 0.0792 0.1909
142.0 -1.1508 0.0663 0.1956 -1.041 0.0824 0.1901 -1.064 0.0927 0.1773 -1.0689 0.0957 0.1737 -1.0767 0.0953 0.1734 -1.0816 0.0983 0.1699 -1.0622 0.0777 0.1928 -1.0674 0.0825 0.1874 -1.0743 0.0864 0.1827 -1.0819 0.0897 0.1786 -1.0873 0.0805 0.1874
143.0 -1.1701 0.0711 0.1889 -1.0705 0.0851 0.1844 -1.0794 0.1004 0.1679 -1.0844 0.104 0.1637 -1.0927 0.1059 0.1609 -1.0987 0.11 0.1562 -1.0934 0.0851 0.1822 -1.0987 0.0905 0.1761 -1.1074 0.0948 0.1709 -1.1167 0.0978 0.1668 -1.1173 0.0878 0.177
143.0 -1.1701 0.0711 0.1889 -1.0705 0.0851 0.1844 -1.0794 0.1004 0.1679 -1.0844 0.104 0.1637 -1.0927 0.1059 0.1609 -1.0987 0.11 0.1562 -1.0934 0.0851 0.1822 -1.0987 0.0905 0.1761 -1.1074 0.0948 0.1709 -1.1167 0.0978 0.1668 -1.1173 0.0878 0.177
143.0 -1.1701 0.0711 0.1889 -1.0705 0.0851 0.1844 -1.0794 0.1004 0.1679 -1.0844 0.104 0.1637 -1.0927 0.1059 0.1609 -1.0987 0.11 0.1562 -1.0934 0.0851 0.1822 -1.0987 0.0905 0.1761 -1.1074 0.0948 0.1709 -1.1167 0.0978 0.1668 -1.1173 0.0878 0.177
143.0 -1.1701 0.0711 0.1889 -1.0705 0.0851 0.1844 -1.0794 0.1004 0.1679 -1.0844 0.104 0.1637 -1.0927 0.1059 0.1609 -1.0987 0.11 0.1562 -1.0934 0.0851 0.1822 -1.0987 0.0905 0.1761 -1.1074 0.0948 0.1709 -1.1167 0.0978 0.1668 -1.1173 0.0878 0.177
143.0 -1.1701 0.0711 0.1889 -1.0705 0.0851 0.1844 -1.0794 0.1004 0.1679 -1.0844 0.104 0.1637 -1.0927 0.1059 0.1609 -1.0987 0.11 0.1562 -1.0934 0.0851 0.1822 -1.0987 0.0905 0.1761 -1.1074 0.0948 0.1709 -1.1167 0.0978 0.1668 -1.1173 0.0878 0.177
143.0 -1.1701 0.0711 0.1889 -1.0705 0.0851 0.1844 -1.0794 0.1004 0.1679 -1.0844 0.104 0.1637 -1.0927 0.1059 0.1609 -1.0987 0.11 0.1562 -1.0934 0.0851 0.1822 -1.0987 0.0905 0.1761 -1.1074 0.0948 0.1709 -1.1167 0.0978 0.1668 -1.1173 0.0878 0.177
149.0 -1.2297 0.11 0.1431 -1.2066 0.1486 0.106 -1.2021 0.148 0.1071 -1.2022 0.1437 0.1115 -1.2025 0.1406 0.1146 -1.2035 0.1362 0.119 -1.1994 0.138 0.1176 -1.196 0.1335 0.1225 -1.196 0.1286 0.1275 -1.1968 0.123 0.1331 -1.2036 0.1266 0.1287
149.0 -1.2297 0.11 0.1431 -1.2066 0.1486 0.106 -1.2021 0.148 0.1071 -1.2022 0.1437 0.1115 -1.2025 0.1406 0.1146 -1.2035 0.1362 0.119 -1.1994 0.138 0.1176 -1.196 0.1335 0.1225 -1.196 0.1286 0.1275 -1.1968 0.123 0.1331 -1.2036 0.1266 0.1287
149.0 -1.2297 0.11 0.1431 -1.2066 0.1486 0.106 -1.2021 0.148 0.1071 -1.2022 0.1437 0.1115 -1.2025 0.1406 0.1146 -1.2035 0.1362 0.119 -1.1994 0.138 0.1176 -1.196 0.1335 0.1225 -1.196 0.1286 0.1275 -1.1968 0.123 0.1331 -1.2036 0.1266 0.1287
149.0 -1.2297 0.11 0.1431 -1.2066 0.1486 0.106 -1.2021 0.148 0.1071 -1.2022 0.1437 0.1115 -1.2025 0.1406 0.1146 -1.2035 0.1362 0.119 -1.1994 0.138 0.1176 -1.196 0.1335 0.1225 -1.196 0.1286 0.1275 -1.1968 0.123 0.1331 -1.2036 0.1266 0.1287
149.0 -1.2297 0.11 0.1431 -1.2066 0.1486 0.106 -1.2021 0.148 0.1071 -1.2022 0.1437 0.1115 -1.2025 0.1406 0.1146 -1.2035 0.1362 0.119 -1.1994 0.138 0.1176 -1.196 0.1335 0.1225 -1.196 0.1286 0.1275 -1.1968 0.123 0.1331 -1.2036 0.1266 0.1287
149.0 -1.2297 0.11 0.1431 -1.2066 0.1486 0.106 -1.2021 0.148 0.1071 -1.2022 0.1437 0.1115 -1.2025 0.1406 0.1146 -1.2035 0.1362 0.119 -1.1994 0.138 0.1176 -1.196 0.1335 0.1225 -1.196 0.1286 0.1275 -1.1968 0.123 0.1331 -1.2036 0.1266 0.1287
149.0 -1.2297 0.11 0.1431 -1.2066 0.1486 0.106 -1.2021 0.148 0.1071 -1.2022 0.1437 0.1115 -1.2025 0.1406 0.1146 -1.2035 0.1362 0.119 -1.1994 0.138 0.1176 -1.196 0.1335 0.1225 -1.196 0.1286 0.1275 -1.1968 0.123 0.1331 -1.2036 0.1266 0.1287
149.0 -1.2297 0.11 0.1431 -1.2066 0.1486 0.106 -1.2021 0.148 0.1071 -1.2022 0.1437 0.1115 -1.2025 0.1406 0.1146 -1.2035 0.1362 0.119 -1.1994 0.138 0.1176 -1.196 0.1335 0.1225 -1.196 0.1286 0.1275 -1.1968 0.123 0.1331 -1.2036 0.1266 0.1287
149.0 -1.2297 0.11 0.1431 -1.2066 0.1486 0.106 -1.2021 0.148 0.1071 -1.2022 0.1437 0.1115 -1.2025 0.1406 0.1146 -1.2035 0.1362 0.119 -1.1994 0.138 0.1176 -1.196 0.1335 0.1225 -1.196 0.1286 0.1275 -1.1968 0.123 0.1331 -1.2036 0.1266 0.1287
149.0 -1.2297 0.11 0.1431 -1.2066 0.1486 0.106 -1.2021 0.148 0.1071 -1.2022 0.1437 0.1115 -1.2025 0.1406 0.1146 -1.2035 0.1362 0.119 -1.1994 0.138 0.1176 -1.196 0.1335 0.1225 -1.196 0.1286 0.1275 -1.1968 0.123 0.1331 -1.2036 0.1266 0.1287
149.0 -1.2297 0.11 0.1431 -1.2066 0.1486 0.106 -1.2021 0.148 0.1071 -1.2022 0.1437 0.1115 -1.2025 0.1406 0.1146 -1.2035 0.1362 0.119 -1.1994 0.138 0.1176 -1.196 0.1335 0.1225 -1.196 0.1286 0.1275 -1.1968 0.123 0.1331 -1.2036 0.1266 0.1287
149.0 -1.2297 0.11 0.1431 -1.2066 0.1486 0.106 -1.2021 0.148 0.1071 -1.2022 0.1437 0.1115 -1.2025 0.1406 0.1146 -1.2035 0.1362 0.119 -1.1994 0.138 0.1176 -1.196 0.1335 0.1225 -1.196 0.1286 0.1275 -1.1968 0.123 0.1331 -1.2036 0.1266 0.1287
149.0 -1.2297 0.11 0.1431 -1.2066 0.1486 0.106 -1.2021 0.148 0.1071 -1.2022 0.1437 0.1115 -1.2025 0.1406 0.1146 -1.2035 0.1362 0.119 -1.1994 0.138 0.1176 -1.196 0.1335 0.1225 -1.196 0.1286 0.1275 -1.1968 0.123 0.1331 -1.2036 0.1266 0.1287
149.0 -1.2297 0.11 0.1431 -1.2066 0.1486 0.106 -1.2021 0.148 0.1071 -1.2022 0.1437 0.1115 -1.2025 0.1406 0.1146 -1.2035 0.1362 0.119 -1.1994 0.138 0.1176 -1.196 0.1335 0.1225 -1.196 0.1286 0.1275 -1.1968 0.123 0.1331 -1.2036 0.1266 0.1287
149.0 -1.2297 0.11 0.1431 -1.2066 0.1486 0.106 -1.2021 0.148 0.1071 -1.2022 0.1437 0.1115 -1.2025 0.1406 0.1146 -1.2035 0.1362 0.119 -1.1994 0.138 0.1176 -1.196 0.1335 0.1225 -1.196 0.1286 0.1275 -1.1968 0.123 0.1331 -1.2036 0.1266 0.1287
149.0 -1.2297 0.11 0.1431 -1.2066 0.1486 0.106 -1.2021 0.148 0.1071 -1.2022 0.1437 0.1115 -1.2025 0.1406 0.1146 -1.2035 0.1362 0.119 -1.1994 0.138 0.1176 -1.196 0.1335 0.1225 -1.196 0.1286 0.1275 -1.1968 0.123 0.1331 -1.2036 0.1266 0.1287
149.0 -1.2297 0.11 0.1431 -1.2066 0.1486 0.106 -1.2021 0.148 0.1071 -1.2022 0.1437 0.1115 -1.2025 0.1406 0.1146 -1.2035 0.1362 0.119 -1.1994 0.138 0.1176 -1.196 0.1335 0.1225 -1.196 0.1286 0.1275 -1.1968 0.123 0.1331 -1.2036 0.1266 0.1287
149.0 -1.2297 0.11 0.1431 -1.2066 0.1486 0.106 -1.2021 0.148 0.1071 -1.2022 0.1437 0.1115 -1.2025 0.1406 0.1146 -1.2035 0.1362 0.119 -1.1994 0.138 0.1176 -1.196 0.1335 0.1225 -1.196 0.1286 0.1275 -1.1968 0.123 0.1331 -1.2036 0.1266 0.1287
149.0 -1.2297 0.11 0.1431 -1.2066 0.1486 0.106 -1.2021 0.148 0.1071 -1.2022 0.1437 0.1115 -1.2025 0.1406 0.1146 -1.2035 0.1362 0.119 -1.1994 0.138 0.1176 -1.196 0.1335 0.1225 -1.196 0.1286 0.1275 -1.1968 0.123 0.1331 -1.2036 0.1266 0.1287
149.0 -1.2297 0.11 0.1431 -1.2066 0.1486 0.106 -1.2021 0.148 0.1071 -1.2022 0.1437 0.1115 -1.2025 0.1406 0.1146 -1.2035 0.1362 0.119 -1.1994 0.138 0.1176 -1.196 0.1335 0.1225 -1.196 0.1286 0.1275 -1.1968 0.123 0.1331 -1.2036 0.1266 0.1287
149.0 -1.2297 0.11 0.1431 -1.2066 0.1486 0.106 -1.2021 0.148 0.1071 -1.2022 0.1437 0.1115 -1.2025 0.1406 0.1146 -1.2035 0.1362 0.119 -1.1994 0.138 0.1176 -1.196 0.1335 0.1225 -1.196 0.1286 0.1275 -1.1968 0.123 0.1331 -1.2036 0.1266 0.1287
149.0 -1.2297 0.11 0.1431 -1.2066 0.1486 0.106 -1.2021 0.148 0.1071 -1.2022 0.1437 0.1115 -1.2025 0.1406 0.1146 -1.2035 0.1362 0.119 -1.1994 0.138 0.1176 -1.196 0.1335 0.1225 -1.196 0.1286 0.1275 -1.1968 0.123 0.1331 -1.2036 0.1266 0.1287
149.0 -1.2297 0.11 0.1431 -1.2066 0.1486 0.106 -1.2021 0.148 0.1071 -1.2022 0.1437 0.1115 -1.2025 0.1406 0.1146 -1.2035 0.1362 0.119 -1.1994 0.138 0.1176 -1.196 0.1335 0.1225 -1.196 0.1286 0.1275 -1.1968 0.123 0.1331 -1.2036 0.1266 0.1287
149.0 -1.2297 0.11 0.1431 -1.2066 0.1486 0.106 -1.2021 0.148 0.1071 -1.2022 0.1437 0.1115 -1.2025 0.1406 0.1146 -1.2035 0.1362 0.119 -1.1994 0.138 0.1176 -1.196 0.1335 0.1225 -1.196 0.1286 0.1275 -1.1968 0.123 0.1331 -1.2036 0.1266 0.1287
149.0 -1.2297 0.11 0.1431 -1.2066 0.1486 0.106 -1.2021 0.148 0.1071 -1.2022 0.1437 0.1115 -1.2025 0.1406 0.1146 -1.2035 0.1362 0.119 -1.1994 0.138 0.1176 -1.196 0.1335 0.1225 -1.196 0.1286 0.1275 -1.1968 0.123 0.1331 -1.2036 0.1266 0.1287
149.0 -1.2297 0.11 0.1431 -1.2066 0.1486 0.106 -1.2021 0.148 0.1071 -1.2022 0.1437 0.1115 -1.2025 0.1406 0.1146 -1.2035 0.1362 0.119 -1.1994 0.138 0.1176 -1.196 0.1335 0.1225 -1.196 0.1286 0.1275 -1.1968 0.123 0.1331 -1.2036 0.1266 0.1287
149.0 -1.2297 0.11 0.1431 -1.2066 0.1486 0.106 -1.2021 0.148 0.1071 -1.2022 0.1437 0.1115 -1.2025 0.1406 0.1146 -1.2035 0.1362 0.119 -1.1994 0.138 0.1176 -1.196 0.1335 0.1225 -1.196 0.1286 0.1275 -1.1968 0.123 0.1331 -1.2036 0.1266 0.1287
149.0 -1.2297 0.11 0.1431 -1.2066 0.1486 0.106 -1.2021 0.148 0.1071 -1.2022 0.1437 0.1115 -1.2025 0.1406 0.1146 -1.2035 0.1362 0.119 -1.1994 0.138 0.1176 -1.196 0.1335 0.1225 -1.196 0.1286 0.1275 -1.1968 0.123 0.1331 -1.2036 0.1266 0.1287
149.0 -1.2297 0.11 0.1431 -1.2066 0.1486 0.106 -1.2021 0.148 0.1071 -1.2022 0.1437 0.1115 -1.2025 0.1406 0.1146 -1.2035 0.1362 0.119 -1.1994 0.138 0.1176 -1.196 0.1335 0.1225 -1.196 0.1286 0.1275 -1.1968 0.123 0.1331 -1.2036 0.1266 0.1287
149.0 -1.2297 0.11 0.1431 -1.2066 0.1486 0.106 -1.2021 0.148 0.1071 -1.2022 0.1437 0.1115 -1.2025 0.1406 0.1146 -1.2035 0.1362 0.119 -1.1994 0.138 0.1176 -1.196 0.1335 0.1225 -1.196 0.1286 0.1275 -1.1968 0.123 0.1331 -1.2036 0.1266 0.1287
149.0 -1.2297 0.11 0.1431 -1.2066 0.1486 0.106 -1.2021 0.148 0.1071 -1.2022 0.1437 0.1115 -1.2025 0.1406 0.1146 -1.2035 0.1362 0.119 -1.1994 0.138 0.1176 -1.196 0.1335 0.1225 -1.196 0.1286 0.1275 -1.1968 0.123 0.1331 -1.2036 0.1266 0.1287
149.0 -1.2297 0.11 0.1431 -1.2066 0.1486 0.106 -1.2021 0.148 0.1071 -1.2022 0.1437 0.1115 -1.2025 0.1406 0.1146 -1.2035 0.1362 0.119 -1.1994 0.138 0.1176 -1.196 0.1335 0.1225 -1.196 0.1286 0.1275 -1.1968 0.123 0.1331 -1.2036 0.1266 0.1287
149.0 -1.2297 0.11 0.1431 -1.2066 0.1486 0.106 -1.2021 0.148 0.1071 -1.2022 0.1437 0.1115 -1.2025 0.1406 0.1146 -1.2035 0.1362 0.119 -1.1994 0.138 0.1176 -1.196 0.1335 0.1225 -1.196 0.1286 0.1275 -1.1968 0.123 0.1331 -1.2036 0.1266 0.1287
149.0 -1.2297 0.11 0.1431 -1.2066 0.1486 0.106 -1.2021 0.148 0.1071 -1.2022 0.1437 0.1115 -1.2025 0.1406 0.1146 -1.2035 0.1362 0.119 -1.1994 0.138 0.1176 -1.196 0.1335 0.1225 -1.196 0.1286 0.1275 -1.1968 0.123 0.1331 -1.2036 0.1266 0.1287
149.0 -1.2297 0.11 0.1431 -1.2066 0.1486 0.106 -1.2021 0.148 0.1071 -1.2022 0.1437 0.1115 -1.2025 0.1406 0.1146 -1.2035 0.1362 0.119 -1.1994 0.138 0.1176 -1.196 0.1335 0.1225 -1.196 0.1286 0.1275 -1.1968 0.123 0.1331 -1.2036 0.1266 0.1287
149.0 -1.2297 0.11 0.1431 -1.2066 0.1486 0.106 -1.2021 0.148 0.1071 -1.2022 0.1437 0.1115 -1.2025 0.1406 0.1146 -1.2035 0.1362 0.119 -1.1994 0.138 0.1176 -1.196 0.1335 0.1225 -1.196 0.1286 0.1275 -1.1968 0.123 0.1331 -1.2036 0.1266 0.1287
149.0 -1.2297 0.11 0.1431 -1.2066 0.1486 0.106 -1.2021 0.148 0.1071 -1.2022 0.1437 0.1115 -1.2025 0.1406 0.1146 -1.2035 0.1362 0.119 -1.1994 0.138 0.1176 -1.196 0.1335 0.1225 -1.196 0.1286 0.1275 -1.1968 0.123 0.1331 -1.2036 0.1266 0.1287
